1.0000e+00 9.0008e-01 -2.2000e-01 -3.8080e-01 9.0008e-01 -7.5788e-02 -7.6279e-02 2.7482e-01 -9.6159e-02 -7.3182e-02 7.6891e-02 9.5319e-02 5.2546e-01 4.2198e-01 4.7451e-01 3.5954e-03 1.8622e-01 4.7747e-01 5.5733e-01 1.0528e-01
9.0008e-01 1.0000e+00 -2.2091e-01 -3.7467e-01 9.9010e-01 -7.3777e-02 -8.7176e-02 2.6927e-01 -9.2320e-02 -8.2800e-02 6.2264e-02 1.0033e-01 5.2834e-01 4.3686e-01 4.8037e-01 1.1833e-02 1.7236e-01 4.7847e-01 5.5765e-01 1.1692e-01
-2.2000e-01 -2.2091e-01 1.0000e+00 5.6030e-01 -2.2091e-01 -4.2259e-02 -5.7941e-02 -6.2366e-02 5.0760e-01 -6.2366e-02 -3.7706e-02 1.4544e-01 1.4981e-01 7.0409e-02 1.6541e-01 3.1853e-01 -4.2259e-02 1.6444e-01 -4.8626e-02 -2.5364e-01
-3.8080e-01 -3.7467e-01 5.6030e-01 1.0000e+00 -3.7957e-01 -1.9163e-02 -8.9565e-02 -1.1131e-01 2.8679e-01 -9.8392e-02 -3.0889e-01 3.9769e-02 -9.2483e-02 1.3535e-01 -9.0374e-02 9.9691e-02 -7.5422e-02 -9.1681e-02 -1.8951e-01 -4.0211e-01
9.0008e-01 9.9010e-01 -2.2091e-01 -3.7957e-01 1.0000e+00 -7.3777e-02 -8.7176e-02 2.6927e-01 -9.2320e-02 -8.2800e-02 6.2264e-02 1.0033e-01 5.3317e-01 4.4133e-01 4.8037e-01 1.1833e-02 1.7236e-01 4.8341e-01 5.5765e-01 1.1692e-01
-7.5788e-02 -7.3777e-02 -4.2259e-02 -1.9163e-02 -7.3777e-02 1.0000e+00 -1.9350e-02 -2.0828e-02 -2.4174e-02 -2.0828e-02 -1.8667e-01 -1.8965e-02 -7.8177e-02 1.0411e-01 -7.3777e-02 -3.9905e-02 -1.4113e-02 -7.3959e-02 -5.4893e-02 8.5826e-02
-7.6279e-02 -8.7176e-02 -5.7941e-02 -8.9565e-02 -8.7176e-02 -1.9350e-02 1.0000e+00 -2.8557e-02 -3.3145e-02 8.9222e-01 1.0366e-01 -2.6002e-02 -1.0719e-01 -1.7322e-01 -1.0115e-01 -5.4713e-02 -1.9350e-02 -1.0140e-01 -7.5263e-02 1.0448e-01
2.7482e-01 2.6927e-01 -6.2366e-02 -1.1131e-01 2.6927e-01 -2.0828e-02 -2.8557e-02 1.0000e+00 -3.5676e-02 -3.0738e-02 1.1158e-01 -2.7988e-02 2.6642e-01 1.5365e-01 2.8231e-01 -5.8891e-02 5.7782e-01 2.8161e-01 3.7943e-01 1.2666e-01
-9.6159e-02 -9.2320e-02 5.0760e-01 2.8679e-01 -9.2320e-02 -2.4174e-02 -3.3145e-02 -3.5676e-02 1.0000e+00 -3.5676e-02 -1.0635e-01 -3.2485e-02 -1.3391e-01 -2.2193e-01 -1.2637e-01 -6.8353e-02 -2.4174e-02 -1.2669e-01 -9.4027e-02 -7.8044e-02
-7.3182e-02 -8.2800e-02 -6.2366e-02 -9.8392e-02 -8.2800e-02 -2.0828e-02 8.9222e-01 -3.0738e-02 -3.5676e-02 1.0000e+00 1.1158e-01 -2.7988e-02 -1.1537e-01 -1.8827e-01 -1.0888e-01 -5.8891e-02 -2.0828e-02 -1.0915e-01 -8.1011e-02 1.1435e-01
7.6891e-02 6.2264e-02 -3.7706e-02 -3.0889e-01 6.2264e-02 -1.8667e-01 1.0366e-01 1.1158e-01 -1.0635e-01 1.1158e-01 1.0000e+00 1.0160e-01 3.9013e-01 -4.6476e-01 3.6585e-01 1.6288e-01 7.5605e-02 3.6686e-01 2.9407e-01 5.6192e-01
9.5319e-02 1.0033e-01 1.4544e-01 3.9769e-02 1.0033e-01 -1.8965e-02 -2.6002e-02 -2.7988e-02 -3.2485e-02 -2.7988e-02 1.0160e-01 1.0000e+00 2.4259e-01 1.3990e-01 2.5705e-01 -5.3623e-02 -1.8965e-02 2.5642e-01 3.4548e-01 1.1533e-01
5.2546e-01 5.2834e-01 1.4981e-01 -9.2483e-02 5.3317e-01 -7.8177e-02 -1.0719e-01 2.6642e-01 -1.3391e-01 -1.1537e-01 3.9013e-01 2.4259e-01 1.0000e+00 5.7670e-01 9.4372e-01 5.0327e-01 1.8053e-01 9.4605e-01 7.0217e-01 5.7206e-03
4.2198e-01 4.3686e-01 7.0409e-02 1.3535e-01 4.4133e-01 1.0411e-01 -1.7322e-01 1.5365e-01 -2.2193e-01 -1.8827e-01 -4.6476e-01 1.3990e-01 5.7670e-01 1.0000e+00 5.4425e-01 2.9437e-01 1.0411e-01 5.4559e-01 4.0494e-01 -4.3457e-01
4.7451e-01 4.8037e-01 1.6541e-01 -9.0374e-02 4.8037e-01 -7.3777e-02 -1.0115e-01 2.8231e-01 -1.2637e-01 -1.0888e-01 3.6585e-01 2.5705e-01 9.4372e-01 5.4425e-01 1.0000e+00 5.3354e-01 1.9129e-01 9.9753e-01 7.4404e-01 -2.3251e-02
3.5954e-03 1.1833e-02 3.1853e-01 9.9691e-02 1.1833e-02 -3.9905e-02 -5.4713e-02 -5.8891e-02 -6.8353e-02 -5.8891e-02 1.6288e-01 -5.3623e-02 5.0327e-01 2.9437e-01 5.3354e-01 1.0000e+00 -3.9905e-02 5.3221e-01 -1.5521e-01 -4.5801e-01
1.8622e-01 1.7236e-01 -4.2259e-02 -7.5422e-02 1.7236e-01 -1.4113e-02 -1.9350e-02 5.7782e-01 -2.4174e-02 -2.0828e-02 7.5605e-02 -1.8965e-02 1.8053e-01 1.0411e-01 1.9129e-01 -3.9905e-02 1.0000e+00 1.9082e-01 2.5710e-01 8.5826e-02
4.7747e-01 4.7847e-01 1.6444e-01 -9.1681e-02 4.8341e-01 -7.3959e-02 -1.0140e-01 2.8161e-01 -1.2669e-01 -1.0915e-01 3.6686e-01 2.5642e-01 9.4605e-01 5.4559e-01 9.9753e-01 5.3221e-01 1.9082e-01 1.0000e+00 7.4221e-01 -2.6292e-02
5.5733e-01 5.5765e-01 -4.8626e-02 -1.8951e-01 5.5765e-01 -5.4893e-02 -7.5263e-02 3.7943e-01 -9.4027e-02 -8.1011e-02 2.9407e-01 3.4548e-01 7.0217e-01 4.0494e-01 7.4404e-01 -1.5521e-01 2.5710e-01 7.4221e-01 1.0000e+00 3.3382e-01
1.0528e-01 1.1692e-01 -2.5364e-01 -4.0211e-01 1.1692e-01 8.5826e-02 1.0448e-01 1.2666e-01 -7.8044e-02 1.1435e-01 5.6192e-01 1.1533e-01 5.7206e-03 -4.3457e-01 -2.3251e-02 -4.5801e-01 8.5826e-02 -2.6292e-02 3.3382e-01 1.0000e+00
