1.0000e+00 -7.7963e-02 -1.6952e-01 -2.1034e-02 7.1300e-03 -2.3494e-03 1.4520e-02 2.2138e-03 -1.5646e-02 -3.3739e-03 -6.1236e-02 1.6375e-02 -7.6084e-02 -4.1439e-02 -2.9607e-02 1.1452e-02 -8.4897e-02 -1.8583e-02 6.3164e-02 -4.9794e-02 3.8264e-02 -1.8274e-02 1.2929e-02
-7.7963e-02 1.0000e+00 -2.2124e-02 -3.3460e-02 -3.9636e-02 -1.1415e-02 -4.0140e-02 -4.6993e-03 -2.4890e-02 1.5809e-01 -1.3216e-01 -1.2203e-02 -1.4144e-01 -2.0251e-02 -5.5630e-02 -2.5967e-02 -1.4007e-02 8.9345e-02 -1.0326e-02 8.3907e-03 2.4272e-02 4.8639e-03 -5.7231e-02
-1.6952e-01 -2.2124e-02 1.0000e+00 -1.1385e-01 1.2838e-01 1.0062e-01 1.1970e-01 8.9905e-02 -5.5954e-02 1.6712e-01 -1.2477e-01 4.1812e-02 -7.9043e-02 1.4652e-01 8.5878e-02 5.9026e-02 5.5263e-02 8.7727e-02 -3.9806e-02 9.8502e-02 5.0829e-02 8.4708e-02 2.1254e-03
-2.1034e-02 -3.3460e-02 -1.1385e-01 1.0000e+00 -3.4634e-02 -1.4533e-02 -3.2949e-02 -1.3532e-02 -6.7149e-03 -2.8774e-02 -4.2541e-02 -1.0871e-02 -5.5800e-02 -2.5783e-02 -2.7736e-02 6.8605e-02 -5.5073e-02 -5.5066e-02 2.3834e-02 -2.8678e-02 -5.0532e-02 -4.1716e-02 7.8398e-03
7.1300e-03 -3.9636e-02 1.2838e-01 -3.4634e-02 1.0000e+00 -5.5760e-02 9.5135e-01 -5.1917e-02 -2.5763e-02 -1.0015e-02 -7.2108e-02 -4.1709e-02 -1.2212e-01 4.7748e-02 4.2877e-02 -7.6072e-02 9.4870e-02 -3.5598e-02 1.4349e-01 -6.5360e-02 -5.3103e-02 -2.5465e-02 -3.4687e-02
-2.3494e-03 -1.1415e-02 1.0062e-01 -1.4533e-02 -5.5760e-02 1.0000e+00 -5.3047e-02 9.3109e-01 -1.0811e-02 -8.6089e-02 -6.8489e-02 3.3581e-01 9.2923e-02 -4.1509e-02 -1.9931e-02 7.8836e-04 7.9949e-02 -5.6757e-02 -2.5635e-03 1.9118e-03 1.0303e-02 1.7534e-02 7.8568e-02
1.4520e-02 -4.0140e-02 1.1970e-01 -3.2949e-02 9.5135e-01 -5.3047e-02 1.0000e+00 -4.9391e-02 -2.4510e-02 7.6620e-03 -6.0574e-02 -3.9680e-02 -1.0808e-01 5.8344e-02 5.3942e-02 -6.4438e-02 4.3214e-02 3.6084e-03 1.6189e-01 -5.8246e-02 -2.3844e-02 -1.0218e-02 -4.5072e-02
2.2138e-03 -4.6993e-03 8.9905e-02 -1.3532e-02 -5.1917e-02 9.3109e-01 -4.9391e-02 1.0000e+00 -1.0066e-02 -8.0156e-02 -6.3769e-02 3.6202e-01 1.1204e-01 -3.8648e-02 -1.5104e-02 -8.2913e-03 8.1575e-02 -4.8391e-02 5.7375e-03 8.4953e-03 3.3987e-03 1.3835e-02 7.6311e-02
-1.5646e-02 -2.4890e-02 -5.5954e-02 -6.7149e-03 -2.5763e-02 -1.0811e-02 -2.4510e-02 -1.0066e-02 1.0000e+00 -3.9777e-02 1.5785e-01 -8.0866e-03 1.2034e-01 -1.9179e-02 3.1914e-02 4.2709e-02 -4.0967e-02 -2.2238e-03 1.3150e-02 2.9764e-02 -1.2453e-02 3.5288e-02 3.7868e-02
-3.3739e-03 1.5809e-01 1.6712e-01 -2.8774e-02 -1.0015e-02 -8.6089e-02 7.6620e-03 -8.0156e-02 -3.9777e-02 1.0000e+00 -2.4576e-01 -6.4396e-02 -2.2402e-01 3.9015e-01 4.2360e-01 -7.7755e-02 -7.9658e-02 8.1719e-02 -6.7510e-02 5.7110e-02 6.4610e-02 5.8413e-02 3.1831e-04
-6.1236e-02 -1.3216e-01 -1.2477e-01 -4.2541e-02 -7.2108e-02 -6.8489e-02 -6.0574e-02 -6.3769e-02 1.5785e-01 -2.4576e-01 1.0000e+00 -5.1231e-02 7.6238e-01 -1.2150e-01 -1.0099e-01 -1.5461e-01 -4.4538e-02 -1.1160e-01 -1.4599e-02 -6.7708e-02 -5.3297e-02 4.4566e-02 1.1623e-01
1.6375e-02 -1.2203e-02 4.1812e-02 -1.0871e-02 -4.1709e-02 3.3581e-01 -3.9680e-02 3.6202e-01 -8.0866e-03 -6.4396e-02 -5.1231e-02 1.0000e+00 -6.7198e-02 -3.1049e-02 -6.8300e-04 -2.8819e-02 3.5107e-02 5.4290e-02 5.8924e-03 -3.4536e-02 -4.1289e-02 -7.3834e-02 -5.5390e-02
-7.6084e-02 -1.4144e-01 -7.9043e-02 -5.5800e-02 -1.2212e-01 9.2923e-02 -1.0808e-01 1.1204e-01 1.2034e-01 -2.2402e-01 7.6238e-01 -6.7198e-02 1.0000e+00 -1.5937e-01 -1.4606e-01 -2.0316e-02 6.0498e-04 -1.0176e-01 -5.3993e-02 3.6678e-02 2.7677e-02 9.9161e-02 1.2198e-01
-4.1439e-02 -2.0251e-02 1.4652e-01 -2.5783e-02 4.7748e-02 -4.1509e-02 5.8344e-02 -3.8648e-02 -1.9179e-02 3.9015e-01 -1.2150e-01 -3.1049e-02 -1.5937e-01 1.0000e+00 7.3951e-01 -8.1979e-02 -3.9457e-02 3.6730e-02 1.8385e-02 8.8692e-02 8.1221e-02 7.8554e-02 -1.1035e-02
-2.9607e-02 -5.5630e-02 8.5878e-02 -2.7736e-02 4.2877e-02 -1.9931e-02 5.3942e-02 -1.5104e-02 3.1914e-02 4.2360e-01 -1.0099e-01 -6.8300e-04 -1.4606e-01 7.3951e-01 1.0000e+00 -1.2324e-01 -7.5527e-02 3.3348e-02 1.3376e-02 8.5539e-02 8.4589e-02 6.9968e-02 -9.4128e-03
1.1452e-02 -2.5967e-02 5.9026e-02 6.8605e-02 -7.6072e-02 7.8836e-04 -6.4438e-02 -8.2913e-03 4.2709e-02 -7.7755e-02 -1.5461e-01 -2.8819e-02 -2.0316e-02 -8.1979e-02 -1.2324e-01 1.0000e+00 -8.2013e-02 8.4203e-02 -1.3486e-01 -6.1375e-02 6.0940e-02 7.1813e-02 1.2865e-01
-8.4897e-02 -1.4007e-02 5.5263e-02 -5.5073e-02 9.4870e-02 7.9949e-02 4.3214e-02 8.1575e-02 -4.0967e-02 -7.9658e-02 -4.4538e-02 3.5107e-02 6.0498e-04 -3.9457e-02 -7.5527e-02 -8.2013e-02 1.0000e+00 -8.3224e-02 -8.9873e-02 -2.5883e-02 -3.8878e-02 -2.5695e-02 -1.7729e-02
-1.8583e-02 8.9345e-02 8.7727e-02 -5.5066e-02 -3.5598e-02 -5.6757e-02 3.6084e-03 -4.8391e-02 -2.2238e-03 8.1719e-02 -1.1160e-01 5.4290e-02 -1.0176e-01 3.6730e-02 3.3348e-02 8.4203e-02 -8.3224e-02 1.0000e+00 2.4842e-01 2.2389e-01 6.9011e-02 -2.0378e-03 -1.5902e-01
6.3164e-02 -1.0326e-02 -3.9806e-02 2.3834e-02 1.4349e-01 -2.5635e-03 1.6189e-01 5.7375e-03 1.3150e-02 -6.7510e-02 -1.4599e-02 5.8924e-03 -5.3993e-02 1.8385e-02 1.3376e-02 -1.3486e-01 -8.9873e-02 2.4842e-01 1.0000e+00 -1.0937e-01 2.9768e-02 3.1577e-02 -9.6148e-02
-4.9794e-02 8.3907e-03 9.8502e-02 -2.8678e-02 -6.5360e-02 1.9118e-03 -5.8246e-02 8.4953e-03 2.9764e-02 5.7110e-02 -6.7708e-02 -3.4536e-02 3.6678e-02 8.8692e-02 8.5539e-02 -6.1375e-02 -2.5883e-02 2.2389e-01 -1.0937e-01 1.0000e+00 2.9475e-01 2.5764e-01 -1.4612e-01
3.8264e-02 2.4272e-02 5.0829e-02 -5.0532e-02 -5.3103e-02 1.0303e-02 -2.3844e-02 3.3987e-03 -1.2453e-02 6.4610e-02 -5.3297e-02 -4.1289e-02 2.7677e-02 8.1221e-02 8.4589e-02 6.0940e-02 -3.8878e-02 6.9011e-02 2.9768e-02 2.9475e-01 1.0000e+00 7.8023e-01 9.5217e-02
-1.8274e-02 4.8639e-03 8.4708e-02 -4.1716e-02 -2.5465e-02 1.7534e-02 -1.0218e-02 1.3835e-02 3.5288e-02 5.8413e-02 4.4566e-02 -7.3834e-02 9.9161e-02 7.8554e-02 6.9968e-02 7.1813e-02 -2.5695e-02 -2.0378e-03 3.1577e-02 2.5764e-01 7.8023e-01 1.0000e+00 4.2111e-01
1.2929e-02 -5.7231e-02 2.1254e-03 7.8398e-03 -3.4687e-02 7.8568e-02 -4.5072e-02 7.6311e-02 3.7868e-02 3.1831e-04 1.1623e-01 -5.5390e-02 1.2198e-01 -1.1035e-02 -9.4128e-03 1.2865e-01 -1.7729e-02 -1.5902e-01 -9.6148e-02 -1.4612e-01 9.5217e-02 4.2111e-01 1.0000e+00
