1.0000e+00 2.4338e-01 2.0062e-01 -5.5356e-02 4.9083e-03 -3.4876e-02 -3.7010e-02 7.0924e-02 6.4717e-02 4.9276e-03 7.8168e-03 1.0817e-02 -6.1720e-03 -2.2988e-02 4.8018e-02 -2.9993e-02 9.0205e-02 -2.7324e-02 8.0501e-02 1.2444e-01 9.6611e-02 -1.8784e-03
2.4338e-01 1.0000e+00 9.2400e-01 8.6006e-02 -6.8642e-02 -4.5524e-02 -3.2960e-02 -3.2972e-02 2.6341e-02 4.2385e-02 -3.9852e-02 -4.9306e-02 -3.4922e-02 -1.5892e-02 -2.1565e-02 3.4124e-02 2.6031e-03 1.4159e-02 -4.4349e-02 -2.6393e-02 -4.8429e-02 4.3243e-02
2.0062e-01 9.2400e-01 1.0000e+00 5.6163e-02 -9.8356e-02 -4.9269e-02 -4.2504e-02 9.6950e-03 1.5437e-02 2.9868e-02 -6.4745e-02 -7.3511e-02 -5.8887e-02 -2.7967e-02 7.1041e-03 5.1670e-02 -1.0104e-02 -6.8542e-03 -2.9175e-02 -3.2120e-02 -5.3897e-02 4.8348e-02
-5.5356e-02 8.6006e-02 5.6163e-02 1.0000e+00 -5.8567e-02 -4.4247e-02 -8.0284e-02 -1.2551e-01 -3.6333e-03 -4.3138e-02 -1.7671e-02 -7.4264e-03 2.1260e-02 -2.2887e-02 -6.6442e-02 -6.8410e-02 -1.0976e-01 6.0337e-02 -6.3236e-02 -1.0241e-01 -4.0193e-02 -1.7424e-02
4.9083e-03 -6.8642e-02 -9.8356e-02 -5.8567e-02 1.0000e+00 -4.0750e-02 -6.8121e-02 3.3495e-02 -3.6954e-02 9.0498e-02 9.8921e-02 9.3184e-02 8.9266e-02 8.6643e-02 4.8047e-02 3.8159e-04 -2.0056e-02 -1.7056e-02 -4.3670e-02 -3.3698e-02 3.5859e-02 -4.8049e-02
-3.4876e-02 -4.5524e-02 -4.9269e-02 -4.4247e-02 -4.0750e-02 1.0000e+00 -1.0320e-02 -5.1060e-02 6.1438e-02 -1.1049e-02 -1.9401e-03 -1.5138e-03 8.8034e-03 -5.6055e-03 -1.0518e-02 -2.3480e-02 -1.2391e-02 -2.0204e-02 4.3535e-02 -3.3327e-02 -2.6010e-02 -4.1399e-02
-3.7010e-02 -3.2960e-02 -4.2504e-02 -8.0284e-02 -6.8121e-02 -1.0320e-02 1.0000e+00 -1.0549e-01 -1.3988e-01 -2.2827e-02 -8.0250e-02 -7.9452e-02 -6.1019e-02 5.2863e-02 4.3331e-02 1.8387e-01 -2.5599e-02 1.0880e-02 9.2764e-03 3.9290e-02 -1.0832e-02 -2.1759e-02
7.0924e-02 -3.2972e-02 9.6950e-03 -1.2551e-01 3.3495e-02 -5.1060e-02 -1.0549e-01 1.0000e+00 -1.9246e-01 1.7523e-01 -1.1328e-02 -1.5474e-02 -9.5549e-02 -1.1637e-01 1.2723e-02 -3.7053e-02 1.1956e-01 -2.4276e-02 -3.6678e-02 4.4737e-02 2.4854e-02 2.8155e-02
6.4717e-02 2.6341e-02 1.5437e-02 -3.6333e-03 -3.6954e-02 6.1438e-02 -1.3988e-01 -1.9246e-01 1.0000e+00 -1.0090e-01 1.6525e-02 1.5355e-02 5.3504e-02 9.4026e-02 4.7024e-03 4.7249e-02 1.0771e-02 -8.5754e-02 5.6448e-02 -2.2032e-02 -7.0301e-02 2.8416e-03
4.9276e-03 4.2385e-02 2.9868e-02 -4.3138e-02 9.0498e-02 -1.1049e-02 -2.2827e-02 1.7523e-01 -1.0090e-01 1.0000e+00 9.3589e-02 9.4638e-02 -4.3738e-02 -7.2772e-02 6.8162e-02 -5.1938e-02 -2.7409e-02 5.3903e-02 -6.2660e-02 -6.1768e-03 2.7568e-03 -1.6896e-02
7.8168e-03 -3.9852e-02 -6.4745e-02 -1.7671e-02 9.8921e-02 -1.9401e-03 -8.0250e-02 -1.1328e-02 1.6525e-02 9.3589e-02 1.0000e+00 9.7745e-01 8.3955e-01 6.3943e-01 5.6787e-01 -2.6548e-01 1.4946e-01 -1.5602e-01 2.9507e-02 5.4030e-02 1.2690e-01 -1.9783e-02
1.0817e-02 -4.9306e-02 -7.3511e-02 -7.4264e-03 9.3184e-02 -1.5138e-03 -7.9452e-02 -1.5474e-02 1.5355e-02 9.4638e-02 9.7745e-01 1.0000e+00 8.5761e-01 6.5364e-01 5.7282e-01 -2.6375e-01 1.1504e-01 -1.4681e-01 2.7421e-02 4.6471e-02 1.1680e-01 -1.6253e-02
-6.1720e-03 -3.4922e-02 -5.8887e-02 2.1260e-02 8.9266e-02 8.8034e-03 -6.1019e-02 -9.5549e-02 5.3504e-02 -4.3738e-02 8.3955e-01 8.5761e-01 1.0000e+00 8.1249e-01 4.9589e-01 -2.2494e-01 -1.2610e-01 -1.3420e-01 3.0316e-02 8.7266e-03 1.1054e-01 -7.8146e-03
-2.2988e-02 -1.5892e-02 -2.7967e-02 -2.2887e-02 8.6643e-02 -5.6055e-03 5.2863e-02 -1.1637e-01 9.4026e-02 -7.2772e-02 6.3943e-01 6.5364e-01 8.1249e-01 1.0000e+00 6.0854e-01 3.5521e-01 -1.5521e-01 -1.6970e-01 4.6131e-02 -7.2872e-03 8.8218e-02 1.4161e-02
4.8018e-02 -2.1565e-02 7.1041e-03 -6.6442e-02 4.8047e-02 -1.0518e-02 4.3331e-02 1.2723e-02 4.7024e-03 6.8162e-02 5.6787e-01 5.7282e-01 4.9589e-01 6.0854e-01 1.0000e+00 2.3317e-01 7.3335e-02 -1.3534e-01 6.9178e-02 6.7916e-02 1.0828e-01 1.8493e-02
-2.9993e-02 3.4124e-02 5.1670e-02 -6.8410e-02 3.8159e-04 -2.3480e-02 1.8387e-01 -3.7053e-02 4.7249e-02 -5.1938e-02 -2.6548e-01 -2.6375e-01 -2.2494e-01 3.5521e-01 2.3317e-01 1.0000e+00 -5.8247e-02 -6.9830e-02 2.5221e-02 -3.6092e-02 -3.0017e-02 3.3924e-02
9.0205e-02 2.6031e-03 -1.0104e-02 -1.0976e-01 -2.0056e-02 -1.2391e-02 -2.5599e-02 1.1956e-01 1.0771e-02 -2.7409e-02 1.4946e-01 1.1504e-01 -1.2610e-01 -1.5521e-01 7.3335e-02 -5.8247e-02 1.0000e+00 -5.0119e-02 8.4616e-02 8.3968e-02 -6.4522e-02 -6.2498e-02
-2.7324e-02 1.4159e-02 -6.8542e-03 6.0337e-02 -1.7056e-02 -2.0204e-02 1.0880e-02 -2.4276e-02 -8.5754e-02 5.3903e-02 -1.5602e-01 -1.4681e-01 -1.3420e-01 -1.6970e-01 -1.3534e-01 -6.9830e-02 -5.0119e-02 1.0000e+00 -1.0079e-01 -4.7046e-02 -1.2366e-02 -2.0833e-02
8.0501e-02 -4.4349e-02 -2.9175e-02 -6.3236e-02 -4.3670e-02 4.3535e-02 9.2764e-03 -3.6678e-02 5.6448e-02 -6.2660e-02 2.9507e-02 2.7421e-02 3.0316e-02 4.6131e-02 6.9178e-02 2.5221e-02 8.4616e-02 -1.0079e-01 1.0000e+00 4.7911e-01 3.4325e-01 -6.5907e-02
1.2444e-01 -2.6393e-02 -3.2120e-02 -1.0241e-01 -3.3698e-02 -3.3327e-02 3.9290e-02 4.4737e-02 -2.2032e-02 -6.1768e-03 5.4030e-02 4.6471e-02 8.7266e-03 -7.2872e-03 6.7916e-02 -3.6092e-02 8.3968e-02 -4.7046e-02 4.7911e-01 1.0000e+00 7.1686e-01 -1.6251e-02
9.6611e-02 -4.8429e-02 -5.3897e-02 -4.0193e-02 3.5859e-02 -2.6010e-02 -1.0832e-02 2.4854e-02 -7.0301e-02 2.7568e-03 1.2690e-01 1.1680e-01 1.1054e-01 8.8218e-02 1.0828e-01 -3.0017e-02 -6.4522e-02 -1.2366e-02 3.4325e-01 7.1686e-01 1.0000e+00 2.4186e-03
-1.8784e-03 4.3243e-02 4.8348e-02 -1.7424e-02 -4.8049e-02 -4.1399e-02 -2.1759e-02 2.8155e-02 2.8416e-03 -1.6896e-02 -1.9783e-02 -1.6253e-02 -7.8146e-03 1.4161e-02 1.8493e-02 3.3924e-02 -6.2498e-02 -2.0833e-02 -6.5907e-02 -1.6251e-02 2.4186e-03 1.0000e+00
