1.0000e+00 1.0000e+00 -1.5875e-02 -3.8522e-02 7.4257e-02 5.5781e-02 4.3587e-03 6.2697e-02 -5.7897e-02 -7.6511e-03 -1.4963e-02 -1.6071e-02 -1.6071e-02 4.6186e-02 6.4172e-02 4.1019e-02 -2.5014e-02 4.0672e-02 6.3560e-02 6.3560e-02 6.5093e-02 6.5093e-02 -2.5559e-02 4.1715e-02 3.0351e-02 6.7578e-04 4.1715e-02 -2.5287e-02 4.2416e-02 1.2243e-03 -6.7578e-04 2.5559e-02 -1.8892e-02 7.2405e-02 2.8839e-02 7.1714e-02 2.9677e-02 2.8560e-02 2.8560e-02 2.8560e-02 2.8560e-02 5.1515e-02 2.8560e-02 5.1515e-02 5.1937e-02 9.1386e-03 -1.4588e-02 5.1515e-02 5.1515e-02 4.8609e-02 -2.9956e-02 4.2767e-02 3.5581e-02 3.5248e-02 3.5248e-02 3.5248e-02 3.3269e-02 -1.6719e-02 4.6783e-02 3.2616e-02 3.2616e-02 3.2616e-02 6.0339e-03 -1.7835e-02 3.6010e-02 -7.6369e-03 -8.7068e-03 1.0083e-02 1.2195e-02 -8.4313e-03 -1.0664e-02 -8.3772e-03 -9.9107e-03 -1.0288e-02 -1.0288e-02 -1.0288e-02 -1.0288e-02 -1.0288e-02 -1.0288e-02 -1.0288e-02 -1.0288e-02 -1.0288e-02 -1.0288e-02 1.4993e-02 -1.0288e-02 -1.0288e-02 -1.0288e-02 8.4060e-03 2.4760e-02 2.6966e-02 -1.0288e-02 8.4060e-03 -1.0288e-02 -1.0288e-02 1.4685e-02 7.8541e-03 -1.0288e-02 8.4060e-03 -1.0288e-02 -1.1614e-02 -1.0288e-02 -1.0288e-02 1.3764e-02 -1.0288e-02 -1.0288e-02 -1.0288e-02 -1.0288e-02 -1.0288e-02 -1.0288e-02 -1.0288e-02 -1.0664e-02 -1.0288e-02 -1.0288e-02 1.4186e-02 -1.0288e-02 -1.0288e-02 -1.0288e-02 -1.0288e-02 -1.0288e-02 -1.0288e-02 -1.0288e-02 8.4313e-03 -1.0288e-02 -1.0288e-02 -1.0288e-02 -1.0288e-02 -1.0288e-02 8.7068e-03 1.3534e-02 8.9822e-03 8.9822e-03 1.7835e-02 8.7068e-03 1.3209e-02 -1.0288e-02 9.8080e-03 -1.0288e-02 9.5328e-03 -1.0288e-02 4.0115e-03 4.0115e-03 6.5008e-03 -1.0288e-02 -3.5266e-03 -1.0288e-02 -1.0288e-02 3.4570e-03 -9.9107e-03 5.9484e-03 -9.9107e-03 1.2239e-02 1.1917e-02 1.1597e-02 -1.0288e-02 5.2249e-03 -1.5875e-02 4.8423e-03 5.1190e-03 1.0009e-03 5.1190e-03 5.1190e-03 4.2214e-03 -1.5875e-02 7.5486e-03 -7.0796e-03 1.3508e-02 -1.5356e-02 -8.3772e-03 2.2833e-02 -1.8363e-03 2.2561e-02 9.1102e-03 2.0651e-02 2.1742e-02 1.1602e-02 2.1470e-02 1.0813e-02 3.2307e-03 1.3257e-02 3.2307e-03 8.3336e-03 2.1197e-02 1.1050e-02 -1.2422e-02 2.4196e-02 -3.4982e-02 2.3379e-02 4.6510e-02 1.3508e-02 -1.5065e-02
1.0000e+00 1.0000e+00 -1.5875e-02 -3.8522e-02 7.4257e-02 5.5781e-02 4.3587e-03 6.2697e-02 -5.7897e-02 -7.6511e-03 -1.4963e-02 -1.6071e-02 -1.6071e-02 4.6186e-02 6.4172e-02 4.1019e-02 -2.5014e-02 4.0672e-02 6.3560e-02 6.3560e-02 6.5093e-02 6.5093e-02 -2.5559e-02 4.1715e-02 3.0351e-02 6.7578e-04 4.1715e-02 -2.5287e-02 4.2416e-02 1.2243e-03 -6.7578e-04 2.5559e-02 -1.8892e-02 7.2405e-02 2.8839e-02 7.1714e-02 2.9677e-02 2.8560e-02 2.8560e-02 2.8560e-02 2.8560e-02 5.1515e-02 2.8560e-02 5.1515e-02 5.1937e-02 9.1386e-03 -1.4588e-02 5.1515e-02 5.1515e-02 4.8609e-02 -2.9956e-02 4.2767e-02 3.5581e-02 3.5248e-02 3.5248e-02 3.5248e-02 3.3269e-02 -1.6719e-02 4.6783e-02 3.2616e-02 3.2616e-02 3.2616e-02 6.0339e-03 -1.7835e-02 3.6010e-02 -7.6369e-03 -8.7068e-03 1.0083e-02 1.2195e-02 -8.4313e-03 -1.0664e-02 -8.3772e-03 -9.9107e-03 -1.0288e-02 -1.0288e-02 -1.0288e-02 -1.0288e-02 -1.0288e-02 -1.0288e-02 -1.0288e-02 -1.0288e-02 -1.0288e-02 -1.0288e-02 1.4993e-02 -1.0288e-02 -1.0288e-02 -1.0288e-02 8.4060e-03 2.4760e-02 2.6966e-02 -1.0288e-02 8.4060e-03 -1.0288e-02 -1.0288e-02 1.4685e-02 7.8541e-03 -1.0288e-02 8.4060e-03 -1.0288e-02 -1.1614e-02 -1.0288e-02 -1.0288e-02 1.3764e-02 -1.0288e-02 -1.0288e-02 -1.0288e-02 -1.0288e-02 -1.0288e-02 -1.0288e-02 -1.0288e-02 -1.0664e-02 -1.0288e-02 -1.0288e-02 1.4186e-02 -1.0288e-02 -1.0288e-02 -1.0288e-02 -1.0288e-02 -1.0288e-02 -1.0288e-02 -1.0288e-02 8.4313e-03 -1.0288e-02 -1.0288e-02 -1.0288e-02 -1.0288e-02 -1.0288e-02 8.7068e-03 1.3534e-02 8.9822e-03 8.9822e-03 1.7835e-02 8.7068e-03 1.3209e-02 -1.0288e-02 9.8080e-03 -1.0288e-02 9.5328e-03 -1.0288e-02 4.0115e-03 4.0115e-03 6.5008e-03 -1.0288e-02 -3.5266e-03 -1.0288e-02 -1.0288e-02 3.4570e-03 -9.9107e-03 5.9484e-03 -9.9107e-03 1.2239e-02 1.1917e-02 1.1597e-02 -1.0288e-02 5.2249e-03 -1.5875e-02 4.8423e-03 5.1190e-03 1.0009e-03 5.1190e-03 5.1190e-03 4.2214e-03 -1.5875e-02 7.5486e-03 -7.0796e-03 1.3508e-02 -1.5356e-02 -8.3772e-03 2.2833e-02 -1.8363e-03 2.2561e-02 9.1102e-03 2.0651e-02 2.1742e-02 1.1602e-02 2.1470e-02 1.0813e-02 3.2307e-03 1.3257e-02 3.2307e-03 8.3336e-03 2.1197e-02 1.1050e-02 -1.2422e-02 2.4196e-02 -3.4982e-02 2.3379e-02 4.6510e-02 1.3508e-02 -1.5065e-02
-1.5875e-02 -1.5875e-02 1.0000e+00 2.3758e-03 4.0082e-02 -4.6569e-02 -1.8315e-02 -2.4201e-02 2.5406e-03 -2.6817e-02 -3.2513e-02 -3.3383e-02 -3.3383e-02 5.8333e-04 -4.6525e-03 5.1625e-03 -3.4574e-02 4.9060e-03 -5.1120e-03 -5.1120e-03 -3.9620e-03 -3.9620e-03 -3.5019e-02 5.6770e-03 -2.7967e-03 -4.4444e-02 5.6770e-03 -3.4797e-02 6.1938e-03 -2.6441e-02 4.4444e-02 3.5019e-02 -2.3479e-02 -6.1447e-03 3.2131e-02 -6.6175e-03 3.2824e-02 3.1900e-02 3.1900e-02 3.1900e-02 3.1900e-02 4.1904e-03 3.1900e-02 4.1904e-03 4.4744e-03 -2.3283e-02 -1.2030e-02 4.1904e-03 4.1904e-03 2.2291e-03 -1.5424e-02 6.4530e-03 2.0272e-02 2.0006e-02 2.0006e-02 2.0006e-02 1.8423e-02 1.8713e-02 1.3522e-02 1.7900e-02 1.7900e-02 1.7900e-02 1.8566e-02 1.7811e-02 2.6782e-02 3.1908e-02 2.1270e-03 3.2854e-02 -1.5670e-02 2.3559e-03 3.3738e-02 -1.6705e-02 3.4636e-02 3.4185e-02 3.4185e-02 3.4185e-02 3.4185e-02 3.4185e-02 3.4185e-02 3.4185e-02 3.4185e-02 3.4185e-02 3.4185e-02 -2.1453e-02 3.4185e-02 3.4185e-02 3.4185e-02 -7.8918e-03 3.8273e-02 -3.8060e-02 3.4185e-02 -7.8918e-03 3.4185e-02 3.4185e-02 -2.1679e-02 -8.3466e-03 3.4185e-02 -7.8918e-03 3.4185e-02 -9.5777e-03 3.4185e-02 3.4185e-02 -2.2356e-02 3.4185e-02 3.4185e-02 3.4185e-02 3.4185e-02 3.4185e-02 3.4185e-02 3.4185e-02 3.3738e-02 3.4185e-02 3.4185e-02 -1.0204e-02 3.4185e-02 3.4185e-02 3.4185e-02 3.4185e-02 3.4185e-02 3.4185e-02 3.4185e-02 -2.0043e-02 3.4185e-02 3.4185e-02 3.4185e-02 3.4185e-02 3.4185e-02 -1.9811e-02 -1.0691e-02 -1.9578e-02 -1.9578e-02 -7.4849e-03 -1.9811e-02 -1.0934e-02 3.4185e-02 -1.8883e-02 3.4185e-02 -1.9114e-02 3.4185e-02 -2.3787e-02 -2.3787e-02 -2.1675e-02 3.4185e-02 1.4628e-02 3.4185e-02 3.4185e-02 -2.4258e-02 3.4636e-02 -2.2143e-02 3.4636e-02 -1.1660e-02 -1.1901e-02 -1.2142e-02 3.4185e-02 1.3754e-02 -1.3092e-02 -2.3081e-02 -2.2846e-02 1.0219e-02 -2.2846e-02 -2.2846e-02 2.1735e-03 -1.3092e-02 -2.3883e-02 -7.7942e-03 -2.1723e-02 3.1635e-03 9.8855e-03 -2.0275e-02 1.0608e-02 -2.0508e-02 -1.4230e-02 -4.4215e-03 -3.5023e-03 -1.2098e-02 -3.7319e-03 2.3496e-02 -1.9289e-02 -1.0687e-02 -1.9289e-02 -2.3584e-02 -3.9617e-03 -1.2570e-02 -1.0244e-02 -1.4406e-03 4.5112e-03 -2.1270e-03 -2.3283e-02 -2.1723e-02 6.1658e-02
-3.8522e-02 -3.8522e-02 2.3758e-03 1.0000e+00 -4.8169e-01 2.3248e-01 2.0826e-02 -2.1654e-02 -3.4954e-03 4.3733e-02 4.4135e-02 4.1752e-02 4.1752e-02 4.9473e-03 -1.6729e-02 1.1216e-02 3.1004e-02 1.0595e-02 -2.5690e-02 -2.5690e-02 -2.2926e-02 -2.2926e-02 2.9886e-02 1.2462e-02 8.4868e-03 -3.9875e-03 1.2462e-02 3.0445e-02 1.3713e-02 1.1162e-01 3.9875e-03 -2.9886e-02 5.3045e-02 -2.4352e-02 -3.2515e-02 -2.5485e-02 -3.0867e-02 -3.3065e-02 -3.3065e-02 -3.3065e-02 -3.3065e-02 1.3774e-02 -3.3065e-02 1.3774e-02 1.4469e-02 1.4085e-01 7.8880e-03 1.3774e-02 1.3774e-02 1.8243e-02 3.8043e-02 4.0042e-02 2.6604e-02 2.5979e-02 2.5979e-02 2.5979e-02 2.2259e-02 5.8491e-02 3.6633e-02 2.1029e-02 2.1029e-02 2.9351e-02 1.2918e-01 6.4044e-02 3.8867e-02 8.6378e-02 -4.3745e-03 8.4089e-02 -3.6651e-02 -3.8207e-03 8.6261e-02 1.1442e-02 8.8469e-02 8.7361e-02 8.7361e-02 8.7361e-02 8.7361e-02 8.7361e-02 8.7361e-02 8.7361e-02 8.7361e-02 8.7361e-02 8.7361e-02 -3.2313e-02 8.7361e-02 8.7361e-02 8.7361e-02 -2.0930e-02 -1.9551e-02 -6.0693e-02 8.7361e-02 -2.0930e-02 8.7361e-02 8.7361e-02 -3.2878e-02 -2.2033e-02 8.7361e-02 -2.0930e-02 8.7361e-02 6.9539e-02 8.7361e-02 8.7361e-02 -2.6317e-02 8.7361e-02 8.7361e-02 8.7361e-02 8.7361e-02 8.7361e-02 8.7361e-02 8.7361e-02 8.6261e-02 8.7361e-02 8.7361e-02 -2.1421e-02 8.7361e-02 8.7361e-02 8.7361e-02 8.7361e-02 8.7361e-02 8.7361e-02 8.7361e-02 -2.7176e-02 8.7361e-02 8.7361e-02 8.7361e-02 8.7361e-02 8.7361e-02 -2.6617e-02 -2.2611e-02 -2.6057e-02 -2.6057e-02 -1.4779e-02 -2.6617e-02 -2.3205e-02 8.7361e-02 -2.4381e-02 8.7361e-02 -2.4939e-02 8.7361e-02 -2.8405e-02 -2.8405e-02 -2.3344e-02 8.7361e-02 8.3222e-02 8.7361e-02 8.7361e-02 -2.1752e-02 8.8469e-02 -1.6702e-02 8.8469e-02 -2.4978e-02 -2.5567e-02 -2.6155e-02 8.7361e-02 4.7288e-02 2.3758e-03 -2.6714e-02 -2.6151e-02 3.0812e-02 -2.6151e-02 -2.6151e-02 4.4368e-03 3.6520e-02 -1.1499e-04 -3.8842e-03 -1.0626e-02 -1.5126e-02 8.1343e-02 -4.3238e-02 1.0078e-01 -4.3802e-02 -6.4192e-02 -3.9994e-02 -4.5495e-02 -5.8915e-02 -4.6060e-02 1.4726e-01 -5.2919e-02 -3.9778e-02 -5.2919e-02 1.2795e-03 -4.6626e-02 -6.0083e-02 1.8557e-02 -4.8170e-02 3.2309e-02 -4.9860e-02 -1.7028e-02 -3.1670e-02 1.4852e-02
7.4257e-02 7.4257e-02 4.0082e-02 -4.8169e-01 1.0000e+00 -3.7204e-01 -8.3274e-02 -4.7097e-03 2.4029e-02 3.0041e-03 1.6776e-02 6.3102e-03 6.3102e-03 2.9658e-02 3.7116e-02 1.7689e-02 -5.4436e-02 1.8845e-02 4.4117e-02 4.4117e-02 4.3652e-02 4.3652e-02 -5.7078e-02 2.0660e-02 3.3191e-02 -3.3148e-02 2.0660e-02 -5.8154e-02 1.8343e-02 -7.2364e-02 3.3148e-02 6.1872e-02 6.3992e-03 2.3283e-02 3.5565e-02 2.5502e-02 3.7166e-02 4.1411e-02 4.1411e-02 4.1411e-02 4.1411e-02 1.8478e-03 4.1411e-02 1.8478e-03 5.5527e-04 -9.8966e-02 1.0323e-02 1.8478e-03 1.8478e-03 -6.4509e-03 -4.0891e-02 -4.0523e-03 -5.6530e-03 -9.6849e-03 -9.6849e-03 -9.6849e-03 2.4339e-03 -4.5163e-02 -4.6680e-02 -4.3056e-04 -4.3056e-04 -5.5870e-03 -1.0752e-01 -5.5297e-02 1.8923e-03 -5.7562e-02 6.2989e-03 -6.4432e-02 4.6078e-02 5.2310e-03 -6.7995e-02 2.2057e-02 -7.1610e-02 -6.9796e-02 -6.9796e-02 -6.9796e-02 -6.9796e-02 -6.9796e-02 -6.9796e-02 -6.9796e-02 -6.9796e-02 -6.9796e-02 -6.9796e-02 5.2597e-02 -6.9796e-02 -6.9796e-02 -6.9796e-02 5.2253e-04 5.4742e-02 6.0322e-02 -6.9796e-02 5.3013e-03 -6.9796e-02 -6.9796e-02 4.8569e-02 2.6506e-03 -6.9796e-02 5.2253e-04 -6.9796e-02 -1.2686e-02 -6.9796e-02 -6.9796e-02 5.1865e-02 -6.9796e-02 -6.9796e-02 -6.9796e-02 -6.9796e-02 -6.9796e-02 -6.9796e-02 -6.9796e-02 -6.7995e-02 -6.9796e-02 -6.9796e-02 6.2211e-02 -6.9796e-02 -6.9796e-02 -6.9796e-02 -6.9796e-02 -6.9796e-02 -6.9796e-02 -6.9796e-02 -5.2310e-03 -6.9796e-02 -6.9796e-02 -6.9796e-02 -6.9796e-02 -6.9796e-02 -6.2989e-03 5.9091e-02 -2.5668e-03 -2.5668e-03 5.5138e-02 -6.2989e-03 5.4857e-02 -6.9796e-02 -9.7275e-04 -6.9796e-02 -4.7025e-03 -6.9796e-02 -7.3579e-03 -2.5389e-03 7.0646e-03 -6.9796e-02 -8.0022e-02 -6.9796e-02 -6.9796e-02 -5.2146e-03 -7.1610e-02 4.3995e-03 -7.1610e-02 5.2899e-02 4.8691e-02 5.5156e-02 -7.6895e-02 -4.0003e-03 4.0082e-02 1.3508e-02 1.7247e-02 -1.2021e-02 1.7247e-02 1.7247e-02 4.6908e-02 1.8926e-02 -1.9688e-02 5.8061e-03 -2.8773e-02 5.6370e-02 -7.9001e-02 1.0244e-02 -9.9322e-02 6.5127e-03 1.1051e-02 1.4021e-02 1.4534e-02 1.5851e-02 1.5607e-02 -1.4461e-01 9.5625e-03 9.3401e-03 9.5625e-03 -2.2607e-02 1.6682e-02 1.8029e-02 2.1018e-02 3.3680e-02 -3.1690e-02 3.6906e-02 3.5541e-02 -2.8773e-02 -3.0559e-02
5.5781e-02 5.5781e-02 -4.6569e-02 2.3248e-01 -3.7204e-01 1.0000e+00 6.5641e-02 8.5871e-02 -7.9055e-02 -4.1231e-02 -4.5730e-02 -4.8658e-02 -4.4506e-02 7.4281e-02 2.0485e-02 5.3366e-02 -9.4191e-03 5.1396e-02 2.1022e-02 2.1022e-02 2.1726e-02 2.1726e-02 -4.8461e-03 5.2876e-02 3.5289e-02 -3.1655e-02 5.2876e-02 -7.1322e-03 5.6839e-02 7.2689e-02 3.1655e-02 4.8461e-03 -4.3889e-02 -2.0674e-02 -3.8933e-02 -1.5817e-02 -3.3732e-02 -2.8614e-02 -2.8614e-02 -2.8614e-02 -2.8614e-02 1.0576e-02 -2.8614e-02 1.0576e-02 1.2707e-02 7.9108e-02 4.6989e-03 1.0576e-02 1.0576e-02 1.5149e-02 3.1998e-02 -2.1411e-02 -8.2231e-03 -5.7400e-03 -5.7400e-03 -5.7400e-03 -1.6963e-02 2.7344e-02 8.0488e-02 -1.6348e-02 -1.6348e-02 -1.2018e-02 5.8614e-02 2.8447e-02 -2.6112e-02 2.8860e-02 -3.1221e-02 7.7106e-02 -1.0632e-01 -3.3516e-02 7.0853e-02 -2.7176e-02 7.6487e-02 7.3660e-02 7.3660e-02 7.3660e-02 7.3660e-02 7.3660e-02 7.3660e-02 7.3660e-02 7.3660e-02 7.3660e-02 7.3660e-02 -5.9013e-03 7.3660e-02 7.3660e-02 7.3660e-02 -3.9210e-02 -7.4889e-02 -6.6520e-02 7.3660e-02 -4.3223e-02 7.3660e-02 7.3660e-02 -7.7578e-03 -3.8666e-02 7.3660e-02 -3.9210e-02 7.3660e-02 2.3490e-02 7.3660e-02 7.3660e-02 -9.0150e-03 7.3660e-02 7.3660e-02 7.3660e-02 7.3660e-02 7.3660e-02 7.3660e-02 7.3660e-02 7.0853e-02 7.3660e-02 7.3660e-02 -4.3433e-02 7.3660e-02 7.3660e-02 7.3660e-02 7.3660e-02 7.3660e-02 7.3660e-02 7.3660e-02 -1.4870e-02 7.3660e-02 7.3660e-02 7.3660e-02 7.3660e-02 7.3660e-02 -1.3124e-02 -4.2724e-02 -1.5409e-02 -1.5409e-02 -5.8858e-02 -1.3124e-02 -4.0120e-02 7.3660e-02 -1.0175e-02 7.3660e-02 -7.8901e-03 7.3660e-02 -6.5008e-03 -1.0548e-02 -1.5000e-02 7.3660e-02 4.8777e-02 7.3660e-02 7.3660e-02 -1.0006e-02 7.6487e-02 -1.4461e-02 7.6487e-02 -4.1319e-02 -4.3211e-02 -4.9576e-02 7.3660e-02 3.5830e-03 -2.8803e-02 -9.3378e-03 -1.1630e-02 9.7230e-03 -1.1630e-02 -1.1630e-02 -5.6622e-02 -1.1038e-02 8.4162e-03 2.5912e-02 2.0430e-02 -7.2546e-02 6.3752e-02 1.5647e-02 4.1878e-02 1.7939e-02 2.9725e-02 9.7786e-03 1.2715e-02 8.7771e-03 1.5009e-02 6.9132e-02 1.3143e-02 1.5250e-02 1.3143e-02 1.2902e-02 1.3266e-02 9.3358e-03 -1.0375e-02 1.6821e-04 5.7977e-02 -1.0299e-03 -3.3848e-02 3.1379e-02 4.4562e-02
4.3587e-03 4.3587e-03 -1.8315e-02 2.0826e-02 -8.3274e-02 6.5641e-02 1.0000e+00 9.7019e-02 -1.5279e-01 -4.3435e-03 -1.7091e-02 -1.4791e-02 -1.4791e-02 3.0425e-02 -6.5950e-02 5.8225e-02 7.7476e-02 5.5384e-02 -5.8544e-02 -5.8544e-02 -6.6659e-02 -6.6659e-02 7.6497e-02 5.4872e-02 1.0160e-01 -3.9117e-02 5.4872e-02 7.4936e-02 6.0580e-02 9.8478e-02 3.9117e-02 -7.6497e-02 -2.9470e-02 6.6742e-03 -1.0612e-02 5.6569e-03 -2.3518e-02 -2.5412e-02 -2.1319e-02 -2.1319e-02 -2.1319e-02 1.3549e-01 -2.1319e-02 1.3549e-01 1.3381e-01 1.1872e-01 2.3994e-02 1.3549e-01 1.3549e-01 1.1767e-01 8.7112e-03 9.0691e-02 2.2360e-02 2.8488e-02 2.8488e-02 2.8488e-02 2.5251e-02 4.5262e-02 4.4061e-02 2.4180e-02 2.4180e-02 2.4180e-02 1.0878e-01 3.5180e-02 3.8838e-02 3.9968e-02 1.0606e-02 9.2738e-02 -5.1675e-02 9.0323e-03 8.8684e-02 2.0663e-02 9.0679e-02 9.2715e-02 9.2715e-02 9.2715e-02 9.2715e-02 9.2715e-02 9.2715e-02 9.2715e-02 9.2715e-02 9.2715e-02 9.2715e-02 -1.3701e-01 9.2715e-02 9.2715e-02 9.2715e-02 3.0521e-02 7.7795e-03 -1.3543e-01 9.2715e-02 2.6432e-02 9.2715e-02 9.2715e-02 -1.3522e-01 2.9569e-02 9.2715e-02 3.0521e-02 9.2715e-02 6.6049e-02 9.2715e-02 9.2715e-02 -1.3860e-01 9.2715e-02 9.2715e-02 9.2715e-02 9.2715e-02 9.2715e-02 9.2715e-02 9.2715e-02 9.4739e-02 9.2715e-02 9.2715e-02 -8.1158e-02 9.2715e-02 9.2715e-02 9.2715e-02 9.2715e-02 9.2715e-02 9.2715e-02 9.2715e-02 -2.9571e-02 9.2715e-02 9.2715e-02 9.2715e-02 9.2715e-02 9.2715e-02 -2.7034e-02 -8.6632e-02 -2.8605e-02 -2.8605e-02 -8.7929e-02 -2.7034e-02 -8.4773e-02 9.2715e-02 -2.9209e-02 9.2715e-02 -2.3535e-02 9.2715e-02 -1.6737e-02 -2.0860e-02 -2.6793e-02 9.2715e-02 1.0796e-01 9.2715e-02 9.2715e-02 -1.7706e-02 9.0679e-02 -2.3647e-02 9.0679e-02 -8.3797e-02 -8.6519e-02 -8.9234e-02 9.2715e-02 -1.9183e-02 -1.8315e-02 -3.3826e-02 -3.5398e-02 1.7215e-02 -3.5398e-02 -3.5398e-02 3.9168e-02 -2.1590e-04 9.3157e-02 -2.0607e-02 1.0518e-01 2.1163e-02 9.4771e-02 -3.3490e-03 1.2025e-01 -1.7729e-03 3.4915e-02 -1.5416e-02 -9.3768e-03 2.8751e-02 -7.8007e-03 1.0272e-01 2.7072e-02 -9.8957e-03 2.7072e-02 9.0271e-02 -6.2239e-03 2.7805e-02 -2.1413e-02 9.3030e-03 -2.8845e-02 5.8217e-03 1.1872e-01 7.1719e-02 3.6011e-02
6.2697e-02 6.2697e-02 -2.4201e-02 -2.1654e-02 -4.7097e-03 8.5871e-02 9.7019e-02 1.0000e+00 -8.8444e-01 -2.4827e-01 -2.4985e-01 -2.4708e-01 -2.4137e-01 5.7056e-01 3.6390e-01 4.7442e-01 -2.8020e-01 4.7300e-01 3.6190e-01 3.6190e-01 3.6129e-01 3.6129e-01 -2.7073e-01 4.7117e-01 4.2561e-01 -3.4522e-01 4.7117e-01 -2.6992e-01 4.6791e-01 4.1771e-01 3.3963e-01 2.6519e-01 -1.8457e-01 3.7910e-01 2.7546e-01 3.8260e-01 2.6702e-01 2.6906e-01 2.6353e-01 2.6353e-01 2.6353e-01 5.1535e-01 2.6353e-01 5.1535e-01 5.1052e-01 3.7973e-01 1.4112e-01 5.1535e-01 5.1535e-01 5.0903e-01 -2.6237e-01 3.8961e-01 3.6825e-01 3.6699e-01 3.6699e-01 3.6699e-01 3.7147e-01 2.1470e-01 5.5843e-01 3.7495e-01 3.7495e-01 3.8091e-01 3.6804e-01 2.2804e-01 3.3061e-01 1.6513e-01 -1.7557e-01 4.1832e-01 -2.9852e-01 -1.7475e-01 4.0714e-01 -3.5766e-02 4.1231e-01 4.0971e-01 4.0971e-01 4.0971e-01 4.0971e-01 4.0971e-01 4.0971e-01 4.0971e-01 4.0971e-01 4.0971e-01 4.0971e-01 -4.1411e-02 4.0971e-01 4.0971e-01 4.0971e-01 -2.0092e-01 3.0674e-03 -3.1833e-01 4.0971e-01 -2.0644e-01 4.0971e-01 4.0971e-01 -4.2283e-02 -2.0260e-01 4.0971e-01 -2.0092e-01 4.0971e-01 -3.5588e-02 4.0971e-01 4.0971e-01 -4.4893e-02 4.0971e-01 4.0971e-01 4.0971e-01 4.0971e-01 4.0971e-01 4.0971e-01 4.0971e-01 4.0714e-01 4.0971e-01 4.0971e-01 -5.3692e-02 4.0971e-01 4.0971e-01 4.0971e-01 4.0971e-01 4.0971e-01 4.0971e-01 4.0971e-01 -1.9695e-01 4.0971e-01 4.0971e-01 4.0971e-01 4.0971e-01 4.0971e-01 -1.9607e-01 -5.5467e-02 -1.9518e-01 -1.9518e-01 -5.6396e-02 -1.9607e-01 -5.6352e-02 4.0971e-01 -1.9253e-01 4.0971e-01 -1.9895e-01 4.0971e-01 -2.0574e-01 -2.0017e-01 -1.9764e-01 4.0971e-01 4.4024e-01 4.0971e-01 4.0971e-01 -1.9642e-01 4.0408e-01 -1.9387e-01 4.0408e-01 -5.2824e-02 -5.3710e-02 -5.4594e-02 3.9331e-01 2.0829e-01 2.4298e-04 -1.9190e-01 -1.9100e-01 2.0548e-01 -1.9100e-01 -1.9100e-01 -3.6288e-02 2.4298e-04 2.7012e-01 -1.0697e-01 2.5072e-01 -3.2988e-02 4.0628e-01 -1.9229e-01 3.1821e-01 -1.9318e-01 -2.2146e-01 -1.8276e-01 -1.9585e-01 -2.2417e-01 -1.9675e-01 2.7778e-01 -2.3051e-01 -2.0174e-01 -2.3051e-01 2.6143e-01 -1.9764e-01 -2.2606e-01 2.4099e-02 -2.2113e-01 2.5778e-01 -2.2380e-01 6.8902e-02 2.6578e-01 1.4343e-01
-5.7897e-02 -5.7897e-02 2.5406e-03 -3.4954e-03 2.4029e-02 -7.9055e-02 -1.5279e-01 -8.8444e-01 1.0000e+00 3.1129e-01 3.0742e-01 3.0477e-01 2.9919e-01 -6.5995e-01 -4.3452e-01 -5.5549e-01 3.4486e-01 -5.5395e-01 -4.3240e-01 -4.3240e-01 -4.3221e-01 -4.3221e-01 3.3568e-01 -5.5261e-01 -5.0345e-01 4.1481e-01 -5.5261e-01 3.3486e-01 -5.4973e-01 -4.0257e-01 -4.0935e-01 -3.3027e-01 2.3753e-01 -3.8192e-01 -2.7308e-01 -3.8521e-01 -2.6498e-01 -2.6677e-01 -2.6137e-01 -2.6137e-01 -2.6137e-01 -5.2365e-01 -2.6137e-01 -5.2365e-01 -5.1902e-01 -3.7993e-01 -1.3535e-01 -5.2365e-01 -5.2365e-01 -5.1684e-01 2.6048e-01 -3.9546e-01 -3.7317e-01 -3.7188e-01 -3.7188e-01 -3.7188e-01 -3.7587e-01 -2.9197e-01 -5.6192e-01 -3.7333e-01 -3.7333e-01 -3.7915e-01 -3.5445e-01 -2.9404e-01 -3.2787e-01 -2.1572e-01 1.5026e-01 -4.3895e-01 3.1520e-01 1.4941e-01 -4.2836e-01 6.8587e-02 -4.3376e-01 -4.3105e-01 -4.3105e-01 -4.3105e-01 -4.3105e-01 -4.3105e-01 -4.3105e-01 -4.3105e-01 -4.3105e-01 -4.3105e-01 -4.3105e-01 8.0217e-02 -4.3105e-01 -4.3105e-01 -4.3105e-01 1.7725e-01 8.7853e-04 3.3481e-01 -4.3105e-01 1.8265e-01 -4.3105e-01 -4.3105e-01 8.1089e-02 1.7900e-01 -4.3105e-01 1.7725e-01 -4.3105e-01 3.6808e-02 -4.3105e-01 -4.3105e-01 8.3696e-02 -4.3105e-01 -4.3105e-01 -4.3105e-01 -4.3105e-01 -4.3105e-01 -4.3105e-01 -4.3105e-01 -4.3635e-01 -4.3105e-01 -4.3105e-01 9.7615e-02 -4.3105e-01 -4.3105e-01 -4.3105e-01 -4.3105e-01 -4.3105e-01 -4.3105e-01 -4.3105e-01 1.7044e-01 -4.3105e-01 -4.3105e-01 -4.3105e-01 -4.3105e-01 -4.3105e-01 1.6953e-01 9.9355e-02 1.6862e-01 1.6862e-01 1.0025e-01 1.6953e-01 1.0022e-01 -4.3105e-01 1.6589e-01 -4.3105e-01 1.6680e-01 -4.3105e-01 1.7429e-01 1.7429e-01 1.6599e-01 -4.3105e-01 -4.5556e-01 -4.3105e-01 -4.3105e-01 1.7070e-01 -4.2572e-01 1.6239e-01 -4.2572e-01 9.6785e-02 9.7654e-02 9.8522e-02 -4.1502e-01 -1.8911e-01 2.5406e-03 1.6064e-01 1.5972e-01 -1.8024e-01 1.5972e-01 1.5972e-01 6.8391e-02 2.5406e-03 -2.5889e-01 7.6390e-02 -2.4038e-01 8.0602e-02 -4.2857e-01 1.5508e-01 -3.1682e-01 1.5599e-01 1.9105e-01 1.4610e-01 1.5873e-01 1.9335e-01 1.5964e-01 -2.8078e-01 1.9514e-01 1.6024e-01 1.9514e-01 -2.5046e-01 1.6056e-01 1.9527e-01 -2.1375e-02 1.8305e-01 -2.7318e-01 1.8579e-01 -6.2388e-02 -2.6983e-01 -1.4268e-01
-7.6511e-03 -7.6511e-03 -2.6817e-02 4.3733e-02 3.0041e-03 -4.1231e-02 -4.3435e-03 -2.4827e-01 3.1129e-01 1.0000e+00 9.2337e-01 9.2406e-01 9.1973e-01 -3.7748e-01 -5.6432e-01 -4.3450e-01 7.2491e-01 -4.3101e-01 -5.7106e-01 -5.7106e-01 -5.6488e-01 -5.6488e-01 7.1759e-01 -4.3223e-01 -3.8557e-01 5.5842e-01 -4.3223e-01 7.1914e-01 -4.2531e-01 -1.5703e-01 -5.5417e-01 -7.1339e-01 7.7499e-01 -2.2922e-01 -3.7955e-01 -2.3192e-01 -3.8796e-01 -3.8095e-01 -3.8095e-01 -3.8095e-01 -3.8095e-01 -7.7454e-02 -3.8095e-01 -7.7454e-02 -7.5839e-02 -1.3596e-01 -7.5794e-02 -7.7454e-02 -7.7454e-02 -8.3594e-02 3.7397e-01 5.5338e-02 -1.9578e-02 -2.1117e-02 -2.1117e-02 -2.1117e-02 -2.1238e-02 -1.0765e-01 -2.7315e-01 -2.4293e-02 -2.4293e-02 -2.8816e-02 -1.5417e-01 -1.1346e-01 2.4755e-02 -2.7253e-02 1.0162e-02 -1.1607e-01 1.0904e-01 7.3924e-03 -1.1257e-01 3.0334e-01 -1.1528e-01 -1.1080e-01 -1.1080e-01 -1.1080e-01 -1.1080e-01 -1.1080e-01 -1.1080e-01 -1.1080e-01 -1.1080e-01 -1.1080e-01 -1.1080e-01 4.3089e-02 -1.1080e-01 -1.1080e-01 -1.1080e-01 -1.5223e-02 5.9920e-02 2.6691e-02 -1.1080e-01 -1.5223e-02 -1.1080e-01 -1.1080e-01 4.6011e-02 -9.7070e-03 -1.1080e-01 -1.5223e-02 -1.1080e-01 1.1612e-01 -1.1080e-01 -1.1080e-01 4.1298e-02 -1.1080e-01 -1.1080e-01 -1.1080e-01 -1.1080e-01 -1.1080e-01 -1.1080e-01 -1.1080e-01 -1.1257e-01 -1.1080e-01 -1.1080e-01 9.9031e-02 -1.1080e-01 -1.1080e-01 -1.1080e-01 -1.1080e-01 -1.1080e-01 -1.1080e-01 -1.1080e-01 -6.6347e-02 -1.1080e-01 -1.1080e-01 -1.1080e-01 -1.1080e-01 -1.1080e-01 -6.4895e-02 9.5584e-02 -6.7653e-02 -6.7653e-02 1.1833e-01 -6.4895e-02 9.8570e-02 -1.1080e-01 -6.3300e-02 -1.1080e-01 -6.4750e-02 -1.1080e-01 -3.0543e-02 -3.0543e-02 -5.5453e-02 -1.1080e-01 -1.2549e-01 -1.1080e-01 -1.1080e-01 -2.9223e-02 -1.0903e-01 -5.4145e-02 -1.0903e-01 9.3431e-02 9.1727e-02 9.0027e-02 -1.0458e-01 1.0729e-02 4.7400e-02 -6.4197e-02 -6.6959e-02 6.5361e-02 -6.6959e-02 -6.6959e-02 3.2177e-01 4.7400e-02 -1.4268e-02 -1.5459e-01 -1.1072e-02 3.2467e-01 -1.3982e-01 -9.3072e-02 -1.2932e-01 -9.0319e-02 -6.9256e-02 -1.1321e-01 -9.8915e-02 -6.0159e-02 -1.0038e-01 -1.2084e-01 -9.2297e-02 -1.3210e-01 -9.2297e-02 -1.0809e-02 -1.0184e-01 -6.3121e-02 -4.0947e-02 -8.9997e-02 -1.9405e-02 -9.4367e-02 2.4903e-02 -3.3942e-02 -6.3838e-02
-1.4963e-02 -1.4963e-02 -3.2513e-02 4.4135e-02 1.6776e-02 -4.5730e-02 -1.7091e-02 -2.4985e-01 3.0742e-01 9.2337e-01 1.0000e+00 9.9151e-01 9.8724e-01 -4.0052e-01 -6.1192e-01 -4.7057e-01 7.8381e-01 -4.6721e-01 -6.1873e-01 -6.1873e-01 -6.1222e-01 -6.1222e-01 7.7637e-01 -4.6820e-01 -3.5850e-01 6.0361e-01 -4.6820e-01 7.7802e-01 -4.6124e-01 -1.6686e-01 -5.9944e-01 -7.7224e-01 8.6124e-01 -1.8901e-01 -3.5420e-01 -1.9194e-01 -3.6215e-01 -3.5569e-01 -3.5569e-01 -3.5569e-01 -3.5569e-01 -1.4089e-02 -3.5569e-01 -1.4089e-02 -1.2266e-02 -1.4466e-01 -8.0197e-02 -1.4089e-02 -1.4089e-02 -2.1731e-02 3.4828e-01 1.0784e-01 2.6116e-02 2.4444e-02 2.4444e-02 2.4444e-02 1.8934e-02 -8.8866e-02 -2.9954e-01 1.5629e-02 1.5629e-02 1.1180e-02 -1.6312e-01 -9.0865e-02 6.2831e-02 -3.5697e-03 4.8269e-02 -1.3519e-01 1.3809e-01 4.5659e-02 -1.3157e-01 3.2795e-01 -1.3405e-01 -1.2974e-01 -1.2974e-01 -1.2974e-01 -1.2974e-01 -1.2974e-01 -1.2974e-01 -1.2974e-01 -1.2974e-01 -1.2974e-01 -1.2974e-01 5.0043e-02 -1.2974e-01 -1.2974e-01 -1.2974e-01 6.0657e-03 5.0389e-02 6.2095e-02 -1.2974e-01 6.0657e-03 -1.2974e-01 -1.2974e-01 5.2798e-02 1.1279e-02 -1.2974e-01 6.0657e-03 -1.2974e-01 1.0975e-01 -1.2974e-01 -1.2974e-01 4.7800e-02 -1.2974e-01 -1.2974e-01 -1.2974e-01 -1.2974e-01 -1.2974e-01 -1.2974e-01 -1.2974e-01 -1.3157e-01 -1.2974e-01 -1.2974e-01 1.0192e-01 -1.2974e-01 -1.2974e-01 -1.2974e-01 -1.2974e-01 -1.2974e-01 -1.2974e-01 -1.2974e-01 -4.1516e-02 -1.2974e-01 -1.2974e-01 -1.2974e-01 -1.2974e-01 -1.2974e-01 -3.9985e-02 9.8283e-02 -4.2595e-02 -4.2595e-02 1.2230e-01 -3.9985e-02 1.0110e-01 -1.2974e-01 -3.8006e-02 -1.2974e-01 -3.9535e-02 -1.2974e-01 -7.9270e-03 -7.9270e-03 -3.1515e-02 -1.2974e-01 -1.4261e-01 -1.2974e-01 -1.2974e-01 -6.8312e-03 -1.2790e-01 -3.0432e-02 -1.2790e-01 9.5669e-02 9.3870e-02 9.2075e-02 -1.2361e-01 4.3873e-03 4.0497e-02 -7.4914e-03 -1.0115e-02 1.8923e-02 -1.0115e-02 -1.0115e-02 2.9428e-01 4.0497e-02 -2.5223e-02 -1.5138e-01 -2.1067e-02 2.9740e-01 -1.5783e-01 -4.3049e-02 -1.4023e-01 -4.0437e-02 -3.2726e-02 -6.3636e-02 -4.9185e-02 -2.2927e-02 -5.0721e-02 -1.2950e-01 -5.7355e-02 -8.4758e-02 -5.7355e-02 -2.1681e-02 -5.2258e-02 -2.6030e-02 -4.5080e-02 -3.9535e-02 -2.8853e-02 -4.4127e-02 1.3591e-02 -4.3566e-02 -3.3917e-02
-1.6071e-02 -1.6071e-02 -3.3383e-02 4.1752e-02 6.3102e-03 -4.8658e-02 -1.4791e-02 -2.4708e-01 3.0477e-01 9.2406e-01 9.9151e-01 1.0000e+00 9.9574e-01 -4.0411e-01 -6.0896e-01 -4.6566e-01 7.7863e-01 -4.6233e-01 -6.1579e-01 -6.1579e-01 -6.0921e-01 -6.0921e-01 7.7118e-01 -4.6324e-01 -3.5451e-01 5.9684e-01 -4.6324e-01 7.7284e-01 -4.5626e-01 -1.6839e-01 -5.9684e-01 -7.7118e-01 8.5798e-01 -1.9440e-01 -3.6124e-01 -1.9735e-01 -3.6912e-01 -3.6274e-01 -3.6274e-01 -3.6274e-01 -3.6274e-01 -1.8373e-02 -3.6274e-01 -1.8373e-02 -1.6541e-02 -1.4601e-01 -8.0884e-02 -1.8373e-02 -1.8373e-02 -2.6086e-02 3.5527e-01 1.0244e-01 2.0631e-02 1.8950e-02 1.8950e-02 1.8950e-02 1.3376e-02 -9.3349e-02 -3.0280e-01 1.0052e-02 1.0052e-02 5.6127e-03 -1.6452e-01 -9.5412e-02 5.6656e-02 -8.5879e-03 4.8950e-02 -1.3812e-01 1.3300e-01 4.6363e-02 -1.3447e-01 3.2411e-01 -1.3692e-01 -1.3264e-01 -1.3264e-01 -1.3264e-01 -1.3264e-01 -1.3264e-01 -1.3264e-01 -1.3264e-01 -1.3264e-01 -1.3264e-01 -1.3264e-01 4.4313e-02 -1.3264e-01 -1.3264e-01 -1.3264e-01 6.1176e-03 4.8964e-02 5.5102e-02 -1.3264e-01 6.1176e-03 -1.3264e-01 -1.3264e-01 4.7048e-02 1.1286e-02 -1.3264e-01 6.1176e-03 -1.3264e-01 1.0882e-01 -1.3264e-01 -1.3264e-01 4.2024e-02 -1.3264e-01 -1.3264e-01 -1.3264e-01 -1.3264e-01 -1.3264e-01 -1.3264e-01 -1.3264e-01 -1.3447e-01 -1.3264e-01 -1.3264e-01 9.6689e-02 -1.3264e-01 -1.3264e-01 -1.3264e-01 -1.3264e-01 -1.3264e-01 -1.3264e-01 -1.3264e-01 -4.2230e-02 -1.3264e-01 -1.3264e-01 -1.3264e-01 -1.3264e-01 -1.3264e-01 -4.4818e-02 9.7652e-02 -4.7405e-02 -4.7405e-02 1.2186e-01 -4.4818e-02 1.0044e-01 -1.3264e-01 -4.2773e-02 -1.3264e-01 -4.4316e-02 -1.3264e-01 -1.3130e-02 -1.3130e-02 -3.6506e-02 -1.3264e-01 -1.4523e-01 -1.3264e-01 -1.3264e-01 -1.2073e-02 -1.3079e-01 -3.5461e-02 -1.3079e-01 9.4972e-02 9.3159e-02 9.1350e-02 -1.2652e-01 -2.3764e-03 3.9465e-02 -1.2642e-02 -1.5243e-02 1.6087e-02 -1.5243e-02 -1.5243e-02 2.9021e-01 3.9465e-02 -2.6884e-02 -1.5261e-01 -2.2583e-02 2.9921e-01 -1.6059e-01 -4.7909e-02 -1.4192e-01 -4.5321e-02 -3.0125e-02 -6.8592e-02 -5.4102e-02 -2.0207e-02 -5.5652e-02 -1.3084e-01 -5.5029e-02 -9.0155e-02 -5.5029e-02 -2.3329e-02 -5.7204e-02 -2.3335e-02 -4.5717e-02 -4.4316e-02 -3.2110e-02 -4.8950e-02 1.1887e-02 -4.5031e-02 -3.6309e-02
-1.6071e-02 -1.6071e-02 -3.3383e-02 4.1752e-02 6.3102e-03 -4.4506e-02 -1.4791e-02 -2.4137e-01 2.9919e-01 9.1973e-01 9.8724e-01 9.9574e-01 1.0000e+00 -4.0901e-01 -6.1315e-01 -4.7021e-01 7.8276e-01 -4.6687e-01 -6.1997e-01 -6.1997e-01 -6.1340e-01 -6.1340e-01 7.7530e-01 -4.6780e-01 -3.5892e-01 6.0100e-01 -4.6780e-01 7.7696e-01 -4.6083e-01 -1.7777e-01 -6.0100e-01 -7.7530e-01 8.6236e-01 -1.9876e-01 -3.6536e-01 -2.0171e-01 -3.7324e-01 -3.6686e-01 -3.6686e-01 -3.6686e-01 -3.6686e-01 -2.3373e-02 -3.6686e-01 -2.3373e-02 -2.1550e-02 -1.5654e-01 -8.0884e-02 -2.3373e-02 -2.3373e-02 -3.1030e-02 3.5939e-01 9.7869e-02 1.6156e-02 1.4479e-02 1.4479e-02 1.4479e-02 8.9289e-03 -9.3349e-02 -3.0809e-01 5.6127e-03 5.6127e-03 1.1737e-03 -1.6452e-01 -9.5412e-02 5.2343e-02 -8.5879e-03 5.3083e-02 -1.4417e-01 1.3775e-01 5.0496e-02 -1.4056e-01 3.2411e-01 -1.4305e-01 -1.3875e-01 -1.3875e-01 -1.3875e-01 -1.3875e-01 -1.3875e-01 -1.3875e-01 -1.3875e-01 -1.3875e-01 -1.3875e-01 -1.3875e-01 4.4313e-02 -1.3875e-01 -1.3875e-01 -1.3875e-01 1.0231e-02 4.8964e-02 6.0456e-02 -1.3875e-01 1.0231e-02 -1.3875e-01 -1.3875e-01 4.7048e-02 1.5400e-02 -1.3875e-01 1.0231e-02 -1.3875e-01 1.0882e-01 -1.3875e-01 -1.3875e-01 4.2024e-02 -1.3875e-01 -1.3875e-01 -1.3875e-01 -1.3875e-01 -1.3875e-01 -1.3875e-01 -1.3875e-01 -1.4056e-01 -1.3875e-01 -1.3875e-01 9.6689e-02 -1.3875e-01 -1.3875e-01 -1.3875e-01 -1.3875e-01 -1.3875e-01 -1.3875e-01 -1.3875e-01 -3.8096e-02 -1.3875e-01 -1.3875e-01 -1.3875e-01 -1.3875e-01 -1.3875e-01 -4.0685e-02 9.7652e-02 -4.3273e-02 -4.3273e-02 1.2186e-01 -4.0685e-02 1.0044e-01 -1.3875e-01 -3.8644e-02 -1.3875e-01 -4.0186e-02 -1.3875e-01 -8.9816e-03 -8.9816e-03 -3.2367e-02 -1.3875e-01 -1.5172e-01 -1.3875e-01 -1.3875e-01 -7.9218e-03 -1.3692e-01 -3.1319e-02 -1.3692e-01 9.4972e-02 9.3159e-02 9.1350e-02 -1.3264e-01 -6.5705e-03 3.9465e-02 -8.4967e-03 -1.1098e-02 1.1916e-02 -1.1098e-02 -1.1098e-02 2.9021e-01 3.9465e-02 -2.6884e-02 -1.4826e-01 -2.2583e-02 2.9921e-01 -1.6680e-01 -4.3775e-02 -1.4192e-01 -4.1186e-02 -2.5928e-02 -6.4450e-02 -4.9964e-02 -1.6024e-02 -5.1514e-02 -1.3084e-01 -5.0791e-02 -8.5981e-02 -5.0791e-02 -2.3329e-02 -5.3064e-02 -1.9149e-02 -4.5717e-02 -4.0186e-02 -3.8035e-02 -4.4818e-02 1.1887e-02 -4.5031e-02 -3.6309e-02
4.6186e-02 4.6186e-02 5.8333e-04 4.9473e-03 2.9658e-02 7.4281e-02 3.0425e-02 5.7056e-01 -6.5995e-01 -3.7748e-01 -4.0052e-01 -4.0411e-01 -4.0901e-01 1.0000e+00 6.6046e-01 8.5752e-01 -5.0071e-01 8.5544e-01 6.5293e-01 6.5293e-01 6.5491e-01 6.5491e-01 -4.9322e-01 8.5122e-01 7.8513e-01 -6.2567e-01 8.5122e-01 -4.9221e-01 8.3440e-01 3.7052e-01 6.2087e-01 4.8847e-01 -3.6943e-01 2.9336e-01 1.4085e-01 2.9565e-01 1.5837e-01 1.5397e-01 1.5397e-01 1.5397e-01 1.5397e-01 4.9139e-01 1.5397e-01 4.9139e-01 4.8777e-01 3.1320e-01 1.7037e-01 4.9139e-01 4.9139e-01 4.8240e-01 -1.5473e-01 3.6847e-01 3.3097e-01 3.2949e-01 3.2949e-01 3.2949e-01 3.2069e-01 2.0036e-01 5.2727e-01 3.1780e-01 3.1780e-01 3.2291e-01 2.6552e-01 2.0563e-01 2.7060e-01 1.4120e-01 -2.0462e-01 3.9960e-01 -4.2637e-01 -2.0833e-01 3.9134e-01 -6.2981e-02 3.9712e-01 3.9422e-01 3.9422e-01 3.9422e-01 3.9422e-01 3.9422e-01 3.9422e-01 3.9422e-01 3.9422e-01 3.9422e-01 3.9422e-01 9.3463e-03 3.9422e-01 3.9422e-01 3.9422e-01 -2.4185e-01 -2.6088e-02 -3.0576e-01 3.9422e-01 -2.4185e-01 3.9422e-01 3.9422e-01 8.1775e-03 -2.4401e-01 3.9422e-01 -2.4185e-01 3.9422e-01 -4.5572e-02 3.9422e-01 3.9422e-01 4.6830e-03 3.9422e-01 3.9422e-01 3.9422e-01 3.9422e-01 3.9422e-01 3.9422e-01 3.9422e-01 3.9835e-01 3.9422e-01 3.9422e-01 -1.4489e-01 3.9422e-01 3.9422e-01 3.9422e-01 3.9422e-01 3.9422e-01 3.9422e-01 3.9422e-01 -1.0561e-01 3.9422e-01 3.9422e-01 3.9422e-01 3.9422e-01 3.9422e-01 -1.0450e-01 -1.4699e-01 -1.0340e-01 -1.0340e-01 -1.3863e-01 -1.0450e-01 -1.4803e-01 3.9422e-01 -1.0483e-01 3.9422e-01 -1.0594e-01 3.9422e-01 -1.0914e-01 -1.0914e-01 -9.9100e-02 3.9422e-01 3.8783e-01 3.9422e-01 3.9422e-01 -1.0661e-01 3.9006e-01 -9.6559e-02 3.9006e-01 -1.3529e-01 -1.3635e-01 -1.3740e-01 3.8015e-01 1.2262e-01 2.1542e-02 -1.0101e-01 -9.9899e-02 1.1988e-01 -9.9899e-02 -9.9899e-02 -5.9052e-02 2.1542e-02 2.2956e-01 -1.1588e-01 2.0665e-01 -6.8412e-02 4.0184e-01 -9.2448e-02 2.4981e-01 -9.3554e-02 -1.3942e-01 -8.7027e-02 -9.6879e-02 -1.3384e-01 -9.7989e-02 2.0253e-01 -1.4956e-01 -1.1255e-01 -1.4956e-01 2.2298e-01 -9.9100e-02 -1.3614e-01 8.4506e-02 -1.2495e-01 2.6431e-01 -1.1877e-01 3.4584e-02 2.1956e-01 9.4841e-02
6.4172e-02 6.4172e-02 -4.6525e-03 -1.6729e-02 3.7116e-02 2.0485e-02 -6.5950e-02 3.6390e-01 -4.3452e-01 -5.6432e-01 -6.1192e-01 -6.0896e-01 -6.1315e-01 6.6046e-01 1.0000e+00 7.7020e-01 -7.5405e-01 7.6760e-01 9.8764e-01 9.8764e-01 9.9382e-01 9.9382e-01 -7.4897e-01 7.6647e-01 6.8274e-01 -4.6995e-01 7.6647e-01 -7.4744e-01 7.5374e-01 2.7112e-01 4.6585e-01 7.4490e-01 -5.6168e-01 5.0910e-01 2.6205e-01 5.0917e-01 2.8328e-01 2.7661e-01 2.7661e-01 2.7661e-01 2.7661e-01 2.5707e-01 2.7661e-01 2.5707e-01 2.5457e-01 2.3650e-01 1.0808e-01 2.5707e-01 2.5707e-01 2.6957e-01 -2.8090e-01 1.4444e-01 1.2605e-01 1.2855e-01 1.2855e-01 1.2855e-01 1.3912e-01 1.9262e-02 3.5345e-01 1.3534e-01 1.3534e-01 1.3971e-01 1.9013e-01 2.0824e-02 1.0018e-01 -4.6229e-02 -3.0552e-01 2.6099e-01 -3.3676e-01 -3.0393e-01 2.5552e-01 -1.8953e-01 2.6207e-01 2.5878e-01 2.5878e-01 2.5878e-01 2.5878e-01 2.5878e-01 2.5878e-01 2.5878e-01 2.5878e-01 2.5878e-01 2.5878e-01 1.6758e-01 2.5878e-01 2.5878e-01 2.5878e-01 -3.4383e-01 -1.4497e-02 -2.3079e-01 2.5878e-01 -3.4383e-01 2.5878e-01 2.5878e-01 1.6568e-01 -3.4710e-01 2.5878e-01 -3.4383e-01 2.5878e-01 -6.9000e-02 2.5878e-01 2.5878e-01 1.7302e-01 2.5878e-01 2.5878e-01 2.5878e-01 2.5878e-01 2.5878e-01 2.5878e-01 2.5878e-01 2.6151e-01 2.5878e-01 2.5878e-01 8.6439e-02 2.5878e-01 2.5878e-01 2.5878e-01 2.5878e-01 2.5878e-01 2.5878e-01 2.5878e-01 -2.5773e-01 2.5878e-01 2.5878e-01 2.5878e-01 2.5878e-01 2.5878e-01 -2.5603e-01 8.7108e-02 -2.5434e-01 -2.5434e-01 6.1945e-02 -2.5603e-01 8.5171e-02 2.5878e-01 -2.5333e-01 2.5878e-01 -2.5502e-01 2.5878e-01 -2.6877e-01 -2.6877e-01 -2.5334e-01 2.5878e-01 2.6119e-01 2.5878e-01 2.5878e-01 -2.6813e-01 2.5603e-01 -2.5268e-01 2.5603e-01 8.8445e-02 9.1041e-02 8.9113e-02 2.5276e-01 2.4014e-01 1.3280e-02 -2.6361e-01 -2.6190e-01 2.3853e-01 -2.6190e-01 -2.6190e-01 -1.6511e-01 1.3280e-02 1.3171e-01 -1.9395e-01 1.1980e-01 -1.7105e-01 2.8161e-01 -2.4721e-01 1.7087e-01 -2.4891e-01 -2.2301e-01 -2.2821e-01 -2.3364e-01 -2.3606e-01 -2.3534e-01 1.5538e-01 -2.0220e-01 -2.0092e-01 -2.0220e-01 1.2714e-01 -2.3704e-01 -2.3545e-01 8.5814e-02 -2.5502e-01 1.9810e-01 -2.4789e-01 1.8834e-02 1.4191e-01 1.0456e-02
4.1019e-02 4.1019e-02 5.1625e-03 1.1216e-02 1.7689e-02 5.3366e-02 5.8225e-02 4.7442e-01 -5.5549e-01 -4.3450e-01 -4.7057e-01 -4.6566e-01 -4.7021e-01 8.5752e-01 7.7020e-01 1.0000e+00 -5.8390e-01 9.9758e-01 7.6256e-01 7.6256e-01 7.6603e-01 7.6603e-01 -5.7743e-01 9.9515e-01 9.1801e-01 -7.3190e-01 9.9515e-01 -5.7626e-01 9.8055e-01 3.5398e-01 7.2746e-01 5.7302e-01 -4.3322e-01 1.9933e-01 2.4995e-02 2.0101e-01 4.6397e-02 4.1323e-02 4.1323e-02 4.1323e-02 4.1323e-02 4.1479e-01 4.1323e-02 4.1479e-01 4.1167e-01 3.0928e-01 1.4449e-01 4.1479e-01 4.1479e-01 4.3114e-01 -4.3266e-02 3.1437e-01 2.7903e-01 2.7740e-01 2.7740e-01 2.7740e-01 2.7247e-01 2.3222e-01 4.7855e-01 2.6927e-01 2.6927e-01 2.7401e-01 2.6167e-01 2.3610e-01 2.4817e-01 1.7229e-01 -1.6645e-01 3.7824e-01 -4.5335e-01 -1.6962e-01 3.7139e-01 -1.0750e-01 3.7757e-01 3.7446e-01 3.7446e-01 3.7446e-01 3.7446e-01 3.7446e-01 3.7446e-01 3.7446e-01 3.7446e-01 3.7446e-01 3.7446e-01 -6.5698e-02 3.7446e-01 3.7446e-01 3.7446e-01 -2.1244e-01 -4.4903e-02 -3.6032e-01 3.7446e-01 -2.1244e-01 3.7446e-01 3.7446e-01 -6.6998e-02 -2.1496e-01 3.7446e-01 -2.1244e-01 3.7446e-01 -5.3144e-02 3.7446e-01 3.7446e-01 -7.0885e-02 3.7446e-01 3.7446e-01 3.7446e-01 3.7446e-01 3.7446e-01 3.7446e-01 3.7446e-01 3.7789e-01 3.7446e-01 3.7446e-01 -1.9853e-01 3.7446e-01 3.7446e-01 3.7446e-01 3.7446e-01 3.7446e-01 3.7446e-01 3.7446e-01 -9.9667e-02 3.7446e-01 3.7446e-01 3.7446e-01 3.7446e-01 3.7446e-01 -9.8379e-02 -2.0091e-01 -9.7093e-02 -9.7093e-02 -2.0037e-01 -9.8379e-02 -2.0210e-01 3.7446e-01 -9.7650e-02 3.7446e-01 -9.8934e-02 3.7446e-01 -1.0710e-01 -1.0710e-01 -9.5440e-02 3.7446e-01 3.6904e-01 3.7446e-01 3.7446e-01 -1.0528e-01 3.7102e-01 -9.3602e-02 3.7102e-01 -1.9091e-01 -1.8720e-01 -1.8841e-01 3.6141e-01 6.1158e-02 5.1625e-03 -1.0321e-01 -1.0191e-01 6.3898e-02 -1.0191e-01 -1.0191e-01 -1.0864e-01 5.1625e-03 1.8599e-01 -9.8542e-02 1.6718e-01 -1.1668e-01 3.8363e-01 -9.6539e-02 2.3870e-01 -9.7827e-02 -7.7233e-02 -8.9179e-02 -9.7278e-02 -7.8813e-02 -9.8569e-02 2.0837e-01 -1.0076e-01 -1.2000e-01 -1.0076e-01 1.8023e-01 -9.9861e-02 -8.1441e-02 6.6824e-02 -1.2099e-01 2.4359e-01 -1.1603e-01 6.1935e-02 1.7916e-01 5.7138e-02
-2.5014e-02 -2.5014e-02 -3.4574e-02 3.1004e-02 -5.4436e-02 -9.4191e-03 7.7476e-02 -2.8020e-01 3.4486e-01 7.2491e-01 7.8381e-01 7.7863e-01 7.8276e-01 -5.0071e-01 -7.5405e-01 -5.8390e-01 1.0000e+00 -5.8092e-01 -7.6125e-01 -7.6125e-01 -7.5343e-01 -7.5343e-01 9.9200e-01 -5.8107e-01 -4.8407e-01 7.8417e-01 -5.8107e-01 9.8999e-01 -5.6938e-01 -2.0344e-01 -7.7610e-01 -9.8400e-01 7.4096e-01 -3.0696e-01 -5.3950e-01 -3.1038e-01 -5.5016e-01 -5.4527e-01 -5.4527e-01 -5.4527e-01 -5.4527e-01 -1.0885e-01 -5.4527e-01 -1.0885e-01 -1.0680e-01 -1.7694e-01 -7.7518e-02 -1.0885e-01 -1.0885e-01 -1.1820e-01 5.3640e-01 2.1527e-02 -5.9753e-02 -6.1685e-02 -6.1685e-02 -6.1685e-02 -6.8899e-02 -1.5229e-01 -3.4039e-01 -6.8418e-02 -6.8418e-02 -7.2724e-02 -1.2841e-01 -1.5171e-01 -3.4736e-02 -6.9211e-02 7.4139e-02 -1.6678e-01 2.0111e-01 7.1981e-02 -1.6243e-01 2.6074e-01 -1.6993e-01 -1.6617e-01 -1.6617e-01 -1.6617e-01 -1.6617e-01 -1.6617e-01 -1.6617e-01 -1.6617e-01 -1.6617e-01 -1.6617e-01 -1.6617e-01 -4.1295e-02 -1.6617e-01 -1.6617e-01 -1.6617e-01 1.3700e-01 5.8232e-02 1.1916e-01 -1.6617e-01 1.3700e-01 -1.6617e-01 -1.6617e-01 -3.8942e-02 1.4132e-01 -1.6617e-01 1.3700e-01 -1.6617e-01 9.1015e-02 -1.6617e-01 -1.6617e-01 -4.4716e-02 -1.6617e-01 -1.6617e-01 -1.6617e-01 -1.6617e-01 -1.6617e-01 -1.6617e-01 -1.6617e-01 -1.6834e-01 -1.6617e-01 -1.6617e-01 1.9566e-02 -1.6617e-01 -1.6617e-01 -1.6617e-01 -1.6617e-01 -1.6617e-01 -1.6617e-01 -1.6617e-01 7.6357e-02 -1.6617e-01 -1.6617e-01 -1.6617e-01 -1.6617e-01 -1.6617e-01 7.8179e-02 1.5413e-02 7.5993e-02 7.5993e-02 3.8217e-02 7.8179e-02 1.7821e-02 -1.6617e-01 7.7453e-02 -1.6617e-01 7.9637e-02 -1.6617e-01 1.0347e-01 1.0347e-01 8.3665e-02 -1.6617e-01 -1.7145e-01 -1.6617e-01 -1.6617e-01 1.0386e-01 -1.6398e-01 8.4039e-02 -1.6398e-01 1.1628e-02 9.5728e-03 7.5223e-03 -1.6024e-01 -9.5971e-02 1.8420e-02 1.0489e-01 1.0269e-01 -8.6838e-02 1.0269e-01 1.0269e-01 2.4319e-01 1.8420e-02 -7.2280e-02 -7.8849e-02 -6.5744e-02 2.4171e-01 -1.9130e-01 7.8545e-02 -1.1888e-01 8.0733e-02 7.6032e-02 5.9938e-02 7.1254e-02 8.4383e-02 7.3444e-02 -9.8508e-02 4.5431e-02 3.0559e-02 4.5431e-02 -6.8494e-02 7.1620e-02 8.4785e-02 -5.9882e-02 8.3643e-02 -1.0697e-01 7.8179e-02 -3.4000e-02 -8.7518e-02 -8.0015e-02
4.0672e-02 4.0672e-02 4.9060e-03 1.0595e-02 1.8845e-02 5.1396e-02 5.5384e-02 4.7300e-01 -5.5395e-01 -4.3101e-01 -4.6721e-01 -4.6233e-01 -4.6687e-01 8.5544e-01 7.6760e-01 9.9758e-01 -5.8092e-01 1.0000e+00 7.5996e-01 7.5996e-01 7.6344e-01 7.6344e-01 -5.7446e-01 9.9274e-01 9.1556e-01 -7.2927e-01 9.9274e-01 -5.7328e-01 9.7816e-01 3.5311e-01 7.2483e-01 5.7006e-01 -4.2962e-01 1.9757e-01 2.2881e-02 1.9925e-01 4.4274e-02 3.9189e-02 3.9189e-02 3.9189e-02 3.9189e-02 4.1321e-01 3.9189e-02 4.1321e-01 4.1010e-01 3.0851e-01 1.4411e-01 4.1321e-01 4.1321e-01 4.2952e-01 -4.1150e-02 3.1267e-01 2.7729e-01 2.7566e-01 2.7566e-01 2.7566e-01 2.7072e-01 2.2963e-01 4.7701e-01 2.6751e-01 2.6751e-01 2.7225e-01 2.6093e-01 2.3349e-01 2.5090e-01 1.7408e-01 -1.6827e-01 3.8345e-01 -4.5670e-01 -1.7144e-01 3.7665e-01 -1.0822e-01 3.8288e-01 3.7975e-01 3.7975e-01 3.7975e-01 3.7975e-01 3.7975e-01 3.7975e-01 3.7975e-01 3.7975e-01 3.7975e-01 3.7975e-01 -6.7130e-02 3.7975e-01 3.7975e-01 3.7975e-01 -2.1440e-01 -4.5207e-02 -3.6463e-01 3.7975e-01 -2.1440e-01 3.7975e-01 3.7975e-01 -6.8431e-02 -2.1693e-01 3.7975e-01 -2.1440e-01 3.7975e-01 -5.3273e-02 3.7975e-01 3.7975e-01 -7.2325e-02 3.7975e-01 3.7975e-01 3.7975e-01 3.7975e-01 3.7975e-01 3.7975e-01 3.7975e-01 3.8315e-01 3.7975e-01 3.7975e-01 -1.9966e-01 3.7975e-01 3.7975e-01 3.7975e-01 3.7975e-01 3.7975e-01 3.7975e-01 3.7975e-01 -1.0198e-01 3.7975e-01 3.7975e-01 3.7975e-01 3.7975e-01 3.7975e-01 -1.0069e-01 -2.0204e-01 -9.9403e-02 -9.9403e-02 -2.0146e-01 -1.0069e-01 -2.0323e-01 3.7975e-01 -9.9945e-02 3.7975e-01 -1.0123e-01 3.7975e-01 -1.0949e-01 -1.0949e-01 -9.7796e-02 3.7975e-01 3.6788e-01 3.7975e-01 3.7975e-01 -1.0768e-01 3.7633e-01 -9.5970e-02 3.7633e-01 -1.9207e-01 -1.8837e-01 -1.8958e-01 3.6671e-01 6.3769e-02 4.9060e-03 -1.0558e-01 -1.0428e-01 6.6424e-02 -1.0428e-01 -1.0428e-01 -1.0944e-01 4.9060e-03 1.8534e-01 -1.0002e-01 1.6659e-01 -1.1746e-01 3.8241e-01 -9.8865e-02 2.3792e-01 -1.0016e-01 -7.9838e-02 -9.1551e-02 -9.9623e-02 -8.1367e-02 -1.0092e-01 2.0772e-01 -1.0346e-01 -1.2247e-01 -1.0346e-01 1.7959e-01 -1.0221e-01 -8.4003e-02 6.6558e-02 -1.2327e-01 2.4878e-01 -1.1833e-01 6.1425e-02 1.7856e-01 5.6421e-02
