1.0000e+00 1.1024e-02 4.2110e-02 -1.5441e-02 -4.1729e-02 -4.3166e-02 7.7779e-03 -4.1293e-02 -2.0389e-02 -1.0564e-02 -1.6636e-02 -1.9667e-02 -2.5215e-02 -2.5458e-02 2.3695e-02 8.1050e-03 -5.1847e-03 -4.7941e-02 -4.7941e-02 -2.7400e-02 4.6294e-02 5.1689e-02 -1.9978e-02 -2.0560e-02 -8.7288e-02 4.6294e-02 4.6294e-02 -2.3216e-02 -7.3852e-02 7.1045e-02 -4.5731e-03 -4.5731e-03 7.1045e-02 -7.1258e-02 -1.3661e-02 -7.4231e-02 3.1017e-03 -3.0461e-02 -4.7372e-02 -3.0461e-02 1.7341e-03 6.9982e-02 -4.7372e-02 -8.8079e-03 4.2066e-03 -5.2909e-02 -4.7372e-02 -3.2332e-02 -4.7372e-02 -6.8453e-02 -4.7372e-02 -6.8453e-02 -6.8453e-02 -7.0625e-02 -7.0625e-02 -7.0625e-02 -7.0625e-02 -7.0625e-02 -7.0625e-02 -7.0625e-02 -7.0625e-02 -7.0625e-02 -7.0625e-02 -5.2660e-02 -7.2803e-02 -7.2803e-02 -4.8610e-02 -7.2803e-02 -7.2803e-02 -7.4990e-02 -7.4990e-02 -7.4990e-02 -7.4990e-02 2.8714e-02 -7.4990e-02 -7.4990e-02 -4.4710e-02 -7.4990e-02 -7.4990e-02 -7.4990e-02 -7.4990e-02 -7.2803e-02 -7.2803e-02 -7.2803e-02 -6.2939e-02 -6.2939e-02 1.2693e-02 -7.2803e-02 -6.2939e-02 -6.2939e-02 -6.2939e-02 -6.2939e-02 -6.0908e-02 -6.7856e-02 -7.7555e-02 -3.9685e-02 -3.5890e-02 8.1591e-02 8.1591e-02 6.9064e-02 8.2064e-02 1.2207e-02 7.6280e-02 6.4697e-02 5.0748e-02 -2.6669e-03 -2.5564e-02 3.2694e-03 -1.2912e-02 3.0742e-03 3.1320e-03 -1.0448e-02 2.4815e-02 3.1320e-03 -1.1711e-02 3.1020e-02 3.1320e-03
1.1024e-02 1.0000e+00 -1.0373e-02 -1.4488e-02 2.9768e-02 -2.4688e-03 4.0716e-02 1.2856e-02 4.0754e-02 2.3535e-02 2.4863e-02 2.1993e-02 2.2758e-02 2.3042e-02 -2.6858e-02 -5.4298e-03 3.6956e-02 -2.6508e-02 -2.6508e-02 -5.4053e-02 -2.9588e-02 -2.6439e-02 -5.8695e-02 -6.1029e-02 -4.2165e-02 -2.9588e-02 -2.9588e-02 -7.1772e-02 -3.2046e-02 5.3655e-02 -5.8405e-02 -5.8405e-02 5.3655e-02 -3.0849e-02 3.1424e-02 -4.0212e-02 -5.2562e-02 -3.1793e-02 -9.7814e-03 -3.1793e-02 -4.8988e-02 5.8479e-02 -9.7814e-03 2.3329e-02 -4.7802e-02 -2.0323e-03 -1.7666e-02 -3.0717e-02 -1.7666e-02 -4.8387e-02 -1.7666e-02 -4.8387e-02 -4.8387e-02 -4.7228e-02 -4.7228e-02 -4.7228e-02 -4.7228e-02 -4.7228e-02 -4.7228e-02 -4.7228e-02 -4.7228e-02 -4.7228e-02 -4.7228e-02 -3.4554e-02 -4.6067e-02 -4.6067e-02 -2.1230e-02 -4.6067e-02 -4.6067e-02 -4.4902e-02 -4.4902e-02 -4.4902e-02 -4.4902e-02 -1.9236e-02 -4.4902e-02 -4.4902e-02 -1.1522e-02 -4.4902e-02 -4.4902e-02 -4.4902e-02 -4.4902e-02 -4.6067e-02 -4.6067e-02 -4.6067e-02 -4.3702e-02 -4.3702e-02 -9.8506e-02 -4.6067e-02 -4.3702e-02 -4.3702e-02 -4.3702e-02 -4.3702e-02 -3.9392e-02 -4.5931e-02 -4.6067e-02 -1.4163e-02 -1.2434e-02 4.7163e-02 4.7163e-02 4.0341e-02 6.2617e-02 -8.1079e-02 3.4807e-02 4.0949e-02 3.8089e-02 1.5093e-02 4.4357e-02 -1.1958e-02 2.9764e-02 -4.4986e-02 -4.2620e-02 5.1027e-03 5.4349e-02 -4.2620e-02 5.2372e-02 5.9089e-02 -4.2620e-02
4.2110e-02 -1.0373e-02 1.0000e+00 -1.1694e-01 -6.0222e-02 -4.0476e-02 2.4151e-02 -3.2948e-02 -6.2924e-02 2.7773e-02 3.2519e-02 3.9622e-02 3.3704e-02 3.9031e-02 -3.2361e-02 -1.8947e-02 -2.1194e-02 5.8038e-02 5.8038e-02 -3.6585e-02 -3.8320e-02 -3.9402e-02 -4.1903e-02 -4.8461e-02 -7.7569e-04 -3.8320e-02 -3.8320e-02 -3.3135e-02 5.5933e-03 2.9539e-02 -2.8379e-02 -2.8379e-02 2.9539e-02 4.8868e-03 5.7048e-02 6.9999e-03 -2.5870e-02 8.6568e-03 2.9945e-03 8.6568e-03 -3.5674e-02 2.1909e-02 2.9945e-03 5.6223e-02 -2.0466e-02 -2.4439e-02 2.9945e-03 8.0328e-03 2.9945e-03 1.1858e-02 2.9945e-03 1.1858e-02 1.1858e-02 1.1170e-02 1.1170e-02 1.1170e-02 1.1170e-02 1.1170e-02 1.1170e-02 1.1170e-02 1.1170e-02 1.1170e-02 1.1170e-02 -2.6625e-02 1.0480e-02 1.0480e-02 4.9780e-03 1.0480e-02 1.0480e-02 9.7879e-03 9.7879e-03 9.7879e-03 9.7879e-03 -5.0174e-02 9.7879e-03 9.7879e-03 3.9820e-03 9.7879e-03 9.7879e-03 9.7879e-03 9.7879e-03 1.0480e-02 1.0480e-02 1.0480e-02 3.8010e-02 3.8010e-02 3.7433e-02 1.0480e-02 3.8010e-02 3.8010e-02 3.8010e-02 3.8010e-02 3.8635e-02 3.9259e-02 1.0480e-02 -1.0627e-02 -1.1543e-02 -2.4933e-02 -2.4933e-02 -5.2397e-02 8.5765e-03 9.7648e-02 -4.9144e-02 -5.2396e-02 -3.3084e-02 -2.7672e-02 -3.6893e-02 6.0270e-02 -3.5913e-02 9.7465e-02 5.8930e-02 -4.2709e-02 -9.4313e-02 5.8930e-02 -2.4662e-02 -8.4057e-02 5.8930e-02
-1.5441e-02 -1.4488e-02 -1.1694e-01 1.0000e+00 5.8341e-02 -5.7165e-02 -1.1197e-01 -4.6534e-02 3.2908e-01 5.5923e-02 5.1438e-02 6.1454e-02 4.7534e-02 6.0620e-02 -6.7017e-02 1.0520e-01 -2.9932e-02 -2.2640e-01 -2.2640e-01 -7.8649e-02 1.5684e-01 1.5255e-01 -6.9348e-02 -6.7654e-02 -2.5991e-01 1.5684e-01 1.5684e-01 -7.2704e-02 -3.1589e-01 2.0211e-01 -1.2927e-01 -1.2927e-01 2.0211e-01 -3.1076e-01 -2.3522e-01 -2.9967e-01 -1.2607e-01 -1.8794e-01 -1.1830e-01 -1.8794e-01 -1.2847e-01 1.8082e-01 -1.1830e-01 -2.3908e-01 -1.2927e-01 -7.7498e-02 -1.1830e-01 -1.8896e-01 -1.1830e-01 -2.9609e-01 -1.1830e-01 -2.9609e-01 -2.9609e-01 -2.9753e-01 -2.9753e-01 -2.9753e-01 -2.9753e-01 -2.9753e-01 -2.9753e-01 -2.9753e-01 -2.9753e-01 -2.9753e-01 -2.9753e-01 -1.3030e-01 -2.9241e-01 -2.9241e-01 -1.1653e-01 -2.9241e-01 -2.9241e-01 -2.9385e-01 -2.9385e-01 -2.9385e-01 -2.9385e-01 2.1686e-01 -2.9385e-01 -2.9385e-01 -1.1742e-01 -2.9385e-01 -2.9385e-01 -2.9385e-01 -2.9385e-01 -2.9241e-01 -2.9241e-01 -2.9241e-01 -2.4953e-01 -2.4953e-01 -9.5854e-02 -2.9241e-01 -2.4953e-01 -2.4953e-01 -2.4953e-01 -2.4953e-01 -2.4830e-01 -2.4088e-01 -2.8585e-01 -1.2005e-01 -1.2092e-01 2.8500e-01 2.8500e-01 2.4700e-01 1.8419e-01 -1.0207e-01 2.7611e-01 1.5128e-01 1.9853e-01 2.5151e-01 8.4935e-02 3.5230e-02 1.3186e-02 2.9215e-02 -8.1590e-02 -6.0318e-02 5.9962e-02 -8.1590e-02 7.4644e-02 4.8094e-02 -8.1590e-02
-4.1729e-02 2.9768e-02 -6.0222e-02 5.8341e-02 1.0000e+00 6.7211e-01 2.0412e-01 5.4711e-01 2.6011e-01 1.4374e-01 1.4666e-01 5.7953e-02 1.4739e-01 5.7563e-02 -1.5108e-01 -1.2689e-02 -1.4193e-02 -2.6133e-01 -2.6133e-01 -2.8219e-02 -3.8689e-02 -1.1884e-02 -2.6597e-02 -2.5783e-02 -1.1573e-01 -3.8689e-02 -3.8689e-02 2.3760e-02 -1.0165e-01 1.3014e-01 -1.7511e-02 -1.7511e-02 1.3014e-01 -1.0229e-01 2.6299e-02 -1.0038e-01 -1.5824e-02 -1.9367e-02 -6.8921e-02 -1.9367e-02 -1.7090e-02 9.5796e-02 -6.8921e-02 4.8296e-02 -1.7511e-02 -4.8296e-02 -6.8921e-02 -1.9803e-02 -6.8921e-02 -7.1677e-02 -6.8921e-02 -7.1677e-02 -7.1677e-02 -7.2256e-02 -7.2256e-02 -7.2256e-02 -7.2256e-02 -7.2256e-02 -7.2256e-02 -7.2256e-02 -7.2256e-02 -7.2256e-02 -7.2256e-02 -8.0747e-02 -6.0631e-02 -6.0631e-02 -6.8192e-02 -6.0631e-02 -6.0631e-02 -6.1196e-02 -6.1196e-02 -6.1196e-02 -6.1196e-02 -4.4953e-02 -6.1196e-02 -6.1196e-02 -6.8557e-02 -6.1196e-02 -6.1196e-02 -6.1196e-02 -6.1196e-02 -6.0631e-02 -6.0631e-02 -6.0631e-02 -3.8578e-02 -3.8578e-02 1.0105e-01 -6.0631e-02 -3.8578e-02 -3.8578e-02 -3.8578e-02 -3.8578e-02 -3.8087e-02 -4.9125e-02 -7.2838e-02 -6.9645e-02 -7.0006e-02 6.2905e-02 6.2905e-02 4.0059e-02 1.0105e-01 9.5796e-02 8.1248e-02 1.0363e-01 1.0815e-01 2.5961e-01 5.2764e-01 1.4254e-01 -6.5228e-02 6.0139e-02 1.5536e-01 2.2962e-01 -5.1293e-02 1.5536e-01 -3.2059e-02 -4.3296e-02 1.5536e-01
-4.3166e-02 -2.4688e-03 -4.0476e-02 -5.7165e-02 6.7211e-01 1.0000e+00 3.0584e-01 8.1403e-01 4.2569e-01 1.0243e-01 1.0438e-01 1.0734e-01 1.0487e-01 1.0709e-01 -1.0734e-01 -8.5281e-03 -9.5395e-03 -2.4245e-01 -2.4245e-01 -7.6985e-02 -2.6003e-02 -2.6375e-02 -7.6086e-02 -7.5637e-02 -8.0645e-02 -2.6003e-02 -2.6003e-02 1.2374e-03 -7.1083e-02 9.9809e-02 -7.1146e-02 -7.1146e-02 9.9809e-02 -7.1517e-02 3.2771e-02 -7.0221e-02 -7.0246e-02 -3.0077e-02 -4.6322e-02 -3.0077e-02 -7.0921e-02 9.4616e-02 -4.6322e-02 3.2460e-02 -7.1146e-02 -3.2460e-02 -4.6322e-02 -3.0382e-02 -4.6322e-02 -6.7260e-02 -4.6322e-02 -6.7260e-02 -6.7260e-02 -6.7678e-02 -6.7678e-02 -6.7678e-02 -6.7678e-02 -6.7678e-02 -6.7678e-02 -6.7678e-02 -6.7678e-02 -6.7678e-02 -6.7678e-02 -5.4270e-02 -6.8097e-02 -6.8097e-02 -4.5832e-02 -6.8097e-02 -6.8097e-02 -6.8518e-02 -6.8518e-02 -6.8518e-02 -6.8518e-02 -3.0213e-02 -6.8518e-02 -6.8518e-02 -4.6078e-02 -6.8518e-02 -6.8518e-02 -6.8518e-02 -6.8518e-02 -6.8097e-02 -6.8097e-02 -6.8097e-02 -5.1813e-02 -5.1813e-02 3.8737e-02 -6.8097e-02 -5.1813e-02 -5.1813e-02 -5.1813e-02 -5.1813e-02 -5.1454e-02 -5.1096e-02 -6.8097e-02 -4.6809e-02 -4.7052e-02 6.9792e-02 6.9792e-02 5.2898e-02 9.8628e-02 1.6017e-02 8.3568e-02 9.9776e-02 1.0407e-01 2.2398e-01 4.1650e-01 1.0626e-01 -4.3840e-02 4.3338e-04 2.5658e-01 3.5681e-01 -6.6169e-02 2.5658e-01 -2.1547e-02 -5.9310e-02 2.5658e-01
7.7779e-03 4.0716e-02 2.4151e-02 -1.1197e-01 2.0412e-01 3.0584e-01 1.0000e+00 2.4896e-01 5.5393e-02 2.2686e-01 1.8465e-01 1.9475e-01 1.8633e-01 1.9931e-01 -1.9475e-01 -2.7884e-02 -3.1191e-02 -1.7515e-01 -1.7515e-01 -6.2308e-02 3.0875e-02 4.2437e-02 -6.4524e-02 -6.8533e-02 1.6164e-02 3.0875e-02 3.0875e-02 -2.2682e-02 5.4352e-03 -3.9954e-02 -8.0041e-02 -8.0041e-02 -3.9954e-02 4.3910e-03 -5.7169e-02 1.3942e-02 -7.6498e-02 4.8837e-02 -1.1640e-01 4.8837e-02 -8.5057e-02 -1.2617e-04 -1.1640e-01 -4.7749e-02 -8.0041e-02 -9.4297e-02 -1.1640e-01 4.7945e-02 -1.1640e-01 -2.9828e-02 -1.1640e-01 -2.9828e-02 -2.9828e-02 -3.0910e-02 -3.0910e-02 -3.0910e-02 -3.0910e-02 -3.0910e-02 -3.0910e-02 -3.0910e-02 -3.0910e-02 -3.0910e-02 -3.0910e-02 -6.8599e-02 -2.5617e-02 -2.5617e-02 -1.1450e-01 -2.5617e-02 -2.5617e-02 -2.6697e-02 -2.6697e-02 -2.6697e-02 -2.6697e-02 4.0082e-02 -2.6697e-02 -2.6697e-02 -1.1545e-01 -2.6697e-02 -2.6697e-02 -2.6697e-02 -2.6697e-02 -2.5617e-02 -2.5617e-02 -2.5617e-02 -4.3287e-02 -4.3287e-02 -1.2808e-01 -2.5617e-02 -4.3287e-02 -4.3287e-02 -4.3287e-02 -4.3287e-02 -4.2254e-02 -5.3274e-02 -3.1996e-02 -1.1828e-01 -1.1921e-01 1.7123e-02 1.7123e-02 4.0340e-02 -6.2813e-03 -7.0643e-02 -1.6493e-02 1.8362e-02 1.8966e-02 1.7834e-02 1.2334e-01 -5.1716e-02 -7.0070e-02 -8.0156e-02 1.4677e-01 1.2993e-01 -1.0071e-02 1.4677e-01 -3.5880e-02 -1.7448e-02 1.4677e-01
-4.1293e-02 1.2856e-02 -3.2948e-02 -4.6534e-02 5.4711e-01 8.1403e-01 2.4896e-01 1.0000e+00 3.3537e-01 7.7220e-02 7.8819e-02 8.1245e-02 7.9221e-02 8.1042e-02 -8.1245e-02 -6.9421e-03 -7.7654e-03 -2.8574e-01 -2.8574e-01 -5.6137e-02 -2.1167e-02 -2.1470e-02 -5.5383e-02 -5.5007e-02 -1.0353e-01 -2.1167e-02 -2.1167e-02 -5.7454e-02 -9.4428e-02 1.2207e-01 -5.1230e-02 -5.1230e-02 1.2207e-01 -9.4839e-02 2.6677e-02 -9.3612e-02 -5.0472e-02 -5.6722e-02 -3.7708e-02 -5.6722e-02 -5.1041e-02 1.1701e-01 -3.7708e-02 2.6423e-02 -5.1230e-02 -2.6423e-02 -3.7708e-02 -5.6993e-02 -3.7708e-02 -9.0818e-02 -3.7708e-02 -9.0818e-02 -9.0818e-02 -9.1212e-02 -9.1212e-02 -9.1212e-02 -9.1212e-02 -9.1212e-02 -9.1212e-02 -9.1212e-02 -9.1212e-02 -9.1212e-02 -9.1212e-02 -4.4178e-02 -9.1607e-02 -9.1607e-02 -3.7309e-02 -9.1607e-02 -9.1607e-02 -9.2004e-02 -9.2004e-02 -9.2004e-02 -9.2004e-02 -2.4594e-02 -9.2004e-02 -9.2004e-02 -3.7508e-02 -9.2004e-02 -9.2004e-02 -9.2004e-02 -9.2004e-02 -9.1607e-02 -9.1607e-02 -9.1607e-02 -7.6418e-02 -7.6418e-02 -4.9722e-02 -9.1607e-02 -7.6418e-02 -7.6418e-02 -7.6418e-02 -7.6418e-02 -7.6087e-02 -7.5757e-02 -9.1607e-02 -3.8104e-02 -3.8301e-02 9.3207e-02 9.3207e-02 7.7419e-02 1.2091e-01 -5.0944e-02 1.0634e-01 1.0399e-01 1.2624e-01 2.4780e-01 5.1533e-01 1.2337e-01 -3.5687e-02 1.4003e-02 3.2388e-01 4.4351e-01 -9.1131e-02 3.2388e-01 -1.7540e-02 -9.7464e-02 3.2388e-01
-2.0389e-02 4.0754e-02 -6.2924e-02 3.2908e-01 2.6011e-01 4.2569e-01 5.5393e-02 3.3537e-01 1.0000e+00 2.5949e-01 2.6372e-01 2.7017e-01 2.5747e-01 2.6232e-01 -2.6286e-01 -1.8822e-02 -2.1054e-02 -6.2082e-01 -6.2082e-01 -1.0426e-01 7.9514e-02 7.6899e-02 -1.0206e-01 -1.0095e-01 -3.3632e-01 7.9514e-02 7.9514e-02 -5.3970e-02 -3.9675e-01 3.2286e-01 -1.6940e-01 -1.6940e-01 3.2286e-01 -3.9808e-01 -1.9704e-01 -3.9410e-01 -1.6746e-01 -2.9321e-01 -7.8570e-02 -2.9321e-01 -1.6892e-01 2.9979e-01 -7.8570e-02 -2.0002e-01 -1.6940e-01 -5.5661e-02 -7.8570e-02 -2.9405e-01 -7.8570e-02 -3.8504e-01 -7.8570e-02 -3.8504e-01 -3.8504e-01 -3.8631e-01 -3.8631e-01 -3.8631e-01 -3.8631e-01 -3.8631e-01 -3.8631e-01 -3.8631e-01 -3.8631e-01 -3.8631e-01 -3.8631e-01 -8.8289e-02 -3.8759e-01 -3.8759e-01 -7.7289e-02 -3.8759e-01 -3.8759e-01 -3.8888e-01 -3.8888e-01 -3.8888e-01 -3.8888e-01 1.8897e-01 -3.8888e-01 -3.8888e-01 -7.7931e-02 -3.8888e-01 -3.8888e-01 -3.8888e-01 -3.8888e-01 -3.8759e-01 -3.8759e-01 -3.8759e-01 -3.4712e-01 -3.4712e-01 -4.7764e-02 -3.8759e-01 -3.4712e-01 -3.4712e-01 -3.4712e-01 -3.4712e-01 -3.4607e-01 -3.4501e-01 -3.8759e-01 -7.9839e-02 -8.0469e-02 3.8412e-01 3.8412e-01 3.4214e-01 3.1010e-01 -6.1964e-02 4.1750e-01 2.7442e-01 2.6484e-01 5.0300e-01 1.7318e-01 7.8469e-02 -3.4932e-02 -7.0354e-02 7.9514e-02 1.3975e-01 9.3012e-02 7.9514e-02 6.9130e-02 9.4335e-02 7.9514e-02
-1.0564e-02 2.3535e-02 2.7773e-02 5.5923e-02 1.4374e-01 1.0243e-01 2.2686e-01 7.7220e-02 2.5949e-01 1.0000e+00 9.7587e-01 9.5241e-01 9.6383e-01 9.4627e-01 -9.3225e-01 5.5036e-02 -8.1137e-02 -9.0555e-02 -9.0555e-02 -1.3411e-01 1.6540e-02 1.0261e-02 -1.2906e-01 -1.2868e-01 5.7603e-02 1.6540e-02 1.6540e-02 -1.1620e-01 2.6454e-02 -6.4912e-02 -1.5578e-01 -1.5578e-01 -6.4912e-02 2.8574e-02 -5.3915e-02 3.1823e-02 -1.6401e-01 1.0553e-01 -1.3905e-01 1.0553e-01 -1.7103e-01 -5.8950e-02 -1.3905e-01 -5.9394e-02 -1.6897e-01 -1.3483e-01 -1.3251e-01 1.0319e-01 -1.3251e-01 2.1907e-02 -1.3251e-01 2.1907e-02 2.1907e-02 1.9238e-02 1.9238e-02 1.9238e-02 1.9238e-02 1.9238e-02 1.9238e-02 1.9238e-02 1.9238e-02 1.9238e-02 1.9238e-02 -5.5682e-02 2.1319e-02 2.1319e-02 -1.3932e-01 2.1319e-02 2.1319e-02 1.8642e-02 1.8642e-02 1.8642e-02 1.8642e-02 4.4327e-02 1.8642e-02 1.8642e-02 -1.2933e-01 1.8642e-02 1.8642e-02 1.8642e-02 1.8642e-02 2.1319e-02 2.1319e-02 2.1319e-02 -1.6384e-02 -1.6384e-02 -1.1908e-02 2.1319e-02 -1.6384e-02 -1.6384e-02 -1.6384e-02 -1.6384e-02 -1.3808e-02 -2.0224e-02 2.1319e-02 -1.2583e-01 -1.2899e-01 -5.7763e-03 -5.7763e-03 3.3186e-02 -3.8625e-02 9.4208e-03 -3.0982e-02 -9.9438e-03 -7.7054e-02 1.5518e-01 1.0717e-01 1.6155e-01 -9.9630e-02 6.2531e-02 2.7345e-02 -3.4102e-02 8.1195e-02 2.7345e-02 3.5910e-02 8.1325e-02 2.7345e-02
-1.6636e-02 2.4863e-02 3.2519e-02 5.1438e-02 1.4666e-01 1.0438e-01 1.8465e-01 7.8819e-02 2.6372e-01 9.7587e-01 1.0000e+00 9.7614e-01 9.8791e-01 9.7005e-01 -9.5602e-01 5.5933e-02 -7.9836e-02 -9.5951e-02 -9.5951e-02 -1.2707e-01 1.9592e-02 1.3370e-02 -1.2215e-01 -1.2183e-01 4.9377e-02 1.9592e-02 1.9592e-02 -1.0900e-01 1.7774e-02 -5.7577e-02 -1.4945e-01 -1.4945e-01 -5.7577e-02 1.9914e-02 -5.7693e-02 2.3083e-02 -1.5778e-01 9.3834e-02 -1.3326e-01 9.3834e-02 -1.6470e-01 -5.1398e-02 -1.3326e-01 -6.3124e-02 -1.6261e-01 -1.3070e-01 -1.2673e-01 9.1528e-02 -1.2673e-01 1.3015e-02 -1.2673e-01 1.3015e-02 1.3015e-02 1.0376e-02 1.0376e-02 1.0376e-02 1.0376e-02 1.0376e-02 1.0376e-02 1.0376e-02 1.0376e-02 1.0376e-02 1.0376e-02 -4.9123e-02 1.2478e-02 1.2478e-02 -1.3358e-01 1.2478e-02 1.2478e-02 9.8310e-03 9.8310e-03 9.8310e-03 9.8310e-03 4.7821e-02 9.8310e-03 9.8310e-03 -1.2359e-01 9.8310e-03 9.8310e-03 9.8310e-03 9.8310e-03 1.2478e-02 1.2478e-02 1.2478e-02 -2.6177e-02 -2.6177e-02 -4.6325e-03 1.2478e-02 -2.6177e-02 -2.6177e-02 -2.6177e-02 -2.6177e-02 -2.3631e-02 -3.0058e-02 1.2478e-02 -1.2001e-01 -1.2314e-01 2.9343e-03 2.9343e-03 4.2870e-02 -3.1294e-02 1.6830e-02 -2.2960e-02 -1.8420e-03 -6.9873e-02 1.5882e-01 1.0891e-01 1.4726e-01 -9.4218e-02 3.1993e-02 3.0375e-02 -3.1748e-02 9.8391e-02 3.0375e-02 3.8393e-02 9.9403e-02 3.0375e-02
-1.9667e-02 2.1993e-02 3.9622e-02 6.1454e-02 5.7953e-02 1.0734e-01 1.9475e-01 8.1245e-02 2.7017e-01 9.5241e-01 9.7614e-01 1.0000e+00 9.7606e-01 9.9398e-01 -9.4380e-01 5.7300e-02 -7.7931e-02 -1.0405e-01 -1.0405e-01 -1.6151e-01 2.4159e-02 1.8019e-02 -1.5692e-01 -1.5677e-01 3.7120e-02 2.4159e-02 2.4159e-02 -1.4294e-01 4.8244e-03 -4.6654e-02 -1.8600e-01 -1.8600e-01 -4.6654e-02 6.9954e-03 -6.3361e-02 1.0045e-02 -1.9466e-01 7.6421e-02 -1.2468e-01 7.6421e-02 -2.0130e-01 -4.0149e-02 -1.2468e-01 -6.8722e-02 -1.9913e-01 -1.2459e-01 -1.1817e-01 7.4159e-02 -1.1817e-01 -2.5342e-04 -1.1817e-01 -2.5342e-04 -2.5342e-04 -2.8481e-03 -2.8481e-03 -2.8481e-03 -2.8481e-03 -2.8481e-03 -2.8481e-03 -2.8481e-03 -2.8481e-03 -2.8481e-03 -2.8481e-03 -3.9355e-02 -7.1545e-04 -7.1545e-04 -1.2509e-01 -7.1545e-04 -7.1545e-04 -3.3186e-03 -3.3186e-03 -3.3186e-03 -3.3186e-03 5.3060e-02 -3.3186e-03 -3.3186e-03 -1.1508e-01 -3.3186e-03 -3.3186e-03 -3.3186e-03 -3.3186e-03 -7.1545e-04 -7.1545e-04 -7.1545e-04 -4.0811e-02 -4.0811e-02 -4.1636e-02 -7.1545e-04 -4.0811e-02 -4.0811e-02 -4.0811e-02 -4.0811e-02 -3.8308e-02 -4.4755e-02 -7.1545e-04 -1.1138e-01 -1.1445e-01 1.5940e-02 1.5940e-02 5.7349e-02 -2.0363e-02 -1.9211e-02 -1.0996e-02 1.0252e-02 -5.9187e-02 1.6433e-01 1.1158e-01 1.3604e-01 -8.6184e-02 1.0985e-02 3.4913e-02 -2.8251e-02 1.0582e-01 3.4913e-02 4.2119e-02 1.0431e-01 3.4913e-02
-2.5215e-02 2.2758e-02 3.3704e-02 4.7534e-02 1.4739e-01 1.0487e-01 1.8633e-01 7.9221e-02 2.5747e-01 9.6383e-01 9.8791e-01 9.7606e-01 1.0000e+00 9.7803e-01 -9.6400e-01 5.6159e-02 -7.9514e-02 -9.7301e-02 -9.7301e-02 -1.3710e-01 2.0354e-02 1.4146e-02 -1.3225e-01 -1.3197e-01 4.7327e-02 2.0354e-02 2.0354e-02 -1.1892e-01 1.5611e-02 -5.5750e-02 -1.5993e-01 -1.5993e-01 -5.5750e-02 1.7756e-02 -5.8637e-02 2.0904e-02 -1.6833e-01 9.0922e-02 -1.3182e-01 9.0922e-02 -1.7519e-01 -4.9517e-02 -1.3182e-01 -6.4056e-02 -1.7308e-01 -1.3848e-01 -1.2530e-01 8.8623e-02 -1.2530e-01 1.0798e-02 -1.2530e-01 1.0798e-02 1.0798e-02 8.1672e-03 8.1672e-03 8.1672e-03 8.1672e-03 8.1672e-03 8.1672e-03 8.1672e-03 8.1672e-03 8.1672e-03 8.1672e-03 -4.7489e-02 1.0274e-02 1.0274e-02 -1.3216e-01 1.0274e-02 1.0274e-02 7.6343e-03 7.6343e-03 7.6343e-03 7.6343e-03 4.8694e-02 7.6343e-03 7.6343e-03 -1.2217e-01 7.6343e-03 7.6343e-03 7.6343e-03 7.6343e-03 1.0274e-02 1.0274e-02 1.0274e-02 -2.8620e-02 -2.8620e-02 -2.8185e-03 1.0274e-02 -2.8620e-02 -2.8620e-02 -2.8620e-02 -2.8620e-02 -2.6081e-02 -3.2512e-02 1.0274e-02 -1.1856e-01 -1.2168e-01 5.1065e-03 5.1065e-03 4.5287e-02 -2.9467e-02 1.8678e-02 -2.0961e-02 1.7817e-04 -6.8085e-02 1.5973e-01 1.0935e-01 1.5075e-01 -9.2872e-02 3.4451e-02 3.1131e-02 -3.1163e-02 9.7590e-02 3.1131e-02 3.9014e-02 9.8874e-02 3.1131e-02
-2.5458e-02 2.3042e-02 3.9031e-02 6.0620e-02 5.7563e-02 1.0709e-01 1.9931e-01 8.1042e-02 2.6232e-01 9.4627e-01 9.7005e-01 9.9398e-01 9.7803e-01 1.0000e+00 -9.4580e-01 5.7185e-02 -7.8087e-02 -1.0338e-01 -1.0338e-01 -1.6292e-01 3.4535e-02 2.8247e-02 -1.5832e-01 -1.5816e-01 3.3178e-02 3.4535e-02 3.4535e-02 -1.4437e-01 1.1135e-03 -4.7561e-02 -1.8733e-01 -1.8733e-01 -4.7561e-02 3.2744e-03 -7.1602e-02 6.3568e-03 -1.9599e-01 7.7867e-02 -1.3190e-01 7.7867e-02 -2.0263e-01 -4.1083e-02 -1.3190e-01 -7.7044e-02 -2.0046e-01 -1.3388e-01 -1.2539e-01 7.5601e-02 -1.2539e-01 -3.8724e-03 -1.2539e-01 -3.8724e-03 -3.8724e-03 -6.4777e-03 -6.4777e-03 -6.4777e-03 -6.4777e-03 -6.4777e-03 -6.4777e-03 -6.4777e-03 -6.4777e-03 -6.4777e-03 -6.4777e-03 -4.5939e-02 -4.3547e-03 -4.3547e-03 -1.3236e-01 -4.3547e-03 -4.3547e-03 -6.9686e-03 -6.9686e-03 -6.9686e-03 -6.9686e-03 5.2623e-02 -6.9686e-03 -6.9686e-03 -1.2232e-01 -6.9686e-03 -6.9686e-03 -6.9686e-03 -6.9686e-03 -4.3547e-03 -4.3547e-03 -4.3547e-03 -4.4076e-02 -4.4076e-02 -4.2548e-02 -4.3547e-03 -4.4076e-02 -4.4076e-02 -4.4076e-02 -4.4076e-02 -4.1565e-02 -4.8005e-02 -4.3547e-03 -1.1855e-01 -1.2160e-01 1.4858e-02 1.4858e-02 6.0643e-02 -2.1271e-02 -2.0141e-02 -1.1991e-02 9.2468e-03 -5.4638e-02 1.6387e-01 1.1135e-01 1.3027e-01 -9.3650e-02 9.7529e-03 3.4535e-02 -2.8541e-02 1.0825e-01 3.4535e-02 4.1808e-02 1.0658e-01 3.4535e-02
2.3695e-02 -2.6858e-02 -3.2361e-02 -6.7017e-02 -1.5108e-01 -1.0734e-01 -1.9475e-01 -8.1245e-02 -2.6286e-01 -9.3225e-01 -9.5602e-01 -9.4380e-01 -9.6400e-01 -9.4580e-01 1.0000e+00 -5.7300e-02 7.7931e-02 1.1691e-01 1.1691e-01 1.1877e-01 -2.4159e-02 -1.8019e-02 1.1403e-01 1.1380e-01 -8.1752e-02 -2.4159e-02 -2.4159e-02 1.0043e-01 -4.7901e-02 9.4742e-02 1.4225e-01 1.4225e-01 9.4742e-02 -5.0140e-02 6.3361e-02 -5.2988e-02 1.5074e-01 -1.2284e-01 1.3769e-01 -1.2284e-01 1.5750e-01 8.7259e-02 1.3769e-01 6.8722e-02 1.5538e-01 1.3337e-01 1.3118e-01 -1.2061e-01 1.3118e-01 -4.2236e-02 1.3118e-01 -4.2236e-02 -4.2236e-02 -3.9705e-02 -3.9705e-02 -3.9705e-02 -3.9705e-02 -3.9705e-02 -3.9705e-02 -3.9705e-02 -3.9705e-02 -3.9705e-02 -3.9705e-02 5.0898e-02 -4.1901e-02 -4.1901e-02 1.3821e-01 -4.1901e-02 -4.1901e-02 -3.9362e-02 -3.9362e-02 -3.9362e-02 -3.9362e-02 -5.3060e-02 -3.9362e-02 -3.9362e-02 1.2815e-01 -3.9362e-02 -3.9362e-02 -3.9362e-02 -3.9362e-02 -4.1901e-02 -4.1901e-02 -4.1901e-02 4.7226e-04 4.7226e-04 -1.1546e-02 -4.1901e-02 4.7226e-04 4.7226e-04 4.7226e-04 4.7226e-04 -1.9848e-03 4.5075e-03 -4.1901e-02 1.2428e-01 1.2088e-01 2.2172e-02 2.2172e-02 -2.1370e-02 6.2908e-02 -3.3134e-02 5.9816e-03 -2.0189e-02 5.3752e-02 -1.6433e-01 -1.1158e-01 -1.6018e-01 9.2983e-02 -3.7787e-02 -3.4913e-02 2.8251e-02 -6.9230e-02 -3.4913e-02 -4.2119e-02 -7.2118e-02 -3.4913e-02
8.1050e-03 -5.4298e-03 -1.8947e-02 1.0520e-01 -1.2689e-02 -8.5281e-03 -2.7884e-02 -6.9421e-03 -1.8822e-02 5.5036e-02 5.5933e-02 5.7300e-02 5.6159e-02 5.7185e-02 -5.7300e-02 1.0000e+00 -4.4654e-03 2.2025e-02 2.2025e-02 -9.7447e-03 2.4293e-01 2.3942e-01 -9.2374e-03 -8.9828e-03 -8.5678e-02 2.4293e-01 2.4293e-01 -1.0627e-02 -7.9532e-02 -2.8391e-02 -6.3962e-03 -6.3962e-03 -2.8391e-02 -4.1901e-02 -1.2245e-01 -4.1255e-02 -5.8691e-03 -5.4864e-02 2.9764e-02 -5.4864e-02 -6.2648e-03 -2.9295e-02 2.9764e-02 -1.2377e-01 -6.3962e-03 5.4286e-02 2.9764e-02 -5.5036e-02 2.9764e-02 -3.9780e-02 2.9764e-02 -3.9780e-02 -3.9780e-02 -3.9988e-02 -3.9988e-02 -3.9988e-02 -3.9988e-02 -3.9988e-02 -3.9988e-02 -3.9988e-02 -3.9988e-02 -3.9988e-02 -3.9988e-02 2.0232e-02 -4.0197e-02 -4.0197e-02 3.0428e-02 -4.0197e-02 -4.0197e-02 -4.0406e-02 -4.0406e-02 -4.0406e-02 -4.0406e-02 1.3406e-01 -4.0406e-02 -4.0406e-02 3.0094e-02 -4.0406e-02 -4.0406e-02 -4.0406e-02 -4.0406e-02 -4.0197e-02 -4.0197e-02 -4.0197e-02 -3.2130e-02 -3.2130e-02 1.3460e-02 -4.0197e-02 -3.2130e-02 -3.2130e-02 -3.2130e-02 -3.2130e-02 -3.1953e-02 -3.1776e-02 -4.0197e-02 2.9114e-02 2.8794e-02 4.1041e-02 4.1041e-02 3.2664e-02 -2.8592e-02 1.2096e-02 4.7930e-02 -3.1866e-02 -2.7681e-02 -1.5628e-02 -7.7733e-03 7.0941e-02 3.3241e-02 -3.7218e-03 -1.2172e-02 -8.9986e-03 -2.0259e-02 -1.2172e-02 -1.0086e-02 -2.4228e-02 -1.2172e-02
-5.1847e-03 3.6956e-02 -2.1194e-02 -2.9932e-02 -1.4193e-02 -9.5395e-03 -3.1191e-02 -7.7654e-03 -2.1054e-02 -8.1137e-02 -7.9836e-02 -7.7931e-02 -7.9514e-02 -7.8087e-02 7.7931e-02 -4.4654e-03 1.0000e+00 2.4637e-02 2.4637e-02 1.0254e-01 -1.3615e-02 -1.3810e-02 1.0348e-01 1.0396e-01 3.5754e-02 -1.3615e-02 -1.3615e-02 1.0093e-01 3.8043e-02 -3.1758e-02 1.0894e-01 1.0894e-01 -3.1758e-02 3.7934e-02 1.7159e-02 3.8260e-02 1.0999e-01 5.0610e-02 -2.4255e-02 5.0610e-02 1.0920e-01 -3.2769e-02 -2.4255e-02 1.6996e-02 1.0894e-01 -1.6996e-02 -2.4255e-02 5.0498e-02 -2.4255e-02 3.9019e-02 -2.4255e-02 3.9019e-02 3.9019e-02 3.8911e-02 3.8911e-02 3.8911e-02 3.8911e-02 3.8911e-02 3.8911e-02 3.8911e-02 3.8911e-02 3.8911e-02 3.8911e-02 -2.8417e-02 3.8802e-02 3.8802e-02 -2.3998e-02 3.8802e-02 3.8802e-02 3.8694e-02 3.8694e-02 3.8694e-02 3.8694e-02 -1.5820e-02 3.8694e-02 3.8694e-02 -2.4127e-02 3.8694e-02 3.8694e-02 3.8694e-02 3.8694e-02 3.8802e-02 3.8802e-02 3.8802e-02 4.3349e-02 4.3349e-02 1.5618e-01 3.8802e-02 4.3349e-02 4.3349e-02 4.3349e-02 4.3349e-02 4.3457e-02 4.3566e-02 3.8802e-02 6.6812e-02 6.6316e-02 -3.8369e-02 -3.8369e-02 -4.3023e-02 -3.1983e-02 7.8351e-02 -3.5096e-02 -3.5645e-02 -3.0964e-02 -1.7481e-02 -8.6951e-03 2.2434e-02 -2.2955e-02 5.1152e-02 -1.3615e-02 -1.0066e-02 -5.8619e-02 -1.3615e-02 -1.1282e-02 -6.2693e-02 -1.3615e-02
-4.7941e-02 -2.6508e-02 5.8038e-02 -2.2640e-01 -2.6133e-01 -2.4245e-01 -1.7515e-01 -2.8574e-01 -6.2082e-01 -9.0555e-02 -9.5951e-02 -1.0405e-01 -9.7301e-02 -1.0338e-01 1.1691e-01 2.2025e-02 2.4637e-02 1.0000e+00 1.0000e+00 6.9163e-02 -7.0578e-02 -6.7813e-02 6.6415e-02 6.5036e-02 3.7148e-01 -7.0578e-02 -7.0578e-02 6.0331e-02 3.4109e-01 -3.6517e-01 5.1049e-02 5.1049e-02 -3.6517e-01 3.4246e-01 2.6954e-02 3.4601e-01 4.8203e-02 2.3007e-01 9.8800e-02 2.3007e-01 5.0339e-02 -3.4120e-01 9.8800e-02 2.8708e-02 5.1049e-02 8.3832e-02 9.8800e-02 2.3096e-01 9.8800e-02 3.2907e-01 9.8800e-02 3.2907e-01 3.2907e-01 3.3038e-01 3.3038e-01 3.3038e-01 3.3038e-01 3.3038e-01 3.3038e-01 3.3038e-01 3.3038e-01 3.3038e-01 3.3038e-01 1.0320e-01 3.3170e-01 3.3170e-01 1.0786e-01 3.3170e-01 3.3170e-01 3.3302e-01 3.3302e-01 3.3302e-01 3.3302e-01 -2.6994e-02 3.3302e-01 3.3302e-01 9.8081e-02 3.3302e-01 3.3302e-01 3.3302e-01 3.3302e-01 3.3170e-01 3.3170e-01 3.3170e-01 2.8849e-01 2.8849e-01 1.3221e-01 3.3170e-01 2.8849e-01 2.8849e-01 2.8849e-01 2.8849e-01 2.8739e-01 2.8629e-01 3.3170e-01 1.0023e-01 1.0094e-01 -3.2940e-01 -3.2940e-01 -2.8462e-01 -3.2756e-01 1.4487e-01 -3.6479e-01 -2.9348e-01 -3.1712e-01 -5.1748e-01 -3.0016e-01 3.3585e-02 6.9682e-02 1.0099e-01 -8.7795e-02 -1.5655e-01 -2.3278e-02 -8.7795e-02 -6.7615e-02 -1.9333e-02 -8.7795e-02
-4.7941e-02 -2.6508e-02 5.8038e-02 -2.2640e-01 -2.6133e-01 -2.4245e-01 -1.7515e-01 -2.8574e-01 -6.2082e-01 -9.0555e-02 -9.5951e-02 -1.0405e-01 -9.7301e-02 -1.0338e-01 1.1691e-01 2.2025e-02 2.4637e-02 1.0000e+00 1.0000e+00 6.9163e-02 -7.0578e-02 -6.7813e-02 6.6415e-02 6.5036e-02 3.7148e-01 -7.0578e-02 -7.0578e-02 6.0331e-02 3.4109e-01 -3.6517e-01 5.1049e-02 5.1049e-02 -3.6517e-01 3.4246e-01 2.6954e-02 3.4601e-01 4.8203e-02 2.3007e-01 9.8800e-02 2.3007e-01 5.0339e-02 -3.4120e-01 9.8800e-02 2.8708e-02 5.1049e-02 8.3832e-02 9.8800e-02 2.3096e-01 9.8800e-02 3.2907e-01 9.8800e-02 3.2907e-01 3.2907e-01 3.3038e-01 3.3038e-01 3.3038e-01 3.3038e-01 3.3038e-01 3.3038e-01 3.3038e-01 3.3038e-01 3.3038e-01 3.3038e-01 1.0320e-01 3.3170e-01 3.3170e-01 1.0786e-01 3.3170e-01 3.3170e-01 3.3302e-01 3.3302e-01 3.3302e-01 3.3302e-01 -2.6994e-02 3.3302e-01 3.3302e-01 9.8081e-02 3.3302e-01 3.3302e-01 3.3302e-01 3.3302e-01 3.3170e-01 3.3170e-01 3.3170e-01 2.8849e-01 2.8849e-01 1.3221e-01 3.3170e-01 2.8849e-01 2.8849e-01 2.8849e-01 2.8849e-01 2.8739e-01 2.8629e-01 3.3170e-01 1.0023e-01 1.0094e-01 -3.2940e-01 -3.2940e-01 -2.8462e-01 -3.2756e-01 1.4487e-01 -3.6479e-01 -2.9348e-01 -3.1712e-01 -5.1748e-01 -3.0016e-01 3.3585e-02 6.9682e-02 1.0099e-01 -8.7795e-02 -1.5655e-01 -2.3278e-02 -8.7795e-02 -6.7615e-02 -1.9333e-02 -8.7795e-02
-2.7400e-02 -5.4053e-02 -3.6585e-02 -7.8649e-02 -2.8219e-02 -7.6985e-02 -6.2308e-02 -5.6137e-02 -1.0426e-01 -1.3411e-01 -1.2707e-01 -1.6151e-01 -1.3710e-01 -1.6292e-01 1.1877e-01 -9.7447e-03 1.0254e-01 6.9163e-02 6.9163e-02 1.0000e+00 -1.3278e-01 -1.3469e-01 9.7720e-01 9.7722e-01 3.4869e-01 -1.3278e-01 -1.3278e-01 9.5259e-01 2.6907e-01 -3.0971e-01 9.3195e-01 9.3195e-01 -3.0971e-01 2.6785e-01 -1.8225e-02 2.7658e-01 9.2762e-01 3.9020e-01 -2.2269e-01 3.9020e-01 9.1104e-01 -3.1958e-01 -2.2269e-01 -3.0752e-02 9.1331e-01 -1.4704e-01 -2.1576e-01 3.8903e-01 -2.1576e-01 2.7997e-01 -2.1576e-01 2.7997e-01 2.7997e-01 2.7877e-01 2.7877e-01 2.7877e-01 2.7877e-01 2.7877e-01 2.7877e-01 2.7877e-01 2.7877e-01 2.7877e-01 2.7877e-01 -6.2012e-02 2.7756e-01 2.7756e-01 -2.1308e-01 2.7756e-01 2.7756e-01 2.7635e-01 2.7635e-01 2.7635e-01 2.7635e-01 3.5337e-02 2.7635e-01 2.7635e-01 -2.1442e-01 2.7635e-01 2.7635e-01 2.7635e-01 2.7635e-01 2.7756e-01 2.7756e-01 2.7756e-01 1.3636e-01 1.3636e-01 5.6594e-01 2.7756e-01 1.3636e-01 1.3636e-01 1.3636e-01 1.3636e-01 1.3298e-01 1.3436e-01 2.7756e-01 -1.9780e-01 -1.9920e-01 -2.6764e-01 -2.6764e-01 -1.2742e-01 -3.1191e-01 5.1103e-01 -2.3012e-01 -1.4657e-01 -2.7882e-01 -1.7049e-01 -8.4799e-02 1.3569e-01 -1.5870e-01 1.0687e-01 -6.8077e-03 8.5137e-03 -2.7728e-01 -6.8077e-03 -4.1703e-02 -2.8572e-01 -6.8077e-03
4.6294e-02 -2.9588e-02 -3.8320e-02 1.5684e-01 -3.8689e-02 -2.6003e-02 3.0875e-02 -2.1167e-02 7.9514e-02 1.6540e-02 1.9592e-02 2.4159e-02 2.0354e-02 3.4535e-02 -2.4159e-02 2.4293e-01 -1.3615e-02 -7.0578e-02 -7.0578e-02 -1.3278e-01 1.0000e+00 9.8589e-01 -1.3158e-01 -1.3097e-01 -3.8081e-01 1.0000e+00 1.0000e+00 -1.3490e-01 -3.5790e-01 -8.6566e-02 -1.2498e-01 -1.2498e-01 -8.6566e-02 -3.4608e-01 -7.7013e-01 -3.3030e-01 -1.2379e-01 -2.6903e-01 -3.1255e-02 -2.6903e-01 -1.2469e-01 -8.9322e-02 -3.1255e-02 -7.5400e-01 -1.2498e-01 -2.2790e-02 -3.1255e-02 -2.6963e-01 -3.1255e-02 -3.2365e-01 -3.1255e-02 -3.2365e-01 -3.2365e-01 -3.2459e-01 -3.2459e-01 -3.2459e-01 -3.2459e-01 -3.2459e-01 -3.2459e-01 -3.2459e-01 -3.2459e-01 -3.2459e-01 -3.2459e-01 -4.6537e-02 -3.2552e-01 -3.2552e-01 -3.0262e-02 -3.2552e-01 -3.2552e-01 -3.2647e-01 -3.2647e-01 -3.2647e-01 -3.2647e-01 6.8492e-01 -3.2647e-01 -3.2647e-01 -3.0760e-02 -3.2647e-01 -3.2647e-01 -3.2647e-01 -3.2647e-01 -3.2552e-01 -3.2552e-01 -3.2552e-01 -2.9008e-01 -2.9008e-01 -8.7181e-02 -3.2552e-01 -2.9008e-01 -2.9008e-01 -2.9008e-01 -2.9008e-01 -2.8932e-01 -2.8857e-01 -3.2552e-01 -3.2236e-02 -3.2722e-02 3.0381e-01 3.0381e-01 2.8032e-01 -8.7181e-02 -7.5300e-02 1.8644e-01 -8.3852e-02 -6.9843e-02 -4.7651e-02 -2.3701e-02 5.4687e-02 1.7421e-01 -1.0708e-01 -3.7113e-02 -2.7437e-02 2.5353e-02 -3.7113e-02 -3.0754e-02 3.3925e-02 -3.7113e-02
5.1689e-02 -2.6439e-02 -3.9402e-02 1.5255e-01 -1.1884e-02 -2.6375e-02 4.2437e-02 -2.1470e-02 7.6899e-02 1.0261e-02 1.3370e-02 1.8019e-02 1.4146e-02 2.8247e-02 -1.8019e-02 2.3942e-01 -1.3810e-02 -6.7813e-02 -6.7813e-02 -1.3469e-01 9.8589e-01 1.0000e+00 -1.3346e-01 -1.3285e-01 -3.8626e-01 9.8589e-01 9.8589e-01 -1.3684e-01 -3.6302e-01 -8.7805e-02 -1.2677e-01 -1.2677e-01 -8.7805e-02 -3.5139e-01 -7.8180e-01 -3.3573e-01 -1.2557e-01 -2.6172e-01 -3.2659e-02 -2.6172e-01 -1.2647e-01 -9.0601e-02 -3.2659e-02 -7.4285e-01 -1.2677e-01 -2.3762e-02 -3.2659e-02 -2.6232e-01 -3.2659e-02 -3.1650e-01 -3.2659e-02 -3.1650e-01 -3.1650e-01 -3.1743e-01 -3.1743e-01 -3.1743e-01 -3.1743e-01 -3.1743e-01 -3.1743e-01 -3.1743e-01 -3.1743e-01 -3.1743e-01 -3.1743e-01 -4.8051e-02 -3.1836e-01 -3.1836e-01 -3.1658e-02 -3.1836e-01 -3.1836e-01 -3.1930e-01 -3.1930e-01 -3.1930e-01 -3.1930e-01 6.7477e-01 -3.1930e-01 -3.1930e-01 -3.2160e-02 -3.1930e-01 -3.1930e-01 -3.1930e-01 -3.1930e-01 -3.1836e-01 -3.1836e-01 -3.1836e-01 -2.8304e-01 -2.8304e-01 -8.8429e-02 -3.1836e-01 -2.8304e-01 -2.8304e-01 -2.8304e-01 -2.8304e-01 -2.8228e-01 -2.9336e-01 -3.3088e-01 -3.3646e-02 -3.4135e-02 2.9697e-01 2.9697e-01 2.7344e-01 -8.8429e-02 -6.2923e-02 1.8138e-01 -7.2282e-02 -7.1242e-02 -4.8334e-02 -2.4041e-02 4.9267e-02 1.7021e-01 -1.0894e-01 -3.7645e-02 -2.7830e-02 3.1389e-02 -3.7645e-02 -3.1194e-02 3.9434e-02 -3.7645e-02
-1.9978e-02 -5.8695e-02 -4.1903e-02 -6.9348e-02 -2.6597e-02 -7.6086e-02 -6.4524e-02 -5.5383e-02 -1.0206e-01 -1.2906e-01 -1.2215e-01 -1.5692e-01 -1.3225e-01 -1.5832e-01 1.1403e-01 -9.2374e-03 1.0348e-01 6.6415e-02 6.6415e-02 9.7720e-01 -1.3158e-01 -1.3346e-01 1.0000e+00 9.9542e-01 3.4552e-01 -1.3158e-01 -1.3158e-01 9.6624e-01 2.6536e-01 -3.0690e-01 9.4990e-01 9.4990e-01 -3.0690e-01 2.6415e-01 -2.0358e-02 2.7287e-01 9.4085e-01 3.9439e-01 -2.3439e-01 3.9439e-01 9.2892e-01 -3.1667e-01 -2.3439e-01 -3.2906e-02 9.3120e-01 -1.6425e-01 -2.2744e-01 3.9324e-01 -2.2744e-01 2.7618e-01 -2.2744e-01 2.7618e-01 2.7618e-01 2.7499e-01 2.7499e-01 2.7499e-01 2.7499e-01 2.7499e-01 2.7499e-01 2.7499e-01 2.7499e-01 2.7499e-01 2.7499e-01 -7.1117e-02 2.7379e-01 2.7379e-01 -2.2490e-01 2.7379e-01 2.7379e-01 2.7259e-01 2.7259e-01 2.7259e-01 2.7259e-01 3.7364e-02 2.7259e-01 2.7259e-01 -2.2617e-01 2.7259e-01 2.7259e-01 2.7259e-01 2.7259e-01 2.7379e-01 2.7379e-01 2.7379e-01 1.3158e-01 1.3158e-01 5.7735e-01 2.7379e-01 1.3158e-01 1.3158e-01 1.3158e-01 1.3158e-01 1.2817e-01 1.3432e-01 2.7379e-01 -2.0928e-01 -2.1062e-01 -2.6389e-01 -2.6389e-01 -1.2264e-01 -3.0908e-01 5.2226e-01 -2.2664e-01 -1.4274e-01 -2.7600e-01 -1.6894e-01 -8.4028e-02 1.5234e-01 -1.4919e-01 1.1250e-01 -5.1854e-03 9.7576e-03 -2.7546e-01 -5.1854e-03 -2.6767e-02 -2.8339e-01 -5.1854e-03
-2.0560e-02 -6.1029e-02 -4.8461e-02 -6.7654e-02 -2.5783e-02 -7.5637e-02 -6.8533e-02 -5.5007e-02 -1.0095e-01 -1.2868e-01 -1.2183e-01 -1.5677e-01 -1.3197e-01 -1.5816e-01 1.1380e-01 -8.9828e-03 1.0396e-01 6.5036e-02 6.5036e-02 9.7722e-01 -1.3097e-01 -1.3285e-01 9.9542e-01 1.0000e+00 3.4394e-01 -1.3097e-01 -1.3097e-01 9.6631e-01 2.6350e-01 -3.0549e-01 9.4959e-01 9.4959e-01 -3.0549e-01 2.6230e-01 -2.1430e-02 2.7102e-01 9.4048e-01 3.9199e-01 -2.3332e-01 3.9199e-01 9.3325e-01 -3.1522e-01 -2.3332e-01 -3.3989e-02 9.3086e-01 -1.6350e-01 -2.2636e-01 3.9085e-01 -2.2636e-01 2.7429e-01 -2.2636e-01 2.7429e-01 2.7429e-01 2.7309e-01 2.7309e-01 2.7309e-01 2.7309e-01 2.7309e-01 2.7309e-01 2.7309e-01 2.7309e-01 2.7309e-01 2.7309e-01 -6.9517e-02 2.7190e-01 2.7190e-01 -2.2383e-01 2.7190e-01 2.7190e-01 2.7070e-01 2.7070e-01 2.7070e-01 2.7070e-01 3.8384e-02 2.7070e-01 2.7070e-01 -2.2509e-01 2.7070e-01 2.7070e-01 2.7070e-01 2.7070e-01 2.7190e-01 2.7190e-01 2.7190e-01 1.2917e-01 1.2917e-01 5.8026e-01 2.7190e-01 1.2917e-01 1.2917e-01 1.2917e-01 1.2917e-01 1.2575e-01 1.3191e-01 2.7190e-01 -2.0815e-01 -2.0948e-01 -2.6201e-01 -2.6201e-01 -1.2024e-01 -3.0766e-01 5.2512e-01 -2.2490e-01 -1.4083e-01 -2.7459e-01 -1.6816e-01 -8.3643e-02 1.5640e-01 -1.4805e-01 1.1533e-01 -4.3704e-03 1.0383e-02 -2.7237e-01 -4.3704e-03 -2.6129e-02 -2.8869e-01 -4.3704e-03
-8.7288e-02 -4.2165e-02 -7.7569e-04 -2.5991e-01 -1.1573e-01 -8.0645e-02 1.6164e-02 -1.0353e-01 -3.3632e-01 5.7603e-02 4.9377e-02 3.7120e-02 4.7327e-02 3.3178e-02 -8.1752e-02 -8.5678e-02 3.5754e-02 3.7148e-01 3.7148e-01 3.4869e-01 -3.8081e-01 -3.8626e-01 3.4552e-01 3.4394e-01 1.0000e+00 -3.8081e-01 -3.8081e-01 3.5426e-01 9.3984e-01 -8.8162e-01 3.2821e-01 3.2821e-01 -8.8162e-01 9.3661e-01 2.6466e-01 9.2272e-01 3.2508e-01 6.9604e-01 1.5754e-01 6.9604e-01 3.2202e-01 -8.3244e-01 1.5754e-01 2.4741e-01 3.2821e-01 1.1081e-01 1.5754e-01 6.9761e-01 1.5754e-01 8.9300e-01 1.5754e-01 8.9300e-01 8.9300e-01 8.9552e-01 8.9552e-01 8.9552e-01 8.9552e-01 8.9552e-01 8.9552e-01 8.9552e-01 8.9552e-01 8.9552e-01 8.9552e-01 1.8915e-01 8.9220e-01 8.9220e-01 1.5557e-01 8.9220e-01 8.9220e-01 8.8888e-01 8.8888e-01 8.8888e-01 8.8888e-01 -2.2250e-01 8.8888e-01 8.8888e-01 1.5656e-01 8.8888e-01 8.8888e-01 8.8888e-01 8.8888e-01 8.9220e-01 8.9220e-01 8.9220e-01 7.9712e-01 7.9712e-01 2.2894e-01 8.9220e-01 7.9712e-01 7.9712e-01 7.9712e-01 7.9712e-01 7.9510e-01 7.9308e-01 8.9220e-01 1.5950e-01 1.6047e-01 -8.5536e-01 -8.5536e-01 -7.6437e-01 -7.9598e-01 1.7636e-01 -7.4618e-01 -6.1640e-01 -6.7803e-01 -3.9365e-01 -2.2283e-01 1.4748e-01 3.8323e-02 1.8018e-01 -4.8677e-02 -1.2242e-01 -2.5337e-01 -4.8677e-02 -6.1913e-02 -2.3228e-01 -4.8677e-02
4.6294e-02 -2.9588e-02 -3.8320e-02 1.5684e-01 -3.8689e-02 -2.6003e-02 3.0875e-02 -2.1167e-02 7.9514e-02 1.6540e-02 1.9592e-02 2.4159e-02 2.0354e-02 3.4535e-02 -2.4159e-02 2.4293e-01 -1.3615e-02 -7.0578e-02 -7.0578e-02 -1.3278e-01 1.0000e+00 9.8589e-01 -1.3158e-01 -1.3097e-01 -3.8081e-01 1.0000e+00 1.0000e+00 -1.3490e-01 -3.5790e-01 -8.6566e-02 -1.2498e-01 -1.2498e-01 -8.6566e-02 -3.4608e-01 -7.7013e-01 -3.3030e-01 -1.2379e-01 -2.6903e-01 -3.1255e-02 -2.6903e-01 -1.2469e-01 -8.9322e-02 -3.1255e-02 -7.5400e-01 -1.2498e-01 -2.2790e-02 -3.1255e-02 -2.6963e-01 -3.1255e-02 -3.2365e-01 -3.1255e-02 -3.2365e-01 -3.2365e-01 -3.2459e-01 -3.2459e-01 -3.2459e-01 -3.2459e-01 -3.2459e-01 -3.2459e-01 -3.2459e-01 -3.2459e-01 -3.2459e-01 -3.2459e-01 -4.6537e-02 -3.2552e-01 -3.2552e-01 -3.0262e-02 -3.2552e-01 -3.2552e-01 -3.2647e-01 -3.2647e-01 -3.2647e-01 -3.2647e-01 6.8492e-01 -3.2647e-01 -3.2647e-01 -3.0760e-02 -3.2647e-01 -3.2647e-01 -3.2647e-01 -3.2647e-01 -3.2552e-01 -3.2552e-01 -3.2552e-01 -2.9008e-01 -2.9008e-01 -8.7181e-02 -3.2552e-01 -2.9008e-01 -2.9008e-01 -2.9008e-01 -2.9008e-01 -2.8932e-01 -2.8857e-01 -3.2552e-01 -3.2236e-02 -3.2722e-02 3.0381e-01 3.0381e-01 2.8032e-01 -8.7181e-02 -7.5300e-02 1.8644e-01 -8.3852e-02 -6.9843e-02 -4.7651e-02 -2.3701e-02 5.4687e-02 1.7421e-01 -1.0708e-01 -3.7113e-02 -2.7437e-02 2.5353e-02 -3.7113e-02 -3.0754e-02 3.3925e-02 -3.7113e-02
4.6294e-02 -2.9588e-02 -3.8320e-02 1.5684e-01 -3.8689e-02 -2.6003e-02 3.0875e-02 -2.1167e-02 7.9514e-02 1.6540e-02 1.9592e-02 2.4159e-02 2.0354e-02 3.4535e-02 -2.4159e-02 2.4293e-01 -1.3615e-02 -7.0578e-02 -7.0578e-02 -1.3278e-01 1.0000e+00 9.8589e-01 -1.3158e-01 -1.3097e-01 -3.8081e-01 1.0000e+00 1.0000e+00 -1.3490e-01 -3.5790e-01 -8.6566e-02 -1.2498e-01 -1.2498e-01 -8.6566e-02 -3.4608e-01 -7.7013e-01 -3.3030e-01 -1.2379e-01 -2.6903e-01 -3.1255e-02 -2.6903e-01 -1.2469e-01 -8.9322e-02 -3.1255e-02 -7.5400e-01 -1.2498e-01 -2.2790e-02 -3.1255e-02 -2.6963e-01 -3.1255e-02 -3.2365e-01 -3.1255e-02 -3.2365e-01 -3.2365e-01 -3.2459e-01 -3.2459e-01 -3.2459e-01 -3.2459e-01 -3.2459e-01 -3.2459e-01 -3.2459e-01 -3.2459e-01 -3.2459e-01 -3.2459e-01 -4.6537e-02 -3.2552e-01 -3.2552e-01 -3.0262e-02 -3.2552e-01 -3.2552e-01 -3.2647e-01 -3.2647e-01 -3.2647e-01 -3.2647e-01 6.8492e-01 -3.2647e-01 -3.2647e-01 -3.0760e-02 -3.2647e-01 -3.2647e-01 -3.2647e-01 -3.2647e-01 -3.2552e-01 -3.2552e-01 -3.2552e-01 -2.9008e-01 -2.9008e-01 -8.7181e-02 -3.2552e-01 -2.9008e-01 -2.9008e-01 -2.9008e-01 -2.9008e-01 -2.8932e-01 -2.8857e-01 -3.2552e-01 -3.2236e-02 -3.2722e-02 3.0381e-01 3.0381e-01 2.8032e-01 -8.7181e-02 -7.5300e-02 1.8644e-01 -8.3852e-02 -6.9843e-02 -4.7651e-02 -2.3701e-02 5.4687e-02 1.7421e-01 -1.0708e-01 -3.7113e-02 -2.7437e-02 2.5353e-02 -3.7113e-02 -3.0754e-02 3.3925e-02 -3.7113e-02
-2.3216e-02 -7.1772e-02 -3.3135e-02 -7.2704e-02 2.3760e-02 1.2374e-03 -2.2682e-02 -5.7454e-02 -5.3970e-02 -1.1620e-01 -1.0900e-01 -1.4294e-01 -1.1892e-01 -1.4437e-01 1.0043e-01 -1.0627e-02 1.0093e-01 6.0331e-02 6.0331e-02 9.5259e-01 -1.3490e-01 -1.3684e-01 9.6624e-01 9.6631e-01 3.5426e-01 -1.3490e-01 -1.3490e-01 1.0000e+00 2.7556e-01 -3.1466e-01 9.2183e-01 9.2183e-01 -3.1466e-01 2.7432e-01 -1.4529e-02 2.8308e-01 9.1299e-01 4.0759e-01 -2.4032e-01 4.0759e-01 9.0107e-01 -3.2468e-01 -2.4032e-01 -2.7021e-02 9.0330e-01 -1.6840e-01 -2.3343e-01 4.0642e-01 -2.3343e-01 2.8661e-01 -2.3343e-01 2.8661e-01 2.8661e-01 2.8538e-01 2.8538e-01 2.8538e-01 2.8538e-01 2.8538e-01 2.8538e-01 2.8538e-01 2.8538e-01 2.8538e-01 2.8538e-01 -7.3737e-02 2.8416e-01 2.8416e-01 -2.3083e-01 2.8416e-01 2.8416e-01 2.8294e-01 2.8294e-01 2.8294e-01 2.8294e-01 3.1827e-02 2.8294e-01 2.8294e-01 -2.3213e-01 2.8294e-01 2.8294e-01 2.8294e-01 2.8294e-01 2.8416e-01 2.8416e-01 2.8416e-01 1.4469e-01 1.4469e-01 6.2934e-01 2.8416e-01 1.4469e-01 1.4469e-01 1.4469e-01 1.4469e-01 1.4135e-01 1.4749e-01 2.8416e-01 -2.1551e-01 -2.1688e-01 -2.7421e-01 -2.7421e-01 -1.3573e-01 -3.1690e-01 5.5678e-01 -2.3621e-01 -1.4797e-01 -2.8377e-01 -1.6413e-01 -8.6153e-02 1.5583e-01 -1.6264e-01 1.0186e-01 -9.6231e-03 6.3576e-03 -2.7943e-01 -9.6231e-03 -3.0247e-02 -2.7598e-01 -9.6231e-03
-7.3852e-02 -3.2046e-02 5.5933e-03 -3.1589e-01 -1.0165e-01 -7.1083e-02 5.4352e-03 -9.4428e-02 -3.9675e-01 2.6454e-02 1.7774e-02 4.8244e-03 1.5611e-02 1.1135e-03 -4.7901e-02 -7.9532e-02 3.8043e-02 3.4109e-01 3.4109e-01 2.6907e-01 -3.5790e-01 -3.6302e-01 2.6536e-01 2.6350e-01 9.3984e-01 -3.5790e-01 -3.5790e-01 2.7556e-01 1.0000e+00 -8.3478e-01 3.4922e-01 3.4922e-01 -8.3478e-01 9.9715e-01 4.5105e-01 9.7726e-01 3.4589e-01 7.4163e-01 1.6922e-01 7.4163e-01 3.4317e-01 -7.8647e-01 1.6922e-01 4.3629e-01 3.4922e-01 1.1897e-01 1.6146e-01 7.4329e-01 1.6146e-01 9.4684e-01 1.6146e-01 9.4684e-01 9.4684e-01 9.4952e-01 9.4952e-01 9.4952e-01 9.4952e-01 9.4952e-01 9.4952e-01 9.4952e-01 9.4952e-01 9.4952e-01 9.4952e-01 1.9578e-01 9.4656e-01 9.4656e-01 1.5931e-01 9.4656e-01 9.4656e-01 9.4360e-01 9.4360e-01 9.4360e-01 9.4360e-01 -4.0467e-01 9.4360e-01 9.4360e-01 1.6038e-01 9.4360e-01 9.4360e-01 9.4360e-01 9.4360e-01 9.4656e-01 9.4656e-01 9.4656e-01 8.4554e-01 8.4554e-01 2.4359e-01 9.4656e-01 8.4554e-01 8.4554e-01 8.4554e-01 8.4554e-01 8.4339e-01 8.4124e-01 9.4656e-01 1.6359e-01 1.6465e-01 -9.1199e-01 -9.1199e-01 -8.1453e-01 -7.5194e-01 1.9340e-01 -8.1491e-01 -5.7561e-01 -6.3896e-01 -3.7777e-01 -2.0891e-01 1.0056e-01 4.5126e-02 1.9948e-01 -3.7345e-02 -1.1103e-01 -2.9031e-01 -3.7345e-02 -5.1771e-02 -2.6618e-01 -3.7345e-02
