1.0000e+00 -3.7678e-02 5.8189e-02 2.9480e-02 -1.8671e-02 6.2245e-02 -2.4818e-02 2.9538e-02 1.4766e-02 -2.8023e-02 4.9412e-02 8.2627e-03 -4.8820e-02
-3.7678e-02 1.0000e+00 -7.8739e-01 -4.6078e-02 9.5276e-02 -7.9017e-02 -7.2136e-02 -1.9154e-02 -7.0400e-02 1.7600e-01 -4.8929e-02 -5.8272e-02 -5.0691e-04
5.8189e-02 -7.8739e-01 1.0000e+00 3.1802e-02 -1.4771e-01 1.2077e-01 7.7624e-02 2.0611e-02 6.7928e-02 -2.1010e-01 7.1585e-02 4.9772e-02 2.9357e-03
2.9480e-02 -4.6078e-02 3.1802e-02 1.0000e+00 -1.0454e-01 -2.6677e-02 -1.3053e-02 -3.4659e-03 -2.9114e-02 -8.4703e-02 -2.0235e-02 1.3196e-01 -2.2648e-02
-1.8671e-02 9.5276e-02 -1.4771e-01 -1.0454e-01 1.0000e+00 -2.3101e-01 -1.1303e-01 -3.0013e-02 -1.8780e-01 2.7918e-01 -1.3052e-01 -1.3208e-01 3.5426e-02
6.2245e-02 -7.9017e-02 1.2077e-01 -2.6677e-02 -2.3101e-01 1.0000e+00 -2.8843e-02 -7.6586e-03 -6.4334e-02 8.1819e-02 6.6116e-01 -6.3728e-02 -2.8118e-02
-2.4818e-02 -7.2136e-02 7.7624e-02 -1.3053e-02 -1.1303e-01 -2.8843e-02 1.0000e+00 -3.7474e-03 4.4833e-01 1.5410e-01 -2.1878e-02 -5.8067e-02 -2.4487e-02
2.9538e-02 -1.9154e-02 2.0611e-02 -3.4659e-03 -3.0013e-02 -7.6586e-03 -3.7474e-03 1.0000e+00 1.1904e-01 4.0918e-02 -5.8092e-03 -1.5418e-02 -6.5020e-03
1.4766e-02 -7.0400e-02 6.7928e-02 -2.9114e-02 -1.8780e-01 -6.4334e-02 4.4833e-01 1.1904e-01 1.0000e+00 2.8560e-01 -4.8799e-02 2.3124e-02 1.6874e-01
-2.8023e-02 1.7600e-01 -2.1010e-01 -8.4703e-02 2.7918e-01 8.1819e-02 1.5410e-01 4.0918e-02 2.8560e-01 1.0000e+00 2.1581e-01 -1.3712e-01 6.9834e-02
4.9412e-02 -4.8929e-02 7.1585e-02 -2.0235e-02 -1.3052e-01 6.6116e-01 -2.1878e-02 -5.8092e-03 -4.8799e-02 2.1581e-01 1.0000e+00 -4.7581e-02 -3.7960e-02
8.2627e-03 -5.8272e-02 4.9772e-02 1.3196e-01 -1.3208e-01 -6.3728e-02 -5.8067e-02 -1.5418e-02 2.3124e-02 -1.3712e-01 -4.7581e-02 1.0000e+00 1.9233e-01
-4.8820e-02 -5.0691e-04 2.9357e-03 -2.2648e-02 3.5426e-02 -2.8118e-02 -2.4487e-02 -6.5020e-03 1.6874e-01 6.9834e-02 -3.7960e-02 1.9233e-01 1.0000e+00
