1.0000e+00 -1.8438e-01 -1.8818e-01 9.7514e-01 7.6493e-01 2.7213e-01 -9.7291e-03 -7.3280e-03 9.8067e-02 -1.7479e-02 -6.1092e-03 5.0597e-02 -4.7567e-02 3.5607e-02 -1.1344e-01 -5.0709e-02 -2.7646e-02 -2.7646e-02 -3.1015e-02 6.3023e-02 6.8693e-02
-1.8438e-01 1.0000e+00 9.7982e-01 -1.7838e-01 -1.5467e-01 -6.8558e-02 6.8776e-02 1.9352e-02 -2.9429e-03 2.2742e-02 9.0928e-03 4.4964e-02 -1.0035e-02 2.1704e-02 -1.1700e-02 -1.5845e-02 4.4976e-02 3.2041e-02 -3.5669e-02 -4.2788e-04 6.5752e-03
-1.8818e-01 9.7982e-01 1.0000e+00 -1.8231e-01 -1.5814e-01 -7.0471e-02 7.9997e-02 3.8882e-02 -4.9958e-03 3.5263e-02 1.8879e-02 4.7103e-02 -1.1745e-02 4.3505e-02 -7.1804e-03 -1.6094e-02 4.1115e-02 2.8349e-02 -3.6404e-02 -5.1593e-03 -2.4439e-03
9.7514e-01 -1.7838e-01 -1.8231e-01 1.0000e+00 7.5833e-01 2.5315e-01 -1.3475e-02 -9.2600e-03 9.6709e-02 -1.6499e-02 -1.6332e-02 4.8268e-02 -4.7963e-02 3.4765e-02 -1.0906e-01 -5.3071e-02 -4.2847e-02 -4.2847e-02 -3.1274e-02 6.0896e-02 5.8364e-02
7.6493e-01 -1.5467e-01 -1.5814e-01 7.5833e-01 1.0000e+00 3.8604e-01 -4.3131e-02 8.9667e-04 1.1910e-01 -6.0990e-02 -4.1497e-02 4.5522e-02 -4.2048e-02 -9.7804e-03 -1.1040e-01 -4.8987e-02 3.3234e-03 3.3234e-03 -2.7417e-02 9.5229e-02 5.8832e-02
2.7213e-01 -6.8558e-02 -7.0471e-02 2.5315e-01 3.8604e-01 1.0000e+00 -2.2087e-02 -7.4148e-03 -2.4465e-02 -1.8136e-02 -1.7879e-02 7.8763e-03 -2.1533e-02 -1.9916e-02 5.5547e-03 -1.0276e-02 4.5706e-02 4.5706e-02 -1.4040e-02 5.3565e-03 2.0819e-04
-9.7291e-03 6.8776e-02 7.9997e-02 -1.3475e-02 -4.3131e-02 -2.2087e-02 1.0000e+00 4.9837e-01 2.0319e-01 3.3717e-01 2.2993e-01 3.2028e-01 -2.3682e-02 -5.3121e-02 8.9506e-02 -1.2859e-01 5.1552e-02 4.0889e-02 4.5663e-03 -6.4254e-02 -5.9046e-02
-7.3280e-03 1.9352e-02 3.8882e-02 -9.2600e-03 8.9667e-04 -7.4148e-03 4.9837e-01 1.0000e+00 3.9124e-01 3.2345e-01 3.7954e-01 6.5693e-01 -4.0985e-02 -3.7906e-02 1.2433e-01 -1.0992e-01 3.8677e-02 3.8677e-02 -2.6723e-02 -7.0885e-02 -1.0206e-01
9.8067e-02 -2.9429e-03 -4.9958e-03 9.6709e-02 1.1910e-01 -2.4465e-02 2.0319e-01 3.9124e-01 1.0000e+00 1.5717e-01 1.8003e-01 3.3366e-01 -1.6035e-02 -1.4830e-02 5.4482e-02 -4.3189e-02 -2.8522e-02 -2.8522e-02 -1.0455e-02 -4.1268e-02 -6.0496e-02
-1.7479e-02 2.2742e-02 3.5263e-02 -1.6499e-02 -6.0990e-02 -1.8136e-02 3.3717e-01 3.2345e-01 1.5717e-01 1.0000e+00 8.6466e-01 2.9068e-01 9.8982e-04 9.0895e-02 1.2814e-01 -1.5655e-02 4.7212e-02 4.7212e-02 1.1840e-02 -7.5546e-02 -7.2214e-02
-6.1092e-03 9.0928e-03 1.8879e-02 -1.6332e-02 -4.1497e-02 -1.7879e-02 2.2993e-01 3.7954e-01 1.8003e-01 8.6466e-01 1.0000e+00 3.4699e-01 -1.8348e-02 8.9318e-02 9.0231e-02 3.1867e-03 3.6111e-02 3.6111e-02 2.2620e-02 -5.1453e-02 -4.9394e-02
5.0597e-02 4.4964e-02 4.7103e-02 4.8268e-02 4.5522e-02 7.8763e-03 3.2028e-01 6.5693e-01 3.3366e-01 2.9068e-01 3.4699e-01 1.0000e+00 -4.2048e-02 -3.8890e-02 5.5880e-02 -1.0683e-01 -4.3546e-02 -4.3546e-02 -2.7417e-02 -7.4309e-02 -1.0184e-01
-4.7567e-02 -1.0035e-02 -1.1745e-02 -4.7963e-02 -4.2048e-02 -2.1533e-02 -2.3682e-02 -4.0985e-02 -1.6035e-02 9.8982e-04 -1.8348e-02 -4.2048e-02 1.0000e+00 -1.3053e-02 -1.8355e-01 -5.5269e-02 -2.5103e-02 -2.5103e-02 4.3162e-01 -3.6321e-02 1.6682e-01
3.5607e-02 2.1704e-02 4.3505e-02 3.4765e-02 -9.7804e-03 -1.9916e-02 -5.3121e-02 -3.7906e-02 -1.4830e-02 9.0895e-02 8.9318e-02 -3.8890e-02 -1.3053e-02 1.0000e+00 -1.6976e-01 -5.1118e-02 -2.3218e-02 -2.3218e-02 -8.5109e-03 -3.3593e-02 1.6940e-01
-1.1344e-01 -1.1700e-02 -7.1804e-03 -1.0906e-01 -1.1040e-01 5.5547e-03 8.9506e-02 1.2433e-01 5.4482e-02 1.2814e-01 9.0231e-02 5.5880e-02 -1.8355e-01 -1.6976e-01 1.0000e+00 2.6692e-01 -1.3257e-01 -1.3257e-01 -6.3075e-02 -4.2563e-01 -6.0884e-01
-5.0709e-02 -1.5845e-02 -1.6094e-02 -5.3071e-02 -4.8987e-02 -1.0276e-02 -1.2859e-01 -1.0992e-01 -4.3189e-02 -1.5655e-02 3.1867e-03 -1.0683e-01 -5.5269e-02 -5.1118e-02 2.6692e-01 1.0000e+00 -9.8309e-02 -9.8309e-02 -3.6037e-02 -1.4224e-01 -2.6825e-01
-2.7646e-02 4.4976e-02 4.1115e-02 -4.2847e-02 3.3234e-03 4.5706e-02 5.1552e-02 3.8677e-02 -2.8522e-02 4.7212e-02 3.6111e-02 -4.3546e-02 -2.5103e-02 -2.3218e-02 -1.3257e-01 -9.8309e-02 1.0000e+00 9.7571e-01 -1.6368e-02 -6.4607e-02 2.8699e-01
-2.7646e-02 3.2041e-02 2.8349e-02 -4.2847e-02 3.3234e-03 4.5706e-02 4.0889e-02 3.8677e-02 -2.8522e-02 4.7212e-02 3.6111e-02 -4.3546e-02 -2.5103e-02 -2.3218e-02 -1.3257e-01 -9.8309e-02 9.7571e-01 1.0000e+00 -1.6368e-02 -6.4607e-02 2.8699e-01
-3.1015e-02 -3.5669e-02 -3.6404e-02 -3.1274e-02 -2.7417e-02 -1.4040e-02 4.5663e-03 -2.6723e-02 -1.0455e-02 1.1840e-02 2.2620e-02 -2.7417e-02 4.3162e-01 -8.5109e-03 -6.3075e-02 -3.6037e-02 -1.6368e-02 -1.6368e-02 1.0000e+00 -2.3683e-02 1.3434e-01
6.3023e-02 -4.2788e-04 -5.1593e-03 6.0896e-02 9.5229e-02 5.3565e-03 -6.4254e-02 -7.0885e-02 -4.1268e-02 -7.5546e-02 -5.1453e-02 -7.4309e-02 -3.6321e-02 -3.3593e-02 -4.2563e-01 -1.4224e-01 -6.4607e-02 -6.4607e-02 -2.3683e-02 1.0000e+00 5.2205e-01
6.8693e-02 6.5752e-03 -2.4439e-03 5.8364e-02 5.8832e-02 2.0819e-04 -5.9046e-02 -1.0206e-01 -6.0496e-02 -7.2214e-02 -4.9394e-02 -1.0184e-01 1.6682e-01 1.6940e-01 -6.0884e-01 -2.6825e-01 2.8699e-01 2.8699e-01 1.3434e-01 5.2205e-01 1.0000e+00
