1.0000e+00 -1.2259e-01 1.7613e-01 3.3443e-01 -6.3762e-02 2.1273e-02 -1.2767e-01 -5.2428e-02 -8.3129e-02 1.1855e-01 -2.9761e-02 -7.1437e-03 -9.1959e-02 7.6496e-03 -3.4275e-02 6.1295e-02 3.2674e-02 1.2323e-02 -6.4186e-03 -1.0782e-02 -2.6377e-02 -4.2161e-02 5.8393e-02 5.8393e-02 5.8393e-02 2.7708e-02 -5.0893e-02
-1.2259e-01 1.0000e+00 -2.5626e-02 -8.4397e-02 -2.7721e-02 -1.8991e-01 3.2602e-03 3.3846e-02 3.3846e-02 -2.3358e-02 9.3823e-02 6.5005e-03 1.1820e-02 -4.3777e-02 3.5591e-02 -2.6099e-02 -2.9077e-02 -4.6416e-02 3.6086e-02 3.6086e-02 2.8255e-02 -1.7835e-02 4.4649e-02 4.4649e-02 4.4649e-02 -2.9681e-02 6.7132e-02
1.7613e-01 -2.5626e-02 1.0000e+00 1.3285e-01 -1.9708e-02 9.0291e-02 -8.3900e-02 -3.0213e-02 -3.0213e-02 -1.6606e-02 1.7750e-01 -3.0868e-02 -1.9224e-02 -5.8653e-02 -4.0492e-02 -3.4095e-03 1.3710e-02 4.3846e-02 -1.6340e-02 -1.6340e-02 9.5112e-04 -7.2044e-02 1.0910e-02 1.0910e-02 1.0910e-02 -2.1101e-02 3.5646e-03
3.3443e-01 -8.4397e-02 1.3285e-01 1.0000e+00 -1.4835e-01 3.3117e-01 -1.5452e-01 -1.6213e-01 -1.5281e-01 1.0468e-01 6.6616e-02 -1.2787e-02 -5.9241e-02 4.4445e-02 2.2962e-02 3.7264e-02 4.3206e-02 -9.1472e-03 -1.6065e-02 -1.6065e-02 -4.0763e-02 -3.2109e-02 -3.2368e-03 6.9389e-03 6.9389e-03 -1.5516e-02 9.5277e-03
-6.3762e-02 -2.7721e-02 -1.9708e-02 -1.4835e-01 1.0000e+00 9.7674e-02 -2.8118e-02 -3.2684e-02 -3.2684e-02 -1.7964e-02 7.2156e-02 -3.3392e-02 7.8825e-02 -3.3668e-02 3.3143e-02 -3.7420e-02 5.2614e-04 1.2571e-02 -5.0125e-02 -5.0125e-02 1.0289e-03 -4.6143e-03 5.8717e-03 5.8717e-03 5.8717e-03 -2.2827e-02 -2.4808e-02
2.1273e-02 -1.8991e-01 9.0291e-02 3.3117e-01 9.7674e-02 1.0000e+00 -6.9347e-03 -9.2441e-02 -1.3280e-01 6.4552e-02 1.1342e-01 2.4320e-02 1.8227e-02 -1.9487e-02 2.7112e-02 1.0438e-02 1.7609e-02 -3.5524e-03 -5.5730e-02 -5.5730e-02 -6.2385e-03 -3.5845e-02 -6.9812e-03 4.0268e-03 4.0268e-03 -8.1824e-03 5.2287e-02
-1.2767e-01 3.2602e-03 -8.3900e-02 -1.5452e-01 -2.8118e-02 -6.9347e-03 1.0000e+00 1.7830e-01 8.4937e-02 -1.1753e-01 -5.5485e-02 -7.8466e-03 -2.1995e-02 -1.2528e-01 3.8668e-03 3.6558e-02 -8.7223e-02 -1.1184e-01 8.6036e-02 8.6036e-02 6.5985e-02 -4.7564e-03 -5.1796e-02 -6.1981e-02 -6.1981e-02 -5.8855e-03 3.3492e-03
-5.2428e-02 3.3846e-02 -3.0213e-02 -1.6213e-01 -3.2684e-02 -9.2441e-02 1.7830e-01 1.0000e+00 6.9372e-01 -2.7539e-02 -5.5558e-02 -5.1191e-02 6.8342e-02 -7.1847e-02 -5.4249e-02 -3.7974e-02 -3.4830e-02 2.2354e-02 1.6429e-02 1.6429e-02 1.5773e-03 -2.4515e-02 4.9914e-02 2.6048e-02 2.6048e-02 -3.4994e-02 -6.9051e-03
-8.3129e-02 3.3846e-02 -3.0213e-02 -1.5281e-01 -3.2684e-02 -1.3280e-01 8.4937e-02 6.9372e-01 1.0000e+00 -2.7539e-02 -8.3929e-02 1.2047e-01 1.0175e-01 -1.2632e-01 -2.5220e-02 -3.7974e-02 -5.4019e-02 -2.0810e-02 5.3738e-02 5.3738e-02 1.5773e-03 6.0075e-03 4.9914e-02 2.6048e-02 2.6048e-02 -3.4994e-02 5.9114e-03
1.1855e-01 -2.3358e-02 -1.6606e-02 1.0468e-01 -1.7964e-02 6.4552e-02 -1.1753e-01 -2.7539e-02 -2.7539e-02 1.0000e+00 -4.6130e-02 -2.8136e-02 -1.7522e-02 -3.1106e-02 -4.2581e-02 3.6683e-02 -3.8128e-02 -7.0749e-02 5.6194e-02 5.6194e-02 3.5753e-02 -4.4790e-02 -2.5035e-02 -2.5035e-02 -2.5035e-02 -1.9234e-02 -3.0564e-02
-2.9761e-02 9.3823e-02 1.7750e-01 6.6616e-02 7.2156e-02 1.1342e-01 -5.5485e-02 -5.5558e-02 -8.3929e-02 -4.6130e-02 1.0000e+00 -2.2682e-03 9.8233e-02 -1.4802e-01 -4.0677e-02 -8.0743e-03 5.2602e-02 -1.9698e-02 -2.7919e-02 -2.1871e-02 -1.8793e-02 -1.4821e-03 1.0768e-03 1.0768e-03 1.0768e-03 -5.8617e-02 -1.2259e-02
-7.1437e-03 6.5005e-03 -3.0868e-02 -1.2787e-02 -3.3392e-02 2.4320e-02 -7.8466e-03 -5.1191e-02 1.2047e-01 -2.8136e-02 -2.2682e-03 1.0000e+00 -3.2571e-02 -1.2906e-01 2.0557e-01 -5.8609e-02 -2.6959e-02 -4.5030e-03 -2.0570e-02 -2.0570e-02 -4.8732e-03 4.9797e-02 2.7922e-04 2.7922e-04 2.7922e-04 2.4192e-02 -4.8433e-02
-9.1959e-02 1.1820e-02 -1.9224e-02 -5.9241e-02 7.8825e-02 1.8227e-02 -2.1995e-02 6.8342e-02 1.0175e-01 -1.7522e-02 9.8233e-02 -3.2571e-02 1.0000e+00 -8.0374e-02 -4.9293e-02 -3.6499e-02 -1.9719e-02 -4.8944e-02 -1.5659e-02 -1.5659e-02 2.1196e-02 -6.2208e-02 -2.8981e-02 -2.8981e-02 -2.8981e-02 -2.2265e-02 -2.2334e-02
7.6496e-03 -4.3777e-02 -5.8653e-02 4.4445e-02 -3.3668e-02 -1.9487e-02 -1.2528e-01 -7.1847e-02 -1.2632e-01 -3.1106e-02 -1.4802e-01 -1.2906e-01 -8.0374e-02 1.0000e+00 2.6922e-01 4.8516e-02 1.0033e-01 8.3901e-02 -3.5803e-02 -3.1158e-02 -5.0352e-02 -9.8719e-03 4.0169e-03 1.5902e-02 1.5902e-02 -1.2132e-02 -1.3819e-02
-3.4275e-02 3.5591e-02 -4.0492e-02 2.2962e-02 3.3143e-02 2.7112e-02 3.8668e-03 -5.4249e-02 -2.5220e-02 -4.2581e-02 -4.0677e-02 2.0557e-01 -4.9293e-02 2.6922e-01 1.0000e+00 -3.2091e-02 9.4111e-03 -2.2432e-02 -1.7880e-02 -2.2005e-02 -3.4098e-03 -2.1481e-02 2.4575e-02 1.4019e-02 1.4019e-02 -1.0856e-02 -1.6747e-02
6.1295e-02 -2.6099e-02 -3.4095e-03 3.7264e-02 -3.7420e-02 1.0438e-02 3.6558e-02 -3.7974e-02 -3.7974e-02 3.6683e-02 -8.0743e-03 -5.8609e-02 -3.6499e-02 4.8516e-02 -3.2091e-02 1.0000e+00 1.9328e-01 -1.4737e-01 2.0414e-01 1.9587e-01 -1.4470e-01 -1.5883e-01 -5.2150e-02 -5.2150e-02 -5.2150e-02 -4.0064e-02 -3.1100e-02
3.2674e-02 -2.9077e-02 1.3710e-02 4.3206e-02 5.2614e-04 1.7609e-02 -8.7223e-02 -3.4830e-02 -5.4019e-02 -3.8128e-02 5.2602e-02 -2.6959e-02 -1.9719e-02 1.0033e-01 9.4111e-03 1.9328e-01 1.0000e+00 4.5279e-01 -6.5279e-01 -6.5279e-01 -7.5653e-01 2.8368e-01 9.7424e-02 8.6958e-02 8.6958e-02 -7.7932e-02 1.3868e-02
1.2323e-02 -4.6416e-02 4.3846e-02 -9.1472e-03 1.2571e-02 -3.5524e-03 -1.1184e-01 2.2354e-02 -2.0810e-02 -7.0749e-02 -1.9698e-02 -4.5030e-03 -4.8944e-02 8.3901e-02 -2.2432e-02 -1.4737e-01 4.5279e-01 1.0000e+00 -4.7958e-01 -4.7958e-01 -3.4979e-01 1.7038e-01 -3.4614e-02 -4.6386e-02 -4.6386e-02 -1.4534e-02 1.1844e-01
-6.4186e-03 3.6086e-02 -1.6340e-02 -1.6065e-02 -5.0125e-02 -5.5730e-02 8.6036e-02 1.6429e-02 5.3738e-02 5.6194e-02 -2.7919e-02 -2.0570e-02 -1.5659e-02 -3.5803e-02 -1.7880e-02 2.0414e-01 -6.5279e-01 -4.7958e-01 1.0000e+00 9.9602e-01 6.9490e-01 -3.5787e-01 1.2008e-01 1.3025e-01 1.3025e-01 7.6616e-02 -1.1357e-01
-1.0782e-02 3.6086e-02 -1.6340e-02 -1.6065e-02 -5.0125e-02 -5.5730e-02 8.6036e-02 1.6429e-02 5.3738e-02 5.6194e-02 -2.1871e-02 -2.0570e-02 -1.5659e-02 -3.1158e-02 -2.2005e-02 1.9587e-01 -6.5279e-01 -4.7958e-01 9.9602e-01 1.0000e+00 6.9490e-01 -3.5787e-01 1.2008e-01 1.3025e-01 1.3025e-01 7.6616e-02 -1.1357e-01
-2.6377e-02 2.8255e-02 9.5112e-04 -4.0763e-02 1.0289e-03 -6.2385e-03 6.5985e-02 1.5773e-03 1.5773e-03 3.5753e-02 -1.8793e-02 -4.8732e-03 2.1196e-02 -5.0352e-02 -3.4098e-03 -1.4470e-01 -7.5653e-01 -3.4979e-01 6.9490e-01 6.9490e-01 1.0000e+00 -4.3662e-01 -1.4282e-01 -1.4282e-01 -1.4282e-01 1.3963e-01 -2.9881e-02
-4.2161e-02 -1.7835e-02 -7.2044e-02 -3.2109e-02 -4.6143e-03 -3.5845e-02 -4.7564e-03 -2.4515e-02 6.0075e-03 -4.4790e-02 -1.4821e-03 4.9797e-02 -6.2208e-02 -9.8719e-03 -2.1481e-02 -1.5883e-01 2.8368e-01 1.7038e-01 -3.5787e-01 -3.5787e-01 -4.3662e-01 1.0000e+00 -1.3328e-01 -1.3328e-01 -1.3328e-01 1.1302e-02 -1.4492e-02
5.8393e-02 4.4649e-02 1.0910e-02 -3.2368e-03 5.8717e-03 -6.9812e-03 -5.1796e-02 4.9914e-02 4.9914e-02 -2.5035e-02 1.0768e-03 2.7922e-04 -2.8981e-02 4.0169e-03 2.4575e-02 -5.2150e-02 9.7424e-02 -3.4614e-02 1.2008e-01 1.2008e-01 -1.4282e-01 -1.3328e-01 1.0000e+00 9.7396e-01 9.7396e-01 -3.1812e-02 -8.7836e-02
5.8393e-02 4.4649e-02 1.0910e-02 6.9389e-03 5.8717e-03 4.0268e-03 -6.1981e-02 2.6048e-02 2.6048e-02 -2.5035e-02 1.0768e-03 2.7922e-04 -2.8981e-02 1.5902e-02 1.4019e-02 -5.2150e-02 8.6958e-02 -4.6386e-02 1.3025e-01 1.3025e-01 -1.4282e-01 -1.3328e-01 9.7396e-01 1.0000e+00 1.0000e+00 -3.1812e-02 -8.7836e-02
5.8393e-02 4.4649e-02 1.0910e-02 6.9389e-03 5.8717e-03 4.0268e-03 -6.1981e-02 2.6048e-02 2.6048e-02 -2.5035e-02 1.0768e-03 2.7922e-04 -2.8981e-02 1.5902e-02 1.4019e-02 -5.2150e-02 8.6958e-02 -4.6386e-02 1.3025e-01 1.3025e-01 -1.4282e-01 -1.3328e-01 9.7396e-01 1.0000e+00 1.0000e+00 -3.1812e-02 -8.7836e-02
2.7708e-02 -2.9681e-02 -2.1101e-02 -1.5516e-02 -2.2827e-02 -8.1824e-03 -5.8855e-03 -3.4994e-02 -3.4994e-02 -1.9234e-02 -5.8617e-02 2.4192e-02 -2.2265e-02 -1.2132e-02 -1.0856e-02 -4.0064e-02 -7.7932e-02 -1.4534e-02 7.6616e-02 7.6616e-02 1.3963e-01 1.1302e-02 -3.1812e-02 -3.1812e-02 -3.1812e-02 1.0000e+00 -6.7481e-02
-5.0893e-02 6.7132e-02 3.5646e-03 9.5277e-03 -2.4808e-02 5.2287e-02 3.3492e-03 -6.9051e-03 5.9114e-03 -3.0564e-02 -1.2259e-02 -4.8433e-02 -2.2334e-02 -1.3819e-02 -1.6747e-02 -3.1100e-02 1.3868e-02 1.1844e-01 -1.1357e-01 -1.1357e-01 -2.9881e-02 -1.4492e-02 -8.7836e-02 -8.7836e-02 -8.7836e-02 -6.7481e-02 1.0000e+00
