1.0000e+00 9.9159e-01 9.9159e-01 9.8315e-01 9.8878e-01 9.4620e-01 9.9440e-01 9.1493e-02 8.8670e-02 9.2890e-02 -2.6570e-02 -2.6570e-02 -3.0800e-02 -3.3583e-02 -3.2194e-02 -2.6570e-02 -2.6570e-02 -2.6570e-02 -3.8036e-02 -5.0317e-02 -8.9024e-03 -4.3985e-03 -2.6162e-02 -1.1684e-02 -4.9678e-02 -5.3675e-02 -4.9678e-02 -1.0290e-02 -4.9678e-02 1.6478e-02 -4.9678e-02 -1.4600e-02 -1.4600e-02 -1.4600e-02 -1.4600e-02 1.1702e-02 -4.7109e-02 -1.4600e-02 3.9956e-02 2.0853e-02
9.9159e-01 1.0000e+00 1.0000e+00 9.9157e-01 9.9719e-01 9.4899e-01 9.9159e-01 8.3037e-02 8.0151e-02 8.4465e-02 -2.7525e-02 -2.7525e-02 -2.9804e-02 -3.2583e-02 -3.1196e-02 -2.7525e-02 -2.7525e-02 -2.7525e-02 -3.9156e-02 -4.9499e-02 -1.0749e-02 -6.2543e-03 -2.7309e-02 -1.2652e-02 -4.8803e-02 -5.2814e-02 -4.8803e-02 -1.1047e-02 -4.8803e-02 1.5799e-02 -4.8803e-02 -1.5372e-02 -1.5372e-02 -1.5372e-02 -1.5372e-02 1.1006e-02 -4.8825e-02 -1.5372e-02 4.5944e-02 2.0614e-02
9.9159e-01 1.0000e+00 1.0000e+00 9.9157e-01 9.9719e-01 9.4899e-01 9.9159e-01 8.3037e-02 8.0151e-02 8.4465e-02 -2.7525e-02 -2.7525e-02 -2.9804e-02 -3.2583e-02 -3.1196e-02 -2.7525e-02 -2.7525e-02 -2.7525e-02 -3.9156e-02 -4.9499e-02 -1.0749e-02 -6.2543e-03 -2.7309e-02 -1.2652e-02 -4.8803e-02 -5.2814e-02 -4.8803e-02 -1.1047e-02 -4.8803e-02 1.5799e-02 -4.8803e-02 -1.5372e-02 -1.5372e-02 -1.5372e-02 -1.5372e-02 1.1006e-02 -4.8825e-02 -1.5372e-02 4.5944e-02 2.0614e-02
9.8315e-01 9.9157e-01 9.9157e-01 1.0000e+00 9.9436e-01 9.4092e-01 9.8879e-01 8.1015e-02 7.8141e-02 8.2436e-02 -3.0408e-02 -3.0408e-02 -2.6797e-02 -2.9567e-02 -2.8185e-02 -3.0408e-02 -3.0408e-02 -3.0408e-02 -4.2537e-02 -4.7032e-02 -6.5204e-03 -2.0717e-03 -3.0771e-02 -1.5575e-02 -4.6165e-02 -5.0217e-02 -4.6165e-02 -1.3330e-02 -4.6165e-02 1.3750e-02 -4.6165e-02 -1.7702e-02 -1.7702e-02 -1.7702e-02 -1.7702e-02 8.9071e-03 -5.4004e-02 -1.7702e-02 4.3316e-02 1.9895e-02
9.8878e-01 9.9719e-01 9.9719e-01 9.9436e-01 1.0000e+00 9.4630e-01 9.8878e-01 8.2364e-02 7.9483e-02 8.3790e-02 -2.8483e-02 -2.8483e-02 -2.8804e-02 -3.1580e-02 -3.0195e-02 -2.8483e-02 -2.8483e-02 -2.8483e-02 -4.0279e-02 -4.8679e-02 -7.7149e-03 -3.2386e-03 -2.8459e-02 -1.3623e-02 -4.7926e-02 -5.1951e-02 -4.7926e-02 -1.1805e-02 -4.7926e-02 1.5118e-02 -4.7926e-02 -1.6146e-02 -1.6146e-02 -1.6146e-02 -1.6146e-02 1.0309e-02 -5.0546e-02 -1.6146e-02 4.5070e-02 2.0375e-02
9.4620e-01 9.4899e-01 9.4899e-01 9.4092e-01 9.4630e-01 1.0000e+00 9.4073e-01 8.6669e-02 8.3642e-02 8.8166e-02 -1.1690e-02 -1.1690e-02 -2.7657e-02 -3.0586e-02 -2.9125e-02 -1.1690e-02 -1.1690e-02 -1.1690e-02 -2.0593e-02 -4.2238e-02 -1.3406e-02 -1.3445e-02 -8.2844e-03 3.4180e-03 -4.3400e-02 -4.7062e-02 -4.3400e-02 1.5102e-03 -4.3400e-02 2.7098e-02 -4.3400e-02 -2.5611e-03 -2.5611e-03 -2.5611e-03 -2.5611e-03 2.2576e-02 -4.4977e-02 -2.5611e-03 4.7062e-02 2.4603e-02
9.9440e-01 9.9159e-01 9.9159e-01 9.8879e-01 9.8878e-01 9.4073e-01 1.0000e+00 8.3709e-02 8.0818e-02 8.5139e-02 -2.6570e-02 -2.6570e-02 -3.0800e-02 -3.3583e-02 -3.2194e-02 -2.6570e-02 -2.6570e-02 -2.6570e-02 -3.8036e-02 -5.0317e-02 -8.9024e-03 -4.3985e-03 -2.6162e-02 -1.1684e-02 -4.9678e-02 -5.3675e-02 -4.9678e-02 -1.0290e-02 -4.9678e-02 1.6478e-02 -4.9678e-02 -1.4600e-02 -1.4600e-02 -1.4600e-02 -1.4600e-02 1.1702e-02 -4.7109e-02 -1.4600e-02 3.9956e-02 2.0853e-02
9.1493e-02 8.3037e-02 8.3037e-02 8.1015e-02 8.2364e-02 8.6669e-02 8.3709e-02 1.0000e+00 9.8915e-01 9.8386e-01 -2.3505e-02 -2.3505e-02 -1.9607e-02 -1.7702e-02 -1.8652e-02 -2.3505e-02 -2.3505e-02 -2.3505e-02 -2.6591e-03 -9.8472e-04 -3.1833e-02 -2.7778e-02 -4.5397e-03 -1.2638e-02 -1.5783e-02 -1.7830e-02 -1.5783e-02 -1.3955e-02 -1.5783e-02 -4.7411e-03 -1.5783e-02 -1.6147e-02 -1.6147e-02 -1.6147e-02 -1.6147e-02 -7.1165e-03 1.6910e-02 -1.6147e-02 -5.8417e-02 1.9423e-02
8.8670e-02 8.0151e-02 8.0151e-02 7.8141e-02 7.9483e-02 8.3642e-02 8.0818e-02 9.8915e-01 1.0000e+00 9.8384e-01 -2.1151e-02 -2.1151e-02 -2.2697e-02 -2.0798e-02 -2.1745e-02 -2.1151e-02 -2.1151e-02 -2.1151e-02 2.9022e-04 -3.4965e-03 -3.3808e-02 -2.9660e-02 -1.0092e-02 -1.9645e-02 -1.8581e-02 -2.0624e-02 -1.8581e-02 -2.3593e-02 -1.8581e-02 -1.4900e-02 -1.8581e-02 -2.5664e-02 -2.5664e-02 -2.5664e-02 -2.5664e-02 -1.7139e-02 7.5470e-03 -2.5664e-02 -5.6290e-02 2.0349e-02
9.2890e-02 8.4465e-02 8.4465e-02 8.2436e-02 8.3790e-02 8.8166e-02 8.5139e-02 9.8386e-01 9.8384e-01 1.0000e+00 -2.4668e-02 -2.4668e-02 -1.8082e-02 -1.6176e-02 -1.7126e-02 -2.4668e-02 -2.4668e-02 -2.4668e-02 -4.1148e-03 2.5493e-04 -4.0971e-02 -3.6941e-02 -1.4549e-02 -2.3330e-02 -1.4403e-02 -1.6452e-02 -1.4403e-02 -2.6359e-02 -1.4403e-02 -1.7626e-02 -1.4403e-02 -2.8441e-02 -2.8441e-02 -2.8441e-02 -2.8441e-02 -1.9874e-02 2.1532e-02 -2.8441e-02 -5.9470e-02 1.8966e-02
-2.6570e-02 -2.7525e-02 -2.7525e-02 -3.0408e-02 -2.8483e-02 -1.1690e-02 -2.6570e-02 -2.3505e-02 -2.1151e-02 -2.4668e-02 1.0000e+00 1.0000e+00 1.7076e-01 1.6405e-01 1.7139e-01 1.0000e+00 1.0000e+00 1.0000e+00 8.6109e-01 1.4641e-01 4.9263e-01 4.8844e-01 8.1839e-01 9.1113e-01 1.4704e-01 1.4570e-01 1.4704e-01 5.8243e-01 1.4704e-01 5.3242e-01 1.4704e-01 5.7403e-01 5.7403e-01 5.7403e-01 5.7403e-01 5.2384e-01 1.9085e-01 5.7403e-01 -1.2852e-01 -4.4272e-02
-2.6570e-02 -2.7525e-02 -2.7525e-02 -3.0408e-02 -2.8483e-02 -1.1690e-02 -2.6570e-02 -2.3505e-02 -2.1151e-02 -2.4668e-02 1.0000e+00 1.0000e+00 1.7076e-01 1.6405e-01 1.7139e-01 1.0000e+00 1.0000e+00 1.0000e+00 8.6109e-01 1.4641e-01 4.9263e-01 4.8844e-01 8.1839e-01 9.1113e-01 1.4704e-01 1.4570e-01 1.4704e-01 5.8243e-01 1.4704e-01 5.3242e-01 1.4704e-01 5.7403e-01 5.7403e-01 5.7403e-01 5.7403e-01 5.2384e-01 1.9085e-01 5.7403e-01 -1.2852e-01 -4.4272e-02
-3.0800e-02 -2.9804e-02 -2.9804e-02 -2.6797e-02 -2.8804e-02 -2.7657e-02 -3.0800e-02 -1.9607e-02 -2.2697e-02 -1.8082e-02 1.7076e-01 1.7076e-01 1.0000e+00 9.9278e-01 9.9637e-01 1.7076e-01 1.7076e-01 1.7076e-01 -7.5214e-02 8.5739e-01 1.2570e-01 1.2905e-01 -5.2494e-02 1.6967e-01 7.1667e-01 7.0010e-01 7.0890e-01 1.1948e-01 7.0890e-01 1.1180e-01 7.0890e-01 1.1201e-01 1.1201e-01 1.1201e-01 1.1201e-01 1.0403e-01 2.6104e-01 1.1201e-01 -2.1513e-01 2.6669e-02
-3.3583e-02 -3.2583e-02 -3.2583e-02 -2.9567e-02 -3.1580e-02 -3.0586e-02 -3.3583e-02 -1.7702e-02 -2.0798e-02 -1.6176e-02 1.6405e-01 1.6405e-01 9.9278e-01 1.0000e+00 9.9639e-01 1.6405e-01 1.6405e-01 1.6405e-01 -7.9605e-02 8.5120e-01 1.2371e-01 1.2158e-01 -6.3674e-02 1.6326e-01 7.1103e-01 6.9456e-01 7.0330e-01 1.1120e-01 7.0330e-01 1.0307e-01 7.0330e-01 1.0388e-01 1.0388e-01 1.0388e-01 1.0388e-01 9.5458e-02 2.5778e-01 1.0388e-01 -2.1195e-01 2.7153e-02
-3.2194e-02 -3.1196e-02 -3.1196e-02 -2.8185e-02 -3.0195e-02 -2.9125e-02 -3.2194e-02 -1.8652e-02 -2.1745e-02 -1.7126e-02 1.7139e-01 1.7139e-01 9.9637e-01 9.9639e-01 1.0000e+00 1.7139e-01 1.7139e-01 1.7139e-01 -7.3824e-02 8.5428e-01 1.2747e-01 1.2531e-01 -5.8097e-02 1.7034e-01 7.1384e-01 6.9732e-01 7.0608e-01 1.2003e-01 7.0608e-01 1.1233e-01 7.0608e-01 1.1259e-01 1.1259e-01 1.1259e-01 1.1259e-01 1.0458e-01 2.6227e-01 1.1259e-01 -2.1353e-01 2.6911e-02
-2.6570e-02 -2.7525e-02 -2.7525e-02 -3.0408e-02 -2.8483e-02 -1.1690e-02 -2.6570e-02 -2.3505e-02 -2.1151e-02 -2.4668e-02 1.0000e+00 1.0000e+00 1.7076e-01 1.6405e-01 1.7139e-01 1.0000e+00 1.0000e+00 1.0000e+00 8.6109e-01 1.4641e-01 4.9263e-01 4.8844e-01 8.1839e-01 9.1113e-01 1.4704e-01 1.4570e-01 1.4704e-01 5.8243e-01 1.4704e-01 5.3242e-01 1.4704e-01 5.7403e-01 5.7403e-01 5.7403e-01 5.7403e-01 5.2384e-01 1.9085e-01 5.7403e-01 -1.2852e-01 -4.4272e-02
-2.6570e-02 -2.7525e-02 -2.7525e-02 -3.0408e-02 -2.8483e-02 -1.1690e-02 -2.6570e-02 -2.3505e-02 -2.1151e-02 -2.4668e-02 1.0000e+00 1.0000e+00 1.7076e-01 1.6405e-01 1.7139e-01 1.0000e+00 1.0000e+00 1.0000e+00 8.6109e-01 1.4641e-01 4.9263e-01 4.8844e-01 8.1839e-01 9.1113e-01 1.4704e-01 1.4570e-01 1.4704e-01 5.8243e-01 1.4704e-01 5.3242e-01 1.4704e-01 5.7403e-01 5.7403e-01 5.7403e-01 5.7403e-01 5.2384e-01 1.9085e-01 5.7403e-01 -1.2852e-01 -4.4272e-02
-2.6570e-02 -2.7525e-02 -2.7525e-02 -3.0408e-02 -2.8483e-02 -1.1690e-02 -2.6570e-02 -2.3505e-02 -2.1151e-02 -2.4668e-02 1.0000e+00 1.0000e+00 1.7076e-01 1.6405e-01 1.7139e-01 1.0000e+00 1.0000e+00 1.0000e+00 8.6109e-01 1.4641e-01 4.9263e-01 4.8844e-01 8.1839e-01 9.1113e-01 1.4704e-01 1.4570e-01 1.4704e-01 5.8243e-01 1.4704e-01 5.3242e-01 1.4704e-01 5.7403e-01 5.7403e-01 5.7403e-01 5.7403e-01 5.2384e-01 1.9085e-01 5.7403e-01 -1.2852e-01 -4.4272e-02
-3.8036e-02 -3.9156e-02 -3.9156e-02 -4.2537e-02 -4.0279e-02 -2.0593e-02 -3.8036e-02 -2.6591e-03 2.9022e-04 -4.1148e-03 8.6109e-01 8.6109e-01 -7.5214e-02 -7.9605e-02 -7.3824e-02 8.6109e-01 8.6109e-01 8.6109e-01 1.0000e+00 1.7003e-01 5.6820e-01 5.6335e-01 9.4549e-01 7.8725e-01 1.5762e-01 1.6371e-01 1.5762e-01 5.0195e-01 1.5762e-01 4.5890e-01 1.5762e-01 5.0313e-01 5.0313e-01 5.0313e-01 5.0313e-01 4.6028e-01 1.1854e-01 5.0313e-01 -1.4825e-01 -5.1414e-02
-5.0317e-02 -4.9499e-02 -4.9499e-02 -4.7032e-02 -4.8679e-02 -4.2238e-02 -5.0317e-02 -9.8472e-04 -3.4965e-03 2.5493e-04 1.4641e-01 1.4641e-01 8.5739e-01 8.5120e-01 8.5428e-01 1.4641e-01 1.4641e-01 1.4641e-01 1.7003e-01 1.0000e+00 2.8117e-01 2.8369e-01 1.7724e-01 1.5214e-01 8.2831e-01 8.1806e-01 8.1963e-01 1.0809e-01 8.1963e-01 1.0175e-01 8.1963e-01 1.0963e-01 1.0963e-01 1.0963e-01 1.0963e-01 1.0336e-01 2.3116e-01 1.0963e-01 -2.7685e-01 1.6705e-02
-8.9024e-03 -1.0749e-02 -1.0749e-02 -6.5204e-03 -7.7149e-03 -1.3406e-02 -8.9024e-03 -3.1833e-02 -3.3808e-02 -4.0971e-02 4.9263e-01 4.9263e-01 1.2570e-01 1.2371e-01 1.2747e-01 4.9263e-01 4.9263e-01 4.9263e-01 5.6820e-01 2.8117e-01 1.0000e+00 9.9158e-01 5.9839e-01 5.0639e-01 2.9415e-01 2.9742e-01 2.9415e-01 3.2492e-01 2.9415e-01 3.0146e-01 2.9415e-01 3.2349e-01 3.2349e-01 3.2349e-01 3.2349e-01 3.0002e-01 1.3904e-01 3.2349e-01 -5.8781e-02 -5.2423e-02
-4.3985e-03 -6.2543e-03 -6.2543e-03 -2.0717e-03 -3.2386e-03 -1.3445e-02 -4.3985e-03 -2.7778e-02 -2.9660e-02 -3.6941e-02 4.8844e-01 4.8844e-01 1.2905e-01 1.2158e-01 1.2531e-01 4.8844e-01 4.8844e-01 4.8844e-01 5.6335e-01 2.8369e-01 9.9158e-01 1.0000e+00 5.9865e-01 5.0205e-01 2.9684e-01 3.0007e-01 2.9684e-01 3.2168e-01 2.9684e-01 2.9840e-01 2.9684e-01 3.2022e-01 3.2022e-01 3.2022e-01 3.2022e-01 2.9693e-01 1.4616e-01 3.2022e-01 -6.1926e-02 -5.3253e-02
-2.6162e-02 -2.7309e-02 -2.7309e-02 -3.0771e-02 -2.8459e-02 -8.2844e-03 -2.6162e-02 -4.5397e-03 -1.0092e-02 -1.4549e-02 8.1839e-01 8.1839e-01 -5.2494e-02 -6.3674e-02 -5.8097e-02 8.1839e-01 8.1839e-01 8.1839e-01 9.4549e-01 1.7724e-01 5.9839e-01 5.9865e-01 1.0000e+00 8.3598e-01 1.6590e-01 1.7172e-01 1.6590e-01 5.6947e-01 1.6590e-01 5.3197e-01 1.6590e-01 5.6063e-01 5.6063e-01 5.6063e-01 5.6063e-01 5.2280e-01 1.3794e-01 5.6063e-01 -1.4915e-01 -5.3593e-02
-1.1684e-02 -1.2652e-02 -1.2652e-02 -1.5575e-02 -1.3623e-02 3.4180e-03 -1.1684e-02 -1.2638e-02 -1.9645e-02 -2.3330e-02 9.1113e-01 9.1113e-01 1.6967e-01 1.6326e-01 1.7034e-01 9.1113e-01 9.1113e-01 9.1113e-01 7.8725e-01 1.5214e-01 5.0639e-01 5.0205e-01 8.3598e-01 1.0000e+00 1.6166e-01 1.6032e-01 1.6166e-01 6.5884e-01 1.6166e-01 6.1496e-01 1.6166e-01 6.4958e-01 6.4958e-01 6.4958e-01 6.4958e-01 6.0536e-01 2.1047e-01 6.4958e-01 -1.3528e-01 -4.6005e-02
-4.9678e-02 -4.8803e-02 -4.8803e-02 -4.6165e-02 -4.7926e-02 -4.3400e-02 -4.9678e-02 -1.5783e-02 -1.8581e-02 -1.4403e-02 1.4704e-01 1.4704e-01 7.1667e-01 7.1103e-01 7.1384e-01 1.4704e-01 1.4704e-01 1.4704e-01 1.5762e-01 8.2831e-01 2.9415e-01 2.9684e-01 1.6590e-01 1.6166e-01 1.0000e+00 9.8334e-01 9.9170e-01 1.1597e-01 9.9170e-01 1.0928e-01 9.9170e-01 1.1760e-01 1.1760e-01 1.1760e-01 1.1760e-01 1.1098e-01 2.6740e-01 1.1760e-01 -2.6542e-01 2.0576e-02
-5.3675e-02 -5.2814e-02 -5.2814e-02 -5.0217e-02 -5.1951e-02 -4.7062e-02 -5.3675e-02 -1.7830e-02 -2.0624e-02 -1.6452e-02 1.4570e-01 1.4570e-01 7.0010e-01 6.9456e-01 6.9732e-01 1.4570e-01 1.4570e-01 1.4570e-01 1.6371e-01 8.1806e-01 2.9742e-01 3.0007e-01 1.7172e-01 1.6032e-01 9.8334e-01 1.0000e+00 9.9169e-01 1.2498e-01 9.9169e-01 1.1878e-01 9.9169e-01 1.2650e-01 1.2650e-01 1.2650e-01 1.2650e-01 1.2035e-01 2.7117e-01 1.2650e-01 -2.6933e-01 2.0039e-02
-4.9678e-02 -4.8803e-02 -4.8803e-02 -4.6165e-02 -4.7926e-02 -4.3400e-02 -4.9678e-02 -1.5783e-02 -1.8581e-02 -1.4403e-02 1.4704e-01 1.4704e-01 7.0890e-01 7.0330e-01 7.0608e-01 1.4704e-01 1.4704e-01 1.4704e-01 1.5762e-01 8.1963e-01 2.9415e-01 2.9684e-01 1.6590e-01 1.6166e-01 9.9170e-01 9.9169e-01 1.0000e+00 1.2603e-01 1.0000e+00 1.1978e-01 1.0000e+00 1.2756e-01 1.2756e-01 1.2756e-01 1.2756e-01 1.2136e-01 2.7353e-01 1.2756e-01 -2.6542e-01 2.0576e-02
-1.0290e-02 -1.1047e-02 -1.1047e-02 -1.3330e-02 -1.1805e-02 1.5102e-03 -1.0290e-02 -1.3955e-02 -2.3593e-02 -2.6359e-02 5.8243e-01 5.8243e-01 1.1948e-01 1.1120e-01 1.2003e-01 5.8243e-01 5.8243e-01 5.8243e-01 5.0195e-01 1.0809e-01 3.2492e-01 3.2168e-01 5.6947e-01 6.5884e-01 1.1597e-01 1.2498e-01 1.2603e-01 1.0000e+00 1.2603e-01 9.5038e-01 1.2603e-01 9.8799e-01 9.8799e-01 9.8799e-01 9.8799e-01 9.3776e-01 4.5066e-01 9.8799e-01 -1.0474e-01 -3.5865e-02
-4.9678e-02 -4.8803e-02 -4.8803e-02 -4.6165e-02 -4.7926e-02 -4.3400e-02 -4.9678e-02 -1.5783e-02 -1.8581e-02 -1.4403e-02 1.4704e-01 1.4704e-01 7.0890e-01 7.0330e-01 7.0608e-01 1.4704e-01 1.4704e-01 1.4704e-01 1.5762e-01 8.1963e-01 2.9415e-01 2.9684e-01 1.6590e-01 1.6166e-01 9.9170e-01 9.9169e-01 1.0000e+00 1.2603e-01 1.0000e+00 1.1978e-01 1.0000e+00 1.2756e-01 1.2756e-01 1.2756e-01 1.2756e-01 1.2136e-01 2.7353e-01 1.2756e-01 -2.6542e-01 2.0576e-02
1.6478e-02 1.5799e-02 1.5799e-02 1.3750e-02 1.5118e-02 2.7098e-02 1.6478e-02 -4.7411e-03 -1.4900e-02 -1.7626e-02 5.3242e-01 5.3242e-01 1.1180e-01 1.0307e-01 1.1233e-01 5.3242e-01 5.3242e-01 5.3242e-01 4.5890e-01 1.0175e-01 3.0146e-01 2.9840e-01 5.3197e-01 6.1496e-01 1.0928e-01 1.1878e-01 1.1978e-01 9.5038e-01 1.1978e-01 1.0000e+00 1.1978e-01 9.3897e-01 9.3897e-01 9.3897e-01 9.3897e-01 9.8695e-01 4.2830e-01 9.3897e-01 -9.7662e-02 -3.4085e-02
-4.9678e-02 -4.8803e-02 -4.8803e-02 -4.6165e-02 -4.7926e-02 -4.3400e-02 -4.9678e-02 -1.5783e-02 -1.8581e-02 -1.4403e-02 1.4704e-01 1.4704e-01 7.0890e-01 7.0330e-01 7.0608e-01 1.4704e-01 1.4704e-01 1.4704e-01 1.5762e-01 8.1963e-01 2.9415e-01 2.9684e-01 1.6590e-01 1.6166e-01 9.9170e-01 9.9169e-01 1.0000e+00 1.2603e-01 1.0000e+00 1.1978e-01 1.0000e+00 1.2756e-01 1.2756e-01 1.2756e-01 1.2756e-01 1.2136e-01 2.7353e-01 1.2756e-01 -2.6542e-01 2.0576e-02
-1.4600e-02 -1.5372e-02 -1.5372e-02 -1.7702e-02 -1.6146e-02 -2.5611e-03 -1.4600e-02 -1.6147e-02 -2.5664e-02 -2.8441e-02 5.7403e-01 5.7403e-01 1.1201e-01 1.0388e-01 1.1259e-01 5.7403e-01 5.7403e-01 5.7403e-01 5.0313e-01 1.0963e-01 3.2349e-01 3.2022e-01 5.6063e-01 6.4958e-01 1.1760e-01 1.2650e-01 1.2756e-01 9.8799e-01 1.2756e-01 9.3897e-01 1.2756e-01 1.0000e+00 1.0000e+00 1.0000e+00 1.0000e+00 9.5138e-01 4.5614e-01 1.0000e+00 -1.0646e-01 -3.6301e-02
-1.4600e-02 -1.5372e-02 -1.5372e-02 -1.7702e-02 -1.6146e-02 -2.5611e-03 -1.4600e-02 -1.6147e-02 -2.5664e-02 -2.8441e-02 5.7403e-01 5.7403e-01 1.1201e-01 1.0388e-01 1.1259e-01 5.7403e-01 5.7403e-01 5.7403e-01 5.0313e-01 1.0963e-01 3.2349e-01 3.2022e-01 5.6063e-01 6.4958e-01 1.1760e-01 1.2650e-01 1.2756e-01 9.8799e-01 1.2756e-01 9.3897e-01 1.2756e-01 1.0000e+00 1.0000e+00 1.0000e+00 1.0000e+00 9.5138e-01 4.5614e-01 1.0000e+00 -1.0646e-01 -3.6301e-02
-1.4600e-02 -1.5372e-02 -1.5372e-02 -1.7702e-02 -1.6146e-02 -2.5611e-03 -1.4600e-02 -1.6147e-02 -2.5664e-02 -2.8441e-02 5.7403e-01 5.7403e-01 1.1201e-01 1.0388e-01 1.1259e-01 5.7403e-01 5.7403e-01 5.7403e-01 5.0313e-01 1.0963e-01 3.2349e-01 3.2022e-01 5.6063e-01 6.4958e-01 1.1760e-01 1.2650e-01 1.2756e-01 9.8799e-01 1.2756e-01 9.3897e-01 1.2756e-01 1.0000e+00 1.0000e+00 1.0000e+00 1.0000e+00 9.5138e-01 4.5614e-01 1.0000e+00 -1.0646e-01 -3.6301e-02
-1.4600e-02 -1.5372e-02 -1.5372e-02 -1.7702e-02 -1.6146e-02 -2.5611e-03 -1.4600e-02 -1.6147e-02 -2.5664e-02 -2.8441e-02 5.7403e-01 5.7403e-01 1.1201e-01 1.0388e-01 1.1259e-01 5.7403e-01 5.7403e-01 5.7403e-01 5.0313e-01 1.0963e-01 3.2349e-01 3.2022e-01 5.6063e-01 6.4958e-01 1.1760e-01 1.2650e-01 1.2756e-01 9.8799e-01 1.2756e-01 9.3897e-01 1.2756e-01 1.0000e+00 1.0000e+00 1.0000e+00 1.0000e+00 9.5138e-01 4.5614e-01 1.0000e+00 -1.0646e-01 -3.6301e-02
1.1702e-02 1.1006e-02 1.1006e-02 8.9071e-03 1.0309e-02 2.2576e-02 1.1702e-02 -7.1165e-03 -1.7139e-02 -1.9874e-02 5.2384e-01 5.2384e-01 1.0403e-01 9.5458e-02 1.0458e-01 5.2384e-01 5.2384e-01 5.2384e-01 4.6028e-01 1.0336e-01 3.0002e-01 2.9693e-01 5.2280e-01 6.0536e-01 1.1098e-01 1.2035e-01 1.2136e-01 9.3776e-01 1.2136e-01 9.8695e-01 1.2136e-01 9.5138e-01 9.5138e-01 9.5138e-01 9.5138e-01 1.0000e+00 4.3396e-01 9.5138e-01 -9.9463e-02 -3.4536e-02
-4.7109e-02 -4.8825e-02 -4.8825e-02 -5.4004e-02 -5.0546e-02 -4.4977e-02 -4.7109e-02 1.6910e-02 7.5470e-03 2.1532e-02 1.9085e-01 1.9085e-01 2.6104e-01 2.5778e-01 2.6227e-01 1.9085e-01 1.9085e-01 1.9085e-01 1.1854e-01 2.3116e-01 1.3904e-01 1.4616e-01 1.3794e-01 2.1047e-01 2.6740e-01 2.7117e-01 2.7353e-01 4.5066e-01 2.7353e-01 4.2830e-01 2.7353e-01 4.5614e-01 4.5614e-01 4.5614e-01 4.5614e-01 4.3396e-01 1.0000e+00 4.5614e-01 -1.0475e-01 -4.2031e-02
-1.4600e-02 -1.5372e-02 -1.5372e-02 -1.7702e-02 -1.6146e-02 -2.5611e-03 -1.4600e-02 -1.6147e-02 -2.5664e-02 -2.8441e-02 5.7403e-01 5.7403e-01 1.1201e-01 1.0388e-01 1.1259e-01 5.7403e-01 5.7403e-01 5.7403e-01 5.0313e-01 1.0963e-01 3.2349e-01 3.2022e-01 5.6063e-01 6.4958e-01 1.1760e-01 1.2650e-01 1.2756e-01 9.8799e-01 1.2756e-01 9.3897e-01 1.2756e-01 1.0000e+00 1.0000e+00 1.0000e+00 1.0000e+00 9.5138e-01 4.5614e-01 1.0000e+00 -1.0646e-01 -3.6301e-02
3.9956e-02 4.5944e-02 4.5944e-02 4.3316e-02 4.5070e-02 4.7062e-02 3.9956e-02 -5.8417e-02 -5.6290e-02 -5.9470e-02 -1.2852e-01 -1.2852e-01 -2.1513e-01 -2.1195e-01 -2.1353e-01 -1.2852e-01 -1.2852e-01 -1.2852e-01 -1.4825e-01 -2.7685e-01 -5.8781e-02 -6.1926e-02 -1.4915e-01 -1.3528e-01 -2.6542e-01 -2.6933e-01 -2.6542e-01 -1.0474e-01 -2.6542e-01 -9.7662e-02 -2.6542e-01 -1.0646e-01 -1.0646e-01 -1.0646e-01 -1.0646e-01 -9.9463e-02 -1.0475e-01 -1.0646e-01 1.0000e+00 -2.0039e-02
2.0853e-02 2.0614e-02 2.0614e-02 1.9895e-02 2.0375e-02 2.4603e-02 2.0853e-02 1.9423e-02 2.0349e-02 1.8966e-02 -4.4272e-02 -4.4272e-02 2.6669e-02 2.7153e-02 2.6911e-02 -4.4272e-02 -4.4272e-02 -4.4272e-02 -5.1414e-02 1.6705e-02 -5.2423e-02 -5.3253e-02 -5.3593e-02 -4.6005e-02 2.0576e-02 2.0039e-02 2.0576e-02 -3.5865e-02 2.0576e-02 -3.4085e-02 2.0576e-02 -3.6301e-02 -3.6301e-02 -3.6301e-02 -3.6301e-02 -3.4536e-02 -4.2031e-02 -3.6301e-02 -2.0039e-02 1.0000e+00
