1.0000e+00 8.7921e-01 -2.7153e-02 -2.7153e-02 -2.7153e-02 1.0186e-01 1.0159e-01 -2.7153e-02 -2.7153e-02 -2.7393e-02 -2.7153e-02 1.0267e-01 -2.7393e-02 3.2648e-02 -1.7502e-02 1.2788e-01 3.0903e-02 1.3019e-01 3.1122e-02 1.3019e-01 -6.8435e-04 1.2903e-01 1.2788e-01 5.0050e-02 4.9059e-02 3.5850e-02 4.8827e-02 2.8360e-02 6.7396e-02 1.5229e-03 3.6631e-02 5.5303e-02 2.9367e-02 2.9367e-02 5.0454e-03 2.5679e-02 2.6154e-02 3.0152e-02 8.9949e-03 1.1935e-02 9.2223e-03 9.2223e-03 2.5679e-03 1.2565e-02 1.2883e-02 2.3316e-03 1.2883e-02 1.2883e-02 -1.3888e-03 -1.8266e-02 9.2223e-03 9.2223e-03 8.9949e-03 -1.3888e-03 -1.1537e-03 -1.6241e-03 -1.1537e-03 -1.1537e-03 -4.2299e-03 1.5572e-02 -2.1872e-02 -2.1646e-02 -2.1646e-02 -2.2550e-02 1.4805e-02 -4.7144e-02 -4.7521e-02 -4.7709e-02
8.7921e-01 1.0000e+00 -2.4177e-02 -2.4177e-02 -2.4177e-02 1.1357e-01 1.1331e-01 -2.4177e-02 -2.4177e-02 -2.4412e-02 -2.4177e-02 1.1437e-01 -2.4412e-02 3.6619e-02 -1.6807e-02 1.6939e-01 2.6518e-02 1.7215e-01 2.6733e-02 1.7215e-01 2.9789e-02 1.7076e-01 1.6939e-01 6.2224e-02 4.1470e-02 4.5733e-02 4.1248e-02 4.0036e-02 7.5757e-02 5.4171e-03 4.9639e-02 6.3728e-02 3.7122e-02 3.7122e-02 1.0008e-02 3.4625e-02 3.5088e-02 3.7895e-02 -1.7020e-02 1.6848e-02 -1.6794e-02 -1.6794e-02 -2.8106e-02 1.7476e-02 1.7792e-02 -2.8317e-02 1.7792e-02 1.7792e-02 -2.7470e-02 -1.7540e-02 -1.6794e-02 -1.6794e-02 -1.7020e-02 -2.7470e-02 -2.7231e-02 -2.7709e-02 -2.7231e-02 -2.7231e-02 -3.0368e-02 2.8851e-03 -3.2282e-02 -3.2066e-02 -3.2066e-02 -3.2930e-02 2.1781e-03 -4.5271e-02 -4.5634e-02 -4.5814e-02
-2.7153e-02 -2.4177e-02 1.0000e+00 1.0000e+00 1.0000e+00 5.3487e-01 5.3378e-01 1.0000e+00 1.0000e+00 9.9641e-01 1.0000e+00 5.3819e-01 9.8201e-01 -1.2888e-01 -6.7999e-02 -1.3155e-01 -2.9084e-01 -1.1982e-01 -2.7753e-01 -1.1982e-01 -1.7439e-01 -1.2077e-01 -1.2171e-01 -1.5929e-01 -1.0920e-01 -9.7990e-02 -1.1008e-01 -1.1656e-01 -6.4195e-02 -4.3242e-02 -9.7944e-02 -7.0060e-02 -3.0717e-02 -3.0717e-02 -2.1674e-02 -3.7645e-02 -3.5880e-02 -2.7979e-02 3.9533e-02 -2.4014e-02 4.5833e-02 4.5833e-02 7.1717e-02 -2.1849e-02 -2.0760e-02 7.0765e-02 -2.0760e-02 -2.0760e-02 6.5525e-02 2.7309e-01 4.5833e-02 4.5833e-02 4.4953e-02 6.5525e-02 6.6402e-02 6.4647e-02 6.6402e-02 6.6402e-02 5.4949e-02 -1.0495e-01 -1.0023e-01 -9.9358e-02 -9.9358e-02 -9.7506e-02 -1.0753e-01 -8.2982e-03 -1.0747e-02 -1.1961e-02
-2.7153e-02 -2.4177e-02 1.0000e+00 1.0000e+00 1.0000e+00 5.3487e-01 5.3378e-01 1.0000e+00 1.0000e+00 9.9641e-01 1.0000e+00 5.3819e-01 9.8201e-01 -1.2888e-01 -6.7999e-02 -1.3155e-01 -2.9084e-01 -1.1982e-01 -2.7753e-01 -1.1982e-01 -1.7439e-01 -1.2077e-01 -1.2171e-01 -1.5929e-01 -1.0920e-01 -9.7990e-02 -1.1008e-01 -1.1656e-01 -6.4195e-02 -4.3242e-02 -9.7944e-02 -7.0060e-02 -3.0717e-02 -3.0717e-02 -2.1674e-02 -3.7645e-02 -3.5880e-02 -2.7979e-02 3.9533e-02 -2.4014e-02 4.5833e-02 4.5833e-02 7.1717e-02 -2.1849e-02 -2.0760e-02 7.0765e-02 -2.0760e-02 -2.0760e-02 6.5525e-02 2.7309e-01 4.5833e-02 4.5833e-02 4.4953e-02 6.5525e-02 6.6402e-02 6.4647e-02 6.6402e-02 6.6402e-02 5.4949e-02 -1.0495e-01 -1.0023e-01 -9.9358e-02 -9.9358e-02 -9.7506e-02 -1.0753e-01 -8.2982e-03 -1.0747e-02 -1.1961e-02
-2.7153e-02 -2.4177e-02 1.0000e+00 1.0000e+00 1.0000e+00 5.3487e-01 5.3378e-01 1.0000e+00 1.0000e+00 9.9641e-01 1.0000e+00 5.3819e-01 9.8201e-01 -1.2888e-01 -6.7999e-02 -1.3155e-01 -2.9084e-01 -1.1982e-01 -2.7753e-01 -1.1982e-01 -1.7439e-01 -1.2077e-01 -1.2171e-01 -1.5929e-01 -1.0920e-01 -9.7990e-02 -1.1008e-01 -1.1656e-01 -6.4195e-02 -4.3242e-02 -9.7944e-02 -7.0060e-02 -3.0717e-02 -3.0717e-02 -2.1674e-02 -3.7645e-02 -3.5880e-02 -2.7979e-02 3.9533e-02 -2.4014e-02 4.5833e-02 4.5833e-02 7.1717e-02 -2.1849e-02 -2.0760e-02 7.0765e-02 -2.0760e-02 -2.0760e-02 6.5525e-02 2.7309e-01 4.5833e-02 4.5833e-02 4.4953e-02 6.5525e-02 6.6402e-02 6.4647e-02 6.6402e-02 6.6402e-02 5.4949e-02 -1.0495e-01 -1.0023e-01 -9.9358e-02 -9.9358e-02 -9.7506e-02 -1.0753e-01 -8.2982e-03 -1.0747e-02 -1.1961e-02
1.0186e-01 1.1357e-01 5.3487e-01 5.3487e-01 5.3487e-01 1.0000e+00 9.9795e-01 5.3487e-01 5.3487e-01 5.3137e-01 5.3487e-01 9.9384e-01 5.3137e-01 2.7321e-01 1.8405e-01 2.2970e-01 3.0635e-02 2.3097e-01 2.7923e-02 2.3097e-01 -1.4201e-01 2.2659e-01 2.2227e-01 -7.0935e-03 -3.4458e-02 -1.5215e-02 -3.6109e-02 2.4103e-02 1.7348e-02 -2.4312e-02 6.1977e-02 3.0055e-02 3.1062e-02 3.1062e-02 2.2585e-02 5.0376e-02 4.9658e-02 2.7816e-02 -3.2570e-02 -3.6262e-02 -2.6797e-02 -2.6797e-02 -2.5677e-03 -3.2179e-02 -3.5313e-02 -4.2731e-03 -3.5313e-02 -3.5313e-02 1.9415e-02 1.4012e-01 -2.6797e-02 -2.6797e-02 -2.8477e-02 1.9415e-02 2.5274e-02 2.1892e-02 2.5274e-02 2.5274e-02 -1.0302e-03 -8.6456e-02 -5.3950e-02 -5.2301e-02 -5.2301e-02 -4.6758e-02 -7.4260e-02 -1.0706e-01 -1.0541e-01 -1.0745e-01
1.0159e-01 1.1331e-01 5.3378e-01 5.3378e-01 5.3378e-01 9.9795e-01 1.0000e+00 5.3378e-01 5.3378e-01 5.3027e-01 5.3378e-01 9.9180e-01 5.3027e-01 2.8008e-01 1.8367e-01 2.3645e-01 3.1866e-02 2.3781e-01 2.9158e-02 2.3781e-01 -1.4037e-01 2.3338e-01 2.2902e-01 -5.2687e-03 -3.2334e-02 -1.3016e-02 -3.3988e-02 2.5851e-02 2.0620e-02 -2.5149e-02 6.3559e-02 3.3030e-02 3.3867e-02 3.3867e-02 2.1526e-02 5.2697e-02 5.1989e-02 3.0642e-02 -3.4916e-02 -3.7227e-02 -2.9141e-02 -2.9141e-02 -4.1284e-03 -3.3139e-02 -3.6268e-02 -5.8364e-03 -3.6268e-02 -3.6268e-02 1.6818e-02 1.3974e-01 -2.9141e-02 -2.9141e-02 -3.0825e-02 1.6818e-02 2.2681e-02 1.9289e-02 2.2681e-02 2.2681e-02 -3.6858e-03 -8.3484e-02 -5.1827e-02 -5.0174e-02 -5.0174e-02 -4.4650e-02 -7.1312e-02 -1.0785e-01 -1.0621e-01 -1.0825e-01
-2.7153e-02 -2.4177e-02 1.0000e+00 1.0000e+00 1.0000e+00 5.3487e-01 5.3378e-01 1.0000e+00 1.0000e+00 9.9641e-01 1.0000e+00 5.3819e-01 9.8201e-01 -1.2888e-01 -6.7999e-02 -1.3155e-01 -2.9084e-01 -1.1982e-01 -2.7753e-01 -1.1982e-01 -1.7439e-01 -1.2077e-01 -1.2171e-01 -1.5929e-01 -1.0920e-01 -9.7990e-02 -1.1008e-01 -1.1656e-01 -6.4195e-02 -4.3242e-02 -9.7944e-02 -7.0060e-02 -3.0717e-02 -3.0717e-02 -2.1674e-02 -3.7645e-02 -3.5880e-02 -2.7979e-02 3.9533e-02 -2.4014e-02 4.5833e-02 4.5833e-02 7.1717e-02 -2.1849e-02 -2.0760e-02 7.0765e-02 -2.0760e-02 -2.0760e-02 6.5525e-02 2.7309e-01 4.5833e-02 4.5833e-02 4.4953e-02 6.5525e-02 6.6402e-02 6.4647e-02 6.6402e-02 6.6402e-02 5.4949e-02 -1.0495e-01 -1.0023e-01 -9.9358e-02 -9.9358e-02 -9.7506e-02 -1.0753e-01 -8.2982e-03 -1.0747e-02 -1.1961e-02
-2.7153e-02 -2.4177e-02 1.0000e+00 1.0000e+00 1.0000e+00 5.3487e-01 5.3378e-01 1.0000e+00 1.0000e+00 9.9641e-01 1.0000e+00 5.3819e-01 9.8201e-01 -1.2888e-01 -6.7999e-02 -1.3155e-01 -2.9084e-01 -1.1982e-01 -2.7753e-01 -1.1982e-01 -1.7439e-01 -1.2077e-01 -1.2171e-01 -1.5929e-01 -1.0920e-01 -9.7990e-02 -1.1008e-01 -1.1656e-01 -6.4195e-02 -4.3242e-02 -9.7944e-02 -7.0060e-02 -3.0717e-02 -3.0717e-02 -2.1674e-02 -3.7645e-02 -3.5880e-02 -2.7979e-02 3.9533e-02 -2.4014e-02 4.5833e-02 4.5833e-02 7.1717e-02 -2.1849e-02 -2.0760e-02 7.0765e-02 -2.0760e-02 -2.0760e-02 6.5525e-02 2.7309e-01 4.5833e-02 4.5833e-02 4.4953e-02 6.5525e-02 6.6402e-02 6.4647e-02 6.6402e-02 6.6402e-02 5.4949e-02 -1.0495e-01 -1.0023e-01 -9.9358e-02 -9.9358e-02 -9.7506e-02 -1.0753e-01 -8.2982e-03 -1.0747e-02 -1.1961e-02
-2.7393e-02 -2.4412e-02 9.9641e-01 9.9641e-01 9.9641e-01 5.3137e-01 5.3027e-01 9.9641e-01 9.9641e-01 1.0000e+00 9.9641e-01 5.3469e-01 9.7846e-01 -1.2935e-01 -6.8244e-02 -1.3202e-01 -2.9448e-01 -1.2031e-01 -2.8120e-01 -1.2031e-01 -1.7737e-01 -1.2126e-01 -1.2220e-01 -1.5649e-01 -1.0615e-01 -9.4855e-02 -1.0703e-01 -1.1396e-01 -5.9706e-02 -4.4256e-02 -9.5587e-02 -6.5943e-02 -2.6921e-02 -2.6921e-02 -2.3011e-02 -3.4463e-02 -3.2689e-02 -2.4164e-02 3.6321e-02 -2.5250e-02 4.2612e-02 4.2612e-02 6.9480e-02 -2.3081e-02 -2.1991e-02 6.8527e-02 -2.1991e-02 -2.1991e-02 6.1946e-02 2.7201e-01 4.2612e-02 4.2612e-02 4.1728e-02 6.1946e-02 6.2828e-02 6.1063e-02 6.2828e-02 6.2828e-02 5.1307e-02 -1.0654e-01 -1.0256e-01 -1.0168e-01 -1.0168e-01 -9.9855e-02 -1.0912e-01 -9.3790e-03 -1.1830e-02 -1.3046e-02
-2.7153e-02 -2.4177e-02 1.0000e+00 1.0000e+00 1.0000e+00 5.3487e-01 5.3378e-01 1.0000e+00 1.0000e+00 9.9641e-01 1.0000e+00 5.3819e-01 9.8201e-01 -1.2888e-01 -6.7999e-02 -1.3155e-01 -2.9084e-01 -1.1982e-01 -2.7753e-01 -1.1982e-01 -1.7439e-01 -1.2077e-01 -1.2171e-01 -1.5929e-01 -1.0920e-01 -9.7990e-02 -1.1008e-01 -1.1656e-01 -6.4195e-02 -4.3242e-02 -9.7944e-02 -7.0060e-02 -3.0717e-02 -3.0717e-02 -2.1674e-02 -3.7645e-02 -3.5880e-02 -2.7979e-02 3.9533e-02 -2.4014e-02 4.5833e-02 4.5833e-02 7.1717e-02 -2.1849e-02 -2.0760e-02 7.0765e-02 -2.0760e-02 -2.0760e-02 6.5525e-02 2.7309e-01 4.5833e-02 4.5833e-02 4.4953e-02 6.5525e-02 6.6402e-02 6.4647e-02 6.6402e-02 6.6402e-02 5.4949e-02 -1.0495e-01 -1.0023e-01 -9.9358e-02 -9.9358e-02 -9.7506e-02 -1.0753e-01 -8.2982e-03 -1.0747e-02 -1.1961e-02
1.0267e-01 1.1437e-01 5.3819e-01 5.3819e-01 5.3819e-01 9.9384e-01 9.9180e-01 5.3819e-01 5.3819e-01 5.3469e-01 5.3819e-01 1.0000e+00 5.3469e-01 2.5258e-01 1.8519e-01 2.0944e-01 2.6935e-02 2.1043e-01 2.4211e-02 2.1043e-01 -1.4695e-01 2.0619e-01 2.0200e-01 -1.2577e-02 -2.8684e-02 -9.6354e-03 -3.0326e-02 3.1117e-02 2.1111e-02 -2.1797e-02 5.7225e-02 2.1114e-02 2.2635e-02 2.2635e-02 2.5768e-02 4.3405e-02 4.2657e-02 1.9329e-02 -2.5521e-02 -3.3363e-02 -1.9755e-02 -1.9755e-02 2.1214e-03 -2.9294e-02 -3.2441e-02 4.2406e-04 -3.2441e-02 -3.2441e-02 2.7216e-02 1.4125e-01 -1.9755e-02 -1.9755e-02 -2.1423e-02 2.7216e-02 3.3065e-02 2.9712e-02 3.3065e-02 3.3065e-02 6.9485e-03 -8.2378e-02 -4.8175e-02 -4.6536e-02 -4.6536e-02 -4.0940e-02 -7.0140e-02 -1.0468e-01 -1.0301e-01 -1.0504e-01
-2.7393e-02 -2.4412e-02 9.8201e-01 9.8201e-01 9.8201e-01 5.3137e-01 5.3027e-01 9.8201e-01 9.8201e-01 9.7846e-01 9.8201e-01 5.3469e-01 1.0000e+00 -1.2935e-01 -6.8244e-02 -1.3202e-01 -2.9448e-01 -1.2031e-01 -2.8120e-01 -1.2031e-01 -1.7737e-01 -1.2126e-01 -1.2220e-01 -1.6187e-01 -1.1685e-01 -1.0558e-01 -1.1772e-01 -1.2475e-01 -6.5687e-02 -5.1756e-02 -1.0656e-01 -7.1699e-02 -3.2560e-02 -3.2560e-02 -2.9539e-02 -3.9863e-02 -3.8093e-02 -2.9816e-02 4.1728e-02 -3.2062e-02 4.8017e-02 4.8017e-02 8.0524e-02 -2.9921e-02 -2.8844e-02 7.9565e-02 -2.8844e-02 -2.8844e-02 6.7453e-02 2.7201e-01 4.8017e-02 4.8017e-02 4.7135e-02 6.7453e-02 6.8333e-02 6.6573e-02 6.8333e-02 6.8333e-02 5.6850e-02 -9.5095e-02 -9.1866e-02 -9.0986e-02 -9.0986e-02 -8.9162e-02 -9.7708e-02 -1.6964e-02 -1.9372e-02 -2.0567e-02
3.2648e-02 3.6619e-02 -1.2888e-01 -1.2888e-01 -1.2888e-01 2.7321e-01 2.8008e-01 -1.2888e-01 -1.2888e-01 -1.2935e-01 -1.2888e-01 2.5258e-01 -1.2935e-01 1.0000e+00 5.2761e-01 6.9285e-01 1.3661e-01 6.7532e-01 1.3711e-01 6.8913e-01 1.7424e-01 6.8412e-01 6.6553e-01 6.7027e-02 4.9897e-02 5.3545e-02 4.1875e-02 4.2981e-03 1.6245e-01 -7.9622e-02 1.0045e-01 1.7216e-01 1.5288e-01 1.5288e-01 -1.4463e-02 9.5119e-02 8.1306e-02 1.3931e-01 -9.0045e-02 1.1286e-02 -8.1914e-02 -8.1914e-02 -8.5686e-02 1.2807e-02 1.3573e-02 -8.6235e-02 1.3573e-02 1.3573e-02 -1.1079e-01 -4.6282e-02 -8.1914e-02 -8.1914e-02 -8.2522e-02 -1.1079e-01 -1.1014e-01 -1.1145e-01 -1.1014e-01 -1.1014e-01 -1.1869e-01 -4.0153e-02 1.8976e-02 1.9555e-02 1.9555e-02 1.7242e-02 -4.1903e-02 -7.7244e-02 -6.7944e-02 -6.8567e-02
-1.7502e-02 -1.6807e-02 -6.7999e-02 -6.7999e-02 -6.7999e-02 1.8405e-01 1.8367e-01 -6.7999e-02 -6.7999e-02 -6.8244e-02 -6.7999e-02 1.8519e-01 -6.8244e-02 5.2761e-01 1.0000e+00 4.9247e-01 9.4055e-02 4.9926e-01 9.4289e-02 4.9926e-01 1.2019e-01 4.9583e-01 4.6803e-01 1.2452e-01 1.3318e-01 1.3929e-01 1.3286e-01 1.3297e-01 2.1837e-01 -4.5361e-02 1.2146e-01 2.1170e-01 1.9910e-01 1.9910e-01 -6.3260e-02 1.6359e-01 1.3740e-01 1.7235e-01 -1.2464e-01 -4.0135e-02 -1.2430e-01 -1.2430e-01 -9.0678e-02 -3.9519e-02 -3.9210e-02 -9.0944e-02 -3.9210e-02 -3.9210e-02 -1.4107e-01 -2.4419e-02 -1.2430e-01 -1.2430e-01 -1.2464e-01 -1.4107e-01 -1.4069e-01 -1.4146e-01 -1.4069e-01 -1.4069e-01 -1.4578e-01 -7.6702e-02 -1.0706e-01 -1.0677e-01 -1.0677e-01 -1.0795e-01 -7.7491e-02 -6.3025e-02 -6.3529e-02 -6.3781e-02
1.2788e-01 1.6939e-01 -1.3155e-01 -1.3155e-01 -1.3155e-01 2.2970e-01 2.3645e-01 -1.3155e-01 -1.3155e-01 -1.3202e-01 -1.3155e-01 2.0944e-01 -1.3202e-01 6.9285e-01 4.9247e-01 1.0000e+00 1.6558e-01 9.7293e-01 1.6605e-01 9.5935e-01 2.1747e-01 9.3926e-01 9.4629e-01 1.5657e-01 1.4094e-01 1.5249e-01 1.3303e-01 9.4915e-02 2.7559e-01 -8.2848e-02 1.8995e-01 2.5625e-01 2.2723e-01 2.2723e-01 6.8684e-03 1.6526e-01 1.5177e-01 2.0640e-01 -1.3826e-01 3.3733e-02 -1.3762e-01 -1.3762e-01 -1.6065e-01 3.5375e-02 3.6202e-02 -1.6117e-01 3.6202e-02 3.6202e-02 -1.6813e-01 -4.7240e-02 -1.3762e-01 -1.3762e-01 -1.3826e-01 -1.6813e-01 -1.6743e-01 -1.6882e-01 -1.6743e-01 -1.6743e-01 -1.7655e-01 -1.0178e-01 -3.5755e-02 -3.5169e-02 -3.5169e-02 -3.7513e-02 -1.0342e-01 -1.0118e-01 -9.1961e-02 -9.2534e-02
3.0903e-02 2.6518e-02 -2.9084e-01 -2.9084e-01 -2.9084e-01 3.0635e-02 3.1866e-02 -2.9084e-01 -2.9084e-01 -2.9448e-01 -2.9084e-01 2.6935e-02 -2.9448e-01 1.3661e-01 9.4055e-02 1.6558e-01 1.0000e+00 1.7950e-01 9.8753e-01 1.7950e-01 7.5047e-01 1.8073e-01 1.8196e-01 2.6549e-01 1.1580e-01 1.7324e-01 1.2147e-01 2.1690e-01 1.2467e-01 8.2267e-02 1.7053e-01 1.4733e-01 7.9149e-02 7.9149e-02 1.1275e-01 1.3385e-02 1.0920e-02 7.5440e-02 -1.2962e-02 9.8850e-02 -1.4194e-02 -1.4194e-02 -1.0979e-01 9.6120e-02 9.4749e-02 -1.0847e-01 9.4749e-02 9.4749e-02 -2.9986e-02 2.6602e-02 -1.4194e-02 -1.4194e-02 -1.2962e-02 -2.9986e-02 -3.1230e-02 -2.8740e-02 -3.1230e-02 -3.1230e-02 -6.5812e-02 -9.2493e-02 -1.0473e-01 -1.0151e-01 -1.0151e-01 -1.0550e-01 -8.3591e-02 4.4627e-02 4.7827e-02 4.3143e-02
1.3019e-01 1.7215e-01 -1.1982e-01 -1.1982e-01 -1.1982e-01 2.3097e-01 2.3781e-01 -1.1982e-01 -1.1982e-01 -1.2031e-01 -1.1982e-01 2.1043e-01 -1.2031e-01 6.7532e-01 4.9926e-01 9.7293e-01 1.7950e-01 1.0000e+00 1.7995e-01 9.8626e-01 2.2937e-01 9.6588e-01 9.7293e-01 1.6656e-01 1.5703e-01 1.6847e-01 1.4904e-01 1.0451e-01 2.9159e-01 -8.0706e-02 2.0144e-01 2.6419e-01 2.3515e-01 2.3515e-01 1.0789e-02 1.7354e-01 1.5987e-01 2.1404e-01 -1.4618e-01 3.7698e-02 -1.4555e-01 -1.4555e-01 -1.7206e-01 3.9336e-02 4.0161e-02 -1.7257e-01 4.0161e-02 4.0161e-02 -1.7583e-01 -4.6602e-02 -1.4555e-01 -1.4555e-01 -1.4618e-01 -1.7583e-01 -1.7514e-01 -1.7652e-01 -1.7514e-01 -1.7514e-01 -1.8420e-01 -1.1369e-01 -4.3856e-02 -4.3279e-02 -4.3279e-02 -4.5589e-02 -1.1528e-01 -9.9300e-02 -8.9948e-02 -9.0515e-02
3.1122e-02 2.6733e-02 -2.7753e-01 -2.7753e-01 -2.7753e-01 2.7923e-02 2.9158e-02 -2.7753e-01 -2.7753e-01 -2.8120e-01 -2.7753e-01 2.4211e-02 -2.8120e-01 1.3711e-01 9.4289e-02 1.6605e-01 9.8753e-01 1.7995e-01 1.0000e+00 1.7995e-01 7.6162e-01 1.8118e-01 1.8241e-01 2.7214e-01 1.2225e-01 1.7956e-01 1.2792e-01 2.1921e-01 1.2590e-01 7.6859e-02 1.6400e-01 1.4867e-01 8.0657e-02 8.0657e-02 1.0835e-01 1.0794e-02 8.3219e-03 7.6942e-02 -1.0351e-02 9.4142e-02 -1.1587e-02 -1.1587e-02 -1.0335e-01 9.1385e-02 9.0000e-02 -1.0203e-01 9.0000e-02 9.0000e-02 -3.1690e-02 2.6928e-02 -1.1587e-02 -1.1587e-02 -1.0351e-02 -3.1690e-02 -3.2936e-02 -3.0442e-02 -3.2936e-02 -3.2936e-02 -6.2814e-02 -9.0858e-02 -1.0693e-01 -1.0371e-01 -1.0371e-01 -1.0768e-01 -8.1956e-02 4.5493e-02 4.8697e-02 4.4022e-02
1.3019e-01 1.7215e-01 -1.1982e-01 -1.1982e-01 -1.1982e-01 2.3097e-01 2.3781e-01 -1.1982e-01 -1.1982e-01 -1.2031e-01 -1.1982e-01 2.1043e-01 -1.2031e-01 6.8913e-01 4.9926e-01 9.5935e-01 1.7950e-01 9.8626e-01 1.7995e-01 1.0000e+00 2.2937e-01 9.7954e-01 9.7293e-01 1.6656e-01 1.5703e-01 1.6847e-01 1.4904e-01 9.7043e-02 2.9159e-01 -8.0706e-02 2.0144e-01 2.7215e-01 2.4295e-01 2.4295e-01 1.7593e-03 1.8101e-01 1.5987e-01 2.2186e-01 -1.4618e-01 3.7698e-02 -1.4555e-01 -1.4555e-01 -1.7206e-01 3.9336e-02 4.0161e-02 -1.7257e-01 4.0161e-02 4.0161e-02 -1.7583e-01 -4.6602e-02 -1.4555e-01 -1.4555e-01 -1.4618e-01 -1.7583e-01 -1.7514e-01 -1.7652e-01 -1.7514e-01 -1.7514e-01 -1.8420e-01 -1.1369e-01 -4.3856e-02 -4.3279e-02 -4.3279e-02 -4.5589e-02 -1.1528e-01 -9.9300e-02 -8.9948e-02 -9.0515e-02
-6.8435e-04 2.9789e-02 -1.7439e-01 -1.7439e-01 -1.7439e-01 -1.4201e-01 -1.4037e-01 -1.7439e-01 -1.7439e-01 -1.7737e-01 -1.7439e-01 -1.4695e-01 -1.7737e-01 1.7424e-01 1.2019e-01 2.1747e-01 7.5047e-01 2.2937e-01 7.6162e-01 2.2937e-01 1.0000e+00 2.3095e-01 2.3251e-01 1.3104e-01 9.6681e-02 1.4515e-01 1.0233e-01 6.0830e-02 1.3620e-01 1.8707e-02 3.5777e-02 1.2617e-01 5.4188e-02 5.4188e-02 8.3429e-02 -9.8707e-02 -1.0193e-01 4.9347e-02 4.7174e-02 1.0386e-01 4.5579e-02 4.5579e-02 -1.8935e-02 1.0028e-01 1.0373e-01 -1.7312e-02 1.0373e-01 1.0373e-01 -1.4475e-02 5.9711e-02 4.5579e-02 4.5579e-02 4.7174e-02 -1.4475e-02 -1.6077e-02 -1.2871e-02 -1.6077e-02 -1.6077e-02 -3.7579e-02 -3.8162e-02 -7.6317e-02 -7.3791e-02 -7.3791e-02 -7.9801e-02 -4.1807e-02 9.1376e-02 9.5272e-02 9.1445e-02
1.2903e-01 1.7076e-01 -1.2077e-01 -1.2077e-01 -1.2077e-01 2.2659e-01 2.3338e-01 -1.2077e-01 -1.2077e-01 -1.2126e-01 -1.2077e-01 2.0619e-01 -1.2126e-01 6.8412e-01 4.9583e-01 9.3926e-01 1.8073e-01 9.6588e-01 1.8118e-01 9.7954e-01 2.3095e-01 1.0000e+00 9.7977e-01 1.6892e-01 1.6733e-01 1.7887e-01 1.5937e-01 1.0710e-01 3.0410e-01 -8.1781e-02 2.1075e-01 2.8394e-01 2.5443e-01 2.5443e-01 -1.6064e-04 1.9165e-01 1.7065e-01 2.3351e-01 -1.5707e-01 3.5703e-02 -1.5643e-01 -1.5643e-01 -1.8151e-01 3.7344e-02 3.8169e-02 -1.8201e-01 3.8169e-02 3.8169e-02 -1.8710e-01 -4.6922e-02 -1.5643e-01 -1.5643e-01 -1.5707e-01 -1.8710e-01 -1.8640e-01 -1.8780e-01 -1.8640e-01 -1.8640e-01 -1.9559e-01 -1.1557e-01 -4.7136e-02 -4.6555e-02 -4.6555e-02 -4.8879e-02 -1.1716e-01 -1.0024e-01 -9.0958e-02 -9.1528e-02
1.2788e-01 1.6939e-01 -1.2171e-01 -1.2171e-01 -1.2171e-01 2.2227e-01 2.2902e-01 -1.2171e-01 -1.2171e-01 -1.2220e-01 -1.2171e-01 2.0200e-01 -1.2220e-01 6.6553e-01 4.6803e-01 9.4629e-01 1.8196e-01 9.7293e-01 1.8241e-01 9.7293e-01 2.3251e-01 9.7977e-01 1.0000e+00 1.7860e-01 1.7020e-01 1.8182e-01 1.6228e-01 1.0229e-01 3.0831e-01 -9.3104e-02 2.0496e-01 2.7986e-01 2.5037e-01 2.5037e-01 -2.0588e-03 1.8741e-01 1.7393e-01 2.2959e-01 -1.6044e-01 2.4418e-02 -1.5980e-01 -1.5980e-01 -1.7575e-01 2.6022e-02 2.6830e-02 -1.7626e-01 2.6830e-02 2.6830e-02 -1.9072e-01 -4.7240e-02 -1.5980e-01 -1.5980e-01 -1.6044e-01 -1.9072e-01 -1.9002e-01 -1.9143e-01 -1.9002e-01 -1.9002e-01 -1.9929e-01 -1.0960e-01 -4.3068e-02 -4.2482e-02 -4.2482e-02 -4.4824e-02 -1.1122e-01 -1.0118e-01 -9.1961e-02 -9.2534e-02
5.0050e-02 6.2224e-02 -1.5929e-01 -1.5929e-01 -1.5929e-01 -7.0935e-03 -5.2687e-03 -1.5929e-01 -1.5929e-01 -1.5649e-01 -1.5929e-01 -1.2577e-02 -1.6187e-01 6.7027e-02 1.2452e-01 1.5657e-01 2.6549e-01 1.6656e-01 2.7214e-01 1.6656e-01 1.3104e-01 1.6892e-01 1.7860e-01 1.0000e+00 7.3480e-01 7.6656e-01 7.2853e-01 8.3515e-01 5.2882e-01 3.2124e-01 6.5098e-01 5.4545e-01 4.6973e-01 4.6973e-01 2.2926e-01 3.9100e-01 3.8761e-01 4.6505e-01 -3.9635e-01 2.3254e-01 -3.9400e-01 -3.9400e-01 -5.5541e-01 2.2889e-01 2.2706e-01 -5.5739e-01 2.2706e-01 2.2706e-01 -3.9890e-01 -1.6425e-01 -3.9400e-01 -3.9400e-01 -3.9635e-01 -3.9890e-01 -3.9642e-01 -3.9726e-01 -3.9642e-01 -3.9642e-01 -4.2481e-01 -3.9470e-01 -4.0594e-01 -4.0777e-01 -4.0777e-01 -4.0447e-01 -3.8800e-01 1.3921e-02 7.6171e-03 1.0119e-02
4.9059e-02 4.1470e-02 -1.0920e-01 -1.0920e-01 -1.0920e-01 -3.4458e-02 -3.2334e-02 -1.0920e-01 -1.0920e-01 -1.0615e-01 -1.0920e-01 -2.8684e-02 -1.1685e-01 4.9897e-02 1.3318e-01 1.4094e-01 1.1580e-01 1.5703e-01 1.2225e-01 1.5703e-01 9.6681e-02 1.6733e-01 1.7020e-01 7.3480e-01 1.0000e+00 9.4681e-01 9.8606e-01 7.2355e-01 6.0836e-01 4.0382e-01 5.3527e-01 4.2834e-01 3.6330e-01 3.6330e-01 3.3397e-01 1.9873e-01 1.9465e-01 3.5749e-01 -2.2681e-01 2.7236e-01 -2.2079e-01 -2.2079e-01 -4.1863e-01 2.7324e-01 2.7623e-01 -4.2037e-01 2.7623e-01 2.7623e-01 -2.9879e-01 -1.4002e-01 -2.2079e-01 -2.2079e-01 -2.2278e-01 -2.9879e-01 -2.9668e-01 -2.9680e-01 -2.9668e-01 -2.9668e-01 -3.2030e-01 -2.6612e-01 -3.2636e-01 -3.2847e-01 -3.2847e-01 -3.2802e-01 -2.6307e-01 2.9338e-02 2.3801e-02 2.6658e-02
3.5850e-02 4.5733e-02 -9.7990e-02 -9.7990e-02 -9.7990e-02 -1.5215e-02 -1.3016e-02 -9.7990e-02 -9.7990e-02 -9.4855e-02 -9.7990e-02 -9.6354e-03 -1.0558e-01 5.3545e-02 1.3929e-01 1.5249e-01 1.7324e-01 1.6847e-01 1.7956e-01 1.6847e-01 1.4515e-01 1.7887e-01 1.8182e-01 7.6656e-01 9.4681e-01 1.0000e+00 9.4889e-01 7.6887e-01 6.4656e-01 4.0384e-01 5.8428e-01 4.6790e-01 4.0399e-01 4.0399e-01 3.3984e-01 2.4404e-01 2.3983e-01 3.9802e-01 -2.7194e-01 2.7609e-01 -2.6597e-01 -2.6597e-01 -4.6869e-01 2.7679e-01 2.7971e-01 -4.7033e-01 2.7971e-01 2.7971e-01 -3.4143e-01 -1.3430e-01 -2.6597e-01 -2.6597e-01 -2.6387e-01 -3.4143e-01 -3.3937e-01 -3.3938e-01 -3.3937e-01 -3.3937e-01 -3.6232e-01 -3.2186e-01 -3.6658e-01 -3.6877e-01 -3.6877e-01 -3.6801e-01 -3.1843e-01 5.0686e-02 4.5229e-02 4.8140e-02
4.8827e-02 4.1248e-02 -1.1008e-01 -1.1008e-01 -1.1008e-01 -3.6109e-02 -3.3988e-02 -1.1008e-01 -1.1008e-01 -1.0703e-01 -1.1008e-01 -3.0326e-02 -1.1772e-01 4.1875e-02 1.3286e-01 1.3303e-01 1.2147e-01 1.4904e-01 1.2792e-01 1.4904e-01 1.0233e-01 1.5937e-01 1.6228e-01 7.2853e-01 9.8606e-01 9.4889e-01 1.0000e+00 7.3326e-01 6.2490e-01 3.9736e-01 5.4089e-01 4.3982e-01 3.7444e-01 3.7444e-01 3.2804e-01 2.0906e-01 2.0499e-01 3.6867e-01 -2.3314e-01 2.6630e-01 -2.2711e-01 -2.2711e-01 -4.2013e-01 2.6716e-01 2.7015e-01 -4.2188e-01 2.7015e-01 2.7015e-01 -3.0541e-01 -1.4032e-01 -2.2711e-01 -2.2711e-01 -2.2911e-01 -3.0541e-01 -3.0329e-01 -3.0343e-01 -3.0329e-01 -3.0329e-01 -3.2701e-01 -2.7172e-01 -3.3621e-01 -3.3832e-01 -3.3832e-01 -3.3390e-01 -2.6442e-01 4.5463e-02 3.9824e-02 4.2631e-02
2.8360e-02 4.0036e-02 -1.1656e-01 -1.1656e-01 -1.1656e-01 2.4103e-02 2.5851e-02 -1.1656e-01 -1.1656e-01 -1.1396e-01 -1.1656e-01 3.1117e-02 -1.2475e-01 4.2981e-03 1.3297e-01 9.4915e-02 2.1690e-01 1.0451e-01 2.1921e-01 9.7043e-02 6.0830e-02 1.0710e-01 1.0229e-01 8.3515e-01 7.2355e-01 7.6887e-01 7.3326e-01 1.0000e+00 5.2686e-01 3.3571e-01 7.6912e-01 5.2773e-01 4.5011e-01 4.5011e-01 2.5073e-01 4.8325e-01 4.8004e-01 4.4559e-01 -4.2808e-01 2.0071e-01 -4.2157e-01 -4.2157e-01 -6.1483e-01 2.0224e-01 2.0044e-01 -6.1686e-01 2.0044e-01 2.0044e-01 -3.6831e-01 -1.8364e-01 -4.2157e-01 -4.2157e-01 -4.2402e-01 -3.6831e-01 -3.6576e-01 -3.6672e-01 -3.6576e-01 -3.6576e-01 -3.9918e-01 -4.3849e-01 -3.9826e-01 -4.0002e-01 -4.0002e-01 -3.9700e-01 -4.3189e-01 -1.8006e-02 -2.4361e-02 -2.1860e-02
6.7396e-02 7.5757e-02 -6.4195e-02 -6.4195e-02 -6.4195e-02 1.7348e-02 2.0620e-02 -6.4195e-02 -6.4195e-02 -5.9706e-02 -6.4195e-02 2.1111e-02 -6.5687e-02 1.6245e-01 2.1837e-01 2.7559e-01 1.2467e-01 2.9159e-01 1.2590e-01 2.9159e-01 1.3620e-01 3.0410e-01 3.0831e-01 5.2882e-01 6.0836e-01 6.4656e-01 6.2490e-01 5.2686e-01 1.0000e+00 -2.2680e-01 4.6660e-01 7.9101e-01 7.3677e-01 7.3677e-01 -2.1166e-01 6.0098e-01 5.9481e-01 7.2812e-01 -5.3460e-01 -1.6223e-01 -5.2419e-01 -5.2419e-01 -3.8882e-01 -1.5975e-01 -1.5850e-01 -3.8988e-01 -1.5850e-01 -1.5850e-01 -5.9223e-01 -9.8404e-02 -5.2419e-01 -5.2419e-01 -5.2560e-01 -5.9223e-01 -5.9067e-01 -5.9380e-01 -5.9067e-01 -5.9067e-01 -6.1135e-01 -2.7615e-01 -3.2513e-01 -3.2838e-01 -3.2838e-01 -3.2428e-01 -2.7941e-01 -7.7083e-02 -8.0109e-02 -7.5346e-02
1.5229e-03 5.4171e-03 -4.3242e-02 -4.3242e-02 -4.3242e-02 -2.4312e-02 -2.5149e-02 -4.3242e-02 -4.3242e-02 -4.4256e-02 -4.3242e-02 -2.1797e-02 -5.1756e-02 -7.9622e-02 -4.5361e-02 -8.2848e-02 8.2267e-02 -8.0706e-02 7.6859e-02 -8.0706e-02 1.8707e-02 -8.1781e-02 -9.3104e-02 3.2124e-01 4.0382e-01 4.0384e-01 3.9736e-01 3.3571e-01 -2.2680e-01 1.0000e+00 3.3238e-01 -2.8329e-01 -3.0043e-01 -3.0043e-01 8.0531e-01 -3.6169e-01 -3.6022e-01 -2.9843e-01 2.5144e-01 6.9393e-01 2.5221e-01 2.5221e-01 -2.9455e-01 6.9887e-01 6.9421e-01 -2.9526e-01 6.9421e-01 6.9421e-01 2.2903e-01 -6.6826e-02 2.5221e-01 2.5221e-01 2.4580e-01 2.2903e-01 2.2977e-01 2.2829e-01 2.2977e-01 2.2977e-01 2.2016e-01 -2.4005e-01 -2.2912e-01 -2.2831e-01 -2.2831e-01 -2.2598e-01 -2.2425e-01 2.3159e-01 2.2794e-01 2.2614e-01
3.6631e-02 4.9639e-02 -9.7944e-02 -9.7944e-02 -9.7944e-02 6.1977e-02 6.3559e-02 -9.7944e-02 -9.7944e-02 -9.5587e-02 -9.7944e-02 5.7225e-02 -1.0656e-01 1.0045e-01 1.2146e-01 1.8995e-01 1.7053e-01 2.0144e-01 1.6400e-01 2.0144e-01 3.5777e-02 2.1075e-01 2.0496e-01 6.5098e-01 5.3527e-01 5.8428e-01 5.4089e-01 7.6912e-01 4.6660e-01 3.3238e-01 1.0000e+00 5.3734e-01 4.5351e-01 4.5351e-01 4.0775e-01 5.7465e-01 5.7180e-01 4.4947e-01 -5.1112e-01 3.3755e-01 -5.0430e-01 -5.0430e-01 -8.0841e-01 3.4010e-01 3.3877e-01 -8.1056e-01 3.3877e-01 3.3877e-01 -4.5583e-01 -2.0105e-01 -5.0430e-01 -5.0430e-01 -5.0699e-01 -4.5583e-01 -4.5302e-01 -4.5444e-01 -4.5302e-01 -4.5302e-01 -4.3915e-01 -5.6005e-01 -3.6866e-01 -3.7027e-01 -3.7027e-01 -3.6792e-01 -5.5364e-01 2.0023e-02 2.4367e-02 2.6521e-02
5.5303e-02 6.3728e-02 -7.0060e-02 -7.0060e-02 -7.0060e-02 3.0055e-02 3.3030e-02 -7.0060e-02 -7.0060e-02 -6.5943e-02 -7.0060e-02 2.1114e-02 -7.1699e-02 1.7216e-01 2.1170e-01 2.5625e-01 1.4733e-01 2.6419e-01 1.4867e-01 2.7215e-01 1.2617e-01 2.8394e-01 2.7986e-01 5.4545e-01 4.2834e-01 4.6790e-01 4.3982e-01 5.2773e-01 7.9101e-01 -2.8329e-01 5.3734e-01 1.0000e+00 9.3843e-01 9.3843e-01 -3.4654e-01 7.7891e-01 7.6911e-01 9.3113e-01 -7.0295e-01 -2.9485e-01 -6.9271e-01 -6.9271e-01 -4.5198e-01 -2.9260e-01 -2.9147e-01 -4.5313e-01 -2.9147e-01 -2.9147e-01 -7.6963e-01 -1.0803e-01 -6.9271e-01 -6.9271e-01 -6.9429e-01 -7.6963e-01 -7.6343e-01 -7.6699e-01 -7.6343e-01 -7.6343e-01 -7.8695e-01 -3.2778e-01 -4.4888e-01 -4.5185e-01 -4.5185e-01 -4.4853e-01 -3.3129e-01 -1.2075e-01 -1.2387e-01 -1.1939e-01
2.9367e-02 3.7122e-02 -3.0717e-02 -3.0717e-02 -3.0717e-02 3.1062e-02 3.3867e-02 -3.0717e-02 -3.0717e-02 -2.6921e-02 -3.0717e-02 2.2635e-02 -3.2560e-02 1.5288e-01 1.9910e-01 2.2723e-01 7.9149e-02 2.3515e-01 8.0657e-02 2.4295e-01 5.4188e-02 2.5443e-01 2.5037e-01 4.6973e-01 3.6330e-01 4.0399e-01 3.7444e-01 4.5011e-01 7.3677e-01 -3.0043e-01 4.5351e-01 9.3843e-01 1.0000e+00 1.0000e+00 -3.7306e-01 8.3063e-01 8.2128e-01 9.9336e-01 -7.5247e-01 -3.1533e-01 -7.4230e-01 -7.4230e-01 -4.8504e-01 -3.1295e-01 -3.1176e-01 -4.8625e-01 -3.1176e-01 -3.1176e-01 -8.2402e-01 -1.1457e-01 -7.4230e-01 -7.4230e-01 -7.4398e-01 -8.2402e-01 -8.1780e-01 -8.2159e-01 -8.1780e-01 -8.1780e-01 -8.4279e-01 -3.5870e-01 -4.4607e-01 -4.4888e-01 -4.4888e-01 -4.4186e-01 -3.6241e-01 -1.4080e-01 -1.4404e-01 -1.3974e-01
2.9367e-02 3.7122e-02 -3.0717e-02 -3.0717e-02 -3.0717e-02 3.1062e-02 3.3867e-02 -3.0717e-02 -3.0717e-02 -2.6921e-02 -3.0717e-02 2.2635e-02 -3.2560e-02 1.5288e-01 1.9910e-01 2.2723e-01 7.9149e-02 2.3515e-01 8.0657e-02 2.4295e-01 5.4188e-02 2.5443e-01 2.5037e-01 4.6973e-01 3.6330e-01 4.0399e-01 3.7444e-01 4.5011e-01 7.3677e-01 -3.0043e-01 4.5351e-01 9.3843e-01 1.0000e+00 1.0000e+00 -3.7306e-01 8.3063e-01 8.2128e-01 9.9336e-01 -7.5247e-01 -3.1533e-01 -7.4230e-01 -7.4230e-01 -4.8504e-01 -3.1295e-01 -3.1176e-01 -4.8625e-01 -3.1176e-01 -3.1176e-01 -8.2402e-01 -1.1457e-01 -7.4230e-01 -7.4230e-01 -7.4398e-01 -8.2402e-01 -8.1780e-01 -8.2159e-01 -8.1780e-01 -8.1780e-01 -8.4279e-01 -3.5870e-01 -4.4607e-01 -4.4888e-01 -4.4888e-01 -4.4186e-01 -3.6241e-01 -1.4080e-01 -1.4404e-01 -1.3974e-01
5.0454e-03 1.0008e-02 -2.1674e-02 -2.1674e-02 -2.1674e-02 2.2585e-02 2.1526e-02 -2.1674e-02 -2.1674e-02 -2.3011e-02 -2.1674e-02 2.5768e-02 -2.9539e-02 -1.4463e-02 -6.3260e-02 6.8684e-03 1.1275e-01 1.0789e-02 1.0835e-01 1.7593e-03 8.3429e-02 -1.6064e-04 -2.0588e-03 2.2926e-01 3.3397e-01 3.3984e-01 3.2804e-01 2.5073e-01 -2.1166e-01 8.0531e-01 4.0775e-01 -3.4654e-01 -3.7306e-01 -3.7306e-01 1.0000e+00 -4.4913e-01 -4.4239e-01 -3.7058e-01 3.3242e-01 8.3221e-01 3.2845e-01 3.2845e-01 -3.2124e-01 8.3201e-01 8.2880e-01 -3.2214e-01 8.2880e-01 8.2880e-01 3.0069e-01 -8.2981e-02 3.2845e-01 3.2845e-01 3.2750e-01 3.0069e-01 2.9660e-01 2.9978e-01 2.9660e-01 2.9660e-01 2.8979e-01 -2.5862e-01 -7.1691e-02 -7.0662e-02 -7.0662e-02 -6.9916e-02 -2.4573e-01 1.6511e-01 1.7498e-01 1.7304e-01
2.5679e-02 3.4625e-02 -3.7645e-02 -3.7645e-02 -3.7645e-02 5.0376e-02 5.2697e-02 -3.7645e-02 -3.7645e-02 -3.4463e-02 -3.7645e-02 4.3405e-02 -3.9863e-02 9.5119e-02 1.6359e-01 1.6526e-01 1.3385e-02 1.7354e-01 1.0794e-02 1.8101e-01 -9.8707e-02 1.9165e-01 1.8741e-01 3.9100e-01 1.9873e-01 2.4404e-01 2.0906e-01 4.8325e-01 6.0098e-01 -3.6169e-01 5.7465e-01 7.7891e-01 8.3063e-01 8.3063e-01 -4.4913e-01 1.0000e+00 9.9188e-01 8.2511e-01 -8.3737e-01 -3.8241e-01 -8.2724e-01 -8.2724e-01 -5.6781e-01 -3.7956e-01 -3.7813e-01 -5.6929e-01 -3.7813e-01 -3.7813e-01 -7.6281e-01 -1.3793e-01 -8.2724e-01 -8.2724e-01 -8.2923e-01 -7.6281e-01 -7.5651e-01 -7.6083e-01 -7.5651e-01 -7.5651e-01 -7.3913e-01 -3.7038e-01 -3.0748e-01 -3.0981e-01 -3.0981e-01 -3.0452e-01 -3.7499e-01 -1.3922e-01 -1.4329e-01 -1.3965e-01
2.6154e-02 3.5088e-02 -3.5880e-02 -3.5880e-02 -3.5880e-02 4.9658e-02 5.1989e-02 -3.5880e-02 -3.5880e-02 -3.2689e-02 -3.5880e-02 4.2657e-02 -3.8093e-02 8.1306e-02 1.3740e-01 1.5177e-01 1.0920e-02 1.5987e-01 8.3219e-03 1.5987e-01 -1.0193e-01 1.7065e-01 1.7393e-01 3.8761e-01 1.9465e-01 2.3983e-01 2.0499e-01 4.8004e-01 5.9481e-01 -3.6022e-01 5.7180e-01 7.6911e-01 8.2128e-01 8.2128e-01 -4.4239e-01 9.9188e-01 1.0000e+00 8.2847e-01 -8.4538e-01 -3.8069e-01 -8.3526e-01 -8.3526e-01 -5.7752e-01 -3.7785e-01 -3.7643e-01 -5.7897e-01 -3.7643e-01 -3.7643e-01 -7.7055e-01 -1.3737e-01 -8.3526e-01 -8.3526e-01 -8.3725e-01 -7.7055e-01 -7.6425e-01 -7.6856e-01 -7.6425e-01 -7.6425e-01 -7.4680e-01 -3.8076e-01 -3.1587e-01 -3.1821e-01 -3.1821e-01 -3.1289e-01 -3.8532e-01 -1.3765e-01 -1.4171e-01 -1.3806e-01
3.0152e-02 3.7895e-02 -2.7979e-02 -2.7979e-02 -2.7979e-02 2.7816e-02 3.0642e-02 -2.7979e-02 -2.7979e-02 -2.4164e-02 -2.7979e-02 1.9329e-02 -2.9816e-02 1.3931e-01 1.7235e-01 2.0640e-01 7.5440e-02 2.1404e-01 7.6942e-02 2.2186e-01 4.9347e-02 2.3351e-01 2.2959e-01 4.6505e-01 3.5749e-01 3.9802e-01 3.6867e-01 4.4559e-01 7.2812e-01 -2.9843e-01 4.4947e-01 9.3113e-01 9.9336e-01 9.9336e-01 -3.7058e-01 8.2511e-01 8.2847e-01 1.0000e+00 -7.5950e-01 -3.1295e-01 -7.4932e-01 -7.4932e-01 -4.9425e-01 -3.1059e-01 -3.0941e-01 -4.9545e-01 -3.0941e-01 -3.0941e-01 -8.3072e-01 -1.1381e-01 -7.4932e-01 -7.4932e-01 -7.5099e-01 -8.3072e-01 -8.2450e-01 -8.2827e-01 -8.2450e-01 -8.2450e-01 -8.4941e-01 -3.6865e-01 -4.5360e-01 -4.5642e-01 -4.5642e-01 -4.4933e-01 -3.7230e-01 -1.3851e-01 -1.4173e-01 -1.3741e-01
8.9949e-03 -1.7020e-02 3.9533e-02 3.9533e-02 3.9533e-02 -3.2570e-02 -3.4916e-02 3.9533e-02 3.9533e-02 3.6321e-02 3.9533e-02 -2.5521e-02 4.1728e-02 -9.0045e-02 -1.2464e-01 -1.3826e-01 -1.2962e-02 -1.4618e-01 -1.0351e-02 -1.4618e-01 4.7174e-02 -1.5707e-01 -1.6044e-01 -3.9635e-01 -2.2681e-01 -2.7194e-01 -2.3314e-01 -4.2808e-01 -5.3460e-01 2.5144e-01 -5.1112e-01 -7.0295e-01 -7.5247e-01 -7.5247e-01 3.3242e-01 -8.3737e-01 -8.4538e-01 -7.5950e-01 1.0000e+00 4.1489e-01 9.8983e-01 9.8983e-01 6.5377e-01 4.1220e-01 4.1086e-01 6.5518e-01 4.1086e-01 4.1086e-01 9.0688e-01 1.3681e-01 9.8983e-01 9.8983e-01 9.8779e-01 9.0688e-01 9.0466e-01 9.0496e-01 9.0466e-01 9.0466e-01 8.8391e-01 4.5579e-01 3.7260e-01 3.7495e-01 3.7495e-01 3.7361e-01 4.5585e-01 1.2465e-01 1.2876e-01 1.2514e-01
1.1935e-02 1.6848e-02 -2.4014e-02 -2.4014e-02 -2.4014e-02 -3.6262e-02 -3.7227e-02 -2.4014e-02 -2.4014e-02 -2.5250e-02 -2.4014e-02 -3.3363e-02 -3.2062e-02 1.1286e-02 -4.0135e-02 3.3733e-02 9.8850e-02 3.7698e-02 9.4142e-02 3.7698e-02 1.0386e-01 3.5703e-02 2.4418e-02 2.3254e-01 2.7236e-01 2.7609e-01 2.6630e-01 2.0071e-01 -1.6223e-01 6.9393e-01 3.3755e-01 -2.9485e-01 -3.1533e-01 -3.1533e-01 8.3221e-01 -3.8241e-01 -3.8069e-01 -3.1295e-01 4.1489e-01 1.0000e+00 4.0548e-01 4.0548e-01 -3.7399e-01 9.9353e-01 9.9029e-01 -3.7479e-01 9.9029e-01 9.9029e-01 3.7275e-01 -7.7281e-02 4.0548e-01 4.0548e-01 4.0463e-01 3.7275e-01 3.6833e-01 3.7195e-01 3.6833e-01 3.6833e-01 3.6319e-01 -3.1120e-01 -7.9663e-02 -7.8706e-02 -7.8706e-02 -7.7462e-02 -3.0811e-01 2.0350e-01 2.1395e-01 2.1200e-01
9.2223e-03 -1.6794e-02 4.5833e-02 4.5833e-02 4.5833e-02 -2.6797e-02 -2.9141e-02 4.5833e-02 4.5833e-02 4.2612e-02 4.5833e-02 -1.9755e-02 4.8017e-02 -8.1914e-02 -1.2430e-01 -1.3762e-01 -1.4194e-02 -1.4555e-01 -1.1587e-02 -1.4555e-01 4.5579e-02 -1.5643e-01 -1.5980e-01 -3.9400e-01 -2.2079e-01 -2.6597e-01 -2.2711e-01 -4.2157e-01 -5.2419e-01 2.5221e-01 -5.0430e-01 -6.9271e-01 -7.4230e-01 -7.4230e-01 3.2845e-01 -8.2724e-01 -8.3526e-01 -7.4932e-01 9.8983e-01 4.0548e-01 1.0000e+00 1.0000e+00 6.6343e-01 4.1304e-01 4.1170e-01 6.6484e-01 4.1170e-01 4.1170e-01 9.0918e-01 1.3709e-01 1.0000e+00 1.0000e+00 9.9390e-01 9.0918e-01 9.1110e-01 9.0726e-01 9.1110e-01 9.1110e-01 8.8628e-01 4.6133e-01 3.7039e-01 3.7274e-01 3.7274e-01 3.7141e-01 4.6139e-01 1.2544e-01 1.2956e-01 1.2594e-01
9.2223e-03 -1.6794e-02 4.5833e-02 4.5833e-02 4.5833e-02 -2.6797e-02 -2.9141e-02 4.5833e-02 4.5833e-02 4.2612e-02 4.5833e-02 -1.9755e-02 4.8017e-02 -8.1914e-02 -1.2430e-01 -1.3762e-01 -1.4194e-02 -1.4555e-01 -1.1587e-02 -1.4555e-01 4.5579e-02 -1.5643e-01 -1.5980e-01 -3.9400e-01 -2.2079e-01 -2.6597e-01 -2.2711e-01 -4.2157e-01 -5.2419e-01 2.5221e-01 -5.0430e-01 -6.9271e-01 -7.4230e-01 -7.4230e-01 3.2845e-01 -8.2724e-01 -8.3526e-01 -7.4932e-01 9.8983e-01 4.0548e-01 1.0000e+00 1.0000e+00 6.6343e-01 4.1304e-01 4.1170e-01 6.6484e-01 4.1170e-01 4.1170e-01 9.0918e-01 1.3709e-01 1.0000e+00 1.0000e+00 9.9390e-01 9.0918e-01 9.1110e-01 9.0726e-01 9.1110e-01 9.1110e-01 8.8628e-01 4.6133e-01 3.7039e-01 3.7274e-01 3.7274e-01 3.7141e-01 4.6139e-01 1.2544e-01 1.2956e-01 1.2594e-01
2.5679e-03 -2.8106e-02 7.1717e-02 7.1717e-02 7.1717e-02 -2.5677e-03 -4.1284e-03 7.1717e-02 7.1717e-02 6.9480e-02 7.1717e-02 2.1214e-03 8.0524e-02 -8.5686e-02 -9.0678e-02 -1.6065e-01 -1.0979e-01 -1.7206e-01 -1.0335e-01 -1.7206e-01 -1.8935e-02 -1.8151e-01 -1.7575e-01 -5.5541e-01 -4.1863e-01 -4.6869e-01 -4.2013e-01 -6.1483e-01 -3.8882e-01 -2.9455e-01 -8.0841e-01 -4.5198e-01 -4.8504e-01 -4.8504e-01 -3.2124e-01 -5.6781e-01 -5.7752e-01 -4.9425e-01 6.5377e-01 -3.7399e-01 6.6343e-01 6.6343e-01 1.0000e+00 -3.7157e-01 -3.7036e-01 9.9788e-01 -3.7036e-01 -3.7036e-01 6.0318e-01 2.0664e-01 6.6343e-01 6.6343e-01 6.6209e-01 6.0318e-01 6.0445e-01 6.0191e-01 6.0445e-01 6.0445e-01 5.8799e-01 7.3173e-01 4.6256e-01 4.6413e-01 4.6413e-01 4.6196e-01 7.2943e-01 -2.6650e-02 -3.0836e-02 -3.2912e-02
1.2565e-02 1.7476e-02 -2.1849e-02 -2.1849e-02 -2.1849e-02 -3.2179e-02 -3.3139e-02 -2.1849e-02 -2.1849e-02 -2.3081e-02 -2.1849e-02 -2.9294e-02 -2.9921e-02 1.2807e-02 -3.9519e-02 3.5375e-02 9.6120e-02 3.9336e-02 9.1385e-02 3.9336e-02 1.0028e-01 3.7344e-02 2.6022e-02 2.2889e-01 2.7324e-01 2.7679e-01 2.6716e-01 2.0224e-01 -1.5975e-01 6.9887e-01 3.4010e-01 -2.9260e-01 -3.1295e-01 -3.1295e-01 8.3201e-01 -3.7956e-01 -3.7785e-01 -3.1059e-01 4.1220e-01 9.9353e-01 4.1304e-01 4.1304e-01 -3.7157e-01 1.0000e+00 9.9674e-01 -3.7236e-01 9.9674e-01 9.9674e-01 3.7553e-01 -7.6781e-02 4.1304e-01 4.1304e-01 4.0705e-01 3.7553e-01 3.7632e-01 3.7474e-01 3.7632e-01 3.7632e-01 3.6607e-01 -3.0896e-01 -8.0187e-02 -7.9237e-02 -7.9237e-02 -7.7948e-02 -3.0584e-01 2.0642e-01 2.1693e-01 2.1498e-01
1.2883e-02 1.7792e-02 -2.0760e-02 -2.0760e-02 -2.0760e-02 -3.5313e-02 -3.6268e-02 -2.0760e-02 -2.0760e-02 -2.1991e-02 -2.0760e-02 -3.2441e-02 -2.8844e-02 1.3573e-02 -3.9210e-02 3.6202e-02 9.4749e-02 4.0161e-02 9.0000e-02 4.0161e-02 1.0373e-01 3.8169e-02 2.6830e-02 2.2706e-01 2.7623e-01 2.7971e-01 2.7015e-01 2.0044e-01 -1.5850e-01 6.9421e-01 3.3877e-01 -2.9147e-01 -3.1176e-01 -3.1176e-01 8.2880e-01 -3.7813e-01 -3.7643e-01 -3.0941e-01 4.1086e-01 9.9029e-01 4.1170e-01 4.1170e-01 -3.7036e-01 9.9674e-01 1.0000e+00 -3.7115e-01 1.0000e+00 1.0000e+00 3.7430e-01 -7.6531e-02 4.1170e-01 4.1170e-01 4.0570e-01 3.7430e-01 3.7510e-01 3.7351e-01 3.7510e-01 3.7510e-01 3.6488e-01 -3.0783e-01 -7.7901e-02 -7.6953e-02 -7.6953e-02 -7.5642e-02 -3.0470e-01 2.0789e-01 2.1843e-01 2.1648e-01
2.3316e-03 -2.8317e-02 7.0765e-02 7.0765e-02 7.0765e-02 -4.2731e-03 -5.8364e-03 7.0765e-02 7.0765e-02 6.8527e-02 7.0765e-02 4.2406e-04 7.9565e-02 -8.6235e-02 -9.0944e-02 -1.6117e-01 -1.0847e-01 -1.7257e-01 -1.0203e-01 -1.7257e-01 -1.7312e-02 -1.8201e-01 -1.7626e-01 -5.5739e-01 -4.2037e-01 -4.7033e-01 -4.2188e-01 -6.1686e-01 -3.8988e-01 -2.9526e-01 -8.1056e-01 -4.5313e-01 -4.8625e-01 -4.8625e-01 -3.2214e-01 -5.6929e-01 -5.7897e-01 -4.9545e-01 6.5518e-01 -3.7479e-01 6.6484e-01 6.6484e-01 9.9788e-01 -3.7236e-01 -3.7115e-01 1.0000e+00 -3.7115e-01 -3.7115e-01 6.0446e-01 2.0620e-01 6.6484e-01 6.6484e-01 6.6349e-01 6.0446e-01 6.0574e-01 6.0318e-01 6.0574e-01 6.0574e-01 5.8924e-01 7.2993e-01 4.6034e-01 4.6192e-01 4.6192e-01 4.5973e-01 7.2762e-01 -2.7481e-02 -3.1672e-02 -3.3751e-02
1.2883e-02 1.7792e-02 -2.0760e-02 -2.0760e-02 -2.0760e-02 -3.5313e-02 -3.6268e-02 -2.0760e-02 -2.0760e-02 -2.1991e-02 -2.0760e-02 -3.2441e-02 -2.8844e-02 1.3573e-02 -3.9210e-02 3.6202e-02 9.4749e-02 4.0161e-02 9.0000e-02 4.0161e-02 1.0373e-01 3.8169e-02 2.6830e-02 2.2706e-01 2.7623e-01 2.7971e-01 2.7015e-01 2.0044e-01 -1.5850e-01 6.9421e-01 3.3877e-01 -2.9147e-01 -3.1176e-01 -3.1176e-01 8.2880e-01 -3.7813e-01 -3.7643e-01 -3.0941e-01 4.1086e-01 9.9029e-01 4.1170e-01 4.1170e-01 -3.7036e-01 9.9674e-01 1.0000e+00 -3.7115e-01 1.0000e+00 1.0000e+00 3.7430e-01 -7.6531e-02 4.1170e-01 4.1170e-01 4.0570e-01 3.7430e-01 3.7510e-01 3.7351e-01 3.7510e-01 3.7510e-01 3.6488e-01 -3.0783e-01 -7.7901e-02 -7.6953e-02 -7.6953e-02 -7.5642e-02 -3.0470e-01 2.0789e-01 2.1843e-01 2.1648e-01
1.2883e-02 1.7792e-02 -2.0760e-02 -2.0760e-02 -2.0760e-02 -3.5313e-02 -3.6268e-02 -2.0760e-02 -2.0760e-02 -2.1991e-02 -2.0760e-02 -3.2441e-02 -2.8844e-02 1.3573e-02 -3.9210e-02 3.6202e-02 9.4749e-02 4.0161e-02 9.0000e-02 4.0161e-02 1.0373e-01 3.8169e-02 2.6830e-02 2.2706e-01 2.7623e-01 2.7971e-01 2.7015e-01 2.0044e-01 -1.5850e-01 6.9421e-01 3.3877e-01 -2.9147e-01 -3.1176e-01 -3.1176e-01 8.2880e-01 -3.7813e-01 -3.7643e-01 -3.0941e-01 4.1086e-01 9.9029e-01 4.1170e-01 4.1170e-01 -3.7036e-01 9.9674e-01 1.0000e+00 -3.7115e-01 1.0000e+00 1.0000e+00 3.7430e-01 -7.6531e-02 4.1170e-01 4.1170e-01 4.0570e-01 3.7430e-01 3.7510e-01 3.7351e-01 3.7510e-01 3.7510e-01 3.6488e-01 -3.0783e-01 -7.7901e-02 -7.6953e-02 -7.6953e-02 -7.5642e-02 -3.0470e-01 2.0789e-01 2.1843e-01 2.1648e-01
-1.3888e-03 -2.7470e-02 6.5525e-02 6.5525e-02 6.5525e-02 1.9415e-02 1.6818e-02 6.5525e-02 6.5525e-02 6.1946e-02 6.5525e-02 2.7216e-02 6.7453e-02 -1.1079e-01 -1.4107e-01 -1.6813e-01 -2.9986e-02 -1.7583e-01 -3.1690e-02 -1.7583e-01 -1.4475e-02 -1.8710e-01 -1.9072e-01 -3.9890e-01 -2.9879e-01 -3.4143e-01 -3.0541e-01 -3.6831e-01 -5.9223e-01 2.2903e-01 -4.5583e-01 -7.6963e-01 -8.2402e-01 -8.2402e-01 3.0069e-01 -7.6281e-01 -7.7055e-01 -8.3072e-01 9.0688e-01 3.7275e-01 9.0918e-01 9.0918e-01 6.0318e-01 3.7553e-01 3.7430e-01 6.0446e-01 3.7430e-01 3.7430e-01 1.0000e+00 1.2464e-01 9.0918e-01 9.0918e-01 9.1103e-01 1.0000e+00 9.9367e-01 9.9789e-01 9.9367e-01 9.9367e-01 9.7056e-01 4.0525e-01 4.7550e-01 4.7809e-01 4.7809e-01 4.7595e-01 4.0487e-01 1.0643e-01 1.1022e-01 1.0633e-01
-1.8266e-02 -1.7540e-02 2.7309e-01 2.7309e-01 2.7309e-01 1.4012e-01 1.3974e-01 2.7309e-01 2.7309e-01 2.7201e-01 2.7309e-01 1.4125e-01 2.7201e-01 -4.6282e-02 -2.4419e-02 -4.7240e-02 2.6602e-02 -4.6602e-02 2.6928e-02 -4.6602e-02 5.9711e-02 -4.6922e-02 -4.7240e-02 -1.6425e-01 -1.4002e-01 -1.3430e-01 -1.4032e-01 -1.8364e-01 -9.8404e-02 -6.6826e-02 -2.0105e-01 -1.0803e-01 -1.1457e-01 -1.1457e-01 -8.2981e-02 -1.3793e-01 -1.3737e-01 -1.1381e-01 1.3681e-01 -7.7281e-02 1.3709e-01 1.3709e-01 2.0664e-01 -7.6781e-02 -7.6531e-02 2.0620e-01 -7.6531e-02 -7.6531e-02 1.2464e-01 1.0000e+00 1.3709e-01 1.3709e-01 1.3681e-01 1.2464e-01 1.2490e-01 1.2438e-01 1.2490e-01 1.2490e-01 1.2150e-01 -1.0978e-01 -1.5341e-01 -1.5311e-01 -1.5311e-01 -1.5433e-01 -1.1053e-01 9.7383e-02 9.5940e-02 9.5226e-02
9.2223e-03 -1.6794e-02 4.5833e-02 4.5833e-02 4.5833e-02 -2.6797e-02 -2.9141e-02 4.5833e-02 4.5833e-02 4.2612e-02 4.5833e-02 -1.9755e-02 4.8017e-02 -8.1914e-02 -1.2430e-01 -1.3762e-01 -1.4194e-02 -1.4555e-01 -1.1587e-02 -1.4555e-01 4.5579e-02 -1.5643e-01 -1.5980e-01 -3.9400e-01 -2.2079e-01 -2.6597e-01 -2.2711e-01 -4.2157e-01 -5.2419e-01 2.5221e-01 -5.0430e-01 -6.9271e-01 -7.4230e-01 -7.4230e-01 3.2845e-01 -8.2724e-01 -8.3526e-01 -7.4932e-01 9.8983e-01 4.0548e-01 1.0000e+00 1.0000e+00 6.6343e-01 4.1304e-01 4.1170e-01 6.6484e-01 4.1170e-01 4.1170e-01 9.0918e-01 1.3709e-01 1.0000e+00 1.0000e+00 9.9390e-01 9.0918e-01 9.1110e-01 9.0726e-01 9.1110e-01 9.1110e-01 8.8628e-01 4.6133e-01 3.7039e-01 3.7274e-01 3.7274e-01 3.7141e-01 4.6139e-01 1.2544e-01 1.2956e-01 1.2594e-01
