1.0000e+00 -3.3401e-01 -9.2990e-02 -3.2529e-01 -3.2529e-01 -3.2096e-01 -3.2096e-01 4.1091e-01 4.1091e-01 4.1091e-01 4.1249e-01 6.7636e-01 5.5353e-01 5.5353e-01 5.5353e-01 5.4864e-01 5.3136e-01 5.5353e-01 -3.5656e-01 -3.5656e-01 5.6326e-01 -3.5656e-01 -3.5251e-01 -2.4473e-01 -2.4325e-01 1.3568e-01 -1.4508e-01 -2.6695e-01 -7.4919e-03 -7.7009e-03
-3.3401e-01 1.0000e+00 6.9593e-01 9.7030e-01 9.7030e-01 9.6670e-01 9.6670e-01 -3.9587e-01 -3.9587e-01 -3.9587e-01 -3.9505e-01 -2.8904e-01 -3.3429e-01 -3.3429e-01 -3.3429e-01 -3.3794e-01 -2.8573e-01 -3.3429e-01 8.8164e-01 8.8164e-01 -3.3211e-01 8.8164e-01 8.7171e-01 6.2010e-01 6.1535e-01 -6.4811e-01 3.6602e-01 2.1562e-01 8.4509e-02 5.1248e-02
-9.2990e-02 6.9593e-01 1.0000e+00 7.0736e-01 7.0736e-01 7.0394e-01 7.0394e-01 -1.7524e-01 -1.7524e-01 -1.7524e-01 -1.7403e-01 -1.4605e-02 -9.3884e-02 -9.3884e-02 -9.3884e-02 -8.1613e-02 -4.6046e-02 -9.3884e-02 7.6119e-01 7.6119e-01 -9.0269e-02 7.6119e-01 7.5232e-01 6.3471e-01 6.3190e-01 -5.8711e-01 4.8573e-01 2.6385e-01 1.6638e-01 8.3645e-02
-3.2529e-01 9.7030e-01 7.0736e-01 1.0000e+00 1.0000e+00 9.8894e-01 9.8894e-01 -4.0989e-01 -4.0989e-01 -4.0989e-01 -4.0906e-01 -3.0292e-01 -3.4805e-01 -3.4805e-01 -3.4805e-01 -3.5170e-01 -2.9981e-01 -3.4805e-01 9.0254e-01 9.0254e-01 -3.4586e-01 9.0254e-01 8.9259e-01 6.3768e-01 6.3302e-01 -6.6729e-01 3.8023e-01 2.2576e-01 8.2543e-02 4.9816e-02
-3.2529e-01 9.7030e-01 7.0736e-01 1.0000e+00 1.0000e+00 9.8894e-01 9.8894e-01 -4.0989e-01 -4.0989e-01 -4.0989e-01 -4.0906e-01 -3.0292e-01 -3.4805e-01 -3.4805e-01 -3.4805e-01 -3.5170e-01 -2.9981e-01 -3.4805e-01 9.0254e-01 9.0254e-01 -3.4586e-01 9.0254e-01 8.9259e-01 6.3768e-01 6.3302e-01 -6.6729e-01 3.8023e-01 2.2576e-01 8.2543e-02 4.9816e-02
-3.2096e-01 9.6670e-01 7.0394e-01 9.8894e-01 9.8894e-01 1.0000e+00 1.0000e+00 -4.1144e-01 -4.1144e-01 -4.1144e-01 -4.1061e-01 -3.0404e-01 -3.4933e-01 -3.4933e-01 -3.4933e-01 -3.5300e-01 -3.0129e-01 -3.4933e-01 9.0596e-01 9.0596e-01 -3.4714e-01 9.0596e-01 8.9601e-01 6.4259e-01 6.3798e-01 -6.7047e-01 3.8729e-01 2.3080e-01 8.1569e-02 4.9106e-02
-3.2096e-01 9.6670e-01 7.0394e-01 9.8894e-01 9.8894e-01 1.0000e+00 1.0000e+00 -4.1144e-01 -4.1144e-01 -4.1144e-01 -4.1061e-01 -3.0404e-01 -3.4933e-01 -3.4933e-01 -3.4933e-01 -3.5300e-01 -3.0129e-01 -3.4933e-01 9.0596e-01 9.0596e-01 -3.4714e-01 9.0596e-01 8.9601e-01 6.4259e-01 6.3798e-01 -6.7047e-01 3.8729e-01 2.3080e-01 8.1569e-02 4.9106e-02
4.1091e-01 -3.9587e-01 -1.7524e-01 -4.0989e-01 -4.0989e-01 -4.1144e-01 -4.1144e-01 1.0000e+00 9.9601e-01 9.9601e-01 9.9801e-01 7.2936e-01 8.3802e-01 8.3802e-01 8.3802e-01 8.4681e-01 8.1948e-01 8.2577e-01 -4.4803e-01 -4.4803e-01 8.2050e-01 -4.4803e-01 -4.3930e-01 -3.0526e-01 -3.0344e-01 4.4226e-01 -1.9002e-01 3.4184e-02 2.7571e-03 1.5583e-02
4.1091e-01 -3.9587e-01 -1.7524e-01 -4.0989e-01 -4.0989e-01 -4.1144e-01 -4.1144e-01 9.9601e-01 1.0000e+00 1.0000e+00 9.9801e-01 7.2936e-01 8.3802e-01 8.3802e-01 8.3802e-01 8.4681e-01 8.1948e-01 8.2577e-01 -4.4803e-01 -4.4803e-01 8.2050e-01 -4.4803e-01 -4.3930e-01 -3.0526e-01 -3.0344e-01 4.3759e-01 -1.9002e-01 3.4184e-02 1.0335e-02 1.5583e-02
4.1091e-01 -3.9587e-01 -1.7524e-01 -4.0989e-01 -4.0989e-01 -4.1144e-01 -4.1144e-01 9.9601e-01 1.0000e+00 1.0000e+00 9.9801e-01 7.2936e-01 8.3802e-01 8.3802e-01 8.3802e-01 8.4681e-01 8.1948e-01 8.2577e-01 -4.4803e-01 -4.4803e-01 8.2050e-01 -4.4803e-01 -4.3930e-01 -3.0526e-01 -3.0344e-01 4.3759e-01 -1.9002e-01 3.4184e-02 1.0335e-02 1.5583e-02
4.1249e-01 -3.9505e-01 -1.7403e-01 -4.0906e-01 -4.0906e-01 -4.1061e-01 -4.1061e-01 9.9801e-01 9.9801e-01 9.9801e-01 1.0000e+00 7.3082e-01 8.3969e-01 8.3969e-01 8.3969e-01 8.4850e-01 8.2120e-01 8.2744e-01 -4.4712e-01 -4.4712e-01 8.2216e-01 -4.4712e-01 -4.3839e-01 -3.0446e-01 -3.0265e-01 4.4120e-01 -1.8937e-01 3.5148e-02 3.3224e-03 1.6016e-02
6.7636e-01 -2.8904e-01 -1.4605e-02 -3.0292e-01 -3.0292e-01 -3.0404e-01 -3.0404e-01 7.2936e-01 7.2936e-01 7.2936e-01 7.3082e-01 1.0000e+00 8.7034e-01 8.7034e-01 8.7034e-01 8.6130e-01 8.4016e-01 8.5728e-01 -3.3051e-01 -3.3051e-01 8.6275e-01 -3.3051e-01 -3.2069e-01 -2.0434e-01 -2.0297e-01 3.0261e-01 -1.1537e-01 -2.1016e-01 2.1179e-02 1.4093e-02
5.5353e-01 -3.3429e-01 -9.3884e-02 -3.4805e-01 -3.4805e-01 -3.4933e-01 -3.4933e-01 8.3802e-01 8.3802e-01 8.3802e-01 8.3969e-01 8.7034e-01 1.0000e+00 1.0000e+00 1.0000e+00 9.8962e-01 9.6532e-01 9.8745e-01 -3.7975e-01 -3.7975e-01 9.7698e-01 -3.7975e-01 -3.7052e-01 -2.4480e-01 -2.4325e-01 3.5885e-01 -1.4821e-01 -2.5971e-01 6.5983e-03 5.0306e-03
5.5353e-01 -3.3429e-01 -9.3884e-02 -3.4805e-01 -3.4805e-01 -3.4933e-01 -3.4933e-01 8.3802e-01 8.3802e-01 8.3802e-01 8.3969e-01 8.7034e-01 1.0000e+00 1.0000e+00 1.0000e+00 9.8962e-01 9.6532e-01 9.8745e-01 -3.7975e-01 -3.7975e-01 9.7698e-01 -3.7975e-01 -3.7052e-01 -2.4480e-01 -2.4325e-01 3.5885e-01 -1.4821e-01 -2.5971e-01 6.5983e-03 5.0306e-03
5.5353e-01 -3.3429e-01 -9.3884e-02 -3.4805e-01 -3.4805e-01 -3.4933e-01 -3.4933e-01 8.3802e-01 8.3802e-01 8.3802e-01 8.3969e-01 8.7034e-01 1.0000e+00 1.0000e+00 1.0000e+00 9.8962e-01 9.6532e-01 9.8745e-01 -3.7975e-01 -3.7975e-01 9.7698e-01 -3.7975e-01 -3.7052e-01 -2.4480e-01 -2.4325e-01 3.5885e-01 -1.4821e-01 -2.5971e-01 6.5983e-03 5.0306e-03
5.4864e-01 -3.3794e-01 -8.1613e-02 -3.5170e-01 -3.5170e-01 -3.5300e-01 -3.5300e-01 8.4681e-01 8.4681e-01 8.4681e-01 8.4850e-01 8.6130e-01 9.8962e-01 9.8962e-01 9.8962e-01 1.0000e+00 9.7545e-01 9.7710e-01 -3.8374e-01 -3.8374e-01 9.7088e-01 -3.8374e-01 -3.7454e-01 -2.4847e-01 -2.4691e-01 3.6371e-01 -1.4460e-01 -2.5883e-01 3.6959e-03 2.8178e-03
5.3136e-01 -2.8573e-01 -4.6046e-02 -2.9981e-01 -2.9981e-01 -3.0129e-01 -3.0129e-01 8.1948e-01 8.1948e-01 8.1948e-01 8.2120e-01 8.4016e-01 9.6532e-01 9.6532e-01 9.6532e-01 9.7545e-01 1.0000e+00 9.5701e-01 -3.3603e-01 -3.3603e-01 9.5095e-01 -3.3603e-01 -3.2704e-01 -2.4018e-01 -2.3853e-01 3.2789e-01 -1.5208e-01 -2.6927e-01 -3.2178e-03 -2.4533e-03
5.5353e-01 -3.3429e-01 -9.3884e-02 -3.4805e-01 -3.4805e-01 -3.4933e-01 -3.4933e-01 8.2577e-01 8.2577e-01 8.2577e-01 8.2744e-01 8.5728e-01 9.8745e-01 9.8745e-01 9.8745e-01 9.7710e-01 9.5701e-01 1.0000e+00 -3.7975e-01 -3.7975e-01 9.8955e-01 -3.7975e-01 -3.7052e-01 -2.4480e-01 -2.4325e-01 3.5885e-01 -1.4821e-01 -2.5971e-01 6.5983e-03 5.0306e-03
-3.5656e-01 8.8164e-01 7.6119e-01 9.0254e-01 9.0254e-01 9.0596e-01 9.0596e-01 -4.4803e-01 -4.4803e-01 -4.4803e-01 -4.4712e-01 -3.3051e-01 -3.7975e-01 -3.7975e-01 -3.7975e-01 -3.8374e-01 -3.3603e-01 -3.7975e-01 1.0000e+00 1.0000e+00 -3.7737e-01 1.0000e+00 9.9013e-01 7.5638e-01 7.5260e-01 -7.4490e-01 5.2331e-01 3.2626e-01 6.9537e-02 3.3196e-02
-3.5656e-01 8.8164e-01 7.6119e-01 9.0254e-01 9.0254e-01 9.0596e-01 9.0596e-01 -4.4803e-01 -4.4803e-01 -4.4803e-01 -4.4712e-01 -3.3051e-01 -3.7975e-01 -3.7975e-01 -3.7975e-01 -3.8374e-01 -3.3603e-01 -3.7975e-01 1.0000e+00 1.0000e+00 -3.7737e-01 1.0000e+00 9.9013e-01 7.5638e-01 7.5260e-01 -7.4490e-01 5.2331e-01 3.2626e-01 6.9537e-02 3.3196e-02
5.6326e-01 -3.3211e-01 -9.0269e-02 -3.4586e-01 -3.4586e-01 -3.4714e-01 -3.4714e-01 8.2050e-01 8.2050e-01 8.2050e-01 8.2216e-01 8.6275e-01 9.7698e-01 9.7698e-01 9.7698e-01 9.7088e-01 9.5095e-01 9.8955e-01 -3.7737e-01 -3.7737e-01 1.0000e+00 -3.7737e-01 -3.6812e-01 -2.4261e-01 -2.4106e-01 3.5594e-01 -1.3962e-01 -2.5190e-01 8.3466e-03 6.3635e-03
-3.5656e-01 8.8164e-01 7.6119e-01 9.0254e-01 9.0254e-01 9.0596e-01 9.0596e-01 -4.4803e-01 -4.4803e-01 -4.4803e-01 -4.4712e-01 -3.3051e-01 -3.7975e-01 -3.7975e-01 -3.7975e-01 -3.8374e-01 -3.3603e-01 -3.7975e-01 1.0000e+00 1.0000e+00 -3.7737e-01 1.0000e+00 9.9013e-01 7.5638e-01 7.5260e-01 -7.4490e-01 5.2331e-01 3.2626e-01 6.9537e-02 3.3196e-02
-3.5251e-01 8.7171e-01 7.5232e-01 8.9259e-01 8.9259e-01 8.9601e-01 8.9601e-01 -4.3930e-01 -4.3930e-01 -4.3930e-01 -4.3839e-01 -3.2069e-01 -3.7052e-01 -3.7052e-01 -3.7052e-01 -3.7454e-01 -3.2704e-01 -3.7052e-01 9.9013e-01 9.9013e-01 -3.6812e-01 9.9013e-01 1.0000e+00 7.6097e-01 7.5722e-01 -7.4794e-01 5.2136e-01 3.3741e-01 6.8668e-02 3.2575e-02
-2.4473e-01 6.2010e-01 6.3471e-01 6.3768e-01 6.3768e-01 6.4259e-01 6.4259e-01 -3.0526e-01 -3.0526e-01 -3.0526e-01 -3.0446e-01 -2.0434e-01 -2.4480e-01 -2.4480e-01 -2.4480e-01 -2.4847e-01 -2.4018e-01 -2.4480e-01 7.5638e-01 7.5638e-01 -2.4261e-01 7.5638e-01 7.6097e-01 1.0000e+00 9.9604e-01 -7.4402e-01 7.2987e-01 5.0939e-01 1.2784e-01 5.1549e-03
-2.4325e-01 6.1535e-01 6.3190e-01 6.3302e-01 6.3302e-01 6.3798e-01 6.3798e-01 -3.0344e-01 -3.0344e-01 -3.0344e-01 -3.0265e-01 -2.0297e-01 -2.4325e-01 -2.4325e-01 -2.4325e-01 -2.4691e-01 -2.3853e-01 -2.4325e-01 7.5260e-01 7.5260e-01 -2.4106e-01 7.5260e-01 7.5722e-01 9.9604e-01 1.0000e+00 -7.4107e-01 7.3287e-01 5.1218e-01 1.2900e-01 5.7784e-03
1.3568e-01 -6.4811e-01 -5.8711e-01 -6.6729e-01 -6.6729e-01 -6.7047e-01 -6.7047e-01 4.4226e-01 4.3759e-01 4.3759e-01 4.4120e-01 3.0261e-01 3.5885e-01 3.5885e-01 3.5885e-01 3.6371e-01 3.2789e-01 3.5885e-01 -7.4490e-01 -7.4490e-01 3.5594e-01 -7.4490e-01 -7.4794e-01 -7.4402e-01 -7.4107e-01 1.0000e+00 -5.3569e-01 -3.2140e-01 -8.1645e-02 7.8059e-03
-1.4508e-01 3.6602e-01 4.8573e-01 3.8023e-01 3.8023e-01 3.8729e-01 3.8729e-01 -1.9002e-01 -1.9002e-01 -1.9002e-01 -1.8937e-01 -1.1537e-01 -1.4821e-01 -1.4821e-01 -1.4821e-01 -1.4460e-01 -1.5208e-01 -1.4821e-01 5.2331e-01 5.2331e-01 -1.3962e-01 5.2331e-01 5.2136e-01 7.2987e-01 7.3287e-01 -5.3569e-01 1.0000e+00 6.9991e-01 1.6629e-01 6.2283e-03
-2.6695e-01 2.1562e-01 2.6385e-01 2.2576e-01 2.2576e-01 2.3080e-01 2.3080e-01 3.4184e-02 3.4184e-02 3.4184e-02 3.5148e-02 -2.1016e-01 -2.5971e-01 -2.5971e-01 -2.5971e-01 -2.5883e-01 -2.6927e-01 -2.5971e-01 3.2626e-01 3.2626e-01 -2.5190e-01 3.2626e-01 3.3741e-01 5.0939e-01 5.1218e-01 -3.2140e-01 6.9991e-01 1.0000e+00 1.2410e-01 6.1552e-03
-7.4919e-03 8.4509e-02 1.6638e-01 8.2543e-02 8.2543e-02 8.1569e-02 8.1569e-02 2.7571e-03 1.0335e-02 1.0335e-02 3.3224e-03 2.1179e-02 6.5983e-03 6.5983e-03 6.5983e-03 3.6959e-03 -3.2178e-03 6.5983e-03 6.9537e-02 6.9537e-02 8.3466e-03 6.9537e-02 6.8668e-02 1.2784e-01 1.2900e-01 -8.1645e-02 1.6629e-01 1.2410e-01 1.0000e+00 7.4410e-01
-7.7009e-03 5.1248e-02 8.3645e-02 4.9816e-02 4.9816e-02 4.9106e-02 4.9106e-02 1.5583e-02 1.5583e-02 1.5583e-02 1.6016e-02 1.4093e-02 5.0306e-03 5.0306e-03 5.0306e-03 2.8178e-03 -2.4533e-03 5.0306e-03 3.3196e-02 3.3196e-02 6.3635e-03 3.3196e-02 3.2575e-02 5.1549e-03 5.7784e-03 7.8059e-03 6.2283e-03 6.1552e-03 7.4410e-01 1.0000e+00
