1.0000e+00 2.2019e-02 -1.7996e-03 3.2798e-02 3.7586e-02 -3.5912e-02 -1.8725e-03 1.1291e-02 -1.3495e-03 5.0337e-03 9.1716e-02 9.4553e-02 9.5125e-02 9.3983e-02 9.4553e-02 -7.2789e-02 -7.2351e-02 4.5221e-02 -5.2428e-02 -1.0340e-02 -1.0340e-02 -1.0340e-02
2.2019e-02 1.0000e+00 -9.6123e-01 1.7540e-01 2.4623e-01 2.2406e-01 5.7419e-02 6.2659e-02 5.7041e-02 6.4570e-02 4.8061e-02 4.6145e-02 4.5760e-02 4.6529e-02 4.6145e-02 -2.8129e-02 -2.8667e-02 -2.2127e-02 2.2224e-03 6.4140e-04 -3.1621e-02 -3.1621e-02
-1.7996e-03 -9.6123e-01 1.0000e+00 -1.8247e-01 -2.5698e-01 -2.3472e-01 -5.2784e-02 -5.8351e-02 -5.2382e-02 -5.9182e-02 -3.5301e-02 -3.3247e-02 -3.2834e-02 -3.3658e-02 -3.3247e-02 3.1881e-02 3.2446e-02 1.4776e-02 4.8689e-03 -3.1231e-03 2.7985e-02 2.7985e-02
3.2798e-02 1.7540e-01 -1.8247e-01 1.0000e+00 6.6588e-01 4.6889e-01 1.7227e-02 2.5259e-02 1.9261e-02 1.6181e-02 -1.3834e-02 -1.3044e-02 -1.5466e-02 -1.0627e-02 -1.3044e-02 8.9435e-02 9.1776e-02 2.4282e-02 2.3828e-02 -1.0693e-02 -4.7872e-02 -4.7872e-02
3.7586e-02 2.4623e-01 -2.5698e-01 6.6588e-01 1.0000e+00 5.9730e-01 5.1271e-02 6.0665e-02 5.4285e-02 6.2439e-02 1.9858e-02 2.4949e-02 2.3325e-02 2.6572e-02 2.4949e-02 8.7273e-02 9.0625e-02 -7.6930e-03 3.7717e-02 1.3542e-02 -6.2779e-02 -6.2779e-02
-3.5912e-02 2.2406e-01 -2.3472e-01 4.6889e-01 5.9730e-01 1.0000e+00 -5.7585e-02 -4.0525e-02 -5.4841e-02 -4.9737e-02 -1.5205e-03 2.9536e-03 1.2328e-03 4.6715e-03 2.9536e-03 1.8558e-02 1.6602e-02 3.3649e-02 -3.6841e-02 -4.2093e-02 -5.4677e-02 -5.4677e-02
-1.8725e-03 5.7419e-02 -5.2784e-02 1.7227e-02 5.1271e-02 -5.7585e-02 1.0000e+00 9.6493e-01 9.9741e-01 9.6630e-01 1.3320e-02 1.4798e-02 1.1195e-02 8.6605e-03 9.9266e-03 -3.6503e-02 -4.0741e-02 -4.5285e-02 -1.3108e-02 8.4606e-02 3.0725e-04 3.0725e-04
1.1291e-02 6.2659e-02 -5.8351e-02 2.5259e-02 6.0665e-02 -4.0525e-02 9.6493e-01 1.0000e+00 9.6243e-01 9.3241e-01 2.4851e-02 2.6685e-02 2.3219e-02 2.0573e-02 2.1895e-02 -4.6285e-02 -5.0394e-02 -2.9703e-02 -2.0577e-02 7.8009e-02 -4.8893e-03 -4.8893e-03
-1.3495e-03 5.7041e-02 -5.2382e-02 1.9261e-02 5.4285e-02 -5.4841e-02 9.9741e-01 9.6243e-01 1.0000e+00 9.6353e-01 1.4911e-02 1.6373e-02 1.2762e-02 1.0231e-02 1.1495e-02 -3.5392e-02 -3.9639e-02 -4.2830e-02 -1.2125e-02 8.5090e-02 6.8519e-04 6.8519e-04
5.0337e-03 6.4570e-02 -5.9182e-02 1.6181e-02 6.2439e-02 -4.9737e-02 9.6630e-01 9.3241e-01 9.6353e-01 1.0000e+00 1.9533e-02 2.0740e-02 1.7016e-02 1.4557e-02 1.5786e-02 -5.6126e-02 -6.0545e-02 -3.6099e-02 -1.3084e-04 9.1043e-02 5.2987e-03 5.2987e-03
9.1716e-02 4.8061e-02 -3.5301e-02 -1.3834e-02 1.9858e-02 -1.5205e-03 1.3320e-02 2.4851e-02 1.4911e-02 1.9533e-02 1.0000e+00 9.8412e-01 9.8641e-01 9.8638e-01 9.8412e-01 -2.2633e-01 -2.2503e-01 3.1504e-01 -1.8342e-01 -7.5560e-02 -9.8500e-03 -9.8500e-03
9.4553e-02 4.6145e-02 -3.3247e-02 -1.3044e-02 2.4949e-02 2.9536e-03 1.4798e-02 2.6685e-02 1.6373e-02 2.0740e-02 9.8412e-01 1.0000e+00 9.9771e-01 9.9315e-01 9.9085e-01 -2.2183e-01 -2.2054e-01 3.0667e-01 -1.7948e-01 -6.0901e-02 -2.1315e-02 -2.1315e-02
9.5125e-02 4.5760e-02 -3.2834e-02 -1.5466e-02 2.3325e-02 1.2328e-03 1.1195e-02 2.3219e-02 1.2762e-02 1.7016e-02 9.8641e-01 9.9771e-01 1.0000e+00 9.9544e-01 9.9313e-01 -2.2093e-01 -2.1964e-01 3.0928e-01 -1.8448e-01 -7.3804e-02 -2.0978e-02 -2.0978e-02
9.3983e-02 4.6529e-02 -3.3658e-02 -1.0627e-02 2.6572e-02 4.6715e-03 8.6605e-03 2.0573e-02 1.0231e-02 1.4557e-02 9.8638e-01 9.9315e-01 9.9544e-01 1.0000e+00 9.9772e-01 -2.2273e-01 -2.2144e-01 3.1263e-01 -1.8605e-01 -7.4390e-02 -2.1651e-02 -2.1651e-02
9.4553e-02 4.6145e-02 -3.3247e-02 -1.3044e-02 2.4949e-02 2.9536e-03 9.9266e-03 2.1895e-02 1.1495e-02 1.5786e-02 9.8412e-01 9.9085e-01 9.9313e-01 9.9772e-01 1.0000e+00 -2.2183e-01 -2.2054e-01 3.1096e-01 -1.8526e-01 -7.4097e-02 -2.1315e-02 -2.1315e-02
-7.2789e-02 -2.8129e-02 3.1881e-02 8.9435e-02 8.7273e-02 1.8558e-02 -3.6503e-02 -4.6285e-02 -3.5392e-02 -5.6126e-02 -2.2633e-01 -2.2183e-01 -2.2093e-01 -2.2273e-01 -2.2183e-01 1.0000e+00 9.9696e-01 -4.3882e-01 6.7039e-01 8.2834e-02 -8.4528e-02 -8.4528e-02
-7.2351e-02 -2.8667e-02 3.2446e-02 9.1776e-02 9.0625e-02 1.6602e-02 -4.0741e-02 -5.0394e-02 -3.9639e-02 -6.0545e-02 -2.2503e-01 -2.2054e-01 -2.1964e-01 -2.2144e-01 -2.2054e-01 9.9696e-01 1.0000e+00 -4.3688e-01 6.7268e-01 8.3392e-02 -8.4271e-02 -8.4271e-02
4.5221e-02 -2.2127e-02 1.4776e-02 2.4282e-02 -7.6930e-03 3.3649e-02 -4.5285e-02 -2.9703e-02 -4.2830e-02 -3.6099e-02 3.1504e-01 3.0667e-01 3.0928e-01 3.1263e-01 3.1096e-01 -4.3882e-01 -4.3688e-01 1.0000e+00 -4.8584e-01 -9.6948e-02 -8.4585e-02 -8.4585e-02
-5.2428e-02 2.2224e-03 4.8689e-03 2.3828e-02 3.7717e-02 -3.6841e-02 -1.3108e-02 -2.0577e-02 -1.2125e-02 -1.3084e-04 -1.8342e-01 -1.7948e-01 -1.8448e-01 -1.8605e-01 -1.8526e-01 6.7039e-01 6.7268e-01 -4.8584e-01 1.0000e+00 2.6082e-01 4.3822e-02 4.3822e-02
-1.0340e-02 6.4140e-04 -3.1231e-03 -1.0693e-02 1.3542e-02 -4.2093e-02 8.4606e-02 7.8009e-02 8.5090e-02 9.1043e-02 -7.5560e-02 -6.0901e-02 -7.3804e-02 -7.4390e-02 -7.4097e-02 8.2834e-02 8.3392e-02 -9.6948e-02 2.6082e-01 1.0000e+00 -2.7579e-02 -2.7579e-02
-1.0340e-02 -3.1621e-02 2.7985e-02 -4.7872e-02 -6.2779e-02 -5.4677e-02 3.0725e-04 -4.8893e-03 6.8519e-04 5.2987e-03 -9.8500e-03 -2.1315e-02 -2.0978e-02 -2.1651e-02 -2.1315e-02 -8.4528e-02 -8.4271e-02 -8.4585e-02 4.3822e-02 -2.7579e-02 1.0000e+00 1.0000e+00
-1.0340e-02 -3.1621e-02 2.7985e-02 -4.7872e-02 -6.2779e-02 -5.4677e-02 3.0725e-04 -4.8893e-03 6.8519e-04 5.2987e-03 -9.8500e-03 -2.1315e-02 -2.0978e-02 -2.1651e-02 -2.1315e-02 -8.4528e-02 -8.4271e-02 -8.4585e-02 4.3822e-02 -2.7579e-02 1.0000e+00 1.0000e+00
