1.0000e+00 -6.2082e-02 -6.2376e-02 -5.1288e-02 -1.1694e-01 -5.1288e-02 -1.2041e-01 -1.2824e-02 -1.9584e-02 -3.8990e-02 -3.8990e-02 4.4802e-02 -3.8833e-02 -3.4134e-02 -3.4134e-02 -3.4301e-02 4.7476e-02 -9.9898e-03 -6.7149e-03 -3.4468e-02 -3.4468e-02 -2.3068e-02 -2.3068e-02 -2.3068e-02 -2.3068e-02 -1.2457e-02 -2.3068e-02 1.7770e-02 -1.7770e-02 1.7770e-02 -1.7770e-02 -1.7770e-02 -1.8304e-02 -2.4139e-02 -1.7221e-02 2.5974e-02 1.7221e-02 2.4892e-02 3.0503e-02 4.5400e-02 4.5549e-02 -9.9898e-03 -1.4853e-02 4.5698e-02 4.5698e-02 4.9534e-02 4.5846e-02 -3.9147e-02 4.5846e-02 4.5846e-02 4.5846e-02 -1.4533e-02 -4.2224e-02 -4.0857e-02 -4.0857e-02 -4.1165e-02 -4.1165e-02 -4.1319e-02 -4.1165e-02 -4.1165e-02 4.8360e-02 4.8360e-02 -1.2079e-02 1.2786e-02 -2.2849e-02 -2.2849e-02 -2.3285e-02 -2.2849e-02 -3.9147e-02 -2.3834e-02 -3.9147e-02 -3.9147e-02 -2.3834e-02 -3.9147e-02 -3.9304e-02 -1.8997e-02 -1.9371e-02 -1.9184e-02 -1.9184e-02 -1.8997e-02 -3.8201e-02 -2.1965e-02 -3.7245e-02 1.7773e-03 -3.2262e-02 -1.1075e-02 -1.4891e-02 -2.2182e-02 7.9662e-02 5.9118e-02 5.7976e-02 7.8633e-02 -9.5202e-03 7.8633e-02 7.8633e-02 -2.2628e-02 8.6691e-02 7.9507e-02 7.8324e-02 7.8324e-02 -5.0120e-02 6.0912e-02 7.7542e-02 -1.4853e-02
-6.2082e-02 1.0000e+00 9.9055e-01 8.1056e-01 5.2643e-01 8.1056e-01 5.1557e-01 1.5744e-01 -1.3468e-01 -1.0745e-01 -1.0745e-01 1.6744e-01 -1.0590e-01 -9.8300e-02 -9.8300e-02 -9.3167e-02 4.4193e-02 5.6543e-02 4.6426e-02 -8.1304e-02 -8.1304e-02 -1.6621e-02 -1.6621e-02 -1.6621e-02 -1.6621e-02 -6.8825e-02 -1.6621e-02 -3.3961e-02 3.3961e-02 -3.3961e-02 3.3961e-02 3.3961e-02 2.6045e-02 -6.5958e-02 4.2372e-02 -2.7064e-02 -4.2372e-02 -1.9763e-02 4.5686e-02 7.7852e-02 7.9359e-02 1.4795e-02 9.7003e-02 6.9745e-02 6.9745e-02 2.2925e-02 6.5717e-02 -2.8867e-02 6.5717e-02 6.5717e-02 6.5717e-02 8.8861e-02 1.6898e-01 1.4865e-04 1.4865e-04 8.4886e-03 8.4886e-03 1.2627e-02 2.5377e-03 1.4439e-02 1.0393e-02 1.0393e-02 -6.5716e-02 -6.0750e-03 -4.3568e-03 -4.3568e-03 8.8763e-03 -4.3568e-03 5.1252e-02 5.6906e-02 5.1252e-02 5.1252e-02 5.6906e-02 5.1252e-02 6.1560e-02 8.4822e-02 7.7222e-02 7.8684e-02 7.8684e-02 8.0149e-02 6.3417e-02 6.6266e-02 6.9678e-02 9.0805e-03 6.2938e-03 -6.4964e-03 -9.4791e-04 4.3274e-03 -8.8610e-02 -3.7867e-02 -5.7957e-02 -7.7944e-02 1.7401e-04 -7.7944e-02 -7.7944e-02 8.1190e-03 -6.7194e-02 -5.5766e-02 -5.9187e-02 -5.9187e-02 -8.0264e-03 1.3702e-02 -4.6989e-02 -2.5735e-03
-6.2376e-02 9.9055e-01 1.0000e+00 8.2224e-01 5.3338e-01 8.2224e-01 5.1801e-01 1.5656e-01 -1.3532e-01 -1.0902e-01 -1.0902e-01 1.7478e-01 -1.0748e-01 -9.9671e-02 -9.9671e-02 -9.4556e-02 5.1694e-02 5.5981e-02 4.6032e-02 -8.2722e-02 -8.2722e-02 -1.7642e-02 -1.7642e-02 -1.7642e-02 -1.7642e-02 -6.9263e-02 -1.7642e-02 -3.3086e-02 3.3086e-02 -3.3086e-02 3.3086e-02 3.3086e-02 2.5161e-02 -6.6934e-02 4.1507e-02 -2.8690e-02 -4.1507e-02 -2.1424e-02 4.6991e-02 7.9776e-02 8.1286e-02 1.4311e-02 9.6142e-02 7.1697e-02 7.1697e-02 2.5141e-02 6.7684e-02 -3.0598e-02 6.7684e-02 6.7684e-02 6.7684e-02 8.8030e-02 1.7036e-01 -1.7151e-03 -1.7151e-03 6.5950e-03 6.5950e-03 1.0718e-02 6.5537e-04 1.2535e-02 1.2579e-02 1.2579e-02 -6.6143e-02 -7.3023e-03 -5.3907e-03 -5.3907e-03 7.7975e-03 -5.3907e-03 4.3219e-02 5.8519e-02 4.3219e-02 4.3219e-02 5.8519e-02 4.3219e-02 5.3517e-02 8.1722e-02 7.4123e-02 7.5589e-02 7.5589e-02 7.7058e-02 6.1555e-02 6.3093e-02 6.7848e-02 7.5762e-03 4.8105e-03 -2.3089e-03 2.8613e-03 3.3075e-03 -9.1194e-02 -4.1093e-02 -6.1181e-02 -7.6694e-02 -2.6053e-04 -7.6694e-02 -7.6694e-02 7.0716e-03 -6.6511e-02 -5.5410e-02 -5.8877e-02 -5.8877e-02 -5.0468e-03 1.2537e-02 -4.6736e-02 -3.2461e-03
-5.1288e-02 8.1056e-01 8.2224e-01 1.0000e+00 4.3857e-01 1.0000e+00 4.2593e-01 1.9622e-01 -1.1127e-01 -7.9343e-02 -7.9343e-02 1.4359e-01 -7.8040e-02 -8.1830e-02 -8.1830e-02 -7.5757e-02 9.7267e-02 8.0444e-02 6.3295e-02 -6.9731e-02 -6.9731e-02 1.4145e-02 1.4145e-02 1.4145e-02 1.4145e-02 -5.2324e-02 1.4145e-02 -7.0115e-02 7.0115e-02 -7.0115e-02 7.0115e-02 7.0115e-02 6.2432e-02 -2.7545e-02 7.8314e-02 3.8442e-02 -7.8314e-02 4.7334e-02 9.8925e-03 1.3423e-02 1.4772e-02 3.4710e-02 1.3377e-01 3.9396e-03 3.9396e-03 -4.9228e-02 -7.7305e-04 2.7381e-02 -7.7305e-04 -7.7305e-04 -7.7305e-04 1.2426e-01 3.9792e-02 6.2732e-02 6.2732e-02 6.5986e-02 6.5986e-02 6.4351e-02 6.5986e-02 7.9024e-02 -4.2890e-02 -4.2890e-02 -4.9618e-02 4.3651e-02 2.7087e-02 2.7087e-02 3.2279e-02 2.7087e-02 6.1138e-02 6.3338e-03 6.1138e-02 6.1138e-02 6.3338e-03 6.1138e-02 7.2911e-02 7.9190e-02 7.6750e-02 7.7969e-02 7.2855e-02 7.4071e-02 7.8390e-02 7.0040e-02 8.2326e-02 3.1613e-02 5.1027e-02 5.4490e-02 5.9604e-02 -7.8795e-03 -1.0622e-01 -5.0644e-02 -7.0816e-02 -3.1997e-02 1.7823e-02 -3.1997e-02 -3.1997e-02 -1.2502e-02 -1.4666e-02 4.9724e-03 3.2845e-03 3.2845e-03 5.5224e-02 4.1913e-02 1.8025e-02 9.1082e-03
-1.1694e-01 5.2643e-01 5.3338e-01 4.3857e-01 1.0000e+00 4.3857e-01 9.7119e-01 7.9017e-02 -1.7153e-01 -2.2753e-01 -2.2753e-01 1.9079e-01 -2.2470e-01 -1.8048e-01 -1.8048e-01 -1.7728e-01 8.1679e-02 7.2998e-03 -3.4452e-04 -1.7410e-01 -1.7410e-01 9.9807e-02 9.9807e-02 9.9807e-02 9.9807e-02 9.0759e-02 9.9807e-02 -6.2031e-02 6.2031e-02 -6.2031e-02 6.2031e-02 6.2031e-02 4.7172e-02 1.3833e-01 3.1523e-02 9.7091e-02 -3.1523e-02 1.0329e-01 -8.6366e-02 -1.1671e-01 -1.1855e-01 -5.1293e-02 4.7153e-02 -1.2037e-01 -1.2037e-01 -1.3619e-01 -1.2219e-01 1.2716e-01 -1.2219e-01 -1.2219e-01 -1.2219e-01 4.2740e-02 1.1006e-01 1.1431e-01 1.1431e-01 1.1815e-01 1.1815e-01 1.2006e-01 1.1259e-01 1.1259e-01 -1.1710e-01 -1.1710e-01 2.2109e-02 9.3909e-02 6.1368e-02 6.1368e-02 6.7331e-02 6.1368e-02 8.6794e-02 9.0418e-03 8.6794e-02 8.6794e-02 9.0418e-03 8.6794e-02 8.8835e-02 6.1401e-02 5.1674e-02 5.4349e-02 5.4349e-02 5.7029e-02 8.0196e-02 4.9229e-02 8.5361e-02 -2.5488e-02 3.5704e-02 -6.6379e-02 -6.4932e-02 4.2897e-02 -3.6311e-02 -1.8040e-02 -2.6445e-02 -3.4808e-02 1.9986e-02 -3.4808e-02 -3.4808e-02 -2.2790e-02 -3.0501e-02 -2.2505e-02 -2.9055e-02 -2.9055e-02 1.0225e-02 2.3505e-02 -2.2580e-02 3.3843e-02
-5.1288e-02 8.1056e-01 8.2224e-01 1.0000e+00 4.3857e-01 1.0000e+00 4.2593e-01 1.9622e-01 -1.1127e-01 -7.9343e-02 -7.9343e-02 1.4359e-01 -7.8040e-02 -8.1830e-02 -8.1830e-02 -7.5757e-02 9.7267e-02 8.0444e-02 6.3295e-02 -6.9731e-02 -6.9731e-02 1.4145e-02 1.4145e-02 1.4145e-02 1.4145e-02 -5.2324e-02 1.4145e-02 -7.0115e-02 7.0115e-02 -7.0115e-02 7.0115e-02 7.0115e-02 6.2432e-02 -2.7545e-02 7.8314e-02 3.8442e-02 -7.8314e-02 4.7334e-02 9.8925e-03 1.3423e-02 1.4772e-02 3.4710e-02 1.3377e-01 3.9396e-03 3.9396e-03 -4.9228e-02 -7.7305e-04 2.7381e-02 -7.7305e-04 -7.7305e-04 -7.7305e-04 1.2426e-01 3.9792e-02 6.2732e-02 6.2732e-02 6.5986e-02 6.5986e-02 6.4351e-02 6.5986e-02 7.9024e-02 -4.2890e-02 -4.2890e-02 -4.9618e-02 4.3651e-02 2.7087e-02 2.7087e-02 3.2279e-02 2.7087e-02 6.1138e-02 6.3338e-03 6.1138e-02 6.1138e-02 6.3338e-03 6.1138e-02 7.2911e-02 7.9190e-02 7.6750e-02 7.7969e-02 7.2855e-02 7.4071e-02 7.8390e-02 7.0040e-02 8.2326e-02 3.1613e-02 5.1027e-02 5.4490e-02 5.9604e-02 -7.8795e-03 -1.0622e-01 -5.0644e-02 -7.0816e-02 -3.1997e-02 1.7823e-02 -3.1997e-02 -3.1997e-02 -1.2502e-02 -1.4666e-02 4.9724e-03 3.2845e-03 3.2845e-03 5.5224e-02 4.1913e-02 1.8025e-02 9.1082e-03
-1.2041e-01 5.1557e-01 5.1801e-01 4.2593e-01 9.7119e-01 4.2593e-01 1.0000e+00 7.5661e-02 -1.7853e-01 -2.2910e-01 -2.2910e-01 1.9491e-01 -2.2616e-01 -1.8550e-01 -1.8550e-01 -1.8234e-01 8.1166e-02 2.3994e-02 2.6698e-02 -1.7922e-01 -1.7922e-01 1.1133e-01 1.1133e-01 1.1133e-01 1.1133e-01 8.7589e-02 1.1133e-01 -6.8389e-02 6.8389e-02 -6.8389e-02 6.8389e-02 6.8389e-02 5.2966e-02 1.3195e-01 3.8186e-02 8.6641e-02 -3.8186e-02 9.2738e-02 -8.4755e-02 -1.0379e-01 -1.0559e-01 -5.4631e-02 4.2982e-02 -1.0738e-01 -1.0738e-01 -1.2215e-01 -1.0917e-01 1.1618e-01 -1.0917e-01 -1.0917e-01 -1.0917e-01 3.8636e-02 1.0439e-01 1.0274e-01 1.0274e-01 1.0651e-01 1.0651e-01 1.0839e-01 1.0091e-01 1.0091e-01 -1.0328e-01 -1.0328e-01 1.8613e-02 8.6331e-02 5.4879e-02 5.4879e-02 6.0750e-02 5.4879e-02 8.1363e-02 2.0463e-02 8.1363e-02 8.1363e-02 2.0463e-02 8.1363e-02 8.3353e-02 6.4384e-02 5.4468e-02 5.2827e-02 5.2827e-02 5.5584e-02 6.9203e-02 4.6790e-02 7.4690e-02 -1.5500e-02 2.6216e-02 -6.1940e-02 -6.1973e-02 4.5723e-02 -3.2126e-02 -6.0040e-03 -1.4791e-02 -4.8844e-02 1.7246e-02 -4.8844e-02 -4.8844e-02 -2.0682e-02 -3.9390e-02 -3.3282e-02 -4.0210e-02 -4.0210e-02 -4.8056e-03 1.6134e-02 -3.3917e-02 4.2982e-02
-1.2824e-02 1.5744e-01 1.5656e-01 1.9622e-01 7.9017e-02 1.9622e-01 7.5661e-02 1.0000e+00 -2.7822e-02 -3.4041e-02 -3.4041e-02 4.4210e-02 -3.3756e-02 -2.4925e-02 -2.4925e-02 -2.5252e-02 4.8693e-02 -1.4192e-02 -9.5395e-03 -2.5576e-02 -2.5576e-02 -3.2771e-02 -3.2771e-02 -3.2771e-02 -3.2771e-02 -1.7696e-02 -3.2771e-02 2.5244e-02 -2.5244e-02 2.5244e-02 -2.5244e-02 -2.5244e-02 -2.6003e-02 -3.4293e-02 -2.4465e-02 -5.2226e-02 2.4465e-02 -5.2912e-02 4.3334e-02 6.4497e-02 6.4708e-02 5.7915e-02 -2.1101e-02 6.4920e-02 6.4920e-02 7.0370e-02 6.5131e-02 -5.5614e-02 6.5131e-02 6.5131e-02 6.5131e-02 -2.0646e-02 1.1712e-01 -5.8044e-02 -5.8044e-02 -5.8481e-02 -5.8481e-02 -5.8699e-02 -5.8481e-02 -5.8481e-02 6.8702e-02 6.8702e-02 -1.7159e-02 -3.8585e-02 -3.2460e-02 -3.2460e-02 -3.3080e-02 -3.2460e-02 -5.5614e-02 3.1730e-02 -5.5614e-02 -5.5614e-02 3.1730e-02 -5.5614e-02 -5.5837e-02 -5.9271e-02 -5.9748e-02 -5.9509e-02 -5.9509e-02 -5.9271e-02 -5.4270e-02 -6.3075e-02 -5.2912e-02 2.5249e-03 -4.5832e-02 5.0926e-03 1.8773e-02 -3.1513e-02 -5.2549e-02 -5.6052e-02 -5.7284e-02 -4.3041e-02 -1.3525e-02 -4.3041e-02 -4.3041e-02 -3.2147e-02 1.7315e-02 2.2817e-02 2.1191e-02 2.1191e-02 -3.4860e-02 -4.9725e-03 2.0110e-02 -2.1101e-02
-1.9584e-02 -1.3468e-01 -1.3532e-01 -1.1127e-01 -1.7153e-01 -1.1127e-01 -1.7853e-01 -2.7822e-02 1.0000e+00 3.5914e-01 3.5914e-01 -3.4590e-01 3.6076e-01 4.1574e-01 4.1574e-01 4.1354e-01 -3.2449e-01 -2.1673e-02 -1.4568e-02 3.9568e-01 3.9568e-01 -5.0045e-02 -5.0045e-02 -5.0045e-02 -5.0045e-02 -2.7024e-02 -5.0045e-02 3.8551e-02 -3.8551e-02 3.8551e-02 -3.8551e-02 -3.8551e-02 -3.9709e-02 -3.1304e-02 -3.7361e-02 -4.9879e-02 3.7361e-02 -5.1211e-02 -2.9190e-03 3.3876e-02 3.4332e-02 -2.1673e-02 -3.2224e-02 3.4787e-02 3.4787e-02 4.6143e-02 3.5240e-02 -7.0656e-02 3.5240e-02 3.5240e-02 3.5240e-02 -3.1529e-02 -8.6807e-02 -7.4786e-02 -7.4786e-02 -7.5525e-02 -7.5525e-02 -7.5894e-02 -7.5525e-02 -7.5525e-02 4.2735e-02 4.2735e-02 -2.6204e-02 -1.8532e-03 -2.7456e-02 -2.7456e-02 -2.8771e-02 -2.7456e-02 -5.6383e-02 -5.0079e-02 -5.6383e-02 -5.6383e-02 -5.0079e-02 -5.6383e-02 -5.6803e-02 -4.2416e-02 -3.2422e-02 -3.2008e-02 -3.2008e-02 -3.1594e-02 -3.9302e-02 -3.8157e-02 -3.6415e-02 -2.1616e-02 -3.6965e-02 -4.5746e-02 -5.3125e-02 1.9999e-02 1.0246e-01 7.2618e-02 7.0296e-02 2.6494e-02 -2.0654e-02 2.6494e-02 2.6494e-02 1.0705e-01 2.1373e-02 6.8679e-03 4.4023e-03 4.4023e-03 -4.7821e-02 -1.3274e-02 2.7605e-03 -3.2224e-02
-3.8990e-02 -1.0745e-01 -1.0902e-01 -7.9343e-02 -2.2753e-01 -7.9343e-02 -2.2910e-01 -3.4041e-02 3.5914e-01 1.0000e+00 1.0000e+00 -7.8224e-01 9.9597e-01 8.7544e-01 8.7544e-01 8.7087e-01 -6.8678e-01 2.5621e-01 1.7222e-01 8.5753e-01 8.5753e-01 1.1461e-02 1.1461e-02 1.1461e-02 1.1461e-02 -5.3803e-02 1.1461e-02 -6.4204e-02 6.4204e-02 -6.4204e-02 6.4204e-02 6.4204e-02 5.8067e-02 -1.0426e-01 7.0761e-02 -1.5824e-02 -7.0761e-02 -1.9275e-02 5.3956e-02 7.2413e-02 7.3311e-02 -4.3149e-02 8.4213e-02 7.4206e-02 7.4206e-02 4.1349e-02 7.5098e-02 -3.2491e-02 7.5098e-02 7.5098e-02 7.5098e-02 8.8710e-02 -2.7421e-01 1.8488e-02 1.8488e-02 1.6157e-02 1.6157e-02 1.5000e-02 1.6157e-02 1.6157e-02 3.3856e-02 3.3856e-02 -2.9548e-02 -1.0660e-01 -7.3792e-02 -7.3792e-02 -7.6091e-02 -7.3792e-02 -1.0481e-01 2.2663e-02 -1.0481e-01 -1.0481e-01 2.2663e-02 -1.0481e-01 -1.0567e-01 -1.6261e-01 -1.5192e-01 -1.5117e-01 -1.4508e-01 -1.5042e-01 -8.3232e-02 -1.5635e-01 -7.7579e-02 -9.4746e-02 -3.7091e-02 2.9894e-02 1.7728e-02 1.7264e-01 1.1474e-01 9.2870e-02 7.0822e-02 1.2483e-01 1.5938e-02 1.2483e-01 1.2483e-01 2.7836e-02 8.4030e-02 7.1893e-02 7.2614e-02 7.2614e-02 -1.0737e-02 -6.1807e-02 9.1982e-02 -6.4155e-02
-3.8990e-02 -1.0745e-01 -1.0902e-01 -7.9343e-02 -2.2753e-01 -7.9343e-02 -2.2910e-01 -3.4041e-02 3.5914e-01 1.0000e+00 1.0000e+00 -7.8224e-01 9.9597e-01 8.7544e-01 8.7544e-01 8.7087e-01 -6.8678e-01 2.5621e-01 1.7222e-01 8.5753e-01 8.5753e-01 1.1461e-02 1.1461e-02 1.1461e-02 1.1461e-02 -5.3803e-02 1.1461e-02 -6.4204e-02 6.4204e-02 -6.4204e-02 6.4204e-02 6.4204e-02 5.8067e-02 -1.0426e-01 7.0761e-02 -1.5824e-02 -7.0761e-02 -1.9275e-02 5.3956e-02 7.2413e-02 7.3311e-02 -4.3149e-02 8.4213e-02 7.4206e-02 7.4206e-02 4.1349e-02 7.5098e-02 -3.2491e-02 7.5098e-02 7.5098e-02 7.5098e-02 8.8710e-02 -2.7421e-01 1.8488e-02 1.8488e-02 1.6157e-02 1.6157e-02 1.5000e-02 1.6157e-02 1.6157e-02 3.3856e-02 3.3856e-02 -2.9548e-02 -1.0660e-01 -7.3792e-02 -7.3792e-02 -7.6091e-02 -7.3792e-02 -1.0481e-01 2.2663e-02 -1.0481e-01 -1.0481e-01 2.2663e-02 -1.0481e-01 -1.0567e-01 -1.6261e-01 -1.5192e-01 -1.5117e-01 -1.4508e-01 -1.5042e-01 -8.3232e-02 -1.5635e-01 -7.7579e-02 -9.4746e-02 -3.7091e-02 2.9894e-02 1.7728e-02 1.7264e-01 1.1474e-01 9.2870e-02 7.0822e-02 1.2483e-01 1.5938e-02 1.2483e-01 1.2483e-01 2.7836e-02 8.4030e-02 7.1893e-02 7.2614e-02 7.2614e-02 -1.0737e-02 -6.1807e-02 9.1982e-02 -6.4155e-02
4.4802e-02 1.6744e-01 1.7478e-01 1.4359e-01 1.9079e-01 1.4359e-01 1.9491e-01 4.4210e-02 -3.4590e-01 -7.8224e-01 -7.8224e-01 1.0000e+00 -7.8583e-01 -7.6188e-01 -7.6188e-01 -7.5754e-01 8.2768e-01 4.9580e-02 3.3327e-02 -7.4522e-01 -7.4522e-01 1.1449e-01 1.1449e-01 1.1449e-01 1.1449e-01 6.1823e-02 1.1449e-01 -8.8193e-02 8.8193e-02 -8.8193e-02 8.8193e-02 8.8193e-02 7.6971e-02 1.1980e-01 7.0788e-02 2.1668e-02 -7.0788e-02 2.5600e-02 8.7654e-02 1.5224e-01 1.5072e-01 2.4803e-02 5.6833e-02 1.4921e-01 1.4921e-01 1.1874e-01 1.4771e-01 -3.2491e-02 1.4771e-01 1.4771e-01 1.4771e-01 5.4890e-02 2.8887e-01 -2.4427e-02 -2.4427e-02 -2.1732e-02 -2.1732e-02 -2.0395e-02 -2.1732e-02 -1.4668e-02 1.2331e-01 1.2331e-01 3.9351e-02 1.2505e-01 -3.3947e-02 -3.3947e-02 -2.9326e-02 -3.3947e-02 -1.7860e-02 -5.2000e-02 -1.7860e-02 -1.7860e-02 -5.2000e-02 -1.7860e-02 -9.1875e-03 9.2436e-02 9.4294e-02 9.3365e-02 9.3365e-02 9.7982e-02 3.4782e-03 1.0171e-01 1.0433e-02 1.0308e-01 -2.6081e-02 2.1569e-02 4.1890e-02 -1.8087e-01 -1.2203e-01 -1.0092e-01 -9.0461e-02 -4.8160e-02 4.7249e-02 -4.8160e-02 -4.8160e-02 -1.3456e-02 -1.6326e-02 1.1484e-02 -3.5282e-03 -3.5282e-03 4.8940e-02 9.2489e-02 -2.0403e-02 7.3718e-02
-3.8833e-02 -1.0590e-01 -1.0748e-01 -7.8040e-02 -2.2470e-01 -7.8040e-02 -2.2616e-01 -3.3756e-02 3.6076e-01 9.9597e-01 9.9597e-01 -7.8583e-01 1.0000e+00 8.7899e-01 8.7899e-01 8.7441e-01 -6.9018e-01 2.5725e-01 1.7292e-01 8.6103e-01 8.6103e-01 1.2183e-02 1.2183e-02 1.2183e-02 1.2183e-02 -5.3586e-02 1.2183e-02 -6.4920e-02 6.4920e-02 -6.4920e-02 6.4920e-02 6.4920e-02 5.8781e-02 -1.0384e-01 7.1479e-02 -1.4772e-02 -7.1479e-02 -1.8218e-02 5.3201e-02 7.1265e-02 7.2161e-02 -4.2975e-02 8.4900e-02 7.3054e-02 7.3054e-02 3.9988e-02 7.3945e-02 -3.1416e-02 7.3945e-02 7.3945e-02 7.3945e-02 8.9400e-02 -2.7306e-01 1.9762e-02 1.9762e-02 1.7433e-02 1.7433e-02 1.6278e-02 1.7433e-02 1.7433e-02 3.2509e-02 3.2509e-02 -2.9273e-02 -1.0610e-01 -7.3322e-02 -7.3322e-02 -7.5615e-02 -7.3322e-02 -1.0394e-01 2.1602e-02 -1.0394e-01 -1.0394e-01 2.1602e-02 -1.0394e-01 -1.0480e-01 -1.6115e-01 -1.5042e-01 -1.4968e-01 -1.4357e-01 -1.4893e-01 -8.2331e-02 -1.5481e-01 -7.6690e-02 -9.4045e-02 -3.6234e-02 3.1187e-02 1.9064e-02 1.7380e-01 1.1687e-01 9.5298e-02 7.3210e-02 1.2740e-01 1.6268e-02 1.2740e-01 1.2740e-01 2.8592e-02 8.6770e-02 7.4779e-02 7.5535e-02 7.5535e-02 -9.2708e-03 -6.1239e-02 9.4980e-02 -6.3897e-02
-3.4134e-02 -9.8300e-02 -9.9671e-02 -8.1830e-02 -1.8048e-01 -8.1830e-02 -1.8550e-01 -2.4925e-02 4.1574e-01 8.7544e-01 8.7544e-01 -7.6188e-01 8.7899e-01 1.0000e+00 1.0000e+00 9.9512e-01 -7.1897e-01 -3.7774e-02 -2.5391e-02 9.8056e-01 9.8056e-01 -8.7225e-02 -8.7225e-02 -8.7225e-02 -8.7225e-02 -4.7102e-02 -8.7225e-02 6.7192e-02 -6.7192e-02 6.7192e-02 -6.7192e-02 -6.7192e-02 -6.9211e-02 -9.1277e-02 -6.5119e-02 -1.3901e-01 6.5119e-02 -1.4083e-01 1.1534e-01 1.7167e-01 1.7223e-01 -3.7774e-02 -5.6164e-02 1.7279e-01 1.7279e-01 1.8730e-01 1.7336e-01 -1.4803e-01 1.7336e-01 1.7336e-01 1.7336e-01 -5.4954e-02 -2.3866e-01 -1.5449e-01 -1.5449e-01 -1.5566e-01 -1.5566e-01 -1.5624e-01 -1.5566e-01 -1.5566e-01 1.8286e-01 1.8286e-01 -2.0701e-02 -9.0880e-02 -5.8914e-02 -5.8914e-02 -6.1022e-02 -5.8914e-02 -8.5941e-02 1.5129e-02 -8.5941e-02 -8.5941e-02 1.5129e-02 -8.5941e-02 -8.6709e-02 -1.3609e-01 -1.2397e-01 -1.2331e-01 -1.1659e-01 -1.2264e-01 -6.3217e-02 -1.3322e-01 -6.7282e-02 -9.2769e-02 -2.9641e-02 -1.0936e-01 -1.1268e-01 2.1244e-01 1.5163e-01 1.3495e-01 1.1149e-01 4.9480e-02 -3.5998e-02 4.9480e-02 4.9480e-02 5.3047e-02 2.4038e-02 5.1013e-03 7.0628e-03 7.0628e-03 -1.2138e-01 -6.9007e-02 2.9211e-02 -5.6164e-02
-3.4134e-02 -9.8300e-02 -9.9671e-02 -8.1830e-02 -1.8048e-01 -8.1830e-02 -1.8550e-01 -2.4925e-02 4.1574e-01 8.7544e-01 8.7544e-01 -7.6188e-01 8.7899e-01 1.0000e+00 1.0000e+00 9.9512e-01 -7.1897e-01 -3.7774e-02 -2.5391e-02 9.8056e-01 9.8056e-01 -8.7225e-02 -8.7225e-02 -8.7225e-02 -8.7225e-02 -4.7102e-02 -8.7225e-02 6.7192e-02 -6.7192e-02 6.7192e-02 -6.7192e-02 -6.7192e-02 -6.9211e-02 -9.1277e-02 -6.5119e-02 -1.3901e-01 6.5119e-02 -1.4083e-01 1.1534e-01 1.7167e-01 1.7223e-01 -3.7774e-02 -5.6164e-02 1.7279e-01 1.7279e-01 1.8730e-01 1.7336e-01 -1.4803e-01 1.7336e-01 1.7336e-01 1.7336e-01 -5.4954e-02 -2.3866e-01 -1.5449e-01 -1.5449e-01 -1.5566e-01 -1.5566e-01 -1.5624e-01 -1.5566e-01 -1.5566e-01 1.8286e-01 1.8286e-01 -2.0701e-02 -9.0880e-02 -5.8914e-02 -5.8914e-02 -6.1022e-02 -5.8914e-02 -8.5941e-02 1.5129e-02 -8.5941e-02 -8.5941e-02 1.5129e-02 -8.5941e-02 -8.6709e-02 -1.3609e-01 -1.2397e-01 -1.2331e-01 -1.1659e-01 -1.2264e-01 -6.3217e-02 -1.3322e-01 -6.7282e-02 -9.2769e-02 -2.9641e-02 -1.0936e-01 -1.1268e-01 2.1244e-01 1.5163e-01 1.3495e-01 1.1149e-01 4.9480e-02 -3.5998e-02 4.9480e-02 4.9480e-02 5.3047e-02 2.4038e-02 5.1013e-03 7.0628e-03 7.0628e-03 -1.2138e-01 -6.9007e-02 2.9211e-02 -5.6164e-02
-3.4301e-02 -9.3167e-02 -9.4556e-02 -7.5757e-02 -1.7728e-01 -7.5757e-02 -1.8234e-01 -2.5252e-02 4.1354e-01 8.7087e-01 8.7087e-01 -7.5754e-01 8.7441e-01 9.9512e-01 9.9512e-01 1.0000e+00 -7.2249e-01 -3.7959e-02 -2.5515e-02 9.8545e-01 9.8545e-01 -8.7653e-02 -8.7653e-02 -8.7653e-02 -8.7653e-02 -4.7333e-02 -8.7653e-02 6.7521e-02 -6.7521e-02 6.7521e-02 -6.7521e-02 -6.7521e-02 -6.9550e-02 -9.1724e-02 -6.5438e-02 -1.3969e-01 6.5438e-02 -1.4152e-01 1.1590e-01 1.7251e-01 1.7308e-01 -3.7959e-02 -5.6440e-02 1.7364e-01 1.7364e-01 1.8822e-01 1.7421e-01 -1.4875e-01 1.7421e-01 1.7421e-01 1.7421e-01 -5.5223e-02 -2.3989e-01 -1.5525e-01 -1.5525e-01 -1.5642e-01 -1.5642e-01 -1.5700e-01 -1.5642e-01 -1.5642e-01 1.8376e-01 1.8376e-01 -2.1019e-02 -9.1428e-02 -5.9441e-02 -5.9441e-02 -6.1555e-02 -5.9441e-02 -8.6900e-02 1.6308e-02 -8.6900e-02 -8.6900e-02 1.6308e-02 -8.6900e-02 -8.7671e-02 -1.3769e-01 -1.2562e-01 -1.2496e-01 -1.1826e-01 -1.2429e-01 -6.4230e-02 -1.3490e-01 -6.8249e-02 -9.3488e-02 -3.0586e-02 -1.1027e-01 -1.1366e-01 2.1091e-01 1.5597e-01 1.3853e-01 1.1511e-01 5.3297e-02 -3.6175e-02 5.3297e-02 5.3297e-02 5.2106e-02 2.7485e-02 8.3793e-03 1.0294e-02 1.0294e-02 -1.2257e-01 -6.9565e-02 3.2334e-02 -5.6440e-02
4.7476e-02 4.4193e-02 5.1694e-02 9.7267e-02 8.1679e-02 9.7267e-02 8.1166e-02 4.8693e-02 -3.2449e-01 -6.8678e-01 -6.8678e-01 8.2768e-01 -6.9018e-01 -7.1897e-01 -7.1897e-01 -7.2249e-01 1.0000e+00 -2.1042e-01 -1.4144e-01 -7.1825e-01 -7.1825e-01 2.3734e-02 2.3734e-02 2.3734e-02 2.3734e-02 6.5513e-02 2.3734e-02 3.0359e-02 -3.0359e-02 3.0359e-02 -3.0359e-02 -3.0359e-02 -3.7569e-02 1.2695e-01 -5.1088e-02 1.5641e-01 5.1088e-02 1.5930e-01 1.4708e-01 5.5196e-02 5.3809e-02 2.8634e-02 -6.8499e-02 5.2428e-02 5.2428e-02 7.9098e-02 5.1052e-02 6.4728e-02 5.1052e-02 5.1052e-02 5.1052e-02 -7.3260e-02 2.2919e-01 1.6226e-02 1.6226e-02 1.2051e-02 1.2051e-02 1.3379e-02 1.8866e-02 2.5681e-02 8.3887e-02 8.3887e-02 4.3653e-02 1.3344e-01 -4.3861e-02 -4.3861e-02 -6.0339e-02 -4.3861e-02 -1.9967e-02 -3.8943e-02 -1.9967e-02 -1.9967e-02 -3.8943e-02 -1.9967e-02 -1.1466e-02 6.0668e-02 6.8043e-02 6.7032e-02 6.1685e-02 6.6019e-02 -1.9991e-04 8.7346e-02 2.7607e-02 5.0031e-02 -9.9674e-03 8.8164e-02 1.0038e-01 -1.6405e-01 -1.2228e-01 -1.3037e-01 -1.0944e-01 -6.5430e-03 -4.9820e-05 -6.5430e-03 -6.5430e-03 -2.3245e-03 2.8637e-02 4.3357e-02 2.9388e-02 2.9388e-02 1.1902e-01 7.0656e-02 1.3453e-02 7.8118e-02
-9.9898e-03 5.6543e-02 5.5981e-02 8.0444e-02 7.2998e-03 8.0444e-02 2.3994e-02 -1.4192e-02 -2.1673e-02 2.5621e-01 2.5621e-01 4.9580e-02 2.5725e-01 -3.7774e-02 -3.7774e-02 -3.7959e-02 -2.1042e-01 1.0000e+00 6.7218e-01 -3.8144e-02 -3.8144e-02 3.4968e-01 3.4968e-01 3.4968e-01 3.4968e-01 -1.3785e-02 3.4968e-01 -4.5639e-01 4.5639e-01 -4.5639e-01 4.5639e-01 4.5639e-01 4.4287e-01 -2.6714e-02 4.7115e-01 -4.0683e-02 -4.7115e-01 -4.1217e-02 -2.2898e-01 5.0242e-02 5.0407e-02 -1.1055e-02 4.8466e-01 5.0571e-02 5.0571e-02 -1.3172e-01 5.0736e-02 -4.3322e-02 5.0736e-02 5.0736e-02 5.0736e-02 4.9553e-01 -7.1812e-02 1.6549e-01 1.6549e-01 1.6407e-01 1.6407e-01 1.6337e-01 1.6407e-01 1.6407e-01 -1.3564e-01 -1.3564e-01 -1.3367e-02 -3.0057e-02 -2.5286e-02 -2.5286e-02 -2.5768e-02 -2.5286e-02 -1.6185e-02 -4.1859e-02 -1.6185e-02 -1.6185e-02 -4.1859e-02 -1.6185e-02 -1.6435e-02 -9.5924e-03 -1.0025e-02 -9.8090e-03 -9.8090e-03 -9.5924e-03 -1.4659e-02 -1.3023e-02 -1.3087e-02 2.6181e-02 -4.3068e-03 8.8031e-02 7.9657e-02 -2.4548e-02 1.7744e-02 1.9144e-02 1.8009e-02 7.6060e-02 1.8217e-01 7.6060e-02 7.6060e-02 -2.5042e-02 4.2398e-02 7.3093e-02 7.1793e-02 7.1793e-02 6.0346e-02 5.0128e-02 7.0932e-02 -1.6437e-02
-6.7149e-03 4.6426e-02 4.6032e-02 6.3295e-02 -3.4452e-04 6.3295e-02 2.6698e-02 -9.5395e-03 -1.4568e-02 1.7222e-01 1.7222e-01 3.3327e-02 1.7292e-01 -2.5391e-02 -2.5391e-02 -2.5515e-02 -1.4144e-01 6.7218e-01 1.0000e+00 -2.5640e-02 -2.5640e-02 2.2944e-01 2.2944e-01 2.2944e-01 2.2944e-01 -9.2660e-03 2.2944e-01 -2.9967e-01 2.9967e-01 -2.9967e-01 2.9967e-01 2.9967e-01 2.9077e-01 -1.7956e-02 3.0937e-01 -2.7346e-02 -3.0937e-01 -2.7705e-02 -1.2301e-01 3.3771e-02 3.3882e-02 -7.4311e-03 2.6683e-01 3.3993e-02 3.3993e-02 -6.6598e-02 3.4104e-02 -2.9120e-02 3.4104e-02 3.4104e-02 3.4104e-02 2.7290e-01 -4.8270e-02 8.6454e-02 8.6454e-02 8.5624e-02 8.5624e-02 8.5215e-02 8.5624e-02 8.5624e-02 -6.8923e-02 -6.8923e-02 -8.9848e-03 -2.0204e-02 -1.6996e-02 -1.6996e-02 -1.7321e-02 -1.6996e-02 1.1010e-02 2.8062e-02 1.1010e-02 1.1010e-02 2.8062e-02 1.1010e-02 1.0780e-02 -1.7512e-02 -1.7784e-02 -1.7648e-02 -1.7648e-02 -1.7512e-02 1.2422e-02 -1.9677e-02 1.3894e-02 -2.4255e-02 2.2429e-02 8.7723e-02 8.0912e-02 -1.6500e-02 -4.4870e-02 -2.4461e-02 -2.5120e-02 3.3926e-03 -7.0817e-03 3.3926e-03 3.3926e-03 -1.6832e-02 2.3317e-02 1.8240e-02 1.7385e-02 1.7385e-02 3.1222e-02 -1.8575e-02 1.6817e-02 -1.1049e-02
-3.4468e-02 -8.1304e-02 -8.2722e-02 -6.9731e-02 -1.7410e-01 -6.9731e-02 -1.7922e-01 -2.5576e-02 3.9568e-01 8.5753e-01 8.5753e-01 -7.4522e-01 8.6103e-01 9.8056e-01 9.8056e-01 9.8545e-01 -7.1825e-01 -3.8144e-02 -2.5640e-02 1.0000e+00 1.0000e+00 -8.8079e-02 -8.8079e-02 -8.8079e-02 -8.8079e-02 -4.7563e-02 -8.8079e-02 6.7850e-02 -6.7850e-02 6.7850e-02 -6.7850e-02 -6.7850e-02 -6.9889e-02 -9.2170e-02 -6.5756e-02 -1.4037e-01 6.5756e-02 -1.4221e-01 1.1647e-01 1.7335e-01 1.7392e-01 -3.8144e-02 -5.6714e-02 1.7449e-01 1.7449e-01 1.8914e-01 1.7505e-01 -1.4948e-01 1.7505e-01 1.7505e-01 1.7505e-01 -5.5492e-02 -2.4112e-01 -1.5600e-01 -1.5600e-01 -1.5718e-01 -1.5718e-01 -1.5777e-01 -1.5718e-01 -1.5718e-01 1.8465e-01 1.8465e-01 -2.1335e-02 -9.1974e-02 -5.9966e-02 -5.9966e-02 -6.2086e-02 -5.9966e-02 -8.7855e-02 2.6519e-02 -8.7855e-02 -8.7855e-02 2.6519e-02 -8.7855e-02 -8.8627e-02 -1.3928e-01 -1.2727e-01 -1.2660e-01 -1.1993e-01 -1.2593e-01 -6.5238e-02 -1.3658e-01 -6.9210e-02 -9.4204e-02 -3.1525e-02 -1.1118e-01 -1.1464e-01 2.0940e-01 1.5342e-01 1.3565e-01 1.1230e-01 5.0688e-02 -3.6351e-02 5.0688e-02 5.0688e-02 5.1173e-02 2.4654e-02 5.4213e-03 7.2939e-03 7.2939e-03 -1.2375e-01 -7.0121e-02 2.9228e-02 -5.6714e-02
-3.4468e-02 -8.1304e-02 -8.2722e-02 -6.9731e-02 -1.7410e-01 -6.9731e-02 -1.7922e-01 -2.5576e-02 3.9568e-01 8.5753e-01 8.5753e-01 -7.4522e-01 8.6103e-01 9.8056e-01 9.8056e-01 9.8545e-01 -7.1825e-01 -3.8144e-02 -2.5640e-02 1.0000e+00 1.0000e+00 -8.8079e-02 -8.8079e-02 -8.8079e-02 -8.8079e-02 -4.7563e-02 -8.8079e-02 6.7850e-02 -6.7850e-02 6.7850e-02 -6.7850e-02 -6.7850e-02 -6.9889e-02 -9.2170e-02 -6.5756e-02 -1.4037e-01 6.5756e-02 -1.4221e-01 1.1647e-01 1.7335e-01 1.7392e-01 -3.8144e-02 -5.6714e-02 1.7449e-01 1.7449e-01 1.8914e-01 1.7505e-01 -1.4948e-01 1.7505e-01 1.7505e-01 1.7505e-01 -5.5492e-02 -2.4112e-01 -1.5600e-01 -1.5600e-01 -1.5718e-01 -1.5718e-01 -1.5777e-01 -1.5718e-01 -1.5718e-01 1.8465e-01 1.8465e-01 -2.1335e-02 -9.1974e-02 -5.9966e-02 -5.9966e-02 -6.2086e-02 -5.9966e-02 -8.7855e-02 2.6519e-02 -8.7855e-02 -8.7855e-02 2.6519e-02 -8.7855e-02 -8.8627e-02 -1.3928e-01 -1.2727e-01 -1.2660e-01 -1.1993e-01 -1.2593e-01 -6.5238e-02 -1.3658e-01 -6.9210e-02 -9.4204e-02 -3.1525e-02 -1.1118e-01 -1.1464e-01 2.0940e-01 1.5342e-01 1.3565e-01 1.1230e-01 5.0688e-02 -3.6351e-02 5.0688e-02 5.0688e-02 5.1173e-02 2.4654e-02 5.4213e-03 7.2939e-03 7.2939e-03 -1.2375e-01 -7.0121e-02 2.9228e-02 -5.6714e-02
-2.3068e-02 -1.6621e-02 -1.7642e-02 1.4145e-02 9.9807e-02 1.4145e-02 1.1133e-01 -3.2771e-02 -5.0045e-02 1.1461e-02 1.1461e-02 1.1449e-01 1.2183e-02 -8.7225e-02 -8.7225e-02 -8.7653e-02 2.3734e-02 3.4968e-01 2.2944e-01 -8.8079e-02 -8.8079e-02 1.0000e+00 1.0000e+00 1.0000e+00 1.0000e+00 -3.1832e-02 1.0000e+00 -7.7033e-01 7.7033e-01 -7.7033e-01 7.7033e-01 7.7033e-01 7.4679e-01 -6.1685e-02 6.9715e-01 -9.3943e-02 -6.9715e-01 -9.5176e-02 -6.8177e-01 3.7999e-02 3.8540e-02 -2.5528e-02 5.8708e-01 3.9080e-02 3.9080e-02 -1.8013e-01 2.8540e-02 -8.7728e-02 2.8540e-02 2.8540e-02 2.8540e-02 5.7201e-01 -1.6582e-01 1.4647e-01 1.4647e-01 1.4439e-01 1.4439e-01 1.4337e-01 1.4439e-01 1.4439e-01 -1.7671e-01 -1.7671e-01 -3.0866e-02 2.9028e-02 -2.0246e-02 -2.0246e-02 -2.1997e-02 -2.0246e-02 -7.5419e-02 -1.0585e-01 -7.5419e-02 -7.5419e-02 -1.0585e-01 -7.5419e-02 -7.5889e-02 1.0596e-01 1.0474e-01 1.0535e-01 1.0535e-01 1.0596e-01 -7.2567e-02 9.6400e-02 -6.9657e-02 1.9910e-01 -5.3961e-02 4.1270e-02 5.1723e-02 -1.7519e-02 1.8325e-02 4.1315e-03 4.6479e-02 8.0756e-03 1.9419e-01 8.0756e-03 8.0756e-03 9.6068e-02 -4.7534e-02 -3.3499e-03 -6.2470e-03 -6.2470e-03 2.9513e-02 7.7274e-02 -8.1770e-03 -3.7956e-02
-2.3068e-02 -1.6621e-02 -1.7642e-02 1.4145e-02 9.9807e-02 1.4145e-02 1.1133e-01 -3.2771e-02 -5.0045e-02 1.1461e-02 1.1461e-02 1.1449e-01 1.2183e-02 -8.7225e-02 -8.7225e-02 -8.7653e-02 2.3734e-02 3.4968e-01 2.2944e-01 -8.8079e-02 -8.8079e-02 1.0000e+00 1.0000e+00 1.0000e+00 1.0000e+00 -3.1832e-02 1.0000e+00 -7.7033e-01 7.7033e-01 -7.7033e-01 7.7033e-01 7.7033e-01 7.4679e-01 -6.1685e-02 6.9715e-01 -9.3943e-02 -6.9715e-01 -9.5176e-02 -6.8177e-01 3.7999e-02 3.8540e-02 -2.5528e-02 5.8708e-01 3.9080e-02 3.9080e-02 -1.8013e-01 2.8540e-02 -8.7728e-02 2.8540e-02 2.8540e-02 2.8540e-02 5.7201e-01 -1.6582e-01 1.4647e-01 1.4647e-01 1.4439e-01 1.4439e-01 1.4337e-01 1.4439e-01 1.4439e-01 -1.7671e-01 -1.7671e-01 -3.0866e-02 2.9028e-02 -2.0246e-02 -2.0246e-02 -2.1997e-02 -2.0246e-02 -7.5419e-02 -1.0585e-01 -7.5419e-02 -7.5419e-02 -1.0585e-01 -7.5419e-02 -7.5889e-02 1.0596e-01 1.0474e-01 1.0535e-01 1.0535e-01 1.0596e-01 -7.2567e-02 9.6400e-02 -6.9657e-02 1.9910e-01 -5.3961e-02 4.1270e-02 5.1723e-02 -1.7519e-02 1.8325e-02 4.1315e-03 4.6479e-02 8.0756e-03 1.9419e-01 8.0756e-03 8.0756e-03 9.6068e-02 -4.7534e-02 -3.3499e-03 -6.2470e-03 -6.2470e-03 2.9513e-02 7.7274e-02 -8.1770e-03 -3.7956e-02
-2.3068e-02 -1.6621e-02 -1.7642e-02 1.4145e-02 9.9807e-02 1.4145e-02 1.1133e-01 -3.2771e-02 -5.0045e-02 1.1461e-02 1.1461e-02 1.1449e-01 1.2183e-02 -8.7225e-02 -8.7225e-02 -8.7653e-02 2.3734e-02 3.4968e-01 2.2944e-01 -8.8079e-02 -8.8079e-02 1.0000e+00 1.0000e+00 1.0000e+00 1.0000e+00 -3.1832e-02 1.0000e+00 -7.7033e-01 7.7033e-01 -7.7033e-01 7.7033e-01 7.7033e-01 7.4679e-01 -6.1685e-02 6.9715e-01 -9.3943e-02 -6.9715e-01 -9.5176e-02 -6.8177e-01 3.7999e-02 3.8540e-02 -2.5528e-02 5.8708e-01 3.9080e-02 3.9080e-02 -1.8013e-01 2.8540e-02 -8.7728e-02 2.8540e-02 2.8540e-02 2.8540e-02 5.7201e-01 -1.6582e-01 1.4647e-01 1.4647e-01 1.4439e-01 1.4439e-01 1.4337e-01 1.4439e-01 1.4439e-01 -1.7671e-01 -1.7671e-01 -3.0866e-02 2.9028e-02 -2.0246e-02 -2.0246e-02 -2.1997e-02 -2.0246e-02 -7.5419e-02 -1.0585e-01 -7.5419e-02 -7.5419e-02 -1.0585e-01 -7.5419e-02 -7.5889e-02 1.0596e-01 1.0474e-01 1.0535e-01 1.0535e-01 1.0596e-01 -7.2567e-02 9.6400e-02 -6.9657e-02 1.9910e-01 -5.3961e-02 4.1270e-02 5.1723e-02 -1.7519e-02 1.8325e-02 4.1315e-03 4.6479e-02 8.0756e-03 1.9419e-01 8.0756e-03 8.0756e-03 9.6068e-02 -4.7534e-02 -3.3499e-03 -6.2470e-03 -6.2470e-03 2.9513e-02 7.7274e-02 -8.1770e-03 -3.7956e-02
-2.3068e-02 -1.6621e-02 -1.7642e-02 1.4145e-02 9.9807e-02 1.4145e-02 1.1133e-01 -3.2771e-02 -5.0045e-02 1.1461e-02 1.1461e-02 1.1449e-01 1.2183e-02 -8.7225e-02 -8.7225e-02 -8.7653e-02 2.3734e-02 3.4968e-01 2.2944e-01 -8.8079e-02 -8.8079e-02 1.0000e+00 1.0000e+00 1.0000e+00 1.0000e+00 -3.1832e-02 1.0000e+00 -7.7033e-01 7.7033e-01 -7.7033e-01 7.7033e-01 7.7033e-01 7.4679e-01 -6.1685e-02 6.9715e-01 -9.3943e-02 -6.9715e-01 -9.5176e-02 -6.8177e-01 3.7999e-02 3.8540e-02 -2.5528e-02 5.8708e-01 3.9080e-02 3.9080e-02 -1.8013e-01 2.8540e-02 -8.7728e-02 2.8540e-02 2.8540e-02 2.8540e-02 5.7201e-01 -1.6582e-01 1.4647e-01 1.4647e-01 1.4439e-01 1.4439e-01 1.4337e-01 1.4439e-01 1.4439e-01 -1.7671e-01 -1.7671e-01 -3.0866e-02 2.9028e-02 -2.0246e-02 -2.0246e-02 -2.1997e-02 -2.0246e-02 -7.5419e-02 -1.0585e-01 -7.5419e-02 -7.5419e-02 -1.0585e-01 -7.5419e-02 -7.5889e-02 1.0596e-01 1.0474e-01 1.0535e-01 1.0535e-01 1.0596e-01 -7.2567e-02 9.6400e-02 -6.9657e-02 1.9910e-01 -5.3961e-02 4.1270e-02 5.1723e-02 -1.7519e-02 1.8325e-02 4.1315e-03 4.6479e-02 8.0756e-03 1.9419e-01 8.0756e-03 8.0756e-03 9.6068e-02 -4.7534e-02 -3.3499e-03 -6.2470e-03 -6.2470e-03 2.9513e-02 7.7274e-02 -8.1770e-03 -3.7956e-02
-1.2457e-02 -6.8825e-02 -6.9263e-02 -5.2324e-02 9.0759e-02 -5.2324e-02 8.7589e-02 -1.7696e-02 -2.7024e-02 -5.3803e-02 -5.3803e-02 6.1823e-02 -5.3586e-02 -4.7102e-02 -4.7102e-02 -4.7333e-02 6.5513e-02 -1.3785e-02 -9.2660e-03 -4.7563e-02 -4.7563e-02 -3.1832e-02 -3.1832e-02 -3.1832e-02 -3.1832e-02 1.0000e+00 -3.1832e-02 2.4521e-02 -2.4521e-02 2.4521e-02 -2.4521e-02 -2.4521e-02 -2.5258e-02 -3.3310e-02 -2.3764e-02 -5.0729e-02 2.3764e-02 -5.1395e-02 4.2091e-02 6.2648e-02 6.2853e-02 -1.3785e-02 -2.0496e-02 6.3059e-02 6.3059e-02 6.8353e-02 6.3264e-02 -5.4020e-02 6.3264e-02 6.3264e-02 6.3264e-02 -2.0055e-02 -8.9545e-02 -5.6380e-02 -5.6380e-02 -5.6805e-02 -5.6805e-02 -5.7017e-02 -5.6805e-02 -5.6805e-02 6.6733e-02 6.6733e-02 5.9978e-01 -3.7479e-02 -3.1530e-02 -3.1530e-02 -3.2131e-02 -3.1530e-02 1.4304e-01 5.2057e-02 1.4304e-01 1.4304e-01 5.2057e-02 1.4304e-01 1.4226e-01 7.7081e-02 7.6391e-02 7.6735e-02 7.6735e-02 7.7081e-02 1.4782e-01 7.1664e-02 1.3018e-01 5.2435e-03 1.3280e-01 -5.5740e-02 -5.9331e-02 -3.0609e-02 7.0158e-02 6.0241e-02 5.8725e-02 4.1308e-02 -1.3137e-02 4.1308e-02 4.1308e-02 -3.1225e-02 4.0144e-02 3.0747e-02 2.9162e-02 2.9162e-02 6.1656e-02 -3.4458e-02 2.8109e-02 -2.0496e-02
-2.3068e-02 -1.6621e-02 -1.7642e-02 1.4145e-02 9.9807e-02 1.4145e-02 1.1133e-01 -3.2771e-02 -5.0045e-02 1.1461e-02 1.1461e-02 1.1449e-01 1.2183e-02 -8.7225e-02 -8.7225e-02 -8.7653e-02 2.3734e-02 3.4968e-01 2.2944e-01 -8.8079e-02 -8.8079e-02 1.0000e+00 1.0000e+00 1.0000e+00 1.0000e+00 -3.1832e-02 1.0000e+00 -7.7033e-01 7.7033e-01 -7.7033e-01 7.7033e-01 7.7033e-01 7.4679e-01 -6.1685e-02 6.9715e-01 -9.3943e-02 -6.9715e-01 -9.5176e-02 -6.8177e-01 3.7999e-02 3.8540e-02 -2.5528e-02 5.8708e-01 3.9080e-02 3.9080e-02 -1.8013e-01 2.8540e-02 -8.7728e-02 2.8540e-02 2.8540e-02 2.8540e-02 5.7201e-01 -1.6582e-01 1.4647e-01 1.4647e-01 1.4439e-01 1.4439e-01 1.4337e-01 1.4439e-01 1.4439e-01 -1.7671e-01 -1.7671e-01 -3.0866e-02 2.9028e-02 -2.0246e-02 -2.0246e-02 -2.1997e-02 -2.0246e-02 -7.5419e-02 -1.0585e-01 -7.5419e-02 -7.5419e-02 -1.0585e-01 -7.5419e-02 -7.5889e-02 1.0596e-01 1.0474e-01 1.0535e-01 1.0535e-01 1.0596e-01 -7.2567e-02 9.6400e-02 -6.9657e-02 1.9910e-01 -5.3961e-02 4.1270e-02 5.1723e-02 -1.7519e-02 1.8325e-02 4.1315e-03 4.6479e-02 8.0756e-03 1.9419e-01 8.0756e-03 8.0756e-03 9.6068e-02 -4.7534e-02 -3.3499e-03 -6.2470e-03 -6.2470e-03 2.9513e-02 7.7274e-02 -8.1770e-03 -3.7956e-02
1.7770e-02 -3.3961e-02 -3.3086e-02 -7.0115e-02 -6.2031e-02 -7.0115e-02 -6.8389e-02 2.5244e-02 3.8551e-02 -6.4204e-02 -6.4204e-02 -8.8193e-02 -6.4920e-02 6.7192e-02 6.7192e-02 6.7521e-02 3.0359e-02 -4.5639e-01 -2.9967e-01 6.7850e-02 6.7850e-02 -7.7033e-01 -7.7033e-01 -7.7033e-01 -7.7033e-01 2.4521e-02 -7.7033e-01 1.0000e+00 -1.0000e+00 1.0000e+00 -1.0000e+00 -1.0000e+00 -9.7082e-01 4.7518e-02 -9.0646e-01 7.2367e-02 9.0646e-01 7.3316e-02 4.8806e-01 9.6144e-03 9.1177e-03 1.9665e-02 -7.6379e-01 8.6232e-03 8.6232e-03 2.9164e-01 2.2185e-02 6.1444e-02 2.2185e-02 2.2185e-02 2.2185e-02 -7.4426e-01 1.2774e-01 -2.3788e-01 -2.3788e-01 -2.3563e-01 -2.3563e-01 -2.3453e-01 -2.3563e-01 -2.3563e-01 2.8580e-01 2.8580e-01 2.3777e-02 -7.1425e-02 -3.4154e-03 -3.4154e-03 -1.7502e-03 -3.4154e-03 4.5827e-02 1.3424e-01 4.5827e-02 4.5827e-02 1.3424e-01 4.5827e-02 4.6223e-02 -5.0754e-02 -4.9869e-02 -5.0311e-02 -5.0311e-02 -5.0754e-02 4.3413e-02 -4.3783e-02 4.0939e-02 -1.1498e-01 2.7371e-02 -7.3258e-02 -9.1101e-02 1.8819e-02 -2.7141e-02 -1.7450e-02 -2.6860e-02 -9.2983e-02 -2.5851e-01 -9.2983e-02 -9.2983e-02 -2.8677e-02 -3.5084e-02 -9.8961e-02 -9.6666e-02 -9.6666e-02 -8.7954e-02 -1.2985e-01 -9.5146e-02 2.9239e-02
-1.7770e-02 3.3961e-02 3.3086e-02 7.0115e-02 6.2031e-02 7.0115e-02 6.8389e-02 -2.5244e-02 -3.8551e-02 6.4204e-02 6.4204e-02 8.8193e-02 6.4920e-02 -6.7192e-02 -6.7192e-02 -6.7521e-02 -3.0359e-02 4.5639e-01 2.9967e-01 -6.7850e-02 -6.7850e-02 7.7033e-01 7.7033e-01 7.7033e-01 7.7033e-01 -2.4521e-02 7.7033e-01 -1.0000e+00 1.0000e+00 -1.0000e+00 1.0000e+00 1.0000e+00 9.7082e-01 -4.7518e-02 9.0646e-01 -7.2367e-02 -9.0646e-01 -7.3316e-02 -4.8806e-01 -9.6144e-03 -9.1177e-03 -1.9665e-02 7.6379e-01 -8.6232e-03 -8.6232e-03 -2.9164e-01 -2.2185e-02 -6.1444e-02 -2.2185e-02 -2.2185e-02 -2.2185e-02 7.4426e-01 -1.2774e-01 2.3788e-01 2.3788e-01 2.3563e-01 2.3563e-01 2.3453e-01 2.3563e-01 2.3563e-01 -2.8580e-01 -2.8580e-01 -2.3777e-02 7.1425e-02 3.4154e-03 3.4154e-03 1.7502e-03 3.4154e-03 -4.5827e-02 -1.3424e-01 -4.5827e-02 -4.5827e-02 -1.3424e-01 -4.5827e-02 -4.6223e-02 5.0754e-02 4.9869e-02 5.0311e-02 5.0311e-02 5.0754e-02 -4.3413e-02 4.3783e-02 -4.0939e-02 1.1498e-01 -2.7371e-02 7.3258e-02 9.1101e-02 -1.8819e-02 2.7141e-02 1.7450e-02 2.6860e-02 9.2983e-02 2.5851e-01 9.2983e-02 9.2983e-02 2.8677e-02 3.5084e-02 9.8961e-02 9.6666e-02 9.6666e-02 8.7954e-02 1.2985e-01 9.5146e-02 -2.9239e-02
1.7770e-02 -3.3961e-02 -3.3086e-02 -7.0115e-02 -6.2031e-02 -7.0115e-02 -6.8389e-02 2.5244e-02 3.8551e-02 -6.4204e-02 -6.4204e-02 -8.8193e-02 -6.4920e-02 6.7192e-02 6.7192e-02 6.7521e-02 3.0359e-02 -4.5639e-01 -2.9967e-01 6.7850e-02 6.7850e-02 -7.7033e-01 -7.7033e-01 -7.7033e-01 -7.7033e-01 2.4521e-02 -7.7033e-01 1.0000e+00 -1.0000e+00 1.0000e+00 -1.0000e+00 -1.0000e+00 -9.7082e-01 4.7518e-02 -9.0646e-01 7.2367e-02 9.0646e-01 7.3316e-02 4.8806e-01 9.6144e-03 9.1177e-03 1.9665e-02 -7.6379e-01 8.6232e-03 8.6232e-03 2.9164e-01 2.2185e-02 6.1444e-02 2.2185e-02 2.2185e-02 2.2185e-02 -7.4426e-01 1.2774e-01 -2.3788e-01 -2.3788e-01 -2.3563e-01 -2.3563e-01 -2.3453e-01 -2.3563e-01 -2.3563e-01 2.8580e-01 2.8580e-01 2.3777e-02 -7.1425e-02 -3.4154e-03 -3.4154e-03 -1.7502e-03 -3.4154e-03 4.5827e-02 1.3424e-01 4.5827e-02 4.5827e-02 1.3424e-01 4.5827e-02 4.6223e-02 -5.0754e-02 -4.9869e-02 -5.0311e-02 -5.0311e-02 -5.0754e-02 4.3413e-02 -4.3783e-02 4.0939e-02 -1.1498e-01 2.7371e-02 -7.3258e-02 -9.1101e-02 1.8819e-02 -2.7141e-02 -1.7450e-02 -2.6860e-02 -9.2983e-02 -2.5851e-01 -9.2983e-02 -9.2983e-02 -2.8677e-02 -3.5084e-02 -9.8961e-02 -9.6666e-02 -9.6666e-02 -8.7954e-02 -1.2985e-01 -9.5146e-02 2.9239e-02
-1.7770e-02 3.3961e-02 3.3086e-02 7.0115e-02 6.2031e-02 7.0115e-02 6.8389e-02 -2.5244e-02 -3.8551e-02 6.4204e-02 6.4204e-02 8.8193e-02 6.4920e-02 -6.7192e-02 -6.7192e-02 -6.7521e-02 -3.0359e-02 4.5639e-01 2.9967e-01 -6.7850e-02 -6.7850e-02 7.7033e-01 7.7033e-01 7.7033e-01 7.7033e-01 -2.4521e-02 7.7033e-01 -1.0000e+00 1.0000e+00 -1.0000e+00 1.0000e+00 1.0000e+00 9.7082e-01 -4.7518e-02 9.0646e-01 -7.2367e-02 -9.0646e-01 -7.3316e-02 -4.8806e-01 -9.6144e-03 -9.1177e-03 -1.9665e-02 7.6379e-01 -8.6232e-03 -8.6232e-03 -2.9164e-01 -2.2185e-02 -6.1444e-02 -2.2185e-02 -2.2185e-02 -2.2185e-02 7.4426e-01 -1.2774e-01 2.3788e-01 2.3788e-01 2.3563e-01 2.3563e-01 2.3453e-01 2.3563e-01 2.3563e-01 -2.8580e-01 -2.8580e-01 -2.3777e-02 7.1425e-02 3.4154e-03 3.4154e-03 1.7502e-03 3.4154e-03 -4.5827e-02 -1.3424e-01 -4.5827e-02 -4.5827e-02 -1.3424e-01 -4.5827e-02 -4.6223e-02 5.0754e-02 4.9869e-02 5.0311e-02 5.0311e-02 5.0754e-02 -4.3413e-02 4.3783e-02 -4.0939e-02 1.1498e-01 -2.7371e-02 7.3258e-02 9.1101e-02 -1.8819e-02 2.7141e-02 1.7450e-02 2.6860e-02 9.2983e-02 2.5851e-01 9.2983e-02 9.2983e-02 2.8677e-02 3.5084e-02 9.8961e-02 9.6666e-02 9.6666e-02 8.7954e-02 1.2985e-01 9.5146e-02 -2.9239e-02
-1.7770e-02 3.3961e-02 3.3086e-02 7.0115e-02 6.2031e-02 7.0115e-02 6.8389e-02 -2.5244e-02 -3.8551e-02 6.4204e-02 6.4204e-02 8.8193e-02 6.4920e-02 -6.7192e-02 -6.7192e-02 -6.7521e-02 -3.0359e-02 4.5639e-01 2.9967e-01 -6.7850e-02 -6.7850e-02 7.7033e-01 7.7033e-01 7.7033e-01 7.7033e-01 -2.4521e-02 7.7033e-01 -1.0000e+00 1.0000e+00 -1.0000e+00 1.0000e+00 1.0000e+00 9.7082e-01 -4.7518e-02 9.0646e-01 -7.2367e-02 -9.0646e-01 -7.3316e-02 -4.8806e-01 -9.6144e-03 -9.1177e-03 -1.9665e-02 7.6379e-01 -8.6232e-03 -8.6232e-03 -2.9164e-01 -2.2185e-02 -6.1444e-02 -2.2185e-02 -2.2185e-02 -2.2185e-02 7.4426e-01 -1.2774e-01 2.3788e-01 2.3788e-01 2.3563e-01 2.3563e-01 2.3453e-01 2.3563e-01 2.3563e-01 -2.8580e-01 -2.8580e-01 -2.3777e-02 7.1425e-02 3.4154e-03 3.4154e-03 1.7502e-03 3.4154e-03 -4.5827e-02 -1.3424e-01 -4.5827e-02 -4.5827e-02 -1.3424e-01 -4.5827e-02 -4.6223e-02 5.0754e-02 4.9869e-02 5.0311e-02 5.0311e-02 5.0754e-02 -4.3413e-02 4.3783e-02 -4.0939e-02 1.1498e-01 -2.7371e-02 7.3258e-02 9.1101e-02 -1.8819e-02 2.7141e-02 1.7450e-02 2.6860e-02 9.2983e-02 2.5851e-01 9.2983e-02 9.2983e-02 2.8677e-02 3.5084e-02 9.8961e-02 9.6666e-02 9.6666e-02 8.7954e-02 1.2985e-01 9.5146e-02 -2.9239e-02
-1.8304e-02 2.6045e-02 2.5161e-02 6.2432e-02 4.7172e-02 6.2432e-02 5.2966e-02 -2.6003e-02 -3.9709e-02 5.8067e-02 5.8067e-02 7.6971e-02 5.8781e-02 -6.9211e-02 -6.9211e-02 -6.9550e-02 -3.7569e-02 4.4287e-01 2.9077e-01 -6.9889e-02 -6.9889e-02 7.4679e-01 7.4679e-01 7.4679e-01 7.4679e-01 -2.5258e-02 7.4679e-01 -9.7082e-01 9.7082e-01 -9.7082e-01 9.7082e-01 9.7082e-01 1.0000e+00 -4.8946e-02 9.4087e-01 -7.4541e-02 -9.4087e-01 -7.5520e-02 -5.0813e-01 -1.7995e-02 -1.7467e-02 -2.0256e-02 7.7643e-01 -1.6941e-02 -1.6941e-02 -3.0425e-01 -3.0090e-02 -6.4184e-02 -3.0090e-02 -3.0090e-02 -3.0090e-02 7.5820e-01 -1.3158e-01 2.4156e-01 2.4156e-01 2.3926e-01 2.3926e-01 2.3813e-01 2.3926e-01 2.3926e-01 -2.9906e-01 -2.9906e-01 -2.4491e-02 6.6425e-02 2.4288e-02 2.4288e-02 2.2226e-02 2.4288e-02 -3.3798e-02 -1.4194e-01 -3.3798e-02 -3.3798e-02 -1.4194e-01 -3.3798e-02 -4.9395e-02 4.2115e-02 4.1221e-02 4.1667e-02 4.1667e-02 4.2115e-02 -4.6537e-02 3.5065e-02 -4.4022e-02 1.0818e-01 -3.0262e-02 6.6717e-02 8.3782e-02 -2.0807e-02 3.1435e-02 1.9934e-02 2.8970e-02 8.2135e-02 2.5041e-01 8.2135e-02 8.2135e-02 2.5348e-02 2.4713e-02 8.6169e-02 8.3815e-02 8.3815e-02 7.9918e-02 1.2351e-01 8.2254e-02 -3.0117e-02
