1.0000e+00 9.9616e-01 9.9229e-01 3.2096e-01 3.2096e-01 -9.8079e-01 3.2096e-01 3.2096e-01 -3.7606e-01 2.7401e-01 -9.2336e-01 2.8276e-01 2.6207e-01 -7.1253e-01 1.2043e-01 -7.0174e-01 -6.7250e-01 -6.6853e-01 -6.6853e-01 -6.3126e-01 -6.0106e-01 -6.0106e-01 -6.0106e-01 1.4428e-01 -6.0106e-01 -4.0143e-01 1.7729e-01 -6.0746e-01 -5.8461e-01 -5.8461e-01 -6.1430e-01 -5.8461e-01 -2.3737e-01 -3.7315e-01 -5.1013e-01 -5.1558e-01 -5.1558e-01 1.0507e-01 -4.4471e-01 -4.3637e-01 1.1770e-01 -3.8548e-01 -3.8794e-01 -2.8130e-01 8.6648e-02 8.6648e-02 8.9398e-02 -1.5557e-01 -1.4911e-01 -1.5761e-01 -9.7739e-02 -6.8259e-02
9.9616e-01 1.0000e+00 9.9616e-01 3.2220e-01 3.2220e-01 -9.8467e-01 3.2220e-01 3.2220e-01 -3.7758e-01 2.7514e-01 -9.2736e-01 2.8393e-01 2.6324e-01 -7.1843e-01 1.2198e-01 -7.0800e-01 -6.7855e-01 -6.7455e-01 -6.7455e-01 -6.3701e-01 -6.0659e-01 -6.0659e-01 -6.0659e-01 1.4600e-01 -6.0659e-01 -4.0441e-01 1.7918e-01 -6.1320e-01 -5.9018e-01 -5.9018e-01 -6.2010e-01 -5.9018e-01 -2.3954e-01 -3.8628e-01 -5.1581e-01 -5.2196e-01 -5.2196e-01 1.0787e-01 -4.5096e-01 -4.4244e-01 1.2081e-01 -3.9147e-01 -3.9394e-01 -2.8725e-01 8.7658e-02 8.7658e-02 9.0414e-02 -1.6185e-01 -1.5530e-01 -1.6406e-01 -1.0349e-01 -7.3971e-02
9.9229e-01 9.9616e-01 1.0000e+00 3.2096e-01 3.2096e-01 -9.8079e-01 3.2096e-01 3.2096e-01 -3.7606e-01 2.7401e-01 -9.3102e-01 2.8276e-01 2.6207e-01 -7.2133e-01 1.2043e-01 -7.1084e-01 -6.8134e-01 -6.7733e-01 -6.7733e-01 -6.3974e-01 -6.0928e-01 -6.0928e-01 -6.0928e-01 1.4428e-01 -6.0928e-01 -4.0143e-01 1.7729e-01 -6.1588e-01 -5.9283e-01 -5.9283e-01 -6.2278e-01 -5.9283e-01 -2.3737e-01 -3.8786e-01 -5.1828e-01 -5.2434e-01 -5.2434e-01 1.1064e-01 -4.5319e-01 -4.4468e-01 1.1770e-01 -3.9360e-01 -3.9608e-01 -2.8916e-01 8.6648e-02 8.6648e-02 8.9398e-02 -1.6342e-01 -1.5688e-01 -1.6561e-01 -1.0504e-01 -7.5465e-02
3.2096e-01 3.2220e-01 3.2096e-01 1.0000e+00 1.0000e+00 -3.2220e-01 1.0000e+00 1.0000e+00 -2.7748e-01 4.9462e-01 -3.1199e-01 4.9048e-01 4.8572e-01 -2.1572e-01 3.7941e-01 -2.1664e-01 -1.9439e-01 -1.9602e-01 -1.9602e-01 -1.8033e-01 -1.3984e-01 -1.3984e-01 -1.3984e-01 2.5874e-01 -1.5825e-01 9.1525e-02 1.8376e-01 -1.6481e-01 -1.4597e-01 -1.4597e-01 -1.6768e-01 -1.4597e-01 -1.6199e-01 -1.1518e-01 -1.6338e-01 -1.4533e-01 -1.4533e-01 2.2202e-01 -8.5441e-02 -9.7263e-02 1.2031e-01 -9.8442e-02 -9.6535e-02 -7.7752e-02 1.9162e-03 1.9162e-03 -4.1000e-03 -1.0120e-01 -9.6942e-02 -9.5897e-02 -8.6299e-02 -3.7797e-02
3.2096e-01 3.2220e-01 3.2096e-01 1.0000e+00 1.0000e+00 -3.2220e-01 1.0000e+00 1.0000e+00 -2.7748e-01 4.9462e-01 -3.1199e-01 4.9048e-01 4.8572e-01 -2.1572e-01 3.7941e-01 -2.1664e-01 -1.9439e-01 -1.9602e-01 -1.9602e-01 -1.8033e-01 -1.3984e-01 -1.3984e-01 -1.3984e-01 2.5874e-01 -1.5825e-01 9.1525e-02 1.8376e-01 -1.6481e-01 -1.4597e-01 -1.4597e-01 -1.6768e-01 -1.4597e-01 -1.6199e-01 -1.1518e-01 -1.6338e-01 -1.4533e-01 -1.4533e-01 2.2202e-01 -8.5441e-02 -9.7263e-02 1.2031e-01 -9.8442e-02 -9.6535e-02 -7.7752e-02 1.9162e-03 1.9162e-03 -4.1000e-03 -1.0120e-01 -9.6942e-02 -9.5897e-02 -8.6299e-02 -3.7797e-02
-9.8079e-01 -9.8467e-01 -9.8079e-01 -3.2220e-01 -3.2220e-01 1.0000e+00 -3.2220e-01 -3.2220e-01 3.7758e-01 -2.8110e-01 9.3501e-01 -2.8982e-01 -2.6919e-01 7.1843e-01 -1.2198e-01 7.0800e-01 6.7855e-01 6.7455e-01 6.7455e-01 6.3701e-01 6.0659e-01 6.0659e-01 6.0659e-01 -1.5173e-01 6.0659e-01 4.0441e-01 -1.7918e-01 6.1320e-01 5.9018e-01 5.9018e-01 6.2010e-01 5.9018e-01 2.3954e-01 3.8628e-01 5.1581e-01 5.2196e-01 5.2196e-01 -1.0787e-01 4.5096e-01 4.4244e-01 -1.1516e-01 3.9147e-01 3.9394e-01 2.8725e-01 -8.7658e-02 -8.7658e-02 -9.0414e-02 1.6185e-01 1.5530e-01 1.6406e-01 1.0349e-01 7.3971e-02
3.2096e-01 3.2220e-01 3.2096e-01 1.0000e+00 1.0000e+00 -3.2220e-01 1.0000e+00 1.0000e+00 -2.7748e-01 4.9462e-01 -3.1199e-01 4.9048e-01 4.8572e-01 -2.1572e-01 3.7941e-01 -2.1664e-01 -1.9439e-01 -1.9602e-01 -1.9602e-01 -1.8033e-01 -1.3984e-01 -1.3984e-01 -1.3984e-01 2.5874e-01 -1.5825e-01 9.1525e-02 1.8376e-01 -1.6481e-01 -1.4597e-01 -1.4597e-01 -1.6768e-01 -1.4597e-01 -1.6199e-01 -1.1518e-01 -1.6338e-01 -1.4533e-01 -1.4533e-01 2.2202e-01 -8.5441e-02 -9.7263e-02 1.2031e-01 -9.8442e-02 -9.6535e-02 -7.7752e-02 1.9162e-03 1.9162e-03 -4.1000e-03 -1.0120e-01 -9.6942e-02 -9.5897e-02 -8.6299e-02 -3.7797e-02
3.2096e-01 3.2220e-01 3.2096e-01 1.0000e+00 1.0000e+00 -3.2220e-01 1.0000e+00 1.0000e+00 -2.7748e-01 4.9462e-01 -3.1199e-01 4.9048e-01 4.8572e-01 -2.1572e-01 3.7941e-01 -2.1664e-01 -1.9439e-01 -1.9602e-01 -1.9602e-01 -1.8033e-01 -1.3984e-01 -1.3984e-01 -1.3984e-01 2.5874e-01 -1.5825e-01 9.1525e-02 1.8376e-01 -1.6481e-01 -1.4597e-01 -1.4597e-01 -1.6768e-01 -1.4597e-01 -1.6199e-01 -1.1518e-01 -1.6338e-01 -1.4533e-01 -1.4533e-01 2.2202e-01 -8.5441e-02 -9.7263e-02 1.2031e-01 -9.8442e-02 -9.6535e-02 -7.7752e-02 1.9162e-03 1.9162e-03 -4.1000e-03 -1.0120e-01 -9.6942e-02 -9.5897e-02 -8.6299e-02 -3.7797e-02
-3.7606e-01 -3.7758e-01 -3.7606e-01 -2.7748e-01 -2.7748e-01 3.7758e-01 -2.7748e-01 -2.7748e-01 1.0000e+00 -7.3854e-01 3.9016e-01 -7.6082e-01 -7.1702e-01 2.6647e-01 -5.7868e-01 2.9076e-01 2.5824e-01 2.5378e-01 2.5378e-01 2.5402e-01 2.1732e-01 2.1732e-01 2.1732e-01 -3.3965e-01 2.1732e-01 3.5272e-01 -2.4453e-01 2.3349e-01 2.0545e-01 2.0545e-01 2.4179e-01 2.0545e-01 1.7529e-01 1.4683e-01 1.9389e-01 1.8613e-01 1.8613e-01 4.1759e-03 1.8064e-01 1.6936e-01 9.6886e-02 1.3153e-01 1.3515e-01 9.8997e-02 -1.0710e-01 -1.0710e-01 -1.0972e-01 1.2733e-01 1.1931e-01 1.2536e-01 8.8041e-03 -2.3885e-02
2.7401e-01 2.7514e-01 2.7401e-01 4.9462e-01 4.9462e-01 -2.8110e-01 4.9462e-01 4.9462e-01 -7.3854e-01 1.0000e+00 -2.8815e-01 9.6615e-01 9.6765e-01 -2.2535e-01 8.1084e-01 -2.0814e-01 -2.1041e-01 -2.1172e-01 -2.1172e-01 -2.2456e-01 -1.7845e-01 -1.7845e-01 -1.7845e-01 5.5798e-01 -1.7208e-01 -2.3899e-01 4.5530e-01 -1.5536e-01 -1.5934e-01 -1.5934e-01 -1.5890e-01 -1.5934e-01 -4.4025e-01 -1.2055e-01 -1.4482e-01 -1.3157e-01 -1.3157e-01 2.0821e-01 -1.1951e-01 -1.0342e-01 1.2283e-01 -8.9742e-02 -9.4357e-02 -1.0172e-01 3.4872e-02 3.4872e-02 2.9281e-02 -1.1997e-01 -1.1414e-01 -1.1046e-01 -6.6700e-02 -2.0506e-02
-9.2336e-01 -9.2736e-01 -9.3102e-01 -3.1199e-01 -3.1199e-01 9.3501e-01 -3.1199e-01 -3.1199e-01 3.9016e-01 -2.8815e-01 1.0000e+00 -2.9684e-01 -2.8221e-01 7.4182e-01 -1.4131e-01 7.3233e-01 7.0215e-01 6.9805e-01 6.9805e-01 6.5960e-01 6.2846e-01 6.2846e-01 6.2846e-01 -1.6485e-01 6.2846e-01 4.3696e-01 -1.9779e-01 6.3567e-01 6.1210e-01 6.1210e-01 6.4274e-01 6.1210e-01 2.5824e-01 4.1398e-01 5.2958e-01 5.4576e-01 5.4576e-01 -1.0512e-01 4.7404e-01 4.5674e-01 -1.2391e-01 4.1358e-01 4.1613e-01 3.1663e-01 -8.1298e-02 -8.1298e-02 -8.4112e-02 1.9156e-01 1.8466e-01 1.9434e-01 1.1648e-01 8.6822e-02
2.8276e-01 2.8393e-01 2.8276e-01 4.9048e-01 4.9048e-01 -2.8982e-01 4.9048e-01 4.9048e-01 -7.6082e-01 9.6615e-01 -2.9684e-01 1.0000e+00 9.4786e-01 -1.8551e-01 7.9262e-01 -2.1528e-01 -1.7726e-01 -1.7203e-01 -1.7203e-01 -1.8694e-01 -1.4311e-01 -1.4311e-01 -1.4311e-01 5.3545e-01 -1.3680e-01 -2.1421e-01 4.3974e-01 -1.5758e-01 -1.2420e-01 -1.2420e-01 -1.6745e-01 -1.2420e-01 -4.0749e-01 -1.2465e-01 -1.3536e-01 -1.3997e-01 -1.3997e-01 2.0509e-01 -1.2847e-01 -1.1285e-01 1.0466e-01 -9.9637e-02 -1.0416e-01 -1.0597e-01 2.7785e-02 2.7785e-02 3.3347e-02 -1.3005e-01 -1.1851e-01 -1.2036e-01 -6.1857e-02 -1.6638e-02
2.6207e-01 2.6324e-01 2.6207e-01 4.8572e-01 4.8572e-01 -2.6919e-01 4.8572e-01 4.8572e-01 -7.1702e-01 9.6765e-01 -2.8221e-01 9.4786e-01 1.0000e+00 -2.3898e-01 8.4314e-01 -2.1518e-01 -2.2409e-01 -2.2535e-01 -2.2535e-01 -2.3769e-01 -1.9119e-01 -1.9119e-01 -1.9119e-01 5.8467e-01 -1.8482e-01 -2.4359e-01 4.7265e-01 -1.6840e-01 -1.7845e-01 -1.7845e-01 -1.7203e-01 -1.7845e-01 -4.4882e-01 -1.2055e-01 -1.5113e-01 -1.3836e-01 -1.3836e-01 2.2977e-01 -1.2607e-01 -1.0986e-01 1.4037e-01 -9.6030e-02 -1.0066e-01 -1.1389e-01 3.4872e-02 3.4872e-02 2.9281e-02 -1.2606e-01 -1.1414e-01 -1.1665e-01 -7.8009e-02 -2.6086e-02
-7.1253e-01 -7.1843e-01 -7.2133e-01 -2.1572e-01 -2.1572e-01 7.1843e-01 -2.1572e-01 -2.1572e-01 2.6647e-01 -2.2535e-01 7.4182e-01 -1.8551e-01 -2.3898e-01 1.0000e+00 -2.4008e-01 9.0744e-01 9.4454e-01 9.4976e-01 9.4976e-01 9.0436e-01 8.6781e-01 8.6781e-01 8.6781e-01 -2.5628e-01 8.6781e-01 4.9226e-01 -2.8353e-01 8.0939e-01 8.4903e-01 8.4903e-01 8.0755e-01 8.4903e-01 3.3505e-01 5.0171e-01 6.7040e-01 6.6474e-01 6.6474e-01 -2.8056e-01 5.8489e-01 5.6663e-01 -2.7111e-01 5.0038e-01 5.0299e-01 3.8352e-01 -7.4515e-02 -7.4515e-02 -7.6798e-02 2.2202e-01 2.1560e-01 2.3204e-01 2.1273e-01 1.8798e-01
1.2043e-01 1.2198e-01 1.2043e-01 3.7941e-01 3.7941e-01 -1.2198e-01 3.7941e-01 3.7941e-01 -5.7868e-01 8.1084e-01 -1.4131e-01 7.9262e-01 8.4314e-01 -2.4008e-01 1.0000e+00 -2.2329e-01 -2.3205e-01 -2.3328e-01 -2.3328e-01 -2.4543e-01 -1.9887e-01 -1.9887e-01 -1.9887e-01 7.1361e-01 -1.9252e-01 -2.9667e-01 5.8948e-01 -1.7622e-01 -1.8616e-01 -1.8616e-01 -1.7988e-01 -1.8616e-01 -4.9934e-01 -1.2118e-01 -1.5884e-01 -1.3964e-01 -1.3964e-01 3.0640e-01 -1.4055e-01 -1.2414e-01 2.0928e-01 -9.1273e-02 -9.5873e-02 -1.0938e-01 3.8613e-02 3.8613e-02 3.2971e-02 -1.0331e-01 -9.1709e-02 -9.9626e-02 -8.5484e-02 -3.9187e-02
-7.0174e-01 -7.0800e-01 -7.1084e-01 -2.1664e-01 -2.1664e-01 7.0800e-01 -2.1664e-01 -2.1664e-01 2.9076e-01 -2.0814e-01 7.3233e-01 -2.1528e-01 -2.1518e-01 9.0744e-01 -2.2329e-01 1.0000e+00 9.6419e-01 9.5934e-01 9.5934e-01 9.1403e-01 8.7757e-01 8.7757e-01 8.7757e-01 -2.5844e-01 8.7757e-01 4.9129e-01 -2.8381e-01 8.8574e-01 8.5817e-01 8.5817e-01 8.9402e-01 8.5817e-01 3.3916e-01 5.2343e-01 7.3168e-01 7.1674e-01 7.1674e-01 -2.9356e-01 6.3398e-01 6.1498e-01 -2.8109e-01 5.3682e-01 5.3950e-01 4.1626e-01 -7.3980e-02 -7.3980e-02 -7.6154e-02 2.4014e-01 2.3368e-01 2.5023e-01 2.0593e-01 1.8945e-01
-6.7250e-01 -6.7855e-01 -6.8134e-01 -1.9439e-01 -1.9439e-01 6.7855e-01 -1.9439e-01 -1.9439e-01 2.5824e-01 -2.1041e-01 7.0215e-01 -1.7726e-01 -2.2409e-01 9.4454e-01 -2.3205e-01 9.6419e-01 1.0000e+00 9.9497e-01 9.9497e-01 9.4797e-01 9.1016e-01 9.1016e-01 9.1016e-01 -2.6804e-01 9.1016e-01 5.0999e-01 -2.9478e-01 8.5237e-01 8.9131e-01 8.9131e-01 8.6050e-01 8.9131e-01 3.5218e-01 5.0430e-01 7.1163e-01 6.8858e-01 6.8858e-01 -2.9728e-01 6.0781e-01 5.8912e-01 -2.8772e-01 5.1290e-01 5.1555e-01 4.0435e-01 -8.1868e-02 -8.1868e-02 -8.4087e-02 2.2420e-01 2.1778e-01 2.3423e-01 2.1502e-01 1.9021e-01
-6.6853e-01 -6.7455e-01 -6.7733e-01 -1.9602e-01 -1.9602e-01 6.7455e-01 -1.9602e-01 -1.9602e-01 2.5378e-01 -2.1172e-01 6.9805e-01 -1.7203e-01 -2.2535e-01 9.4976e-01 -2.3328e-01 9.5934e-01 9.9497e-01 1.0000e+00 1.0000e+00 9.5277e-01 9.1476e-01 9.1476e-01 9.1476e-01 -2.6939e-01 9.1476e-01 5.1263e-01 -2.9633e-01 8.5746e-01 8.9598e-01 8.9598e-01 8.5596e-01 8.9598e-01 3.5402e-01 5.0171e-01 7.0760e-01 6.8475e-01 6.8475e-01 -2.9964e-01 6.0426e-01 5.8560e-01 -2.9052e-01 5.0965e-01 5.1229e-01 4.0146e-01 -8.2968e-02 -8.2968e-02 -8.5192e-02 2.2202e-01 2.1560e-01 2.3204e-01 2.2107e-01 1.9621e-01
-6.6853e-01 -6.7455e-01 -6.7733e-01 -1.9602e-01 -1.9602e-01 6.7455e-01 -1.9602e-01 -1.9602e-01 2.5378e-01 -2.1172e-01 6.9805e-01 -1.7203e-01 -2.2535e-01 9.4976e-01 -2.3328e-01 9.5934e-01 9.9497e-01 1.0000e+00 1.0000e+00 9.5277e-01 9.1476e-01 9.1476e-01 9.1476e-01 -2.6939e-01 9.1476e-01 5.1263e-01 -2.9633e-01 8.5746e-01 8.9598e-01 8.9598e-01 8.5596e-01 8.9598e-01 3.5402e-01 5.0171e-01 7.0760e-01 6.8475e-01 6.8475e-01 -2.9964e-01 6.0426e-01 5.8560e-01 -2.9052e-01 5.0965e-01 5.1229e-01 4.0146e-01 -8.2968e-02 -8.2968e-02 -8.5192e-02 2.2202e-01 2.1560e-01 2.3204e-01 2.2107e-01 1.9621e-01
-6.3126e-01 -6.3701e-01 -6.3974e-01 -1.8033e-01 -1.8033e-01 6.3701e-01 -1.8033e-01 -1.8033e-01 2.5402e-01 -2.2456e-01 6.5960e-01 -1.8694e-01 -2.3769e-01 9.0436e-01 -2.4543e-01 9.1403e-01 9.4797e-01 9.5277e-01 9.5277e-01 1.0000e+00 9.6011e-01 9.6011e-01 9.6011e-01 -2.8275e-01 8.6963e-01 5.1900e-01 -2.9924e-01 8.1478e-01 8.5154e-01 8.5154e-01 8.1344e-01 8.5154e-01 3.5993e-01 4.7746e-01 6.6987e-01 6.4896e-01 6.4896e-01 -2.7981e-01 5.7091e-01 5.5263e-01 -2.9279e-01 4.8801e-01 4.9064e-01 4.1750e-01 -8.5481e-02 -8.5481e-02 -8.7827e-02 2.3596e-01 2.2919e-01 2.4653e-01 2.1510e-01 1.8272e-01
-6.0106e-01 -6.0659e-01 -6.0928e-01 -1.3984e-01 -1.3984e-01 6.0659e-01 -1.3984e-01 -1.3984e-01 2.1732e-01 -1.7845e-01 6.2846e-01 -1.4311e-01 -1.9119e-01 8.6781e-01 -1.9887e-01 8.7757e-01 9.1016e-01 9.1476e-01 9.1476e-01 9.6011e-01 1.0000e+00 1.0000e+00 1.0000e+00 -2.9449e-01 9.1224e-01 5.4244e-01 -3.1299e-01 8.6123e-01 8.9468e-01 8.9468e-01 8.6058e-01 8.9468e-01 3.7619e-01 4.5794e-01 7.1758e-01 7.0421e-01 7.0421e-01 -3.0108e-01 6.2534e-01 6.0566e-01 -3.1700e-01 5.4089e-01 5.4373e-01 4.6949e-01 -9.4860e-02 -9.4860e-02 -9.7263e-02 2.1792e-01 2.1118e-01 2.2844e-01 1.9645e-01 1.6479e-01
-6.0106e-01 -6.0659e-01 -6.0928e-01 -1.3984e-01 -1.3984e-01 6.0659e-01 -1.3984e-01 -1.3984e-01 2.1732e-01 -1.7845e-01 6.2846e-01 -1.4311e-01 -1.9119e-01 8.6781e-01 -1.9887e-01 8.7757e-01 9.1016e-01 9.1476e-01 9.1476e-01 9.6011e-01 1.0000e+00 1.0000e+00 1.0000e+00 -2.9449e-01 9.1224e-01 5.4244e-01 -3.1299e-01 8.6123e-01 8.9468e-01 8.9468e-01 8.6058e-01 8.9468e-01 3.7619e-01 4.5794e-01 7.1758e-01 7.0421e-01 7.0421e-01 -3.0108e-01 6.2534e-01 6.0566e-01 -3.1700e-01 5.4089e-01 5.4373e-01 4.6949e-01 -9.4860e-02 -9.4860e-02 -9.7263e-02 2.1792e-01 2.1118e-01 2.2844e-01 1.9645e-01 1.6479e-01
-6.0106e-01 -6.0659e-01 -6.0928e-01 -1.3984e-01 -1.3984e-01 6.0659e-01 -1.3984e-01 -1.3984e-01 2.1732e-01 -1.7845e-01 6.2846e-01 -1.4311e-01 -1.9119e-01 8.6781e-01 -1.9887e-01 8.7757e-01 9.1016e-01 9.1476e-01 9.1476e-01 9.6011e-01 1.0000e+00 1.0000e+00 1.0000e+00 -2.9449e-01 9.1224e-01 5.4244e-01 -3.1299e-01 8.6123e-01 8.9468e-01 8.9468e-01 8.6058e-01 8.9468e-01 3.7619e-01 4.5794e-01 7.1758e-01 7.0421e-01 7.0421e-01 -3.0108e-01 6.2534e-01 6.0566e-01 -3.1700e-01 5.4089e-01 5.4373e-01 4.6949e-01 -9.4860e-02 -9.4860e-02 -9.7263e-02 2.1792e-01 2.1118e-01 2.2844e-01 1.9645e-01 1.6479e-01
1.4428e-01 1.4600e-01 1.4428e-01 2.5874e-01 2.5874e-01 -1.5173e-01 2.5874e-01 2.5874e-01 -3.3965e-01 5.5798e-01 -1.6485e-01 5.3545e-01 5.8467e-01 -2.5628e-01 7.1361e-01 -2.5844e-01 -2.6804e-01 -2.6939e-01 -2.6939e-01 -2.8275e-01 -2.9449e-01 -2.9449e-01 -2.9449e-01 1.0000e+00 -2.9449e-01 -4.9204e-01 8.4813e-01 -2.7910e-01 -2.8836e-01 -2.8836e-01 -2.8275e-01 -2.8836e-01 -7.1460e-01 -1.3777e-01 -2.7408e-01 -2.4461e-01 -2.4461e-01 3.3336e-01 -2.4484e-01 -2.2252e-01 3.2193e-01 -1.7257e-01 -1.8302e-01 -1.8477e-01 5.5231e-02 5.5231e-02 4.8817e-02 -6.7651e-02 -6.3813e-02 -7.9567e-02 -1.4795e-01 -1.0949e-01
-6.0106e-01 -6.0659e-01 -6.0928e-01 -1.5825e-01 -1.5825e-01 6.0659e-01 -1.5825e-01 -1.5825e-01 2.1732e-01 -1.7208e-01 6.2846e-01 -1.3680e-01 -1.8482e-01 8.6781e-01 -1.9252e-01 8.7757e-01 9.1016e-01 9.1476e-01 9.1476e-01 8.6963e-01 9.1224e-01 9.1224e-01 9.1224e-01 -2.9449e-01 1.0000e+00 5.6148e-01 -3.2495e-01 9.5108e-01 9.8245e-01 9.8245e-01 9.5106e-01 9.8245e-01 3.8801e-01 4.7363e-01 8.0450e-01 7.9775e-01 7.9775e-01 -3.4268e-01 7.1582e-01 6.9430e-01 -3.4118e-01 6.1021e-01 6.1327e-01 4.9465e-01 -9.4860e-02 -9.4860e-02 -9.7263e-02 2.5985e-01 2.6094e-01 2.7111e-01 2.5099e-01 2.3399e-01
-4.0143e-01 -4.0441e-01 -4.0143e-01 9.1525e-02 9.1525e-02 4.0441e-01 9.1525e-02 9.1525e-02 3.5272e-01 -2.3899e-01 4.3696e-01 -2.1421e-01 -2.4359e-01 4.9226e-01 -2.9667e-01 4.9129e-01 5.0999e-01 5.1263e-01 5.1263e-01 5.1900e-01 5.4244e-01 5.4244e-01 5.4244e-01 -4.9204e-01 5.6148e-01 1.0000e+00 -5.7848e-01 5.5025e-01 5.6783e-01 5.6783e-01 5.4518e-01 5.6783e-01 6.8945e-01 2.6406e-01 4.5583e-01 4.5438e-01 4.5438e-01 4.7535e-02 4.4702e-01 4.2571e-01 -4.9973e-02 3.6468e-01 3.6782e-01 3.0143e-01 -1.3478e-01 -1.3478e-01 -1.3924e-01 1.1343e-01 1.1656e-01 1.2718e-01 2.0009e-01 1.7576e-01
1.7729e-01 1.7918e-01 1.7729e-01 1.8376e-01 1.8376e-01 -1.7918e-01 1.8376e-01 1.8376e-01 -2.4453e-01 4.5530e-01 -1.9779e-01 4.3974e-01 4.7265e-01 -2.8353e-01 5.8948e-01 -2.8381e-01 -2.9478e-01 -2.9633e-01 -2.9633e-01 -2.9924e-01 -3.1299e-01 -3.1299e-01 -3.1299e-01 8.4813e-01 -3.2495e-01 -5.7848e-01 1.0000e+00 -3.2069e-01 -3.3093e-01 -3.3093e-01 -3.1773e-01 -3.3093e-01 -8.2401e-01 -1.5643e-01 -2.5828e-01 -2.5963e-01 -2.5963e-01 3.8169e-01 -2.6225e-01 -2.3598e-01 3.4723e-01 -1.8321e-01 -1.8721e-01 -1.7528e-01 3.2479e-03 3.2479e-03 1.2486e-02 -7.2445e-02 -6.9887e-02 -8.8057e-02 -1.6952e-01 -1.3342e-01
-6.0746e-01 -6.1320e-01 -6.1588e-01 -1.6481e-01 -1.6481e-01 6.1320e-01 -1.6481e-01 -1.6481e-01 2.3349e-01 -1.5536e-01 6.3567e-01 -1.5758e-01 -1.6840e-01 8.0939e-01 -1.7622e-01 8.8574e-01 8.5237e-01 8.5746e-01 8.5746e-01 8.1478e-01 8.6123e-01 8.6123e-01 8.6123e-01 -2.7910e-01 9.5108e-01 5.5025e-01 -3.2069e-01 1.0000e+00 9.6905e-01 9.6905e-01 9.9078e-01 9.6905e-01 3.8172e-01 4.8902e-01 8.3191e-01 8.3380e-01 8.3380e-01 -3.3937e-01 7.4994e-01 7.2794e-01 -3.2920e-01 6.4191e-01 6.4503e-01 5.0653e-01 -8.7602e-02 -8.7602e-02 -8.9961e-02 2.7475e-01 2.7599e-01 2.8606e-01 2.4273e-01 2.3372e-01
-5.8461e-01 -5.9018e-01 -5.9283e-01 -1.4597e-01 -1.4597e-01 5.9018e-01 -1.4597e-01 -1.4597e-01 2.0545e-01 -1.5934e-01 6.1210e-01 -1.2420e-01 -1.7845e-01 8.4903e-01 -1.8616e-01 8.5817e-01 8.9131e-01 8.9598e-01 8.9598e-01 8.5154e-01 8.9468e-01 8.9468e-01 8.9468e-01 -2.8836e-01 9.8245e-01 5.6783e-01 -3.3093e-01 9.6905e-01 1.0000e+00 1.0000e+00 9.6011e-01 1.0000e+00 3.9392e-01 4.7363e-01 8.1319e-01 8.0711e-01 8.0711e-01 -3.4268e-01 7.2486e-01 7.0316e-01 -3.3513e-01 6.1888e-01 6.2196e-01 4.9465e-01 -9.4860e-02 -9.4860e-02 -9.7263e-02 2.5985e-01 2.6094e-01 2.7111e-01 2.5099e-01 2.3399e-01
-5.8461e-01 -5.9018e-01 -5.9283e-01 -1.4597e-01 -1.4597e-01 5.9018e-01 -1.4597e-01 -1.4597e-01 2.0545e-01 -1.5934e-01 6.1210e-01 -1.2420e-01 -1.7845e-01 8.4903e-01 -1.8616e-01 8.5817e-01 8.9131e-01 8.9598e-01 8.9598e-01 8.5154e-01 8.9468e-01 8.9468e-01 8.9468e-01 -2.8836e-01 9.8245e-01 5.6783e-01 -3.3093e-01 9.6905e-01 1.0000e+00 1.0000e+00 9.6011e-01 1.0000e+00 3.9392e-01 4.7363e-01 8.1319e-01 8.0711e-01 8.0711e-01 -3.4268e-01 7.2486e-01 7.0316e-01 -3.3513e-01 6.1888e-01 6.2196e-01 4.9465e-01 -9.4860e-02 -9.4860e-02 -9.7263e-02 2.5985e-01 2.6094e-01 2.7111e-01 2.5099e-01 2.3399e-01
-6.1430e-01 -6.2010e-01 -6.2278e-01 -1.6768e-01 -1.6768e-01 6.2010e-01 -1.6768e-01 -1.6768e-01 2.4179e-01 -1.5890e-01 6.4274e-01 -1.6745e-01 -1.7203e-01 8.0755e-01 -1.7988e-01 8.9402e-01 8.6050e-01 8.5596e-01 8.5596e-01 8.1344e-01 8.6058e-01 8.6058e-01 8.6058e-01 -2.8275e-01 9.5106e-01 5.4518e-01 -3.1773e-01 9.9078e-01 9.6011e-01 9.6011e-01 1.0000e+00 9.6011e-01 3.7820e-01 4.9364e-01 8.4014e-01 8.4183e-01 8.4183e-01 -3.4108e-01 7.5747e-01 7.3538e-01 -3.3019e-01 6.4882e-01 6.5195e-01 5.1260e-01 -8.5481e-02 -8.5481e-02 -8.7827e-02 2.7918e-01 2.8048e-01 2.9052e-01 2.3920e-01 2.3029e-01
-5.8461e-01 -5.9018e-01 -5.9283e-01 -1.4597e-01 -1.4597e-01 5.9018e-01 -1.4597e-01 -1.4597e-01 2.0545e-01 -1.5934e-01 6.1210e-01 -1.2420e-01 -1.7845e-01 8.4903e-01 -1.8616e-01 8.5817e-01 8.9131e-01 8.9598e-01 8.9598e-01 8.5154e-01 8.9468e-01 8.9468e-01 8.9468e-01 -2.8836e-01 9.8245e-01 5.6783e-01 -3.3093e-01 9.6905e-01 1.0000e+00 1.0000e+00 9.6011e-01 1.0000e+00 3.9392e-01 4.7363e-01 8.1319e-01 8.0711e-01 8.0711e-01 -3.4268e-01 7.2486e-01 7.0316e-01 -3.3513e-01 6.1888e-01 6.2196e-01 4.9465e-01 -9.4860e-02 -9.4860e-02 -9.7263e-02 2.5985e-01 2.6094e-01 2.7111e-01 2.5099e-01 2.3399e-01
-2.3737e-01 -2.3954e-01 -2.3737e-01 -1.6199e-01 -1.6199e-01 2.3954e-01 -1.6199e-01 -1.6199e-01 1.7529e-01 -4.4025e-01 2.5824e-01 -4.0749e-01 -4.4882e-01 3.3505e-01 -4.9934e-01 3.3916e-01 3.5218e-01 3.5402e-01 3.5402e-01 3.5993e-01 3.7619e-01 3.7619e-01 3.7619e-01 -7.1460e-01 3.8801e-01 6.8945e-01 -8.2401e-01 3.8172e-01 3.9392e-01 3.9392e-01 3.7820e-01 3.9392e-01 1.0000e+00 1.8837e-01 3.1716e-01 3.1807e-01 3.1807e-01 -2.4808e-01 3.0511e-01 2.8131e-01 -2.6268e-01 2.3163e-01 2.3524e-01 2.2189e-01 -2.1211e-02 -2.1211e-02 -1.2999e-02 1.0899e-01 1.0797e-01 1.2209e-01 1.9967e-01 1.6109e-01
-3.7315e-01 -3.8628e-01 -3.8786e-01 -1.1518e-01 -1.1518e-01 3.8628e-01 -1.1518e-01 -1.1518e-01 1.4683e-01 -1.2055e-01 4.1398e-01 -1.2465e-01 -1.2055e-01 5.0171e-01 -1.2118e-01 5.2343e-01 5.0430e-01 5.0171e-01 5.0171e-01 4.7746e-01 4.5794e-01 4.5794e-01 4.5794e-01 -1.3777e-01 4.7363e-01 2.6406e-01 -1.5643e-01 4.8902e-01 4.7363e-01 4.7363e-01 4.9364e-01 4.7363e-01 1.8837e-01 1.0000e+00 4.9848e-01 5.3259e-01 5.3259e-01 -2.1808e-01 4.7746e-01 4.6423e-01 -2.2091e-01 4.4986e-01 4.5185e-01 4.1428e-01 -7.3679e-02 -7.3679e-02 -7.4712e-02 4.1428e-01 4.0749e-01 4.2496e-01 3.8402e-01 3.7594e-01
-5.1013e-01 -5.1581e-01 -5.1828e-01 -1.6338e-01 -1.6338e-01 5.1581e-01 -1.6338e-01 -1.6338e-01 1.9389e-01 -1.4482e-01 5.2958e-01 -1.3536e-01 -1.5113e-01 6.7040e-01 -1.5884e-01 7.3168e-01 7.1163e-01 7.0760e-01 7.0760e-01 6.6987e-01 7.1758e-01 7.1758e-01 7.1758e-01 -2.7408e-01 8.0450e-01 4.5583e-01 -2.5828e-01 8.3191e-01 8.1319e-01 8.1319e-01 8.4014e-01 8.1319e-01 3.1716e-01 4.9848e-01 1.0000e+00 8.7965e-01 8.7965e-01 -3.6686e-01 7.9533e-01 7.8088e-01 -3.8474e-01 6.6958e-01 6.8145e-01 5.3614e-01 -9.7897e-02 -9.7897e-02 -1.0032e-01 2.9528e-01 2.9583e-01 2.9880e-01 2.2913e-01 2.2003e-01
-5.1558e-01 -5.2196e-01 -5.2434e-01 -1.4533e-01 -1.4533e-01 5.2196e-01 -1.4533e-01 -1.4533e-01 1.8613e-01 -1.3157e-01 5.4576e-01 -1.3997e-01 -1.3836e-01 6.6474e-01 -1.3964e-01 7.1674e-01 6.8858e-01 6.8475e-01 6.8475e-01 6.4896e-01 7.0421e-01 7.0421e-01 7.0421e-01 -2.4461e-01 7.9775e-01 4.5438e-01 -2.5963e-01 8.3380e-01 8.0711e-01 8.0711e-01 8.4183e-01 8.0711e-01 3.1807e-01 5.3259e-01 8.7965e-01 1.0000e+00 1.0000e+00 -3.9700e-01 8.9969e-01 8.7498e-01 -4.0284e-01 7.5579e-01 7.5921e-01 5.7735e-01 -9.2481e-02 -9.2481e-02 -9.4653e-02 3.2711e-01 3.2834e-01 3.3902e-01 2.4368e-01 2.3495e-01
-5.1558e-01 -5.2196e-01 -5.2434e-01 -1.4533e-01 -1.4533e-01 5.2196e-01 -1.4533e-01 -1.4533e-01 1.8613e-01 -1.3157e-01 5.4576e-01 -1.3997e-01 -1.3836e-01 6.6474e-01 -1.3964e-01 7.1674e-01 6.8858e-01 6.8475e-01 6.8475e-01 6.4896e-01 7.0421e-01 7.0421e-01 7.0421e-01 -2.4461e-01 7.9775e-01 4.5438e-01 -2.5963e-01 8.3380e-01 8.0711e-01 8.0711e-01 8.4183e-01 8.0711e-01 3.1807e-01 5.3259e-01 8.7965e-01 1.0000e+00 1.0000e+00 -3.9700e-01 8.9969e-01 8.7498e-01 -4.0284e-01 7.5579e-01 7.5921e-01 5.7735e-01 -9.2481e-02 -9.2481e-02 -9.4653e-02 3.2711e-01 3.2834e-01 3.3902e-01 2.4368e-01 2.3495e-01
1.0507e-01 1.0787e-01 1.1064e-01 2.2202e-01 2.2202e-01 -1.0787e-01 2.2202e-01 2.2202e-01 4.1759e-03 2.0821e-01 -1.0512e-01 2.0509e-01 2.2977e-01 -2.8056e-01 3.0640e-01 -2.9356e-01 -2.9728e-01 -2.9964e-01 -2.9964e-01 -2.7981e-01 -3.0108e-01 -3.0108e-01 -3.0108e-01 3.3336e-01 -3.4268e-01 4.7535e-02 3.8169e-01 -3.3937e-01 -3.4268e-01 -3.4268e-01 -3.4108e-01 -3.4268e-01 -2.4808e-01 -2.1808e-01 -3.6686e-01 -3.9700e-01 -3.9700e-01 1.0000e+00 -3.2883e-01 -3.1209e-01 6.6996e-01 -2.5161e-01 -2.6091e-01 -2.0432e-01 -1.0560e-01 -1.0560e-01 -9.7768e-02 -1.8728e-01 -1.8081e-01 -1.9447e-01 -1.3226e-01 -9.5783e-02
-4.4471e-01 -4.5096e-01 -4.5319e-01 -8.5441e-02 -8.5441e-02 4.5096e-01 -8.5441e-02 -8.5441e-02 1.8064e-01 -1.1951e-01 4.7404e-01 -1.2847e-01 -1.2607e-01 5.8489e-01 -1.4055e-01 6.3398e-01 6.0781e-01 6.0426e-01 6.0426e-01 5.7091e-01 6.2534e-01 6.2534e-01 6.2534e-01 -2.4484e-01 7.1582e-01 4.4702e-01 -2.6225e-01 7.4994e-01 7.2486e-01 7.2486e-01 7.5747e-01 7.2486e-01 3.0511e-01 4.7746e-01 7.9533e-01 8.9969e-01 8.9969e-01 -3.2883e-01 1.0000e+00 9.7296e-01 -4.6107e-01 7.9175e-01 7.9533e-01 6.1634e-01 -7.7336e-02 -7.7336e-02 -7.9739e-02 3.2241e-01 3.2323e-01 3.3450e-01 2.4723e-01 2.3821e-01
-4.3637e-01 -4.4244e-01 -4.4468e-01 -9.7263e-02 -9.7263e-02 4.4244e-01 -9.7263e-02 -9.7263e-02 1.6936e-01 -1.0342e-01 4.5674e-01 -1.1285e-01 -1.0986e-01 5.6663e-01 -1.2414e-01 6.1498e-01 5.8912e-01 5.8560e-01 5.8560e-01 5.5263e-01 6.0566e-01 6.0566e-01 6.0566e-01 -2.2252e-01 6.9430e-01 4.2571e-01 -2.3598e-01 7.2794e-01 7.0316e-01 7.0316e-01 7.3538e-01 7.0316e-01 2.8131e-01 4.6423e-01 7.8088e-01 8.7498e-01 8.7498e-01 -3.1209e-01 9.7296e-01 1.0000e+00 -4.7389e-01 8.1232e-01 8.1599e-01 6.3874e-01 -8.3802e-02 -8.3802e-02 -8.6241e-02 3.0846e-01 3.0914e-01 3.2049e-01 2.4185e-01 2.2497e-01
1.1770e-01 1.2081e-01 1.1770e-01 1.2031e-01 1.2031e-01 -1.1516e-01 1.2031e-01 1.2031e-01 9.6886e-02 1.2283e-01 -1.2391e-01 1.0466e-01 1.4037e-01 -2.7111e-01 2.0928e-01 -2.8109e-01 -2.8772e-01 -2.9052e-01 -2.9052e-01 -2.9279e-01 -3.1700e-01 -3.1700e-01 -3.1700e-01 3.2193e-01 -3.4118e-01 -4.9973e-02 3.4723e-01 -3.2920e-01 -3.3513e-01 -3.3513e-01 -3.3019e-01 -3.3513e-01 -2.6268e-01 -2.2091e-01 -3.8474e-01 -4.0284e-01 -4.0284e-01 6.6996e-01 -4.6107e-01 -4.7389e-01 1.0000e+00 -3.5133e-01 -3.6079e-01 -3.4964e-01 -1.3320e-01 -1.3320e-01 -1.4210e-01 -1.1858e-01 -1.1398e-01 -1.2280e-01 -1.7237e-01 -1.1521e-01
-3.8548e-01 -3.9147e-01 -3.9360e-01 -9.8442e-02 -9.8442e-02 3.9147e-01 -9.8442e-02 -9.8442e-02 1.3153e-01 -8.9742e-02 4.1358e-01 -9.9637e-02 -9.6030e-02 5.0038e-01 -9.1273e-02 5.3682e-01 5.1290e-01 5.0965e-01 5.0965e-01 4.8801e-01 5.4089e-01 5.4089e-01 5.4089e-01 -1.7257e-01 6.1021e-01 3.6468e-01 -1.8321e-01 6.4191e-01 6.1888e-01 6.1888e-01 6.4882e-01 6.1888e-01 2.3163e-01 4.4986e-01 6.6958e-01 7.5579e-01 7.5579e-01 -2.5161e-01 7.9175e-01 8.1232e-01 -3.5133e-01 1.0000e+00 9.8714e-01 7.7335e-01 -1.6130e-01 -1.6130e-01 -1.6330e-01 4.3390e-01 4.2468e-01 4.3150e-01 2.4246e-01 2.2556e-01
-3.8794e-01 -3.9394e-01 -3.9608e-01 -9.6535e-02 -9.6535e-02 3.9394e-01 -9.6535e-02 -9.6535e-02 1.3515e-01 -9.4357e-02 4.1613e-01 -1.0416e-01 -1.0066e-01 5.0299e-01 -9.5873e-02 5.3950e-01 5.1555e-01 5.1229e-01 5.1229e-01 4.9064e-01 5.4373e-01 5.4373e-01 5.4373e-01 -1.8302e-01 6.1327e-01 3.6782e-01 -1.8721e-01 6.4503e-01 6.2196e-01 6.2196e-01 6.5195e-01 6.2196e-01 2.3524e-01 4.5185e-01 6.8145e-01 7.5921e-01 7.5921e-01 -2.6091e-01 7.9533e-01 8.1599e-01 -3.6079e-01 9.8714e-01 1.0000e+00 7.7699e-01 -1.6832e-01 -1.6832e-01 -1.7025e-01 4.3647e-01 4.2724e-01 4.3403e-01 2.4456e-01 2.2764e-01
-2.8130e-01 -2.8725e-01 -2.8916e-01 -7.7752e-02 -7.7752e-02 2.8725e-01 -7.7752e-02 -7.7752e-02 9.8997e-02 -1.0172e-01 3.1663e-01 -1.0597e-01 -1.1389e-01 3.8352e-01 -1.0938e-01 4.1626e-01 4.0435e-01 4.0146e-01 4.0146e-01 4.1750e-01 4.6949e-01 4.6949e-01 4.6949e-01 -1.8477e-01 4.9465e-01 3.0143e-01 -1.7528e-01 5.0653e-01 4.9465e-01 4.9465e-01 5.1260e-01 4.9465e-01 2.2189e-01 4.1428e-01 5.3614e-01 5.7735e-01 5.7735e-01 -2.0432e-01 6.1634e-01 6.3874e-01 -3.4964e-01 7.7335e-01 7.7699e-01 1.0000e+00 -1.8514e-01 -1.8514e-01 -1.8711e-01 4.3915e-01 4.2967e-01 4.2955e-01 2.5761e-01 2.1844e-01
8.6648e-02 8.7658e-02 8.6648e-02 1.9162e-03 1.9162e-03 -8.7658e-02 1.9162e-03 1.9162e-03 -1.0710e-01 3.4872e-02 -8.1298e-02 2.7785e-02 3.4872e-02 -7.4515e-02 3.8613e-02 -7.3980e-02 -8.1868e-02 -8.2968e-02 -8.2968e-02 -8.5481e-02 -9.4860e-02 -9.4860e-02 -9.4860e-02 5.5231e-02 -9.4860e-02 -1.3478e-01 3.2479e-03 -8.7602e-02 -9.4860e-02 -9.4860e-02 -8.5481e-02 -9.4860e-02 -2.1211e-02 -7.3679e-02 -9.7897e-02 -9.2481e-02 -9.2481e-02 -1.0560e-01 -7.7336e-02 -8.3802e-02 -1.3320e-01 -1.6130e-01 -1.6832e-01 -1.8514e-01 1.0000e+00 1.0000e+00 9.8946e-01 -7.1914e-02 -5.3737e-02 -4.2396e-02 -8.6965e-02 -6.5111e-02
8.6648e-02 8.7658e-02 8.6648e-02 1.9162e-03 1.9162e-03 -8.7658e-02 1.9162e-03 1.9162e-03 -1.0710e-01 3.4872e-02 -8.1298e-02 2.7785e-02 3.4872e-02 -7.4515e-02 3.8613e-02 -7.3980e-02 -8.1868e-02 -8.2968e-02 -8.2968e-02 -8.5481e-02 -9.4860e-02 -9.4860e-02 -9.4860e-02 5.5231e-02 -9.4860e-02 -1.3478e-01 3.2479e-03 -8.7602e-02 -9.4860e-02 -9.4860e-02 -8.5481e-02 -9.4860e-02 -2.1211e-02 -7.3679e-02 -9.7897e-02 -9.2481e-02 -9.2481e-02 -1.0560e-01 -7.7336e-02 -8.3802e-02 -1.3320e-01 -1.6130e-01 -1.6832e-01 -1.8514e-01 1.0000e+00 1.0000e+00 9.8946e-01 -7.1914e-02 -5.3737e-02 -4.2396e-02 -8.6965e-02 -6.5111e-02
8.9398e-02 9.0414e-02 8.9398e-02 -4.1000e-03 -4.1000e-03 -9.0414e-02 -4.1000e-03 -4.1000e-03 -1.0972e-01 2.9281e-02 -8.4112e-02 3.3347e-02 2.9281e-02 -7.6798e-02 3.2971e-02 -7.6154e-02 -8.4087e-02 -8.5192e-02 -8.5192e-02 -8.7827e-02 -9.7263e-02 -9.7263e-02 -9.7263e-02 4.8817e-02 -9.7263e-02 -1.3924e-01 1.2486e-02 -8.9961e-02 -9.7263e-02 -9.7263e-02 -8.7827e-02 -9.7263e-02 -1.2999e-02 -7.4712e-02 -1.0032e-01 -9.4653e-02 -9.4653e-02 -9.7768e-02 -7.9739e-02 -8.6241e-02 -1.4210e-01 -1.6330e-01 -1.7025e-01 -1.8711e-01 9.8946e-01 9.8946e-01 1.0000e+00 -7.4676e-02 -5.6677e-02 -4.5285e-02 -8.9993e-02 -6.8367e-02
-1.5557e-01 -1.6185e-01 -1.6342e-01 -1.0120e-01 -1.0120e-01 1.6185e-01 -1.0120e-01 -1.0120e-01 1.2733e-01 -1.1997e-01 1.9156e-01 -1.3005e-01 -1.2606e-01 2.2202e-01 -1.0331e-01 2.4014e-01 2.2420e-01 2.2202e-01 2.2202e-01 2.3596e-01 2.1792e-01 2.1792e-01 2.1792e-01 -6.7651e-02 2.5985e-01 1.1343e-01 -7.2445e-02 2.7475e-01 2.5985e-01 2.5985e-01 2.7918e-01 2.5985e-01 1.0899e-01 4.1428e-01 2.9528e-01 3.2711e-01 3.2711e-01 -1.8728e-01 3.2241e-01 3.0846e-01 -1.1858e-01 4.3390e-01 4.3647e-01 4.3915e-01 -7.1914e-02 -7.1914e-02 -7.4676e-02 1.0000e+00 9.8428e-01 9.3507e-01 3.0228e-01 2.7721e-01
-1.4911e-01 -1.5530e-01 -1.5688e-01 -9.6942e-02 -9.6942e-02 1.5530e-01 -9.6942e-02 -9.6942e-02 1.1931e-01 -1.1414e-01 1.8466e-01 -1.1851e-01 -1.1414e-01 2.1560e-01 -9.1709e-02 2.3368e-01 2.1778e-01 2.1560e-01 2.1560e-01 2.2919e-01 2.1118e-01 2.1118e-01 2.1118e-01 -6.3813e-02 2.6094e-01 1.1656e-01 -6.9887e-02 2.7599e-01 2.6094e-01 2.6094e-01 2.8048e-01 2.6094e-01 1.0797e-01 4.0749e-01 2.9583e-01 3.2834e-01 3.2834e-01 -1.8081e-01 3.2323e-01 3.0914e-01 -1.1398e-01 4.2468e-01 4.2724e-01 4.2967e-01 -5.3737e-02 -5.3737e-02 -5.6677e-02 9.8428e-01 1.0000e+00 9.4437e-01 2.9379e-01 2.8343e-01
-1.5761e-01 -1.6406e-01 -1.6561e-01 -9.5897e-02 -9.5897e-02 1.6406e-01 -9.5897e-02 -9.5897e-02 1.2536e-01 -1.1046e-01 1.9434e-01 -1.2036e-01 -1.1665e-01 2.3204e-01 -9.9626e-02 2.5023e-01 2.3423e-01 2.3204e-01 2.3204e-01 2.4653e-01 2.2844e-01 2.2844e-01 2.2844e-01 -7.9567e-02 2.7111e-01 1.2718e-01 -8.8057e-02 2.8606e-01 2.7111e-01 2.7111e-01 2.9052e-01 2.7111e-01 1.2209e-01 4.2496e-01 2.9880e-01 3.3902e-01 3.3902e-01 -1.9447e-01 3.3450e-01 3.2049e-01 -1.2280e-01 4.3150e-01 4.3403e-01 4.2955e-01 -4.2396e-02 -4.2396e-02 -4.5285e-02 9.3507e-01 9.4437e-01 1.0000e+00 3.1552e-01 2.9766e-01
-9.7739e-02 -1.0349e-01 -1.0504e-01 -8.6299e-02 -8.6299e-02 1.0349e-01 -8.6299e-02 -8.6299e-02 8.8041e-03 -6.6700e-02 1.1648e-01 -6.1857e-02 -7.8009e-02 2.1273e-01 -8.5484e-02 2.0593e-01 2.1502e-01 2.2107e-01 2.2107e-01 2.1510e-01 1.9645e-01 1.9645e-01 1.9645e-01 -1.4795e-01 2.5099e-01 2.0009e-01 -1.6952e-01 2.4273e-01 2.5099e-01 2.5099e-01 2.3920e-01 2.5099e-01 1.9967e-01 3.8402e-01 2.2913e-01 2.4368e-01 2.4368e-01 -1.3226e-01 2.4723e-01 2.4185e-01 -1.7237e-01 2.4246e-01 2.4456e-01 2.5761e-01 -8.6965e-02 -8.6965e-02 -8.9993e-02 3.0228e-01 2.9379e-01 3.1552e-01 1.0000e+00 8.6368e-01
-6.8259e-02 -7.3971e-02 -7.5465e-02 -3.7797e-02 -3.7797e-02 7.3971e-02 -3.7797e-02 -3.7797e-02 -2.3885e-02 -2.0506e-02 8.6822e-02 -1.6638e-02 -2.6086e-02 1.8798e-01 -3.9187e-02 1.8945e-01 1.9021e-01 1.9621e-01 1.9621e-01 1.8272e-01 1.6479e-01 1.6479e-01 1.6479e-01 -1.0949e-01 2.3399e-01 1.7576e-01 -1.3342e-01 2.3372e-01 2.3399e-01 2.3399e-01 2.3029e-01 2.3399e-01 1.6109e-01 3.7594e-01 2.2003e-01 2.3495e-01 2.3495e-01 -9.5783e-02 2.3821e-01 2.2497e-01 -1.1521e-01 2.2556e-01 2.2764e-01 2.1844e-01 -6.5111e-02 -6.5111e-02 -6.8367e-02 2.7721e-01 2.8343e-01 2.9766e-01 8.6368e-01 1.0000e+00
