1.0000e+00 -2.4236e-01 -4.5733e-02 4.0472e-02 3.6206e-02 -3.4185e-02 5.7551e-02 3.9154e-02 3.9154e-02 3.7188e-02 2.8218e-02 9.6527e-03 2.3158e-02 8.6443e-03 1.9177e-02 -3.7966e-02
-2.4236e-01 1.0000e+00 2.7818e-01 9.1975e-03 -6.4117e-02 -4.8819e-02 -5.3925e-02 -3.8990e-02 -3.8990e-02 -3.6850e-02 -2.0312e-02 -7.6293e-02 3.3583e-02 4.4846e-02 -4.0767e-02 -3.3216e-02
-4.5733e-02 2.7818e-01 1.0000e+00 3.7133e-02 -5.6389e-02 -1.3580e-02 -2.3431e-02 -4.1800e-02 -4.1800e-02 -4.2753e-02 -3.7138e-02 -4.6286e-03 -2.5379e-02 -9.6673e-03 1.0887e-02 -2.8557e-02
4.0472e-02 9.1975e-03 3.7133e-02 1.0000e+00 -5.7439e-02 -1.8267e-02 -1.5568e-02 -3.8672e-02 -3.8672e-02 -3.9901e-02 -1.5638e-02 1.7282e-03 -1.6540e-02 3.5069e-02 -3.6867e-02 -3.8412e-02
3.6206e-02 -6.4117e-02 -5.6389e-02 -5.7439e-02 1.0000e+00 3.9186e-02 3.2665e-01 8.9552e-01 8.9552e-01 8.8888e-01 7.9362e-01 -6.5421e-02 5.0575e-02 1.3967e-02 -1.7682e-03 -1.0915e-02
-3.4185e-02 -4.8819e-02 -1.3580e-02 -1.8267e-02 3.9186e-02 1.0000e+00 1.1997e-01 4.2646e-02 4.2646e-02 4.2408e-02 -1.2661e-01 -2.1826e-02 2.7080e-02 -1.6762e-02 2.4169e-01 -1.2617e-02
5.7551e-02 -5.3925e-02 -2.3431e-02 -1.5568e-02 3.2665e-01 1.1997e-01 1.0000e+00 3.5548e-01 3.5548e-01 3.5350e-01 1.9904e-01 1.8606e-02 3.6247e-02 5.0224e-02 4.2002e-02 4.8103e-03
3.9154e-02 -3.8990e-02 -4.1800e-02 -3.8672e-02 8.9552e-01 4.2646e-02 3.5548e-01 1.0000e+00 1.0000e+00 9.9443e-01 8.8930e-01 -1.8735e-01 3.6827e-02 2.8081e-02 -6.4368e-03 7.0750e-04
3.9154e-02 -3.8990e-02 -4.1800e-02 -3.8672e-02 8.9552e-01 4.2646e-02 3.5548e-01 1.0000e+00 1.0000e+00 9.9443e-01 8.8930e-01 -1.8735e-01 3.6827e-02 2.8081e-02 -6.4368e-03 7.0750e-04
3.7188e-02 -3.6850e-02 -4.2753e-02 -3.9901e-02 8.8888e-01 4.2408e-02 3.5350e-01 9.9443e-01 9.9443e-01 1.0000e+00 8.8956e-01 -1.8020e-01 3.8587e-02 2.7144e-02 -7.1940e-03 -5.9135e-05
2.8218e-02 -2.0312e-02 -3.7138e-02 -1.5638e-02 7.9362e-01 -1.2661e-01 1.9904e-01 8.8930e-01 8.8930e-01 8.8956e-01 1.0000e+00 -1.5264e-01 -2.4661e-02 2.4374e-02 -9.4570e-02 -2.6998e-02
9.6527e-03 -7.6293e-02 -4.6286e-03 1.7282e-03 -6.5421e-02 -2.1826e-02 1.8606e-02 -1.8735e-01 -1.8735e-01 -1.8020e-01 -1.5264e-01 1.0000e+00 9.7678e-03 1.2708e-02 -4.4051e-02 2.0992e-03
2.3158e-02 3.3583e-02 -2.5379e-02 -1.6540e-02 5.0575e-02 2.7080e-02 3.6247e-02 3.6827e-02 3.6827e-02 3.8587e-02 -2.4661e-02 9.7678e-03 1.0000e+00 2.2338e-01 1.9266e-01 -8.9059e-02
8.6443e-03 4.4846e-02 -9.6673e-03 3.5069e-02 1.3967e-02 -1.6762e-02 5.0224e-02 2.8081e-02 2.8081e-02 2.7144e-02 2.4374e-02 1.2708e-02 2.2338e-01 1.0000e+00 -3.3829e-02 -3.5247e-02
1.9177e-02 -4.0767e-02 1.0887e-02 -3.6867e-02 -1.7682e-03 2.4169e-01 4.2002e-02 -6.4368e-03 -6.4368e-03 -7.1940e-03 -9.4570e-02 -4.4051e-02 1.9266e-01 -3.3829e-02 1.0000e+00 -2.5464e-02
-3.7966e-02 -3.3216e-02 -2.8557e-02 -3.8412e-02 -1.0915e-02 -1.2617e-02 4.8103e-03 7.0750e-04 7.0750e-04 -5.9135e-05 -2.6998e-02 2.0992e-03 -8.9059e-02 -3.5247e-02 -2.5464e-02 1.0000e+00
