1.0000e+00 6.4605e-01 -5.5886e-02 8.8872e-02 1.7277e-02 -5.4097e-03 5.0736e-02 1.4717e-02 1.4717e-02 7.1514e-02 -4.9738e-02 -4.9738e-02 -1.4081e-02 -1.1211e-02 2.1630e-02
6.4605e-01 1.0000e+00 -8.0825e-02 8.0477e-02 -2.2360e-03 -3.3686e-02 -5.5282e-02 8.1542e-02 8.1542e-02 9.9889e-02 -8.6533e-02 -8.6533e-02 -9.1566e-02 9.6523e-03 8.3554e-03
-5.5886e-02 -8.0825e-02 1.0000e+00 -2.9258e-01 -1.5544e-01 3.7975e-02 -6.2538e-02 -2.7482e-02 -2.7482e-02 -5.8845e-02 4.6237e-02 4.6237e-02 2.7560e-02 1.2165e-01 9.4438e-02
8.8872e-02 8.0477e-02 -2.9258e-01 1.0000e+00 3.3130e-01 1.2938e-01 7.9484e-03 7.1151e-02 7.1151e-02 2.2597e-01 -2.6056e-02 -2.6056e-02 8.9117e-02 -9.7889e-03 -2.7815e-02
1.7277e-02 -2.2360e-03 -1.5544e-01 3.3130e-01 1.0000e+00 5.6633e-01 -6.7630e-02 4.9720e-02 4.9720e-02 5.6896e-02 -9.0419e-02 -9.0419e-02 -1.6112e-02 -1.2158e-01 -7.3058e-02
-5.4097e-03 -3.3686e-02 3.7975e-02 1.2938e-01 5.6633e-01 1.0000e+00 -7.2313e-02 2.9345e-01 2.9345e-01 8.0130e-02 6.5670e-02 6.5670e-02 -2.6823e-03 1.3287e-01 -1.0404e-01
5.0736e-02 -5.5282e-02 -6.2538e-02 7.9484e-03 -6.7630e-02 -7.2313e-02 1.0000e+00 2.5545e-03 2.5545e-03 -2.7545e-02 3.8518e-02 3.8518e-02 8.1925e-02 2.4139e-02 1.1526e-03
1.4717e-02 8.1542e-02 -2.7482e-02 7.1151e-02 4.9720e-02 2.9345e-01 2.5545e-03 1.0000e+00 1.0000e+00 1.2492e-01 9.3310e-02 9.3310e-02 -1.9578e-01 2.9285e-01 -1.7281e-01
1.4717e-02 8.1542e-02 -2.7482e-02 7.1151e-02 4.9720e-02 2.9345e-01 2.5545e-03 1.0000e+00 1.0000e+00 1.2492e-01 9.3310e-02 9.3310e-02 -1.9578e-01 2.9285e-01 -1.7281e-01
7.1514e-02 9.9889e-02 -5.8845e-02 2.2597e-01 5.6896e-02 8.0130e-02 -2.7545e-02 1.2492e-01 1.2492e-01 1.0000e+00 -2.5610e-01 -2.5610e-01 -2.0574e-02 7.3658e-02 -8.8535e-02
-4.9738e-02 -8.6533e-02 4.6237e-02 -2.6056e-02 -9.0419e-02 6.5670e-02 3.8518e-02 9.3310e-02 9.3310e-02 -2.5610e-01 1.0000e+00 1.0000e+00 4.5862e-01 6.2670e-01 1.3137e-01
-4.9738e-02 -8.6533e-02 4.6237e-02 -2.6056e-02 -9.0419e-02 6.5670e-02 3.8518e-02 9.3310e-02 9.3310e-02 -2.5610e-01 1.0000e+00 1.0000e+00 4.5862e-01 6.2670e-01 1.3137e-01
-1.4081e-02 -9.1566e-02 2.7560e-02 8.9117e-02 -1.6112e-02 -2.6823e-03 8.1925e-02 -1.9578e-01 -1.9578e-01 -2.0574e-02 4.5862e-01 4.5862e-01 1.0000e+00 2.9465e-01 -6.1314e-03
-1.1211e-02 9.6523e-03 1.2165e-01 -9.7889e-03 -1.2158e-01 1.3287e-01 2.4139e-02 2.9285e-01 2.9285e-01 7.3658e-02 6.2670e-01 6.2670e-01 2.9465e-01 1.0000e+00 8.8109e-02
2.1630e-02 8.3554e-03 9.4438e-02 -2.7815e-02 -7.3058e-02 -1.0404e-01 1.1526e-03 -1.7281e-01 -1.7281e-01 -8.8535e-02 1.3137e-01 1.3137e-01 -6.1314e-03 8.8109e-02 1.0000e+00
