1.0000e+00 -1.9853e-02 -2.5990e-02 9.2684e-03 -2.5195e-02 1.1676e-02 1.1676e-02 1.1193e-02 -4.2860e-02 -4.2406e-02 -4.2406e-02 -4.2860e-02 -1.8356e-02 6.5041e-02 6.4182e-02 -3.0027e-02 -1.0352e-02 -1.1908e-03 -7.6269e-03 -8.6324e-03 -8.1002e-03 3.5698e-02 5.0358e-02 5.0358e-02 1.3952e-02 5.0358e-02 1.4488e-02 5.0358e-02 3.6370e-03 -8.6324e-03 5.0358e-02 5.0358e-02 5.0358e-02 5.0358e-02 5.0358e-02 5.0358e-02 5.0358e-02 6.3071e-05 6.3071e-05 5.0358e-02 5.0358e-02 4.0178e-02 4.0178e-02 -7.9758e-03 -8.6324e-03 -8.6324e-03 -8.6324e-03 -8.6324e-03 -8.6324e-03 -8.6324e-03 -7.9758e-03 -7.9758e-03 5.0358e-02 1.0441e-02 8.9567e-03 -1.1103e-03 3.9368e-02 6.8405e-03 3.9368e-02 -1.5708e-03 3.9368e-02 3.9368e-02 8.9567e-03 3.9368e-02 -2.5391e-02 -1.3932e-02 2.9113e-03 -1.1150e-02 -1.3932e-02 -1.3932e-02 -8.9609e-03 -7.2895e-03 2.2163e-02 2.2163e-02 3.4146e-02 2.4620e-02 3.6478e-02 3.2492e-02 3.8027e-02 1.8500e-02 2.6499e-02
-1.9853e-02 1.0000e+00 9.1341e-01 2.6493e-01 9.0910e-01 2.6203e-01 2.6203e-01 2.6261e-01 -4.6073e-01 -4.6179e-01 -4.6179e-01 -4.6073e-01 -2.8631e-01 -7.0485e-01 -7.0172e-01 3.5794e-01 3.0773e-01 1.6853e-01 1.0437e-01 -9.9417e-02 1.0513e-01 -2.7677e-01 -4.7559e-01 -4.7559e-01 -3.5353e-01 -4.7559e-01 -3.5474e-01 -4.7559e-01 1.5195e-01 -9.9417e-02 -4.7559e-01 -4.7559e-01 -4.7559e-01 -4.7559e-01 -4.7559e-01 -4.7559e-01 -4.7559e-01 1.8657e-01 1.8657e-01 -4.7559e-01 -4.7559e-01 -7.0961e-02 -7.0961e-02 -1.0079e-01 -9.9417e-02 -9.9417e-02 -9.9417e-02 -9.9417e-02 -9.9417e-02 -9.9417e-02 -1.0079e-01 -1.0079e-01 -4.7559e-01 2.7390e-01 -3.5208e-02 2.2909e-01 -3.8309e-03 -5.6669e-02 -3.8309e-03 2.2982e-01 -3.8309e-03 -3.8309e-03 -3.5208e-02 -3.8309e-03 -1.6587e-01 -2.8619e-01 2.3720e-01 -2.8443e-01 -2.8619e-01 -2.8619e-01 2.4168e-01 1.1109e-02 9.8178e-02 9.8178e-02 -2.0135e-02 3.8985e-03 -1.0160e-01 -5.8153e-02 -2.4355e-02 -1.1410e-02 2.1675e-02
-2.5990e-02 9.1341e-01 1.0000e+00 2.8505e-01 9.8597e-01 2.8203e-01 2.8203e-01 2.8263e-01 -5.1181e-01 -5.1295e-01 -5.1295e-01 -5.1181e-01 -3.0332e-01 -7.1094e-01 -7.0774e-01 3.6435e-01 3.1801e-01 1.7904e-01 8.2050e-02 -1.4749e-01 8.2838e-02 -2.6705e-01 -4.6927e-01 -4.6927e-01 -3.8419e-01 -4.6927e-01 -3.8548e-01 -4.6927e-01 1.3189e-01 -1.4749e-01 -4.6927e-01 -4.6927e-01 -4.6927e-01 -4.6927e-01 -4.6927e-01 -4.6927e-01 -4.6927e-01 1.9743e-01 1.9743e-01 -4.6927e-01 -4.6927e-01 -5.2912e-02 -5.2912e-02 -1.4907e-01 -1.4749e-01 -1.4749e-01 -1.4749e-01 -1.4749e-01 -1.4749e-01 -1.4749e-01 -1.4907e-01 -1.4907e-01 -4.6927e-01 2.9541e-01 -1.3101e-01 2.4710e-01 2.3614e-02 -1.4840e-01 2.3614e-02 2.4787e-01 2.3614e-02 2.3614e-02 -1.3101e-01 2.3614e-02 -2.4085e-01 -3.5052e-01 2.5562e-01 -3.2321e-01 -3.5052e-01 -3.5052e-01 2.6034e-01 1.1664e-02 6.0992e-02 6.0992e-02 -7.9053e-03 1.1669e-02 -1.1785e-01 -5.3123e-02 -2.3094e-02 -1.3938e-02 1.9173e-02
9.2684e-03 2.6493e-01 2.8505e-01 1.0000e+00 2.8639e-01 9.8940e-01 9.8940e-01 9.9151e-01 -2.7545e-01 -2.8269e-01 -2.8269e-01 -2.7978e-01 -4.5539e-01 -1.4187e-01 -1.3772e-01 3.6446e-01 2.6090e-01 3.6054e-01 2.2433e-01 -2.0666e-01 2.2286e-01 -2.3240e-01 -9.2103e-02 -9.2103e-02 -2.8460e-01 -9.2103e-02 -2.8785e-01 -9.2103e-02 1.6469e-01 -2.0666e-01 -9.2103e-02 -9.2103e-02 -9.2103e-02 -9.2103e-02 -9.2103e-02 -9.2103e-02 -9.2103e-02 3.7104e-01 3.7104e-01 -9.2103e-02 -9.2103e-02 2.5385e-01 2.5385e-01 -2.1118e-01 -2.0666e-01 -2.0666e-01 -2.0666e-01 -2.0666e-01 -2.0666e-01 -2.0666e-01 -2.1118e-01 -2.1118e-01 -9.2103e-02 1.8921e-01 6.9299e-03 2.7014e-01 1.3531e-01 5.8802e-04 1.3531e-01 2.7276e-01 1.3531e-01 1.3531e-01 6.9299e-03 1.3531e-01 -4.6831e-02 -9.8981e-02 2.5779e-01 -9.1169e-02 -9.8981e-02 -9.8981e-02 2.4471e-01 -2.4317e-02 3.4810e-01 3.4810e-01 -1.9537e-01 -1.6316e-01 -8.7795e-02 -4.9081e-02 -6.4705e-02 -8.9009e-02 -7.8498e-02
-2.5195e-02 9.0910e-01 9.8597e-01 2.8639e-01 1.0000e+00 2.8335e-01 2.8335e-01 2.8396e-01 -5.1422e-01 -5.1535e-01 -5.1535e-01 -5.1422e-01 -3.1173e-01 -7.2485e-01 -7.2160e-01 3.7314e-01 3.2639e-01 1.8739e-01 9.1750e-02 -1.4579e-01 9.2546e-02 -2.8002e-01 -4.8755e-01 -4.8755e-01 -3.9475e-01 -4.8755e-01 -3.9606e-01 -4.8755e-01 1.4237e-01 -1.4579e-01 -4.8755e-01 -4.8755e-01 -4.8755e-01 -4.8755e-01 -4.8755e-01 -4.8755e-01 -4.8755e-01 2.0581e-01 2.0581e-01 -4.8755e-01 -4.8755e-01 -5.4998e-02 -5.4998e-02 -1.4737e-01 -1.4579e-01 -1.4579e-01 -1.4579e-01 -1.4579e-01 -1.4579e-01 -1.4579e-01 -1.4737e-01 -1.4737e-01 -4.8755e-01 3.0437e-01 -1.3017e-01 2.5558e-01 2.1569e-02 -1.4749e-01 2.1569e-02 2.5635e-01 2.1569e-02 2.1569e-02 -1.3017e-01 2.1569e-02 -2.3967e-01 -3.4856e-01 2.6415e-01 -3.2137e-01 -3.4856e-01 -3.4856e-01 2.6889e-01 1.1718e-02 7.0142e-02 7.0142e-02 -9.9857e-03 9.7134e-03 -1.2208e-01 -4.4320e-02 -1.3840e-02 -1.1635e-02 9.7860e-03
1.1676e-02 2.6203e-01 2.8203e-01 9.8940e-01 2.8335e-01 1.0000e+00 1.0000e+00 9.9787e-01 -2.7311e-01 -2.8039e-01 -2.8039e-01 -2.7745e-01 -4.5974e-01 -1.3813e-01 -1.3395e-01 3.6150e-01 2.5648e-01 3.5892e-01 2.2504e-01 -2.0324e-01 2.2359e-01 -2.3321e-01 -8.9049e-02 -8.9049e-02 -2.7916e-01 -8.9049e-02 -2.8244e-01 -8.9049e-02 1.5805e-01 -2.0324e-01 -8.9049e-02 -8.9049e-02 -8.9049e-02 -8.9049e-02 -8.9049e-02 -8.9049e-02 -8.9049e-02 3.6568e-01 3.6568e-01 -8.9049e-02 -8.9049e-02 2.4686e-01 2.4686e-01 -2.0779e-01 -2.0324e-01 -2.0324e-01 -2.0324e-01 -2.0324e-01 -2.0324e-01 -2.0324e-01 -2.0779e-01 -2.0779e-01 -8.9049e-02 1.8142e-01 8.2172e-03 2.6535e-01 1.2905e-01 1.9000e-03 1.2905e-01 2.6800e-01 1.2905e-01 1.2905e-01 8.2172e-03 1.2905e-01 -4.5828e-02 -9.6825e-02 2.4905e-01 -8.9064e-02 -9.6825e-02 -9.6825e-02 2.3604e-01 -2.4060e-02 3.4850e-01 3.4850e-01 -1.9864e-01 -1.7009e-01 -9.4780e-02 -4.6074e-02 -7.0946e-02 -9.8872e-02 -8.5484e-02
1.1676e-02 2.6203e-01 2.8203e-01 9.8940e-01 2.8335e-01 1.0000e+00 1.0000e+00 9.9787e-01 -2.7311e-01 -2.8039e-01 -2.8039e-01 -2.7745e-01 -4.5974e-01 -1.3813e-01 -1.3395e-01 3.6150e-01 2.5648e-01 3.5892e-01 2.2504e-01 -2.0324e-01 2.2359e-01 -2.3321e-01 -8.9049e-02 -8.9049e-02 -2.7916e-01 -8.9049e-02 -2.8244e-01 -8.9049e-02 1.5805e-01 -2.0324e-01 -8.9049e-02 -8.9049e-02 -8.9049e-02 -8.9049e-02 -8.9049e-02 -8.9049e-02 -8.9049e-02 3.6568e-01 3.6568e-01 -8.9049e-02 -8.9049e-02 2.4686e-01 2.4686e-01 -2.0779e-01 -2.0324e-01 -2.0324e-01 -2.0324e-01 -2.0324e-01 -2.0324e-01 -2.0324e-01 -2.0779e-01 -2.0779e-01 -8.9049e-02 1.8142e-01 8.2172e-03 2.6535e-01 1.2905e-01 1.9000e-03 1.2905e-01 2.6800e-01 1.2905e-01 1.2905e-01 8.2172e-03 1.2905e-01 -4.5828e-02 -9.6825e-02 2.4905e-01 -8.9064e-02 -9.6825e-02 -9.6825e-02 2.3604e-01 -2.4060e-02 3.4850e-01 3.4850e-01 -1.9864e-01 -1.7009e-01 -9.4780e-02 -4.6074e-02 -7.0946e-02 -9.8872e-02 -8.5484e-02
1.1193e-02 2.6261e-01 2.8263e-01 9.9151e-01 2.8396e-01 9.9787e-01 9.9787e-01 1.0000e+00 -2.7444e-01 -2.8172e-01 -2.8172e-01 -2.7878e-01 -4.5721e-01 -1.3888e-01 -1.3471e-01 3.6293e-01 2.5819e-01 3.6089e-01 2.2658e-01 -2.0393e-01 2.2513e-01 -2.3408e-01 -8.9661e-02 -8.9661e-02 -2.8025e-01 -8.9661e-02 -2.8352e-01 -8.9661e-02 1.5938e-01 -2.0393e-01 -8.9661e-02 -8.9661e-02 -8.9661e-02 -8.9661e-02 -8.9661e-02 -8.9661e-02 -8.9661e-02 3.6758e-01 3.6758e-01 -8.9661e-02 -8.9661e-02 2.4826e-01 2.4826e-01 -2.0847e-01 -2.0393e-01 -2.0393e-01 -2.0393e-01 -2.0393e-01 -2.0393e-01 -2.0393e-01 -2.0847e-01 -2.0847e-01 -8.9661e-02 1.8298e-01 7.9591e-03 2.6714e-01 1.3030e-01 1.6370e-03 1.3030e-01 2.6978e-01 1.3030e-01 1.3030e-01 7.9591e-03 1.3030e-01 -4.6029e-02 -9.7256e-02 2.5080e-01 -8.9486e-02 -9.7256e-02 -9.7256e-02 2.3777e-01 -2.4111e-02 3.4734e-01 3.4734e-01 -2.0151e-01 -1.6870e-01 -9.6076e-02 -4.7543e-02 -6.8871e-02 -9.6033e-02 -8.3257e-02
-4.2860e-02 -4.6073e-01 -5.1181e-01 -2.7545e-01 -5.1422e-01 -2.7311e-01 -2.7311e-01 -2.7444e-01 1.0000e+00 9.9338e-01 9.9338e-01 9.9559e-01 5.0626e-01 3.1149e-01 3.0848e-01 -4.4065e-02 -2.0773e-01 -2.1491e-01 -2.3772e-01 -2.4425e-02 -2.3929e-01 2.4435e-01 1.8537e-01 1.8537e-01 1.4548e-01 1.8537e-01 1.4728e-01 1.8537e-01 -1.9389e-01 -2.4425e-02 1.8537e-01 1.8537e-01 1.8537e-01 1.8537e-01 1.8537e-01 1.8537e-01 1.8537e-01 -2.1393e-01 -2.1393e-01 1.8537e-01 1.8537e-01 -6.3520e-02 -6.3520e-02 -2.2364e-02 -2.4425e-02 -2.4425e-02 -2.4425e-02 -2.4425e-02 -2.4425e-02 -2.4425e-02 -2.2364e-02 -2.2364e-02 1.8537e-01 -2.0930e-01 4.9345e-02 -2.3700e-01 -9.1224e-02 5.8800e-02 -9.1224e-02 -2.3847e-01 -9.1224e-02 -9.1224e-02 4.9345e-02 -9.1224e-02 1.3280e-01 1.4833e-01 -2.1121e-01 1.3348e-01 1.4833e-01 1.4833e-01 -1.8223e-01 -2.2789e-02 -1.5696e-01 -1.5696e-01 -8.9842e-04 -6.1629e-02 1.4817e-01 -1.3220e-02 1.4418e-02 -9.1417e-03 1.7208e-02
-4.2406e-02 -4.6179e-01 -5.1295e-01 -2.8269e-01 -5.1535e-01 -2.8039e-01 -2.8039e-01 -2.8172e-01 9.9338e-01 1.0000e+00 1.0000e+00 9.9780e-01 5.0851e-01 3.1255e-01 3.0954e-01 -4.1462e-02 -2.0555e-01 -2.1308e-01 -2.3958e-01 -2.9858e-02 -2.4115e-01 2.4555e-01 1.8617e-01 1.8617e-01 1.4211e-01 1.8617e-01 1.4390e-01 1.8617e-01 -1.9547e-01 -2.9858e-02 1.8617e-01 1.8617e-01 1.8617e-01 1.8617e-01 1.8617e-01 1.8617e-01 1.8617e-01 -2.1203e-01 -2.1203e-01 1.8617e-01 1.8617e-01 -6.0757e-02 -6.0757e-02 -2.7819e-02 -2.9858e-02 -2.9858e-02 -2.9858e-02 -2.9858e-02 -2.9858e-02 -2.9858e-02 -2.7819e-02 -2.7819e-02 1.8617e-01 -2.1114e-01 4.9637e-02 -2.3913e-01 -9.2637e-02 5.9107e-02 -9.2637e-02 -2.4060e-01 -9.2637e-02 -9.2637e-02 4.9637e-02 -9.2637e-02 1.3312e-01 1.4892e-01 -2.1328e-01 1.3405e-01 1.4892e-01 1.4892e-01 -1.8005e-01 -2.2739e-02 -1.5609e-01 -1.5609e-01 -2.3500e-03 -6.2990e-02 1.4507e-01 -1.6117e-02 1.6549e-02 -7.5973e-03 1.9202e-02
-4.2406e-02 -4.6179e-01 -5.1295e-01 -2.8269e-01 -5.1535e-01 -2.8039e-01 -2.8039e-01 -2.8172e-01 9.9338e-01 1.0000e+00 1.0000e+00 9.9780e-01 5.0851e-01 3.1255e-01 3.0954e-01 -4.1462e-02 -2.0555e-01 -2.1308e-01 -2.3958e-01 -2.9858e-02 -2.4115e-01 2.4555e-01 1.8617e-01 1.8617e-01 1.4211e-01 1.8617e-01 1.4390e-01 1.8617e-01 -1.9547e-01 -2.9858e-02 1.8617e-01 1.8617e-01 1.8617e-01 1.8617e-01 1.8617e-01 1.8617e-01 1.8617e-01 -2.1203e-01 -2.1203e-01 1.8617e-01 1.8617e-01 -6.0757e-02 -6.0757e-02 -2.7819e-02 -2.9858e-02 -2.9858e-02 -2.9858e-02 -2.9858e-02 -2.9858e-02 -2.9858e-02 -2.7819e-02 -2.7819e-02 1.8617e-01 -2.1114e-01 4.9637e-02 -2.3913e-01 -9.2637e-02 5.9107e-02 -9.2637e-02 -2.4060e-01 -9.2637e-02 -9.2637e-02 4.9637e-02 -9.2637e-02 1.3312e-01 1.4892e-01 -2.1328e-01 1.3405e-01 1.4892e-01 1.4892e-01 -1.8005e-01 -2.2739e-02 -1.5609e-01 -1.5609e-01 -2.3500e-03 -6.2990e-02 1.4507e-01 -1.6117e-02 1.6549e-02 -7.5973e-03 1.9202e-02
-4.2860e-02 -4.6073e-01 -5.1181e-01 -2.7978e-01 -5.1422e-01 -2.7745e-01 -2.7745e-01 -2.7878e-01 9.9559e-01 9.9780e-01 9.9780e-01 1.0000e+00 5.1047e-01 3.1149e-01 3.0848e-01 -4.4065e-02 -2.0773e-01 -2.1491e-01 -2.3772e-01 -2.4425e-02 -2.3929e-01 2.4435e-01 1.8537e-01 1.8537e-01 1.4548e-01 1.8537e-01 1.4728e-01 1.8537e-01 -1.9389e-01 -2.4425e-02 1.8537e-01 1.8537e-01 1.8537e-01 1.8537e-01 1.8537e-01 1.8537e-01 1.8537e-01 -2.1393e-01 -2.1393e-01 1.8537e-01 1.8537e-01 -6.3520e-02 -6.3520e-02 -2.2364e-02 -2.4425e-02 -2.4425e-02 -2.4425e-02 -2.4425e-02 -2.4425e-02 -2.4425e-02 -2.2364e-02 -2.2364e-02 1.8537e-01 -2.0930e-01 4.9345e-02 -2.3700e-01 -9.1224e-02 5.8800e-02 -9.1224e-02 -2.3847e-01 -9.1224e-02 -9.1224e-02 4.9345e-02 -9.1224e-02 1.3280e-01 1.4833e-01 -2.1121e-01 1.3348e-01 1.4833e-01 1.4833e-01 -1.8223e-01 -2.2789e-02 -1.5696e-01 -1.5696e-01 -8.9842e-04 -6.1629e-02 1.4360e-01 -1.3220e-02 1.8606e-02 -4.7624e-03 2.1403e-02
-1.8356e-02 -2.8631e-01 -3.0332e-01 -4.5539e-01 -3.1173e-01 -4.5974e-01 -4.5974e-01 -4.5721e-01 5.0626e-01 5.0851e-01 5.0851e-01 5.1047e-01 1.0000e+00 2.7942e-01 2.7598e-01 1.4351e-01 1.0173e-02 -1.5129e-01 -1.9358e-01 -6.0064e-02 -1.9142e-01 4.0425e-01 1.9615e-01 1.9615e-01 1.9228e-01 1.9615e-01 1.9454e-01 1.9615e-01 -9.0843e-02 -6.0064e-02 1.9615e-01 1.9615e-01 1.9615e-01 1.9615e-01 1.9615e-01 1.9615e-01 1.9615e-01 -1.4980e-01 -1.4980e-01 1.9615e-01 1.9615e-01 6.8612e-02 6.8612e-02 -5.7572e-02 -6.0064e-02 -6.0064e-02 -6.0064e-02 -6.0064e-02 -6.0064e-02 -6.0064e-02 -5.7572e-02 -5.7572e-02 1.9615e-01 -6.8811e-02 2.0283e-02 -1.8992e-01 6.2006e-02 2.8410e-02 6.2006e-02 -1.9175e-01 6.2006e-02 6.2006e-02 2.0283e-02 6.2006e-02 1.2115e-01 4.5437e-02 -1.7004e-01 3.1576e-02 4.5437e-02 4.5437e-02 -1.4898e-01 3.4782e-02 -2.2010e-01 -2.2010e-01 6.8808e-02 2.9340e-02 4.2317e-02 1.0092e-02 2.9136e-02 2.2308e-02 6.2566e-02
6.5041e-02 -7.0485e-01 -7.1094e-01 -1.4187e-01 -7.2485e-01 -1.3813e-01 -1.3813e-01 -1.3888e-01 3.1149e-01 3.1255e-01 3.1255e-01 3.1149e-01 2.7942e-01 1.0000e+00 9.9585e-01 -4.8548e-01 -4.2680e-01 -2.8138e-01 -2.6514e-01 3.3378e-02 -2.6607e-01 4.7407e-01 7.6222e-01 7.6222e-01 4.8703e-01 7.6222e-01 4.8851e-01 7.6222e-01 -3.2929e-01 3.3378e-02 7.6222e-01 7.6222e-01 7.6222e-01 7.6222e-01 7.6222e-01 7.6222e-01 7.6222e-01 -2.9456e-01 -2.9456e-01 7.6222e-01 7.6222e-01 1.1863e-01 1.1863e-01 3.4674e-02 3.3378e-02 3.3378e-02 3.3378e-02 3.3378e-02 3.3378e-02 3.3378e-02 3.4674e-02 3.4674e-02 7.6222e-01 -3.8394e-01 -1.7247e-03 -3.2860e-01 6.8087e-02 1.8173e-02 6.8087e-02 -3.2944e-01 6.8087e-02 6.8087e-02 -1.7247e-03 6.8087e-02 2.4788e-01 1.8925e-01 -3.3793e-01 1.8678e-01 1.8925e-01 1.8925e-01 -3.3731e-01 -1.2630e-02 -1.3431e-01 -1.3431e-01 1.2952e-01 1.0471e-01 1.0227e-01 7.9111e-02 3.8436e-02 4.1032e-02 -1.5182e-02
6.4182e-02 -7.0172e-01 -7.0774e-01 -1.3772e-01 -7.2160e-01 -1.3395e-01 -1.3395e-01 -1.3471e-01 3.0848e-01 3.0954e-01 3.0954e-01 3.0848e-01 2.7598e-01 9.9585e-01 1.0000e+00 -4.8763e-01 -4.2870e-01 -2.8325e-01 -2.6789e-01 3.2167e-02 -2.6883e-01 4.7851e-01 7.6887e-01 7.6887e-01 4.9032e-01 7.6887e-01 4.9181e-01 7.6887e-01 -3.3247e-01 3.2167e-02 7.6887e-01 7.6887e-01 7.6887e-01 7.6887e-01 7.6887e-01 7.6887e-01 7.6887e-01 -2.9649e-01 -2.9649e-01 7.6887e-01 7.6887e-01 1.2042e-01 1.2042e-01 3.3463e-02 3.2167e-02 3.2167e-02 3.2167e-02 3.2167e-02 3.2167e-02 3.2167e-02 3.3463e-02 3.3463e-02 7.6887e-01 -3.8635e-01 -2.0729e-03 -3.3068e-01 6.9733e-02 1.7753e-02 6.9733e-02 -3.3152e-01 6.9733e-02 6.9733e-02 -2.0729e-03 6.9733e-02 2.4682e-01 1.8800e-01 -3.4004e-01 1.8556e-01 1.8800e-01 1.8800e-01 -3.3947e-01 -1.2683e-02 -1.3524e-01 -1.3524e-01 1.3112e-01 1.0620e-01 1.0008e-01 8.2832e-02 4.1158e-02 4.4789e-02 -1.2100e-02
-3.0027e-02 3.5794e-01 3.6435e-01 3.6446e-01 3.7314e-01 3.6150e-01 3.6150e-01 3.6293e-01 -4.4065e-02 -4.1462e-02 -4.1462e-02 -4.4065e-02 1.4351e-01 -4.8548e-01 -4.8763e-01 1.0000e+00 8.7447e-01 6.6825e-01 3.6177e-01 -4.6203e-01 3.6354e-01 -1.1563e-01 -3.8946e-01 -3.8946e-01 -5.2880e-01 -3.8946e-01 -5.2660e-01 -3.8946e-01 4.3166e-01 -4.5597e-01 -3.8946e-01 -3.8946e-01 -3.8946e-01 -3.8946e-01 -3.8946e-01 -3.8946e-01 -3.8946e-01 6.4942e-01 6.4942e-01 -3.8946e-01 -3.8946e-01 5.0408e-01 5.0408e-01 -4.5982e-01 -4.6203e-01 -4.6203e-01 -4.6203e-01 -4.6203e-01 -4.6203e-01 -4.6203e-01 -4.5982e-01 -4.5982e-01 -3.8946e-01 4.8042e-01 -1.2095e-01 3.8600e-01 2.4934e-01 -1.2716e-01 2.4934e-01 3.8763e-01 2.4934e-01 2.4934e-01 -1.2095e-01 2.4934e-01 -1.1930e-01 -2.5985e-01 4.0000e-01 -2.4987e-01 -2.5985e-01 -2.5985e-01 4.1408e-01 2.5099e-02 2.5434e-01 2.5434e-01 -2.1527e-01 -1.8332e-01 -5.7522e-02 -1.2652e-01 -6.8310e-03 -8.4825e-03 6.5982e-02
-1.0352e-02 3.0773e-01 3.1801e-01 2.6090e-01 3.2639e-01 2.5648e-01 2.5648e-01 2.5819e-01 -2.0773e-01 -2.0555e-01 -2.0555e-01 -2.0773e-01 1.0173e-02 -4.2680e-01 -4.2870e-01 8.7447e-01 1.0000e+00 7.4220e-01 4.7650e-01 -4.0547e-01 4.7854e-01 -4.8437e-02 -3.4241e-01 -3.4241e-01 -4.4439e-01 -3.4241e-01 -4.4243e-01 -3.4241e-01 5.4881e-01 -3.9953e-01 -3.4241e-01 -3.4241e-01 -3.4241e-01 -3.4241e-01 -3.4241e-01 -3.4241e-01 -3.4241e-01 7.0378e-01 7.0378e-01 -3.4241e-01 -3.4241e-01 6.0713e-01 6.0713e-01 -4.0351e-01 -4.0547e-01 -4.0547e-01 -4.0547e-01 -4.0547e-01 -4.0547e-01 -4.0547e-01 -4.0351e-01 -4.0351e-01 -3.4241e-01 5.6033e-01 -1.1999e-01 4.4401e-01 3.6770e-01 -1.2505e-01 3.6770e-01 4.4587e-01 3.6770e-01 3.6770e-01 -1.1999e-01 3.6770e-01 -1.2189e-01 -2.4371e-01 4.6052e-01 -2.3530e-01 -2.4371e-01 -2.4371e-01 4.7584e-01 2.8435e-02 2.6437e-01 2.6437e-01 -2.4407e-01 -1.9858e-01 -3.7549e-02 -1.1957e-01 8.7547e-03 1.9222e-02 7.9864e-02
-1.1908e-03 1.6853e-01 1.7904e-01 3.6054e-01 1.8739e-01 3.5892e-01 3.5892e-01 3.6089e-01 -2.1491e-01 -2.1308e-01 -2.1308e-01 -2.1491e-01 -1.5129e-01 -2.8138e-01 -2.8325e-01 6.6825e-01 7.4220e-01 1.0000e+00 7.6268e-01 -3.6669e-01 7.6109e-01 -4.6470e-01 -3.0425e-01 -3.0425e-01 -5.7254e-01 -3.0425e-01 -5.7109e-01 -3.0425e-01 6.4745e-01 -3.6077e-01 -3.0425e-01 -3.0425e-01 -3.0425e-01 -3.0425e-01 -3.0425e-01 -3.0425e-01 -3.0425e-01 9.5875e-01 9.5875e-01 -3.0425e-01 -3.0425e-01 7.0330e-01 7.0330e-01 -3.6508e-01 -3.6669e-01 -3.6669e-01 -3.6669e-01 -3.6669e-01 -3.6669e-01 -3.6669e-01 -3.6508e-01 -3.6508e-01 -3.0425e-01 6.2259e-01 -1.1659e-01 6.7374e-01 4.6175e-01 -1.2048e-01 4.6175e-01 6.7593e-01 4.6175e-01 4.6175e-01 -1.1659e-01 4.6175e-01 -1.0413e-01 -2.1458e-01 6.5405e-01 -2.0757e-01 -2.1458e-01 -2.1458e-01 6.2740e-01 3.3285e-02 3.3675e-01 3.3675e-01 -2.2014e-01 -1.7740e-01 -6.9043e-02 -7.6174e-02 1.2588e-02 6.4731e-03 2.8908e-02
-7.6269e-03 1.0437e-01 8.2050e-02 2.2433e-01 9.1750e-02 2.2504e-01 2.2504e-01 2.2658e-01 -2.3772e-01 -2.3958e-01 -2.3958e-01 -2.3772e-01 -1.9358e-01 -2.6514e-01 -2.6789e-01 3.6177e-01 4.7650e-01 7.6268e-01 1.0000e+00 3.1306e-01 9.9792e-01 -6.0606e-01 -3.9680e-01 -3.9680e-01 -1.4503e-01 -3.9680e-01 -1.4702e-01 -3.9680e-01 8.4997e-01 3.1306e-01 -3.9680e-01 -3.9680e-01 -3.9680e-01 -3.9680e-01 -3.9680e-01 -3.9680e-01 -3.9680e-01 7.2808e-01 7.2808e-01 -3.9680e-01 -3.9680e-01 3.7138e-01 3.7138e-01 3.1168e-01 3.1306e-01 3.1306e-01 3.1306e-01 3.1306e-01 3.1306e-01 3.1306e-01 3.1168e-01 3.1168e-01 -3.9680e-01 6.1528e-01 8.2767e-02 7.0341e-01 4.1658e-01 8.6608e-02 4.1658e-01 7.0511e-01 4.1658e-01 4.1658e-01 8.2767e-02 4.1658e-01 7.0172e-02 1.7260e-01 6.7744e-01 1.6632e-01 1.7260e-01 1.7260e-01 6.3069e-01 2.5522e-02 2.9814e-01 2.9814e-01 -2.0838e-01 -1.8386e-01 -4.6662e-02 -4.1559e-02 -1.8810e-02 -4.7432e-02 -1.6604e-02
-8.6324e-03 -9.9417e-02 -1.4749e-01 -2.0666e-01 -1.4579e-01 -2.0324e-01 -2.0324e-01 -2.0393e-01 -2.4425e-02 -2.9858e-02 -2.9858e-02 -2.4425e-02 -6.0064e-02 3.3378e-02 3.2167e-02 -4.6203e-01 -4.0547e-01 -3.6669e-01 3.1306e-01 1.0000e+00 3.1241e-01 -1.8973e-01 -1.2422e-01 -1.2422e-01 6.4046e-01 -1.2422e-01 6.3540e-01 -1.2422e-01 2.6609e-01 9.9122e-01 -1.2422e-01 -1.2422e-01 -1.2422e-01 -1.2422e-01 -1.2422e-01 -1.2422e-01 -1.2422e-01 -3.7340e-01 -3.7340e-01 -1.2422e-01 -1.2422e-01 -5.1216e-01 -5.1216e-01 9.9561e-01 1.0000e+00 1.0000e+00 1.0000e+00 1.0000e+00 1.0000e+00 1.0000e+00 9.9561e-01 9.9561e-01 -1.2422e-01 -3.8090e-02 2.9359e-01 1.3810e-02 -8.8143e-02 3.0495e-01 -8.8143e-02 1.3041e-02 -8.8143e-02 -8.8143e-02 2.9359e-01 -8.8143e-02 2.5676e-01 5.6982e-01 5.3397e-03 5.5028e-01 5.6982e-01 5.6982e-01 -2.3034e-02 -1.2205e-02 -7.2740e-02 -7.2740e-02 2.8092e-02 7.3629e-04 3.0120e-02 5.4768e-02 -5.4832e-02 -8.2511e-02 -7.0133e-02
-8.1002e-03 1.0513e-01 8.2838e-02 2.2286e-01 9.2546e-02 2.2359e-01 2.2359e-01 2.2513e-01 -2.3929e-01 -2.4115e-01 -2.4115e-01 -2.3929e-01 -1.9142e-01 -2.6607e-01 -2.6883e-01 3.6354e-01 4.7854e-01 7.6109e-01 9.9792e-01 3.1241e-01 1.0000e+00 -6.0732e-01 -3.9763e-01 -3.9763e-01 -1.4632e-01 -3.9763e-01 -1.4831e-01 -3.9763e-01 8.5173e-01 3.1241e-01 -3.9763e-01 -3.9763e-01 -3.9763e-01 -3.9763e-01 -3.9763e-01 -3.9763e-01 -3.9763e-01 7.3048e-01 7.3048e-01 -3.9763e-01 -3.9763e-01 3.7306e-01 3.7306e-01 3.1103e-01 3.1241e-01 3.1241e-01 3.1241e-01 3.1241e-01 3.1241e-01 3.1241e-01 3.1103e-01 3.1103e-01 -3.9763e-01 6.1719e-01 8.2553e-02 7.0563e-01 4.1807e-01 8.6387e-02 4.1807e-01 7.0733e-01 4.1807e-01 4.1807e-01 8.2553e-02 4.1807e-01 6.9979e-02 1.7220e-01 6.7960e-01 1.6593e-01 1.7220e-01 1.7220e-01 6.3281e-01 2.5469e-02 2.9732e-01 2.9732e-01 -2.1140e-01 -1.8717e-01 -4.8015e-02 -4.3052e-02 -2.0877e-02 -4.8958e-02 -1.8535e-02
3.5698e-02 -2.7677e-01 -2.6705e-01 -2.3240e-01 -2.8002e-01 -2.3321e-01 -2.3321e-01 -2.3408e-01 2.4435e-01 2.4555e-01 2.4555e-01 2.4435e-01 4.0425e-01 4.7407e-01 4.7851e-01 -1.1563e-01 -4.8437e-02 -4.6470e-01 -6.0606e-01 -1.8973e-01 -6.0732e-01 1.0000e+00 6.5473e-01 6.5473e-01 4.8780e-01 6.5473e-01 4.8948e-01 6.5473e-01 -4.0605e-01 -1.8973e-01 6.5473e-01 6.5473e-01 6.5473e-01 6.5473e-01 6.5473e-01 6.5473e-01 6.5473e-01 -4.8070e-01 -4.8070e-01 6.5473e-01 6.5473e-01 1.3000e-01 1.3000e-01 -1.8890e-01 -1.8973e-01 -1.8973e-01 -1.8973e-01 -1.8973e-01 -1.8973e-01 -1.8973e-01 -1.8890e-01 -1.8890e-01 6.5473e-01 -2.9864e-01 -6.0328e-02 -4.8733e-01 8.9383e-02 -6.2337e-02 8.9383e-02 -4.8837e-01 8.9383e-02 8.9383e-02 -6.0328e-02 8.9383e-02 -5.3877e-02 -1.1564e-01 -4.4841e-01 -1.1214e-01 -1.1564e-01 -1.1564e-01 -3.9415e-01 -1.5468e-02 -1.8954e-01 -1.8954e-01 1.2460e-01 1.0739e-01 1.6712e-01 3.5648e-02 7.7139e-02 8.9369e-02 8.0227e-02
5.0358e-02 -4.7559e-01 -4.6927e-01 -9.2103e-02 -4.8755e-01 -8.9049e-02 -8.9049e-02 -8.9661e-02 1.8537e-01 1.8617e-01 1.8617e-01 1.8537e-01 1.9615e-01 7.6222e-01 7.6887e-01 -3.8946e-01 -3.4241e-01 -3.0425e-01 -3.9680e-01 -1.2422e-01 -3.9763e-01 6.5473e-01 1.0000e+00 1.0000e+00 5.3140e-01 1.0000e+00 5.3275e-01 1.0000e+00 -4.6685e-01 -1.2422e-01 1.0000e+00 1.0000e+00 1.0000e+00 1.0000e+00 1.0000e+00 1.0000e+00 1.0000e+00 -3.1473e-01 -3.1473e-01 1.0000e+00 1.0000e+00 2.3966e-01 2.3966e-01 -1.2368e-01 -1.2422e-01 -1.2422e-01 -1.2422e-01 -1.2422e-01 -1.2422e-01 -1.2422e-01 -1.2368e-01 -1.2368e-01 1.0000e+00 -3.9763e-01 -3.9498e-02 -3.4216e-01 2.0680e-01 -4.0814e-02 2.0680e-01 -3.4285e-01 2.0680e-01 2.0680e-01 -3.9498e-02 2.0680e-01 -3.5275e-02 -7.5711e-02 -3.4977e-01 -7.3421e-02 -7.5711e-02 -7.5711e-02 -3.4714e-01 -1.0127e-02 -1.2314e-01 -1.2314e-01 1.7121e-01 1.4879e-01 1.0269e-01 8.3178e-02 5.7651e-02 6.2395e-02 3.1582e-02
5.0358e-02 -4.7559e-01 -4.6927e-01 -9.2103e-02 -4.8755e-01 -8.9049e-02 -8.9049e-02 -8.9661e-02 1.8537e-01 1.8617e-01 1.8617e-01 1.8537e-01 1.9615e-01 7.6222e-01 7.6887e-01 -3.8946e-01 -3.4241e-01 -3.0425e-01 -3.9680e-01 -1.2422e-01 -3.9763e-01 6.5473e-01 1.0000e+00 1.0000e+00 5.3140e-01 1.0000e+00 5.3275e-01 1.0000e+00 -4.6685e-01 -1.2422e-01 1.0000e+00 1.0000e+00 1.0000e+00 1.0000e+00 1.0000e+00 1.0000e+00 1.0000e+00 -3.1473e-01 -3.1473e-01 1.0000e+00 1.0000e+00 2.3966e-01 2.3966e-01 -1.2368e-01 -1.2422e-01 -1.2422e-01 -1.2422e-01 -1.2422e-01 -1.2422e-01 -1.2422e-01 -1.2368e-01 -1.2368e-01 1.0000e+00 -3.9763e-01 -3.9498e-02 -3.4216e-01 2.0680e-01 -4.0814e-02 2.0680e-01 -3.4285e-01 2.0680e-01 2.0680e-01 -3.9498e-02 2.0680e-01 -3.5275e-02 -7.5711e-02 -3.4977e-01 -7.3421e-02 -7.5711e-02 -7.5711e-02 -3.4714e-01 -1.0127e-02 -1.2314e-01 -1.2314e-01 1.7121e-01 1.4879e-01 1.0269e-01 8.3178e-02 5.7651e-02 6.2395e-02 3.1582e-02
1.3952e-02 -3.5353e-01 -3.8419e-01 -2.8460e-01 -3.9475e-01 -2.7916e-01 -2.7916e-01 -2.8025e-01 1.4548e-01 1.4211e-01 1.4211e-01 1.4548e-01 1.9228e-01 4.8703e-01 4.9032e-01 -5.2880e-01 -4.4439e-01 -5.7254e-01 -1.4503e-01 6.4046e-01 -1.4632e-01 4.8780e-01 5.3140e-01 5.3140e-01 1.0000e+00 5.3140e-01 9.9746e-01 5.3140e-01 -2.4836e-01 6.3378e-01 5.3140e-01 5.3140e-01 5.3140e-01 5.3140e-01 5.3140e-01 5.3140e-01 5.3140e-01 -5.8776e-01 -5.8776e-01 5.3140e-01 5.3140e-01 -3.6421e-01 -3.6421e-01 6.3764e-01 6.4046e-01 6.4046e-01 6.4046e-01 6.4046e-01 6.4046e-01 6.4046e-01 6.3764e-01 6.3764e-01 5.3140e-01 -3.7607e-01 1.8511e-01 -2.8831e-01 -4.4984e-02 1.9247e-01 -4.4984e-02 -2.8955e-01 -4.4984e-02 -4.4984e-02 1.8511e-01 -4.4984e-02 1.6118e-01 3.6019e-01 -3.0205e-01 3.4754e-01 3.6019e-01 3.6019e-01 -2.7803e-01 -1.9057e-02 -1.7069e-01 -1.7069e-01 1.0159e-01 5.0878e-02 9.9208e-02 1.1440e-01 1.3007e-02 -2.4390e-02 -2.7051e-02
5.0358e-02 -4.7559e-01 -4.6927e-01 -9.2103e-02 -4.8755e-01 -8.9049e-02 -8.9049e-02 -8.9661e-02 1.8537e-01 1.8617e-01 1.8617e-01 1.8537e-01 1.9615e-01 7.6222e-01 7.6887e-01 -3.8946e-01 -3.4241e-01 -3.0425e-01 -3.9680e-01 -1.2422e-01 -3.9763e-01 6.5473e-01 1.0000e+00 1.0000e+00 5.3140e-01 1.0000e+00 5.3275e-01 1.0000e+00 -4.6685e-01 -1.2422e-01 1.0000e+00 1.0000e+00 1.0000e+00 1.0000e+00 1.0000e+00 1.0000e+00 1.0000e+00 -3.1473e-01 -3.1473e-01 1.0000e+00 1.0000e+00 2.3966e-01 2.3966e-01 -1.2368e-01 -1.2422e-01 -1.2422e-01 -1.2422e-01 -1.2422e-01 -1.2422e-01 -1.2422e-01 -1.2368e-01 -1.2368e-01 1.0000e+00 -3.9763e-01 -3.9498e-02 -3.4216e-01 2.0680e-01 -4.0814e-02 2.0680e-01 -3.4285e-01 2.0680e-01 2.0680e-01 -3.9498e-02 2.0680e-01 -3.5275e-02 -7.5711e-02 -3.4977e-01 -7.3421e-02 -7.5711e-02 -7.5711e-02 -3.4714e-01 -1.0127e-02 -1.2314e-01 -1.2314e-01 1.7121e-01 1.4879e-01 1.0269e-01 8.3178e-02 5.7651e-02 6.2395e-02 3.1582e-02
1.4488e-02 -3.5474e-01 -3.8548e-01 -2.8785e-01 -3.9606e-01 -2.8244e-01 -2.8244e-01 -2.8352e-01 1.4728e-01 1.4390e-01 1.4390e-01 1.4728e-01 1.9454e-01 4.8851e-01 4.9181e-01 -5.2660e-01 -4.4243e-01 -5.7109e-01 -1.4702e-01 6.3540e-01 -1.4831e-01 4.8948e-01 5.3275e-01 5.3275e-01 9.9746e-01 5.3275e-01 1.0000e+00 5.3275e-01 -2.5020e-01 6.3540e-01 5.3275e-01 5.3275e-01 5.3275e-01 5.3275e-01 5.3275e-01 5.3275e-01 5.3275e-01 -5.9075e-01 -5.9075e-01 5.3275e-01 5.3275e-01 -3.6632e-01 -3.6632e-01 6.3926e-01 6.3540e-01 6.3540e-01 6.3540e-01 6.3540e-01 6.3540e-01 6.3540e-01 6.3926e-01 6.3926e-01 5.3275e-01 -3.7373e-01 1.8561e-01 -2.8626e-01 -4.1546e-02 1.9299e-01 -4.1546e-02 -2.8750e-01 -4.1546e-02 -4.1546e-02 1.8561e-01 -4.1546e-02 1.6162e-01 3.5108e-01 -2.9996e-01 3.3812e-01 3.5108e-01 3.5108e-01 -2.7588e-01 -1.9009e-02 -1.7571e-01 -1.7571e-01 1.0496e-01 5.4515e-02 1.0080e-01 1.1617e-01 1.5298e-02 -2.2755e-02 -2.4956e-02
5.0358e-02 -4.7559e-01 -4.6927e-01 -9.2103e-02 -4.8755e-01 -8.9049e-02 -8.9049e-02 -8.9661e-02 1.8537e-01 1.8617e-01 1.8617e-01 1.8537e-01 1.9615e-01 7.6222e-01 7.6887e-01 -3.8946e-01 -3.4241e-01 -3.0425e-01 -3.9680e-01 -1.2422e-01 -3.9763e-01 6.5473e-01 1.0000e+00 1.0000e+00 5.3140e-01 1.0000e+00 5.3275e-01 1.0000e+00 -4.6685e-01 -1.2422e-01 1.0000e+00 1.0000e+00 1.0000e+00 1.0000e+00 1.0000e+00 1.0000e+00 1.0000e+00 -3.1473e-01 -3.1473e-01 1.0000e+00 1.0000e+00 2.3966e-01 2.3966e-01 -1.2368e-01 -1.2422e-01 -1.2422e-01 -1.2422e-01 -1.2422e-01 -1.2422e-01 -1.2422e-01 -1.2368e-01 -1.2368e-01 1.0000e+00 -3.9763e-01 -3.9498e-02 -3.4216e-01 2.0680e-01 -4.0814e-02 2.0680e-01 -3.4285e-01 2.0680e-01 2.0680e-01 -3.9498e-02 2.0680e-01 -3.5275e-02 -7.5711e-02 -3.4977e-01 -7.3421e-02 -7.5711e-02 -7.5711e-02 -3.4714e-01 -1.0127e-02 -1.2314e-01 -1.2314e-01 1.7121e-01 1.4879e-01 1.0269e-01 8.3178e-02 5.7651e-02 6.2395e-02 3.1582e-02
3.6370e-03 1.5195e-01 1.3189e-01 1.6469e-01 1.4237e-01 1.5805e-01 1.5805e-01 1.5938e-01 -1.9389e-01 -1.9547e-01 -1.9547e-01 -1.9389e-01 -9.0843e-02 -3.2929e-01 -3.3247e-01 4.3166e-01 5.4881e-01 6.4745e-01 8.4997e-01 2.6609e-01 8.5173e-01 -4.0605e-01 -4.6685e-01 -4.6685e-01 -2.4836e-01 -4.6685e-01 -2.5020e-01 -4.6685e-01 1.0000e+00 2.6609e-01 -4.6685e-01 -4.6685e-01 -4.6685e-01 -4.6685e-01 -4.6685e-01 -4.6685e-01 -4.6685e-01 6.7415e-01 6.7415e-01 -4.6685e-01 -4.6685e-01 5.0371e-01 5.0371e-01 2.6492e-01 2.6609e-01 2.6609e-01 2.6609e-01 2.6609e-01 2.6609e-01 2.6609e-01 2.6492e-01 2.6492e-01 -4.6685e-01 7.5155e-01 6.7038e-02 6.4332e-01 5.1576e-01 7.0407e-02 5.1576e-01 6.4477e-01 5.1576e-01 5.1576e-01 6.7038e-02 5.1576e-01 5.5948e-02 1.4311e-01 6.5520e-01 1.3768e-01 1.4311e-01 1.4311e-01 6.0854e-01 2.1692e-02 2.5437e-01 2.5437e-01 -1.9411e-01 -1.5831e-01 2.3059e-02 -6.5337e-02 -2.3735e-02 -2.0917e-02 1.4969e-02
-8.6324e-03 -9.9417e-02 -1.4749e-01 -2.0666e-01 -1.4579e-01 -2.0324e-01 -2.0324e-01 -2.0393e-01 -2.4425e-02 -2.9858e-02 -2.9858e-02 -2.4425e-02 -6.0064e-02 3.3378e-02 3.2167e-02 -4.5597e-01 -3.9953e-01 -3.6077e-01 3.1306e-01 9.9122e-01 3.1241e-01 -1.8973e-01 -1.2422e-01 -1.2422e-01 6.3378e-01 -1.2422e-01 6.3540e-01 -1.2422e-01 2.6609e-01 1.0000e+00 -1.2422e-01 -1.2422e-01 -1.2422e-01 -1.2422e-01 -1.2422e-01 -1.2422e-01 -1.2422e-01 -3.7340e-01 -3.7340e-01 -1.2422e-01 -1.2422e-01 -5.1216e-01 -5.1216e-01 9.9561e-01 9.9122e-01 9.9122e-01 9.9122e-01 9.9122e-01 9.9122e-01 9.9122e-01 9.9561e-01 9.9561e-01 -1.2422e-01 -3.2047e-02 2.9359e-01 1.9729e-02 -8.1655e-02 3.0495e-01 -8.1655e-02 1.8961e-02 -8.1655e-02 -8.1655e-02 2.9359e-01 -8.1655e-02 2.5676e-01 5.5660e-01 1.1269e-02 5.3669e-01 5.5660e-01 5.5660e-01 -1.7099e-02 -1.2205e-02 -7.2740e-02 -7.2740e-02 2.8092e-02 7.3629e-04 3.0120e-02 6.0982e-02 -5.4832e-02 -8.2511e-02 -7.0133e-02
5.0358e-02 -4.7559e-01 -4.6927e-01 -9.2103e-02 -4.8755e-01 -8.9049e-02 -8.9049e-02 -8.9661e-02 1.8537e-01 1.8617e-01 1.8617e-01 1.8537e-01 1.9615e-01 7.6222e-01 7.6887e-01 -3.8946e-01 -3.4241e-01 -3.0425e-01 -3.9680e-01 -1.2422e-01 -3.9763e-01 6.5473e-01 1.0000e+00 1.0000e+00 5.3140e-01 1.0000e+00 5.3275e-01 1.0000e+00 -4.6685e-01 -1.2422e-01 1.0000e+00 1.0000e+00 1.0000e+00 1.0000e+00 1.0000e+00 1.0000e+00 1.0000e+00 -3.1473e-01 -3.1473e-01 1.0000e+00 1.0000e+00 2.3966e-01 2.3966e-01 -1.2368e-01 -1.2422e-01 -1.2422e-01 -1.2422e-01 -1.2422e-01 -1.2422e-01 -1.2422e-01 -1.2368e-01 -1.2368e-01 1.0000e+00 -3.9763e-01 -3.9498e-02 -3.4216e-01 2.0680e-01 -4.0814e-02 2.0680e-01 -3.4285e-01 2.0680e-01 2.0680e-01 -3.9498e-02 2.0680e-01 -3.5275e-02 -7.5711e-02 -3.4977e-01 -7.3421e-02 -7.5711e-02 -7.5711e-02 -3.4714e-01 -1.0127e-02 -1.2314e-01 -1.2314e-01 1.7121e-01 1.4879e-01 1.0269e-01 8.3178e-02 5.7651e-02 6.2395e-02 3.1582e-02
5.0358e-02 -4.7559e-01 -4.6927e-01 -9.2103e-02 -4.8755e-01 -8.9049e-02 -8.9049e-02 -8.9661e-02 1.8537e-01 1.8617e-01 1.8617e-01 1.8537e-01 1.9615e-01 7.6222e-01 7.6887e-01 -3.8946e-01 -3.4241e-01 -3.0425e-01 -3.9680e-01 -1.2422e-01 -3.9763e-01 6.5473e-01 1.0000e+00 1.0000e+00 5.3140e-01 1.0000e+00 5.3275e-01 1.0000e+00 -4.6685e-01 -1.2422e-01 1.0000e+00 1.0000e+00 1.0000e+00 1.0000e+00 1.0000e+00 1.0000e+00 1.0000e+00 -3.1473e-01 -3.1473e-01 1.0000e+00 1.0000e+00 2.3966e-01 2.3966e-01 -1.2368e-01 -1.2422e-01 -1.2422e-01 -1.2422e-01 -1.2422e-01 -1.2422e-01 -1.2422e-01 -1.2368e-01 -1.2368e-01 1.0000e+00 -3.9763e-01 -3.9498e-02 -3.4216e-01 2.0680e-01 -4.0814e-02 2.0680e-01 -3.4285e-01 2.0680e-01 2.0680e-01 -3.9498e-02 2.0680e-01 -3.5275e-02 -7.5711e-02 -3.4977e-01 -7.3421e-02 -7.5711e-02 -7.5711e-02 -3.4714e-01 -1.0127e-02 -1.2314e-01 -1.2314e-01 1.7121e-01 1.4879e-01 1.0269e-01 8.3178e-02 5.7651e-02 6.2395e-02 3.1582e-02
5.0358e-02 -4.7559e-01 -4.6927e-01 -9.2103e-02 -4.8755e-01 -8.9049e-02 -8.9049e-02 -8.9661e-02 1.8537e-01 1.8617e-01 1.8617e-01 1.8537e-01 1.9615e-01 7.6222e-01 7.6887e-01 -3.8946e-01 -3.4241e-01 -3.0425e-01 -3.9680e-01 -1.2422e-01 -3.9763e-01 6.5473e-01 1.0000e+00 1.0000e+00 5.3140e-01 1.0000e+00 5.3275e-01 1.0000e+00 -4.6685e-01 -1.2422e-01 1.0000e+00 1.0000e+00 1.0000e+00 1.0000e+00 1.0000e+00 1.0000e+00 1.0000e+00 -3.1473e-01 -3.1473e-01 1.0000e+00 1.0000e+00 2.3966e-01 2.3966e-01 -1.2368e-01 -1.2422e-01 -1.2422e-01 -1.2422e-01 -1.2422e-01 -1.2422e-01 -1.2422e-01 -1.2368e-01 -1.2368e-01 1.0000e+00 -3.9763e-01 -3.9498e-02 -3.4216e-01 2.0680e-01 -4.0814e-02 2.0680e-01 -3.4285e-01 2.0680e-01 2.0680e-01 -3.9498e-02 2.0680e-01 -3.5275e-02 -7.5711e-02 -3.4977e-01 -7.3421e-02 -7.5711e-02 -7.5711e-02 -3.4714e-01 -1.0127e-02 -1.2314e-01 -1.2314e-01 1.7121e-01 1.4879e-01 1.0269e-01 8.3178e-02 5.7651e-02 6.2395e-02 3.1582e-02
5.0358e-02 -4.7559e-01 -4.6927e-01 -9.2103e-02 -4.8755e-01 -8.9049e-02 -8.9049e-02 -8.9661e-02 1.8537e-01 1.8617e-01 1.8617e-01 1.8537e-01 1.9615e-01 7.6222e-01 7.6887e-01 -3.8946e-01 -3.4241e-01 -3.0425e-01 -3.9680e-01 -1.2422e-01 -3.9763e-01 6.5473e-01 1.0000e+00 1.0000e+00 5.3140e-01 1.0000e+00 5.3275e-01 1.0000e+00 -4.6685e-01 -1.2422e-01 1.0000e+00 1.0000e+00 1.0000e+00 1.0000e+00 1.0000e+00 1.0000e+00 1.0000e+00 -3.1473e-01 -3.1473e-01 1.0000e+00 1.0000e+00 2.3966e-01 2.3966e-01 -1.2368e-01 -1.2422e-01 -1.2422e-01 -1.2422e-01 -1.2422e-01 -1.2422e-01 -1.2422e-01 -1.2368e-01 -1.2368e-01 1.0000e+00 -3.9763e-01 -3.9498e-02 -3.4216e-01 2.0680e-01 -4.0814e-02 2.0680e-01 -3.4285e-01 2.0680e-01 2.0680e-01 -3.9498e-02 2.0680e-01 -3.5275e-02 -7.5711e-02 -3.4977e-01 -7.3421e-02 -7.5711e-02 -7.5711e-02 -3.4714e-01 -1.0127e-02 -1.2314e-01 -1.2314e-01 1.7121e-01 1.4879e-01 1.0269e-01 8.3178e-02 5.7651e-02 6.2395e-02 3.1582e-02
5.0358e-02 -4.7559e-01 -4.6927e-01 -9.2103e-02 -4.8755e-01 -8.9049e-02 -8.9049e-02 -8.9661e-02 1.8537e-01 1.8617e-01 1.8617e-01 1.8537e-01 1.9615e-01 7.6222e-01 7.6887e-01 -3.8946e-01 -3.4241e-01 -3.0425e-01 -3.9680e-01 -1.2422e-01 -3.9763e-01 6.5473e-01 1.0000e+00 1.0000e+00 5.3140e-01 1.0000e+00 5.3275e-01 1.0000e+00 -4.6685e-01 -1.2422e-01 1.0000e+00 1.0000e+00 1.0000e+00 1.0000e+00 1.0000e+00 1.0000e+00 1.0000e+00 -3.1473e-01 -3.1473e-01 1.0000e+00 1.0000e+00 2.3966e-01 2.3966e-01 -1.2368e-01 -1.2422e-01 -1.2422e-01 -1.2422e-01 -1.2422e-01 -1.2422e-01 -1.2422e-01 -1.2368e-01 -1.2368e-01 1.0000e+00 -3.9763e-01 -3.9498e-02 -3.4216e-01 2.0680e-01 -4.0814e-02 2.0680e-01 -3.4285e-01 2.0680e-01 2.0680e-01 -3.9498e-02 2.0680e-01 -3.5275e-02 -7.5711e-02 -3.4977e-01 -7.3421e-02 -7.5711e-02 -7.5711e-02 -3.4714e-01 -1.0127e-02 -1.2314e-01 -1.2314e-01 1.7121e-01 1.4879e-01 1.0269e-01 8.3178e-02 5.7651e-02 6.2395e-02 3.1582e-02
5.0358e-02 -4.7559e-01 -4.6927e-01 -9.2103e-02 -4.8755e-01 -8.9049e-02 -8.9049e-02 -8.9661e-02 1.8537e-01 1.8617e-01 1.8617e-01 1.8537e-01 1.9615e-01 7.6222e-01 7.6887e-01 -3.8946e-01 -3.4241e-01 -3.0425e-01 -3.9680e-01 -1.2422e-01 -3.9763e-01 6.5473e-01 1.0000e+00 1.0000e+00 5.3140e-01 1.0000e+00 5.3275e-01 1.0000e+00 -4.6685e-01 -1.2422e-01 1.0000e+00 1.0000e+00 1.0000e+00 1.0000e+00 1.0000e+00 1.0000e+00 1.0000e+00 -3.1473e-01 -3.1473e-01 1.0000e+00 1.0000e+00 2.3966e-01 2.3966e-01 -1.2368e-01 -1.2422e-01 -1.2422e-01 -1.2422e-01 -1.2422e-01 -1.2422e-01 -1.2422e-01 -1.2368e-01 -1.2368e-01 1.0000e+00 -3.9763e-01 -3.9498e-02 -3.4216e-01 2.0680e-01 -4.0814e-02 2.0680e-01 -3.4285e-01 2.0680e-01 2.0680e-01 -3.9498e-02 2.0680e-01 -3.5275e-02 -7.5711e-02 -3.4977e-01 -7.3421e-02 -7.5711e-02 -7.5711e-02 -3.4714e-01 -1.0127e-02 -1.2314e-01 -1.2314e-01 1.7121e-01 1.4879e-01 1.0269e-01 8.3178e-02 5.7651e-02 6.2395e-02 3.1582e-02
5.0358e-02 -4.7559e-01 -4.6927e-01 -9.2103e-02 -4.8755e-01 -8.9049e-02 -8.9049e-02 -8.9661e-02 1.8537e-01 1.8617e-01 1.8617e-01 1.8537e-01 1.9615e-01 7.6222e-01 7.6887e-01 -3.8946e-01 -3.4241e-01 -3.0425e-01 -3.9680e-01 -1.2422e-01 -3.9763e-01 6.5473e-01 1.0000e+00 1.0000e+00 5.3140e-01 1.0000e+00 5.3275e-01 1.0000e+00 -4.6685e-01 -1.2422e-01 1.0000e+00 1.0000e+00 1.0000e+00 1.0000e+00 1.0000e+00 1.0000e+00 1.0000e+00 -3.1473e-01 -3.1473e-01 1.0000e+00 1.0000e+00 2.3966e-01 2.3966e-01 -1.2368e-01 -1.2422e-01 -1.2422e-01 -1.2422e-01 -1.2422e-01 -1.2422e-01 -1.2422e-01 -1.2368e-01 -1.2368e-01 1.0000e+00 -3.9763e-01 -3.9498e-02 -3.4216e-01 2.0680e-01 -4.0814e-02 2.0680e-01 -3.4285e-01 2.0680e-01 2.0680e-01 -3.9498e-02 2.0680e-01 -3.5275e-02 -7.5711e-02 -3.4977e-01 -7.3421e-02 -7.5711e-02 -7.5711e-02 -3.4714e-01 -1.0127e-02 -1.2314e-01 -1.2314e-01 1.7121e-01 1.4879e-01 1.0269e-01 8.3178e-02 5.7651e-02 6.2395e-02 3.1582e-02
6.3071e-05 1.8657e-01 1.9743e-01 3.7104e-01 2.0581e-01 3.6568e-01 3.6568e-01 3.6758e-01 -2.1393e-01 -2.1203e-01 -2.1203e-01 -2.1393e-01 -1.4980e-01 -2.9456e-01 -2.9649e-01 6.4942e-01 7.0378e-01 9.5875e-01 7.2808e-01 -3.7340e-01 7.3048e-01 -4.8070e-01 -3.1473e-01 -3.1473e-01 -5.8776e-01 -3.1473e-01 -5.9075e-01 -3.1473e-01 6.7415e-01 -3.7340e-01 -3.1473e-01 -3.1473e-01 -3.1473e-01 -3.1473e-01 -3.1473e-01 -3.1473e-01 -3.1473e-01 1.0000e+00 1.0000e+00 -3.1473e-01 -3.1473e-01 7.3181e-01 7.3181e-01 -3.7765e-01 -3.7340e-01 -3.7340e-01 -3.7340e-01 -3.7340e-01 -3.7340e-01 -3.7340e-01 -3.7765e-01 -3.7765e-01 -3.1473e-01 6.5318e-01 -1.2061e-01 7.0861e-01 4.8731e-01 -1.2463e-01 4.8731e-01 7.1073e-01 4.8731e-01 4.8731e-01 -1.2061e-01 4.8731e-01 -1.0771e-01 -2.1338e-01 6.8825e-01 -2.0589e-01 -2.1338e-01 -2.1338e-01 6.6128e-01 3.2177e-02 3.3612e-01 3.3612e-01 -2.3470e-01 -1.9564e-01 -6.5067e-02 -6.7143e-02 2.2258e-03 -1.9180e-03 2.0798e-02
6.3071e-05 1.8657e-01 1.9743e-01 3.7104e-01 2.0581e-01 3.6568e-01 3.6568e-01 3.6758e-01 -2.1393e-01 -2.1203e-01 -2.1203e-01 -2.1393e-01 -1.4980e-01 -2.9456e-01 -2.9649e-01 6.4942e-01 7.0378e-01 9.5875e-01 7.2808e-01 -3.7340e-01 7.3048e-01 -4.8070e-01 -3.1473e-01 -3.1473e-01 -5.8776e-01 -3.1473e-01 -5.9075e-01 -3.1473e-01 6.7415e-01 -3.7340e-01 -3.1473e-01 -3.1473e-01 -3.1473e-01 -3.1473e-01 -3.1473e-01 -3.1473e-01 -3.1473e-01 1.0000e+00 1.0000e+00 -3.1473e-01 -3.1473e-01 7.3181e-01 7.3181e-01 -3.7765e-01 -3.7340e-01 -3.7340e-01 -3.7340e-01 -3.7340e-01 -3.7340e-01 -3.7340e-01 -3.7765e-01 -3.7765e-01 -3.1473e-01 6.5318e-01 -1.2061e-01 7.0861e-01 4.8731e-01 -1.2463e-01 4.8731e-01 7.1073e-01 4.8731e-01 4.8731e-01 -1.2061e-01 4.8731e-01 -1.0771e-01 -2.1338e-01 6.8825e-01 -2.0589e-01 -2.1338e-01 -2.1338e-01 6.6128e-01 3.2177e-02 3.3612e-01 3.3612e-01 -2.3470e-01 -1.9564e-01 -6.5067e-02 -6.7143e-02 2.2258e-03 -1.9180e-03 2.0798e-02
5.0358e-02 -4.7559e-01 -4.6927e-01 -9.2103e-02 -4.8755e-01 -8.9049e-02 -8.9049e-02 -8.9661e-02 1.8537e-01 1.8617e-01 1.8617e-01 1.8537e-01 1.9615e-01 7.6222e-01 7.6887e-01 -3.8946e-01 -3.4241e-01 -3.0425e-01 -3.9680e-01 -1.2422e-01 -3.9763e-01 6.5473e-01 1.0000e+00 1.0000e+00 5.3140e-01 1.0000e+00 5.3275e-01 1.0000e+00 -4.6685e-01 -1.2422e-01 1.0000e+00 1.0000e+00 1.0000e+00 1.0000e+00 1.0000e+00 1.0000e+00 1.0000e+00 -3.1473e-01 -3.1473e-01 1.0000e+00 1.0000e+00 2.3966e-01 2.3966e-01 -1.2368e-01 -1.2422e-01 -1.2422e-01 -1.2422e-01 -1.2422e-01 -1.2422e-01 -1.2422e-01 -1.2368e-01 -1.2368e-01 1.0000e+00 -3.9763e-01 -3.9498e-02 -3.4216e-01 2.0680e-01 -4.0814e-02 2.0680e-01 -3.4285e-01 2.0680e-01 2.0680e-01 -3.9498e-02 2.0680e-01 -3.5275e-02 -7.5711e-02 -3.4977e-01 -7.3421e-02 -7.5711e-02 -7.5711e-02 -3.4714e-01 -1.0127e-02 -1.2314e-01 -1.2314e-01 1.7121e-01 1.4879e-01 1.0269e-01 8.3178e-02 5.7651e-02 6.2395e-02 3.1582e-02
5.0358e-02 -4.7559e-01 -4.6927e-01 -9.2103e-02 -4.8755e-01 -8.9049e-02 -8.9049e-02 -8.9661e-02 1.8537e-01 1.8617e-01 1.8617e-01 1.8537e-01 1.9615e-01 7.6222e-01 7.6887e-01 -3.8946e-01 -3.4241e-01 -3.0425e-01 -3.9680e-01 -1.2422e-01 -3.9763e-01 6.5473e-01 1.0000e+00 1.0000e+00 5.3140e-01 1.0000e+00 5.3275e-01 1.0000e+00 -4.6685e-01 -1.2422e-01 1.0000e+00 1.0000e+00 1.0000e+00 1.0000e+00 1.0000e+00 1.0000e+00 1.0000e+00 -3.1473e-01 -3.1473e-01 1.0000e+00 1.0000e+00 2.3966e-01 2.3966e-01 -1.2368e-01 -1.2422e-01 -1.2422e-01 -1.2422e-01 -1.2422e-01 -1.2422e-01 -1.2422e-01 -1.2368e-01 -1.2368e-01 1.0000e+00 -3.9763e-01 -3.9498e-02 -3.4216e-01 2.0680e-01 -4.0814e-02 2.0680e-01 -3.4285e-01 2.0680e-01 2.0680e-01 -3.9498e-02 2.0680e-01 -3.5275e-02 -7.5711e-02 -3.4977e-01 -7.3421e-02 -7.5711e-02 -7.5711e-02 -3.4714e-01 -1.0127e-02 -1.2314e-01 -1.2314e-01 1.7121e-01 1.4879e-01 1.0269e-01 8.3178e-02 5.7651e-02 6.2395e-02 3.1582e-02
4.0178e-02 -7.0961e-02 -5.2912e-02 2.5385e-01 -5.4998e-02 2.4686e-01 2.4686e-01 2.4826e-01 -6.3520e-02 -6.0757e-02 -6.0757e-02 -6.3520e-02 6.8612e-02 1.1863e-01 1.2042e-01 5.0408e-01 6.0713e-01 7.0330e-01 3.7138e-01 -5.1216e-01 3.7306e-01 1.3000e-01 2.3966e-01 2.3966e-01 -3.6421e-01 2.3966e-01 -3.6632e-01 2.3966e-01 5.0371e-01 -5.1216e-01 2.3966e-01 2.3966e-01 2.3966e-01 2.3966e-01 2.3966e-01 2.3966e-01 2.3966e-01 7.3181e-01 7.3181e-01 2.3966e-01 2.3966e-01 1.0000e+00 1.0000e+00 -5.1604e-01 -5.1216e-01 -5.1216e-01 -5.1216e-01 -5.1216e-01 -5.1216e-01 -5.1216e-01 -5.1604e-01 -5.1604e-01 2.3966e-01 5.1730e-01 -1.6481e-01 4.0913e-01 6.8977e-01 -1.7030e-01 6.8977e-01 4.1067e-01 6.8977e-01 6.8977e-01 -1.6481e-01 6.8977e-01 -1.4718e-01 -2.9734e-01 4.2203e-01 -2.8727e-01 -2.9734e-01 -2.9734e-01 3.9810e-01 2.3548e-02 2.2946e-01 2.2946e-01 -1.0926e-01 -6.8974e-02 6.3662e-02 -5.5948e-02 4.6233e-02 7.1101e-02 7.8838e-02
