1.0000e+00 9.0877e-01 9.1951e-01 8.5440e-01 8.4939e-01 8.4939e-01 7.9153e-01 7.1552e-01 -1.7555e-01 6.4736e-01 -1.6918e-01 6.6260e-01 -1.5861e-01 6.3643e-01 2.4796e-01 2.4796e-01 6.5594e-01 2.4796e-01 6.4736e-01 6.4925e-01 6.1593e-01 6.1593e-01 6.1593e-01 6.3575e-01 6.2208e-01 6.3575e-01 2.2867e-01 2.3538e-01 6.1429e-01 6.1429e-01 5.9201e-01 5.9201e-01 2.3760e-01 2.3358e-01 6.0825e-01 6.0825e-01 6.0825e-01 2.3438e-01 6.0431e-01 6.0431e-01 2.2488e-01 2.4981e-01
9.0877e-01 1.0000e+00 9.8866e-01 9.2086e-01 9.1561e-01 9.1561e-01 8.5575e-01 7.7661e-01 -1.6954e-01 7.0516e-01 -1.6286e-01 7.2114e-01 -1.6926e-01 6.9371e-01 2.7628e-01 2.7628e-01 7.1426e-01 2.7628e-01 7.0516e-01 7.0734e-01 6.7239e-01 6.7239e-01 6.7239e-01 6.9339e-01 6.7927e-01 6.9339e-01 2.5666e-01 2.6272e-01 6.7108e-01 6.7108e-01 6.4758e-01 6.4758e-01 2.5757e-01 2.5367e-01 6.6498e-01 6.6498e-01 6.6498e-01 2.5445e-01 6.6084e-01 6.6084e-01 2.4525e-01 2.7468e-01
9.1951e-01 9.8866e-01 1.0000e+00 9.3161e-01 9.2631e-01 9.2631e-01 8.6583e-01 7.8598e-01 -1.7389e-01 7.1404e-01 -1.6713e-01 7.3013e-01 -1.6672e-01 7.0252e-01 2.8451e-01 2.8451e-01 7.2317e-01 2.8451e-01 7.1404e-01 7.1617e-01 6.8101e-01 6.8101e-01 6.8101e-01 7.0206e-01 6.8779e-01 7.0206e-01 2.6479e-01 2.7072e-01 6.7955e-01 6.7955e-01 6.5595e-01 6.5595e-01 2.6539e-01 2.6152e-01 6.7334e-01 6.7334e-01 6.7334e-01 2.6229e-01 6.6918e-01 6.6918e-01 2.5314e-01 2.8216e-01
8.5440e-01 9.2086e-01 9.3161e-01 1.0000e+00 9.9439e-01 9.9439e-01 9.3676e-01 8.4539e-01 -1.8404e-01 7.6987e-01 -1.8458e-01 7.8693e-01 -1.7682e-01 7.5765e-01 3.0352e-01 3.0352e-01 7.8033e-01 3.0352e-01 7.5909e-01 7.7369e-01 7.3634e-01 7.3634e-01 7.3634e-01 7.6031e-01 7.4679e-01 7.6031e-01 2.8382e-01 2.9005e-01 7.3801e-01 7.3801e-01 7.0129e-01 7.0129e-01 2.9189e-01 2.8107e-01 7.3312e-01 7.3312e-01 7.3312e-01 2.8186e-01 7.2867e-01 7.2867e-01 2.7253e-01 3.0990e-01
8.4939e-01 9.1561e-01 9.2631e-01 9.9439e-01 1.0000e+00 1.0000e+00 9.4299e-01 8.5191e-01 -1.8545e-01 7.7597e-01 -1.8599e-01 7.9315e-01 -1.7804e-01 7.6366e-01 3.0614e-01 3.0614e-01 7.8663e-01 3.0614e-01 7.6523e-01 7.8008e-01 7.4244e-01 7.4244e-01 7.4244e-01 7.6687e-01 7.5352e-01 7.6687e-01 2.8646e-01 2.9280e-01 7.4466e-01 7.4466e-01 7.0765e-01 7.0765e-01 2.9473e-01 2.8391e-01 7.2872e-01 7.2872e-01 7.2872e-01 2.8470e-01 7.3554e-01 7.3554e-01 2.7531e-01 3.1308e-01
8.4939e-01 9.1561e-01 9.2631e-01 9.9439e-01 1.0000e+00 1.0000e+00 9.4299e-01 8.5191e-01 -1.8545e-01 7.7597e-01 -1.8599e-01 7.9315e-01 -1.7804e-01 7.6366e-01 3.0614e-01 3.0614e-01 7.8663e-01 3.0614e-01 7.6523e-01 7.8008e-01 7.4244e-01 7.4244e-01 7.4244e-01 7.6687e-01 7.5352e-01 7.6687e-01 2.8646e-01 2.9280e-01 7.4466e-01 7.4466e-01 7.0765e-01 7.0765e-01 2.9473e-01 2.8391e-01 7.2872e-01 7.2872e-01 7.2872e-01 2.8470e-01 7.3554e-01 7.3554e-01 2.7531e-01 3.1308e-01
7.9153e-01 8.5575e-01 8.6583e-01 9.3676e-01 9.4299e-01 9.4299e-01 1.0000e+00 8.9445e-01 -1.8432e-01 8.1619e-01 -1.8484e-01 8.3390e-01 -1.7833e-01 8.0351e-01 3.3207e-01 3.3207e-01 8.2720e-01 3.3207e-01 8.0515e-01 8.2048e-01 7.8169e-01 7.8169e-01 7.8169e-01 8.1834e-01 8.0474e-01 8.1834e-01 3.1212e-01 3.1104e-01 7.9550e-01 7.9550e-01 7.5693e-01 7.5693e-01 3.1261e-01 3.0168e-01 7.7936e-01 7.7936e-01 7.7936e-01 3.0246e-01 7.8631e-01 7.8631e-01 2.9325e-01 3.3696e-01
7.1552e-01 7.7661e-01 7.8598e-01 8.4539e-01 8.5191e-01 8.5191e-01 8.9445e-01 1.0000e+00 -2.0917e-01 8.8263e-01 -1.8765e-01 8.9037e-01 -1.6544e-01 8.5832e-01 3.7846e-01 3.7846e-01 8.8403e-01 3.7846e-01 8.6075e-01 8.7766e-01 8.3670e-01 8.3670e-01 8.3670e-01 8.6485e-01 8.5191e-01 8.6485e-01 3.5845e-01 3.5793e-01 8.4222e-01 8.4222e-01 8.0182e-01 8.0182e-01 3.5986e-01 3.4885e-01 8.2732e-01 8.2732e-01 8.2732e-01 3.4966e-01 8.3393e-01 8.3393e-01 3.4014e-01 3.8594e-01
-1.7555e-01 -1.6954e-01 -1.7389e-01 -1.8404e-01 -1.8545e-01 -1.8545e-01 -1.8432e-01 -2.0917e-01 1.0000e+00 -2.3373e-01 9.0948e-01 -2.2889e-01 7.9420e-01 -2.3732e-01 5.1203e-01 5.1203e-01 -2.2767e-01 5.1203e-01 -2.3373e-01 -2.2645e-01 -2.3732e-01 -2.3732e-01 -2.3732e-01 -2.2399e-01 -2.2152e-01 -2.2399e-01 5.0853e-01 4.0335e-01 -2.1684e-01 -2.1684e-01 -2.2804e-01 -2.2804e-01 4.1584e-01 4.0374e-01 -2.1175e-01 -2.1175e-01 -2.1175e-01 4.0527e-01 -2.1303e-01 -2.1303e-01 3.8705e-01 4.5944e-01
6.4736e-01 7.0516e-01 7.1404e-01 7.6987e-01 7.7597e-01 7.7597e-01 8.1619e-01 8.8263e-01 -2.3373e-01 1.0000e+00 -2.3427e-01 9.7930e-01 -2.1167e-01 9.7470e-01 3.9001e-01 3.9001e-01 9.7408e-01 3.9001e-01 9.4855e-01 9.6885e-01 9.2386e-01 9.2386e-01 9.2386e-01 9.5834e-01 9.4776e-01 9.5834e-01 3.7037e-01 3.7162e-01 9.3706e-01 9.3706e-01 8.9241e-01 8.9241e-01 3.6806e-01 3.5718e-01 9.1543e-01 9.1543e-01 9.1543e-01 3.5805e-01 9.2087e-01 9.2087e-01 3.6738e-01 3.9766e-01
-1.6918e-01 -1.6286e-01 -1.6713e-01 -1.8458e-01 -1.8599e-01 -1.8599e-01 -1.8484e-01 -1.8765e-01 9.0948e-01 -2.3427e-01 1.0000e+00 -2.2942e-01 8.5996e-01 -2.3787e-01 5.9265e-01 5.9265e-01 -2.2820e-01 5.9265e-01 -2.0664e-01 -2.2698e-01 -2.3787e-01 -2.3787e-01 -2.3787e-01 -2.2451e-01 -2.2203e-01 -2.2451e-01 5.8455e-01 4.8001e-01 -2.1022e-01 -2.1022e-01 -2.0108e-01 -2.0108e-01 4.7971e-01 4.8061e-01 -2.0499e-01 -2.0499e-01 -2.0499e-01 4.7779e-01 -2.0631e-01 -2.0631e-01 4.6355e-01 5.2062e-01
6.6260e-01 7.2114e-01 7.3013e-01 7.8693e-01 7.9315e-01 7.9315e-01 8.3390e-01 8.9037e-01 -2.2889e-01 9.7930e-01 -2.2942e-01 1.0000e+00 -2.0729e-01 9.6448e-01 4.0738e-01 4.0738e-01 9.9467e-01 4.0738e-01 9.6884e-01 9.8933e-01 9.4380e-01 9.4380e-01 9.4380e-01 9.7860e-01 9.6779e-01 9.7860e-01 3.8760e-01 3.8849e-01 9.5696e-01 9.5696e-01 9.1178e-01 9.1178e-01 3.8463e-01 3.7368e-01 9.3488e-01 9.3488e-01 9.3488e-01 3.7453e-01 9.4043e-01 9.4043e-01 3.6444e-01 4.1374e-01
-1.5861e-01 -1.6926e-01 -1.6672e-01 -1.7682e-01 -1.7804e-01 -1.7804e-01 -1.7833e-01 -1.6544e-01 7.9420e-01 -2.1167e-01 8.5996e-01 -2.0729e-01 1.0000e+00 -2.1492e-01 7.1097e-01 7.1097e-01 -2.0618e-01 7.1097e-01 -2.1167e-01 -2.0508e-01 -2.1492e-01 -2.1492e-01 -2.1492e-01 -2.0285e-01 -2.0061e-01 -2.0285e-01 7.0378e-01 5.9202e-01 -1.9540e-01 -1.9540e-01 -2.0558e-01 -2.0558e-01 6.0379e-01 5.9173e-01 -1.9076e-01 -1.9076e-01 -1.9076e-01 5.9321e-01 -1.9193e-01 -1.9193e-01 5.7562e-01 6.4954e-01
6.3643e-01 6.9371e-01 7.0252e-01 7.5765e-01 7.6366e-01 7.6366e-01 8.0351e-01 8.5832e-01 -2.3732e-01 9.7470e-01 -2.3787e-01 9.6448e-01 -2.1492e-01 1.0000e+00 3.7745e-01 3.7745e-01 9.5934e-01 3.7745e-01 9.3403e-01 9.5419e-01 9.0958e-01 9.0958e-01 9.0958e-01 9.4384e-01 9.3341e-01 9.4384e-01 3.5791e-01 3.5943e-01 9.2280e-01 9.2280e-01 8.7853e-01 8.7853e-01 3.5608e-01 3.4526e-01 9.0151e-01 9.0151e-01 9.0151e-01 3.4612e-01 9.0686e-01 9.0686e-01 3.8087e-01 3.8605e-01
2.4796e-01 2.7628e-01 2.8451e-01 3.0352e-01 3.0614e-01 3.0614e-01 3.3207e-01 3.7846e-01 5.1203e-01 3.9001e-01 5.9265e-01 4.0738e-01 7.1097e-01 3.7745e-01 1.0000e+00 1.0000e+00 4.0521e-01 1.0000e+00 4.0950e-01 4.0304e-01 4.2239e-01 4.2239e-01 4.2239e-01 3.9866e-01 3.9426e-01 3.9866e-01 9.7559e-01 8.7876e-01 3.9866e-01 3.9866e-01 3.7931e-01 3.7931e-01 8.7681e-01 8.6639e-01 3.8983e-01 3.8983e-01 3.8983e-01 8.6433e-01 3.9205e-01 3.9205e-01 8.4394e-01 7.9340e-01
2.4796e-01 2.7628e-01 2.8451e-01 3.0352e-01 3.0614e-01 3.0614e-01 3.3207e-01 3.7846e-01 5.1203e-01 3.9001e-01 5.9265e-01 4.0738e-01 7.1097e-01 3.7745e-01 1.0000e+00 1.0000e+00 4.0521e-01 1.0000e+00 4.0950e-01 4.0304e-01 4.2239e-01 4.2239e-01 4.2239e-01 3.9866e-01 3.9426e-01 3.9866e-01 9.7559e-01 8.7876e-01 3.9866e-01 3.9866e-01 3.7931e-01 3.7931e-01 8.7681e-01 8.6639e-01 3.8983e-01 3.8983e-01 3.8983e-01 8.6433e-01 3.9205e-01 3.9205e-01 8.4394e-01 7.9340e-01
6.5594e-01 7.1426e-01 7.2317e-01 7.8033e-01 7.8663e-01 7.8663e-01 8.2720e-01 8.8403e-01 -2.2767e-01 9.7408e-01 -2.2820e-01 9.9467e-01 -2.0618e-01 9.5934e-01 4.0521e-01 4.0521e-01 1.0000e+00 4.0521e-01 9.7408e-01 9.9463e-01 9.4896e-01 9.4896e-01 9.4896e-01 9.8384e-01 9.7297e-01 9.8384e-01 3.8541e-01 3.8617e-01 9.6211e-01 9.6211e-01 9.1679e-01 9.1679e-01 3.8220e-01 3.7125e-01 9.3991e-01 9.3991e-01 9.3991e-01 3.7209e-01 9.4549e-01 9.4549e-01 3.6206e-01 4.1102e-01
2.4796e-01 2.7628e-01 2.8451e-01 3.0352e-01 3.0614e-01 3.0614e-01 3.3207e-01 3.7846e-01 5.1203e-01 3.9001e-01 5.9265e-01 4.0738e-01 7.1097e-01 3.7745e-01 1.0000e+00 1.0000e+00 4.0521e-01 1.0000e+00 4.0950e-01 4.0304e-01 4.2239e-01 4.2239e-01 4.2239e-01 3.9866e-01 3.9426e-01 3.9866e-01 9.7559e-01 8.7876e-01 3.9866e-01 3.9866e-01 3.7931e-01 3.7931e-01 8.7681e-01 8.6639e-01 3.8983e-01 3.8983e-01 3.8983e-01 8.6433e-01 3.9205e-01 3.9205e-01 8.4394e-01 7.9340e-01
6.4736e-01 7.0516e-01 7.1404e-01 7.5909e-01 7.6523e-01 7.6523e-01 8.0515e-01 8.6075e-01 -2.3373e-01 9.4855e-01 -2.0664e-01 9.6884e-01 -2.1167e-01 9.3403e-01 4.0950e-01 4.0950e-01 9.7408e-01 4.0950e-01 1.0000e+00 9.6885e-01 9.2386e-01 9.2386e-01 9.2386e-01 9.5834e-01 9.4776e-01 9.5834e-01 3.8981e-01 3.9770e-01 9.4770e-01 9.4770e-01 9.3340e-01 9.3340e-01 3.7461e-01 3.8332e-01 9.2627e-01 9.2627e-01 9.2627e-01 3.8419e-01 9.3165e-01 9.3165e-01 3.7388e-01 4.0438e-01
6.4925e-01 7.0734e-01 7.1617e-01 7.7369e-01 7.8008e-01 7.8008e-01 8.2048e-01 8.7766e-01 -2.2645e-01 9.6885e-01 -2.2698e-01 9.8933e-01 -2.0508e-01 9.5419e-01 4.0304e-01 4.0304e-01 9.9463e-01 4.0304e-01 9.6885e-01 1.0000e+00 9.5419e-01 9.5419e-01 9.5419e-01 9.8915e-01 9.7823e-01 9.8915e-01 3.8985e-01 3.9052e-01 9.6733e-01 9.6733e-01 9.2187e-01 9.2187e-01 3.8647e-01 3.7550e-01 9.4501e-01 9.4501e-01 9.4501e-01 3.7635e-01 9.5062e-01 9.5062e-01 3.6634e-01 4.1517e-01
6.1593e-01 6.7239e-01 6.8101e-01 7.3634e-01 7.4244e-01 7.4244e-01 7.8169e-01 8.3670e-01 -2.3732e-01 9.2386e-01 -2.3787e-01 9.4380e-01 -2.1492e-01 9.0958e-01 4.2239e-01 4.2239e-01 9.4896e-01 4.2239e-01 9.2386e-01 9.5419e-01 1.0000e+00 1.0000e+00 1.0000e+00 9.4384e-01 9.3341e-01 9.4384e-01 4.0913e-01 4.1096e-01 9.2280e-01 9.2280e-01 8.7853e-01 8.7853e-01 4.0786e-01 3.9691e-01 9.0151e-01 9.0151e-01 9.0151e-01 3.9780e-01 9.0686e-01 9.0686e-01 3.8730e-01 3.7941e-01
6.1593e-01 6.7239e-01 6.8101e-01 7.3634e-01 7.4244e-01 7.4244e-01 7.8169e-01 8.3670e-01 -2.3732e-01 9.2386e-01 -2.3787e-01 9.4380e-01 -2.1492e-01 9.0958e-01 4.2239e-01 4.2239e-01 9.4896e-01 4.2239e-01 9.2386e-01 9.5419e-01 1.0000e+00 1.0000e+00 1.0000e+00 9.4384e-01 9.3341e-01 9.4384e-01 4.0913e-01 4.1096e-01 9.2280e-01 9.2280e-01 8.7853e-01 8.7853e-01 4.0786e-01 3.9691e-01 9.0151e-01 9.0151e-01 9.0151e-01 3.9780e-01 9.0686e-01 9.0686e-01 3.8730e-01 3.7941e-01
6.1593e-01 6.7239e-01 6.8101e-01 7.3634e-01 7.4244e-01 7.4244e-01 7.8169e-01 8.3670e-01 -2.3732e-01 9.2386e-01 -2.3787e-01 9.4380e-01 -2.1492e-01 9.0958e-01 4.2239e-01 4.2239e-01 9.4896e-01 4.2239e-01 9.2386e-01 9.5419e-01 1.0000e+00 1.0000e+00 1.0000e+00 9.4384e-01 9.3341e-01 9.4384e-01 4.0913e-01 4.1096e-01 9.2280e-01 9.2280e-01 8.7853e-01 8.7853e-01 4.0786e-01 3.9691e-01 9.0151e-01 9.0151e-01 9.0151e-01 3.9780e-01 9.0686e-01 9.0686e-01 3.8730e-01 3.7941e-01
6.3575e-01 6.9339e-01 7.0206e-01 7.6031e-01 7.6687e-01 7.6687e-01 8.1834e-01 8.6485e-01 -2.2399e-01 9.5834e-01 -2.2451e-01 9.7860e-01 -2.0285e-01 9.4384e-01 3.9866e-01 3.9866e-01 9.8384e-01 3.9866e-01 9.5834e-01 9.8915e-01 9.4384e-01 9.4384e-01 9.4384e-01 1.0000e+00 9.8896e-01 1.0000e+00 3.9219e-01 3.9263e-01 9.7799e-01 9.7799e-01 9.3224e-01 9.3224e-01 3.8840e-01 3.7740e-01 9.5543e-01 9.5543e-01 9.5543e-01 3.7824e-01 9.6110e-01 9.6110e-01 3.6831e-01 4.1667e-01
6.2208e-01 6.7927e-01 6.8779e-01 7.4679e-01 7.5352e-01 7.5352e-01 8.0474e-01 8.5191e-01 -2.2152e-01 9.4776e-01 -2.2203e-01 9.6779e-01 -2.0061e-01 9.3341e-01 3.9426e-01 3.9426e-01 9.7297e-01 3.9426e-01 9.4776e-01 9.7823e-01 9.3341e-01 9.3341e-01 9.3341e-01 9.8896e-01 1.0000e+00 9.8896e-01 3.8786e-01 3.8803e-01 9.6675e-01 9.6675e-01 9.2153e-01 9.2153e-01 3.8356e-01 3.7256e-01 9.4353e-01 9.4353e-01 9.4353e-01 3.7339e-01 9.4937e-01 9.4937e-01 3.6357e-01 4.1123e-01
6.3575e-01 6.9339e-01 7.0206e-01 7.6031e-01 7.6687e-01 7.6687e-01 8.1834e-01 8.6485e-01 -2.2399e-01 9.5834e-01 -2.2451e-01 9.7860e-01 -2.0285e-01 9.4384e-01 3.9866e-01 3.9866e-01 9.8384e-01 3.9866e-01 9.5834e-01 9.8915e-01 9.4384e-01 9.4384e-01 9.4384e-01 1.0000e+00 9.8896e-01 1.0000e+00 3.9219e-01 3.9263e-01 9.7799e-01 9.7799e-01 9.3224e-01 9.3224e-01 3.8840e-01 3.7740e-01 9.5543e-01 9.5543e-01 9.5543e-01 3.7824e-01 9.6110e-01 9.6110e-01 3.6831e-01 4.1667e-01
2.2867e-01 2.5666e-01 2.6479e-01 2.8382e-01 2.8646e-01 2.8646e-01 3.1212e-01 3.5845e-01 5.0853e-01 3.7037e-01 5.8455e-01 3.8760e-01 7.0378e-01 3.5791e-01 9.7559e-01 9.7559e-01 3.8541e-01 9.7559e-01 3.8981e-01 3.8985e-01 4.0913e-01 4.0913e-01 4.0913e-01 3.9219e-01 3.8786e-01 3.9219e-01 1.0000e+00 9.0415e-01 3.9219e-01 3.9219e-01 4.1135e-01 4.1135e-01 8.7796e-01 8.8797e-01 3.8350e-01 3.8350e-01 3.8350e-01 8.8596e-01 3.8569e-01 3.8569e-01 8.6512e-01 7.8796e-01
2.3538e-01 2.6272e-01 2.7072e-01 2.9005e-01 2.9280e-01 2.9280e-01 3.1104e-01 3.5793e-01 4.0335e-01 3.7162e-01 4.8001e-01 3.8849e-01 5.9202e-01 3.5943e-01 8.7876e-01 8.7876e-01 3.8617e-01 8.7876e-01 3.9770e-01 3.9052e-01 4.1096e-01 4.1096e-01 4.1096e-01 3.9263e-01 3.8803e-01 3.9263e-01 9.0415e-01 1.0000e+00 4.0611e-01 4.0611e-01 4.2595e-01 4.2595e-01 9.6499e-01 9.7524e-01 3.9712e-01 3.9712e-01 3.9712e-01 9.7318e-01 3.9938e-01 3.9938e-01 9.6090e-01 8.4771e-01
6.1429e-01 6.7108e-01 6.7955e-01 7.3801e-01 7.4466e-01 7.4466e-01 7.9550e-01 8.4222e-01 -2.1684e-01 9.3706e-01 -2.1022e-01 9.5696e-01 -1.9540e-01 9.2280e-01 3.9866e-01 3.9866e-01 9.6211e-01 3.9866e-01 9.4770e-01 9.6733e-01 9.2280e-01 9.2280e-01 9.2280e-01 9.7799e-01 9.6675e-01 9.7799e-01 3.9219e-01 4.0611e-01 1.0000e+00 1.0000e+00 9.5344e-01 9.5344e-01 4.0194e-01 3.9091e-01 9.7784e-01 9.7784e-01 9.7784e-01 3.9176e-01 9.8341e-01 9.8341e-01 3.8177e-01 4.3056e-01
6.1429e-01 6.7108e-01 6.7955e-01 7.3801e-01 7.4466e-01 7.4466e-01 7.9550e-01 8.4222e-01 -2.1684e-01 9.3706e-01 -2.1022e-01 9.5696e-01 -1.9540e-01 9.2280e-01 3.9866e-01 3.9866e-01 9.6211e-01 3.9866e-01 9.4770e-01 9.6733e-01 9.2280e-01 9.2280e-01 9.2280e-01 9.7799e-01 9.6675e-01 9.7799e-01 3.9219e-01 4.0611e-01 1.0000e+00 1.0000e+00 9.5344e-01 9.5344e-01 4.0194e-01 3.9091e-01 9.7784e-01 9.7784e-01 9.7784e-01 3.9176e-01 9.8341e-01 9.8341e-01 3.8177e-01 4.3056e-01
5.9201e-01 6.4758e-01 6.5595e-01 7.0129e-01 7.0765e-01 7.0765e-01 7.5693e-01 8.0182e-01 -2.2804e-01 8.9241e-01 -2.0108e-01 9.1178e-01 -2.0558e-01 8.7853e-01 3.7931e-01 3.7931e-01 9.1679e-01 3.7931e-01 9.3340e-01 9.2187e-01 8.7853e-01 8.7853e-01 8.7853e-01 9.3224e-01 9.2153e-01 9.3224e-01 4.1135e-01 4.2595e-01 9.5344e-01 9.5344e-01 1.0000e+00 1.0000e+00 3.6403e-01 4.0524e-01 9.3231e-01 9.3231e-01 9.3231e-01 4.0612e-01 9.3762e-01 9.3762e-01 3.9566e-01 3.9375e-01
5.9201e-01 6.4758e-01 6.5595e-01 7.0129e-01 7.0765e-01 7.0765e-01 7.5693e-01 8.0182e-01 -2.2804e-01 8.9241e-01 -2.0108e-01 9.1178e-01 -2.0558e-01 8.7853e-01 3.7931e-01 3.7931e-01 9.1679e-01 3.7931e-01 9.3340e-01 9.2187e-01 8.7853e-01 8.7853e-01 8.7853e-01 9.3224e-01 9.2153e-01 9.3224e-01 4.1135e-01 4.2595e-01 9.5344e-01 9.5344e-01 1.0000e+00 1.0000e+00 3.6403e-01 4.0524e-01 9.3231e-01 9.3231e-01 9.3231e-01 4.0612e-01 9.3762e-01 9.3762e-01 3.9566e-01 3.9375e-01
2.3760e-01 2.5757e-01 2.6539e-01 2.9189e-01 2.9473e-01 2.9473e-01 3.1261e-01 3.5986e-01 4.1584e-01 3.6806e-01 4.7971e-01 3.8463e-01 6.0379e-01 3.5608e-01 8.7681e-01 8.7681e-01 3.8220e-01 8.7681e-01 3.7461e-01 3.8647e-01 4.0786e-01 4.0786e-01 4.0786e-01 3.8840e-01 3.8356e-01 3.8840e-01 8.7796e-01 9.6499e-01 4.0194e-01 4.0194e-01 3.6403e-01 3.6403e-01 1.0000e+00 9.7718e-01 4.0628e-01 4.0628e-01 4.0628e-01 9.7507e-01 4.0859e-01 4.0859e-01 9.5500e-01 8.7653e-01
2.3358e-01 2.5367e-01 2.6152e-01 2.8107e-01 2.8391e-01 2.8391e-01 3.0168e-01 3.4885e-01 4.0374e-01 3.5718e-01 4.8061e-01 3.7368e-01 5.9173e-01 3.4526e-01 8.6639e-01 8.6639e-01 3.7125e-01 8.6639e-01 3.8332e-01 3.7550e-01 3.9691e-01 3.9691e-01 3.9691e-01 3.7740e-01 3.7256e-01 3.7740e-01 8.8797e-01 9.7524e-01 3.9091e-01 3.9091e-01 4.0524e-01 4.0524e-01 9.7718e-01 1.0000e+00 4.0208e-01 4.0208e-01 4.0208e-01 9.9793e-01 4.0437e-01 4.0437e-01 9.7753e-01 8.6722e-01
6.0825e-01 6.6498e-01 6.7334e-01 7.3312e-01 7.2872e-01 7.2872e-01 7.7936e-01 8.2732e-01 -2.1175e-01 9.1543e-01 -2.0499e-01 9.3488e-01 -1.9076e-01 9.0151e-01 3.8983e-01 3.8983e-01 9.3991e-01 3.8983e-01 9.2627e-01 9.4501e-01 9.0151e-01 9.0151e-01 9.0151e-01 9.5543e-01 9.4353e-01 9.5543e-01 3.8350e-01 3.9712e-01 9.7784e-01 9.7784e-01 9.3231e-01 9.3231e-01 4.0628e-01 4.0208e-01 1.0000e+00 1.0000e+00 1.0000e+00 4.0291e-01 9.9434e-01 9.9434e-01 3.9304e-01 4.4113e-01
6.0825e-01 6.6498e-01 6.7334e-01 7.3312e-01 7.2872e-01 7.2872e-01 7.7936e-01 8.2732e-01 -2.1175e-01 9.1543e-01 -2.0499e-01 9.3488e-01 -1.9076e-01 9.0151e-01 3.8983e-01 3.8983e-01 9.3991e-01 3.8983e-01 9.2627e-01 9.4501e-01 9.0151e-01 9.0151e-01 9.0151e-01 9.5543e-01 9.4353e-01 9.5543e-01 3.8350e-01 3.9712e-01 9.7784e-01 9.7784e-01 9.3231e-01 9.3231e-01 4.0628e-01 4.0208e-01 1.0000e+00 1.0000e+00 1.0000e+00 4.0291e-01 9.9434e-01 9.9434e-01 3.9304e-01 4.4113e-01
6.0825e-01 6.6498e-01 6.7334e-01 7.3312e-01 7.2872e-01 7.2872e-01 7.7936e-01 8.2732e-01 -2.1175e-01 9.1543e-01 -2.0499e-01 9.3488e-01 -1.9076e-01 9.0151e-01 3.8983e-01 3.8983e-01 9.3991e-01 3.8983e-01 9.2627e-01 9.4501e-01 9.0151e-01 9.0151e-01 9.0151e-01 9.5543e-01 9.4353e-01 9.5543e-01 3.8350e-01 3.9712e-01 9.7784e-01 9.7784e-01 9.3231e-01 9.3231e-01 4.0628e-01 4.0208e-01 1.0000e+00 1.0000e+00 1.0000e+00 4.0291e-01 9.9434e-01 9.9434e-01 3.9304e-01 4.4113e-01
2.3438e-01 2.5445e-01 2.6229e-01 2.8186e-01 2.8470e-01 2.8470e-01 3.0246e-01 3.4966e-01 4.0527e-01 3.5805e-01 4.7779e-01 3.7453e-01 5.9321e-01 3.4612e-01 8.6433e-01 8.6433e-01 3.7209e-01 8.6433e-01 3.8419e-01 3.7635e-01 3.9780e-01 3.9780e-01 3.9780e-01 3.7824e-01 3.7339e-01 3.7824e-01 8.8596e-01 9.7318e-01 3.9176e-01 3.9176e-01 4.0612e-01 4.0612e-01 9.7507e-01 9.9793e-01 4.0291e-01 4.0291e-01 4.0291e-01 1.0000e+00 4.0521e-01 4.0521e-01 9.7551e-01 8.6907e-01
6.0431e-01 6.6084e-01 6.6918e-01 7.2867e-01 7.3554e-01 7.3554e-01 7.8631e-01 8.3393e-01 -2.1303e-01 9.2087e-01 -2.0631e-01 9.4043e-01 -1.9193e-01 9.0686e-01 3.9205e-01 3.9205e-01 9.4549e-01 3.9205e-01 9.3165e-01 9.5062e-01 9.0686e-01 9.0686e-01 9.0686e-01 9.6110e-01 9.4937e-01 9.6110e-01 3.8569e-01 3.9938e-01 9.8341e-01 9.8341e-01 9.3762e-01 9.3762e-01 4.0859e-01 4.0437e-01 9.9434e-01 9.9434e-01 9.9434e-01 4.0521e-01 1.0000e+00 1.0000e+00 3.9528e-01 4.4371e-01
6.0431e-01 6.6084e-01 6.6918e-01 7.2867e-01 7.3554e-01 7.3554e-01 7.8631e-01 8.3393e-01 -2.1303e-01 9.2087e-01 -2.0631e-01 9.4043e-01 -1.9193e-01 9.0686e-01 3.9205e-01 3.9205e-01 9.4549e-01 3.9205e-01 9.3165e-01 9.5062e-01 9.0686e-01 9.0686e-01 9.0686e-01 9.6110e-01 9.4937e-01 9.6110e-01 3.8569e-01 3.9938e-01 9.8341e-01 9.8341e-01 9.3762e-01 9.3762e-01 4.0859e-01 4.0437e-01 9.9434e-01 9.9434e-01 9.9434e-01 4.0521e-01 1.0000e+00 1.0000e+00 3.9528e-01 4.4371e-01
2.2488e-01 2.4525e-01 2.5314e-01 2.7253e-01 2.7531e-01 2.7531e-01 2.9325e-01 3.4014e-01 3.8705e-01 3.6738e-01 4.6355e-01 3.6444e-01 5.7562e-01 3.8087e-01 8.4394e-01 8.4394e-01 3.6206e-01 8.4394e-01 3.7388e-01 3.6634e-01 3.8730e-01 3.8730e-01 3.8730e-01 3.6831e-01 3.6357e-01 3.6831e-01 8.6512e-01 9.6090e-01 3.8177e-01 3.8177e-01 3.9566e-01 3.9566e-01 9.5500e-01 9.7753e-01 3.9304e-01 3.9304e-01 3.9304e-01 9.7551e-01 3.9528e-01 3.9528e-01 1.0000e+00 8.5145e-01
2.4981e-01 2.7468e-01 2.8216e-01 3.0990e-01 3.1308e-01 3.1308e-01 3.3696e-01 3.8594e-01 4.5944e-01 3.9766e-01 5.2062e-01 4.1374e-01 6.4954e-01 3.8605e-01 7.9340e-01 7.9340e-01 4.1102e-01 7.9340e-01 4.0438e-01 4.1517e-01 3.7941e-01 3.7941e-01 3.7941e-01 4.1667e-01 4.1123e-01 4.1667e-01 7.8796e-01 8.4771e-01 4.3056e-01 4.3056e-01 3.9375e-01 3.9375e-01 8.7653e-01 8.6722e-01 4.4113e-01 4.4113e-01 4.4113e-01 8.6907e-01 4.4371e-01 4.4371e-01 8.5145e-01 1.0000e+00
