1.0000e+00 9.9577e-01 -4.3019e-02 -4.3019e-02 3.5199e-02 6.8202e-03 5.6423e-02 4.5167e-02 5.3340e-02 5.7418e-02 3.8614e-02 4.0549e-02 -4.7134e-03 -3.1199e-03 -4.7134e-03 -2.3125e-03 3.3095e-04 -2.3125e-03 -1.0553e-02 -3.6502e-02 -1.7486e-02 2.5916e-02 -3.1647e-02 -2.3566e-02 -1.3386e-02 -1.5538e-02 -2.7265e-02 -2.7265e-02 -2.9035e-02 -2.3605e-02 -3.6526e-02 -3.6526e-02 -3.6526e-02 2.2723e-02 -2.6675e-02 -2.3334e-02 -3.9080e-02 -3.9080e-02 -3.3737e-02 -3.4614e-02 -3.4614e-02 4.2684e-02 1.4467e-02 -5.6794e-02 -5.7613e-02 -6.6260e-02
9.9577e-01 1.0000e+00 -4.5858e-02 -4.5858e-02 3.9152e-02 1.0383e-02 6.0409e-02 4.4293e-02 5.2545e-02 5.6197e-02 3.6656e-02 3.8551e-02 -7.3016e-03 -5.4915e-03 -7.3016e-03 -4.6864e-03 -2.2364e-03 -4.6864e-03 -1.3159e-02 -3.4078e-02 -1.9318e-02 2.9368e-02 -3.4740e-02 -2.6787e-02 -1.5291e-02 -1.7504e-02 -2.9272e-02 -2.9272e-02 -3.1038e-02 -2.5587e-02 -3.7626e-02 -3.7626e-02 -3.7626e-02 2.4707e-02 -2.7781e-02 -2.5252e-02 -4.1191e-02 -4.1191e-02 -3.5827e-02 -3.6702e-02 -3.6702e-02 4.5729e-02 1.6402e-02 -5.9436e-02 -6.0252e-02 -6.7248e-02
-4.3019e-02 -4.5858e-02 1.0000e+00 1.0000e+00 -1.4460e-01 -1.8698e-01 -1.5608e-01 1.3723e-01 1.6088e-01 7.2782e-02 -1.7206e-01 -1.3590e-01 -1.9752e-01 -1.8606e-01 -1.9752e-01 -1.8787e-01 -1.9972e-01 -1.8787e-01 -1.9350e-01 1.1641e-01 9.3151e-02 -1.2553e-01 1.0583e-01 1.3569e-01 -3.0774e-02 -2.5389e-03 -4.5478e-03 -4.5478e-03 -5.2638e-04 1.4899e-03 5.0552e-02 5.0552e-02 5.0552e-02 -3.8141e-03 6.6621e-02 -2.2721e-02 -1.2884e-02 -1.2884e-02 -1.0908e-02 -8.9284e-03 -8.9284e-03 -6.7911e-02 5.1462e-02 7.9053e-02 7.6914e-02 -4.4985e-03
-4.3019e-02 -4.5858e-02 1.0000e+00 1.0000e+00 -1.4460e-01 -1.8698e-01 -1.5608e-01 1.3723e-01 1.6088e-01 7.2782e-02 -1.7206e-01 -1.3590e-01 -1.9752e-01 -1.8606e-01 -1.9752e-01 -1.8787e-01 -1.9972e-01 -1.8787e-01 -1.9350e-01 1.1641e-01 9.3151e-02 -1.2553e-01 1.0583e-01 1.3569e-01 -3.0774e-02 -2.5389e-03 -4.5478e-03 -4.5478e-03 -5.2638e-04 1.4899e-03 5.0552e-02 5.0552e-02 5.0552e-02 -3.8141e-03 6.6621e-02 -2.2721e-02 -1.2884e-02 -1.2884e-02 -1.0908e-02 -8.9284e-03 -8.9284e-03 -6.7911e-02 5.1462e-02 7.9053e-02 7.6914e-02 -4.4985e-03
3.5199e-02 3.9152e-02 -1.4460e-01 -1.4460e-01 1.0000e+00 8.9172e-01 9.6147e-01 -1.9714e-01 -2.0822e-01 -2.7380e-01 6.4343e-01 6.0151e-01 4.7123e-01 5.2551e-01 4.7123e-01 5.2797e-01 4.7286e-01 5.2797e-01 4.6707e-01 -1.4489e-01 -2.5381e-01 1.4172e-01 -1.0525e-01 -1.3495e-01 -1.2551e-01 -1.4369e-01 -1.4070e-01 -1.4519e-01 -1.4219e-01 -1.4068e-01 -1.2105e-01 -1.2105e-01 -1.2105e-01 1.4219e-01 -1.3442e-01 -1.2394e-01 -1.6306e-01 -1.6306e-01 -1.6158e-01 -1.6010e-01 -1.6010e-01 1.2961e-01 1.7080e-01 -1.8080e-01 -1.7515e-01 -1.0485e-01
6.8202e-03 1.0383e-02 -1.8698e-01 -1.8698e-01 8.9172e-01 1.0000e+00 9.2494e-01 -2.2747e-01 -2.3719e-01 -2.8067e-01 5.8757e-01 5.4511e-01 5.1890e-01 5.5897e-01 5.1890e-01 5.6121e-01 5.2067e-01 5.6121e-01 5.1482e-01 -9.7685e-02 -2.1540e-01 9.5457e-02 -7.5186e-02 -1.0412e-01 -8.9034e-02 -1.0931e-01 -1.0217e-01 -1.0658e-01 -1.0322e-01 -1.0596e-01 -1.5891e-01 -1.5891e-01 -1.5891e-01 1.0764e-01 -1.5324e-01 -8.6664e-02 -1.2276e-01 -1.2276e-01 -1.2546e-01 -1.2816e-01 -1.2816e-01 1.0906e-01 1.3470e-01 -1.3349e-01 -1.2777e-01 -2.7255e-02
5.6423e-02 6.0409e-02 -1.5608e-01 -1.5608e-01 9.6147e-01 9.2494e-01 1.0000e+00 -2.1282e-01 -2.2431e-01 -2.7186e-01 6.5349e-01 6.1142e-01 4.8362e-01 5.3023e-01 4.8362e-01 5.3267e-01 4.8527e-01 5.3267e-01 4.7946e-01 -1.4152e-01 -2.5827e-01 1.3845e-01 -1.0113e-01 -1.3116e-01 -1.3051e-01 -1.4880e-01 -1.4583e-01 -1.5031e-01 -1.4728e-01 -1.4577e-01 -1.3711e-01 -1.3711e-01 -1.3711e-01 1.4728e-01 -1.5018e-01 -1.2889e-01 -1.6391e-01 -1.6391e-01 -1.6241e-01 -1.6535e-01 -1.6535e-01 1.2520e-01 1.8028e-01 -1.8738e-01 -1.8173e-01 -9.0406e-02
4.5167e-02 4.4293e-02 1.3723e-01 1.3723e-01 -1.9714e-01 -2.2747e-01 -2.1282e-01 1.0000e+00 9.4776e-01 6.1833e-01 -2.0174e-01 -1.3377e-01 -1.2817e-01 -1.5905e-01 -1.2817e-01 -1.5969e-01 -1.3395e-01 -1.5969e-01 -1.2817e-01 -1.8513e-02 1.4592e-01 1.6282e-02 -1.1598e-01 1.0652e-03 -1.9333e-02 -4.2073e-02 -4.9738e-02 -4.2787e-02 -4.8322e-02 -4.7611e-02 1.6525e-01 1.6525e-01 1.6525e-01 4.8322e-02 1.5284e-01 -3.7552e-02 -6.0242e-02 -6.0242e-02 -5.9548e-02 -5.8853e-02 -5.8853e-02 1.1902e-01 3.0765e-02 -6.8818e-02 -6.8138e-02 3.3531e-02
5.3340e-02 5.2545e-02 1.6088e-01 1.6088e-01 -2.0822e-01 -2.3719e-01 -2.2431e-01 9.4776e-01 1.0000e+00 6.5273e-01 -1.8667e-01 -1.2922e-01 -1.5799e-01 -1.5250e-01 -1.5799e-01 -1.5310e-01 -1.5737e-01 -1.5310e-01 -1.5799e-01 -1.2923e-03 1.5769e-01 -1.4689e-03 -1.0000e-01 2.3860e-02 -1.3471e-02 -3.6411e-02 -4.4345e-02 -4.4345e-02 -4.2997e-02 -4.2321e-02 1.8377e-01 1.8377e-01 1.8377e-01 4.2997e-02 1.7124e-01 -3.2748e-02 -5.4336e-02 -5.4336e-02 -5.3676e-02 -5.3015e-02 -5.3015e-02 1.0411e-01 2.5005e-02 -5.7030e-02 -5.6384e-02 3.0682e-02
5.7418e-02 5.6197e-02 7.2782e-02 7.2782e-02 -2.7380e-01 -2.8067e-01 -2.7186e-01 6.1833e-01 6.5273e-01 1.0000e+00 -2.7910e-01 -2.0706e-01 -2.4632e-01 -2.3477e-01 -2.4632e-01 -2.3565e-01 -2.5055e-01 -2.3565e-01 -2.4632e-01 -9.9014e-02 9.4452e-02 6.8965e-02 -1.3910e-01 -4.0923e-02 -4.5071e-02 -5.7034e-02 -5.8021e-02 -5.8021e-02 -5.6046e-02 -6.0603e-02 9.5800e-02 9.5800e-02 9.5800e-02 5.6046e-02 8.2411e-02 -5.2277e-02 -6.7192e-02 -6.7192e-02 -7.1685e-02 -7.0718e-02 -7.0718e-02 1.4092e-01 4.5514e-02 -6.7550e-02 -7.1763e-02 2.2772e-03
3.8614e-02 3.6656e-02 -1.7206e-01 -1.7206e-01 6.4343e-01 5.8757e-01 6.5349e-01 -2.0174e-01 -1.8667e-01 -2.7910e-01 1.0000e+00 8.8553e-01 7.2242e-01 7.8927e-01 7.2242e-01 7.9178e-01 7.2403e-01 7.9178e-01 7.1819e-01 -2.1626e-01 -3.4745e-01 2.0400e-01 -1.7689e-01 -2.1300e-01 -1.9438e-01 -2.0612e-01 -2.0747e-01 -2.0747e-01 -2.0476e-01 -2.0340e-01 -5.6249e-02 -5.6249e-02 -5.6249e-02 2.0476e-01 -7.0527e-02 -1.9354e-01 -2.2763e-01 -2.2763e-01 -2.2629e-01 -2.2495e-01 -2.2495e-01 1.9476e-01 1.7957e-01 -2.3552e-01 -2.2989e-01 -9.1929e-02
4.0549e-02 3.8551e-02 -1.3590e-01 -1.3590e-01 6.0151e-01 5.4511e-01 6.1142e-01 -1.3377e-01 -1.2922e-01 -2.0706e-01 8.8553e-01 1.0000e+00 8.2511e-01 8.9480e-01 8.2511e-01 8.9720e-01 8.2257e-01 8.9720e-01 8.2090e-01 -2.5974e-01 -3.8126e-01 2.4790e-01 -2.0553e-01 -2.4251e-01 -2.0183e-01 -2.1392e-01 -2.1530e-01 -2.1530e-01 -2.1254e-01 -2.1115e-01 -7.6656e-02 -7.6656e-02 -7.6656e-02 2.1254e-01 -9.0711e-02 -2.0084e-01 -2.3586e-01 -2.3586e-01 -2.3450e-01 -2.3314e-01 -2.3314e-01 2.1015e-01 1.9190e-01 -2.6005e-01 -2.5444e-01 -1.0523e-01
-4.7134e-03 -7.3016e-03 -1.9752e-01 -1.9752e-01 4.7123e-01 5.1890e-01 4.8362e-01 -1.2817e-01 -1.5799e-01 -2.4632e-01 7.2242e-01 8.2511e-01 1.0000e+00 9.1775e-01 1.0000e+00 9.1965e-01 9.9798e-01 9.1965e-01 9.9596e-01 -3.0271e-01 -3.6166e-01 2.8961e-01 -2.3480e-01 -2.7556e-01 -1.7516e-01 -1.9176e-01 -1.8479e-01 -1.8479e-01 -1.8566e-01 -1.8828e-01 1.5171e-02 1.5171e-02 1.5171e-02 1.9002e-01 2.0652e-02 -1.7252e-01 -1.5484e-01 -1.5484e-01 -1.5738e-01 -1.5562e-01 -1.5562e-01 1.9403e-01 1.0241e-01 -1.7853e-01 -1.7274e-01 1.6939e-02
-3.1199e-03 -5.4915e-03 -1.8606e-01 -1.8606e-01 5.2551e-01 5.5897e-01 5.3023e-01 -1.5905e-01 -1.5250e-01 -2.3477e-01 7.8927e-01 8.9480e-01 9.1775e-01 1.0000e+00 9.1775e-01 9.9793e-01 9.1551e-01 9.9793e-01 9.1365e-01 -2.3385e-01 -3.3282e-01 2.2351e-01 -1.7867e-01 -2.1967e-01 -1.4082e-01 -1.6029e-01 -1.5748e-01 -1.6189e-01 -1.5868e-01 -1.5707e-01 -2.2362e-02 -2.2362e-02 -2.2362e-02 1.5868e-01 -1.3842e-02 -1.3875e-01 -1.3349e-01 -1.3349e-01 -1.3186e-01 -1.3024e-01 -1.3024e-01 1.5192e-01 8.3935e-02 -1.5809e-01 -1.5238e-01 2.3966e-02
-4.7134e-03 -7.3016e-03 -1.9752e-01 -1.9752e-01 4.7123e-01 5.1890e-01 4.8362e-01 -1.2817e-01 -1.5799e-01 -2.4632e-01 7.2242e-01 8.2511e-01 1.0000e+00 9.1775e-01 1.0000e+00 9.1965e-01 9.9798e-01 9.1965e-01 9.9596e-01 -3.0271e-01 -3.6166e-01 2.8961e-01 -2.3480e-01 -2.7556e-01 -1.7516e-01 -1.9176e-01 -1.8479e-01 -1.8479e-01 -1.8566e-01 -1.8828e-01 1.5171e-02 1.5171e-02 1.5171e-02 1.9002e-01 2.0652e-02 -1.7252e-01 -1.5484e-01 -1.5484e-01 -1.5738e-01 -1.5562e-01 -1.5562e-01 1.9403e-01 1.0241e-01 -1.7853e-01 -1.7274e-01 1.6939e-02
-2.3125e-03 -4.6864e-03 -1.8787e-01 -1.8787e-01 5.2797e-01 5.6121e-01 5.3267e-01 -1.5969e-01 -1.5310e-01 -2.3565e-01 7.9178e-01 8.9720e-01 9.1965e-01 9.9793e-01 9.1965e-01 1.0000e+00 9.1742e-01 1.0000e+00 9.1556e-01 -2.3607e-01 -3.3392e-01 2.2577e-01 -1.8069e-01 -2.2177e-01 -1.4207e-01 -1.6156e-01 -1.5876e-01 -1.6317e-01 -1.5995e-01 -1.5833e-01 -2.3041e-02 -2.3041e-02 -2.3041e-02 1.5995e-01 -1.4551e-02 -1.3998e-01 -1.3482e-01 -1.3482e-01 -1.3320e-01 -1.3157e-01 -1.3157e-01 1.5389e-01 8.5220e-02 -1.5974e-01 -1.5404e-01 2.3409e-02
3.3095e-04 -2.2364e-03 -1.9972e-01 -1.9972e-01 4.7286e-01 5.2067e-01 4.8527e-01 -1.3395e-01 -1.5737e-01 -2.5055e-01 7.2403e-01 8.2257e-01 9.9798e-01 9.1551e-01 9.9798e-01 9.1742e-01 1.0000e+00 9.1742e-01 9.9395e-01 -3.0454e-01 -3.6052e-01 2.9141e-01 -2.3680e-01 -2.7748e-01 -1.7832e-01 -1.9484e-01 -1.8786e-01 -1.8786e-01 -1.8875e-01 -1.9138e-01 1.5855e-02 1.5855e-02 1.5855e-02 1.9311e-01 2.1362e-02 -1.7572e-01 -1.5780e-01 -1.5780e-01 -1.6035e-01 -1.5860e-01 -1.5860e-01 1.9608e-01 1.0552e-01 -1.8093e-01 -1.7515e-01 1.7483e-02
-2.3125e-03 -4.6864e-03 -1.8787e-01 -1.8787e-01 5.2797e-01 5.6121e-01 5.3267e-01 -1.5969e-01 -1.5310e-01 -2.3565e-01 7.9178e-01 8.9720e-01 9.1965e-01 9.9793e-01 9.1965e-01 1.0000e+00 9.1742e-01 1.0000e+00 9.1556e-01 -2.3607e-01 -3.3392e-01 2.2577e-01 -1.8069e-01 -2.2177e-01 -1.4207e-01 -1.6156e-01 -1.5876e-01 -1.6317e-01 -1.5995e-01 -1.5833e-01 -2.3041e-02 -2.3041e-02 -2.3041e-02 1.5995e-01 -1.4551e-02 -1.3998e-01 -1.3482e-01 -1.3482e-01 -1.3320e-01 -1.3157e-01 -1.3157e-01 1.5389e-01 8.5220e-02 -1.5974e-01 -1.5404e-01 2.3409e-02
-1.0553e-02 -1.3159e-02 -1.9350e-01 -1.9350e-01 4.6707e-01 5.1482e-01 4.7946e-01 -1.2817e-01 -1.5799e-01 -2.4632e-01 7.1819e-01 8.2090e-01 9.9596e-01 9.1365e-01 9.9596e-01 9.1556e-01 9.9395e-01 9.1556e-01 1.0000e+00 -3.0676e-01 -3.6166e-01 2.9366e-01 -2.3881e-01 -2.7958e-01 -1.7516e-01 -1.9176e-01 -1.8479e-01 -1.8479e-01 -1.8566e-01 -1.8828e-01 1.5171e-02 1.5171e-02 1.5171e-02 1.9002e-01 2.0652e-02 -1.7252e-01 -1.5484e-01 -1.5484e-01 -1.5738e-01 -1.5562e-01 -1.5562e-01 1.9804e-01 1.0241e-01 -1.8259e-01 -1.7680e-01 1.6939e-02
-3.6502e-02 -3.4078e-02 1.1641e-01 1.1641e-01 -1.4489e-01 -9.7685e-02 -1.4152e-01 -1.8513e-02 -1.2923e-03 -9.9014e-02 -2.1626e-01 -2.5974e-01 -3.0271e-01 -2.3385e-01 -3.0271e-01 -2.3607e-01 -3.0454e-01 -2.3607e-01 -3.0676e-01 1.0000e+00 5.3401e-01 -9.3922e-01 7.8684e-01 8.2848e-01 5.0211e-01 5.0152e-01 4.9858e-01 4.9422e-01 4.9572e-01 4.9430e-01 -1.7155e-01 -1.7155e-01 -1.7155e-01 -4.9572e-01 -1.4731e-01 4.9205e-01 4.5544e-01 4.5544e-01 4.5396e-01 4.5678e-01 4.5678e-01 -6.8996e-01 -3.9639e-01 4.2318e-01 4.1750e-01 5.9173e-02
-1.7486e-02 -1.9318e-02 9.3151e-02 9.3151e-02 -2.5381e-01 -2.1540e-01 -2.5827e-01 1.4592e-01 1.5769e-01 9.4452e-02 -3.4745e-01 -3.8126e-01 -3.6166e-01 -3.3282e-01 -3.6166e-01 -3.3392e-01 -3.6052e-01 -3.3392e-01 -3.6166e-01 5.3401e-01 1.0000e+00 -5.0949e-01 4.2406e-01 4.9775e-01 7.4799e-01 7.0892e-01 7.0209e-01 6.9724e-01 7.0118e-01 7.0316e-01 -9.7253e-03 -9.7253e-03 -9.7253e-03 -7.0604e-01 -3.0165e-02 7.4161e-01 6.7818e-01 6.7818e-01 6.8005e-01 6.8192e-01 6.8192e-01 -4.3197e-01 -6.2811e-01 3.5004e-01 3.4686e-01 1.5546e-01
2.5916e-02 2.9368e-02 -1.2553e-01 -1.2553e-01 1.4172e-01 9.5457e-02 1.3845e-01 1.6282e-02 -1.4689e-03 6.8965e-02 2.0400e-01 2.4790e-01 2.8961e-01 2.2351e-01 2.8961e-01 2.2577e-01 2.9141e-01 2.2577e-01 2.9366e-01 -9.3922e-01 -5.0949e-01 1.0000e+00 -8.4414e-01 -8.8540e-01 -5.0851e-01 -5.2066e-01 -5.2204e-01 -5.1768e-01 -5.1928e-01 -5.1790e-01 2.2875e-01 2.2875e-01 2.2875e-01 5.1928e-01 1.9672e-01 -5.0301e-01 -4.7815e-01 -4.7815e-01 -4.7671e-01 -4.7959e-01 -4.7959e-01 7.3936e-01 3.9803e-01 -4.4628e-01 -4.4469e-01 -7.2040e-02
-3.1647e-02 -3.4740e-02 1.0583e-01 1.0583e-01 -1.0525e-01 -7.5186e-02 -1.0113e-01 -1.1598e-01 -1.0000e-01 -1.3910e-01 -1.7689e-01 -2.0553e-01 -2.3480e-01 -1.7867e-01 -2.3480e-01 -1.8069e-01 -2.3680e-01 -1.8069e-01 -2.3881e-01 7.8684e-01 4.2406e-01 -8.4414e-01 1.0000e+00 9.5136e-01 6.1345e-01 6.3158e-01 6.2877e-01 6.2444e-01 6.2573e-01 6.2855e-01 -3.4331e-01 -3.4331e-01 -3.4331e-01 -6.2573e-01 -2.9935e-01 6.0303e-01 5.8336e-01 5.8336e-01 5.8604e-01 5.8874e-01 5.8874e-01 -8.8901e-01 -4.9630e-01 5.2907e-01 5.2729e-01 1.0288e-01
-2.3566e-02 -2.6787e-02 1.3569e-01 1.3569e-01 -1.3495e-01 -1.0412e-01 -1.3116e-01 1.0652e-03 2.3860e-02 -4.0923e-02 -2.1300e-01 -2.4251e-01 -2.7556e-01 -2.1967e-01 -2.7556e-01 -2.2177e-01 -2.7748e-01 -2.2177e-01 -2.7958e-01 8.2848e-01 4.9775e-01 -8.8540e-01 9.5136e-01 1.0000e+00 5.8316e-01 6.0041e-01 6.0185e-01 5.9752e-01 5.9897e-01 5.9753e-01 -2.1051e-01 -2.1051e-01 -2.1051e-01 -5.9897e-01 -1.7768e-01 5.7743e-01 5.6366e-01 5.6366e-01 5.6216e-01 5.6065e-01 5.6065e-01 -8.4546e-01 -4.7396e-01 4.9630e-01 4.9461e-01 8.9740e-02
-1.3386e-02 -1.5291e-02 -3.0774e-02 -3.0774e-02 -1.2551e-01 -8.9034e-02 -1.3051e-01 -1.9333e-02 -1.3471e-02 -4.5071e-02 -1.9438e-01 -2.0183e-01 -1.7516e-01 -1.4082e-01 -1.7516e-01 -1.4207e-01 -1.7832e-01 -1.4207e-01 -1.7516e-01 5.0211e-01 7.4799e-01 -5.0851e-01 6.1345e-01 5.8316e-01 1.0000e+00 9.4805e-01 9.4103e-01 9.3628e-01 9.3602e-01 9.3829e-01 -2.1049e-01 -2.1049e-01 -2.1049e-01 -9.3602e-01 -2.1877e-01 9.7587e-01 9.0359e-01 9.0359e-01 9.0571e-01 9.0783e-01 9.0783e-01 -6.1789e-01 -8.6128e-01 5.2060e-01 5.1763e-01 1.6728e-01
-1.5538e-02 -1.7504e-02 -2.5389e-03 -2.5389e-03 -1.4369e-01 -1.0931e-01 -1.4880e-01 -4.2073e-02 -3.6411e-02 -5.7034e-02 -2.0612e-01 -2.1392e-01 -1.9176e-01 -1.6029e-01 -1.9176e-01 -1.6156e-01 -1.9484e-01 -1.6156e-01 -1.9176e-01 5.0152e-01 7.0892e-01 -5.2066e-01 6.3158e-01 6.0041e-01 9.4805e-01 1.0000e+00 9.8825e-01 9.8825e-01 9.8823e-01 9.9058e-01 -2.1687e-01 -2.1687e-01 -2.1687e-01 -9.8823e-01 -2.2539e-01 9.4816e-01 9.4965e-01 9.4965e-01 9.5185e-01 9.5405e-01 9.5405e-01 -6.5398e-01 -8.3448e-01 5.6273e-01 5.5987e-01 1.6698e-01
-2.7265e-02 -2.9272e-02 -4.5478e-03 -4.5478e-03 -1.4070e-01 -1.0217e-01 -1.4583e-01 -4.9738e-02 -4.4345e-02 -5.8021e-02 -2.0747e-01 -2.1530e-01 -1.8479e-01 -1.5748e-01 -1.8479e-01 -1.5876e-01 -1.8786e-01 -1.5876e-01 -1.8479e-01 4.9858e-01 7.0209e-01 -5.2204e-01 6.2877e-01 6.0185e-01 9.4103e-01 9.8825e-01 1.0000e+00 9.9530e-01 9.9531e-01 9.9296e-01 -2.1741e-01 -2.1741e-01 -2.1741e-01 -9.9060e-01 -2.2595e-01 9.5546e-01 9.6120e-01 9.6120e-01 9.5877e-01 9.6099e-01 9.6099e-01 -6.5121e-01 -8.4176e-01 5.6038e-01 5.5752e-01 1.6625e-01
-2.7265e-02 -2.9272e-02 -4.5478e-03 -4.5478e-03 -1.4519e-01 -1.0658e-01 -1.5031e-01 -4.2787e-02 -4.4345e-02 -5.8021e-02 -2.0747e-01 -2.1530e-01 -1.8479e-01 -1.6189e-01 -1.8479e-01 -1.6317e-01 -1.8786e-01 -1.6317e-01 -1.8479e-01 4.9422e-01 6.9724e-01 -5.1768e-01 6.2444e-01 5.9752e-01 9.3628e-01 9.8825e-01 9.9530e-01 1.0000e+00 9.9531e-01 9.9296e-01 -2.1741e-01 -2.1741e-01 -2.1741e-01 -9.9060e-01 -2.2595e-01 9.5069e-01 9.5657e-01 9.5657e-01 9.5413e-01 9.5635e-01 9.5635e-01 -6.4689e-01 -8.3703e-01 5.5600e-01 5.5314e-01 1.6625e-01
-2.9035e-02 -3.1038e-02 -5.2638e-04 -5.2638e-04 -1.4219e-01 -1.0322e-01 -1.4728e-01 -4.8322e-02 -4.2997e-02 -5.6046e-02 -2.0476e-01 -2.1254e-01 -1.8566e-01 -1.5868e-01 -1.8566e-01 -1.5995e-01 -1.8875e-01 -1.5995e-01 -1.8566e-01 4.9572e-01 7.0118e-01 -5.1928e-01 6.2573e-01 5.9897e-01 9.3602e-01 9.8823e-01 9.9531e-01 9.9531e-01 1.0000e+00 9.9764e-01 -2.2345e-01 -2.2345e-01 -2.2345e-01 -9.9529e-01 -2.3175e-01 9.5520e-01 9.6130e-01 9.6130e-01 9.5886e-01 9.6107e-01 9.6107e-01 -6.5243e-01 -8.4140e-01 5.5632e-01 5.5344e-01 1.6772e-01
-2.3605e-02 -2.5587e-02 1.4899e-03 1.4899e-03 -1.4068e-01 -1.0596e-01 -1.4577e-01 -4.7611e-02 -4.2321e-02 -6.0603e-02 -2.0340e-01 -2.1115e-01 -1.8828e-01 -1.5707e-01 -1.8828e-01 -1.5833e-01 -1.9138e-01 -1.5833e-01 -1.8828e-01 4.9430e-01 7.0316e-01 -5.1790e-01 6.2855e-01 5.9753e-01 9.3829e-01 9.9058e-01 9.9296e-01 9.9296e-01 9.9764e-01 1.0000e+00 -2.2292e-01 -2.2292e-01 -2.2292e-01 -9.9764e-01 -2.3120e-01 9.5747e-01 9.5904e-01 9.5904e-01 9.6124e-01 9.6344e-01 9.6344e-01 -6.5521e-01 -8.3886e-01 5.5868e-01 5.5579e-01 1.6846e-01
-3.6526e-02 -3.7626e-02 5.0552e-02 5.0552e-02 -1.2105e-01 -1.5891e-01 -1.3711e-01 1.6525e-01 1.8377e-01 9.5800e-02 -5.6249e-02 -7.6656e-02 1.5171e-02 -2.2362e-02 1.5171e-02 -2.3041e-02 1.5855e-02 -2.3041e-02 1.5171e-02 -1.7155e-01 -9.7253e-03 2.2875e-01 -3.4331e-01 -2.1051e-01 -2.1049e-01 -2.1687e-01 -2.1741e-01 -2.1741e-01 -2.2345e-01 -2.2292e-01 1.0000e+00 1.0000e+00 1.0000e+00 2.1634e-01 9.4335e-01 -2.0836e-01 -1.2738e-01 -1.2738e-01 -1.2676e-01 -1.2614e-01 -1.2614e-01 2.4228e-01 1.0652e-01 -3.4606e-03 -2.7773e-03 3.8628e-02
-3.6526e-02 -3.7626e-02 5.0552e-02 5.0552e-02 -1.2105e-01 -1.5891e-01 -1.3711e-01 1.6525e-01 1.8377e-01 9.5800e-02 -5.6249e-02 -7.6656e-02 1.5171e-02 -2.2362e-02 1.5171e-02 -2.3041e-02 1.5855e-02 -2.3041e-02 1.5171e-02 -1.7155e-01 -9.7253e-03 2.2875e-01 -3.4331e-01 -2.1051e-01 -2.1049e-01 -2.1687e-01 -2.1741e-01 -2.1741e-01 -2.2345e-01 -2.2292e-01 1.0000e+00 1.0000e+00 1.0000e+00 2.1634e-01 9.4335e-01 -2.0836e-01 -1.2738e-01 -1.2738e-01 -1.2676e-01 -1.2614e-01 -1.2614e-01 2.4228e-01 1.0652e-01 -3.4606e-03 -2.7773e-03 3.8628e-02
-3.6526e-02 -3.7626e-02 5.0552e-02 5.0552e-02 -1.2105e-01 -1.5891e-01 -1.3711e-01 1.6525e-01 1.8377e-01 9.5800e-02 -5.6249e-02 -7.6656e-02 1.5171e-02 -2.2362e-02 1.5171e-02 -2.3041e-02 1.5855e-02 -2.3041e-02 1.5171e-02 -1.7155e-01 -9.7253e-03 2.2875e-01 -3.4331e-01 -2.1051e-01 -2.1049e-01 -2.1687e-01 -2.1741e-01 -2.1741e-01 -2.2345e-01 -2.2292e-01 1.0000e+00 1.0000e+00 1.0000e+00 2.1634e-01 9.4335e-01 -2.0836e-01 -1.2738e-01 -1.2738e-01 -1.2676e-01 -1.2614e-01 -1.2614e-01 2.4228e-01 1.0652e-01 -3.4606e-03 -2.7773e-03 3.8628e-02
2.2723e-02 2.4707e-02 -3.8141e-03 -3.8141e-03 1.4219e-01 1.0764e-01 1.4728e-01 4.8322e-02 4.2997e-02 5.6046e-02 2.0476e-01 2.1254e-01 1.9002e-01 1.5868e-01 1.9002e-01 1.5995e-01 1.9311e-01 1.5995e-01 1.9002e-01 -4.9572e-01 -7.0604e-01 5.1928e-01 -6.2573e-01 -5.9897e-01 -9.3602e-01 -9.8823e-01 -9.9060e-01 -9.9060e-01 -9.9529e-01 -9.9764e-01 2.1634e-01 2.1634e-01 2.1634e-01 1.0000e+00 2.3175e-01 -9.5998e-01 -9.6130e-01 -9.6130e-01 -9.6351e-01 -9.6572e-01 -9.6572e-01 6.5676e-01 8.4140e-01 -5.6070e-01 -5.5783e-01 -1.6772e-01
-2.6675e-02 -2.7781e-02 6.6621e-02 6.6621e-02 -1.3442e-01 -1.5324e-01 -1.5018e-01 1.5284e-01 1.7124e-01 8.2411e-02 -7.0527e-02 -9.0711e-02 2.0652e-02 -1.3842e-02 2.0652e-02 -1.4551e-02 2.1362e-02 -1.4551e-02 2.0652e-02 -1.4731e-01 -3.0165e-02 1.9672e-01 -2.9935e-01 -1.7768e-01 -2.1877e-01 -2.2539e-01 -2.2595e-01 -2.2595e-01 -2.3175e-01 -2.3120e-01 9.4335e-01 9.4335e-01 9.4335e-01 2.3175e-01 1.0000e+00 -2.2358e-01 -1.4579e-01 -1.4579e-01 -1.4516e-01 -1.4452e-01 -1.4452e-01 2.6403e-01 1.3183e-01 -2.9088e-03 -2.1999e-03 3.1557e-02
-2.3334e-02 -2.5252e-02 -2.2721e-02 -2.2721e-02 -1.2394e-01 -8.6664e-02 -1.2889e-01 -3.7552e-02 -3.2748e-02 -5.2277e-02 -1.9354e-01 -2.0084e-01 -1.7252e-01 -1.3875e-01 -1.7252e-01 -1.3998e-01 -1.7572e-01 -1.3998e-01 -1.7252e-01 4.9205e-01 7.4161e-01 -5.0301e-01 6.0303e-01 5.7743e-01 9.7587e-01 9.4816e-01 9.5546e-01 9.5069e-01 9.5520e-01 9.5747e-01 -2.0836e-01 -2.0836e-01 -2.0836e-01 -9.5998e-01 -2.2358e-01 1.0000e+00 9.2743e-01 9.2743e-01 9.2956e-01 9.3169e-01 9.3169e-01 -6.3362e-01 -8.8012e-01 5.3018e-01 5.2718e-01 1.7033e-01
-3.9080e-02 -4.1191e-02 -1.2884e-02 -1.2884e-02 -1.6306e-01 -1.2276e-01 -1.6391e-01 -6.0242e-02 -5.4336e-02 -6.7192e-02 -2.2763e-01 -2.3586e-01 -1.5484e-01 -1.3349e-01 -1.5484e-01 -1.3482e-01 -1.5780e-01 -1.3482e-01 -1.5484e-01 4.5544e-01 6.7818e-01 -4.7815e-01 5.8336e-01 5.6366e-01 9.0359e-01 9.4965e-01 9.6120e-01 9.5657e-01 9.6130e-01 9.5904e-01 -1.2738e-01 -1.2738e-01 -1.2738e-01 -9.6130e-01 -1.4579e-01 9.2743e-01 1.0000e+00 1.0000e+00 9.9771e-01 9.9543e-01 9.9543e-01 -6.7466e-01 -8.8000e-01 5.8647e-01 5.8373e-01 2.4042e-01
-3.9080e-02 -4.1191e-02 -1.2884e-02 -1.2884e-02 -1.6306e-01 -1.2276e-01 -1.6391e-01 -6.0242e-02 -5.4336e-02 -6.7192e-02 -2.2763e-01 -2.3586e-01 -1.5484e-01 -1.3349e-01 -1.5484e-01 -1.3482e-01 -1.5780e-01 -1.3482e-01 -1.5484e-01 4.5544e-01 6.7818e-01 -4.7815e-01 5.8336e-01 5.6366e-01 9.0359e-01 9.4965e-01 9.6120e-01 9.5657e-01 9.6130e-01 9.5904e-01 -1.2738e-01 -1.2738e-01 -1.2738e-01 -9.6130e-01 -1.4579e-01 9.2743e-01 1.0000e+00 1.0000e+00 9.9771e-01 9.9543e-01 9.9543e-01 -6.7466e-01 -8.8000e-01 5.8647e-01 5.8373e-01 2.4042e-01
-3.3737e-02 -3.5827e-02 -1.0908e-02 -1.0908e-02 -1.6158e-01 -1.2546e-01 -1.6241e-01 -5.9548e-02 -5.3676e-02 -7.1685e-02 -2.2629e-01 -2.3450e-01 -1.5738e-01 -1.3186e-01 -1.5738e-01 -1.3320e-01 -1.6035e-01 -1.3320e-01 -1.5738e-01 4.5396e-01 6.8005e-01 -4.7671e-01 5.8604e-01 5.6216e-01 9.0571e-01 9.5185e-01 9.5877e-01 9.5413e-01 9.5886e-01 9.6124e-01 -1.2676e-01 -1.2676e-01 -1.2676e-01 -9.6351e-01 -1.4516e-01 9.2956e-01 9.9771e-01 9.9771e-01 1.0000e+00 9.9771e-01 9.9771e-01 -6.7736e-01 -8.7745e-01 5.8877e-01 5.8602e-01 2.4119e-01
-3.4614e-02 -3.6702e-02 -8.9284e-03 -8.9284e-03 -1.6010e-01 -1.2816e-01 -1.6535e-01 -5.8853e-02 -5.3015e-02 -7.0718e-02 -2.2495e-01 -2.3314e-01 -1.5562e-01 -1.3024e-01 -1.5562e-01 -1.3157e-01 -1.5860e-01 -1.3157e-01 -1.5562e-01 4.5678e-01 6.8192e-01 -4.7959e-01 5.8874e-01 5.6065e-01 9.0783e-01 9.5405e-01 9.6099e-01 9.5635e-01 9.6107e-01 9.6344e-01 -1.2614e-01 -1.2614e-01 -1.2614e-01 -9.6572e-01 -1.4452e-01 9.3169e-01 9.9543e-01 9.9543e-01 9.9771e-01 1.0000e+00 1.0000e+00 -6.8007e-01 -8.7957e-01 5.9108e-01 5.8832e-01 2.4197e-01
-3.4614e-02 -3.6702e-02 -8.9284e-03 -8.9284e-03 -1.6010e-01 -1.2816e-01 -1.6535e-01 -5.8853e-02 -5.3015e-02 -7.0718e-02 -2.2495e-01 -2.3314e-01 -1.5562e-01 -1.3024e-01 -1.5562e-01 -1.3157e-01 -1.5860e-01 -1.3157e-01 -1.5562e-01 4.5678e-01 6.8192e-01 -4.7959e-01 5.8874e-01 5.6065e-01 9.0783e-01 9.5405e-01 9.6099e-01 9.5635e-01 9.6107e-01 9.6344e-01 -1.2614e-01 -1.2614e-01 -1.2614e-01 -9.6572e-01 -1.4452e-01 9.3169e-01 9.9543e-01 9.9543e-01 9.9771e-01 1.0000e+00 1.0000e+00 -6.8007e-01 -8.7957e-01 5.9108e-01 5.8832e-01 2.4197e-01
4.2684e-02 4.5729e-02 -6.7911e-02 -6.7911e-02 1.2961e-01 1.0906e-01 1.2520e-01 1.1902e-01 1.0411e-01 1.4092e-01 1.9476e-01 2.1015e-01 1.9403e-01 1.5192e-01 1.9403e-01 1.5389e-01 1.9608e-01 1.5389e-01 1.9804e-01 -6.8996e-01 -4.3197e-01 7.3936e-01 -8.8901e-01 -8.4546e-01 -6.1789e-01 -6.5398e-01 -6.5121e-01 -6.4689e-01 -6.5243e-01 -6.5521e-01 2.4228e-01 2.4228e-01 2.4228e-01 6.5676e-01 2.6403e-01 -6.3362e-01 -6.7466e-01 -6.7466e-01 -6.7736e-01 -6.8007e-01 -6.8007e-01 1.0000e+00 5.8813e-01 -6.0484e-01 -5.9900e-01 -1.9744e-01
1.4467e-02 1.6402e-02 5.1462e-02 5.1462e-02 1.7080e-01 1.3470e-01 1.8028e-01 3.0765e-02 2.5005e-02 4.5514e-02 1.7957e-01 1.9190e-01 1.0241e-01 8.3935e-02 1.0241e-01 8.5220e-02 1.0552e-01 8.5220e-02 1.0241e-01 -3.9639e-01 -6.2811e-01 3.9803e-01 -4.9630e-01 -4.7396e-01 -8.6128e-01 -8.3448e-01 -8.4176e-01 -8.3703e-01 -8.4140e-01 -8.3886e-01 1.0652e-01 1.0652e-01 1.0652e-01 8.4140e-01 1.3183e-01 -8.8012e-01 -8.8000e-01 -8.8000e-01 -8.7745e-01 -8.7957e-01 -8.7957e-01 5.8813e-01 1.0000e+00 -5.9464e-01 -5.9174e-01 -2.4942e-01
-5.6794e-02 -5.9436e-02 7.9053e-02 7.9053e-02 -1.8080e-01 -1.3349e-01 -1.8738e-01 -6.8818e-02 -5.7030e-02 -6.7550e-02 -2.3552e-01 -2.6005e-01 -1.7853e-01 -1.5809e-01 -1.7853e-01 -1.5974e-01 -1.8093e-01 -1.5974e-01 -1.8259e-01 4.2318e-01 3.5004e-01 -4.4628e-01 5.2907e-01 4.9630e-01 5.2060e-01 5.6273e-01 5.6038e-01 5.5600e-01 5.5632e-01 5.5868e-01 -3.4606e-03 -3.4606e-03 -3.4606e-03 -5.6070e-01 -2.9088e-03 5.3018e-01 5.8647e-01 5.8647e-01 5.8877e-01 5.9108e-01 5.9108e-01 -6.0484e-01 -5.9464e-01 1.0000e+00 9.9387e-01 2.2107e-01
-5.7613e-02 -6.0252e-02 7.6914e-02 7.6914e-02 -1.7515e-01 -1.2777e-01 -1.8173e-01 -6.8138e-02 -5.6384e-02 -7.1763e-02 -2.2989e-01 -2.5444e-01 -1.7274e-01 -1.5238e-01 -1.7274e-01 -1.5404e-01 -1.7515e-01 -1.5404e-01 -1.7680e-01 4.1750e-01 3.4686e-01 -4.4469e-01 5.2729e-01 4.9461e-01 5.1763e-01 5.5987e-01 5.5752e-01 5.5314e-01 5.5344e-01 5.5579e-01 -2.7773e-03 -2.7773e-03 -2.7773e-03 -5.5783e-01 -2.1999e-03 5.2718e-01 5.8373e-01 5.8373e-01 5.8602e-01 5.8832e-01 5.8832e-01 -5.9900e-01 -5.9174e-01 9.9387e-01 1.0000e+00 2.2972e-01
-6.6260e-02 -6.7248e-02 -4.4985e-03 -4.4985e-03 -1.0485e-01 -2.7255e-02 -9.0406e-02 3.3531e-02 3.0682e-02 2.2772e-03 -9.1929e-02 -1.0523e-01 1.6939e-02 2.3966e-02 1.6939e-02 2.3409e-02 1.7483e-02 2.3409e-02 1.6939e-02 5.9173e-02 1.5546e-01 -7.2040e-02 1.0288e-01 8.9740e-02 1.6728e-01 1.6698e-01 1.6625e-01 1.6625e-01 1.6772e-01 1.6846e-01 3.8628e-02 3.8628e-02 3.8628e-02 -1.6772e-01 3.1557e-02 1.7033e-01 2.4042e-01 2.4042e-01 2.4119e-01 2.4197e-01 2.4197e-01 -1.9744e-01 -2.4942e-01 2.2107e-01 2.2972e-01 1.0000e+00
