1.0000e+00 1.9670e-01 -9.4410e-02 -1.0871e-03 3.6011e-02 -5.2595e-02 -5.4066e-02 -2.9122e-02 -2.2265e-02 5.1167e-02 -5.5830e-02 -6.8724e-02 -1.2788e-02 -3.7993e-02 -1.9493e-02 -4.2428e-02 1.5811e-02 -8.4653e-03 -5.1027e-03 1.3356e-03 -4.2753e-03 -3.1529e-02 -1.8106e-02 3.4905e-02 -1.6296e-02 -1.7063e-02 4.2238e-03 -3.6181e-02 3.2749e-02 -8.3196e-03
1.9670e-01 1.0000e+00 3.0770e-02 1.0899e-03 9.9918e-02 4.0770e-02 -5.6360e-02 3.9988e-02 1.0223e-02 6.2824e-02 -6.8283e-02 -9.8096e-02 4.9398e-02 -6.8480e-03 -6.1331e-02 -3.2143e-02 4.0925e-03 2.2507e-02 -5.7538e-02 4.9390e-02 -5.5325e-02 -1.0079e-01 8.3135e-03 1.5335e-02 -8.7302e-03 -1.1763e-02 2.4377e-02 -5.3912e-03 -2.7429e-02 -5.3553e-02
-9.4410e-02 3.0770e-02 1.0000e+00 -2.4833e-01 3.9889e-01 -3.0396e-01 -4.6847e-01 8.8896e-03 -9.6532e-03 -2.4766e-02 3.4414e-02 1.6006e-02 8.6602e-03 3.2219e-02 4.2720e-03 2.5284e-02 -1.6773e-02 2.8334e-02 -2.2586e-02 8.9855e-03 -1.0795e-02 5.7118e-02 -3.9692e-02 -1.4000e-03 -3.3520e-02 3.9103e-02 -5.7699e-03 2.6602e-02 2.4095e-02 1.4528e-02
-1.0871e-03 1.0899e-03 -2.4833e-01 1.0000e+00 -1.5469e-01 7.2638e-02 -1.5692e-01 1.5468e-01 -3.6499e-02 -7.8546e-04 -1.2241e-02 -2.0889e-02 -5.0313e-02 -9.3377e-04 1.1747e-02 -5.3141e-02 1.0330e-02 -6.5718e-03 7.4734e-02 4.0087e-02 -1.6780e-02 -3.0411e-02 6.2072e-03 -3.1117e-02 -2.6713e-02 -8.6473e-02 3.4961e-02 -2.1543e-02 3.0859e-02 3.0844e-03
3.6011e-02 9.9918e-02 3.9889e-01 -1.5469e-01 1.0000e+00 3.5368e-01 -3.0871e-01 1.0598e-02 -6.8441e-02 6.6829e-02 -1.0168e-01 -9.1168e-02 2.2829e-02 -1.2440e-02 6.4141e-02 5.2936e-02 2.1251e-02 -3.0210e-02 -7.9732e-02 2.0231e-02 2.1594e-03 -6.5638e-02 -2.1886e-02 -2.6318e-02 1.3033e-02 4.7611e-02 -3.9963e-02 -4.4159e-02 2.9702e-02 4.2832e-02
-5.2595e-02 4.0770e-02 -3.0396e-01 7.2638e-02 3.5368e-01 1.0000e+00 3.6701e-01 -3.5613e-02 -6.7471e-02 1.3073e-01 -1.9652e-01 -1.4339e-01 -4.0960e-02 -7.3952e-02 3.8932e-02 -3.1259e-02 3.2326e-02 -3.9128e-02 -2.4943e-03 3.8935e-03 2.4864e-02 -1.5863e-01 2.4324e-02 -4.4429e-03 1.3668e-02 1.5864e-02 -2.0926e-02 1.4626e-02 1.3456e-02 5.3971e-02
-5.4066e-02 -5.6360e-02 -4.6847e-01 -1.5692e-01 -3.0871e-01 3.6701e-01 1.0000e+00 -1.1914e-01 -7.0057e-02 9.7855e-02 -6.3429e-02 -5.6974e-03 -3.2751e-02 -6.1966e-02 -3.5509e-02 -4.8870e-02 1.2704e-02 -1.6663e-02 9.4865e-03 -4.1279e-02 2.6014e-02 -6.8549e-02 4.6461e-02 9.1219e-03 3.6163e-02 3.5051e-02 -4.5305e-02 6.5939e-02 -1.6253e-02 -2.5896e-02
-2.9122e-02 3.9988e-02 8.8896e-03 1.5468e-01 1.0598e-02 -3.5613e-02 -1.1914e-01 1.0000e+00 -3.6045e-02 8.0796e-02 -6.8249e-02 -8.6740e-02 -5.6461e-02 6.4490e-02 2.8845e-02 5.1694e-02 2.5671e-02 -5.6906e-02 3.1026e-02 -8.0060e-02 1.0432e-01 -6.1863e-03 3.8577e-03 4.8295e-02 -1.3751e-02 -5.6771e-02 6.9011e-02 -5.0574e-02 2.8354e-02 -1.8513e-02
-2.2265e-02 1.0223e-02 -9.6532e-03 -3.6499e-02 -6.8441e-02 -6.7471e-02 -7.0057e-02 -3.6045e-02 1.0000e+00 -4.6193e-02 2.0710e-01 1.7420e-01 7.4996e-02 -4.4485e-02 -6.6307e-02 -2.2765e-02 8.5201e-02 -4.1088e-02 -1.8292e-02 -3.4111e-02 2.0118e-02 -3.7432e-03 -1.9874e-02 -1.7756e-02 -1.7887e-02 -4.5840e-03 -2.7001e-02 3.0736e-02 -1.5233e-02 2.5912e-02
5.1167e-02 6.2824e-02 -2.4766e-02 -7.8546e-04 6.6829e-02 1.3073e-01 9.7855e-02 8.0796e-02 -4.6193e-02 1.0000e+00 -8.0614e-01 -6.4874e-01 1.0188e-01 -1.1592e-01 -5.6938e-02 4.2673e-03 6.4060e-02 -2.2326e-01 -9.3640e-02 -1.1125e-02 4.4102e-03 -1.1291e-01 2.0701e-02 -2.0821e-02 -4.1876e-02 6.4066e-04 -9.1939e-02 -2.1359e-02 1.6656e-02 1.4522e-02
-5.5830e-02 -6.8283e-02 3.4414e-02 -1.2241e-02 -1.0168e-01 -1.9652e-01 -6.3429e-02 -6.8249e-02 2.0710e-01 -8.0614e-01 1.0000e+00 8.1239e-01 -1.2560e-01 1.4713e-01 6.5584e-02 -2.0554e-02 -6.9899e-02 3.1346e-01 4.4375e-02 3.1274e-02 -1.2564e-02 1.2115e-01 -2.6452e-02 7.9385e-03 -4.4853e-02 -1.2024e-02 8.8758e-02 3.7521e-02 2.9300e-03 -1.1072e-03
-6.8724e-02 -9.8096e-02 1.6006e-02 -2.0889e-02 -9.1168e-02 -1.4339e-01 -5.6974e-03 -8.6740e-02 1.7420e-01 -6.4874e-01 8.1239e-01 1.0000e+00 -8.8606e-02 9.6293e-02 1.4253e-01 6.0452e-02 -5.6650e-02 2.5541e-01 2.6006e-02 -1.7799e-03 2.3517e-02 7.3689e-02 -2.0744e-02 1.6764e-02 -3.2724e-02 -1.6447e-02 7.5985e-02 -1.5766e-02 1.4118e-02 1.9109e-02
-1.2788e-02 4.9398e-02 8.6602e-03 -5.0313e-02 2.2829e-02 -4.0960e-02 -3.2751e-02 -5.6461e-02 7.4996e-02 1.0188e-01 -1.2560e-01 -8.8606e-02 1.0000e+00 4.1503e-02 -9.9975e-02 -6.1292e-02 1.3610e-01 -5.3635e-02 -8.7233e-02 5.0950e-03 -7.6684e-04 9.6288e-02 -2.5581e-02 -2.5029e-02 -1.8120e-02 6.5610e-03 -4.0784e-02 5.9064e-02 -3.6279e-02 1.6513e-02
-3.7993e-02 -6.8480e-03 3.2219e-02 -9.3377e-04 -1.2440e-02 -7.3952e-02 -6.1966e-02 6.4490e-02 -4.4485e-02 -1.1592e-01 1.4713e-01 9.6293e-02 4.1503e-02 1.0000e+00 -2.3875e-01 7.4878e-02 -1.0958e-01 1.3923e-01 7.8614e-02 1.2837e-01 -1.1168e-01 7.3182e-02 3.4062e-03 4.7829e-02 -1.4551e-02 4.5121e-02 5.0835e-02 1.8177e-02 3.1449e-02 6.2858e-03
-1.9493e-02 -6.1331e-02 4.2720e-03 1.1747e-02 6.4141e-02 3.8932e-02 -3.5509e-02 2.8845e-02 -6.6307e-02 -5.6938e-02 6.5584e-02 1.4253e-01 -9.9975e-02 -2.3875e-01 1.0000e+00 3.0768e-01 -2.2655e-02 3.1045e-01 -2.1196e-01 -2.1224e-01 2.0491e-01 -1.3011e-01 -2.7067e-02 2.7780e-02 -6.1171e-02 -7.4842e-04 3.9094e-02 -7.3770e-02 2.2318e-02 2.5622e-02
-4.2428e-02 -3.2143e-02 2.5284e-02 -5.3141e-02 5.2936e-02 -3.1259e-02 -4.8870e-02 5.1694e-02 -2.2765e-02 4.2673e-03 -2.0554e-02 6.0452e-02 -6.1292e-02 7.4878e-02 3.0768e-01 1.0000e+00 -5.3119e-02 -7.8295e-02 6.5414e-02 -1.4692e-01 1.4623e-01 -4.8735e-02 -8.8329e-03 1.5789e-01 -1.9185e-03 4.7149e-02 8.1935e-02 -5.2396e-02 3.8556e-03 2.6198e-02
1.5811e-02 4.0925e-03 -1.6773e-02 1.0330e-02 2.1251e-02 3.2326e-02 1.2704e-02 2.5671e-02 8.5201e-02 6.4060e-02 -6.9899e-02 -5.6650e-02 1.3610e-01 -1.0958e-01 -2.2655e-02 -5.3119e-02 1.0000e+00 -4.6864e-02 -6.5222e-02 -1.3827e-01 1.2532e-01 1.5037e-02 -2.2668e-02 4.7986e-03 -2.0402e-02 -4.3223e-02 -3.6617e-02 -3.8249e-03 4.9642e-02 4.1953e-02
-8.4653e-03 2.2507e-02 2.8334e-02 -6.5718e-03 -3.0210e-02 -3.9128e-02 -1.6663e-02 -5.6906e-02 -4.1088e-02 -2.2326e-01 3.1346e-01 2.5541e-01 -5.3635e-02 1.3923e-01 3.1045e-01 -7.8295e-02 -4.6864e-02 1.0000e+00 -1.0789e-01 1.0285e-01 -8.2144e-02 -3.9024e-02 -3.3412e-02 -2.2599e-02 -3.0072e-02 -4.2464e-02 5.6891e-02 -1.0726e-01 2.0341e-03 -2.3719e-02
-5.1027e-03 -5.7538e-02 -2.2586e-02 7.4734e-02 -7.9732e-02 -2.4943e-03 9.4865e-03 3.1026e-02 -1.8292e-02 -9.3640e-02 4.4375e-02 2.6006e-02 -8.7233e-02 7.8614e-02 -2.1196e-01 6.5414e-02 -6.5222e-02 -1.0789e-01 1.0000e+00 2.5251e-01 -2.0933e-01 2.5131e-01 -6.6475e-02 1.5032e-02 9.0212e-02 7.9296e-02 -6.3279e-03 3.4923e-02 1.6182e-02 -2.8541e-02
1.3356e-03 4.9390e-02 8.9855e-03 4.0087e-02 2.0231e-02 3.8935e-03 -4.1279e-02 -8.0060e-02 -3.4111e-02 -1.1125e-02 3.1274e-02 -1.7799e-03 5.0950e-03 1.2837e-01 -2.1224e-01 -1.4692e-01 -1.3827e-01 1.0285e-01 2.5251e-01 1.0000e+00 -7.7873e-01 8.8608e-02 6.4314e-02 -5.5707e-02 3.6034e-02 2.9795e-02 -1.9284e-02 1.9781e-02 -4.0765e-02 -5.2150e-02
-4.2753e-03 -5.5325e-02 -1.0795e-02 -1.6780e-02 2.1594e-03 2.4864e-02 2.6014e-02 1.0432e-01 2.0118e-02 4.4102e-03 -1.2564e-02 2.3517e-02 -7.6684e-04 -1.1168e-01 2.0491e-01 1.4623e-01 1.2532e-01 -8.2144e-02 -2.0933e-01 -7.7873e-01 1.0000e+00 -9.6990e-02 -5.5697e-02 7.0792e-02 -2.6183e-02 -6.7172e-02 1.7347e-03 -2.8968e-02 8.8713e-03 5.1632e-02
-3.1529e-02 -1.0079e-01 5.7118e-02 -3.0411e-02 -6.5638e-02 -1.5863e-01 -6.8549e-02 -6.1863e-03 -3.7432e-03 -1.1291e-01 1.2115e-01 7.3689e-02 9.6288e-02 7.3182e-02 -1.3011e-01 -4.8735e-02 1.5037e-02 -3.9024e-02 2.5131e-01 8.8608e-02 -9.6990e-02 1.0000e+00 -2.8144e-02 -9.4568e-03 -2.5330e-02 9.8782e-02 -4.8730e-03 1.1685e-02 -2.9755e-03 -1.4881e-02
-1.8106e-02 8.3135e-03 -3.9692e-02 6.2072e-03 -2.1886e-02 2.4324e-02 4.6461e-02 3.8577e-03 -1.9874e-02 2.0701e-02 -2.6452e-02 -2.0744e-02 -2.5581e-02 3.4062e-03 -2.7067e-02 -8.8329e-03 -2.2668e-02 -3.3412e-02 -6.6475e-02 6.4314e-02 -5.5697e-02 -2.8144e-02 1.0000e+00 -4.7007e-02 -1.4546e-02 1.4006e-01 -4.0333e-02 5.6822e-02 5.4939e-02 1.5591e-02
3.4905e-02 1.5335e-02 -1.4000e-03 -3.1117e-02 -2.6318e-02 -4.4429e-03 9.1219e-03 4.8295e-02 -1.7756e-02 -2.0821e-02 7.9385e-03 1.6764e-02 -2.5029e-02 4.7829e-02 2.7780e-02 1.5789e-01 4.7986e-03 -2.2599e-02 1.5032e-02 -5.5707e-02 7.0792e-02 -9.4568e-03 -4.7007e-02 1.0000e+00 -4.2308e-02 -2.6050e-02 5.0818e-01 4.4389e-02 5.7836e-02 3.1516e-02
-1.6296e-02 -8.7302e-03 -3.3520e-02 -2.6713e-02 1.3033e-02 1.3668e-02 3.6163e-02 -1.3751e-02 -1.7887e-02 -4.1876e-02 -4.4853e-02 -3.2724e-02 -1.8120e-02 -1.4551e-02 -6.1171e-02 -1.9185e-03 -2.0402e-02 -3.0072e-02 9.0212e-02 3.6034e-02 -2.6183e-02 -2.5330e-02 -1.4546e-02 -4.2308e-02 1.0000e+00 -7.5828e-02 -3.6301e-02 -6.7850e-02 -3.5726e-02 -3.0414e-03
-1.7063e-02 -1.1763e-02 3.9103e-02 -8.6473e-02 4.7611e-02 1.5864e-02 3.5051e-02 -5.6771e-02 -4.5840e-03 6.4066e-04 -1.2024e-02 -1.6447e-02 6.5610e-03 4.5121e-02 -7.4842e-04 4.7149e-02 -4.3223e-02 -4.2464e-02 7.9296e-02 2.9795e-02 -6.7172e-02 9.8782e-02 1.4006e-01 -2.6050e-02 -7.5828e-02 1.0000e+00 -1.9528e-01 1.5678e-01 4.2889e-02 -3.9606e-02
4.2238e-03 2.4377e-02 -5.7699e-03 3.4961e-02 -3.9963e-02 -2.0926e-02 -4.5305e-02 6.9011e-02 -2.7001e-02 -9.1939e-02 8.8758e-02 7.5985e-02 -4.0784e-02 5.0835e-02 3.9094e-02 8.1935e-02 -3.6617e-02 5.6891e-02 -6.3279e-03 -1.9284e-02 1.7347e-03 -4.8730e-03 -4.0333e-02 5.0818e-01 -3.6301e-02 -1.9528e-01 1.0000e+00 1.0573e-02 -8.3337e-03 8.5827e-03
-3.6181e-02 -5.3912e-03 2.6602e-02 -2.1543e-02 -4.4159e-02 1.4626e-02 6.5939e-02 -5.0574e-02 3.0736e-02 -2.1359e-02 3.7521e-02 -1.5766e-02 5.9064e-02 1.8177e-02 -7.3770e-02 -5.2396e-02 -3.8249e-03 -1.0726e-01 3.4923e-02 1.9781e-02 -2.8968e-02 1.1685e-02 5.6822e-02 4.4389e-02 -6.7850e-02 1.5678e-01 1.0573e-02 1.0000e+00 7.9304e-02 4.1352e-02
3.2749e-02 -2.7429e-02 2.4095e-02 3.0859e-02 2.9702e-02 1.3456e-02 -1.6253e-02 2.8354e-02 -1.5233e-02 1.6656e-02 2.9300e-03 1.4118e-02 -3.6279e-02 3.1449e-02 2.2318e-02 3.8556e-03 4.9642e-02 2.0341e-03 1.6182e-02 -4.0765e-02 8.8713e-03 -2.9755e-03 5.4939e-02 5.7836e-02 -3.5726e-02 4.2889e-02 -8.3337e-03 7.9304e-02 1.0000e+00 4.7859e-01
-8.3196e-03 -5.3553e-02 1.4528e-02 3.0844e-03 4.2832e-02 5.3971e-02 -2.5896e-02 -1.8513e-02 2.5912e-02 1.4522e-02 -1.1072e-03 1.9109e-02 1.6513e-02 6.2858e-03 2.5622e-02 2.6198e-02 4.1953e-02 -2.3719e-02 -2.8541e-02 -5.2150e-02 5.1632e-02 -1.4881e-02 1.5591e-02 3.1516e-02 -3.0414e-03 -3.9606e-02 8.5827e-03 4.1352e-02 4.7859e-01 1.0000e+00
