1.0000e+00 9.9791e-01 9.9791e-01 -7.3810e-01 9.4226e-01 -7.3810e-01 9.4429e-01 -2.8132e-01 9.4429e-01 9.4429e-01 9.4429e-01 -7.3810e-01 9.4429e-01 -7.4003e-01 -7.4003e-01 -6.9816e-01 2.5617e-01 4.5560e-01 4.6225e-01 4.5829e-01 6.3896e-01 2.0505e-01 -3.4984e-01 1.3285e-01 6.4931e-01 5.7552e-01 5.7646e-01 5.7646e-01 4.6387e-01 5.7646e-01 5.7646e-01 5.7646e-01 2.1915e-01 2.2413e-01 5.3301e-01 5.3301e-01 4.7526e-01 4.7526e-01 3.4116e-02 3.1253e-02 8.7849e-03 7.1156e-03 7.1156e-03 7.1156e-03 2.9239e-02 4.4654e-03 4.4654e-03 4.4654e-03 -3.9481e-02 -2.0479e-03 1.9818e-02 3.0705e-02 3.5458e-02 3.5458e-02 -1.1464e-02 1.2484e-02 7.5524e-03 7.5524e-03 5.0393e-03
9.9791e-01 1.0000e+00 1.0000e+00 -7.3965e-01 9.4423e-01 -7.3965e-01 9.4627e-01 -2.8191e-01 9.4627e-01 9.4627e-01 9.4627e-01 -7.3965e-01 9.4627e-01 -7.4158e-01 -7.4158e-01 -6.9974e-01 2.5558e-01 4.5823e-01 4.6491e-01 4.6093e-01 6.4050e-01 2.0452e-01 -3.5062e-01 1.4157e-01 6.5087e-01 5.7729e-01 5.7871e-01 5.7871e-01 4.6643e-01 5.7871e-01 5.7871e-01 5.7871e-01 2.1862e-01 2.2359e-01 5.3477e-01 5.3477e-01 4.7747e-01 4.7747e-01 3.3055e-02 3.0138e-02 7.3371e-03 5.6702e-03 5.6702e-03 5.6702e-03 2.6542e-02 3.0156e-03 3.0156e-03 3.0156e-03 -3.9783e-02 -3.5300e-03 2.1357e-02 3.0034e-02 3.5192e-02 3.5192e-02 -1.1862e-02 1.5296e-02 9.8203e-03 9.8203e-03 7.3015e-03
9.9791e-01 1.0000e+00 1.0000e+00 -7.3965e-01 9.4423e-01 -7.3965e-01 9.4627e-01 -2.8191e-01 9.4627e-01 9.4627e-01 9.4627e-01 -7.3965e-01 9.4627e-01 -7.4158e-01 -7.4158e-01 -6.9974e-01 2.5558e-01 4.5823e-01 4.6491e-01 4.6093e-01 6.4050e-01 2.0452e-01 -3.5062e-01 1.4157e-01 6.5087e-01 5.7729e-01 5.7871e-01 5.7871e-01 4.6643e-01 5.7871e-01 5.7871e-01 5.7871e-01 2.1862e-01 2.2359e-01 5.3477e-01 5.3477e-01 4.7747e-01 4.7747e-01 3.3055e-02 3.0138e-02 7.3371e-03 5.6702e-03 5.6702e-03 5.6702e-03 2.6542e-02 3.0156e-03 3.0156e-03 3.0156e-03 -3.9783e-02 -3.5300e-03 2.1357e-02 3.0034e-02 3.5192e-02 3.5192e-02 -1.1862e-02 1.5296e-02 9.8203e-03 9.8203e-03 7.3015e-03
-7.3810e-01 -7.3965e-01 -7.3965e-01 1.0000e+00 -7.7859e-01 1.0000e+00 -7.8165e-01 3.8113e-01 -7.8165e-01 -7.8165e-01 -7.8165e-01 1.0000e+00 -7.8165e-01 9.9740e-01 9.9740e-01 9.4698e-01 -2.0367e-01 -4.1665e-01 -4.2637e-01 -4.2947e-01 -8.0301e-01 -1.5386e-01 3.9874e-01 -1.0793e-01 -7.7147e-01 -6.2871e-01 -5.1974e-01 -5.1974e-01 -4.3450e-01 -5.1974e-01 -5.1974e-01 -5.1974e-01 -1.6693e-01 -1.7053e-01 -6.9694e-01 -6.9694e-01 -5.1734e-01 -5.1734e-01 -2.2974e-02 -2.9679e-02 3.0440e-02 3.1699e-02 3.1699e-02 3.1699e-02 -1.2545e-02 3.0440e-02 3.0440e-02 3.0440e-02 2.1277e-03 3.3560e-02 -1.9735e-02 1.3883e-02 -3.1317e-02 -3.1317e-02 -1.5105e-02 -4.9045e-02 -2.5925e-02 -2.5925e-02 -2.7094e-02
9.4226e-01 9.4423e-01 9.4423e-01 -7.7859e-01 1.0000e+00 -7.7859e-01 9.9785e-01 -2.9856e-01 9.9785e-01 9.9785e-01 9.9785e-01 -7.7859e-01 9.9785e-01 -7.8064e-01 -7.8064e-01 -7.3947e-01 2.3994e-01 4.1780e-01 4.2496e-01 4.2064e-01 6.7918e-01 1.9053e-01 -3.7264e-01 1.3973e-01 6.9016e-01 5.1387e-01 5.3361e-01 5.3361e-01 4.2864e-01 5.3361e-01 5.3361e-01 5.3361e-01 2.0440e-01 2.0913e-01 5.7948e-01 5.7948e-01 5.3471e-01 5.3471e-01 2.4116e-02 2.4059e-02 -1.0409e-02 -1.1995e-02 -1.1995e-02 -1.1995e-02 1.7317e-02 -1.4793e-02 -1.4793e-02 -1.4793e-02 -1.7695e-02 -2.6731e-02 2.4759e-02 1.8552e-02 2.7949e-02 2.7949e-02 -2.2809e-02 9.6864e-03 -2.9640e-03 -2.9640e-03 -5.6288e-03
-7.3810e-01 -7.3965e-01 -7.3965e-01 1.0000e+00 -7.7859e-01 1.0000e+00 -7.8165e-01 3.8113e-01 -7.8165e-01 -7.8165e-01 -7.8165e-01 1.0000e+00 -7.8165e-01 9.9740e-01 9.9740e-01 9.4698e-01 -2.0367e-01 -4.1665e-01 -4.2637e-01 -4.2947e-01 -8.0301e-01 -1.5386e-01 3.9874e-01 -1.0793e-01 -7.7147e-01 -6.2871e-01 -5.1974e-01 -5.1974e-01 -4.3450e-01 -5.1974e-01 -5.1974e-01 -5.1974e-01 -1.6693e-01 -1.7053e-01 -6.9694e-01 -6.9694e-01 -5.1734e-01 -5.1734e-01 -2.2974e-02 -2.9679e-02 3.0440e-02 3.1699e-02 3.1699e-02 3.1699e-02 -1.2545e-02 3.0440e-02 3.0440e-02 3.0440e-02 2.1277e-03 3.3560e-02 -1.9735e-02 1.3883e-02 -3.1317e-02 -3.1317e-02 -1.5105e-02 -4.9045e-02 -2.5925e-02 -2.5925e-02 -2.7094e-02
9.4429e-01 9.4627e-01 9.4627e-01 -7.8165e-01 9.9785e-01 -7.8165e-01 1.0000e+00 -2.9791e-01 1.0000e+00 1.0000e+00 1.0000e+00 -7.8165e-01 1.0000e+00 -7.8369e-01 -7.8369e-01 -7.4241e-01 2.4051e-01 4.1929e-01 4.2644e-01 4.2213e-01 6.8218e-01 1.9105e-01 -3.7179e-01 1.4013e-01 6.9311e-01 5.1639e-01 5.3543e-01 5.3543e-01 4.3019e-01 5.3543e-01 5.3543e-01 5.3543e-01 2.0492e-01 2.0966e-01 5.8194e-01 5.8194e-01 5.3652e-01 5.3652e-01 2.5193e-02 2.5191e-02 -8.9299e-03 -1.0519e-02 -1.0519e-02 -1.0519e-02 2.0056e-02 -1.3312e-02 -1.3312e-02 -1.3312e-02 -1.7397e-02 -2.5213e-02 2.3192e-02 1.9236e-02 2.8220e-02 2.8220e-02 -2.2397e-02 1.1186e-02 -1.0964e-03 -1.0964e-03 -3.7558e-03
-2.8132e-01 -2.8191e-01 -2.8191e-01 3.8113e-01 -2.9856e-01 3.8113e-01 -2.9791e-01 1.0000e+00 -2.9791e-01 -2.9791e-01 -2.9791e-01 3.8113e-01 -2.9791e-01 3.8014e-01 3.8014e-01 3.4581e-01 -7.7627e-02 -1.6980e-01 -1.6824e-01 -1.6941e-01 -1.7943e-01 -6.8001e-02 4.0444e-01 -5.2787e-02 -1.6546e-01 -1.1933e-01 -2.0308e-01 -2.0308e-01 -1.6713e-01 -2.0308e-01 -2.0308e-01 -2.0308e-01 -6.9735e-02 -7.1016e-02 -2.7449e-01 -2.7449e-01 -2.0217e-01 -2.0217e-01 4.0123e-02 4.1154e-02 4.8109e-02 4.8615e-02 4.8615e-02 4.8615e-02 -1.5840e-02 4.8109e-02 4.8109e-02 4.8109e-02 3.2010e-03 4.3591e-02 -1.6786e-02 9.4754e-02 3.2010e-03 3.2010e-03 7.0873e-03 -1.5729e-02 1.3888e-02 1.3888e-02 1.3438e-02
9.4429e-01 9.4627e-01 9.4627e-01 -7.8165e-01 9.9785e-01 -7.8165e-01 1.0000e+00 -2.9791e-01 1.0000e+00 1.0000e+00 1.0000e+00 -7.8165e-01 1.0000e+00 -7.8369e-01 -7.8369e-01 -7.4241e-01 2.4051e-01 4.1929e-01 4.2644e-01 4.2213e-01 6.8218e-01 1.9105e-01 -3.7179e-01 1.4013e-01 6.9311e-01 5.1639e-01 5.3543e-01 5.3543e-01 4.3019e-01 5.3543e-01 5.3543e-01 5.3543e-01 2.0492e-01 2.0966e-01 5.8194e-01 5.8194e-01 5.3652e-01 5.3652e-01 2.5193e-02 2.5191e-02 -8.9299e-03 -1.0519e-02 -1.0519e-02 -1.0519e-02 2.0056e-02 -1.3312e-02 -1.3312e-02 -1.3312e-02 -1.7397e-02 -2.5213e-02 2.3192e-02 1.9236e-02 2.8220e-02 2.8220e-02 -2.2397e-02 1.1186e-02 -1.0964e-03 -1.0964e-03 -3.7558e-03
9.4429e-01 9.4627e-01 9.4627e-01 -7.8165e-01 9.9785e-01 -7.8165e-01 1.0000e+00 -2.9791e-01 1.0000e+00 1.0000e+00 1.0000e+00 -7.8165e-01 1.0000e+00 -7.8369e-01 -7.8369e-01 -7.4241e-01 2.4051e-01 4.1929e-01 4.2644e-01 4.2213e-01 6.8218e-01 1.9105e-01 -3.7179e-01 1.4013e-01 6.9311e-01 5.1639e-01 5.3543e-01 5.3543e-01 4.3019e-01 5.3543e-01 5.3543e-01 5.3543e-01 2.0492e-01 2.0966e-01 5.8194e-01 5.8194e-01 5.3652e-01 5.3652e-01 2.5193e-02 2.5191e-02 -8.9299e-03 -1.0519e-02 -1.0519e-02 -1.0519e-02 2.0056e-02 -1.3312e-02 -1.3312e-02 -1.3312e-02 -1.7397e-02 -2.5213e-02 2.3192e-02 1.9236e-02 2.8220e-02 2.8220e-02 -2.2397e-02 1.1186e-02 -1.0964e-03 -1.0964e-03 -3.7558e-03
9.4429e-01 9.4627e-01 9.4627e-01 -7.8165e-01 9.9785e-01 -7.8165e-01 1.0000e+00 -2.9791e-01 1.0000e+00 1.0000e+00 1.0000e+00 -7.8165e-01 1.0000e+00 -7.8369e-01 -7.8369e-01 -7.4241e-01 2.4051e-01 4.1929e-01 4.2644e-01 4.2213e-01 6.8218e-01 1.9105e-01 -3.7179e-01 1.4013e-01 6.9311e-01 5.1639e-01 5.3543e-01 5.3543e-01 4.3019e-01 5.3543e-01 5.3543e-01 5.3543e-01 2.0492e-01 2.0966e-01 5.8194e-01 5.8194e-01 5.3652e-01 5.3652e-01 2.5193e-02 2.5191e-02 -8.9299e-03 -1.0519e-02 -1.0519e-02 -1.0519e-02 2.0056e-02 -1.3312e-02 -1.3312e-02 -1.3312e-02 -1.7397e-02 -2.5213e-02 2.3192e-02 1.9236e-02 2.8220e-02 2.8220e-02 -2.2397e-02 1.1186e-02 -1.0964e-03 -1.0964e-03 -3.7558e-03
-7.3810e-01 -7.3965e-01 -7.3965e-01 1.0000e+00 -7.7859e-01 1.0000e+00 -7.8165e-01 3.8113e-01 -7.8165e-01 -7.8165e-01 -7.8165e-01 1.0000e+00 -7.8165e-01 9.9740e-01 9.9740e-01 9.4698e-01 -2.0367e-01 -4.1665e-01 -4.2637e-01 -4.2947e-01 -8.0301e-01 -1.5386e-01 3.9874e-01 -1.0793e-01 -7.7147e-01 -6.2871e-01 -5.1974e-01 -5.1974e-01 -4.3450e-01 -5.1974e-01 -5.1974e-01 -5.1974e-01 -1.6693e-01 -1.7053e-01 -6.9694e-01 -6.9694e-01 -5.1734e-01 -5.1734e-01 -2.2974e-02 -2.9679e-02 3.0440e-02 3.1699e-02 3.1699e-02 3.1699e-02 -1.2545e-02 3.0440e-02 3.0440e-02 3.0440e-02 2.1277e-03 3.3560e-02 -1.9735e-02 1.3883e-02 -3.1317e-02 -3.1317e-02 -1.5105e-02 -4.9045e-02 -2.5925e-02 -2.5925e-02 -2.7094e-02
9.4429e-01 9.4627e-01 9.4627e-01 -7.8165e-01 9.9785e-01 -7.8165e-01 1.0000e+00 -2.9791e-01 1.0000e+00 1.0000e+00 1.0000e+00 -7.8165e-01 1.0000e+00 -7.8369e-01 -7.8369e-01 -7.4241e-01 2.4051e-01 4.1929e-01 4.2644e-01 4.2213e-01 6.8218e-01 1.9105e-01 -3.7179e-01 1.4013e-01 6.9311e-01 5.1639e-01 5.3543e-01 5.3543e-01 4.3019e-01 5.3543e-01 5.3543e-01 5.3543e-01 2.0492e-01 2.0966e-01 5.8194e-01 5.8194e-01 5.3652e-01 5.3652e-01 2.5193e-02 2.5191e-02 -8.9299e-03 -1.0519e-02 -1.0519e-02 -1.0519e-02 2.0056e-02 -1.3312e-02 -1.3312e-02 -1.3312e-02 -1.7397e-02 -2.5213e-02 2.3192e-02 1.9236e-02 2.8220e-02 2.8220e-02 -2.2397e-02 1.1186e-02 -1.0964e-03 -1.0964e-03 -3.7558e-03
-7.4003e-01 -7.4158e-01 -7.4158e-01 9.9740e-01 -7.8064e-01 9.9740e-01 -7.8369e-01 3.8014e-01 -7.8369e-01 -7.8369e-01 -7.8369e-01 9.9740e-01 -7.8369e-01 1.0000e+00 1.0000e+00 9.4951e-01 -2.0420e-01 -4.1804e-01 -4.2773e-01 -4.3084e-01 -8.0574e-01 -1.5436e-01 3.9755e-01 -1.0833e-01 -7.7420e-01 -6.3101e-01 -5.2143e-01 -5.2143e-01 -4.3593e-01 -5.2143e-01 -5.2143e-01 -5.2143e-01 -1.6743e-01 -1.7104e-01 -6.9915e-01 -6.9915e-01 -5.1903e-01 -5.1903e-01 -2.4145e-02 -3.0901e-02 2.8784e-02 3.0045e-02 3.0045e-02 3.0045e-02 -1.5548e-02 2.8784e-02 2.8784e-02 2.8784e-02 1.8096e-03 3.1868e-02 -1.8006e-02 1.3102e-02 -3.1593e-02 -3.1593e-02 -1.5524e-02 -4.5857e-02 -2.3371e-02 -2.3371e-02 -2.4543e-02
-7.4003e-01 -7.4158e-01 -7.4158e-01 9.9740e-01 -7.8064e-01 9.9740e-01 -7.8369e-01 3.8014e-01 -7.8369e-01 -7.8369e-01 -7.8369e-01 9.9740e-01 -7.8369e-01 1.0000e+00 1.0000e+00 9.4951e-01 -2.0420e-01 -4.1804e-01 -4.2773e-01 -4.3084e-01 -8.0574e-01 -1.5436e-01 3.9755e-01 -1.0833e-01 -7.7420e-01 -6.3101e-01 -5.2143e-01 -5.2143e-01 -4.3593e-01 -5.2143e-01 -5.2143e-01 -5.2143e-01 -1.6743e-01 -1.7104e-01 -6.9915e-01 -6.9915e-01 -5.1903e-01 -5.1903e-01 -2.4145e-02 -3.0901e-02 2.8784e-02 3.0045e-02 3.0045e-02 3.0045e-02 -1.5548e-02 2.8784e-02 2.8784e-02 2.8784e-02 1.8096e-03 3.1868e-02 -1.8006e-02 1.3102e-02 -3.1593e-02 -3.1593e-02 -1.5524e-02 -4.5857e-02 -2.3371e-02 -2.3371e-02 -2.4543e-02
-6.9816e-01 -6.9974e-01 -6.9974e-01 9.4698e-01 -7.3947e-01 9.4698e-01 -7.4241e-01 3.4581e-01 -7.4241e-01 -7.4241e-01 -7.4241e-01 9.4698e-01 -7.4241e-01 9.4951e-01 9.4951e-01 1.0000e+00 -2.0442e-01 -4.4197e-01 -4.5130e-01 -4.4997e-01 -8.5388e-01 -1.5325e-01 3.8954e-01 -1.1390e-01 -8.2217e-01 -6.7249e-01 -5.4502e-01 -5.4502e-01 -4.6047e-01 -5.4502e-01 -5.4502e-01 -5.4502e-01 -1.7438e-01 -1.7035e-01 -7.2993e-01 -7.2993e-01 -5.4700e-01 -5.4700e-01 -2.9416e-02 -3.7159e-02 2.0239e-02 2.1539e-02 2.1539e-02 2.1539e-02 -2.4287e-02 2.0239e-02 2.0239e-02 2.0239e-02 -2.5629e-03 2.2733e-02 -1.7529e-02 9.7764e-03 -3.5407e-02 -3.5407e-02 -2.1294e-02 -2.5554e-02 2.7479e-03 2.7479e-03 1.5278e-03
2.5617e-01 2.5558e-01 2.5558e-01 -2.0367e-01 2.3994e-01 -2.0367e-01 2.4051e-01 -7.7627e-02 2.4051e-01 2.4051e-01 2.4051e-01 -2.0367e-01 2.4051e-01 -2.0420e-01 -2.0420e-01 -2.0442e-01 1.0000e+00 -2.8588e-01 -2.8348e-01 -2.8528e-01 2.1058e-01 8.2982e-01 -1.0468e-01 -8.1783e-02 2.0604e-01 1.6690e-01 1.6887e-01 1.6887e-01 -2.9621e-01 1.6887e-01 1.6887e-01 1.6887e-01 6.9480e-01 6.3635e-01 1.6140e-01 1.6140e-01 -1.8955e-01 -1.8955e-01 3.8054e-03 -2.5460e-03 -8.7446e-03 -8.0206e-03 -8.0206e-03 -8.0206e-03 -3.2894e-02 -8.7446e-03 -8.7446e-03 -8.7446e-03 -2.4527e-02 -1.5216e-02 -1.4299e-02 -1.0109e-02 2.2651e-02 2.2651e-02 -1.4950e-02 3.1324e-02 3.7611e-03 3.7611e-03 3.0673e-03
4.5560e-01 4.5823e-01 4.5823e-01 -4.1665e-01 4.1780e-01 -4.1665e-01 4.1929e-01 -1.6980e-01 4.1929e-01 4.1929e-01 4.1929e-01 -4.1665e-01 4.1929e-01 -4.1804e-01 -4.1804e-01 -4.4197e-01 -2.8588e-01 1.0000e+00 9.9184e-01 9.8567e-01 4.9833e-01 -2.5614e-01 -2.5449e-01 2.6164e-01 4.9583e-01 5.9741e-01 7.9252e-01 7.9252e-01 9.4156e-01 7.9252e-01 7.9252e-01 7.9252e-01 -2.6267e-01 -2.6750e-01 5.9170e-01 5.9170e-01 7.8770e-01 7.8770e-01 9.7950e-03 1.8757e-02 -1.4696e-02 -1.7205e-02 -1.7205e-02 -1.7205e-02 1.3619e-02 -1.8967e-02 -1.8967e-02 -1.8967e-02 1.6379e-02 -9.2545e-03 5.2170e-02 -2.9281e-02 1.6379e-02 1.6379e-02 3.3030e-02 5.9519e-03 2.6795e-02 2.6795e-02 2.5104e-02
4.6225e-01 4.6491e-01 4.6491e-01 -4.2637e-01 4.2496e-01 -4.2637e-01 4.2644e-01 -1.6824e-01 4.2644e-01 4.2644e-01 4.2644e-01 -4.2637e-01 4.2644e-01 -4.2773e-01 -4.2773e-01 -4.5130e-01 -2.8348e-01 9.9184e-01 1.0000e+00 9.9387e-01 5.0779e-01 -2.5405e-01 -2.5241e-01 2.6392e-01 5.0515e-01 6.0927e-01 8.0198e-01 8.0198e-01 9.4995e-01 8.0198e-01 8.0198e-01 8.0198e-01 -2.6053e-01 -2.6531e-01 5.9927e-01 5.9927e-01 7.9309e-01 7.9309e-01 4.2817e-03 1.3723e-02 -1.7523e-02 -2.0054e-02 -2.0054e-02 -2.0054e-02 1.5962e-02 -2.1799e-02 -2.1799e-02 -2.1799e-02 1.7523e-02 -1.1903e-02 5.0395e-02 -2.6608e-02 2.6846e-03 2.6846e-03 2.3759e-02 3.3432e-03 2.1931e-02 2.1931e-02 2.0256e-02
4.5829e-01 4.6093e-01 4.6093e-01 -4.2947e-01 4.2064e-01 -4.2947e-01 4.2213e-01 -1.6941e-01 4.2213e-01 4.2213e-01 4.2213e-01 -4.2947e-01 4.2213e-01 -4.3084e-01 -4.3084e-01 -4.4997e-01 -2.8528e-01 9.8567e-01 9.9387e-01 1.0000e+00 5.0637e-01 -2.5562e-01 -2.5397e-01 2.6221e-01 5.0381e-01 6.0883e-01 7.9487e-01 7.9487e-01 9.4365e-01 7.9487e-01 7.9487e-01 7.9487e-01 -2.6213e-01 -2.6695e-01 5.9887e-01 5.9887e-01 7.8602e-01 7.8602e-01 1.0839e-03 1.0357e-02 -1.7538e-02 -2.0054e-02 -2.0054e-02 -2.0054e-02 1.6304e-02 -2.1810e-02 -2.1810e-02 -2.1810e-02 1.6665e-02 -1.2038e-02 5.0675e-02 -2.1928e-02 1.8418e-03 1.8418e-03 2.2568e-02 -1.0626e-03 1.6451e-02 1.6451e-02 1.8823e-02
6.3896e-01 6.4050e-01 6.4050e-01 -8.0301e-01 6.7918e-01 -8.0301e-01 6.8218e-01 -1.7943e-01 6.8218e-01 6.8218e-01 6.8218e-01 -8.0301e-01 6.8218e-01 -8.0574e-01 -8.0574e-01 -8.5388e-01 2.1058e-01 4.9833e-01 5.0779e-01 5.0637e-01 1.0000e+00 1.7641e-01 -4.1609e-01 1.3317e-01 9.5237e-01 7.8069e-01 5.8649e-01 5.8649e-01 4.8928e-01 5.8649e-01 5.8649e-01 5.8649e-01 1.8917e-01 1.9265e-01 7.7246e-01 7.7246e-01 5.7504e-01 5.7504e-01 5.4268e-02 6.6491e-02 -4.4986e-03 -5.7807e-03 -5.7807e-03 -5.7807e-03 9.0661e-03 -9.2423e-03 -9.2423e-03 -9.2423e-03 1.9471e-03 -1.1897e-02 2.2553e-03 2.5811e-02 1.8407e-02 1.8407e-02 2.0480e-02 -1.0620e-02 -3.3826e-02 -3.3826e-02 -3.2606e-02
2.0505e-01 2.0452e-01 2.0452e-01 -1.5386e-01 1.9053e-01 -1.5386e-01 1.9105e-01 -6.8001e-02 1.9105e-01 1.9105e-01 1.9105e-01 -1.5386e-01 1.9105e-01 -1.5436e-01 -1.5436e-01 -1.5325e-01 8.2982e-01 -2.5614e-01 -2.5405e-01 -2.5562e-01 1.7641e-01 1.0000e+00 -9.1697e-02 -7.1643e-02 1.7879e-01 2.1538e-01 2.8713e-01 2.8713e-01 -2.5794e-01 2.8713e-01 2.8713e-01 2.8713e-01 8.2412e-01 7.7156e-01 2.1637e-01 2.1637e-01 -2.1941e-01 -2.1941e-01 -2.1686e-02 -2.4800e-02 -4.2061e-02 -4.1452e-02 -4.1452e-02 -4.1452e-02 -7.6196e-02 -4.2061e-02 -4.2061e-02 -4.2061e-02 -1.5894e-02 -3.9993e-02 -3.2866e-02 -1.9162e-02 1.0361e-02 1.0361e-02 -2.0044e-02 1.9509e-02 6.4222e-03 6.4222e-03 5.8138e-03
-3.4984e-01 -3.5062e-01 -3.5062e-01 3.9874e-01 -3.7264e-01 3.9874e-01 -3.7179e-01 4.0444e-01 -3.7179e-01 -3.7179e-01 -3.7179e-01 3.9874e-01 -3.7179e-01 3.9755e-01 3.9755e-01 3.8954e-01 -1.0468e-01 -2.5449e-01 -2.5241e-01 -2.5397e-01 -4.1609e-01 -9.1697e-02 1.0000e+00 -7.1181e-02 -4.9089e-01 -4.1143e-01 -3.1160e-01 -3.1160e-01 -2.6345e-01 -3.1160e-01 -3.1160e-01 -3.1160e-01 -9.4034e-02 -9.5762e-02 -4.0963e-01 -4.0963e-01 -3.1036e-01 -3.1036e-01 -1.1200e-02 2.4951e-03 6.6774e-02 6.7459e-02 6.7459e-02 6.7459e-02 1.7899e-02 6.6774e-02 6.6774e-02 6.6774e-02 3.7313e-02 6.0670e-02 -5.0711e-02 -6.1534e-03 1.0916e-02 1.0916e-02 -1.1537e-04 -2.3098e-02 2.4707e-03 2.4707e-03 1.8670e-03
1.3285e-01 1.4157e-01 1.4157e-01 -1.0793e-01 1.3973e-01 -1.0793e-01 1.4013e-01 -5.2787e-02 1.4013e-01 1.4013e-01 1.4013e-01 -1.0793e-01 1.4013e-01 -1.0833e-01 -1.0833e-01 -1.1390e-01 -8.1783e-02 2.6164e-01 2.6392e-01 2.6221e-01 1.3317e-01 -7.1643e-02 -7.1181e-02 1.0000e+00 1.4501e-01 1.7301e-01 2.2844e-01 2.2844e-01 2.7019e-01 2.2844e-01 2.2844e-01 2.2844e-01 -7.3469e-02 -7.4819e-02 1.7377e-01 1.7377e-01 2.2935e-01 2.2935e-01 -2.7363e-02 -2.5552e-02 -2.6444e-02 -2.5967e-02 -2.5967e-02 -2.5967e-02 1.0898e-02 -2.6444e-02 -2.6444e-02 -2.6444e-02 -3.2492e-05 -2.1355e-02 3.7747e-02 -3.4992e-02 -3.2720e-02 -3.2720e-02 -4.5431e-02 7.1710e-02 5.5826e-02 5.5826e-02 5.5343e-02
6.4931e-01 6.5087e-01 6.5087e-01 -7.7147e-01 6.9016e-01 -7.7147e-01 6.9311e-01 -1.6546e-01 6.9311e-01 6.9311e-01 6.9311e-01 -7.7147e-01 6.9311e-01 -7.7420e-01 -7.7420e-01 -8.2217e-01 2.0604e-01 4.9583e-01 5.0515e-01 5.0381e-01 9.5237e-01 1.7879e-01 -4.9089e-01 1.4501e-01 1.0000e+00 8.1944e-01 6.1693e-01 6.1693e-01 5.1870e-01 6.1693e-01 6.1693e-01 6.1693e-01 1.9156e-01 1.9508e-01 8.0649e-01 8.0649e-01 6.0550e-01 6.0550e-01 4.9037e-02 6.1763e-02 3.4508e-03 2.1583e-03 2.1583e-03 2.1583e-03 1.9172e-02 -1.2659e-03 -1.2659e-03 -1.2659e-03 3.4815e-03 -3.7457e-03 -1.4673e-03 2.9405e-02 3.4815e-03 3.4815e-03 1.0515e-02 6.9090e-03 -1.4632e-02 -1.4632e-02 -1.3401e-02
5.7552e-01 5.7729e-01 5.7729e-01 -6.2871e-01 5.1387e-01 -6.2871e-01 5.1639e-01 -1.1933e-01 5.1639e-01 5.1639e-01 5.1639e-01 -6.2871e-01 5.1639e-01 -6.3101e-01 -6.3101e-01 -6.7249e-01 1.6690e-01 5.9741e-01 6.0927e-01 6.0883e-01 7.8069e-01 2.1538e-01 -4.1143e-01 1.7301e-01 8.1944e-01 1.0000e+00 7.5736e-01 7.5736e-01 6.4034e-01 7.5736e-01 7.5736e-01 7.5736e-01 2.2856e-01 2.3276e-01 6.5960e-01 6.5960e-01 4.1658e-01 4.1658e-01 2.8425e-02 3.7266e-02 -2.0887e-02 -2.2448e-02 -2.2448e-02 -2.2448e-02 -5.9153e-03 -2.5300e-02 -2.5300e-02 -2.5300e-02 -5.3878e-03 -1.1332e-02 1.8829e-02 4.7634e-03 -5.3878e-03 -5.3878e-03 1.7912e-02 2.9643e-02 3.2710e-02 3.2710e-02 3.4170e-02
5.7646e-01 5.7871e-01 5.7871e-01 -5.1974e-01 5.3361e-01 -5.1974e-01 5.3543e-01 -2.0308e-01 5.3543e-01 5.3543e-01 5.3543e-01 -5.1974e-01 5.3543e-01 -5.2143e-01 -5.2143e-01 -5.4502e-01 1.6887e-01 7.9252e-01 8.0198e-01 7.9487e-01 5.8649e-01 2.8713e-01 -3.1160e-01 2.2844e-01 6.1693e-01 7.5736e-01 1.0000e+00 1.0000e+00 8.4549e-01 1.0000e+00 1.0000e+00 1.0000e+00 1.9671e-01 1.5552e-01 7.0653e-01 7.0653e-01 6.6969e-01 6.6969e-01 -9.5584e-03 -3.5369e-03 -4.7905e-02 -4.9981e-02 -4.9981e-02 -4.9981e-02 -3.3987e-02 -5.2116e-02 -5.2116e-02 -5.2116e-02 2.8905e-03 -3.3555e-02 2.8005e-02 -3.7049e-02 1.7503e-02 1.7503e-02 4.5770e-03 3.9580e-02 4.5303e-02 4.5303e-02 4.3231e-02
5.7646e-01 5.7871e-01 5.7871e-01 -5.1974e-01 5.3361e-01 -5.1974e-01 5.3543e-01 -2.0308e-01 5.3543e-01 5.3543e-01 5.3543e-01 -5.1974e-01 5.3543e-01 -5.2143e-01 -5.2143e-01 -5.4502e-01 1.6887e-01 7.9252e-01 8.0198e-01 7.9487e-01 5.8649e-01 2.8713e-01 -3.1160e-01 2.2844e-01 6.1693e-01 7.5736e-01 1.0000e+00 1.0000e+00 8.4549e-01 1.0000e+00 1.0000e+00 1.0000e+00 1.9671e-01 1.5552e-01 7.0653e-01 7.0653e-01 6.6969e-01 6.6969e-01 -9.5584e-03 -3.5369e-03 -4.7905e-02 -4.9981e-02 -4.9981e-02 -4.9981e-02 -3.3987e-02 -5.2116e-02 -5.2116e-02 -5.2116e-02 2.8905e-03 -3.3555e-02 2.8005e-02 -3.7049e-02 1.7503e-02 1.7503e-02 4.5770e-03 3.9580e-02 4.5303e-02 4.5303e-02 4.3231e-02
4.6387e-01 4.6643e-01 4.6643e-01 -4.3450e-01 4.2864e-01 -4.3450e-01 4.3019e-01 -1.6713e-01 4.3019e-01 4.3019e-01 4.3019e-01 -4.3450e-01 4.3019e-01 -4.3593e-01 -4.3593e-01 -4.6047e-01 -2.9621e-01 9.4156e-01 9.4995e-01 9.4365e-01 4.8928e-01 -2.5794e-01 -2.6345e-01 2.7019e-01 5.1870e-01 6.4034e-01 8.4549e-01 8.4549e-01 1.0000e+00 8.4549e-01 8.4549e-01 8.4549e-01 -2.7192e-01 -2.7692e-01 5.8852e-01 5.8852e-01 7.9667e-01 7.9667e-01 1.4741e-03 1.3980e-02 -2.6139e-02 -2.8571e-02 -2.8571e-02 -2.8571e-02 5.8276e-03 -3.0387e-02 -3.0387e-02 -3.0387e-02 2.6301e-02 -1.2852e-02 4.8206e-02 -2.7290e-02 1.1561e-02 1.1561e-02 1.5483e-02 2.3297e-02 3.6251e-02 3.6251e-02 3.4500e-02
5.7646e-01 5.7871e-01 5.7871e-01 -5.1974e-01 5.3361e-01 -5.1974e-01 5.3543e-01 -2.0308e-01 5.3543e-01 5.3543e-01 5.3543e-01 -5.1974e-01 5.3543e-01 -5.2143e-01 -5.2143e-01 -5.4502e-01 1.6887e-01 7.9252e-01 8.0198e-01 7.9487e-01 5.8649e-01 2.8713e-01 -3.1160e-01 2.2844e-01 6.1693e-01 7.5736e-01 1.0000e+00 1.0000e+00 8.4549e-01 1.0000e+00 1.0000e+00 1.0000e+00 1.9671e-01 1.5552e-01 7.0653e-01 7.0653e-01 6.6969e-01 6.6969e-01 -9.5584e-03 -3.5369e-03 -4.7905e-02 -4.9981e-02 -4.9981e-02 -4.9981e-02 -3.3987e-02 -5.2116e-02 -5.2116e-02 -5.2116e-02 2.8905e-03 -3.3555e-02 2.8005e-02 -3.7049e-02 1.7503e-02 1.7503e-02 4.5770e-03 3.9580e-02 4.5303e-02 4.5303e-02 4.3231e-02
5.7646e-01 5.7871e-01 5.7871e-01 -5.1974e-01 5.3361e-01 -5.1974e-01 5.3543e-01 -2.0308e-01 5.3543e-01 5.3543e-01 5.3543e-01 -5.1974e-01 5.3543e-01 -5.2143e-01 -5.2143e-01 -5.4502e-01 1.6887e-01 7.9252e-01 8.0198e-01 7.9487e-01 5.8649e-01 2.8713e-01 -3.1160e-01 2.2844e-01 6.1693e-01 7.5736e-01 1.0000e+00 1.0000e+00 8.4549e-01 1.0000e+00 1.0000e+00 1.0000e+00 1.9671e-01 1.5552e-01 7.0653e-01 7.0653e-01 6.6969e-01 6.6969e-01 -9.5584e-03 -3.5369e-03 -4.7905e-02 -4.9981e-02 -4.9981e-02 -4.9981e-02 -3.3987e-02 -5.2116e-02 -5.2116e-02 -5.2116e-02 2.8905e-03 -3.3555e-02 2.8005e-02 -3.7049e-02 1.7503e-02 1.7503e-02 4.5770e-03 3.9580e-02 4.5303e-02 4.5303e-02 4.3231e-02
5.7646e-01 5.7871e-01 5.7871e-01 -5.1974e-01 5.3361e-01 -5.1974e-01 5.3543e-01 -2.0308e-01 5.3543e-01 5.3543e-01 5.3543e-01 -5.1974e-01 5.3543e-01 -5.2143e-01 -5.2143e-01 -5.4502e-01 1.6887e-01 7.9252e-01 8.0198e-01 7.9487e-01 5.8649e-01 2.8713e-01 -3.1160e-01 2.2844e-01 6.1693e-01 7.5736e-01 1.0000e+00 1.0000e+00 8.4549e-01 1.0000e+00 1.0000e+00 1.0000e+00 1.9671e-01 1.5552e-01 7.0653e-01 7.0653e-01 6.6969e-01 6.6969e-01 -9.5584e-03 -3.5369e-03 -4.7905e-02 -4.9981e-02 -4.9981e-02 -4.9981e-02 -3.3987e-02 -5.2116e-02 -5.2116e-02 -5.2116e-02 2.8905e-03 -3.3555e-02 2.8005e-02 -3.7049e-02 1.7503e-02 1.7503e-02 4.5770e-03 3.9580e-02 4.5303e-02 4.5303e-02 4.3231e-02
2.1915e-01 2.1862e-01 2.1862e-01 -1.6693e-01 2.0440e-01 -1.6693e-01 2.0492e-01 -6.9735e-02 2.0492e-01 2.0492e-01 2.0492e-01 -1.6693e-01 2.0492e-01 -1.6743e-01 -1.6743e-01 -1.7438e-01 6.9480e-01 -2.6267e-01 -2.6053e-01 -2.6213e-01 1.8917e-01 8.2412e-01 -9.4034e-02 -7.3469e-02 1.9156e-01 2.2856e-01 1.9671e-01 1.9671e-01 -2.7192e-01 1.9671e-01 1.9671e-01 1.9671e-01 1.0000e+00 8.1194e-01 2.2956e-01 2.2956e-01 -2.2929e-01 -2.2929e-01 -1.1661e-02 -2.3780e-02 -2.1511e-02 -2.0870e-02 -2.0870e-02 -2.0870e-02 -4.2230e-02 -2.1511e-02 -2.1511e-02 -2.1511e-02 -4.3224e-02 -1.2510e-02 -5.0864e-02 1.1320e-02 8.2052e-03 8.2052e-03 -2.2328e-02 3.8360e-02 2.1822e-02 2.1822e-02 2.1195e-02
2.2413e-01 2.2359e-01 2.2359e-01 -1.7053e-01 2.0913e-01 -1.7053e-01 2.0966e-01 -7.1016e-02 2.0966e-01 2.0966e-01 2.0966e-01 -1.7053e-01 2.0966e-01 -1.7104e-01 -1.7104e-01 -1.7035e-01 6.3635e-01 -2.6750e-01 -2.6531e-01 -2.6695e-01 1.9265e-01 7.7156e-01 -9.5762e-02 -7.4819e-02 1.9508e-01 2.3276e-01 1.5552e-01 1.5552e-01 -2.7692e-01 1.5552e-01 1.5552e-01 1.5552e-01 8.1194e-01 1.0000e+00 2.3378e-01 2.3378e-01 -3.2622e-01 -3.2622e-01 -1.6945e-02 -2.9155e-02 -3.5852e-02 -3.5210e-02 -3.5210e-02 -3.5210e-02 -6.2520e-02 -3.5852e-02 -3.5852e-02 -3.5852e-02 -4.4019e-02 -3.4341e-02 -4.2354e-02 7.6771e-03 -1.8685e-02 -1.8685e-02 -4.2555e-02 2.3018e-02 1.2173e-02 1.2173e-02 1.1536e-02
5.3301e-01 5.3477e-01 5.3477e-01 -6.9694e-01 5.7948e-01 -6.9694e-01 5.8194e-01 -2.7449e-01 5.8194e-01 5.8194e-01 5.8194e-01 -6.9694e-01 5.8194e-01 -6.9915e-01 -6.9915e-01 -7.2993e-01 1.6140e-01 5.9170e-01 5.9927e-01 5.9887e-01 7.7246e-01 2.1637e-01 -4.0963e-01 1.7377e-01 8.0649e-01 6.5960e-01 7.0653e-01 7.0653e-01 5.8852e-01 7.0653e-01 7.0653e-01 7.0653e-01 2.2956e-01 2.3378e-01 1.0000e+00 1.0000e+00 7.4099e-01 7.4099e-01 3.0584e-02 4.4434e-02 -9.0852e-03 -1.0644e-02 -1.0644e-02 -1.0644e-02 4.2938e-02 -1.3492e-02 -1.3492e-02 -1.3492e-02 2.5779e-02 -3.9175e-03 2.6728e-03 -2.8324e-02 4.1070e-02 4.1070e-02 2.9896e-02 3.2632e-02 7.1227e-03 7.1227e-03 8.5937e-03
5.3301e-01 5.3477e-01 5.3477e-01 -6.9694e-01 5.7948e-01 -6.9694e-01 5.8194e-01 -2.7449e-01 5.8194e-01 5.8194e-01 5.8194e-01 -6.9694e-01 5.8194e-01 -6.9915e-01 -6.9915e-01 -7.2993e-01 1.6140e-01 5.9170e-01 5.9927e-01 5.9887e-01 7.7246e-01 2.1637e-01 -4.0963e-01 1.7377e-01 8.0649e-01 6.5960e-01 7.0653e-01 7.0653e-01 5.8852e-01 7.0653e-01 7.0653e-01 7.0653e-01 2.2956e-01 2.3378e-01 1.0000e+00 1.0000e+00 7.4099e-01 7.4099e-01 3.0584e-02 4.4434e-02 -9.0852e-03 -1.0644e-02 -1.0644e-02 -1.0644e-02 4.2938e-02 -1.3492e-02 -1.3492e-02 -1.3492e-02 2.5779e-02 -3.9175e-03 2.6728e-03 -2.8324e-02 4.1070e-02 4.1070e-02 2.9896e-02 3.2632e-02 7.1227e-03 7.1227e-03 8.5937e-03
4.7526e-01 4.7747e-01 4.7747e-01 -5.1734e-01 5.3471e-01 -5.1734e-01 5.3652e-01 -2.0217e-01 5.3652e-01 5.3652e-01 5.3652e-01 -5.1734e-01 5.3652e-01 -5.1903e-01 -5.1903e-01 -5.4700e-01 -1.8955e-01 7.8770e-01 7.9309e-01 7.8602e-01 5.7504e-01 -2.1941e-01 -3.1036e-01 2.2935e-01 6.0550e-01 4.1658e-01 6.6969e-01 6.6969e-01 7.9667e-01 6.6969e-01 6.6969e-01 6.6969e-01 -2.2929e-01 -3.2622e-01 7.4099e-01 7.4099e-01 1.0000e+00 1.0000e+00 1.6638e-02 3.1520e-02 -1.1385e-02 -1.3441e-02 -1.3441e-02 -1.3441e-02 4.9938e-02 -1.5595e-02 -1.5595e-02 -1.5595e-02 3.2663e-02 -5.5606e-03 4.5739e-02 -2.2531e-02 6.1884e-02 6.1884e-02 3.7463e-02 1.3200e-02 8.9443e-04 8.9443e-04 -1.1605e-03
4.7526e-01 4.7747e-01 4.7747e-01 -5.1734e-01 5.3471e-01 -5.1734e-01 5.3652e-01 -2.0217e-01 5.3652e-01 5.3652e-01 5.3652e-01 -5.1734e-01 5.3652e-01 -5.1903e-01 -5.1903e-01 -5.4700e-01 -1.8955e-01 7.8770e-01 7.9309e-01 7.8602e-01 5.7504e-01 -2.1941e-01 -3.1036e-01 2.2935e-01 6.0550e-01 4.1658e-01 6.6969e-01 6.6969e-01 7.9667e-01 6.6969e-01 6.6969e-01 6.6969e-01 -2.2929e-01 -3.2622e-01 7.4099e-01 7.4099e-01 1.0000e+00 1.0000e+00 1.6638e-02 3.1520e-02 -1.1385e-02 -1.3441e-02 -1.3441e-02 -1.3441e-02 4.9938e-02 -1.5595e-02 -1.5595e-02 -1.5595e-02 3.2663e-02 -5.5606e-03 4.5739e-02 -2.2531e-02 6.1884e-02 6.1884e-02 3.7463e-02 1.3200e-02 8.9443e-04 8.9443e-04 -1.1605e-03
3.4116e-02 3.3055e-02 3.3055e-02 -2.2974e-02 2.4116e-02 -2.2974e-02 2.5193e-02 4.0123e-02 2.5193e-02 2.5193e-02 2.5193e-02 -2.2974e-02 2.5193e-02 -2.4145e-02 -2.4145e-02 -2.9416e-02 3.8054e-03 9.7950e-03 4.2817e-03 1.0839e-03 5.4268e-02 -2.1686e-02 -1.1200e-02 -2.7363e-02 4.9037e-02 2.8425e-02 -9.5584e-03 -9.5584e-03 1.4741e-03 -9.5584e-03 -9.5584e-03 -9.5584e-03 -1.1661e-02 -1.6945e-02 3.0584e-02 3.0584e-02 1.6638e-02 1.6638e-02 1.0000e+00 9.4148e-01 7.0079e-01 7.0242e-01 7.0242e-01 7.0242e-01 3.9220e-01 7.0589e-01 7.0589e-01 7.0589e-01 -7.3190e-02 6.7629e-01 -3.6734e-01 1.5797e-01 1.5685e-01 1.5685e-01 6.6951e-02 -1.7601e-01 7.6624e-02 7.6624e-02 7.5554e-02
3.1253e-02 3.0138e-02 3.0138e-02 -2.9679e-02 2.4059e-02 -2.9679e-02 2.5191e-02 4.1154e-02 2.5191e-02 2.5191e-02 2.5191e-02 -2.9679e-02 2.5191e-02 -3.0901e-02 -3.0901e-02 -3.7159e-02 -2.5460e-03 1.8757e-02 1.3723e-02 1.0357e-02 6.6491e-02 -2.4800e-02 2.4951e-03 -2.5552e-02 6.1763e-02 3.7266e-02 -3.5369e-03 -3.5369e-03 1.3980e-02 -3.5369e-03 -3.5369e-03 -3.5369e-03 -2.3780e-02 -2.9155e-02 4.4434e-02 4.4434e-02 3.1520e-02 3.1520e-02 9.4148e-01 1.0000e+00 7.2366e-01 7.2535e-01 7.2535e-01 7.2535e-01 4.1198e-01 7.2366e-01 7.2366e-01 7.2366e-01 9.3531e-03 6.9385e-01 -3.8650e-01 2.0262e-01 1.4722e-01 1.4722e-01 1.2066e-01 -1.9055e-01 4.3390e-02 4.3390e-02 4.2275e-02
8.7849e-03 7.3371e-03 7.3371e-03 3.0440e-02 -1.0409e-02 3.0440e-02 -8.9299e-03 4.8109e-02 -8.9299e-03 -8.9299e-03 -8.9299e-03 3.0440e-02 -8.9299e-03 2.8784e-02 2.8784e-02 2.0239e-02 -8.7446e-03 -1.4696e-02 -1.7523e-02 -1.7538e-02 -4.4986e-03 -4.2061e-02 6.6774e-02 -2.6444e-02 3.4508e-03 -2.0887e-02 -4.7905e-02 -4.7905e-02 -2.6139e-02 -4.7905e-02 -4.7905e-02 -4.7905e-02 -2.1511e-02 -3.5852e-02 -9.0852e-03 -9.0852e-03 -1.1385e-02 -1.1385e-02 7.0079e-01 7.2366e-01 1.0000e+00 9.9777e-01 9.9777e-01 9.9777e-01 5.3124e-01 9.9554e-01 9.9554e-01 9.9554e-01 -9.8693e-02 9.6257e-01 -6.5498e-01 4.4433e-01 1.1775e-01 1.1775e-01 3.2908e-02 -2.7397e-01 -8.2640e-02 -8.2640e-02 -8.4045e-02
7.1156e-03 5.6702e-03 5.6702e-03 3.1699e-02 -1.1995e-02 3.1699e-02 -1.0519e-02 4.8615e-02 -1.0519e-02 -1.0519e-02 -1.0519e-02 3.1699e-02 -1.0519e-02 3.0045e-02 3.0045e-02 2.1539e-02 -8.0206e-03 -1.7205e-02 -2.0054e-02 -2.0054e-02 -5.7807e-03 -4.1452e-02 6.7459e-02 -2.5967e-02 2.1583e-03 -2.2448e-02 -4.9981e-02 -4.9981e-02 -2.8571e-02 -4.9981e-02 -4.9981e-02 -4.9981e-02 -2.0870e-02 -3.5210e-02 -1.0644e-02 -1.0644e-02 -1.3441e-02 -1.3441e-02 7.0242e-01 7.2535e-01 9.9777e-01 1.0000e+00 1.0000e+00 1.0000e+00 5.3442e-01 9.9777e-01 9.9777e-01 9.9777e-01 -9.8474e-02 9.6480e-01 -6.5265e-01 4.4537e-01 1.1813e-01 1.1813e-01 3.3338e-02 -2.7264e-01 -8.0803e-02 -8.0803e-02 -8.2204e-02
7.1156e-03 5.6702e-03 5.6702e-03 3.1699e-02 -1.1995e-02 3.1699e-02 -1.0519e-02 4.8615e-02 -1.0519e-02 -1.0519e-02 -1.0519e-02 3.1699e-02 -1.0519e-02 3.0045e-02 3.0045e-02 2.1539e-02 -8.0206e-03 -1.7205e-02 -2.0054e-02 -2.0054e-02 -5.7807e-03 -4.1452e-02 6.7459e-02 -2.5967e-02 2.1583e-03 -2.2448e-02 -4.9981e-02 -4.9981e-02 -2.8571e-02 -4.9981e-02 -4.9981e-02 -4.9981e-02 -2.0870e-02 -3.5210e-02 -1.0644e-02 -1.0644e-02 -1.3441e-02 -1.3441e-02 7.0242e-01 7.2535e-01 9.9777e-01 1.0000e+00 1.0000e+00 1.0000e+00 5.3442e-01 9.9777e-01 9.9777e-01 9.9777e-01 -9.8474e-02 9.6480e-01 -6.5265e-01 4.4537e-01 1.1813e-01 1.1813e-01 3.3338e-02 -2.7264e-01 -8.0803e-02 -8.0803e-02 -8.2204e-02
7.1156e-03 5.6702e-03 5.6702e-03 3.1699e-02 -1.1995e-02 3.1699e-02 -1.0519e-02 4.8615e-02 -1.0519e-02 -1.0519e-02 -1.0519e-02 3.1699e-02 -1.0519e-02 3.0045e-02 3.0045e-02 2.1539e-02 -8.0206e-03 -1.7205e-02 -2.0054e-02 -2.0054e-02 -5.7807e-03 -4.1452e-02 6.7459e-02 -2.5967e-02 2.1583e-03 -2.2448e-02 -4.9981e-02 -4.9981e-02 -2.8571e-02 -4.9981e-02 -4.9981e-02 -4.9981e-02 -2.0870e-02 -3.5210e-02 -1.0644e-02 -1.0644e-02 -1.3441e-02 -1.3441e-02 7.0242e-01 7.2535e-01 9.9777e-01 1.0000e+00 1.0000e+00 1.0000e+00 5.3442e-01 9.9777e-01 9.9777e-01 9.9777e-01 -9.8474e-02 9.6480e-01 -6.5265e-01 4.4537e-01 1.1813e-01 1.1813e-01 3.3338e-02 -2.7264e-01 -8.0803e-02 -8.0803e-02 -8.2204e-02
2.9239e-02 2.6542e-02 2.6542e-02 -1.2545e-02 1.7317e-02 -1.2545e-02 2.0056e-02 -1.5840e-02 2.0056e-02 2.0056e-02 2.0056e-02 -1.2545e-02 2.0056e-02 -1.5548e-02 -1.5548e-02 -2.4287e-02 -3.2894e-02 1.3619e-02 1.5962e-02 1.6304e-02 9.0661e-03 -7.6196e-02 1.7899e-02 1.0898e-02 1.9172e-02 -5.9153e-03 -3.3987e-02 -3.3987e-02 5.8276e-03 -3.3987e-02 -3.3987e-02 -3.3987e-02 -4.2230e-02 -6.2520e-02 4.2938e-02 4.2938e-02 4.9938e-02 4.9938e-02 3.9220e-01 4.1198e-01 5.3124e-01 5.3442e-01 5.3442e-01 5.3442e-01 1.0000e+00 5.3562e-01 5.3562e-01 5.3562e-01 1.0447e-01 5.1158e-01 -1.9388e-01 2.3237e-01 8.9276e-02 8.9276e-02 4.4833e-02 6.9219e-02 1.5883e-01 1.5883e-01 1.5614e-01
4.4654e-03 3.0156e-03 3.0156e-03 3.0440e-02 -1.4793e-02 3.0440e-02 -1.3312e-02 4.8109e-02 -1.3312e-02 -1.3312e-02 -1.3312e-02 3.0440e-02 -1.3312e-02 2.8784e-02 2.8784e-02 2.0239e-02 -8.7446e-03 -1.8967e-02 -2.1799e-02 -2.1810e-02 -9.2423e-03 -4.2061e-02 6.6774e-02 -2.6444e-02 -1.2659e-03 -2.5300e-02 -5.2116e-02 -5.2116e-02 -3.0387e-02 -5.2116e-02 -5.2116e-02 -5.2116e-02 -2.1511e-02 -3.5852e-02 -1.3492e-02 -1.3492e-02 -1.5595e-02 -1.5595e-02 7.0589e-01 7.2366e-01 9.9554e-01 9.9777e-01 9.9777e-01 9.9777e-01 5.3562e-01 1.0000e+00 1.0000e+00 1.0000e+00 -9.8693e-02 9.6699e-01 -6.5498e-01 4.4433e-01 1.1775e-01 1.1775e-01 3.2908e-02 -2.7397e-01 -7.8409e-02 -7.8409e-02 -7.9814e-02
4.4654e-03 3.0156e-03 3.0156e-03 3.0440e-02 -1.4793e-02 3.0440e-02 -1.3312e-02 4.8109e-02 -1.3312e-02 -1.3312e-02 -1.3312e-02 3.0440e-02 -1.3312e-02 2.8784e-02 2.8784e-02 2.0239e-02 -8.7446e-03 -1.8967e-02 -2.1799e-02 -2.1810e-02 -9.2423e-03 -4.2061e-02 6.6774e-02 -2.6444e-02 -1.2659e-03 -2.5300e-02 -5.2116e-02 -5.2116e-02 -3.0387e-02 -5.2116e-02 -5.2116e-02 -5.2116e-02 -2.1511e-02 -3.5852e-02 -1.3492e-02 -1.3492e-02 -1.5595e-02 -1.5595e-02 7.0589e-01 7.2366e-01 9.9554e-01 9.9777e-01 9.9777e-01 9.9777e-01 5.3562e-01 1.0000e+00 1.0000e+00 1.0000e+00 -9.8693e-02 9.6699e-01 -6.5498e-01 4.4433e-01 1.1775e-01 1.1775e-01 3.2908e-02 -2.7397e-01 -7.8409e-02 -7.8409e-02 -7.9814e-02
4.4654e-03 3.0156e-03 3.0156e-03 3.0440e-02 -1.4793e-02 3.0440e-02 -1.3312e-02 4.8109e-02 -1.3312e-02 -1.3312e-02 -1.3312e-02 3.0440e-02 -1.3312e-02 2.8784e-02 2.8784e-02 2.0239e-02 -8.7446e-03 -1.8967e-02 -2.1799e-02 -2.1810e-02 -9.2423e-03 -4.2061e-02 6.6774e-02 -2.6444e-02 -1.2659e-03 -2.5300e-02 -5.2116e-02 -5.2116e-02 -3.0387e-02 -5.2116e-02 -5.2116e-02 -5.2116e-02 -2.1511e-02 -3.5852e-02 -1.3492e-02 -1.3492e-02 -1.5595e-02 -1.5595e-02 7.0589e-01 7.2366e-01 9.9554e-01 9.9777e-01 9.9777e-01 9.9777e-01 5.3562e-01 1.0000e+00 1.0000e+00 1.0000e+00 -9.8693e-02 9.6699e-01 -6.5498e-01 4.4433e-01 1.1775e-01 1.1775e-01 3.2908e-02 -2.7397e-01 -7.8409e-02 -7.8409e-02 -7.9814e-02
-3.9481e-02 -3.9783e-02 -3.9783e-02 2.1277e-03 -1.7695e-02 2.1277e-03 -1.7397e-02 3.2010e-03 -1.7397e-02 -1.7397e-02 -1.7397e-02 2.1277e-03 -1.7397e-02 1.8096e-03 1.8096e-03 -2.5629e-03 -2.4527e-02 1.6379e-02 1.7523e-02 1.6665e-02 1.9471e-03 -1.5894e-02 3.7313e-02 -3.2492e-05 3.4815e-03 -5.3878e-03 2.8905e-03 2.8905e-03 2.6301e-02 2.8905e-03 2.8905e-03 2.8905e-03 -4.3224e-02 -4.4019e-02 2.5779e-02 2.5779e-02 3.2663e-02 3.2663e-02 -7.3190e-02 9.3531e-03 -9.8693e-02 -9.8474e-02 -9.8474e-02 -9.8474e-02 1.0447e-01 -9.8693e-02 -9.8693e-02 -9.8693e-02 1.0000e+00 -1.0068e-01 1.0402e-01 -4.6605e-02 -1.9250e-02 -1.9250e-02 2.4846e-01 -5.4845e-02 -8.1022e-02 -8.1022e-02 -8.1282e-02
-2.0479e-03 -3.5300e-03 -3.5300e-03 3.3560e-02 -2.6731e-02 3.3560e-02 -2.5213e-02 4.3591e-02 -2.5213e-02 -2.5213e-02 -2.5213e-02 3.3560e-02 -2.5213e-02 3.1868e-02 3.1868e-02 2.2733e-02 -1.5216e-02 -9.2545e-03 -1.1903e-02 -1.2038e-02 -1.1897e-02 -3.9993e-02 6.0670e-02 -2.1355e-02 -3.7457e-03 -1.1332e-02 -3.3555e-02 -3.3555e-02 -1.2852e-02 -3.3555e-02 -3.3555e-02 -3.3555e-02 -1.2510e-02 -3.4341e-02 -3.9175e-03 -3.9175e-03 -5.5606e-03 -5.5606e-03 6.7629e-01 6.9385e-01 9.6257e-01 9.6480e-01 9.6480e-01 9.6480e-01 5.1158e-01 9.6699e-01 9.6699e-01 9.6699e-01 -1.0068e-01 1.0000e+00 -6.3672e-01 4.4212e-01 1.1439e-01 1.1439e-01 2.9073e-02 -2.5954e-01 -6.1239e-02 -6.1239e-02 -6.2676e-02
1.9818e-02 2.1357e-02 2.1357e-02 -1.9735e-02 2.4759e-02 -1.9735e-02 2.3192e-02 -1.6786e-02 2.3192e-02 2.3192e-02 2.3192e-02 -1.9735e-02 2.3192e-02 -1.8006e-02 -1.8006e-02 -1.7529e-02 -1.4299e-02 5.2170e-02 5.0395e-02 5.0675e-02 2.2553e-03 -3.2866e-02 -5.0711e-02 3.7747e-02 -1.4673e-03 1.8829e-02 2.8005e-02 2.8005e-02 4.8206e-02 2.8005e-02 2.8005e-02 2.8005e-02 -5.0864e-02 -4.2354e-02 2.6728e-03 2.6728e-03 4.5739e-02 4.5739e-02 -3.6734e-01 -3.8650e-01 -6.5498e-01 -6.5265e-01 -6.5265e-01 -6.5265e-01 -1.9388e-01 -6.5498e-01 -6.5498e-01 -6.5498e-01 1.0402e-01 -6.3672e-01 1.0000e+00 -4.2744e-01 -1.0898e-01 -1.0898e-01 -2.2809e-02 3.1012e-01 2.5107e-01 2.5107e-01 2.5252e-01
3.0705e-02 3.0034e-02 3.0034e-02 1.3883e-02 1.8552e-02 1.3883e-02 1.9236e-02 9.4754e-02 1.9236e-02 1.9236e-02 1.9236e-02 1.3883e-02 1.9236e-02 1.3102e-02 1.3102e-02 9.7764e-03 -1.0109e-02 -2.9281e-02 -2.6608e-02 -2.1928e-02 2.5811e-02 -1.9162e-02 -6.1534e-03 -3.4992e-02 2.9405e-02 4.7634e-03 -3.7049e-02 -3.7049e-02 -2.7290e-02 -3.7049e-02 -3.7049e-02 -3.7049e-02 1.1320e-02 7.6771e-03 -2.8324e-02 -2.8324e-02 -2.2531e-02 -2.2531e-02 1.5797e-01 2.0262e-01 4.4433e-01 4.4537e-01 4.4537e-01 4.4537e-01 2.3237e-01 4.4433e-01 4.4433e-01 4.4433e-01 -4.6605e-02 4.4212e-01 -4.2744e-01 1.0000e+00 -4.6605e-02 -4.6605e-02 -6.4711e-02 -2.2351e-01 -2.6969e-01 -2.6969e-01 -2.7031e-01
3.5458e-02 3.5192e-02 3.5192e-02 -3.1317e-02 2.7949e-02 -3.1317e-02 2.8220e-02 3.2010e-03 2.8220e-02 2.8220e-02 2.8220e-02 -3.1317e-02 2.8220e-02 -3.1593e-02 -3.1593e-02 -3.5407e-02 2.2651e-02 1.6379e-02 2.6846e-03 1.8418e-03 1.8407e-02 1.0361e-02 1.0916e-02 -3.2720e-02 3.4815e-03 -5.3878e-03 1.7503e-02 1.7503e-02 1.1561e-02 1.7503e-02 1.7503e-02 1.7503e-02 8.2052e-03 -1.8685e-02 4.1070e-02 4.1070e-02 6.1884e-02 6.1884e-02 1.5685e-01 1.4722e-01 1.1775e-01 1.1813e-01 1.1813e-01 1.1813e-01 8.9276e-02 1.1775e-01 1.1775e-01 1.1775e-01 -1.9250e-02 1.1439e-01 -1.0898e-01 -4.6605e-02 1.0000e+00 1.0000e+00 7.2020e-01 -1.0090e-01 -1.2507e-01 -1.2507e-01 -1.2532e-01
3.5458e-02 3.5192e-02 3.5192e-02 -3.1317e-02 2.7949e-02 -3.1317e-02 2.8220e-02 3.2010e-03 2.8220e-02 2.8220e-02 2.8220e-02 -3.1317e-02 2.8220e-02 -3.1593e-02 -3.1593e-02 -3.5407e-02 2.2651e-02 1.6379e-02 2.6846e-03 1.8418e-03 1.8407e-02 1.0361e-02 1.0916e-02 -3.2720e-02 3.4815e-03 -5.3878e-03 1.7503e-02 1.7503e-02 1.1561e-02 1.7503e-02 1.7503e-02 1.7503e-02 8.2052e-03 -1.8685e-02 4.1070e-02 4.1070e-02 6.1884e-02 6.1884e-02 1.5685e-01 1.4722e-01 1.1775e-01 1.1813e-01 1.1813e-01 1.1813e-01 8.9276e-02 1.1775e-01 1.1775e-01 1.1775e-01 -1.9250e-02 1.1439e-01 -1.0898e-01 -4.6605e-02 1.0000e+00 1.0000e+00 7.2020e-01 -1.0090e-01 -1.2507e-01 -1.2507e-01 -1.2532e-01
-1.1464e-02 -1.1862e-02 -1.1862e-02 -1.5105e-02 -2.2809e-02 -1.5105e-02 -2.2397e-02 7.0873e-03 -2.2397e-02 -2.2397e-02 -2.2397e-02 -1.5105e-02 -2.2397e-02 -1.5524e-02 -1.5524e-02 -2.1294e-02 -1.4950e-02 3.3030e-02 2.3759e-02 2.2568e-02 2.0480e-02 -2.0044e-02 -1.1537e-04 -4.5431e-02 1.0515e-02 1.7912e-02 4.5770e-03 4.5770e-03 1.5483e-02 4.5770e-03 4.5770e-03 4.5770e-03 -2.2328e-02 -4.2555e-02 2.9896e-02 2.9896e-02 3.7463e-02 3.7463e-02 6.6951e-02 1.2066e-01 3.2908e-02 3.3338e-02 3.3338e-02 3.3338e-02 4.4833e-02 3.2908e-02 3.2908e-02 3.2908e-02 2.4846e-01 2.9073e-02 -2.2809e-02 -6.4711e-02 7.2020e-01 7.2020e-01 1.0000e+00 -1.4010e-01 -1.7366e-01 -1.7366e-01 -1.7401e-01
1.2484e-02 1.5296e-02 1.5296e-02 -4.9045e-02 9.6864e-03 -4.9045e-02 1.1186e-02 -1.5729e-02 1.1186e-02 1.1186e-02 1.1186e-02 -4.9045e-02 1.1186e-02 -4.5857e-02 -4.5857e-02 -2.5554e-02 3.1324e-02 5.9519e-03 3.3432e-03 -1.0626e-03 -1.0620e-02 1.9509e-02 -2.3098e-02 7.1710e-02 6.9090e-03 2.9643e-02 3.9580e-02 3.9580e-02 2.3297e-02 3.9580e-02 3.9580e-02 3.9580e-02 3.8360e-02 2.3018e-02 3.2632e-02 3.2632e-02 1.3200e-02 1.3200e-02 -1.7601e-01 -1.9055e-01 -2.7397e-01 -2.7264e-01 -2.7264e-01 -2.7264e-01 6.9219e-02 -2.7397e-01 -2.7397e-01 -2.7397e-01 -5.4845e-02 -2.5954e-01 3.1012e-01 -2.2351e-01 -1.0090e-01 -1.0090e-01 -1.4010e-01 1.0000e+00 8.0254e-01 8.0254e-01 8.0092e-01
7.5524e-03 9.8203e-03 9.8203e-03 -2.5925e-02 -2.9640e-03 -2.5925e-02 -1.0964e-03 1.3888e-02 -1.0964e-03 -1.0964e-03 -1.0964e-03 -2.5925e-02 -1.0964e-03 -2.3371e-02 -2.3371e-02 2.7479e-03 3.7611e-03 2.6795e-02 2.1931e-02 1.6451e-02 -3.3826e-02 6.4222e-03 2.4707e-03 5.5826e-02 -1.4632e-02 3.2710e-02 4.5303e-02 4.5303e-02 3.6251e-02 4.5303e-02 4.5303e-02 4.5303e-02 2.1822e-02 1.2173e-02 7.1227e-03 7.1227e-03 8.9443e-04 8.9443e-04 7.6624e-02 4.3390e-02 -8.2640e-02 -8.0803e-02 -8.0803e-02 -8.0803e-02 1.5883e-01 -7.8409e-02 -7.8409e-02 -7.8409e-02 -8.1022e-02 -6.1239e-02 2.5107e-01 -2.6969e-01 -1.2507e-01 -1.2507e-01 -1.7366e-01 8.0254e-01 1.0000e+00 1.0000e+00 9.9799e-01
7.5524e-03 9.8203e-03 9.8203e-03 -2.5925e-02 -2.9640e-03 -2.5925e-02 -1.0964e-03 1.3888e-02 -1.0964e-03 -1.0964e-03 -1.0964e-03 -2.5925e-02 -1.0964e-03 -2.3371e-02 -2.3371e-02 2.7479e-03 3.7611e-03 2.6795e-02 2.1931e-02 1.6451e-02 -3.3826e-02 6.4222e-03 2.4707e-03 5.5826e-02 -1.4632e-02 3.2710e-02 4.5303e-02 4.5303e-02 3.6251e-02 4.5303e-02 4.5303e-02 4.5303e-02 2.1822e-02 1.2173e-02 7.1227e-03 7.1227e-03 8.9443e-04 8.9443e-04 7.6624e-02 4.3390e-02 -8.2640e-02 -8.0803e-02 -8.0803e-02 -8.0803e-02 1.5883e-01 -7.8409e-02 -7.8409e-02 -7.8409e-02 -8.1022e-02 -6.1239e-02 2.5107e-01 -2.6969e-01 -1.2507e-01 -1.2507e-01 -1.7366e-01 8.0254e-01 1.0000e+00 1.0000e+00 9.9799e-01
5.0393e-03 7.3015e-03 7.3015e-03 -2.7094e-02 -5.6288e-03 -2.7094e-02 -3.7558e-03 1.3438e-02 -3.7558e-03 -3.7558e-03 -3.7558e-03 -2.7094e-02 -3.7558e-03 -2.4543e-02 -2.4543e-02 1.5278e-03 3.0673e-03 2.5104e-02 2.0256e-02 1.8823e-02 -3.2606e-02 5.8138e-03 1.8670e-03 5.5343e-02 -1.3401e-02 3.4170e-02 4.3231e-02 4.3231e-02 3.4500e-02 4.3231e-02 4.3231e-02 4.3231e-02 2.1195e-02 1.1536e-02 8.5937e-03 8.5937e-03 -1.1605e-03 -1.1605e-03 7.5554e-02 4.2275e-02 -8.4045e-02 -8.2204e-02 -8.2204e-02 -8.2204e-02 1.5614e-01 -7.9814e-02 -7.9814e-02 -7.9814e-02 -8.1282e-02 -6.2676e-02 2.5252e-01 -2.7031e-01 -1.2532e-01 -1.2532e-01 -1.7401e-01 8.0092e-01 9.9799e-01 9.9799e-01 1.0000e+00
