1.0000e+00 7.2135e-02 6.1471e-02 2.8175e-01 4.2044e-02 4.2137e-02 -2.7590e-02 -1.8826e-01 5.9021e-02 -6.4383e-04 -3.9978e-03 -4.3001e-02 -3.4609e-02 -2.2799e-02 -1.5571e-02 -1.5180e-02
7.2135e-02 1.0000e+00 -4.0884e-01 5.1055e-01 -1.3143e-01 5.1156e-02 -2.5352e-01 -3.6117e-01 -1.7223e-03 -4.3505e-02 2.2578e-02 4.7645e-02 -6.0805e-02 -3.8053e-02 -3.1268e-02 1.5239e-02
6.1471e-02 -4.0884e-01 1.0000e+00 5.4406e-02 5.1201e-03 -2.0915e-02 -1.2344e-02 2.2984e-02 4.5375e-03 2.3618e-02 -2.3558e-02 -6.4745e-05 2.1403e-02 9.6061e-03 1.0863e-02 1.2763e-02
2.8175e-01 5.1055e-01 5.4406e-02 1.0000e+00 7.9310e-02 2.6118e-02 -3.6189e-01 -6.7607e-01 -4.6115e-02 -1.1057e-01 1.2449e-01 1.4060e-02 -2.7465e-02 -3.2644e-02 -3.4225e-02 1.4896e-02
4.2044e-02 -1.3143e-01 5.1201e-03 7.9310e-02 1.0000e+00 -3.5466e-02 5.0552e-01 -8.2712e-02 1.8257e-02 -8.2167e-02 6.4618e-02 -1.3916e-02 4.2098e-03 2.6870e-02 1.6303e-02 -4.7144e-02
4.2137e-02 5.1156e-02 -2.0915e-02 2.6118e-02 -3.5466e-02 1.0000e+00 2.0698e-01 -2.6979e-02 1.2704e-02 -3.8294e-02 6.5052e-02 -1.5665e-02 -4.7855e-02 -1.0724e-02 -1.0130e-02 4.4057e-02
-2.7590e-02 -2.5352e-01 -1.2344e-02 -3.6189e-01 5.0552e-01 2.0698e-01 1.0000e+00 5.5618e-01 8.8825e-02 2.1338e-02 -1.3806e-02 -2.5854e-02 -1.6987e-02 1.2339e-02 -5.1298e-03 -4.8353e-02
-1.8826e-01 -3.6117e-01 2.2984e-02 -6.7607e-01 -8.2712e-02 -2.6979e-02 5.5618e-01 1.0000e+00 7.5428e-02 1.2362e-01 -1.1557e-01 -1.6146e-02 3.1197e-02 -1.4500e-02 -2.8812e-02 -2.1008e-02
5.9021e-02 -1.7223e-03 4.5375e-03 -4.6115e-02 1.8257e-02 1.2704e-02 8.8825e-02 7.5428e-02 1.0000e+00 1.9264e-02 -4.8227e-02 1.5323e-03 3.2319e-02 5.6978e-02 4.7436e-02 2.0545e-02
-6.4383e-04 -4.3505e-02 2.3618e-02 -1.1057e-01 -8.2167e-02 -3.8294e-02 2.1338e-02 1.2362e-01 1.9264e-02 1.0000e+00 -6.9800e-01 2.8857e-02 3.6556e-02 1.2300e-02 6.2054e-03 -2.0852e-02
-3.9978e-03 2.2578e-02 -2.3558e-02 1.2449e-01 6.4618e-02 6.5052e-02 -1.3806e-02 -1.1557e-01 -4.8227e-02 -6.9800e-01 1.0000e+00 -3.8380e-02 -5.0106e-02 -3.7467e-02 -4.2595e-02 4.7964e-02
-4.3001e-02 4.7645e-02 -6.4745e-05 1.4060e-02 -1.3916e-02 -1.5665e-02 -2.5854e-02 -1.6146e-02 1.5323e-03 2.8857e-02 -3.8380e-02 1.0000e+00 1.9573e-02 -1.0309e-01 -1.0222e-01 -4.5920e-02
-3.4609e-02 -6.0805e-02 2.1403e-02 -2.7465e-02 4.2098e-03 -4.7855e-02 -1.6987e-02 3.1197e-02 3.2319e-02 3.6556e-02 -5.0106e-02 1.9573e-02 1.0000e+00 3.7980e-02 3.6301e-02 -2.1612e-01
-2.2799e-02 -3.8053e-02 9.6061e-03 -3.2644e-02 2.6870e-02 -1.0724e-02 1.2339e-02 -1.4500e-02 5.6978e-02 1.2300e-02 -3.7467e-02 -1.0309e-01 3.7980e-02 1.0000e+00 9.6189e-01 -9.7388e-02
-1.5571e-02 -3.1268e-02 1.0863e-02 -3.4225e-02 1.6303e-02 -1.0130e-02 -5.1298e-03 -2.8812e-02 4.7436e-02 6.2054e-03 -4.2595e-02 -1.0222e-01 3.6301e-02 9.6189e-01 1.0000e+00 -9.4975e-02
-1.5180e-02 1.5239e-02 1.2763e-02 1.4896e-02 -4.7144e-02 4.4057e-02 -4.8353e-02 -2.1008e-02 2.0545e-02 -2.0852e-02 4.7964e-02 -4.5920e-02 -2.1612e-01 -9.7388e-02 -9.4975e-02 1.0000e+00
