1.0000e+00 -2.7102e-02 -2.3764e-02 1.3154e-02 -2.3764e-02 -4.5242e-02 -8.3863e-02 -6.2003e-02 -2.1136e-02 -2.1136e-02 -5.5099e-02 -2.0579e-02 -5.5099e-02 -1.5173e-02 -1.6228e-02 -3.5913e-02 4.1135e-02 2.5916e-02
-2.7102e-02 1.0000e+00 -1.9604e-02 -2.1833e-02 3.3127e-02 -8.3960e-03 3.4481e-02 -4.5280e-02 -3.7322e-02 -3.7322e-02 -3.9241e-02 -1.8231e-02 -3.9241e-02 -1.2516e-02 4.4574e-01 -2.9626e-02 -9.9381e-02 -1.0690e-01
-2.3764e-02 -1.9604e-02 1.0000e+00 -1.9143e-02 -1.7189e-02 -3.2725e-02 -7.8912e-02 -5.6167e-02 -3.2725e-02 -3.2725e-02 -5.1837e-02 2.9036e-01 -5.1837e-02 -1.0975e-02 -1.1738e-02 -2.5976e-02 -1.3953e-01 -2.3975e-01
1.3154e-02 -2.1833e-02 -1.9143e-02 1.0000e+00 -1.9143e-02 -3.6445e-02 -7.6699e-02 -4.9263e-03 -6.8537e-03 -6.8537e-03 3.2746e-03 -5.6992e-02 3.2746e-03 -1.2222e-02 -1.3073e-02 -2.8930e-02 5.6795e-02 6.8392e-02
-2.3764e-02 3.3127e-02 -1.7189e-02 -1.9143e-02 1.0000e+00 -3.2725e-02 8.3331e-02 5.0364e-02 1.3139e-01 1.3139e-01 6.0939e-02 3.9902e-02 6.0939e-02 -1.0975e-02 -1.1738e-02 -2.5976e-02 -9.0133e-02 -1.1929e-01
-4.5242e-02 -8.3960e-03 -3.2725e-02 -3.6445e-02 -3.2725e-02 1.0000e+00 -1.8112e-01 4.0732e-01 -6.2302e-02 -6.2302e-02 4.4572e-01 -8.4935e-02 4.4572e-01 -2.0894e-02 -2.2348e-02 -4.9454e-02 -2.2420e-01 6.1845e-02
-8.3863e-02 3.4481e-02 -7.8912e-02 -7.6699e-02 8.3331e-02 -1.8112e-01 1.0000e+00 1.3398e-01 2.1048e-01 2.1048e-01 5.5590e-02 3.0329e-01 5.5590e-02 -1.0428e-02 7.6296e-02 -1.4377e-01 -3.6644e-02 1.5479e-01
-6.2003e-02 -4.5280e-02 -5.6167e-02 -4.9263e-03 5.0364e-02 4.0732e-01 1.3398e-01 1.0000e+00 -1.0693e-01 -1.0693e-01 9.1487e-01 -1.5100e-01 9.1487e-01 -3.5861e-02 -3.8356e-02 -8.4880e-02 -4.1798e-01 -2.0964e-02
-2.1136e-02 -3.7322e-02 -3.2725e-02 -6.8537e-03 1.3139e-01 -6.2302e-02 2.1048e-01 -1.0693e-01 1.0000e+00 1.0000e+00 -9.8687e-02 -9.7425e-02 -9.8687e-02 -2.0894e-02 -2.2348e-02 -4.9454e-02 4.6768e-02 9.4886e-02
-2.1136e-02 -3.7322e-02 -3.2725e-02 -6.8537e-03 1.3139e-01 -6.2302e-02 2.1048e-01 -1.0693e-01 1.0000e+00 1.0000e+00 -9.8687e-02 -9.7425e-02 -9.8687e-02 -2.0894e-02 -2.2348e-02 -4.9454e-02 4.6768e-02 9.4886e-02
-5.5099e-02 -3.9241e-02 -5.1837e-02 3.2746e-03 6.0939e-02 4.4572e-01 5.5590e-02 9.1487e-01 -9.8687e-02 -9.8687e-02 1.0000e+00 -1.5432e-01 1.0000e+00 -3.3096e-02 -3.5399e-02 -7.8336e-02 -4.8284e-01 -4.1859e-02
-2.0579e-02 -1.8231e-02 2.9036e-01 -5.6992e-02 3.9902e-02 -8.4935e-02 3.0329e-01 -1.5100e-01 -9.7425e-02 -9.7425e-02 -1.5432e-01 1.0000e+00 -1.5432e-01 1.4385e-01 -1.9050e-03 -7.7334e-02 -4.8144e-03 -1.1514e-01
-5.5099e-02 -3.9241e-02 -5.1837e-02 3.2746e-03 6.0939e-02 4.4572e-01 5.5590e-02 9.1487e-01 -9.8687e-02 -9.8687e-02 1.0000e+00 -1.5432e-01 1.0000e+00 -3.3096e-02 -3.5399e-02 -7.8336e-02 -4.8284e-01 -4.1859e-02
-1.5173e-02 -1.2516e-02 -1.0975e-02 -1.2222e-02 -1.0975e-02 -2.0894e-02 -1.0428e-02 -3.5861e-02 -2.0894e-02 -2.0894e-02 -3.3096e-02 1.4385e-01 -3.3096e-02 1.0000e+00 -7.4946e-03 -1.6585e-02 -6.9561e-02 -1.1645e-01
-1.6228e-02 4.4574e-01 -1.1738e-02 -1.3073e-02 -1.1738e-02 -2.2348e-02 7.6296e-02 -3.8356e-02 -2.2348e-02 -2.2348e-02 -3.5399e-02 -1.9050e-03 -3.5399e-02 -7.4946e-03 1.0000e+00 -1.7739e-02 -1.2902e-01 -1.9115e-01
-3.5913e-02 -2.9626e-02 -2.5976e-02 -2.8930e-02 -2.5976e-02 -4.9454e-02 -1.4377e-01 -8.4880e-02 -4.9454e-02 -4.9454e-02 -7.8336e-02 -7.7334e-02 -7.8336e-02 -1.6585e-02 -1.7739e-02 1.0000e+00 -2.8551e-01 -4.2300e-01
4.1135e-02 -9.9381e-02 -1.3953e-01 5.6795e-02 -9.0133e-02 -2.2420e-01 -3.6644e-02 -4.1798e-01 4.6768e-02 4.6768e-02 -4.8284e-01 -4.8144e-03 -4.8284e-01 -6.9561e-02 -1.2902e-01 -2.8551e-01 1.0000e+00 4.9263e-01
2.5916e-02 -1.0690e-01 -2.3975e-01 6.8392e-02 -1.1929e-01 6.1845e-02 1.5479e-01 -2.0964e-02 9.4886e-02 9.4886e-02 -4.1859e-02 -1.1514e-01 -4.1859e-02 -1.1645e-01 -1.9115e-01 -4.2300e-01 4.9263e-01 1.0000e+00
