1.0000e+00 4.0819e-02 1.2557e-01 6.5965e-02 1.2384e-01 -1.1518e-01 1.3231e-01 8.4165e-02 -1.3566e-02 8.5673e-02 3.4856e-04 1.9392e-02
4.0819e-02 1.0000e+00 -8.9331e-02 7.9232e-02 1.0985e-02 -5.9593e-02 3.7950e-02 3.2688e-02 2.1549e-02 -3.0705e-02 2.1021e-02 -1.4607e-02
1.2557e-01 -8.9331e-02 1.0000e+00 -1.4549e-01 3.6655e-01 2.0766e-03 1.3423e-01 -3.3474e-02 2.3610e-02 -1.5582e-02 -3.1961e-03 -3.0956e-02
6.5965e-02 7.9232e-02 -1.4549e-01 1.0000e+00 7.9838e-01 1.0657e-01 9.0348e-02 -3.6630e-02 9.7327e-03 4.5876e-02 -6.2588e-02 6.0539e-02
1.2384e-01 1.0985e-02 3.6655e-01 7.9838e-01 1.0000e+00 6.4563e-02 1.6232e-01 -5.3549e-02 2.3008e-02 1.5555e-02 -4.3719e-02 2.6010e-02
-1.1518e-01 -5.9593e-02 2.0766e-03 1.0657e-01 6.4563e-02 1.0000e+00 -2.0442e-02 -1.7775e-02 -6.4574e-03 -1.2209e-01 3.8929e-02 -5.6016e-02
1.3231e-01 3.7950e-02 1.3423e-01 9.0348e-02 1.6232e-01 -2.0442e-02 1.0000e+00 8.6399e-02 5.3384e-02 1.1393e-01 -7.2741e-02 -7.3380e-03
8.4165e-02 3.2688e-02 -3.3474e-02 -3.6630e-02 -5.3549e-02 -1.7775e-02 8.6399e-02 1.0000e+00 7.0817e-03 -6.2227e-02 2.1249e-01 -2.9795e-02
-1.3566e-02 2.1549e-02 2.3610e-02 9.7327e-03 2.3008e-02 -6.4574e-03 5.3384e-02 7.0817e-03 1.0000e+00 -1.9187e-02 3.3327e-02 -8.8034e-03
8.5673e-02 -3.0705e-02 -1.5582e-02 4.5876e-02 1.5555e-02 -1.2209e-01 1.1393e-01 -6.2227e-02 -1.9187e-02 1.0000e+00 -2.9284e-01 2.0369e-01
3.4856e-04 2.1021e-02 -3.1961e-03 -6.2588e-02 -4.3719e-02 3.8929e-02 -7.2741e-02 2.1249e-01 3.3327e-02 -2.9284e-01 1.0000e+00 -1.9240e-01
1.9392e-02 -1.4607e-02 -3.0956e-02 6.0539e-02 2.6010e-02 -5.6016e-02 -7.3380e-03 -2.9795e-02 -8.8034e-03 2.0369e-01 -1.9240e-01 1.0000e+00
