1.0000e+00 1.3183e-01 6.3459e-02 -1.3197e-01 -1.0206e-01 2.2736e-02 -1.6461e-01 1.1650e-01 1.1755e-01 -8.4134e-02 -8.3527e-02 1.1580e-01 -8.3527e-02 -8.4134e-02 1.1615e-01 1.1580e-01 1.0236e-01 1.0206e-01 2.6987e-01 2.5438e-01
1.3183e-01 1.0000e+00 3.0127e-01 2.9676e-01 5.1979e-01 -1.0951e-01 1.5158e-01 -3.9511e-01 -2.8012e-01 3.8985e-01 3.8926e-01 -2.8819e-01 3.8926e-01 3.8985e-01 -2.8658e-01 -2.8819e-01 -2.8022e-01 -2.8191e-01 -1.5332e-02 -1.8340e-02
6.3459e-02 3.0127e-01 1.0000e+00 6.2972e-01 4.4294e-01 7.4320e-02 7.8176e-01 -2.8537e-01 -2.4389e-01 3.9761e-01 3.9566e-01 -2.3341e-01 3.9566e-01 3.9761e-01 -2.2953e-01 -2.3341e-01 -1.4885e-01 -1.4784e-01 -1.0109e-01 -1.3229e-01
-1.3197e-01 2.9676e-01 6.2972e-01 1.0000e+00 7.1199e-01 -1.9990e-01 7.8875e-01 -4.8484e-01 -4.2207e-01 5.3899e-01 5.3619e-01 -4.3517e-01 5.3619e-01 5.3899e-01 -4.3255e-01 -4.3517e-01 -3.1270e-01 -3.1126e-01 -2.0675e-01 -2.0620e-01
-1.0206e-01 5.1979e-01 4.4294e-01 7.1199e-01 1.0000e+00 -1.4399e-01 5.7163e-01 -7.0836e-01 -5.1377e-01 6.9001e-01 6.9009e-01 -5.2288e-01 6.9009e-01 6.9001e-01 -5.2106e-01 -5.2288e-01 -3.8956e-01 -3.8756e-01 -9.4577e-02 -1.1743e-01
2.2736e-02 -1.0951e-01 7.4320e-02 -1.9990e-01 -1.4399e-01 1.0000e+00 8.4636e-02 1.4223e-01 5.8735e-02 -1.1164e-01 -1.1108e-01 1.4155e-01 -1.1108e-01 -1.1164e-01 1.4189e-01 1.4155e-01 1.1647e-01 1.1618e-01 -5.2714e-02 -5.5501e-02
-1.6461e-01 1.5158e-01 7.8176e-01 7.8875e-01 5.7163e-01 8.4636e-02 1.0000e+00 -3.9350e-01 -3.5097e-01 4.9409e-01 4.9188e-01 -3.3996e-01 4.9188e-01 4.9409e-01 -3.3659e-01 -3.3996e-01 -2.4283e-01 -2.4169e-01 -2.7134e-01 -2.7635e-01
1.1650e-01 -3.9511e-01 -2.8537e-01 -4.8484e-01 -7.0836e-01 1.4223e-01 -3.9350e-01 1.0000e+00 7.7791e-01 -7.9452e-01 -7.9126e-01 7.8842e-01 -7.9126e-01 -7.9452e-01 7.8631e-01 7.8842e-01 6.7383e-01 6.7214e-01 2.2599e-01 2.4969e-01
1.1755e-01 -2.8012e-01 -2.4389e-01 -4.2207e-01 -5.1377e-01 5.8735e-02 -3.5097e-01 7.7791e-01 1.0000e+00 -8.0967e-01 -8.0643e-01 9.8580e-01 -8.0643e-01 -8.0967e-01 9.8374e-01 9.8580e-01 8.2559e-01 8.2391e-01 3.2926e-01 3.4317e-01
-8.4134e-02 3.8985e-01 3.9761e-01 5.3899e-01 6.9001e-01 -1.1164e-01 4.9409e-01 -7.9452e-01 -8.0967e-01 1.0000e+00 9.9602e-01 -8.2203e-01 9.9602e-01 1.0000e+00 -8.2036e-01 -8.2203e-01 -6.5227e-01 -6.5021e-01 -2.5141e-01 -2.6723e-01
-8.3527e-02 3.8926e-01 3.9566e-01 5.3619e-01 6.9009e-01 -1.1108e-01 4.9188e-01 -7.9126e-01 -8.0643e-01 9.9602e-01 1.0000e+00 -8.1876e-01 9.9203e-01 9.9602e-01 -8.1709e-01 -8.1876e-01 -6.4837e-01 -6.4629e-01 -2.5002e-01 -2.6577e-01
1.1580e-01 -2.8819e-01 -2.3341e-01 -4.3517e-01 -5.2288e-01 1.4155e-01 -3.3996e-01 7.8842e-01 9.8580e-01 -8.2203e-01 -8.1876e-01 1.0000e+00 -8.1876e-01 -8.2203e-01 9.9797e-01 1.0000e+00 8.3422e-01 8.3253e-01 3.2512e-01 3.3881e-01
-8.3527e-02 3.8926e-01 3.9566e-01 5.3619e-01 6.9009e-01 -1.1108e-01 4.9188e-01 -7.9126e-01 -8.0643e-01 9.9602e-01 9.9203e-01 -8.1876e-01 1.0000e+00 9.9602e-01 -8.1709e-01 -8.1876e-01 -6.4837e-01 -6.4629e-01 -2.5002e-01 -2.6577e-01
-8.4134e-02 3.8985e-01 3.9761e-01 5.3899e-01 6.9001e-01 -1.1164e-01 4.9409e-01 -7.9452e-01 -8.0967e-01 1.0000e+00 9.9602e-01 -8.2203e-01 9.9602e-01 1.0000e+00 -8.2036e-01 -8.2203e-01 -6.5227e-01 -6.5021e-01 -2.5141e-01 -2.6723e-01
1.1615e-01 -2.8658e-01 -2.2953e-01 -4.3255e-01 -5.2106e-01 1.4189e-01 -3.3659e-01 7.8631e-01 9.8374e-01 -8.2036e-01 -8.1709e-01 9.9797e-01 -8.1709e-01 -8.2036e-01 1.0000e+00 9.9797e-01 8.3249e-01 8.3081e-01 3.2594e-01 3.3968e-01
1.1580e-01 -2.8819e-01 -2.3341e-01 -4.3517e-01 -5.2288e-01 1.4155e-01 -3.3996e-01 7.8842e-01 9.8580e-01 -8.2203e-01 -8.1876e-01 1.0000e+00 -8.1876e-01 -8.2203e-01 9.9797e-01 1.0000e+00 8.3422e-01 8.3253e-01 3.2512e-01 3.3881e-01
1.0236e-01 -2.8022e-01 -1.4885e-01 -3.1270e-01 -3.8956e-01 1.1647e-01 -2.4283e-01 6.7383e-01 8.2559e-01 -6.5227e-01 -6.4837e-01 8.3422e-01 -6.4837e-01 -6.5227e-01 8.3249e-01 8.3422e-01 1.0000e+00 9.9801e-01 3.3807e-01 3.4567e-01
1.0206e-01 -2.8191e-01 -1.4784e-01 -3.1126e-01 -3.8756e-01 1.1618e-01 -2.4169e-01 6.7214e-01 8.2391e-01 -6.5021e-01 -6.4629e-01 8.3253e-01 -6.4629e-01 -6.5021e-01 8.3081e-01 8.3253e-01 9.9801e-01 1.0000e+00 3.3736e-01 3.4492e-01
2.6987e-01 -1.5332e-02 -1.0109e-01 -2.0675e-01 -9.4577e-02 -5.2714e-02 -2.7134e-01 2.2599e-01 3.2926e-01 -2.5141e-01 -2.5002e-01 3.2512e-01 -2.5002e-01 -2.5141e-01 3.2594e-01 3.2512e-01 3.3807e-01 3.3736e-01 1.0000e+00 9.4979e-01
2.5438e-01 -1.8340e-02 -1.3229e-01 -2.0620e-01 -1.1743e-01 -5.5501e-02 -2.7635e-01 2.4969e-01 3.4317e-01 -2.6723e-01 -2.6577e-01 3.3881e-01 -2.6577e-01 -2.6723e-01 3.3968e-01 3.3881e-01 3.4567e-01 3.4492e-01 9.4979e-01 1.0000e+00
