1.0000e+00 9.8354e-01 1.0000e+00 9.9005e-01 7.6443e-01 9.7713e-01 9.9334e-01 9.4939e-01 9.6768e-01 1.0000e+00 1.0000e+00 1.0000e+00 2.8135e-02 2.5867e-02 2.0198e-02 2.0198e-02 -8.5064e-02 -2.8729e-02 -2.1617e-02 -2.3640e-02 -2.8729e-02 -2.8729e-02 -6.3814e-02 -2.8729e-02 -3.1012e-01 -2.8729e-02 -2.8729e-02 -2.2628e-02 2.8729e-02 2.8729e-02 -8.4514e-02 1.0083e-02 1.3884e-02 4.9003e-02 -7.5257e-02 -4.9003e-02 4.9003e-02 4.6623e-02 -7.3778e-02 -7.3778e-02 -7.6707e-02 3.1497e-01 3.1497e-01 4.7811e-02 -7.3778e-02 4.6623e-02 5.1588e-02 -3.9120e-04 1.4054e-02 -8.7929e-02 -7.9571e-02 -1.1474e-01 8.5894e-02 -8.6668e-02 -5.4612e-02 -5.4612e-02
9.8354e-01 1.0000e+00 9.8354e-01 9.7364e-01 7.5185e-01 9.9348e-01 9.7691e-01 9.6528e-01 9.8388e-01 9.8354e-01 9.8354e-01 9.8354e-01 1.2469e-02 3.6041e-02 3.0302e-02 3.0302e-02 -8.7128e-02 -2.5067e-02 -1.7858e-02 -4.1680e-02 -2.5067e-02 -2.5067e-02 -6.0680e-02 -2.5067e-02 -3.0139e-01 -2.5067e-02 -2.5067e-02 -4.0636e-02 2.5067e-02 2.5067e-02 -8.1385e-02 8.6814e-03 1.2387e-02 4.1594e-02 -7.7203e-02 -4.1594e-02 4.1594e-02 3.9199e-02 -7.5707e-02 -7.5707e-02 -8.0892e-02 3.0665e-01 3.0665e-01 4.0395e-02 -7.5707e-02 3.9199e-02 4.4093e-02 7.4689e-03 2.2038e-02 -9.0504e-02 -8.1567e-02 -1.1548e-01 7.2718e-02 -8.9229e-02 -5.5995e-02 -5.5995e-02
1.0000e+00 9.8354e-01 1.0000e+00 9.9005e-01 7.6443e-01 9.7713e-01 9.9334e-01 9.4939e-01 9.6768e-01 1.0000e+00 1.0000e+00 1.0000e+00 2.8135e-02 2.5867e-02 2.0198e-02 2.0198e-02 -8.5064e-02 -2.8729e-02 -2.1617e-02 -2.3640e-02 -2.8729e-02 -2.8729e-02 -6.3814e-02 -2.8729e-02 -3.1012e-01 -2.8729e-02 -2.8729e-02 -2.2628e-02 2.8729e-02 2.8729e-02 -8.4514e-02 1.0083e-02 1.3884e-02 4.9003e-02 -7.5257e-02 -4.9003e-02 4.9003e-02 4.6623e-02 -7.3778e-02 -7.3778e-02 -7.6707e-02 3.1497e-01 3.1497e-01 4.7811e-02 -7.3778e-02 4.6623e-02 5.1588e-02 -3.9120e-04 1.4054e-02 -8.7929e-02 -7.9571e-02 -1.1474e-01 8.5894e-02 -8.6668e-02 -5.4612e-02 -5.4612e-02
9.9005e-01 9.7364e-01 9.9005e-01 1.0000e+00 7.5683e-01 9.8038e-01 9.9669e-01 9.4602e-01 9.5782e-01 9.9005e-01 9.9005e-01 9.9005e-01 2.9135e-02 2.6760e-02 2.1035e-02 2.1035e-02 -6.2912e-02 -2.8716e-02 -2.1534e-02 -2.3578e-02 -2.8716e-02 -2.8716e-02 -6.6440e-02 -2.8716e-02 -3.0694e-01 -2.8716e-02 -2.8716e-02 -2.2555e-02 2.8716e-02 2.8716e-02 -8.7074e-02 5.6513e-03 9.4048e-03 4.4537e-02 -7.6427e-02 -4.4537e-02 4.4537e-02 4.2149e-02 -7.4938e-02 -7.4938e-02 -7.9226e-02 3.2500e-01 3.2500e-01 4.3341e-02 -7.4938e-02 4.2149e-02 4.7071e-02 4.3445e-03 1.8864e-02 -6.9308e-02 -8.0771e-02 -1.1866e-01 7.7952e-02 -6.7905e-02 -5.5444e-02 -5.5444e-02
7.6443e-01 7.5185e-01 7.6443e-01 7.5683e-01 1.0000e+00 7.4695e-01 7.5934e-01 7.2574e-01 7.3973e-01 7.6443e-01 7.6443e-01 7.6443e-01 8.8866e-02 7.0565e-02 6.6362e-02 6.6362e-02 -5.4541e-02 8.1179e-02 8.6051e-02 8.4663e-02 8.1179e-02 8.1179e-02 -6.8118e-02 8.1179e-02 -3.0264e-01 8.1179e-02 8.1179e-02 8.5357e-02 -8.1179e-02 -8.1179e-02 -8.1268e-02 -1.1650e-01 -1.1059e-01 -8.9304e-02 -6.1558e-02 8.9304e-02 -8.9304e-02 -9.0731e-02 -6.0472e-02 -6.0472e-02 -6.6441e-02 4.5429e-01 4.5429e-01 -9.0018e-02 -6.0472e-02 -9.0731e-02 -8.4003e-02 1.1588e-01 1.2519e-01 -7.3692e-02 -6.4730e-02 -1.3941e-01 1.8625e-01 -7.2771e-02 -3.4053e-02 -3.4053e-02
9.7713e-01 9.9348e-01 9.7713e-01 9.8038e-01 7.4695e-01 1.0000e+00 9.8368e-01 9.5881e-01 9.7738e-01 9.7713e-01 9.7713e-01 9.7713e-01 1.6648e-02 4.0055e-02 3.4288e-02 3.4288e-02 -6.4747e-02 -2.1448e-02 -1.4213e-02 -3.7953e-02 -2.1448e-02 -2.1448e-02 -6.2436e-02 -2.1448e-02 -2.9590e-01 -2.1448e-02 -2.1448e-02 -3.6906e-02 2.1448e-02 2.1448e-02 -8.3099e-02 5.7581e-03 9.4333e-03 3.8676e-02 -7.7976e-02 -3.8676e-02 3.8676e-02 3.6276e-02 -7.6473e-02 -7.6473e-02 -8.2548e-02 3.1832e-01 3.1832e-01 3.7474e-02 -7.6473e-02 3.6276e-02 4.1142e-02 1.0568e-02 2.5187e-02 -7.1522e-02 -8.2361e-02 -1.1809e-01 6.7529e-02 -7.0109e-02 -5.6545e-02 -5.6545e-02
9.9334e-01 9.7691e-01 9.9334e-01 9.9669e-01 7.5934e-01 9.8368e-01 1.0000e+00 9.4282e-01 9.6108e-01 9.9334e-01 9.9334e-01 9.9334e-01 3.2290e-02 2.9961e-02 2.4264e-02 2.4264e-02 -6.2450e-02 -2.5054e-02 -1.7916e-02 -1.9947e-02 -2.5054e-02 -2.5054e-02 -6.5568e-02 -2.5054e-02 -3.0451e-01 -2.5054e-02 -2.5054e-02 -1.8931e-02 2.5054e-02 2.5054e-02 -8.6224e-02 7.1221e-03 1.0891e-02 4.6019e-02 -7.6038e-02 -4.6019e-02 4.6019e-02 4.3633e-02 -7.4552e-02 -7.4552e-02 -7.8389e-02 3.2670e-01 3.2670e-01 4.4824e-02 -7.4552e-02 4.3633e-02 4.8569e-02 2.7726e-03 1.7267e-02 -6.8751e-02 -8.0372e-02 -1.1736e-01 8.0587e-02 -6.7350e-02 -5.5167e-02 -5.5167e-02
9.4939e-01 9.6528e-01 9.4939e-01 9.4602e-01 7.2574e-01 9.5881e-01 9.4282e-01 1.0000e+00 9.8110e-01 9.4939e-01 9.4939e-01 9.4939e-01 -1.5804e-02 2.7133e-02 2.1162e-02 2.1162e-02 -8.0206e-02 -3.7604e-02 -3.0073e-02 -5.3516e-02 -3.7604e-02 -3.7604e-02 -3.3524e-02 -3.7604e-02 -3.0237e-01 -3.7604e-02 -3.7604e-02 -5.2427e-02 3.7604e-02 3.7604e-02 -5.4570e-02 3.9489e-02 4.2902e-02 7.3699e-02 -8.1418e-02 -7.3699e-02 7.3699e-02 7.1124e-02 -7.9884e-02 -7.9884e-02 -3.0831e-02 2.9654e-01 2.9654e-01 7.2409e-02 -7.9884e-02 7.1124e-02 8.1750e-02 -2.6212e-02 -1.0611e-02 -8.6245e-02 -8.5895e-02 -1.2961e-01 8.4753e-02 -8.4875e-02 -5.8994e-02 -5.8994e-02
9.6768e-01 9.8388e-01 9.6768e-01 9.5782e-01 7.3973e-01 9.7738e-01 9.6108e-01 9.8110e-01 1.0000e+00 9.6768e-01 9.6768e-01 9.6768e-01 -2.8747e-03 2.0207e-02 1.4332e-02 1.4332e-02 -8.9172e-02 -4.3122e-02 -3.5699e-02 -5.9361e-02 -4.3122e-02 -4.3122e-02 -2.7943e-02 -4.3122e-02 -3.1348e-01 -4.3122e-02 -4.3122e-02 -5.8288e-02 4.3122e-02 4.3122e-02 -4.9109e-02 3.0884e-02 3.4433e-02 6.4604e-02 -7.9130e-02 -6.4604e-02 6.4604e-02 6.2101e-02 -7.7616e-02 -7.7616e-02 -4.7673e-02 2.9858e-01 2.9858e-01 6.3351e-02 -7.7616e-02 6.2101e-02 6.6880e-02 -1.3175e-02 1.9429e-03 -9.3050e-02 -8.3545e-02 -1.2196e-01 8.0082e-02 -9.1762e-02 -5.7366e-02 -5.7366e-02
1.0000e+00 9.8354e-01 1.0000e+00 9.9005e-01 7.6443e-01 9.7713e-01 9.9334e-01 9.4939e-01 9.6768e-01 1.0000e+00 1.0000e+00 1.0000e+00 2.8135e-02 2.5867e-02 2.0198e-02 2.0198e-02 -8.5064e-02 -2.8729e-02 -2.1617e-02 -2.3640e-02 -2.8729e-02 -2.8729e-02 -6.3814e-02 -2.8729e-02 -3.1012e-01 -2.8729e-02 -2.8729e-02 -2.2628e-02 2.8729e-02 2.8729e-02 -8.4514e-02 1.0083e-02 1.3884e-02 4.9003e-02 -7.5257e-02 -4.9003e-02 4.9003e-02 4.6623e-02 -7.3778e-02 -7.3778e-02 -7.6707e-02 3.1497e-01 3.1497e-01 4.7811e-02 -7.3778e-02 4.6623e-02 5.1588e-02 -3.9120e-04 1.4054e-02 -8.7929e-02 -7.9571e-02 -1.1474e-01 8.5894e-02 -8.6668e-02 -5.4612e-02 -5.4612e-02
1.0000e+00 9.8354e-01 1.0000e+00 9.9005e-01 7.6443e-01 9.7713e-01 9.9334e-01 9.4939e-01 9.6768e-01 1.0000e+00 1.0000e+00 1.0000e+00 2.8135e-02 2.5867e-02 2.0198e-02 2.0198e-02 -8.5064e-02 -2.8729e-02 -2.1617e-02 -2.3640e-02 -2.8729e-02 -2.8729e-02 -6.3814e-02 -2.8729e-02 -3.1012e-01 -2.8729e-02 -2.8729e-02 -2.2628e-02 2.8729e-02 2.8729e-02 -8.4514e-02 1.0083e-02 1.3884e-02 4.9003e-02 -7.5257e-02 -4.9003e-02 4.9003e-02 4.6623e-02 -7.3778e-02 -7.3778e-02 -7.6707e-02 3.1497e-01 3.1497e-01 4.7811e-02 -7.3778e-02 4.6623e-02 5.1588e-02 -3.9120e-04 1.4054e-02 -8.7929e-02 -7.9571e-02 -1.1474e-01 8.5894e-02 -8.6668e-02 -5.4612e-02 -5.4612e-02
1.0000e+00 9.8354e-01 1.0000e+00 9.9005e-01 7.6443e-01 9.7713e-01 9.9334e-01 9.4939e-01 9.6768e-01 1.0000e+00 1.0000e+00 1.0000e+00 2.8135e-02 2.5867e-02 2.0198e-02 2.0198e-02 -8.5064e-02 -2.8729e-02 -2.1617e-02 -2.3640e-02 -2.8729e-02 -2.8729e-02 -6.3814e-02 -2.8729e-02 -3.1012e-01 -2.8729e-02 -2.8729e-02 -2.2628e-02 2.8729e-02 2.8729e-02 -8.4514e-02 1.0083e-02 1.3884e-02 4.9003e-02 -7.5257e-02 -4.9003e-02 4.9003e-02 4.6623e-02 -7.3778e-02 -7.3778e-02 -7.6707e-02 3.1497e-01 3.1497e-01 4.7811e-02 -7.3778e-02 4.6623e-02 5.1588e-02 -3.9120e-04 1.4054e-02 -8.7929e-02 -7.9571e-02 -1.1474e-01 8.5894e-02 -8.6668e-02 -5.4612e-02 -5.4612e-02
2.8135e-02 1.2469e-02 2.8135e-02 2.9135e-02 8.8866e-02 1.6648e-02 3.2290e-02 -1.5804e-02 -2.8747e-03 2.8135e-02 2.8135e-02 2.8135e-02 1.0000e+00 9.2585e-01 9.1354e-01 9.1354e-01 1.9206e-01 7.2742e-01 7.1114e-01 7.3729e-01 7.2742e-01 7.2742e-01 -3.6691e-01 7.2742e-01 5.5828e-01 7.2742e-01 7.2742e-01 7.3496e-01 -7.2742e-01 -7.2742e-01 -2.8513e-01 -1.5974e-01 -1.6016e-01 -1.7057e-01 1.2831e-01 1.7057e-01 -1.7057e-01 -1.6611e-01 1.2564e-01 1.2564e-01 -3.2038e-01 2.5601e-01 2.5601e-01 -1.6351e-01 1.2564e-01 -1.6611e-01 -1.6388e-01 2.6849e-01 3.0144e-01 1.2397e-01 1.2650e-01 2.3255e-01 -6.7634e-03 1.2953e-01 -8.1634e-03 -8.1634e-03
2.5867e-02 3.6041e-02 2.5867e-02 2.6760e-02 7.0565e-02 4.0055e-02 2.9961e-02 2.7133e-02 2.0207e-02 2.5867e-02 2.5867e-02 2.5867e-02 9.2585e-01 1.0000e+00 9.8763e-01 9.8763e-01 1.8892e-01 7.6262e-01 7.4634e-01 7.5528e-01 7.6262e-01 7.6262e-01 -4.2206e-01 7.6262e-01 5.8598e-01 7.6262e-01 7.6262e-01 7.5296e-01 -7.6262e-01 -7.6262e-01 -3.3944e-01 -1.8363e-01 -1.8406e-01 -1.9443e-01 1.2524e-01 1.9443e-01 -1.9443e-01 -1.8995e-01 1.2261e-01 1.2261e-01 -3.5767e-01 2.6234e-01 2.6234e-01 -1.8734e-01 1.2261e-01 -1.8995e-01 -1.8290e-01 2.8840e-01 3.2168e-01 1.4384e-01 1.2331e-01 2.2348e-01 -2.2380e-02 1.4961e-01 2.9006e-03 2.9006e-03
2.0198e-02 3.0302e-02 2.0198e-02 2.1035e-02 6.6362e-02 3.4288e-02 2.4264e-02 2.1162e-02 1.4332e-02 2.0198e-02 2.0198e-02 2.0198e-02 9.1354e-01 9.8763e-01 1.0000e+00 1.0000e+00 1.8658e-01 7.7299e-01 7.5681e-01 7.6573e-01 7.7299e-01 7.7299e-01 -4.2794e-01 7.7299e-01 5.9355e-01 7.7299e-01 7.7299e-01 7.6343e-01 -7.7299e-01 -7.7299e-01 -3.4522e-01 -1.9102e-01 -1.9149e-01 -2.0151e-01 1.2295e-01 2.0151e-01 -2.0151e-01 -1.9706e-01 1.2034e-01 1.2034e-01 -3.6334e-01 2.6417e-01 2.6417e-01 -1.9443e-01 1.2034e-01 -1.9706e-01 -1.9001e-01 2.9664e-01 3.3026e-01 1.4087e-01 1.2092e-01 2.3966e-01 -3.0093e-02 1.4668e-01 1.0415e-03 1.0415e-03
2.0198e-02 3.0302e-02 2.0198e-02 2.1035e-02 6.6362e-02 3.4288e-02 2.4264e-02 2.1162e-02 1.4332e-02 2.0198e-02 2.0198e-02 2.0198e-02 9.1354e-01 9.8763e-01 1.0000e+00 1.0000e+00 1.8658e-01 7.7299e-01 7.5681e-01 7.6573e-01 7.7299e-01 7.7299e-01 -4.2794e-01 7.7299e-01 5.9355e-01 7.7299e-01 7.7299e-01 7.6343e-01 -7.7299e-01 -7.7299e-01 -3.4522e-01 -1.9102e-01 -1.9149e-01 -2.0151e-01 1.2295e-01 2.0151e-01 -2.0151e-01 -1.9706e-01 1.2034e-01 1.2034e-01 -3.6334e-01 2.6417e-01 2.6417e-01 -1.9443e-01 1.2034e-01 -1.9706e-01 -1.9001e-01 2.9664e-01 3.3026e-01 1.4087e-01 1.2092e-01 2.3966e-01 -3.0093e-02 1.4668e-01 1.0415e-03 1.0415e-03
-8.5064e-02 -8.7128e-02 -8.5064e-02 -6.2912e-02 -5.4541e-02 -6.4747e-02 -6.2450e-02 -8.0206e-02 -8.9172e-02 -8.5064e-02 -8.5064e-02 -8.5064e-02 1.9206e-01 1.8892e-01 1.8658e-01 1.8658e-01 1.0000e+00 1.5964e-01 9.4735e-02 1.6146e-01 1.5964e-01 1.5964e-01 -9.0979e-02 1.5964e-01 1.8404e-01 1.5964e-01 1.5964e-01 1.6182e-01 -1.5964e-01 -1.5964e-01 -9.2916e-02 -1.3112e-01 -1.3183e-01 -1.2475e-01 7.7036e-01 1.2475e-01 -1.2475e-01 -1.1465e-01 7.5760e-01 7.5760e-01 -7.6821e-02 4.5405e-01 4.5405e-01 -1.1428e-01 7.5760e-01 -1.1465e-01 -1.1502e-01 1.1163e-01 1.1706e-01 5.7790e-01 6.7886e-01 -9.8662e-02 -1.5859e-01 5.8268e-01 -5.0326e-03 -5.0326e-03
-2.8729e-02 -2.5067e-02 -2.8729e-02 -2.8716e-02 8.1179e-02 -2.1448e-02 -2.5054e-02 -3.7604e-02 -4.3122e-02 -2.8729e-02 -2.8729e-02 -2.8729e-02 7.2742e-01 7.6262e-01 7.7299e-01 7.7299e-01 1.5964e-01 1.0000e+00 9.8430e-01 9.8875e-01 1.0000e+00 1.0000e+00 -5.6989e-01 1.0000e+00 8.2609e-01 1.0000e+00 1.0000e+00 9.8652e-01 -1.0000e+00 -1.0000e+00 -4.7148e-01 -2.4687e-01 -2.4794e-01 -2.6272e-01 1.1656e-01 2.6272e-01 -2.6272e-01 -2.6370e-01 1.1445e-01 1.1445e-01 -4.8342e-01 2.4703e-01 2.4703e-01 -2.6067e-01 1.1445e-01 -2.6370e-01 -2.5660e-01 1.7072e-01 2.1264e-01 1.1373e-01 1.1265e-01 2.8289e-01 -4.0897e-03 1.2019e-01 -2.2322e-02 -2.2322e-02
-2.1617e-02 -1.7858e-02 -2.1617e-02 -2.1534e-02 8.6051e-02 -1.4213e-02 -1.7916e-02 -3.0073e-02 -3.5699e-02 -2.1617e-02 -2.1617e-02 -2.1617e-02 7.1114e-01 7.4634e-01 7.5681e-01 7.5681e-01 9.4735e-02 9.8430e-01 1.0000e+00 9.7299e-01 9.8430e-01 9.8430e-01 -5.6094e-01 9.8430e-01 8.0920e-01 9.8430e-01 9.8430e-01 9.7076e-01 -9.8430e-01 -9.8430e-01 -4.6294e-01 -2.3712e-01 -2.3814e-01 -2.5330e-01 5.7068e-02 2.5330e-01 -2.5330e-01 -2.5423e-01 5.4249e-02 5.4249e-02 -4.7500e-01 2.1429e-01 2.1429e-01 -2.5124e-01 5.4249e-02 -2.5423e-01 -2.4714e-01 1.6068e-01 2.0206e-01 6.7309e-02 5.5203e-02 2.8550e-01 1.0153e-02 7.3362e-02 -1.9936e-02 -1.9936e-02
-2.3640e-02 -4.1680e-02 -2.3640e-02 -2.3578e-02 8.4663e-02 -3.7953e-02 -1.9947e-02 -5.3516e-02 -5.9361e-02 -2.3640e-02 -2.3640e-02 -2.3640e-02 7.3729e-01 7.5528e-01 7.6573e-01 7.6573e-01 1.6146e-01 9.8875e-01 9.7299e-01 1.0000e+00 9.8875e-01 9.8875e-01 -5.6347e-01 9.8875e-01 8.1398e-01 9.8875e-01 9.8875e-01 9.9775e-01 -9.8875e-01 -9.8875e-01 -4.6536e-01 -2.4483e-01 -2.4584e-01 -2.6104e-01 1.1837e-01 2.6104e-01 -2.6104e-01 -2.6197e-01 1.1624e-01 1.1624e-01 -4.8363e-01 2.5022e-01 2.5022e-01 -2.5897e-01 1.1624e-01 -2.6197e-01 -2.5487e-01 1.6828e-01 2.0974e-01 1.1618e-01 1.1455e-01 2.8339e-01 1.8619e-03 1.2259e-01 -2.0614e-02 -2.0614e-02
-2.8729e-02 -2.5067e-02 -2.8729e-02 -2.8716e-02 8.1179e-02 -2.1448e-02 -2.5054e-02 -3.7604e-02 -4.3122e-02 -2.8729e-02 -2.8729e-02 -2.8729e-02 7.2742e-01 7.6262e-01 7.7299e-01 7.7299e-01 1.5964e-01 1.0000e+00 9.8430e-01 9.8875e-01 1.0000e+00 1.0000e+00 -5.6989e-01 1.0000e+00 8.2609e-01 1.0000e+00 1.0000e+00 9.8652e-01 -1.0000e+00 -1.0000e+00 -4.7148e-01 -2.4687e-01 -2.4794e-01 -2.6272e-01 1.1656e-01 2.6272e-01 -2.6272e-01 -2.6370e-01 1.1445e-01 1.1445e-01 -4.8342e-01 2.4703e-01 2.4703e-01 -2.6067e-01 1.1445e-01 -2.6370e-01 -2.5660e-01 1.7072e-01 2.1264e-01 1.1373e-01 1.1265e-01 2.8289e-01 -4.0897e-03 1.2019e-01 -2.2322e-02 -2.2322e-02
-2.8729e-02 -2.5067e-02 -2.8729e-02 -2.8716e-02 8.1179e-02 -2.1448e-02 -2.5054e-02 -3.7604e-02 -4.3122e-02 -2.8729e-02 -2.8729e-02 -2.8729e-02 7.2742e-01 7.6262e-01 7.7299e-01 7.7299e-01 1.5964e-01 1.0000e+00 9.8430e-01 9.8875e-01 1.0000e+00 1.0000e+00 -5.6989e-01 1.0000e+00 8.2609e-01 1.0000e+00 1.0000e+00 9.8652e-01 -1.0000e+00 -1.0000e+00 -4.7148e-01 -2.4687e-01 -2.4794e-01 -2.6272e-01 1.1656e-01 2.6272e-01 -2.6272e-01 -2.6370e-01 1.1445e-01 1.1445e-01 -4.8342e-01 2.4703e-01 2.4703e-01 -2.6067e-01 1.1445e-01 -2.6370e-01 -2.5660e-01 1.7072e-01 2.1264e-01 1.1373e-01 1.1265e-01 2.8289e-01 -4.0897e-03 1.2019e-01 -2.2322e-02 -2.2322e-02
-6.3814e-02 -6.0680e-02 -6.3814e-02 -6.6440e-02 -6.8118e-02 -6.2436e-02 -6.5568e-02 -3.3524e-02 -2.7943e-02 -6.3814e-02 -6.3814e-02 -6.3814e-02 -3.6691e-01 -4.2206e-01 -4.2794e-01 -4.2794e-01 -9.0979e-02 -5.6989e-01 -5.6094e-01 -5.6347e-01 -5.6989e-01 -5.6989e-01 1.0000e+00 -5.6989e-01 -4.7078e-01 -5.6989e-01 -5.6989e-01 -5.6221e-01 5.6989e-01 5.6989e-01 8.6963e-01 6.3950e-01 6.3592e-01 6.2466e-01 -6.9937e-02 -6.2466e-01 6.2466e-01 6.2086e-01 -6.8774e-02 -6.8774e-02 8.5367e-01 -1.3788e-01 -1.3788e-01 6.1579e-01 -6.8774e-02 6.2086e-01 6.0509e-01 -5.2916e-01 -5.0916e-01 -8.4741e-02 -5.9519e-02 -1.3902e-01 2.5207e-01 -9.5297e-02 9.5868e-02 9.5868e-02
-2.8729e-02 -2.5067e-02 -2.8729e-02 -2.8716e-02 8.1179e-02 -2.1448e-02 -2.5054e-02 -3.7604e-02 -4.3122e-02 -2.8729e-02 -2.8729e-02 -2.8729e-02 7.2742e-01 7.6262e-01 7.7299e-01 7.7299e-01 1.5964e-01 1.0000e+00 9.8430e-01 9.8875e-01 1.0000e+00 1.0000e+00 -5.6989e-01 1.0000e+00 8.2609e-01 1.0000e+00 1.0000e+00 9.8652e-01 -1.0000e+00 -1.0000e+00 -4.7148e-01 -2.4687e-01 -2.4794e-01 -2.6272e-01 1.1656e-01 2.6272e-01 -2.6272e-01 -2.6370e-01 1.1445e-01 1.1445e-01 -4.8342e-01 2.4703e-01 2.4703e-01 -2.6067e-01 1.1445e-01 -2.6370e-01 -2.5660e-01 1.7072e-01 2.1264e-01 1.1373e-01 1.1265e-01 2.8289e-01 -4.0897e-03 1.2019e-01 -2.2322e-02 -2.2322e-02
-3.1012e-01 -3.0139e-01 -3.1012e-01 -3.0694e-01 -3.0264e-01 -2.9590e-01 -3.0451e-01 -3.0237e-01 -3.1348e-01 -3.1012e-01 -3.1012e-01 -3.1012e-01 5.5828e-01 5.8598e-01 5.9355e-01 5.9355e-01 1.8404e-01 8.2609e-01 8.0920e-01 8.1398e-01 8.2609e-01 8.2609e-01 -4.7078e-01 8.2609e-01 1.0000e+00 8.2609e-01 8.2609e-01 8.1159e-01 -8.2609e-01 -8.2609e-01 -3.7575e-01 -1.3259e-01 -1.3775e-01 -1.5745e-01 1.4921e-01 1.5745e-01 -1.5745e-01 -1.5781e-01 1.4675e-01 1.4675e-01 -3.8922e-01 -1.8633e-01 -1.8633e-01 -1.5522e-01 1.4675e-01 -1.5781e-01 -1.5078e-01 5.6215e-02 9.2115e-02 1.3343e-01 1.3727e-01 3.5005e-01 -1.4648e-01 1.3902e-01 -7.2274e-03 -7.2274e-03
-2.8729e-02 -2.5067e-02 -2.8729e-02 -2.8716e-02 8.1179e-02 -2.1448e-02 -2.5054e-02 -3.7604e-02 -4.3122e-02 -2.8729e-02 -2.8729e-02 -2.8729e-02 7.2742e-01 7.6262e-01 7.7299e-01 7.7299e-01 1.5964e-01 1.0000e+00 9.8430e-01 9.8875e-01 1.0000e+00 1.0000e+00 -5.6989e-01 1.0000e+00 8.2609e-01 1.0000e+00 1.0000e+00 9.8652e-01 -1.0000e+00 -1.0000e+00 -4.7148e-01 -2.4687e-01 -2.4794e-01 -2.6272e-01 1.1656e-01 2.6272e-01 -2.6272e-01 -2.6370e-01 1.1445e-01 1.1445e-01 -4.8342e-01 2.4703e-01 2.4703e-01 -2.6067e-01 1.1445e-01 -2.6370e-01 -2.5660e-01 1.7072e-01 2.1264e-01 1.1373e-01 1.1265e-01 2.8289e-01 -4.0897e-03 1.2019e-01 -2.2322e-02 -2.2322e-02
-2.8729e-02 -2.5067e-02 -2.8729e-02 -2.8716e-02 8.1179e-02 -2.1448e-02 -2.5054e-02 -3.7604e-02 -4.3122e-02 -2.8729e-02 -2.8729e-02 -2.8729e-02 7.2742e-01 7.6262e-01 7.7299e-01 7.7299e-01 1.5964e-01 1.0000e+00 9.8430e-01 9.8875e-01 1.0000e+00 1.0000e+00 -5.6989e-01 1.0000e+00 8.2609e-01 1.0000e+00 1.0000e+00 9.8652e-01 -1.0000e+00 -1.0000e+00 -4.7148e-01 -2.4687e-01 -2.4794e-01 -2.6272e-01 1.1656e-01 2.6272e-01 -2.6272e-01 -2.6370e-01 1.1445e-01 1.1445e-01 -4.8342e-01 2.4703e-01 2.4703e-01 -2.6067e-01 1.1445e-01 -2.6370e-01 -2.5660e-01 1.7072e-01 2.1264e-01 1.1373e-01 1.1265e-01 2.8289e-01 -4.0897e-03 1.2019e-01 -2.2322e-02 -2.2322e-02
-2.2628e-02 -4.0636e-02 -2.2628e-02 -2.2555e-02 8.5357e-02 -3.6906e-02 -1.8931e-02 -5.2427e-02 -5.8288e-02 -2.2628e-02 -2.2628e-02 -2.2628e-02 7.3496e-01 7.5296e-01 7.6343e-01 7.6343e-01 1.6182e-01 9.8652e-01 9.7076e-01 9.9775e-01 9.8652e-01 9.8652e-01 -5.6221e-01 9.8652e-01 8.1159e-01 9.8652e-01 9.8652e-01 1.0000e+00 -9.8652e-01 -9.8652e-01 -4.6415e-01 -2.4836e-01 -2.4936e-01 -2.6476e-01 1.1873e-01 2.6476e-01 -2.6476e-01 -2.6566e-01 1.1660e-01 1.1660e-01 -4.8244e-01 2.5086e-01 2.5086e-01 -2.6268e-01 1.1660e-01 -2.6566e-01 -2.5856e-01 1.7159e-01 2.1290e-01 1.1667e-01 1.1493e-01 2.8444e-01 3.8936e-03 1.2307e-01 -2.0275e-02 -2.0275e-02
2.8729e-02 2.5067e-02 2.8729e-02 2.8716e-02 -8.1179e-02 2.1448e-02 2.5054e-02 3.7604e-02 4.3122e-02 2.8729e-02 2.8729e-02 2.8729e-02 -7.2742e-01 -7.6262e-01 -7.7299e-01 -7.7299e-01 -1.5964e-01 -1.0000e+00 -9.8430e-01 -9.8875e-01 -1.0000e+00 -1.0000e+00 5.6989e-01 -1.0000e+00 -8.2609e-01 -1.0000e+00 -1.0000e+00 -9.8652e-01 1.0000e+00 1.0000e+00 4.7148e-01 2.4687e-01 2.4794e-01 2.6272e-01 -1.1656e-01 -2.6272e-01 2.6272e-01 2.6370e-01 -1.1445e-01 -1.1445e-01 4.8342e-01 -2.4703e-01 -2.4703e-01 2.6067e-01 -1.1445e-01 2.6370e-01 2.5660e-01 -1.7072e-01 -2.1264e-01 -1.1373e-01 -1.1265e-01 -2.8289e-01 4.0897e-03 -1.2019e-01 2.2322e-02 2.2322e-02
2.8729e-02 2.5067e-02 2.8729e-02 2.8716e-02 -8.1179e-02 2.1448e-02 2.5054e-02 3.7604e-02 4.3122e-02 2.8729e-02 2.8729e-02 2.8729e-02 -7.2742e-01 -7.6262e-01 -7.7299e-01 -7.7299e-01 -1.5964e-01 -1.0000e+00 -9.8430e-01 -9.8875e-01 -1.0000e+00 -1.0000e+00 5.6989e-01 -1.0000e+00 -8.2609e-01 -1.0000e+00 -1.0000e+00 -9.8652e-01 1.0000e+00 1.0000e+00 4.7148e-01 2.4687e-01 2.4794e-01 2.6272e-01 -1.1656e-01 -2.6272e-01 2.6272e-01 2.6370e-01 -1.1445e-01 -1.1445e-01 4.8342e-01 -2.4703e-01 -2.4703e-01 2.6067e-01 -1.1445e-01 2.6370e-01 2.5660e-01 -1.7072e-01 -2.1264e-01 -1.1373e-01 -1.1265e-01 -2.8289e-01 4.0897e-03 -1.2019e-01 2.2322e-02 2.2322e-02
-8.4514e-02 -8.1385e-02 -8.4514e-02 -8.7074e-02 -8.1268e-02 -8.3099e-02 -8.6224e-02 -5.4570e-02 -4.9109e-02 -8.4514e-02 -8.4514e-02 -8.4514e-02 -2.8513e-01 -3.3944e-01 -3.4522e-01 -3.4522e-01 -9.2916e-02 -4.7148e-01 -4.6294e-01 -4.6536e-01 -4.7148e-01 -4.7148e-01 8.6963e-01 -4.7148e-01 -3.7575e-01 -4.7148e-01 -4.7148e-01 -4.6415e-01 4.7148e-01 4.7148e-01 1.0000e+00 6.7517e-01 6.7145e-01 5.6620e-01 -7.1946e-02 -5.6620e-01 5.6620e-01 5.6254e-01 -7.0764e-02 -7.0764e-02 7.8423e-01 -1.4144e-01 -1.4144e-01 5.6437e-01 -7.0764e-02 5.6254e-01 5.4705e-01 -4.7368e-01 -4.5424e-01 -8.7381e-02 -6.1794e-02 -4.8247e-02 1.8845e-01 -9.7746e-02 9.2215e-02 9.2215e-02
1.0083e-02 8.6814e-03 1.0083e-02 5.6513e-03 -1.1650e-01 5.7581e-03 7.1221e-03 3.9489e-02 3.0884e-02 1.0083e-02 1.0083e-02 1.0083e-02 -1.5974e-01 -1.8363e-01 -1.9102e-01 -1.9102e-01 -1.3112e-01 -2.4687e-01 -2.3712e-01 -2.4483e-01 -2.4687e-01 -2.4687e-01 6.3950e-01 -2.4687e-01 -1.3259e-01 -2.4687e-01 -2.4687e-01 -2.4836e-01 2.4687e-01 2.4687e-01 6.7517e-01 1.0000e+00 9.9463e-01 9.2368e-01 -1.2135e-01 -9.2368e-01 9.2368e-01 9.0708e-01 -1.1990e-01 -1.1990e-01 6.6055e-01 -2.2338e-01 -2.2338e-01 9.0430e-01 -1.1990e-01 9.0708e-01 8.9332e-01 -7.8264e-01 -7.5351e-01 -6.4148e-02 -1.0366e-01 -1.8376e-02 1.6396e-01 -7.1508e-02 5.2660e-02 5.2660e-02
1.3884e-02 1.2387e-02 1.3884e-02 9.4048e-03 -1.1059e-01 9.4333e-03 1.0891e-02 4.2902e-02 3.4433e-02 1.3884e-02 1.3884e-02 1.3884e-02 -1.6016e-01 -1.8406e-01 -1.9149e-01 -1.9149e-01 -1.3183e-01 -2.4794e-01 -2.3814e-01 -2.4584e-01 -2.4794e-01 -2.4794e-01 6.3592e-01 -2.4794e-01 -1.3775e-01 -2.4794e-01 -2.4794e-01 -2.4936e-01 2.4794e-01 2.4794e-01 6.7145e-01 9.9463e-01 1.0000e+00 9.2970e-01 -1.2200e-01 -9.2970e-01 9.2970e-01 9.1310e-01 -1.2054e-01 -1.2054e-01 6.6376e-01 -2.2459e-01 -2.2459e-01 9.1035e-01 -1.2054e-01 9.1310e-01 8.9935e-01 -7.8800e-01 -7.5870e-01 -6.5235e-02 -1.0440e-01 -1.5898e-02 1.6370e-01 -7.2565e-02 5.1809e-02 5.1809e-02
4.9003e-02 4.1594e-02 4.9003e-02 4.4537e-02 -8.9304e-02 3.8676e-02 4.6019e-02 7.3699e-02 6.4604e-02 4.9003e-02 4.9003e-02 4.9003e-02 -1.7057e-01 -1.9443e-01 -2.0151e-01 -2.0151e-01 -1.2475e-01 -2.6272e-01 -2.5330e-01 -2.6104e-01 -2.6272e-01 -2.6272e-01 6.2466e-01 -2.6272e-01 -1.5745e-01 -2.6272e-01 -2.6272e-01 -2.6476e-01 2.6272e-01 2.6272e-01 5.6620e-01 9.2368e-01 9.2970e-01 1.0000e+00 -1.1545e-01 -1.0000e+00 1.0000e+00 9.8300e-01 -1.1407e-01 -1.1407e-01 7.0200e-01 -2.1252e-01 -2.1252e-01 9.8012e-01 -1.1407e-01 9.8300e-01 9.6889e-01 -8.5659e-01 -8.2721e-01 -5.4163e-02 -9.6968e-02 -6.8229e-02 2.1425e-01 -6.1810e-02 6.0620e-02 6.0620e-02
-7.5257e-02 -7.7203e-02 -7.5257e-02 -7.6427e-02 -6.1558e-02 -7.7976e-02 -7.6038e-02 -8.1418e-02 -7.9130e-02 -7.5257e-02 -7.5257e-02 -7.5257e-02 1.2831e-01 1.2524e-01 1.2295e-01 1.2295e-01 7.7036e-01 1.1656e-01 5.7068e-02 1.1837e-01 1.1656e-01 1.1656e-01 -6.9937e-02 1.1656e-01 1.4921e-01 1.1656e-01 1.1656e-01 1.1873e-01 -1.1656e-01 -1.1656e-01 -7.1946e-02 -1.2135e-01 -1.2200e-01 -1.1545e-01 1.0000e+00 1.1545e-01 -1.1545e-01 -1.0451e-01 9.8806e-01 9.8806e-01 -6.9125e-02 5.2897e-01 5.2897e-01 -1.0417e-01 9.8806e-01 -1.0451e-01 -1.0486e-01 1.2061e-01 1.2538e-01 6.8652e-01 8.7392e-01 -1.1822e-01 -1.7634e-01 6.9195e-01 -3.2713e-02 -3.2713e-02
-4.9003e-02 -4.1594e-02 -4.9003e-02 -4.4537e-02 8.9304e-02 -3.8676e-02 -4.6019e-02 -7.3699e-02 -6.4604e-02 -4.9003e-02 -4.9003e-02 -4.9003e-02 1.7057e-01 1.9443e-01 2.0151e-01 2.0151e-01 1.2475e-01 2.6272e-01 2.5330e-01 2.6104e-01 2.6272e-01 2.6272e-01 -6.2466e-01 2.6272e-01 1.5745e-01 2.6272e-01 2.6272e-01 2.6476e-01 -2.6272e-01 -2.6272e-01 -5.6620e-01 -9.2368e-01 -9.2970e-01 -1.0000e+00 1.1545e-01 1.0000e+00 -1.0000e+00 -9.8300e-01 1.1407e-01 1.1407e-01 -7.0200e-01 2.1252e-01 2.1252e-01 -9.8012e-01 1.1407e-01 -9.8300e-01 -9.6889e-01 8.5659e-01 8.2721e-01 5.4163e-02 9.6968e-02 6.8229e-02 -2.1425e-01 6.1810e-02 -6.0620e-02 -6.0620e-02
4.9003e-02 4.1594e-02 4.9003e-02 4.4537e-02 -8.9304e-02 3.8676e-02 4.6019e-02 7.3699e-02 6.4604e-02 4.9003e-02 4.9003e-02 4.9003e-02 -1.7057e-01 -1.9443e-01 -2.0151e-01 -2.0151e-01 -1.2475e-01 -2.6272e-01 -2.5330e-01 -2.6104e-01 -2.6272e-01 -2.6272e-01 6.2466e-01 -2.6272e-01 -1.5745e-01 -2.6272e-01 -2.6272e-01 -2.6476e-01 2.6272e-01 2.6272e-01 5.6620e-01 9.2368e-01 9.2970e-01 1.0000e+00 -1.1545e-01 -1.0000e+00 1.0000e+00 9.8300e-01 -1.1407e-01 -1.1407e-01 7.0200e-01 -2.1252e-01 -2.1252e-01 9.8012e-01 -1.1407e-01 9.8300e-01 9.6889e-01 -8.5659e-01 -8.2721e-01 -5.4163e-02 -9.6968e-02 -6.8229e-02 2.1425e-01 -6.1810e-02 6.0620e-02 6.0620e-02
4.6623e-02 3.9199e-02 4.6623e-02 4.2149e-02 -9.0731e-02 3.6276e-02 4.3633e-02 7.1124e-02 6.2101e-02 4.6623e-02 4.6623e-02 4.6623e-02 -1.6611e-01 -1.8995e-01 -1.9706e-01 -1.9706e-01 -1.1465e-01 -2.6370e-01 -2.5423e-01 -2.6197e-01 -2.6370e-01 -2.6370e-01 6.2086e-01 -2.6370e-01 -1.5781e-01 -2.6370e-01 -2.6370e-01 -2.6566e-01 2.6370e-01 2.6370e-01 5.6254e-01 9.0708e-01 9.1310e-01 9.8300e-01 -1.0451e-01 -9.8300e-01 9.8300e-01 1.0000e+00 -1.1472e-01 -1.1472e-01 7.1897e-01 -2.1373e-01 -2.1373e-01 9.9717e-01 -1.1472e-01 1.0000e+00 9.8589e-01 -8.7228e-01 -8.4256e-01 -5.5292e-02 -9.7717e-02 -7.0882e-02 2.1852e-01 -6.2905e-02 5.9707e-02 5.9707e-02
-7.3778e-02 -7.5707e-02 -7.3778e-02 -7.4938e-02 -6.0472e-02 -7.6473e-02 -7.4552e-02 -7.9884e-02 -7.7616e-02 -7.3778e-02 -7.3778e-02 -7.3778e-02 1.2564e-01 1.2261e-01 1.2034e-01 1.2034e-01 7.5760e-01 1.1445e-01 5.4249e-02 1.1624e-01 1.1445e-01 1.1445e-01 -6.8774e-02 1.1445e-01 1.4675e-01 1.1445e-01 1.1445e-01 1.1660e-01 -1.1445e-01 -1.1445e-01 -7.0764e-02 -1.1990e-01 -1.2054e-01 -1.1407e-01 9.8806e-01 1.1407e-01 -1.1407e-01 -1.1472e-01 1.0000e+00 1.0000e+00 -8.2478e-02 5.3674e-01 5.3674e-01 -1.1439e-01 1.0000e+00 -1.1472e-01 -1.1504e-01 1.2993e-01 1.3448e-01 6.9544e-01 8.8465e-01 -1.1656e-01 -1.8340e-01 7.0092e-01 -3.2323e-02 -3.2323e-02
-7.3778e-02 -7.5707e-02 -7.3778e-02 -7.4938e-02 -6.0472e-02 -7.6473e-02 -7.4552e-02 -7.9884e-02 -7.7616e-02 -7.3778e-02 -7.3778e-02 -7.3778e-02 1.2564e-01 1.2261e-01 1.2034e-01 1.2034e-01 7.5760e-01 1.1445e-01 5.4249e-02 1.1624e-01 1.1445e-01 1.1445e-01 -6.8774e-02 1.1445e-01 1.4675e-01 1.1445e-01 1.1445e-01 1.1660e-01 -1.1445e-01 -1.1445e-01 -7.0764e-02 -1.1990e-01 -1.2054e-01 -1.1407e-01 9.8806e-01 1.1407e-01 -1.1407e-01 -1.1472e-01 1.0000e+00 1.0000e+00 -8.2478e-02 5.3674e-01 5.3674e-01 -1.1439e-01 1.0000e+00 -1.1472e-01 -1.1504e-01 1.2993e-01 1.3448e-01 6.9544e-01 8.8465e-01 -1.1656e-01 -1.8340e-01 7.0092e-01 -3.2323e-02 -3.2323e-02
-7.6707e-02 -8.0892e-02 -7.6707e-02 -7.9226e-02 -6.6441e-02 -8.2548e-02 -7.8389e-02 -3.0831e-02 -4.7673e-02 -7.6707e-02 -7.6707e-02 -7.6707e-02 -3.2038e-01 -3.5767e-01 -3.6334e-01 -3.6334e-01 -7.6821e-02 -4.8342e-01 -4.7500e-01 -4.8363e-01 -4.8342e-01 -4.8342e-01 8.5367e-01 -4.8342e-01 -3.8922e-01 -4.8342e-01 -4.8342e-01 -4.8244e-01 4.8342e-01 4.8342e-01 7.8423e-01 6.6055e-01 6.6376e-01 7.0200e-01 -6.9125e-02 -7.0200e-01 7.0200e-01 7.1897e-01 -8.2478e-02 -8.2478e-02 1.0000e+00 -1.5367e-01 -1.5367e-01 7.1400e-01 -8.2478e-02 7.1897e-01 7.0297e-01 -6.2163e-01 -6.0035e-01 -8.3673e-02 -5.8597e-02 -1.5624e-01 3.0043e-01 -9.4308e-02 9.7373e-02 9.7373e-02
3.1497e-01 3.0665e-01 3.1497e-01 3.2500e-01 4.5429e-01 3.1832e-01 3.2670e-01 2.9654e-01 2.9858e-01 3.1497e-01 3.1497e-01 3.1497e-01 2.5601e-01 2.6234e-01 2.6417e-01 2.6417e-01 4.5405e-01 2.4703e-01 2.1429e-01 2.5022e-01 2.4703e-01 2.4703e-01 -1.3788e-01 2.4703e-01 -1.8633e-01 2.4703e-01 2.4703e-01 2.5086e-01 -2.4703e-01 -2.4703e-01 -1.4144e-01 -2.2338e-01 -2.2459e-01 -2.1252e-01 5.2897e-01 2.1252e-01 -2.1252e-01 -2.1373e-01 5.3674e-01 5.3674e-01 -1.5367e-01 1.0000e+00 1.0000e+00 -2.1313e-01 5.3674e-01 -2.1373e-01 -2.1433e-01 2.4208e-01 2.5055e-01 4.3102e-01 4.7941e-01 -2.1808e-01 1.0030e-01 4.3545e-01 -6.0221e-02 -6.0221e-02
3.1497e-01 3.0665e-01 3.1497e-01 3.2500e-01 4.5429e-01 3.1832e-01 3.2670e-01 2.9654e-01 2.9858e-01 3.1497e-01 3.1497e-01 3.1497e-01 2.5601e-01 2.6234e-01 2.6417e-01 2.6417e-01 4.5405e-01 2.4703e-01 2.1429e-01 2.5022e-01 2.4703e-01 2.4703e-01 -1.3788e-01 2.4703e-01 -1.8633e-01 2.4703e-01 2.4703e-01 2.5086e-01 -2.4703e-01 -2.4703e-01 -1.4144e-01 -2.2338e-01 -2.2459e-01 -2.1252e-01 5.2897e-01 2.1252e-01 -2.1252e-01 -2.1373e-01 5.3674e-01 5.3674e-01 -1.5367e-01 1.0000e+00 1.0000e+00 -2.1313e-01 5.3674e-01 -2.1373e-01 -2.1433e-01 2.4208e-01 2.5055e-01 4.3102e-01 4.7941e-01 -2.1808e-01 1.0030e-01 4.3545e-01 -6.0221e-02 -6.0221e-02
4.7811e-02 4.0395e-02 4.7811e-02 4.3341e-02 -9.0018e-02 3.7474e-02 4.4824e-02 7.2409e-02 6.3351e-02 4.7811e-02 4.7811e-02 4.7811e-02 -1.6351e-01 -1.8734e-01 -1.9443e-01 -1.9443e-01 -1.1428e-01 -2.6067e-01 -2.5124e-01 -2.5897e-01 -2.6067e-01 -2.6067e-01 6.1579e-01 -2.6067e-01 -1.5522e-01 -2.6067e-01 -2.6067e-01 -2.6268e-01 2.6067e-01 2.6067e-01 5.6437e-01 9.0430e-01 9.1035e-01 9.8012e-01 -1.0417e-01 -9.8012e-01 9.8012e-01 9.9717e-01 -1.1439e-01 -1.1439e-01 7.1400e-01 -2.1313e-01 -2.1313e-01 1.0000e+00 -1.1439e-01 9.9717e-01 9.8305e-01 -8.6977e-01 -8.4014e-01 -5.4728e-02 -9.7343e-02 -6.9557e-02 2.1639e-01 -6.2358e-02 6.0163e-02 6.0163e-02
-7.3778e-02 -7.5707e-02 -7.3778e-02 -7.4938e-02 -6.0472e-02 -7.6473e-02 -7.4552e-02 -7.9884e-02 -7.7616e-02 -7.3778e-02 -7.3778e-02 -7.3778e-02 1.2564e-01 1.2261e-01 1.2034e-01 1.2034e-01 7.5760e-01 1.1445e-01 5.4249e-02 1.1624e-01 1.1445e-01 1.1445e-01 -6.8774e-02 1.1445e-01 1.4675e-01 1.1445e-01 1.1445e-01 1.1660e-01 -1.1445e-01 -1.1445e-01 -7.0764e-02 -1.1990e-01 -1.2054e-01 -1.1407e-01 9.8806e-01 1.1407e-01 -1.1407e-01 -1.1472e-01 1.0000e+00 1.0000e+00 -8.2478e-02 5.3674e-01 5.3674e-01 -1.1439e-01 1.0000e+00 -1.1472e-01 -1.1504e-01 1.2993e-01 1.3448e-01 6.9544e-01 8.8465e-01 -1.1656e-01 -1.8340e-01 7.0092e-01 -3.2323e-02 -3.2323e-02
4.6623e-02 3.9199e-02 4.6623e-02 4.2149e-02 -9.0731e-02 3.6276e-02 4.3633e-02 7.1124e-02 6.2101e-02 4.6623e-02 4.6623e-02 4.6623e-02 -1.6611e-01 -1.8995e-01 -1.9706e-01 -1.9706e-01 -1.1465e-01 -2.6370e-01 -2.5423e-01 -2.6197e-01 -2.6370e-01 -2.6370e-01 6.2086e-01 -2.6370e-01 -1.5781e-01 -2.6370e-01 -2.6370e-01 -2.6566e-01 2.6370e-01 2.6370e-01 5.6254e-01 9.0708e-01 9.1310e-01 9.8300e-01 -1.0451e-01 -9.8300e-01 9.8300e-01 1.0000e+00 -1.1472e-01 -1.1472e-01 7.1897e-01 -2.1373e-01 -2.1373e-01 9.9717e-01 -1.1472e-01 1.0000e+00 9.8589e-01 -8.7228e-01 -8.4256e-01 -5.5292e-02 -9.7717e-02 -7.0882e-02 2.1852e-01 -6.2905e-02 5.9707e-02 5.9707e-02
5.1588e-02 4.4093e-02 5.1588e-02 4.7071e-02 -8.4003e-02 4.1142e-02 4.8569e-02 8.1750e-02 6.6880e-02 5.1588e-02 5.1588e-02 5.1588e-02 -1.6388e-01 -1.8290e-01 -1.9001e-01 -1.9001e-01 -1.1502e-01 -2.5660e-01 -2.4714e-01 -2.5487e-01 -2.5660e-01 -2.5660e-01 6.0509e-01 -2.5660e-01 -1.5078e-01 -2.5660e-01 -2.5660e-01 -2.5856e-01 2.5660e-01 2.5660e-01 5.4705e-01 8.9332e-01 8.9935e-01 9.6889e-01 -1.0486e-01 -9.6889e-01 9.6889e-01 9.8589e-01 -1.1504e-01 -1.1504e-01 7.0297e-01 -2.1433e-01 -2.1433e-01 9.8305e-01 -1.1504e-01 9.8589e-01 1.0000e+00 -8.8540e-01 -8.5544e-01 -5.5854e-02 -9.8091e-02 -8.2900e-02 2.2539e-01 -6.3451e-02 5.9254e-02 5.9254e-02
-3.9120e-04 7.4689e-03 -3.9120e-04 4.3445e-03 1.1588e-01 1.0568e-02 2.7726e-03 -2.6212e-02 -1.3175e-02 -3.9120e-04 -3.9120e-04 -3.9120e-04 2.6849e-01 2.8840e-01 2.9664e-01 2.9664e-01 1.1163e-01 1.7072e-01 1.6068e-01 1.6828e-01 1.7072e-01 1.7072e-01 -5.2916e-01 1.7072e-01 5.6215e-02 1.7072e-01 1.7072e-01 1.7159e-01 -1.7072e-01 -1.7072e-01 -4.7368e-01 -7.8264e-01 -7.8800e-01 -8.5659e-01 1.2061e-01 8.5659e-01 -8.5659e-01 -8.7228e-01 1.2993e-01 1.2993e-01 -6.2163e-01 2.4208e-01 2.4208e-01 -8.6977e-01 1.2993e-01 -8.7228e-01 -8.8540e-01 1.0000e+00 9.6616e-01 7.1839e-02 1.0445e-01 5.4368e-02 -2.1621e-01 7.8715e-02 -4.0093e-02 -4.0093e-02
1.4054e-02 2.2038e-02 1.4054e-02 1.8864e-02 1.2519e-01 2.5187e-02 1.7267e-02 -1.0611e-02 1.9429e-03 1.4054e-02 1.4054e-02 1.4054e-02 3.0144e-01 3.2168e-01 3.3026e-01 3.3026e-01 1.1706e-01 2.1264e-01 2.0206e-01 2.0974e-01 2.1264e-01 2.1264e-01 -5.0916e-01 2.1264e-01 9.2115e-02 2.1264e-01 2.1264e-01 2.1290e-01 -2.1264e-01 -2.1264e-01 -4.5424e-01 -7.5351e-01 -7.5870e-01 -8.2721e-01 1.2538e-01 8.2721e-01 -8.2721e-01 -8.4256e-01 1.3448e-01 1.3448e-01 -6.0035e-01 2.5055e-01 2.5055e-01 -8.4014e-01 1.3448e-01 -8.4256e-01 -8.5544e-01 9.6616e-01 1.0000e+00 7.9168e-02 1.0969e-01 6.7159e-02 -2.2299e-01 8.5876e-02 -3.4794e-02 -3.4794e-02
-8.7929e-02 -9.0504e-02 -8.7929e-02 -6.9308e-02 -7.3692e-02 -7.1522e-02 -6.8751e-02 -8.6245e-02 -9.3050e-02 -8.7929e-02 -8.7929e-02 -8.7929e-02 1.2397e-01 1.4384e-01 1.4087e-01 1.4087e-01 5.7790e-01 1.1373e-01 6.7309e-02 1.1618e-01 1.1373e-01 1.1373e-01 -8.4741e-02 1.1373e-01 1.3343e-01 1.1373e-01 1.1373e-01 1.1667e-01 -1.1373e-01 -1.1373e-01 -8.7381e-02 -6.4148e-02 -6.5235e-02 -5.4163e-02 6.8652e-01 5.4163e-02 -5.4163e-02 -5.5292e-02 6.9544e-01 6.9544e-01 -8.3673e-02 4.3102e-01 4.3102e-01 -5.4728e-02 6.9544e-01 -5.5292e-02 -5.5854e-02 7.1839e-02 7.9168e-02 1.0000e+00 7.9101e-01 -1.6522e-01 -2.6281e-01 9.7684e-01 -4.1831e-02 -4.1831e-02
-7.9571e-02 -8.1567e-02 -7.9571e-02 -8.0771e-02 -6.4730e-02 -8.2361e-02 -8.0372e-02 -8.5895e-02 -8.3545e-02 -7.9571e-02 -7.9571e-02 -7.9571e-02 1.2650e-01 1.2331e-01 1.2092e-01 1.2092e-01 6.7886e-01 1.1265e-01 5.5203e-02 1.1455e-01 1.1265e-01 1.1265e-01 -5.9519e-02 1.1265e-01 1.3727e-01 1.1265e-01 1.1265e-01 1.1493e-01 -1.1265e-01 -1.1265e-01 -6.1794e-02 -1.0366e-01 -1.0440e-01 -9.6968e-02 8.7392e-01 9.6968e-02 -9.6968e-02 -9.7717e-02 8.8465e-01 8.8465e-01 -5.8597e-02 4.7941e-01 4.7941e-01 -9.7343e-02 8.8465e-01 -9.7717e-02 -9.8091e-02 1.0445e-01 1.0969e-01 7.9101e-01 1.0000e+00 -1.3375e-01 -2.1275e-01 7.7853e-01 -3.3863e-02 -3.3863e-02
-1.1474e-01 -1.1548e-01 -1.1474e-01 -1.1866e-01 -1.3941e-01 -1.1809e-01 -1.1736e-01 -1.2961e-01 -1.2196e-01 -1.1474e-01 -1.1474e-01 -1.1474e-01 2.3255e-01 2.2348e-01 2.3966e-01 2.3966e-01 -9.8662e-02 2.8289e-01 2.8550e-01 2.8339e-01 2.8289e-01 2.8289e-01 -1.3902e-01 2.8289e-01 3.5005e-01 2.8289e-01 2.8289e-01 2.8444e-01 -2.8289e-01 -2.8289e-01 -4.8247e-02 -1.8376e-02 -1.5898e-02 -6.8229e-02 -1.1822e-01 6.8229e-02 -6.8229e-02 -7.0882e-02 -1.1656e-01 -1.1656e-01 -1.5624e-01 -2.1808e-01 -2.1808e-01 -6.9557e-02 -1.1656e-01 -7.0882e-02 -8.2900e-02 5.4368e-02 6.7159e-02 -1.6522e-01 -1.3375e-01 1.0000e+00 -5.7609e-01 -1.6394e-01 -1.7282e-02 -1.7282e-02
8.5894e-02 7.2718e-02 8.5894e-02 7.7952e-02 1.8625e-01 6.7529e-02 8.0587e-02 8.4753e-02 8.0082e-02 8.5894e-02 8.5894e-02 8.5894e-02 -6.7634e-03 -2.2380e-02 -3.0093e-02 -3.0093e-02 -1.5859e-01 -4.0897e-03 1.0153e-02 1.8619e-03 -4.0897e-03 -4.0897e-03 2.5207e-01 -4.0897e-03 -1.4648e-01 -4.0897e-03 -4.0897e-03 3.8936e-03 4.0897e-03 4.0897e-03 1.8845e-01 1.6396e-01 1.6370e-01 2.1425e-01 -1.7634e-01 -2.1425e-01 2.1425e-01 2.1852e-01 -1.8340e-01 -1.8340e-01 3.0043e-01 1.0030e-01 1.0030e-01 2.1639e-01 -1.8340e-01 2.1852e-01 2.2539e-01 -2.1621e-01 -2.2299e-01 -2.6281e-01 -2.1275e-01 -5.7609e-01 1.0000e+00 -2.6078e-01 7.9301e-02 7.9301e-02
-8.6668e-02 -8.9229e-02 -8.6668e-02 -6.7905e-02 -7.2771e-02 -7.0109e-02 -6.7350e-02 -8.4875e-02 -9.1762e-02 -8.6668e-02 -8.6668e-02 -8.6668e-02 1.2953e-01 1.4961e-01 1.4668e-01 1.4668e-01 5.8268e-01 1.2019e-01 7.3362e-02 1.2259e-01 1.2019e-01 1.2019e-01 -9.5297e-02 1.2019e-01 1.3902e-01 1.2019e-01 1.2019e-01 1.2307e-01 -1.2019e-01 -1.2019e-01 -9.7746e-02 -7.1508e-02 -7.2565e-02 -6.1810e-02 6.9195e-01 6.1810e-02 -6.1810e-02 -6.2905e-02 7.0092e-01 7.0092e-01 -9.4308e-02 4.3545e-01 4.3545e-01 -6.2358e-02 7.0092e-01 -6.2905e-02 -6.3451e-02 7.8715e-02 8.5876e-02 9.7684e-01 7.7853e-01 -1.6394e-01 -2.6078e-01 1.0000e+00 -4.1509e-02 -4.1509e-02
-5.4612e-02 -5.5995e-02 -5.4612e-02 -5.5444e-02 -3.4053e-02 -5.6545e-02 -5.5167e-02 -5.8994e-02 -5.7366e-02 -5.4612e-02 -5.4612e-02 -5.4612e-02 -8.1634e-03 2.9006e-03 1.0415e-03 1.0415e-03 -5.0326e-03 -2.2322e-02 -1.9936e-02 -2.0614e-02 -2.2322e-02 -2.2322e-02 9.5868e-02 -2.2322e-02 -7.2274e-03 -2.2322e-02 -2.2322e-02 -2.0275e-02 2.2322e-02 2.2322e-02 9.2215e-02 5.2660e-02 5.1809e-02 6.0620e-02 -3.2713e-02 -6.0620e-02 6.0620e-02 5.9707e-02 -3.2323e-02 -3.2323e-02 9.7373e-02 -6.0221e-02 -6.0221e-02 6.0163e-02 -3.2323e-02 5.9707e-02 5.9254e-02 -4.0093e-02 -3.4794e-02 -4.1831e-02 -3.3863e-02 -1.7282e-02 7.9301e-02 -4.1509e-02 1.0000e+00 1.0000e+00
-5.4612e-02 -5.5995e-02 -5.4612e-02 -5.5444e-02 -3.4053e-02 -5.6545e-02 -5.5167e-02 -5.8994e-02 -5.7366e-02 -5.4612e-02 -5.4612e-02 -5.4612e-02 -8.1634e-03 2.9006e-03 1.0415e-03 1.0415e-03 -5.0326e-03 -2.2322e-02 -1.9936e-02 -2.0614e-02 -2.2322e-02 -2.2322e-02 9.5868e-02 -2.2322e-02 -7.2274e-03 -2.2322e-02 -2.2322e-02 -2.0275e-02 2.2322e-02 2.2322e-02 9.2215e-02 5.2660e-02 5.1809e-02 6.0620e-02 -3.2713e-02 -6.0620e-02 6.0620e-02 5.9707e-02 -3.2323e-02 -3.2323e-02 9.7373e-02 -6.0221e-02 -6.0221e-02 6.0163e-02 -3.2323e-02 5.9707e-02 5.9254e-02 -4.0093e-02 -3.4794e-02 -4.1831e-02 -3.3863e-02 -1.7282e-02 7.9301e-02 -4.1509e-02 1.0000e+00 1.0000e+00
