1.0000e+00 1.0000e+00 7.0769e-01 7.0769e-01 7.0710e-01 9.5437e-01 8.2442e-01 -2.5039e-02 -2.7495e-02 -3.4745e-02 -5.9425e-02 -1.8504e-02 -4.4761e-02 -1.8182e-02 1.1602e-02 5.6513e-02 3.4696e-02 5.2329e-02 5.7602e-02 5.3066e-02 -3.7113e-03 5.4445e-02 3.6723e-02 3.8797e-02 -4.2524e-04 2.0177e-02 -3.9753e-03 3.7951e-02 2.7681e-02 1.7213e-02 -6.5475e-04 3.2071e-02 5.7093e-03 -6.5475e-04 -6.5475e-04 -5.1746e-04 -1.1245e-02 -4.2291e-02 -4.2696e-03 3.4219e-02
1.0000e+00 1.0000e+00 7.0769e-01 7.0769e-01 7.0710e-01 9.5437e-01 8.2442e-01 -2.5039e-02 -2.7495e-02 -3.4745e-02 -5.9425e-02 -1.8504e-02 -4.4761e-02 -1.8182e-02 1.1602e-02 5.6513e-02 3.4696e-02 5.2329e-02 5.7602e-02 5.3066e-02 -3.7113e-03 5.4445e-02 3.6723e-02 3.8797e-02 -4.2524e-04 2.0177e-02 -3.9753e-03 3.7951e-02 2.7681e-02 1.7213e-02 -6.5475e-04 3.2071e-02 5.7093e-03 -6.5475e-04 -6.5475e-04 -5.1746e-04 -1.1245e-02 -4.2291e-02 -4.2696e-03 3.4219e-02
7.0769e-01 7.0769e-01 1.0000e+00 9.9546e-01 9.9320e-01 7.2056e-01 6.2530e-01 -1.9646e-02 -5.5958e-02 -5.2573e-02 -5.7435e-02 -5.8958e-02 -1.8894e-04 -2.1913e-02 1.4813e-02 5.1572e-02 2.1091e-02 4.4345e-02 5.6840e-02 4.6463e-02 -5.3713e-03 8.5460e-03 2.7593e-02 3.0517e-02 -8.7629e-03 -1.3805e-03 -8.3587e-03 2.9941e-02 4.4882e-03 -1.0274e-02 -1.1904e-02 2.1375e-02 1.0580e-03 -1.1904e-02 -1.1904e-02 -2.1166e-03 1.8698e-02 -1.4167e-02 -3.1922e-02 1.4367e-02
7.0769e-01 7.0769e-01 9.9546e-01 1.0000e+00 9.9320e-01 7.2056e-01 6.2530e-01 -1.9646e-02 -5.5958e-02 -5.2573e-02 -5.7435e-02 -5.8958e-02 -1.8894e-04 -2.1913e-02 1.4813e-02 4.7320e-02 2.1091e-02 4.0091e-02 5.2522e-02 4.2122e-02 -5.3713e-03 8.5460e-03 2.3248e-02 2.6173e-02 -8.7629e-03 -1.3805e-03 -8.3587e-03 2.9941e-02 4.4882e-03 -1.0274e-02 -1.1904e-02 1.7001e-02 1.0580e-03 -1.1904e-02 -1.1904e-02 -2.1166e-03 1.8698e-02 -1.4167e-02 -3.1922e-02 1.4367e-02
7.0710e-01 7.0710e-01 9.9320e-01 9.9320e-01 1.0000e+00 7.1989e-01 6.3374e-01 -2.7588e-02 -5.5074e-02 -5.1701e-02 -5.5191e-02 -5.7981e-02 2.7518e-03 -2.0357e-02 1.1176e-02 4.9286e-02 1.8050e-02 4.1990e-02 5.3652e-02 4.3050e-02 -3.5977e-03 9.4414e-03 2.4105e-02 2.7050e-02 -7.0644e-03 -5.3799e-03 -6.6189e-03 2.8363e-02 1.0414e-03 -1.3609e-02 -1.0240e-02 1.7665e-02 -3.4424e-03 -1.0240e-02 -1.0240e-02 1.1392e-03 1.9605e-02 -1.3629e-02 -2.8908e-02 1.7957e-02
9.5437e-01 9.5437e-01 7.2056e-01 7.2056e-01 7.1989e-01 1.0000e+00 8.7235e-01 -4.2076e-02 -2.4654e-02 -3.1968e-02 -5.8855e-02 -1.5376e-02 -4.7020e-02 -1.3683e-02 5.9145e-03 6.1742e-02 3.6197e-02 5.7415e-02 6.0451e-02 5.9486e-02 1.2964e-03 5.2464e-02 4.3065e-02 4.5174e-02 4.3971e-03 1.7836e-02 9.5780e-04 4.1560e-02 2.2757e-02 1.7684e-02 4.0909e-03 3.7939e-02 9.9894e-03 4.0909e-03 4.0909e-03 8.6267e-03 -8.8347e-03 -4.0715e-02 4.3985e-03 3.9530e-02
8.2442e-01 8.2442e-01 6.2530e-01 6.2530e-01 6.3374e-01 8.7235e-01 1.0000e+00 -5.7026e-02 -6.6488e-03 -1.2785e-02 -8.8369e-02 -2.6112e-03 -6.9162e-02 -4.5865e-02 5.4876e-03 4.7506e-02 6.2479e-02 3.6191e-02 3.5147e-02 3.7671e-02 1.9414e-02 4.5555e-02 1.7631e-02 1.9496e-02 1.8166e-03 4.0076e-02 1.2511e-02 3.3488e-02 4.9038e-02 4.9709e-02 2.4986e-03 2.0091e-02 3.2243e-02 2.4986e-03 2.4986e-03 -7.2755e-03 -2.6086e-02 -5.2238e-02 3.6401e-03 3.4264e-02
-2.5039e-02 -2.5039e-02 -1.9646e-02 -1.9646e-02 -2.7588e-02 -4.2076e-02 -5.7026e-02 1.0000e+00 5.7924e-03 9.0214e-03 6.3463e-02 -8.6612e-03 2.2089e-02 5.2297e-02 2.0525e-02 3.3708e-02 -2.2778e-02 3.7526e-02 -5.0751e-02 -3.7441e-02 1.4214e-01 -6.1279e-03 -4.5986e-02 -4.6938e-02 1.3598e-01 -9.3170e-02 1.2773e-01 2.8589e-02 -1.5981e-02 -2.1307e-02 1.4172e-01 -3.2595e-02 -1.0263e-01 1.4172e-01 1.4172e-01 2.1049e-02 -6.4497e-02 -1.4013e-02 -1.6314e-02 -6.7586e-02
-2.7495e-02 -2.7495e-02 -5.5958e-02 -5.5958e-02 -5.5074e-02 -2.4654e-02 -6.6488e-03 5.7924e-03 1.0000e+00 9.7930e-01 -5.9581e-02 9.1054e-01 -5.6704e-02 -1.3240e-02 7.7024e-02 -1.0167e-01 -3.6690e-02 -1.0044e-01 -9.4283e-02 -9.0269e-02 4.5755e-03 -1.8921e-01 -7.6633e-02 -7.6924e-02 7.8885e-03 -2.7937e-02 5.8737e-03 4.1262e-02 -2.0347e-02 -2.6677e-02 9.2804e-03 -7.2564e-02 -9.4888e-03 9.2804e-03 9.2804e-03 1.0771e-01 -2.1547e-02 -1.4293e-02 4.1271e-03 3.1335e-02
-3.4745e-02 -3.4745e-02 -5.2573e-02 -5.2573e-02 -5.1701e-02 -3.1968e-02 -1.2785e-02 9.0214e-03 9.7930e-01 1.0000e+00 -5.8347e-02 8.9169e-01 -5.4844e-02 -1.1866e-02 7.4827e-02 -9.7477e-02 -2.3972e-02 -9.6270e-02 -9.0742e-02 -8.6802e-02 -1.8620e-02 -1.9699e-01 -7.2914e-02 -7.3200e-02 -1.6146e-02 -1.8087e-02 -1.7647e-02 4.0408e-02 -2.4282e-02 -3.0589e-02 -1.5116e-02 -6.8916e-02 -4.3998e-04 -1.5116e-02 -1.5116e-02 9.7114e-02 -2.1101e-02 -1.3997e-02 7.3634e-03 3.5591e-02
-5.9425e-02 -5.9425e-02 -5.7435e-02 -5.7435e-02 -5.5191e-02 -5.8855e-02 -8.8369e-02 6.3463e-02 -5.9581e-02 -5.8347e-02 1.0000e+00 -6.5435e-02 6.5077e-01 5.9790e-01 -4.7349e-01 -2.0538e-01 -3.9959e-01 -2.0249e-01 -1.6343e-01 -1.5373e-01 -9.2701e-02 -3.1694e-01 -1.3993e-01 -1.4063e-01 -8.8404e-02 -2.8612e-01 -9.1000e-02 8.3945e-02 -3.5604e-01 -3.7105e-01 -8.6641e-02 -1.6140e-01 -2.3301e-01 -8.6641e-02 -8.6641e-02 2.0656e-01 -5.0377e-02 2.0572e-01 -4.1415e-02 6.4302e-03
-1.8504e-02 -1.8504e-02 -5.8958e-02 -5.8958e-02 -5.7981e-02 -1.5376e-02 -2.6112e-03 -8.6612e-03 9.1054e-01 8.9169e-01 -6.5435e-02 1.0000e+00 -6.5351e-02 -1.9477e-02 8.7296e-02 -1.2102e-01 -1.9434e-02 -1.1967e-01 -1.1067e-01 -1.0631e-01 -3.9860e-03 -1.5529e-01 -9.3728e-02 -9.4043e-02 -6.4791e-04 -7.2867e-03 -2.6765e-03 4.5316e-02 -2.8029e-03 -9.2712e-03 7.5081e-04 -8.9322e-02 1.1916e-02 7.5081e-04 7.5081e-04 1.4138e-01 -2.3664e-02 -1.5697e-02 -1.0369e-02 2.6163e-02
-4.4761e-02 -4.4761e-02 -1.8894e-04 -1.8894e-04 2.7518e-03 -4.7020e-02 -6.9162e-02 2.2089e-02 -5.6704e-02 -5.4844e-02 6.5077e-01 -6.5351e-02 1.0000e+00 5.3586e-01 -5.9492e-01 -1.9983e-01 -3.3746e-01 -1.9624e-01 -1.3964e-01 -1.5406e-01 -1.2881e-01 -3.4713e-01 -1.9515e-01 -1.9600e-01 -1.1356e-01 -2.8215e-01 -1.1668e-01 7.5828e-02 -3.5692e-01 -3.8257e-01 -1.1145e-01 -1.8863e-01 -2.1982e-01 -1.1145e-01 -1.1145e-01 2.6237e-01 -6.2155e-02 1.6497e-01 1.7242e-02 3.3010e-02
-1.8182e-02 -1.8182e-02 -2.1913e-02 -2.1913e-02 -2.0357e-02 -1.3683e-02 -4.5865e-02 5.2297e-02 -1.3240e-02 -1.1866e-02 5.9790e-01 -1.9477e-02 5.3586e-01 1.0000e+00 -4.3795e-01 -1.5703e-01 -3.4899e-01 -1.5508e-01 -1.2485e-01 -1.1838e-01 -7.0445e-02 -2.7963e-01 -1.1746e-01 -1.1792e-01 -5.1089e-02 -2.6251e-01 -5.3010e-02 6.5095e-02 -3.0480e-01 -3.2155e-01 -4.9780e-02 -1.1966e-01 -2.2353e-01 -4.9780e-02 -4.9780e-02 2.8600e-01 -3.3993e-02 3.0825e-01 -2.5596e-02 -1.9243e-03
1.1602e-02 1.1602e-02 1.4813e-02 1.4813e-02 1.1176e-02 5.9145e-03 5.4876e-03 2.0525e-02 7.7024e-02 7.4827e-02 -4.7349e-01 8.7296e-02 -5.9492e-01 -4.3795e-01 1.0000e+00 1.5902e-01 5.4859e-01 1.5450e-01 8.7132e-02 9.4770e-02 1.5199e-01 4.8522e-01 1.3016e-01 1.3127e-01 1.3651e-01 4.2804e-01 1.4050e-01 3.9251e-01 5.2932e-01 5.6342e-01 1.3380e-01 1.2402e-01 3.5167e-01 1.3380e-01 1.3380e-01 -6.4239e-02 -1.6531e-01 -1.2980e-01 -2.6597e-02 -4.7927e-02
5.6513e-02 5.6513e-02 5.1572e-02 4.7320e-02 4.9286e-02 6.1742e-02 4.7506e-02 3.3708e-02 -1.0167e-01 -9.7477e-02 -2.0538e-01 -1.2102e-01 -1.9983e-01 -1.5703e-01 1.5902e-01 1.0000e+00 4.6337e-01 9.8808e-01 8.7188e-01 8.4703e-01 2.6922e-01 5.1409e-01 7.7430e-01 7.7202e-01 2.5751e-01 1.8283e-01 2.7235e-01 2.3919e-01 3.2329e-01 3.6943e-01 2.6076e-01 7.9456e-01 2.7760e-01 2.6076e-01 2.6076e-01 -2.7247e-01 -8.4161e-02 -6.3294e-02 3.4348e-03 -2.7136e-02
3.4696e-02 3.4696e-02 2.1091e-02 2.1091e-02 1.8050e-02 3.6197e-02 6.2479e-02 -2.2778e-02 -3.6690e-02 -2.3972e-02 -3.9959e-01 -1.9434e-02 -3.3746e-01 -3.4899e-01 5.4859e-01 4.6337e-01 1.0000e+00 4.5969e-01 4.0400e-01 3.9249e-01 1.0610e-01 7.6848e-01 3.9086e-01 3.9168e-01 1.0006e-01 7.5686e-01 1.1361e-01 5.2346e-01 8.6398e-01 9.0306e-01 1.0780e-01 3.7435e-01 6.7053e-01 1.0780e-01 1.0780e-01 -2.4101e-01 -2.2146e-01 -1.5641e-01 -4.7602e-03 -5.8525e-02
5.2329e-02 5.2329e-02 4.4345e-02 4.0091e-02 4.1990e-02 5.7415e-02 3.6191e-02 3.7526e-02 -1.0044e-01 -9.6270e-02 -2.0249e-01 -1.1967e-01 -1.9624e-01 -1.5508e-01 1.5450e-01 9.8808e-01 4.5969e-01 1.0000e+00 8.7885e-01 8.5381e-01 2.4085e-01 5.0942e-01 7.8510e-01 7.8283e-01 2.5976e-01 1.9563e-01 2.4356e-01 2.3722e-01 3.1910e-01 3.6544e-01 2.6297e-01 8.0110e-01 2.8900e-01 2.6297e-01 2.6297e-01 -2.6851e-01 -8.3118e-02 -6.2605e-02 -2.8609e-03 -3.2082e-02
5.7602e-02 5.7602e-02 5.6840e-02 5.2522e-02 5.3652e-02 6.0451e-02 3.5147e-02 -5.0751e-02 -9.4283e-02 -9.0742e-02 -1.6343e-01 -1.1067e-01 -1.3964e-01 -1.2485e-01 8.7132e-02 8.7188e-01 4.0400e-01 8.7885e-01 1.0000e+00 9.7150e-01 -1.9449e-01 4.4704e-01 8.9719e-01 8.9510e-01 -1.7641e-01 3.8730e-01 -1.8263e-01 2.0737e-01 2.5872e-01 3.0886e-01 -1.7217e-01 9.0623e-01 4.5534e-01 -1.7217e-01 -1.7217e-01 -3.1131e-01 -8.2157e-02 -5.1968e-02 1.3331e-02 -8.1199e-03
5.3066e-02 5.3066e-02 4.6463e-02 4.2122e-02 4.3050e-02 5.9486e-02 3.7671e-02 -3.7441e-02 -9.0269e-02 -8.6802e-02 -1.5373e-01 -1.0631e-01 -1.5406e-01 -1.1838e-01 9.4770e-02 8.4703e-01 3.9249e-01 8.5381e-01 9.7150e-01 1.0000e+00 -2.2678e-01 4.5952e-01 9.1686e-01 9.1481e-01 -2.1020e-01 4.2138e-01 -2.1548e-01 2.0956e-01 2.7388e-01 3.2569e-01 -2.0663e-01 9.2523e-01 4.8529e-01 -2.0663e-01 -2.0663e-01 -3.2863e-01 -7.8776e-02 -4.9712e-02 1.6815e-02 -6.6729e-03
-3.7113e-03 -3.7113e-03 -5.3713e-03 -5.3713e-03 -3.5977e-03 1.2964e-03 1.9414e-02 1.4214e-01 4.5755e-03 -1.8620e-02 -9.2701e-02 -3.9860e-03 -1.2881e-01 -7.0445e-02 1.5199e-01 2.6922e-01 1.0610e-01 2.4085e-01 -1.9449e-01 -2.2678e-01 1.0000e+00 1.7114e-01 -2.2584e-01 -2.2631e-01 9.4731e-01 -4.3005e-01 9.7019e-01 7.2299e-02 1.5143e-01 1.4497e-01 9.3182e-01 -2.0354e-01 -3.6422e-01 9.3182e-01 9.3182e-01 7.4808e-02 -8.8498e-03 -2.5044e-02 -1.8171e-02 -2.9487e-02
5.4445e-02 5.4445e-02 8.5460e-03 8.5460e-03 9.4414e-03 5.2464e-02 4.5555e-02 -6.1279e-03 -1.8921e-01 -1.9699e-01 -3.1694e-01 -1.5529e-01 -3.4713e-01 -2.7963e-01 4.8522e-01 5.1409e-01 7.6848e-01 5.0942e-01 4.4704e-01 4.5952e-01 1.7114e-01 1.0000e+00 4.8941e-01 4.9044e-01 1.6473e-01 6.1539e-01 1.6859e-01 4.2247e-01 7.4616e-01 7.8698e-01 1.6212e-01 4.6591e-01 5.3118e-01 1.6212e-01 1.6212e-01 -1.6733e-01 -1.7008e-01 -1.2120e-01 -3.4036e-02 -7.9741e-02
3.6723e-02 3.6723e-02 2.7593e-02 2.3248e-02 2.4105e-02 4.3065e-02 1.7631e-02 -4.5986e-02 -7.6633e-02 -7.2914e-02 -1.3993e-01 -9.3728e-02 -1.9515e-01 -1.1746e-01 1.3016e-01 7.7430e-01 3.9086e-01 7.8510e-01 8.9719e-01 9.1686e-01 -2.2584e-01 4.8941e-01 1.0000e+00 9.9792e-01 -2.0929e-01 5.0062e-01 -2.1455e-01 2.0869e-01 3.5936e-01 4.1347e-01 -2.0573e-01 9.3760e-01 5.6058e-01 -2.0573e-01 -2.0573e-01 -2.5653e-01 -7.8296e-02 -4.9391e-02 3.2423e-03 -1.3985e-02
3.8797e-02 3.8797e-02 3.0517e-02 2.6173e-02 2.7050e-02 4.5174e-02 1.9496e-02 -4.6938e-02 -7.6924e-02 -7.3200e-02 -1.4063e-01 -9.4043e-02 -1.9600e-01 -1.1792e-01 1.3127e-01 7.7202e-01 3.9168e-01 7.8283e-01 8.9510e-01 9.1481e-01 -2.2631e-01 4.9044e-01 9.9792e-01 1.0000e+00 -2.0975e-01 5.0167e-01 -2.1502e-01 2.0912e-01 3.6030e-01 4.1434e-01 -2.0618e-01 9.3560e-01 5.6177e-01 -2.0618e-01 -2.0618e-01 -2.5746e-01 -7.8536e-02 -4.9551e-02 2.2568e-03 -1.5111e-02
-4.2524e-04 -4.2524e-04 -8.7629e-03 -8.7629e-03 -7.0644e-03 4.3971e-03 1.8166e-03 1.3598e-01 7.8885e-03 -1.6146e-02 -8.8404e-02 -6.4791e-04 -1.1356e-01 -5.1089e-02 1.3651e-01 2.5751e-01 1.0006e-01 2.5976e-01 -1.7641e-01 -2.1020e-01 9.4731e-01 1.6473e-01 -2.0929e-01 -2.0975e-01 1.0000e+00 -4.3036e-01 9.6162e-01 6.9593e-02 1.4576e-01 1.3954e-01 9.8414e-01 -2.0296e-01 -3.6510e-01 9.8414e-01 9.8414e-01 8.7411e-02 -6.4727e-03 -2.4106e-02 -1.9289e-02 -2.8766e-02
2.0177e-02 2.0177e-02 -1.3805e-03 -1.3805e-03 -5.3799e-03 1.7836e-02 4.0076e-02 -9.3170e-02 -2.7937e-02 -1.8087e-02 -2.8612e-01 -7.2867e-03 -2.8215e-01 -2.6251e-01 4.2804e-01 1.8283e-01 7.5686e-01 1.9563e-01 3.8730e-01 4.2138e-01 -4.3005e-01 6.1539e-01 5.0062e-01 5.0167e-01 -4.3036e-01 1.0000e+00 -4.4045e-01 4.0401e-01 7.7550e-01 8.1756e-01 -4.2353e-01 4.8599e-01 8.7804e-01 -4.2353e-01 -4.2353e-01 -2.5377e-01 -1.8239e-01 -1.1822e-01 -7.1554e-03 -3.1460e-02
-3.9753e-03 -3.9753e-03 -8.3587e-03 -8.3587e-03 -6.6189e-03 9.5780e-04 1.2511e-02 1.2773e-01 5.8737e-03 -1.7647e-02 -9.1000e-02 -2.6765e-03 -1.1668e-01 -5.3010e-02 1.4050e-01 2.7235e-01 1.1361e-01 2.4356e-01 -1.8263e-01 -2.1548e-01 9.7019e-01 1.6859e-01 -2.1455e-01 -2.1502e-01 9.6162e-01 -4.4045e-01 1.0000e+00 7.1226e-02 1.4918e-01 1.4282e-01 9.6158e-01 -2.0807e-01 -3.8263e-01 9.6158e-01 9.6158e-01 7.0153e-02 -7.9162e-03 -2.4672e-02 -2.4544e-02 -3.4678e-02
3.7951e-02 3.7951e-02 2.9941e-02 2.9941e-02 2.8363e-02 4.1560e-02 3.3488e-02 2.8589e-02 4.1262e-02 4.0408e-02 8.3945e-02 4.5316e-02 7.5828e-02 6.5095e-02 3.9251e-01 2.3919e-01 5.2346e-01 2.3722e-01 2.0737e-01 2.0956e-01 7.2299e-02 4.2247e-01 2.0869e-01 2.0912e-01 6.9593e-02 4.0401e-01 7.1226e-02 1.0000e+00 4.7746e-01 4.9873e-01 6.8489e-02 2.0266e-01 3.6663e-01 6.8489e-02 6.8489e-02 9.1438e-02 -4.2936e-01 2.3142e-02 -2.1328e-02 -2.9883e-02
2.7681e-02 2.7681e-02 4.4882e-03 4.4882e-03 1.0414e-03 2.2757e-02 4.9038e-02 -1.5981e-02 -2.0347e-02 -2.4282e-02 -3.5604e-01 -2.8029e-03 -3.5692e-01 -3.0480e-01 5.2932e-01 3.2329e-01 8.6398e-01 3.1910e-01 2.5872e-01 2.7388e-01 1.5143e-01 7.4616e-01 3.5936e-01 3.6030e-01 1.4576e-01 7.7550e-01 1.4918e-01 4.7746e-01 1.0000e+00 9.5736e-01 1.4345e-01 3.5111e-01 6.9225e-01 1.4345e-01 1.4345e-01 -2.0437e-01 -2.1351e-01 -1.3866e-01 -4.3088e-03 -4.5028e-02
1.7213e-02 1.7213e-02 -1.0274e-02 -1.0274e-02 -1.3609e-02 1.7684e-02 4.9709e-02 -2.1307e-02 -2.6677e-02 -3.0589e-02 -3.7105e-01 -9.2712e-03 -3.8257e-01 -3.2155e-01 5.6342e-01 3.6943e-01 9.0306e-01 3.6544e-01 3.0886e-01 3.2569e-01 1.4497e-01 7.8698e-01 4.1347e-01 4.1434e-01 1.3954e-01 8.1756e-01 1.4282e-01 4.9873e-01 9.5736e-01 1.0000e+00 1.3733e-01 4.0636e-01 7.3513e-01 1.3733e-01 1.3733e-01 -2.2807e-01 -2.2373e-01 -1.4536e-01 -1.5880e-02 -5.5011e-02
-6.5475e-04 -6.5475e-04 -1.1904e-02 -1.1904e-02 -1.0240e-02 4.0909e-03 2.4986e-03 1.4172e-01 9.2804e-03 -1.5116e-02 -8.6641e-02 7.5081e-04 -1.1145e-01 -4.9780e-02 1.3380e-01 2.6076e-01 1.0780e-01 2.6297e-01 -1.7217e-01 -2.0663e-01 9.3182e-01 1.6212e-01 -2.0573e-01 -2.0618e-01 9.8414e-01 -4.2353e-01 9.6158e-01 6.8489e-02 1.4345e-01 1.3733e-01 1.0000e+00 -2.0776e-01 -3.7585e-01 1.0000e+00 1.0000e+00 8.2817e-02 -5.4792e-03 -2.3724e-02 -2.5908e-02 -4.3591e-02
3.2071e-02 3.2071e-02 2.1375e-02 1.7001e-02 1.7665e-02 3.7939e-02 2.0091e-02 -3.2595e-02 -7.2564e-02 -6.8916e-02 -1.6140e-01 -8.9322e-02 -1.8863e-01 -1.1966e-01 1.2402e-01 7.9456e-01 3.7435e-01 8.0110e-01 9.0623e-01 9.2523e-01 -2.0354e-01 4.6591e-01 9.3760e-01 9.3560e-01 -2.0296e-01 4.8599e-01 -2.0807e-01 2.0266e-01 3.5111e-01 4.0636e-01 -2.0776e-01 1.0000e+00 5.5277e-01 -2.0776e-01 -2.0776e-01 -3.1942e-01 -9.0388e-02 -4.7151e-02 -3.7411e-03 -7.7572e-03
5.7093e-03 5.7093e-03 1.0580e-03 1.0580e-03 -3.4424e-03 9.9894e-03 3.2243e-02 -1.0263e-01 -9.4888e-03 -4.3998e-04 -2.3301e-01 1.1916e-02 -2.1982e-01 -2.2353e-01 3.5167e-01 2.7760e-01 6.7053e-01 2.8900e-01 4.5534e-01 4.8529e-01 -3.6422e-01 5.3118e-01 5.6058e-01 5.6177e-01 -3.6510e-01 8.7804e-01 -3.8263e-01 3.6663e-01 6.9225e-01 7.3513e-01 -3.7585e-01 5.5277e-01 1.0000e+00 -3.7585e-01 -3.7585e-01 -1.8212e-01 -1.7553e-01 -1.0323e-01 -8.5385e-03 -9.8446e-03
-6.5475e-04 -6.5475e-04 -1.1904e-02 -1.1904e-02 -1.0240e-02 4.0909e-03 2.4986e-03 1.4172e-01 9.2804e-03 -1.5116e-02 -8.6641e-02 7.5081e-04 -1.1145e-01 -4.9780e-02 1.3380e-01 2.6076e-01 1.0780e-01 2.6297e-01 -1.7217e-01 -2.0663e-01 9.3182e-01 1.6212e-01 -2.0573e-01 -2.0618e-01 9.8414e-01 -4.2353e-01 9.6158e-01 6.8489e-02 1.4345e-01 1.3733e-01 1.0000e+00 -2.0776e-01 -3.7585e-01 1.0000e+00 1.0000e+00 8.2817e-02 -5.4792e-03 -2.3724e-02 -2.5908e-02 -4.3591e-02
-6.5475e-04 -6.5475e-04 -1.1904e-02 -1.1904e-02 -1.0240e-02 4.0909e-03 2.4986e-03 1.4172e-01 9.2804e-03 -1.5116e-02 -8.6641e-02 7.5081e-04 -1.1145e-01 -4.9780e-02 1.3380e-01 2.6076e-01 1.0780e-01 2.6297e-01 -1.7217e-01 -2.0663e-01 9.3182e-01 1.6212e-01 -2.0573e-01 -2.0618e-01 9.8414e-01 -4.2353e-01 9.6158e-01 6.8489e-02 1.4345e-01 1.3733e-01 1.0000e+00 -2.0776e-01 -3.7585e-01 1.0000e+00 1.0000e+00 8.2817e-02 -5.4792e-03 -2.3724e-02 -2.5908e-02 -4.3591e-02
-5.1746e-04 -5.1746e-04 -2.1166e-03 -2.1166e-03 1.1392e-03 8.6267e-03 -7.2755e-03 2.1049e-02 1.0771e-01 9.7114e-02 2.0656e-01 1.4138e-01 2.6237e-01 2.8600e-01 -6.4239e-02 -2.7247e-01 -2.4101e-01 -2.6851e-01 -3.1131e-01 -3.2863e-01 7.4808e-02 -1.6733e-01 -2.5653e-01 -2.5746e-01 8.7411e-02 -2.5377e-01 7.0153e-02 9.1438e-02 -2.0437e-01 -2.2807e-01 8.2817e-02 -3.1942e-01 -1.8212e-01 8.2817e-02 8.2817e-02 1.0000e+00 -6.8911e-02 1.4773e-01 -1.5590e-02 -1.2757e-02
-1.1245e-02 -1.1245e-02 1.8698e-02 1.8698e-02 1.9605e-02 -8.8347e-03 -2.6086e-02 -6.4497e-02 -2.1547e-02 -2.1101e-02 -5.0377e-02 -2.3664e-02 -6.2155e-02 -3.3993e-02 -1.6531e-01 -8.4161e-02 -2.2146e-01 -8.3118e-02 -8.2157e-02 -7.8776e-02 -8.8498e-03 -1.7008e-01 -7.8296e-02 -7.8536e-02 -6.4727e-03 -1.8239e-01 -7.9162e-03 -4.2936e-01 -2.1351e-01 -2.2373e-01 -5.4792e-03 -9.0388e-02 -1.7553e-01 -5.4792e-03 -5.4792e-03 -6.8911e-02 1.0000e+00 -1.2085e-02 -6.5342e-02 -3.9850e-02
-4.2291e-02 -4.2291e-02 -1.4167e-02 -1.4167e-02 -1.3629e-02 -4.0715e-02 -5.2238e-02 -1.4013e-02 -1.4293e-02 -1.3997e-02 2.0572e-01 -1.5697e-02 1.6497e-01 3.0825e-01 -1.2980e-01 -6.3294e-02 -1.5641e-01 -6.2605e-02 -5.1968e-02 -4.9712e-02 -2.5044e-02 -1.2120e-01 -4.9391e-02 -4.9551e-02 -2.4106e-02 -1.1822e-01 -2.4672e-02 2.3142e-02 -1.3866e-01 -1.4536e-01 -2.3724e-02 -4.7151e-02 -1.0323e-01 -2.3724e-02 -2.3724e-02 1.4773e-01 -1.2085e-02 1.0000e+00 -4.3343e-02 -2.3507e-02
-4.2696e-03 -4.2696e-03 -3.1922e-02 -3.1922e-02 -2.8908e-02 4.3985e-03 3.6401e-03 -1.6314e-02 4.1271e-03 7.3634e-03 -4.1415e-02 -1.0369e-02 1.7242e-02 -2.5596e-02 -2.6597e-02 3.4348e-03 -4.7602e-03 -2.8609e-03 1.3331e-02 1.6815e-02 -1.8171e-02 -3.4036e-02 3.2423e-03 2.2568e-03 -1.9289e-02 -7.1554e-03 -2.4544e-02 -2.1328e-02 -4.3088e-03 -1.5880e-02 -2.5908e-02 -3.7411e-03 -8.5385e-03 -2.5908e-02 -2.5908e-02 -1.5590e-02 -6.5342e-02 -4.3343e-02 1.0000e+00 5.4757e-01
3.4219e-02 3.4219e-02 1.4367e-02 1.4367e-02 1.7957e-02 3.9530e-02 3.4264e-02 -6.7586e-02 3.1335e-02 3.5591e-02 6.4302e-03 2.6163e-02 3.3010e-02 -1.9243e-03 -4.7927e-02 -2.7136e-02 -5.8525e-02 -3.2082e-02 -8.1199e-03 -6.6729e-03 -2.9487e-02 -7.9741e-02 -1.3985e-02 -1.5111e-02 -2.8766e-02 -3.1460e-02 -3.4678e-02 -2.9883e-02 -4.5028e-02 -5.5011e-02 -4.3591e-02 -7.7572e-03 -9.8446e-03 -4.3591e-02 -4.3591e-02 -1.2757e-02 -3.9850e-02 -2.3507e-02 5.4757e-01 1.0000e+00
