1.0000e+00 9.7636e-01 9.2885e-01 9.6686e-01 4.4616e-02 -6.3856e-02 3.5651e-02 3.2553e-02 6.8721e-02 -6.7368e-02 1.2496e-01 3.0283e-02 3.6089e-02 -4.3305e-02 2.5383e-02 2.3783e-02 3.1845e-02 2.0239e-02 1.9337e-02 5.8355e-03 2.0239e-02 2.0239e-02 2.1144e-02 2.1144e-02 -2.9367e-03 2.7182e-03 3.3602e-02 -1.7938e-03 -4.1175e-02 7.7251e-03 6.5322e-02 5.3991e-03 6.1733e-03 6.5322e-02 6.8699e-02 6.7567e-02 6.7567e-02 6.7567e-02 8.5029e-03 6.7567e-02 5.5284e-02 5.5284e-02 1.2311e-02 -1.4497e-02 7.2207e-03 5.2747e-02 5.1906e-02 5.2747e-02 5.2747e-02 5.2747e-02 5.1906e-02 5.2747e-02 5.1906e-02 1.7414e-02 2.8021e-02 3.1620e-02 3.1620e-02 3.7082e-02 3.6351e-02 7.4259e-02 3.7082e-02 7.3298e-02 3.7814e-02 3.7082e-02 3.7082e-02 3.7082e-02 3.7082e-02 7.4127e-03 4.5740e-02 2.1283e-02 4.9990e-02 1.0763e-01 1.0941e-01 1.8162e-02 1.2635e-02 2.4256e-02 2.4256e-02 -3.5631e-02 -3.5631e-02 -3.9265e-02
9.7636e-01 1.0000e+00 9.5146e-01 9.9061e-01 4.3535e-02 -5.7788e-02 3.4759e-02 3.1621e-02 6.1932e-02 -6.1176e-02 1.2126e-01 2.9790e-02 3.6159e-02 -4.3927e-02 2.5469e-02 2.3846e-02 3.2022e-02 1.5114e-02 1.4208e-02 2.5520e-03 1.5114e-02 1.5114e-02 1.6023e-02 1.6023e-02 3.8895e-04 1.1206e-02 3.7537e-02 -5.0316e-03 -4.5503e-02 7.7257e-03 6.8603e-02 5.3666e-03 6.1518e-03 6.8603e-02 7.2045e-02 7.0892e-02 7.0892e-02 7.0892e-02 8.5145e-03 7.0892e-02 6.2152e-02 6.2152e-02 1.5862e-02 -1.8080e-02 1.0696e-02 5.9561e-02 5.8702e-02 5.9561e-02 5.9561e-02 5.9561e-02 5.8702e-02 5.9561e-02 5.8702e-02 2.1042e-02 2.6569e-02 3.4981e-02 3.4981e-02 4.0365e-02 3.9623e-02 8.2769e-02 4.0365e-02 8.1784e-02 4.1108e-02 4.0365e-02 4.0365e-02 4.0365e-02 4.0365e-02 1.5310e-02 4.1393e-02 1.6745e-02 5.5261e-02 1.0354e-01 1.0532e-01 7.1757e-03 2.5248e-03 1.3864e-02 1.3864e-02 -3.0513e-02 -3.0513e-02 -3.4719e-02
9.2885e-01 9.5146e-01 1.0000e+00 9.4241e-01 3.5748e-02 -6.2940e-02 2.7610e-02 3.0452e-02 5.7521e-02 -6.5954e-02 1.0853e-01 2.3975e-02 2.5852e-02 -4.6168e-02 1.5245e-02 1.3559e-02 2.2052e-02 4.3051e-03 3.3712e-03 4.8238e-03 4.3051e-03 4.3051e-03 5.2420e-03 5.2420e-03 -1.7331e-03 2.5211e-02 3.7995e-02 -8.5008e-03 -5.2721e-02 3.5628e-03 7.4953e-02 1.0937e-03 1.9155e-03 7.4953e-02 7.8591e-02 7.7372e-02 7.7372e-02 7.7372e-02 4.3883e-03 7.7372e-02 7.1191e-02 7.1191e-02 1.4526e-02 -1.6856e-02 9.0972e-03 6.8451e-02 6.7542e-02 6.8451e-02 6.8451e-02 6.8451e-02 6.7542e-02 6.8451e-02 6.7542e-02 1.9967e-02 2.9567e-02 3.3010e-02 3.3010e-02 3.8133e-02 3.7353e-02 8.2577e-02 3.8133e-02 8.1548e-02 3.8912e-02 3.8133e-02 3.8133e-02 3.8133e-02 3.8133e-02 2.5565e-02 4.2755e-02 2.3857e-02 4.9966e-02 9.9582e-02 1.0141e-01 -6.5680e-03 -1.6155e-02 -5.6685e-03 -5.6685e-03 -4.4574e-02 -4.4574e-02 -4.4572e-02
9.6686e-01 9.9061e-01 9.4241e-01 1.0000e+00 4.9883e-02 -5.1498e-02 4.1126e-02 3.7972e-02 6.1932e-02 -5.4873e-02 1.2126e-01 3.6232e-02 4.2765e-02 -4.3927e-02 3.2047e-02 3.0413e-02 3.2022e-02 1.5114e-02 1.4208e-02 2.5520e-03 1.5114e-02 1.5114e-02 1.6023e-02 1.6023e-02 3.8895e-04 1.1206e-02 3.7537e-02 -5.0316e-03 -4.5503e-02 1.2219e-03 6.8603e-02 -1.1223e-03 -3.4212e-04 6.8603e-02 7.2045e-02 7.0892e-02 7.0892e-02 7.0892e-02 2.0057e-03 7.0892e-02 6.8851e-02 6.8851e-02 1.5862e-02 -1.8080e-02 1.0696e-02 6.6241e-02 6.5375e-02 6.6241e-02 6.6241e-02 6.6241e-02 6.5375e-02 6.6241e-02 6.5375e-02 2.1042e-02 2.6569e-02 4.1108e-02 4.1108e-02 4.6491e-02 4.5748e-02 8.9970e-02 4.6491e-02 8.8975e-02 4.7235e-02 4.6491e-02 4.6491e-02 4.6491e-02 4.6491e-02 1.5310e-02 4.1393e-02 1.6745e-02 5.5261e-02 9.2990e-02 9.4718e-02 7.1757e-03 9.9297e-03 1.3864e-02 1.3864e-02 -3.6720e-02 -3.6720e-02 -4.0871e-02
4.4616e-02 4.3535e-02 3.5748e-02 4.9883e-02 1.0000e+00 -3.3192e-01 9.8930e-01 9.8927e-01 8.6589e-01 -3.3490e-01 2.9523e-01 8.0754e-01 8.0438e-01 -9.0031e-02 7.9724e-01 8.0153e-01 7.3086e-01 5.8213e-01 5.8435e-01 2.5286e-01 5.8213e-01 5.8213e-01 5.7990e-01 5.7990e-01 -2.5101e-01 4.6538e-01 3.8709e-01 -1.9627e-01 -1.5252e-01 1.5051e-01 3.4424e-01 1.4976e-01 1.5147e-01 3.4424e-01 3.3613e-01 3.3332e-01 3.3332e-01 3.3332e-01 1.3464e-01 3.3332e-01 1.5234e-01 1.5234e-01 2.4437e-02 8.2330e-06 1.3855e-02 1.4244e-01 1.4517e-01 1.4244e-01 1.4244e-01 1.4244e-01 1.4066e-01 1.4244e-01 1.4066e-01 -6.3928e-03 9.1678e-03 2.1811e-02 2.1811e-02 2.4437e-02 2.2924e-02 2.3133e-01 2.4437e-02 2.2922e-01 2.5951e-02 2.4437e-02 2.4437e-02 2.4437e-02 2.8577e-02 1.6735e-01 4.5752e-02 2.4699e-02 2.1275e-02 5.1732e-04 3.1333e-03 8.2807e-03 1.9483e-02 1.7300e-02 1.7300e-02 -1.6637e-03 -1.6637e-03 9.5365e-03
-6.3856e-02 -5.7788e-02 -6.2940e-02 -5.1498e-02 -3.3192e-01 1.0000e+00 -3.2903e-01 -3.3900e-01 -5.0492e-01 9.5783e-01 -1.7584e-01 -2.4288e-01 -2.3929e-01 1.5120e-01 -2.4226e-01 -2.3641e-01 -2.3929e-01 -3.4183e-01 -3.3825e-01 -6.4029e-01 -3.3691e-01 -3.3691e-01 -3.4050e-01 -3.4050e-01 6.3846e-01 -2.1766e-01 -2.3290e-01 5.3131e-01 4.3943e-01 -3.1941e-01 -1.8125e-01 -3.2366e-01 -3.2659e-01 -1.8125e-01 -1.7625e-01 -1.7792e-01 -1.7792e-01 -1.7792e-01 -3.1799e-01 -1.7792e-01 -2.1248e-01 -2.1248e-01 -3.4053e-01 3.5239e-01 -3.5529e-01 -2.2593e-01 -2.2742e-01 -2.2593e-01 -2.2593e-01 -2.2593e-01 -2.2295e-01 -2.2593e-01 -2.2295e-01 -3.4223e-01 -3.1623e-01 -3.5542e-01 -3.5542e-01 -3.5694e-01 -3.5846e-01 -1.8547e-01 -3.5694e-01 -1.8222e-01 -3.5952e-01 -3.5694e-01 -3.5694e-01 -3.5694e-01 -3.6104e-01 -1.4912e-01 -7.2402e-02 -6.6290e-02 -6.0253e-02 -6.0038e-02 -6.4720e-02 3.5752e-02 4.7572e-02 5.0252e-02 5.0252e-02 -1.4171e-02 -1.4171e-02 -3.8069e-02
3.5651e-02 3.4759e-02 2.7610e-02 4.1126e-02 9.8930e-01 -3.2903e-01 1.0000e+00 9.7851e-01 8.6177e-01 -3.3210e-01 2.9876e-01 8.0866e-01 8.0923e-01 -8.9068e-02 8.0217e-01 8.0651e-01 7.3094e-01 5.7944e-01 5.8170e-01 2.5173e-01 5.7944e-01 5.7944e-01 5.7718e-01 5.7718e-01 -2.4581e-01 4.5871e-01 3.7587e-01 -1.9041e-01 -1.4477e-01 1.4058e-01 3.3341e-01 1.3991e-01 1.4160e-01 3.3341e-01 3.2511e-01 3.2234e-01 3.2234e-01 3.2234e-01 1.2463e-01 3.2234e-01 1.5495e-01 1.5495e-01 2.5884e-02 -1.3047e-03 1.5413e-02 1.4509e-01 1.4785e-01 1.4509e-01 1.4509e-01 1.4509e-01 1.4332e-01 1.4509e-01 1.4332e-01 -5.1806e-03 9.0813e-03 1.9077e-02 1.9077e-02 1.7581e-02 1.6085e-02 2.2312e-01 1.7581e-02 2.2105e-01 1.9077e-02 1.7581e-02 1.7581e-02 1.7581e-02 2.1733e-02 1.6372e-01 3.8643e-02 1.8879e-02 1.2682e-02 -1.0477e-02 -7.9422e-03 8.3622e-03 1.9097e-02 1.7005e-02 1.7005e-02 2.8019e-03 2.8019e-03 1.4637e-02
3.2553e-02 3.1621e-02 3.0452e-02 3.7972e-02 9.8927e-01 -3.3900e-01 9.7851e-01 1.0000e+00 8.6326e-01 -3.4201e-01 2.9593e-01 8.0514e-01 8.0623e-01 -8.9838e-02 7.9910e-01 7.9896e-01 7.3266e-01 5.8357e-01 5.8084e-01 2.5925e-01 5.7861e-01 5.7861e-01 5.8134e-01 5.8134e-01 -2.5741e-01 4.6687e-01 3.8822e-01 -2.0254e-01 -1.5853e-01 1.5205e-01 3.4538e-01 1.5130e-01 1.5301e-01 3.4538e-01 3.3725e-01 3.3444e-01 3.3444e-01 3.3444e-01 1.3616e-01 3.3444e-01 1.5377e-01 1.5377e-01 2.2241e-02 6.3760e-03 7.5444e-03 1.3936e-01 1.4209e-01 1.3936e-01 1.3936e-01 1.3936e-01 1.3758e-01 1.3936e-01 1.3758e-01 -1.2785e-02 2.3868e-03 1.5466e-02 1.5466e-02 1.8099e-02 1.6590e-02 2.2774e-01 1.8099e-02 2.2564e-01 1.9609e-02 1.8099e-02 1.8099e-02 1.8099e-02 2.2241e-02 1.5346e-01 2.9293e-02 9.5824e-03 9.5386e-03 -5.9562e-03 -3.3774e-03 2.0727e-03 1.3398e-02 1.1193e-02 1.1193e-02 6.6753e-05 6.6753e-05 1.1386e-02
6.8721e-02 6.1932e-02 5.7521e-02 6.1932e-02 8.6589e-01 -5.0492e-01 8.6177e-01 8.6326e-01 1.0000e+00 -5.0500e-01 3.4356e-01 7.0076e-01 6.8453e-01 -7.8361e-02 6.8848e-01 6.8915e-01 6.4375e-01 6.7623e-01 6.7878e-01 3.5375e-01 6.7623e-01 6.7623e-01 6.7369e-01 6.7369e-01 -3.5289e-01 5.6182e-01 4.5826e-01 -2.8915e-01 -2.2767e-01 2.3772e-01 4.1545e-01 2.3759e-01 2.3917e-01 4.1545e-01 4.0627e-01 4.0356e-01 4.0356e-01 4.0356e-01 2.2088e-01 4.0356e-01 2.0366e-01 2.0366e-01 1.0321e-01 -7.2506e-02 8.9603e-02 1.8931e-01 1.9242e-01 1.8931e-01 1.8931e-01 1.8931e-01 1.8770e-01 1.8931e-01 1.8770e-01 6.9135e-02 9.5738e-02 9.1536e-02 9.1536e-02 9.4544e-02 9.3217e-02 2.6575e-01 9.4544e-02 2.6382e-01 9.5872e-02 9.4544e-02 9.4544e-02 9.4544e-02 9.8879e-02 1.9382e-01 6.7936e-02 6.0794e-02 5.3120e-02 1.3471e-02 1.5811e-02 -3.6212e-03 2.0785e-03 9.7019e-04 9.7019e-04 -7.9958e-03 -7.9958e-03 7.7547e-03
-6.7368e-02 -6.1176e-02 -6.5954e-02 -5.4873e-02 -3.3490e-01 9.5783e-01 -3.3210e-01 -3.4201e-01 -5.0500e-01 1.0000e+00 -1.6557e-01 -2.6772e-01 -2.4314e-01 1.5248e-01 -2.4601e-01 -2.4011e-01 -2.3876e-01 -3.4307e-01 -3.3946e-01 -6.5374e-01 -3.3814e-01 -3.3814e-01 -3.4175e-01 -3.4175e-01 6.5185e-01 -2.2260e-01 -2.4094e-01 5.4078e-01 4.4598e-01 -3.2741e-01 -1.8882e-01 -3.3159e-01 -3.3455e-01 -1.8882e-01 -1.8393e-01 -1.8557e-01 -1.8557e-01 -1.8557e-01 -3.2601e-01 -1.8557e-01 -2.2558e-01 -2.2558e-01 -3.5411e-01 3.3726e-01 -3.4003e-01 -2.0760e-01 -2.0909e-01 -2.0760e-01 -2.0760e-01 -2.0760e-01 -2.0461e-01 -2.0760e-01 -2.0461e-01 -3.2714e-01 -2.9767e-01 -3.4027e-01 -3.4027e-01 -3.4178e-01 -3.4329e-01 -1.6680e-01 -3.4178e-01 -1.6355e-01 -3.4438e-01 -3.4178e-01 -3.4178e-01 -3.4178e-01 -3.4589e-01 -1.5414e-01 -8.0583e-02 -7.3222e-02 -2.6209e-02 -5.0464e-02 -5.5136e-02 4.2046e-02 5.3279e-02 5.6082e-02 5.6082e-02 -2.3987e-02 -2.3987e-02 -4.7336e-02
1.2496e-01 1.2126e-01 1.0853e-01 1.2126e-01 2.9523e-01 -1.7584e-01 2.9876e-01 2.9593e-01 3.4356e-01 -1.6557e-01 1.0000e+00 3.4680e-01 3.7328e-01 -3.0445e-02 3.6003e-01 3.5833e-01 3.4906e-01 4.1923e-01 4.1795e-01 2.2693e-01 4.1923e-01 4.1923e-01 4.2051e-01 4.2051e-01 -2.2493e-01 3.5754e-01 4.0502e-01 -1.6272e-01 -2.0626e-01 2.2521e-01 3.6823e-01 2.2308e-01 2.2379e-01 3.6823e-01 3.7288e-01 3.7132e-01 3.7132e-01 3.7132e-01 2.2593e-01 3.7132e-01 2.1473e-01 2.1473e-01 1.4165e-01 -1.4324e-01 1.3796e-01 2.1243e-01 2.1167e-01 2.1243e-01 2.1243e-01 2.1243e-01 2.1167e-01 2.1243e-01 2.1167e-01 1.4538e-01 1.7364e-01 1.4218e-01 1.4218e-01 1.4165e-01 1.4112e-01 2.2786e-01 1.4165e-01 2.2693e-01 1.4218e-01 1.4165e-01 1.4165e-01 1.4165e-01 1.4165e-01 -2.0826e-02 -3.5432e-03 -1.3065e-02 -8.8188e-03 -3.8981e-02 -3.8288e-02 -7.6328e-03 4.9783e-03 2.5259e-03 2.5259e-03 -8.8806e-02 -8.8806e-02 -9.5579e-02
3.0283e-02 2.9790e-02 2.3975e-02 3.6232e-02 8.0754e-01 -2.4288e-01 8.0866e-01 8.0514e-01 7.0076e-01 -2.6772e-01 3.4680e-01 1.0000e+00 9.2561e-01 -8.5636e-02 9.3194e-01 9.3629e-01 8.6007e-01 6.6690e-01 6.6915e-01 2.4699e-01 6.6690e-01 6.6690e-01 6.6465e-01 6.6465e-01 -2.6226e-01 5.4381e-01 4.5954e-01 -2.0441e-01 -1.5240e-01 1.6419e-01 3.9346e-01 1.6370e-01 1.6090e-01 3.9346e-01 3.8516e-01 3.8233e-01 3.8233e-01 3.8233e-01 1.4799e-01 3.8233e-01 1.8119e-01 1.8119e-01 2.3634e-02 -6.9428e-03 2.1962e-02 1.8513e-01 1.8796e-01 1.8513e-01 1.8513e-01 1.8513e-01 1.8339e-01 1.8513e-01 1.8796e-01 4.2886e-03 2.2494e-02 2.5074e-02 2.5074e-02 2.3634e-02 2.2195e-02 2.7632e-01 2.3634e-02 2.7423e-01 2.5074e-02 2.3634e-02 2.3634e-02 2.3634e-02 2.7835e-02 1.7733e-01 7.2551e-02 3.6829e-02 3.3392e-02 -2.0265e-02 -1.7878e-02 1.6032e-02 2.9892e-02 3.3324e-02 3.3324e-02 -8.1241e-03 -8.1241e-03 -1.4801e-02
3.6089e-02 3.6159e-02 2.5852e-02 4.2765e-02 8.0438e-01 -2.3929e-01 8.0923e-01 8.0623e-01 6.8453e-01 -2.4314e-01 3.7328e-01 9.2561e-01 1.0000e+00 -7.9654e-02 9.7462e-01 9.7473e-01 9.0918e-01 7.1557e-01 7.1284e-01 2.6742e-01 7.1041e-01 7.1041e-01 7.1315e-01 7.1315e-01 -2.6213e-01 5.8369e-01 4.8386e-01 -1.9523e-01 -1.3067e-01 1.5708e-01 3.7742e-01 1.5704e-01 1.5858e-01 3.7742e-01 3.6816e-01 3.6551e-01 3.6551e-01 3.6551e-01 1.4031e-01 3.6551e-01 1.5495e-01 1.5495e-01 2.3467e-03 2.2620e-03 -1.1304e-02 1.4543e-01 1.4853e-01 1.4543e-01 1.4543e-01 1.4543e-01 1.4384e-01 1.4543e-01 1.4384e-01 -3.1413e-02 -5.5069e-04 -9.2423e-03 -9.2423e-03 -1.0577e-02 -1.1912e-02 2.2027e-01 -1.0577e-02 2.1839e-01 -9.2423e-03 -1.0577e-02 -1.0577e-02 -1.0577e-02 -6.2692e-03 1.8794e-01 5.5168e-02 1.9845e-02 1.4545e-02 -1.3673e-02 -1.1428e-02 4.7030e-02 5.6869e-02 5.5989e-02 5.5989e-02 -7.4550e-03 -7.4550e-03 -3.1675e-02
-4.3305e-02 -4.3927e-02 -4.6168e-02 -4.3927e-02 -9.0031e-02 1.5120e-01 -8.9068e-02 -8.9838e-02 -7.8361e-02 1.5248e-01 -3.0445e-02 -8.5636e-02 -7.9654e-02 1.0000e+00 -8.0580e-02 -8.0952e-02 -7.9099e-02 -6.3581e-02 -6.3764e-02 -1.2094e-01 -6.3581e-02 -6.3581e-02 -6.3399e-02 -6.3399e-02 1.2191e-01 -7.0315e-02 -2.8961e-02 9.9252e-02 8.1892e-02 -6.5130e-02 -3.1169e-02 -6.5734e-02 -6.5532e-02 -3.1169e-02 -3.0440e-02 -3.0684e-02 -3.0684e-02 -3.0684e-02 -6.4929e-02 -3.0684e-02 -5.8286e-02 -5.8286e-02 -9.4012e-02 9.3341e-02 -9.5588e-02 -5.8891e-02 -5.9093e-02 -5.8891e-02 -5.8891e-02 -5.8891e-02 -5.9093e-02 -5.8891e-02 -5.9093e-02 -9.2451e-02 -7.8556e-02 -9.3788e-02 -9.3788e-02 -9.4012e-02 -9.4236e-02 -4.5955e-02 -9.4012e-02 -4.6166e-02 -9.3788e-02 -9.4012e-02 -9.4012e-02 -9.4012e-02 -9.4012e-02 -6.7472e-03 -4.9924e-02 -5.5832e-02 -4.4748e-02 -3.7915e-02 -3.7690e-02 3.7691e-02 4.2105e-02 4.1235e-02 4.1235e-02 -1.3365e-02 -1.3365e-02 -2.0613e-02
2.5383e-02 2.5469e-02 1.5245e-02 3.2047e-02 7.9724e-01 -2.4226e-01 8.0217e-01 7.9910e-01 6.8848e-01 -2.4601e-01 3.6003e-01 9.3194e-01 9.7462e-01 -8.0580e-02 1.0000e+00 9.9541e-01 9.2132e-01 7.1704e-01 7.1428e-01 2.5965e-01 7.1190e-01 7.1190e-01 7.1466e-01 7.1466e-01 -2.5430e-01 5.8460e-01 4.8290e-01 -1.8392e-01 -1.2118e-01 1.5802e-01 3.8803e-01 1.5791e-01 1.5946e-01 3.8803e-01 3.7899e-01 3.7629e-01 3.7629e-01 3.7629e-01 1.4590e-01 3.7629e-01 1.6143e-01 1.6143e-01 5.2060e-03 -6.8248e-04 -8.5372e-03 1.5186e-01 1.5491e-01 1.5186e-01 1.5186e-01 1.5186e-01 1.5024e-01 1.5186e-01 1.5024e-01 -2.8255e-02 3.9470e-03 -6.3111e-03 -6.3111e-03 -7.6619e-03 -9.0123e-03 2.2851e-01 -7.6619e-03 2.2659e-01 -6.3111e-03 -7.6619e-03 -7.6619e-03 -7.6619e-03 -3.3726e-03 1.9138e-01 6.2415e-02 2.5848e-02 2.3425e-02 -1.7029e-02 -1.4773e-02 3.6025e-02 4.6711e-02 4.5665e-02 4.5665e-02 -1.6388e-02 -1.6388e-02 -3.6778e-02
2.3783e-02 2.3846e-02 1.3559e-02 3.0413e-02 8.0153e-01 -2.3641e-01 8.0651e-01 7.9896e-01 6.8915e-01 -2.4011e-01 3.5833e-01 9.3629e-01 9.7473e-01 -8.0952e-02 9.9541e-01 1.0000e+00 9.2155e-01 7.1354e-01 7.1591e-01 2.5486e-01 7.1354e-01 7.1354e-01 7.1117e-01 7.1117e-01 -2.4949e-01 5.8108e-01 4.8021e-01 -1.7943e-01 -1.1741e-01 1.5476e-01 3.8544e-01 1.5463e-01 1.5618e-01 3.8544e-01 3.7644e-01 3.7374e-01 3.7374e-01 3.7374e-01 1.4267e-01 3.7374e-01 1.5839e-01 1.5839e-01 5.4866e-03 -9.9644e-04 -8.2931e-03 1.4882e-01 1.5186e-01 1.4882e-01 1.4882e-01 1.4882e-01 1.4720e-01 1.4882e-01 1.4720e-01 -2.7858e-02 4.8613e-03 -6.0025e-03 -6.0025e-03 -7.3595e-03 -8.7162e-03 2.2575e-01 -7.3595e-03 2.2383e-01 -6.0025e-03 -7.3595e-03 -7.3595e-03 -7.3595e-03 -3.0775e-03 1.8974e-01 6.6495e-02 2.9345e-02 2.8252e-02 -1.8364e-02 -1.6103e-02 3.8086e-02 4.8886e-02 4.7815e-02 4.7815e-02 -1.1262e-02 -1.1262e-02 -3.1929e-02
3.1845e-02 3.2022e-02 2.2052e-02 3.2022e-02 7.3086e-01 -2.3929e-01 7.3094e-01 7.3266e-01 6.4375e-01 -2.3876e-01 3.4906e-01 8.6007e-01 9.0918e-01 -7.9099e-02 9.2132e-01 9.2155e-01 1.0000e+00 7.8310e-01 7.8027e-01 2.7903e-01 7.7792e-01 7.7792e-01 7.8076e-01 7.8076e-01 -2.7378e-01 6.4807e-01 5.4661e-01 -1.8914e-01 -1.2328e-01 1.8496e-01 4.4446e-01 1.8490e-01 1.8644e-01 4.4446e-01 4.3560e-01 4.3279e-01 4.3279e-01 4.3279e-01 1.7274e-01 4.3279e-01 1.8317e-01 1.8317e-01 8.3942e-03 -3.7371e-03 -5.2081e-03 1.7358e-01 1.7668e-01 1.7358e-01 1.7358e-01 1.7358e-01 1.7197e-01 1.7358e-01 1.7197e-01 -2.9864e-02 3.9936e-02 1.0822e-03 1.0822e-03 -2.4474e-04 -1.5713e-03 2.4476e-01 -2.4474e-04 2.4285e-01 -3.2379e-03 -2.4474e-04 -2.4474e-04 -2.4474e-04 -2.4474e-04 2.4383e-01 1.1233e-01 7.8912e-02 5.6212e-02 3.2315e-03 5.5434e-03 5.4765e-02 6.4054e-02 6.3282e-02 6.3282e-02 -1.9566e-02 -1.9566e-02 -3.9003e-02
2.0239e-02 1.5114e-02 4.3051e-03 1.5114e-02 5.8213e-01 -3.4183e-01 5.7944e-01 5.8357e-01 6.7623e-01 -3.4307e-01 4.1923e-01 6.6690e-01 7.1557e-01 -6.3581e-02 7.1704e-01 7.1354e-01 7.8310e-01 1.0000e+00 9.9714e-01 5.2571e-01 9.9426e-01 9.9426e-01 9.9713e-01 9.9713e-01 -5.2155e-01 8.6062e-01 7.2108e-01 -4.1321e-01 -3.1590e-01 3.3205e-01 5.9110e-01 3.3298e-01 3.3436e-01 5.9110e-01 5.8034e-01 5.7755e-01 5.7755e-01 5.7755e-01 3.1817e-01 5.7755e-01 3.2931e-01 3.2931e-01 1.7516e-01 -1.6885e-01 1.6276e-01 3.1964e-01 3.2339e-01 3.1964e-01 3.1964e-01 3.1964e-01 3.1818e-01 3.1964e-01 3.1818e-01 1.3007e-01 2.0337e-01 1.8104e-01 1.8104e-01 1.7995e-01 1.7886e-01 3.8415e-01 1.7995e-01 3.8234e-01 1.7625e-01 1.7995e-01 1.7995e-01 1.7995e-01 1.7995e-01 3.3325e-01 1.6308e-01 1.3329e-01 1.0986e-01 4.3655e-02 4.5713e-02 3.1850e-02 3.3369e-02 3.4230e-02 3.4230e-02 -1.1675e-02 -1.1675e-02 -3.5149e-02
1.9337e-02 1.4208e-02 3.3712e-03 1.4208e-02 5.8435e-01 -3.3825e-01 5.8170e-01 5.8084e-01 6.7878e-01 -3.3946e-01 4.1795e-01 6.6915e-01 7.1284e-01 -6.3764e-02 7.1428e-01 7.1591e-01 7.8027e-01 9.9714e-01 1.0000e+00 5.2245e-01 9.9714e-01 9.9714e-01 9.9427e-01 9.9427e-01 -5.1827e-01 8.5784e-01 7.1889e-01 -4.1022e-01 -3.1341e-01 3.2985e-01 5.8908e-01 3.3077e-01 3.3215e-01 5.8908e-01 5.7836e-01 5.7556e-01 5.7556e-01 5.7556e-01 3.1600e-01 5.7556e-01 3.2724e-01 3.2724e-01 1.7743e-01 -1.7115e-01 1.6502e-01 3.1758e-01 3.2132e-01 3.1758e-01 3.1758e-01 3.1758e-01 3.1611e-01 3.1758e-01 3.1611e-01 1.3246e-01 2.0600e-01 1.8331e-01 1.8331e-01 1.8221e-01 1.8112e-01 3.8222e-01 1.8221e-01 3.8040e-01 1.7853e-01 1.8221e-01 1.8221e-01 1.8221e-01 1.8221e-01 3.3198e-01 1.6849e-01 1.3816e-01 1.1602e-01 4.2824e-02 4.4884e-02 3.2984e-02 3.4574e-02 3.5419e-02 3.5419e-02 -8.8101e-03 -8.8101e-03 -3.2420e-02
5.8355e-03 2.5520e-03 4.8238e-03 2.5520e-03 2.5286e-01 -6.4029e-01 2.5173e-01 2.5925e-01 3.5375e-01 -6.5374e-01 2.2693e-01 2.4699e-01 2.6742e-01 -1.2094e-01 2.5965e-01 2.5486e-01 2.7903e-01 5.2571e-01 5.2245e-01 1.0000e+00 5.2093e-01 5.2093e-01 5.2420e-01 5.2420e-01 -9.7616e-01 3.9994e-01 3.7084e-01 -8.1782e-01 -6.9444e-01 4.5932e-01 3.0688e-01 4.6450e-01 4.6700e-01 3.0688e-01 3.0120e-01 3.0309e-01 3.0309e-01 3.0309e-01 4.5760e-01 3.0309e-01 4.1779e-01 4.1779e-01 5.6322e-01 -5.3765e-01 5.4458e-01 3.9256e-01 3.9431e-01 3.9256e-01 3.9256e-01 3.9256e-01 3.8997e-01 3.9256e-01 3.8997e-01 5.2217e-01 4.5949e-01 5.4540e-01 5.4540e-01 5.4728e-01 5.4518e-01 3.1103e-01 5.4728e-01 3.0819e-01 5.4540e-01 5.4728e-01 5.4728e-01 5.4728e-01 5.4728e-01 2.0559e-01 1.6228e-01 1.4138e-01 1.0477e-01 5.2639e-02 5.6406e-02 1.6374e-02 1.1849e-02 6.9046e-03 6.9046e-03 -2.5094e-02 -2.5094e-02 -2.7978e-02
2.0239e-02 1.5114e-02 4.3051e-03 1.5114e-02 5.8213e-01 -3.3691e-01 5.7944e-01 5.7861e-01 6.7623e-01 -3.3814e-01 4.1923e-01 6.6690e-01 7.1041e-01 -6.3581e-02 7.1190e-01 7.1354e-01 7.7792e-01 9.9426e-01 9.9714e-01 5.2093e-01 1.0000e+00 1.0000e+00 9.9713e-01 9.9713e-01 -5.1677e-01 8.6062e-01 7.2108e-01 -4.0843e-01 -3.1104e-01 3.3205e-01 5.9110e-01 3.3298e-01 3.3436e-01 5.9110e-01 5.8034e-01 5.7755e-01 5.7755e-01 5.7755e-01 3.1817e-01 5.7755e-01 3.2407e-01 3.2407e-01 1.7516e-01 -1.6885e-01 1.6276e-01 3.1442e-01 3.1818e-01 3.1442e-01 3.1442e-01 3.1442e-01 3.1296e-01 3.1442e-01 3.1296e-01 1.3007e-01 2.0337e-01 1.8104e-01 1.8104e-01 1.7995e-01 1.7886e-01 3.8415e-01 1.7995e-01 3.8234e-01 1.7625e-01 1.7995e-01 1.7995e-01 1.7995e-01 1.7995e-01 3.3325e-01 1.6977e-01 1.3950e-01 1.1710e-01 4.3655e-02 4.5713e-02 3.1850e-02 3.3369e-02 3.4230e-02 3.4230e-02 -1.1675e-02 -1.1675e-02 -3.5149e-02
2.0239e-02 1.5114e-02 4.3051e-03 1.5114e-02 5.8213e-01 -3.3691e-01 5.7944e-01 5.7861e-01 6.7623e-01 -3.3814e-01 4.1923e-01 6.6690e-01 7.1041e-01 -6.3581e-02 7.1190e-01 7.1354e-01 7.7792e-01 9.9426e-01 9.9714e-01 5.2093e-01 1.0000e+00 1.0000e+00 9.9713e-01 9.9713e-01 -5.1677e-01 8.6062e-01 7.2108e-01 -4.0843e-01 -3.1104e-01 3.3205e-01 5.9110e-01 3.3298e-01 3.3436e-01 5.9110e-01 5.8034e-01 5.7755e-01 5.7755e-01 5.7755e-01 3.1817e-01 5.7755e-01 3.2407e-01 3.2407e-01 1.7516e-01 -1.6885e-01 1.6276e-01 3.1442e-01 3.1818e-01 3.1442e-01 3.1442e-01 3.1442e-01 3.1296e-01 3.1442e-01 3.1296e-01 1.3007e-01 2.0337e-01 1.8104e-01 1.8104e-01 1.7995e-01 1.7886e-01 3.8415e-01 1.7995e-01 3.8234e-01 1.7625e-01 1.7995e-01 1.7995e-01 1.7995e-01 1.7995e-01 3.3325e-01 1.6977e-01 1.3950e-01 1.1710e-01 4.3655e-02 4.5713e-02 3.1850e-02 3.3369e-02 3.4230e-02 3.4230e-02 -1.1675e-02 -1.1675e-02 -3.5149e-02
2.1144e-02 1.6023e-02 5.2420e-03 1.6023e-02 5.7990e-01 -3.4050e-01 5.7718e-01 5.8134e-01 6.7369e-01 -3.4175e-01 4.2051e-01 6.6465e-01 7.1315e-01 -6.3399e-02 7.1466e-01 7.1117e-01 7.8076e-01 9.9713e-01 9.9427e-01 5.2420e-01 9.9713e-01 9.9713e-01 1.0000e+00 1.0000e+00 -5.2005e-01 8.6341e-01 7.2328e-01 -4.1142e-01 -3.1354e-01 3.3426e-01 5.9313e-01 3.3520e-01 3.3658e-01 5.9313e-01 5.8234e-01 5.7955e-01 5.7955e-01 5.7955e-01 3.2036e-01 5.7955e-01 3.2614e-01 3.2614e-01 1.7288e-01 -1.6654e-01 1.6050e-01 3.1648e-01 3.2025e-01 3.1648e-01 3.1648e-01 3.1648e-01 3.1502e-01 3.1648e-01 3.1502e-01 1.2768e-01 2.0073e-01 1.7876e-01 1.7876e-01 1.7767e-01 1.7659e-01 3.8609e-01 1.7767e-01 3.8428e-01 1.7396e-01 1.7767e-01 1.7767e-01 1.7767e-01 1.7767e-01 3.3452e-01 1.6434e-01 1.3463e-01 1.1093e-01 4.4489e-02 4.6546e-02 3.0713e-02 3.2160e-02 3.3037e-02 3.3037e-02 -1.4550e-02 -1.4550e-02 -3.7887e-02
2.1144e-02 1.6023e-02 5.2420e-03 1.6023e-02 5.7990e-01 -3.4050e-01 5.7718e-01 5.8134e-01 6.7369e-01 -3.4175e-01 4.2051e-01 6.6465e-01 7.1315e-01 -6.3399e-02 7.1466e-01 7.1117e-01 7.8076e-01 9.9713e-01 9.9427e-01 5.2420e-01 9.9713e-01 9.9713e-01 1.0000e+00 1.0000e+00 -5.2005e-01 8.6341e-01 7.2328e-01 -4.1142e-01 -3.1354e-01 3.3426e-01 5.9313e-01 3.3520e-01 3.3658e-01 5.9313e-01 5.8234e-01 5.7955e-01 5.7955e-01 5.7955e-01 3.2036e-01 5.7955e-01 3.2614e-01 3.2614e-01 1.7288e-01 -1.6654e-01 1.6050e-01 3.1648e-01 3.2025e-01 3.1648e-01 3.1648e-01 3.1648e-01 3.1502e-01 3.1648e-01 3.1502e-01 1.2768e-01 2.0073e-01 1.7876e-01 1.7876e-01 1.7767e-01 1.7659e-01 3.8609e-01 1.7767e-01 3.8428e-01 1.7396e-01 1.7767e-01 1.7767e-01 1.7767e-01 1.7767e-01 3.3452e-01 1.6434e-01 1.3463e-01 1.1093e-01 4.4489e-02 4.6546e-02 3.0713e-02 3.2160e-02 3.3037e-02 3.3037e-02 -1.4550e-02 -1.4550e-02 -3.7887e-02
-2.9367e-03 3.8895e-04 -1.7331e-03 3.8895e-04 -2.5101e-01 6.3846e-01 -2.4581e-01 -2.5741e-01 -3.5289e-01 6.5185e-01 -2.2493e-01 -2.6226e-01 -2.6213e-01 1.2191e-01 -2.5430e-01 -2.4949e-01 -2.7378e-01 -5.2155e-01 -5.1827e-01 -9.7616e-01 -5.1677e-01 -5.1677e-01 -5.2005e-01 -5.2005e-01 1.0000e+00 -3.9530e-01 -3.7283e-01 8.2609e-01 7.0409e-01 -4.4960e-01 -3.0333e-01 -4.5475e-01 -4.5303e-01 -3.0333e-01 -2.9769e-01 -2.9957e-01 -2.9957e-01 -2.9957e-01 -4.4788e-01 -2.9957e-01 -4.1707e-01 -4.1707e-01 -5.5589e-01 5.3434e-01 -5.4510e-01 -4.0048e-01 -4.0221e-01 -4.0048e-01 -4.0048e-01 -4.0048e-01 -3.9787e-01 -4.0048e-01 -4.0221e-01 -5.2690e-01 -4.5722e-01 -5.4605e-01 -5.4605e-01 -5.4791e-01 -5.4580e-01 -3.2541e-01 -5.4791e-01 -3.2254e-01 -5.4605e-01 -5.4791e-01 -5.4791e-01 -5.4791e-01 -5.4791e-01 -1.8909e-01 -1.5896e-01 -1.3767e-01 -1.0179e-01 -5.6975e-02 -6.0791e-02 -3.5731e-04 3.2287e-03 8.3525e-03 8.3525e-03 2.7724e-02 2.7724e-02 3.1079e-02
2.7182e-03 1.1206e-02 2.5211e-02 1.1206e-02 4.6538e-01 -2.1766e-01 4.5871e-01 4.6687e-01 5.6182e-01 -2.2260e-01 3.5754e-01 5.4381e-01 5.8369e-01 -7.0315e-02 5.8460e-01 5.8108e-01 6.4807e-01 8.6062e-01 8.5784e-01 3.9994e-01 8.6062e-01 8.6062e-01 8.6341e-01 8.6341e-01 -3.9530e-01 1.0000e+00 6.7849e-01 -3.2824e-01 -2.5286e-01 2.8054e-01 5.5325e-01 2.7615e-01 2.7761e-01 5.5325e-01 5.4366e-01 5.4080e-01 5.4080e-01 5.4080e-01 2.6752e-01 5.4080e-01 3.1294e-01 3.1294e-01 1.4238e-01 -1.3234e-01 1.2947e-01 3.0322e-01 3.0660e-01 3.0322e-01 3.0322e-01 3.0322e-01 3.0164e-01 3.0322e-01 3.0164e-01 1.0529e-01 1.9023e-01 1.4813e-01 1.4813e-01 1.5148e-01 1.5028e-01 3.7147e-01 1.5148e-01 3.6954e-01 1.4813e-01 1.5148e-01 1.5148e-01 1.5148e-01 1.5148e-01 3.0637e-01 1.8301e-01 1.4599e-01 1.3454e-01 7.7289e-02 7.9707e-02 1.4968e-02 1.5486e-02 1.5381e-02 1.5381e-02 -1.2295e-02 -1.2295e-02 -3.9769e-02
3.3602e-02 3.7537e-02 3.7995e-02 3.7537e-02 3.8709e-01 -2.3290e-01 3.7587e-01 3.8822e-01 4.5826e-01 -2.4094e-01 4.0502e-01 4.5954e-01 4.8386e-01 -2.8961e-02 4.8290e-01 4.8021e-01 5.4661e-01 7.2108e-01 7.1889e-01 3.7084e-01 7.2108e-01 7.2108e-01 7.2328e-01 7.2328e-01 -3.7283e-01 6.7849e-01 1.0000e+00 -4.4780e-01 -5.2497e-01 5.1628e-01 8.0973e-01 5.1233e-01 5.0789e-01 8.0973e-01 7.9721e-01 7.9416e-01 7.9416e-01 7.9416e-01 5.0033e-01 7.9416e-01 5.1683e-01 5.1683e-01 3.6038e-01 -3.4688e-01 3.4855e-01 4.9474e-01 4.9922e-01 4.9474e-01 4.9474e-01 4.9474e-01 4.9332e-01 4.9474e-01 4.9922e-01 3.0717e-01 3.8217e-01 3.6672e-01 3.6672e-01 3.7122e-01 3.7030e-01 5.7888e-01 3.7122e-01 5.7701e-01 3.7214e-01 3.7122e-01 3.7122e-01 3.7122e-01 3.7664e-01 4.7697e-01 2.5505e-01 2.3670e-01 1.7930e-01 8.4253e-02 8.6174e-02 -6.4786e-03 -1.1361e-02 -9.0892e-03 -9.0892e-03 -7.0477e-02 -7.0477e-02 -9.1572e-02
-1.7938e-03 -5.0316e-03 -8.5008e-03 -5.0316e-03 -1.9627e-01 5.3131e-01 -1.9041e-01 -2.0254e-01 -2.8915e-01 5.4078e-01 -1.6272e-01 -2.0441e-01 -1.9523e-01 9.9252e-02 -1.8392e-01 -1.7943e-01 -1.8914e-01 -4.1321e-01 -4.1022e-01 -8.1782e-01 -4.0843e-01 -4.0843e-01 -4.1142e-01 -4.1142e-01 8.2609e-01 -3.2824e-01 -4.4780e-01 1.0000e+00 8.5300e-01 -5.4223e-01 -3.6196e-01 -5.4746e-01 -5.4572e-01 -3.6196e-01 -3.5635e-01 -3.5822e-01 -3.5822e-01 -3.5822e-01 -5.3625e-01 -3.5822e-01 -4.9152e-01 -4.9152e-01 -6.6820e-01 6.4243e-01 -6.5798e-01 -4.6633e-01 -4.6810e-01 -4.6633e-01 -4.6633e-01 -4.6633e-01 -4.6376e-01 -4.6633e-01 -4.6810e-01 -6.3867e-01 -5.6894e-01 -6.7024e-01 -6.7024e-01 -6.7219e-01 -6.7015e-01 -3.8468e-01 -6.7219e-01 -3.8183e-01 -6.7024e-01 -6.7219e-01 -6.7219e-01 -6.7219e-01 -6.7219e-01 -2.3904e-01 -2.1797e-01 -1.9625e-01 -1.6196e-01 -9.9662e-02 -1.0352e-01 1.8350e-02 2.3585e-02 2.8382e-02 2.8382e-02 4.4281e-02 4.4281e-02 5.2531e-02
-4.1175e-02 -4.5503e-02 -5.2721e-02 -4.5503e-02 -1.5252e-01 4.3943e-01 -1.4477e-01 -1.5853e-01 -2.2767e-01 4.4598e-01 -2.0626e-01 -1.5240e-01 -1.3067e-01 8.1892e-02 -1.2118e-01 -1.1741e-01 -1.2328e-01 -3.1590e-01 -3.1341e-01 -6.9444e-01 -3.1104e-01 -3.1104e-01 -3.1354e-01 -3.1354e-01 7.0409e-01 -2.5286e-01 -5.2497e-01 8.5300e-01 1.0000e+00 -4.9935e-01 -4.4005e-01 -5.0580e-01 -5.0365e-01 -4.4005e-01 -4.3358e-01 -4.3574e-01 -4.3574e-01 -4.3574e-01 -4.9290e-01 -4.3574e-01 -6.0278e-01 -6.0278e-01 -6.7831e-01 6.5117e-01 -6.7015e-01 -5.7792e-01 -5.7997e-01 -5.7792e-01 -5.7792e-01 -5.7792e-01 -5.7556e-01 -5.7792e-01 -5.7997e-01 -6.4201e-01 -5.5819e-01 -6.8007e-01 -6.8007e-01 -6.8236e-01 -6.8061e-01 -4.7951e-01 -6.8236e-01 -4.7686e-01 -6.8007e-01 -6.8236e-01 -6.8236e-01 -6.8236e-01 -6.8236e-01 -2.9233e-01 -2.8293e-01 -2.7444e-01 -2.1858e-01 -1.4524e-01 -1.4883e-01 4.2119e-02 5.4314e-02 5.7844e-02 5.7844e-02 5.8995e-02 5.8995e-02 6.1418e-02
7.7251e-03 7.7257e-03 3.5628e-03 1.2219e-03 1.5051e-01 -3.1941e-01 1.4058e-01 1.5205e-01 2.3772e-01 -3.2741e-01 2.2521e-01 1.6419e-01 1.5708e-01 -6.5130e-02 1.5802e-01 1.5476e-01 1.8496e-01 3.3205e-01 3.2985e-01 4.5932e-01 3.3205e-01 3.3205e-01 3.3426e-01 3.3426e-01 -4.4960e-01 2.8054e-01 5.1628e-01 -5.4223e-01 -4.9935e-01 1.0000e+00 6.4624e-01 9.9328e-01 9.9102e-01 6.4624e-01 6.3940e-01 6.4168e-01 6.4168e-01 6.4168e-01 9.7973e-01 6.4168e-01 2.7958e-01 2.7958e-01 6.7722e-01 -6.6048e-01 6.5417e-01 2.5108e-01 2.5394e-01 2.5108e-01 2.5108e-01 2.5108e-01 2.4932e-01 2.5108e-01 2.5394e-01 6.5374e-01 6.8552e-01 5.9812e-01 5.9812e-01 6.0088e-01 5.9941e-01 3.6902e-01 6.0088e-01 3.6684e-01 6.0236e-01 6.0088e-01 6.0088e-01 6.0088e-01 6.0512e-01 3.3731e-01 2.2696e-01 2.0399e-01 1.7234e-01 8.3269e-02 8.6089e-02 -8.0931e-03 -3.5595e-02 -3.2304e-02 -3.2304e-02 -1.1408e-01 -1.1408e-01 -1.1390e-01
6.5322e-02 6.8603e-02 7.4953e-02 6.8603e-02 3.4424e-01 -1.8125e-01 3.3341e-01 3.4538e-01 4.1545e-01 -1.8882e-01 3.6823e-01 3.9346e-01 3.7742e-01 -3.1169e-02 3.8803e-01 3.8544e-01 4.4446e-01 5.9110e-01 5.8908e-01 3.0688e-01 5.9110e-01 5.9110e-01 5.9313e-01 5.9313e-01 -3.0333e-01 5.5325e-01 8.0973e-01 -3.6196e-01 -4.4005e-01 6.4624e-01 1.0000e+00 6.4190e-01 6.4334e-01 1.0000e+00 9.8941e-01 9.8587e-01 9.8587e-01 9.8587e-01 6.3079e-01 9.8587e-01 5.9477e-01 5.9477e-01 4.0466e-01 -3.8631e-01 3.8211e-01 5.6117e-01 5.6543e-01 5.6117e-01 5.6117e-01 5.6117e-01 5.5965e-01 5.6117e-01 5.5965e-01 3.8485e-01 4.6303e-01 4.0031e-01 4.0031e-01 4.0466e-01 4.0370e-01 6.5302e-01 4.0466e-01 6.5101e-01 4.0562e-01 4.0466e-01 4.0466e-01 4.0466e-01 4.0996e-01 5.1557e-01 3.2107e-01 2.9605e-01 2.2265e-01 8.3981e-02 8.5951e-02 5.4878e-03 -4.9658e-03 -2.9327e-03 -2.9327e-03 -9.4300e-02 -9.4300e-02 -8.9555e-02
5.3991e-03 5.3666e-03 1.0937e-03 -1.1223e-03 1.4976e-01 -3.2366e-01 1.3991e-01 1.5130e-01 2.3759e-01 -3.3159e-01 2.2308e-01 1.6370e-01 1.5704e-01 -6.5734e-02 1.5791e-01 1.5463e-01 1.8490e-01 3.3298e-01 3.3077e-01 4.6450e-01 3.3298e-01 3.3298e-01 3.3520e-01 3.3520e-01 -4.5475e-01 2.7615e-01 5.1233e-01 -5.4746e-01 -5.0580e-01 9.9328e-01 6.4190e-01 1.0000e+00 9.9776e-01 6.4190e-01 6.3510e-01 6.3737e-01 6.3737e-01 6.3737e-01 9.8655e-01 6.3737e-01 2.7484e-01 2.7484e-01 6.8245e-01 -6.6579e-01 6.5936e-01 2.4638e-01 2.4922e-01 2.4638e-01 2.4638e-01 2.4638e-01 2.4461e-01 2.4638e-01 2.4922e-01 6.5912e-01 6.9180e-01 6.0354e-01 6.0354e-01 6.0629e-01 6.0480e-01 3.6466e-01 6.0629e-01 3.6248e-01 6.0777e-01 6.0629e-01 6.0629e-01 6.0629e-01 6.1052e-01 3.3458e-01 2.2378e-01 2.0055e-01 1.6956e-01 8.1058e-02 8.3884e-02 -1.5528e-02 -4.2403e-02 -3.9227e-02 -3.9227e-02 -1.1055e-01 -1.1055e-01 -1.1079e-01
6.1733e-03 6.1518e-03 1.9155e-03 -3.4212e-04 1.5147e-01 -3.2659e-01 1.4160e-01 1.5301e-01 2.3917e-01 -3.3455e-01 2.2379e-01 1.6090e-01 1.5858e-01 -6.5532e-02 1.5946e-01 1.5618e-01 1.8644e-01 3.3436e-01 3.3215e-01 4.6700e-01 3.3436e-01 3.3436e-01 3.3658e-01 3.3658e-01 -4.5303e-01 2.7761e-01 5.0789e-01 -5.4572e-01 -5.0365e-01 9.9102e-01 6.4334e-01 9.9776e-01 1.0000e+00 6.4334e-01 6.3653e-01 6.3880e-01 6.3880e-01 6.3880e-01 9.8428e-01 6.3880e-01 2.7641e-01 2.7641e-01 6.8070e-01 -6.6825e-01 6.5763e-01 2.4794e-01 2.5079e-01 2.4794e-01 2.4794e-01 2.4794e-01 2.4618e-01 2.4794e-01 2.4618e-01 6.5732e-01 6.8970e-01 6.0173e-01 6.0173e-01 6.0448e-01 6.0300e-01 3.6113e-01 6.0448e-01 3.5896e-01 6.0597e-01 6.0448e-01 6.0448e-01 6.0448e-01 6.0872e-01 3.3548e-01 2.2484e-01 2.0169e-01 1.7049e-01 8.1793e-02 8.4617e-02 -1.6588e-02 -4.3550e-02 -4.0358e-02 -4.0358e-02 -1.1315e-01 -1.1315e-01 -1.1324e-01
6.5322e-02 6.8603e-02 7.4953e-02 6.8603e-02 3.4424e-01 -1.8125e-01 3.3341e-01 3.4538e-01 4.1545e-01 -1.8882e-01 3.6823e-01 3.9346e-01 3.7742e-01 -3.1169e-02 3.8803e-01 3.8544e-01 4.4446e-01 5.9110e-01 5.8908e-01 3.0688e-01 5.9110e-01 5.9110e-01 5.9313e-01 5.9313e-01 -3.0333e-01 5.5325e-01 8.0973e-01 -3.6196e-01 -4.4005e-01 6.4624e-01 1.0000e+00 6.4190e-01 6.4334e-01 1.0000e+00 9.8941e-01 9.8587e-01 9.8587e-01 9.8587e-01 6.3079e-01 9.8587e-01 5.9477e-01 5.9477e-01 4.0466e-01 -3.8631e-01 3.8211e-01 5.6117e-01 5.6543e-01 5.6117e-01 5.6117e-01 5.6117e-01 5.5965e-01 5.6117e-01 5.5965e-01 3.8485e-01 4.6303e-01 4.0031e-01 4.0031e-01 4.0466e-01 4.0370e-01 6.5302e-01 4.0466e-01 6.5101e-01 4.0562e-01 4.0466e-01 4.0466e-01 4.0466e-01 4.0996e-01 5.1557e-01 3.2107e-01 2.9605e-01 2.2265e-01 8.3981e-02 8.5951e-02 5.4878e-03 -4.9658e-03 -2.9327e-03 -2.9327e-03 -9.4300e-02 -9.4300e-02 -8.9555e-02
6.8699e-02 7.2045e-02 7.8591e-02 7.2045e-02 3.3613e-01 -1.7625e-01 3.2511e-01 3.3725e-01 4.0627e-01 -1.8393e-01 3.7288e-01 3.8516e-01 3.6816e-01 -3.0440e-02 3.7899e-01 3.7644e-01 4.3560e-01 5.8034e-01 5.7836e-01 3.0120e-01 5.8034e-01 5.8034e-01 5.8234e-01 5.8234e-01 -2.9769e-01 5.4366e-01 7.9721e-01 -3.5635e-01 -4.3358e-01 6.3940e-01 9.8941e-01 6.3510e-01 6.3653e-01 9.8941e-01 1.0000e+00 9.9644e-01 9.9644e-01 9.9644e-01 6.4084e-01 9.9644e-01 6.0415e-01 6.0415e-01 4.1500e-01 -3.9647e-01 3.9239e-01 5.7035e-01 5.7466e-01 5.7035e-01 5.7035e-01 5.7035e-01 5.6884e-01 5.7035e-01 5.6884e-01 3.9494e-01 4.7277e-01 4.1060e-01 4.1060e-01 4.1500e-01 4.1405e-01 6.6208e-01 4.1500e-01 6.6007e-01 4.1595e-01 4.1500e-01 4.1500e-01 4.1500e-01 4.0965e-01 5.2169e-01 3.2671e-01 3.0191e-01 2.2723e-01 8.7128e-02 8.9096e-02 8.2467e-03 -2.7605e-03 -6.2042e-04 -6.2042e-04 -9.3682e-02 -9.3682e-02 -8.8419e-02
6.7567e-02 7.0892e-02 7.7372e-02 7.0892e-02 3.3332e-01 -1.7792e-01 3.2234e-01 3.3444e-01 4.0356e-01 -1.8557e-01 3.7132e-01 3.8233e-01 3.6551e-01 -3.0684e-02 3.7629e-01 3.7374e-01 4.3279e-01 5.7755e-01 5.7556e-01 3.0309e-01 5.7755e-01 5.7755e-01 5.7955e-01 5.7955e-01 -2.9957e-01 5.4080e-01 7.9416e-01 -3.5822e-01 -4.3574e-01 6.4168e-01 9.8587e-01 6.3737e-01 6.3880e-01 9.8587e-01 9.9644e-01 1.0000e+00 1.0000e+00 1.0000e+00 6.4313e-01 1.0000e+00 6.0683e-01 6.0683e-01 4.1686e-01 -3.9840e-01 3.9427e-01 5.7308e-01 5.7737e-01 5.7308e-01 5.7308e-01 5.7308e-01 5.7156e-01 5.7308e-01 5.7156e-01 3.9689e-01 4.7494e-01 4.1248e-01 4.1248e-01 4.1686e-01 4.1591e-01 6.6531e-01 4.1686e-01 6.6329e-01 4.1781e-01 4.1686e-01 4.1686e-01 4.1686e-01 4.1153e-01 5.1964e-01 3.2482e-01 2.9994e-01 2.2570e-01 8.6073e-02 8.8042e-02 9.5475e-03 -1.3513e-03 7.6724e-04 7.6724e-04 -9.5688e-02 -9.5688e-02 -8.5230e-02
6.7567e-02 7.0892e-02 7.7372e-02 7.0892e-02 3.3332e-01 -1.7792e-01 3.2234e-01 3.3444e-01 4.0356e-01 -1.8557e-01 3.7132e-01 3.8233e-01 3.6551e-01 -3.0684e-02 3.7629e-01 3.7374e-01 4.3279e-01 5.7755e-01 5.7556e-01 3.0309e-01 5.7755e-01 5.7755e-01 5.7955e-01 5.7955e-01 -2.9957e-01 5.4080e-01 7.9416e-01 -3.5822e-01 -4.3574e-01 6.4168e-01 9.8587e-01 6.3737e-01 6.3880e-01 9.8587e-01 9.9644e-01 1.0000e+00 1.0000e+00 1.0000e+00 6.4313e-01 1.0000e+00 6.0683e-01 6.0683e-01 4.1686e-01 -3.9840e-01 3.9427e-01 5.7308e-01 5.7737e-01 5.7308e-01 5.7308e-01 5.7308e-01 5.7156e-01 5.7308e-01 5.7156e-01 3.9689e-01 4.7494e-01 4.1248e-01 4.1248e-01 4.1686e-01 4.1591e-01 6.6531e-01 4.1686e-01 6.6329e-01 4.1781e-01 4.1686e-01 4.1686e-01 4.1686e-01 4.1153e-01 5.1964e-01 3.2482e-01 2.9994e-01 2.2570e-01 8.6073e-02 8.8042e-02 9.5475e-03 -1.3513e-03 7.6724e-04 7.6724e-04 -9.5688e-02 -9.5688e-02 -8.5230e-02
6.7567e-02 7.0892e-02 7.7372e-02 7.0892e-02 3.3332e-01 -1.7792e-01 3.2234e-01 3.3444e-01 4.0356e-01 -1.8557e-01 3.7132e-01 3.8233e-01 3.6551e-01 -3.0684e-02 3.7629e-01 3.7374e-01 4.3279e-01 5.7755e-01 5.7556e-01 3.0309e-01 5.7755e-01 5.7755e-01 5.7955e-01 5.7955e-01 -2.9957e-01 5.4080e-01 7.9416e-01 -3.5822e-01 -4.3574e-01 6.4168e-01 9.8587e-01 6.3737e-01 6.3880e-01 9.8587e-01 9.9644e-01 1.0000e+00 1.0000e+00 1.0000e+00 6.4313e-01 1.0000e+00 6.0683e-01 6.0683e-01 4.1686e-01 -3.9840e-01 3.9427e-01 5.7308e-01 5.7737e-01 5.7308e-01 5.7308e-01 5.7308e-01 5.7156e-01 5.7308e-01 5.7156e-01 3.9689e-01 4.7494e-01 4.1248e-01 4.1248e-01 4.1686e-01 4.1591e-01 6.6531e-01 4.1686e-01 6.6329e-01 4.1781e-01 4.1686e-01 4.1686e-01 4.1686e-01 4.1153e-01 5.1964e-01 3.2482e-01 2.9994e-01 2.2570e-01 8.6073e-02 8.8042e-02 9.5475e-03 -1.3513e-03 7.6724e-04 7.6724e-04 -9.5688e-02 -9.5688e-02 -8.5230e-02
8.5029e-03 8.5145e-03 4.3883e-03 2.0057e-03 1.3464e-01 -3.1799e-01 1.2463e-01 1.3616e-01 2.2088e-01 -3.2601e-01 2.2593e-01 1.4799e-01 1.4031e-01 -6.4929e-02 1.4590e-01 1.4267e-01 1.7274e-01 3.1817e-01 3.1600e-01 4.5760e-01 3.1817e-01 3.1817e-01 3.2036e-01 3.2036e-01 -4.4788e-01 2.6752e-01 5.0033e-01 -5.3625e-01 -4.9290e-01 9.7973e-01 6.3079e-01 9.8655e-01 9.8428e-01 6.3079e-01 6.4084e-01 6.4313e-01 6.4313e-01 6.4313e-01 1.0000e+00 6.4313e-01 2.7188e-01 2.7188e-01 6.8821e-01 -6.7145e-01 6.6517e-01 2.4339e-01 2.4627e-01 2.4339e-01 2.4339e-01 2.4339e-01 2.4165e-01 2.4339e-01 2.4627e-01 6.6894e-01 7.0509e-01 6.0904e-01 6.0904e-01 6.1181e-01 6.1034e-01 3.6050e-01 6.1181e-01 3.5834e-01 6.1329e-01 6.1181e-01 6.1181e-01 6.1181e-01 6.0757e-01 3.3822e-01 2.2803e-01 2.0514e-01 1.7327e-01 8.4009e-02 8.6828e-02 -9.1507e-03 -3.6740e-02 -3.3433e-02 -3.3433e-02 -1.1239e-01 -1.1239e-01 -1.1210e-01
6.7567e-02 7.0892e-02 7.7372e-02 7.0892e-02 3.3332e-01 -1.7792e-01 3.2234e-01 3.3444e-01 4.0356e-01 -1.8557e-01 3.7132e-01 3.8233e-01 3.6551e-01 -3.0684e-02 3.7629e-01 3.7374e-01 4.3279e-01 5.7755e-01 5.7556e-01 3.0309e-01 5.7755e-01 5.7755e-01 5.7955e-01 5.7955e-01 -2.9957e-01 5.4080e-01 7.9416e-01 -3.5822e-01 -4.3574e-01 6.4168e-01 9.8587e-01 6.3737e-01 6.3880e-01 9.8587e-01 9.9644e-01 1.0000e+00 1.0000e+00 1.0000e+00 6.4313e-01 1.0000e+00 6.0683e-01 6.0683e-01 4.1686e-01 -3.9840e-01 3.9427e-01 5.7308e-01 5.7737e-01 5.7308e-01 5.7308e-01 5.7308e-01 5.7156e-01 5.7308e-01 5.7156e-01 3.9689e-01 4.7494e-01 4.1248e-01 4.1248e-01 4.1686e-01 4.1591e-01 6.6531e-01 4.1686e-01 6.6329e-01 4.1781e-01 4.1686e-01 4.1686e-01 4.1686e-01 4.1153e-01 5.1964e-01 3.2482e-01 2.9994e-01 2.2570e-01 8.6073e-02 8.8042e-02 9.5475e-03 -1.3513e-03 7.6724e-04 7.6724e-04 -9.5688e-02 -9.5688e-02 -8.5230e-02
5.5284e-02 6.2152e-02 7.1191e-02 6.8851e-02 1.5234e-01 -2.1248e-01 1.5495e-01 1.5377e-01 2.0366e-01 -2.2558e-01 2.1473e-01 1.8119e-01 1.5495e-01 -5.8286e-02 1.6143e-01 1.5839e-01 1.8317e-01 3.2931e-01 3.2724e-01 4.1779e-01 3.2407e-01 3.2407e-01 3.2614e-01 3.2614e-01 -4.1707e-01 3.1294e-01 5.1683e-01 -4.9152e-01 -6.0278e-01 2.7958e-01 5.9477e-01 2.7484e-01 2.7641e-01 5.9477e-01 6.0415e-01 6.0683e-01 6.0683e-01 6.0683e-01 2.7188e-01 6.0683e-01 1.0000e+00 1.0000e+00 6.9256e-01 -6.3554e-01 6.5676e-01 9.4524e-01 9.4294e-01 9.4524e-01 9.4524e-01 9.4524e-01 9.4294e-01 9.4524e-01 9.4294e-01 6.1049e-01 4.8506e-01 6.6773e-01 6.6773e-01 6.6635e-01 6.6497e-01 7.7044e-01 6.6635e-01 7.7294e-01 6.6336e-01 6.6635e-01 6.6635e-01 6.6635e-01 6.5761e-01 4.0895e-01 3.6254e-01 3.4118e-01 2.5167e-01 1.4704e-01 1.4999e-01 2.5988e-02 2.9862e-02 2.3785e-02 2.3785e-02 -6.4275e-02 -6.4275e-02 -4.2428e-02
5.5284e-02 6.2152e-02 7.1191e-02 6.8851e-02 1.5234e-01 -2.1248e-01 1.5495e-01 1.5377e-01 2.0366e-01 -2.2558e-01 2.1473e-01 1.8119e-01 1.5495e-01 -5.8286e-02 1.6143e-01 1.5839e-01 1.8317e-01 3.2931e-01 3.2724e-01 4.1779e-01 3.2407e-01 3.2407e-01 3.2614e-01 3.2614e-01 -4.1707e-01 3.1294e-01 5.1683e-01 -4.9152e-01 -6.0278e-01 2.7958e-01 5.9477e-01 2.7484e-01 2.7641e-01 5.9477e-01 6.0415e-01 6.0683e-01 6.0683e-01 6.0683e-01 2.7188e-01 6.0683e-01 1.0000e+00 1.0000e+00 6.9256e-01 -6.3554e-01 6.5676e-01 9.4524e-01 9.4294e-01 9.4524e-01 9.4524e-01 9.4524e-01 9.4294e-01 9.4524e-01 9.4294e-01 6.1049e-01 4.8506e-01 6.6773e-01 6.6773e-01 6.6635e-01 6.6497e-01 7.7044e-01 6.6635e-01 7.7294e-01 6.6336e-01 6.6635e-01 6.6635e-01 6.6635e-01 6.5761e-01 4.0895e-01 3.6254e-01 3.4118e-01 2.5167e-01 1.4704e-01 1.4999e-01 2.5988e-02 2.9862e-02 2.3785e-02 2.3785e-02 -6.4275e-02 -6.4275e-02 -4.2428e-02
1.2311e-02 1.5862e-02 1.4526e-02 1.5862e-02 2.4437e-02 -3.4053e-01 2.5884e-02 2.2241e-02 1.0321e-01 -3.5411e-01 1.4165e-01 2.3634e-02 2.3467e-03 -9.4012e-02 5.2060e-03 5.4866e-03 8.3942e-03 1.7516e-01 1.7743e-01 5.6322e-01 1.7516e-01 1.7516e-01 1.7288e-01 1.7288e-01 -5.5589e-01 1.4238e-01 3.6038e-01 -6.6820e-01 -6.7831e-01 6.7722e-01 4.0466e-01 6.8245e-01 6.8070e-01 4.0466e-01 4.1500e-01 4.1686e-01 4.1686e-01 4.1686e-01 6.8821e-01 4.1686e-01 6.9256e-01 6.9256e-01 1.0000e+00 -9.4207e-01 9.6218e-01 6.4525e-01 6.4696e-01 6.4525e-01 6.4525e-01 6.4525e-01 6.4696e-01 6.4525e-01 6.4696e-01 9.2213e-01 7.8649e-01 9.0612e-01 9.0612e-01 9.0413e-01 9.0215e-01 5.2830e-01 9.0413e-01 5.3003e-01 9.0213e-01 9.0413e-01 9.0413e-01 9.0413e-01 8.9615e-01 2.8898e-01 2.9347e-01 2.8031e-01 2.2184e-01 1.3513e-01 1.3901e-01 3.8735e-03 -1.8839e-02 -2.3169e-02 -2.3169e-02 -9.5016e-02 -9.5016e-02 -7.9927e-02
-1.4497e-02 -1.8080e-02 -1.6856e-02 -1.8080e-02 8.2330e-06 3.5239e-01 -1.3047e-03 6.3760e-03 -7.2506e-02 3.3726e-01 -1.4324e-01 -6.9428e-03 2.2620e-03 9.3341e-02 -6.8248e-04 -9.9644e-04 -3.7371e-03 -1.6885e-01 -1.7115e-01 -5.3765e-01 -1.6885e-01 -1.6885e-01 -1.6654e-01 -1.6654e-01 5.3434e-01 -1.3234e-01 -3.4688e-01 6.4243e-01 6.5117e-01 -6.6048e-01 -3.8631e-01 -6.6579e-01 -6.6825e-01 -3.8631e-01 -3.9647e-01 -3.9840e-01 -3.9840e-01 -3.9840e-01 -6.7145e-01 -3.9840e-01 -6.3554e-01 -6.3554e-01 -9.4207e-01 1.0000e+00 -9.8024e-01 -6.6686e-01 -6.6420e-01 -6.6686e-01 -6.6686e-01 -6.6686e-01 -6.6856e-01 -6.6686e-01 -6.6420e-01 -9.3203e-01 -8.2836e-01 -9.1608e-01 -9.1608e-01 -9.1410e-01 -9.1213e-01 -5.3654e-01 -9.1410e-01 -5.3828e-01 -9.1208e-01 -9.1410e-01 -9.1410e-01 -9.1410e-01 -9.0611e-01 -3.0507e-01 -3.0169e-01 -2.7806e-01 -2.5440e-01 -1.3022e-01 -1.3405e-01 -5.9097e-03 2.2002e-02 2.6297e-02 2.6297e-02 1.2244e-01 1.2244e-01 1.0673e-01
