1.0000e+00 9.9112e-01 7.2536e-01 6.6854e-01 6.6854e-01 -5.5357e-01 9.2489e-01 7.5125e-01 7.5125e-01 7.5125e-01 -3.7874e-01 -1.6310e-02 -1.1238e-02 9.3030e-02 -5.2696e-02 9.3248e-02 7.9994e-02 7.7937e-03 1.0472e-02 2.9874e-02 -2.5125e-03 9.2771e-03 -3.7274e-03 -3.7969e-02 -3.7969e-02 -3.7969e-02 -3.7969e-02 -3.7969e-02 -5.9122e-02 -6.9527e-02 -6.9527e-02
9.9112e-01 1.0000e+00 7.3271e-01 6.7560e-01 6.7560e-01 -5.6010e-01 9.3340e-01 7.5897e-01 7.5897e-01 7.5897e-01 -3.8524e-01 -1.6770e-02 -1.1692e-02 9.5278e-02 -5.3046e-02 8.6200e-02 7.8598e-02 6.2222e-03 7.7279e-04 2.2529e-02 -3.4752e-03 1.5502e-03 -4.2080e-03 -3.8182e-02 -3.8182e-02 -3.8182e-02 -3.8182e-02 -3.8182e-02 -6.0135e-02 -7.0514e-02 -7.0514e-02
7.2536e-01 7.3271e-01 1.0000e+00 9.2243e-01 9.2243e-01 -7.5910e-01 6.7137e-01 4.9438e-01 4.9438e-01 4.9438e-01 -5.4441e-01 -1.0785e-02 -3.5980e-03 3.4457e-02 -7.9998e-02 6.5379e-02 5.5342e-02 -2.2737e-02 -1.0073e-02 -7.7284e-03 -5.8504e-03 -3.5611e-03 3.2920e-02 1.2531e-02 1.2531e-02 1.2531e-02 1.2531e-02 1.2531e-02 -1.8224e-02 -2.5764e-02 -2.5764e-02
6.6854e-01 6.7560e-01 9.2243e-01 1.0000e+00 1.0000e+00 -8.2293e-01 7.1989e-01 4.3275e-01 4.3275e-01 4.3275e-01 -5.1266e-01 -2.5829e-02 -1.8400e-02 6.8039e-02 -8.0175e-02 3.7508e-02 2.4488e-02 -1.2296e-02 -7.5278e-03 -6.0916e-03 -6.1637e-03 -8.0669e-03 2.7505e-02 3.5159e-03 3.5159e-03 3.5159e-03 3.5159e-03 3.5159e-03 -2.5594e-02 -3.2589e-02 -3.2589e-02
6.6854e-01 6.7560e-01 9.2243e-01 1.0000e+00 1.0000e+00 -8.2293e-01 7.1989e-01 4.3275e-01 4.3275e-01 4.3275e-01 -5.1266e-01 -2.5829e-02 -1.8400e-02 6.8039e-02 -8.0175e-02 3.7508e-02 2.4488e-02 -1.2296e-02 -7.5278e-03 -6.0916e-03 -6.1637e-03 -8.0669e-03 2.7505e-02 3.5159e-03 3.5159e-03 3.5159e-03 3.5159e-03 3.5159e-03 -2.5594e-02 -3.2589e-02 -3.2589e-02
-5.5357e-01 -5.6010e-01 -7.5910e-01 -8.2293e-01 -8.2293e-01 1.0000e+00 -5.9641e-01 -2.9487e-01 -2.9487e-01 -2.9487e-01 6.3903e-01 4.2379e-02 5.4812e-02 -9.4253e-02 1.0057e-01 -2.8578e-02 -3.2051e-03 -2.2828e-03 5.6261e-03 -2.5639e-03 3.5706e-04 -9.0610e-03 -1.9573e-02 1.8262e-02 1.8262e-02 1.8262e-02 1.8262e-02 1.8262e-02 1.1765e-02 1.2197e-02 1.2197e-02
9.2489e-01 9.3340e-01 6.7137e-01 7.1989e-01 7.1989e-01 -5.9641e-01 1.0000e+00 6.9940e-01 6.9940e-01 6.9940e-01 -3.1285e-01 -2.6548e-02 -2.1364e-02 1.2442e-01 -4.7234e-02 6.0454e-02 5.4861e-02 1.4100e-02 9.5552e-03 2.6037e-02 3.3299e-03 1.1442e-02 -1.4414e-02 -4.2779e-02 -4.2779e-02 -4.2779e-02 -4.2779e-02 -4.2779e-02 -5.7021e-02 -6.6770e-02 -6.6770e-02
7.5125e-01 7.5897e-01 4.9438e-01 4.3275e-01 4.3275e-01 -2.9487e-01 6.9940e-01 1.0000e+00 1.0000e+00 1.0000e+00 -5.2265e-01 -4.1656e-02 -3.5804e-02 2.1601e-01 -8.1642e-02 2.1336e-01 5.7010e-02 -6.0011e-03 -5.2390e-02 -3.1234e-02 1.6217e-02 3.3191e-02 1.4518e-02 -1.7332e-02 -1.7332e-02 -1.7332e-02 -1.7332e-02 -1.7332e-02 -2.5945e-02 -3.4107e-02 -3.4107e-02
7.5125e-01 7.5897e-01 4.9438e-01 4.3275e-01 4.3275e-01 -2.9487e-01 6.9940e-01 1.0000e+00 1.0000e+00 1.0000e+00 -5.2265e-01 -4.1656e-02 -3.5804e-02 2.1601e-01 -8.1642e-02 2.1336e-01 5.7010e-02 -6.0011e-03 -5.2390e-02 -3.1234e-02 1.6217e-02 3.3191e-02 1.4518e-02 -1.7332e-02 -1.7332e-02 -1.7332e-02 -1.7332e-02 -1.7332e-02 -2.5945e-02 -3.4107e-02 -3.4107e-02
7.5125e-01 7.5897e-01 4.9438e-01 4.3275e-01 4.3275e-01 -2.9487e-01 6.9940e-01 1.0000e+00 1.0000e+00 1.0000e+00 -5.2265e-01 -4.1656e-02 -3.5804e-02 2.1601e-01 -8.1642e-02 2.1336e-01 5.7010e-02 -6.0011e-03 -5.2390e-02 -3.1234e-02 1.6217e-02 3.3191e-02 1.4518e-02 -1.7332e-02 -1.7332e-02 -1.7332e-02 -1.7332e-02 -1.7332e-02 -2.5945e-02 -3.4107e-02 -3.4107e-02
-3.7874e-01 -3.8524e-01 -5.4441e-01 -5.1266e-01 -5.1266e-01 6.3903e-01 -3.1285e-01 -5.2265e-01 -5.2265e-01 -5.2265e-01 1.0000e+00 -4.5140e-02 -3.6326e-02 -1.4292e-01 1.2394e-01 -1.5993e-01 -8.9099e-03 5.4624e-02 8.9211e-02 8.0117e-02 -1.2658e-04 -1.3383e-02 -6.5772e-02 -2.2084e-03 -2.2084e-03 -2.2084e-03 -2.2084e-03 -2.2084e-03 -2.3405e-02 -2.3816e-02 -2.3816e-02
-1.6310e-02 -1.6770e-02 -1.0785e-02 -2.5829e-02 -2.5829e-02 4.2379e-02 -2.6548e-02 -4.1656e-02 -4.1656e-02 -4.1656e-02 -4.5140e-02 1.0000e+00 9.7302e-01 -6.8541e-02 -7.0585e-03 -3.8469e-02 -3.7274e-03 -8.3759e-02 -1.1790e-01 -6.8541e-02 -5.2372e-03 -1.7726e-03 1.3019e-02 -2.2978e-02 -2.2978e-02 -2.2978e-02 -2.2978e-02 -2.2978e-02 -5.1406e-02 -5.0583e-02 -5.0583e-02
-1.1238e-02 -1.1692e-02 -3.5980e-03 -1.8400e-02 -1.8400e-02 5.4812e-02 -2.1364e-02 -3.5804e-02 -3.5804e-02 -3.5804e-02 -3.6326e-02 9.7302e-01 1.0000e+00 -8.0775e-02 -5.3248e-03 -3.2667e-02 1.6677e-03 -7.9117e-02 -1.2712e-01 -5.9650e-02 -3.1862e-02 -2.6288e-02 1.5474e-02 -2.2358e-02 -2.2358e-02 -2.2358e-02 -2.2358e-02 -2.2358e-02 -4.7876e-02 -4.7065e-02 -4.7065e-02
9.3030e-02 9.5278e-02 3.4457e-02 6.8039e-02 6.8039e-02 -9.4253e-02 1.2442e-01 2.1601e-01 2.1601e-01 2.1601e-01 -1.4292e-01 -6.8541e-02 -8.0775e-02 1.0000e+00 -1.8270e-01 5.0635e-01 4.0395e-01 -5.7568e-02 1.8329e-02 5.9013e-03 5.4618e-02 7.8529e-02 1.3852e-02 7.8918e-03 7.8918e-03 7.8918e-03 7.8918e-03 7.8918e-03 4.2177e-03 -9.8983e-04 -9.8983e-04
-5.2696e-02 -5.3046e-02 -7.9998e-02 -8.0175e-02 -8.0175e-02 1.0057e-01 -4.7234e-02 -8.1642e-02 -8.1642e-02 -8.1642e-02 1.2394e-01 -7.0585e-03 -5.3248e-03 -1.8270e-01 1.0000e+00 -1.1647e-01 -9.4219e-02 -6.6656e-02 -2.3261e-02 9.8875e-03 -2.2880e-02 -1.5970e-02 -3.6401e-02 -2.0739e-02 -2.0739e-02 -2.0739e-02 -2.0739e-02 -2.0739e-02 6.4761e-03 7.4605e-03 7.4605e-03
9.3248e-02 8.6200e-02 6.5379e-02 3.7508e-02 3.7508e-02 -2.8578e-02 6.0454e-02 2.1336e-01 2.1336e-01 2.1336e-01 -1.5993e-01 -3.8469e-02 -3.2667e-02 5.0635e-01 -1.1647e-01 1.0000e+00 4.3507e-01 9.9939e-03 3.2031e-02 1.6747e-02 4.2564e-03 3.4991e-02 6.8205e-03 2.3238e-02 2.3238e-02 2.3238e-02 2.3238e-02 2.3238e-02 -8.2533e-04 -3.2358e-03 -3.2358e-03
7.9994e-02 7.8598e-02 5.5342e-02 2.4488e-02 2.4488e-02 -3.2051e-03 5.4861e-02 5.7010e-02 5.7010e-02 5.7010e-02 -8.9099e-03 -3.7274e-03 1.6677e-03 4.0395e-01 -9.4219e-02 4.3507e-01 1.0000e+00 1.3135e-02 1.2728e-01 5.4164e-02 7.5152e-02 8.9386e-02 8.8556e-03 2.6553e-02 2.6553e-02 2.6553e-02 2.6553e-02 2.6553e-02 2.4179e-02 2.7028e-02 2.7028e-02
7.7937e-03 6.2222e-03 -2.2737e-02 -1.2296e-02 -1.2296e-02 -2.2828e-03 1.4100e-02 -6.0011e-03 -6.0011e-03 -6.0011e-03 5.4624e-02 -8.3759e-02 -7.9117e-02 -5.7568e-02 -6.6656e-02 9.9939e-03 1.3135e-02 1.0000e+00 2.7729e-01 3.5335e-01 -7.1981e-02 -9.7163e-02 -7.2436e-02 3.8859e-03 3.8859e-03 3.8859e-03 3.8859e-03 3.8859e-03 -8.7313e-02 -8.4326e-02 -8.4326e-02
1.0472e-02 7.7279e-04 -1.0073e-02 -7.5278e-03 -7.5278e-03 5.6261e-03 9.5552e-03 -5.2390e-02 -5.2390e-02 -5.2390e-02 8.9211e-02 -1.1790e-01 -1.2712e-01 1.8329e-02 -2.3261e-02 3.2031e-02 1.2728e-01 2.7729e-01 1.0000e+00 5.7833e-01 2.3417e-01 2.4725e-01 1.0615e-01 6.7318e-03 6.7318e-03 6.7318e-03 6.7318e-03 6.7318e-03 1.7299e-02 1.4284e-02 1.4284e-02
2.9874e-02 2.2529e-02 -7.7284e-03 -6.0916e-03 -6.0916e-03 -2.5639e-03 2.6037e-02 -3.1234e-02 -3.1234e-02 -3.1234e-02 8.0117e-02 -6.8541e-02 -5.9650e-02 5.9013e-03 9.8875e-03 1.6747e-02 5.4164e-02 3.5335e-01 5.7833e-01 1.0000e+00 -4.0191e-01 -3.4221e-01 -1.5093e-01 -9.7116e-03 -9.7116e-03 -9.7116e-03 -9.7116e-03 -9.7116e-03 -3.2496e-02 -2.2064e-02 -2.2064e-02
-2.5125e-03 -3.4752e-03 -5.8504e-03 -6.1637e-03 -6.1637e-03 3.5706e-04 3.3299e-03 1.6217e-02 1.6217e-02 1.6217e-02 -1.2658e-04 -5.2372e-03 -3.1862e-02 5.4618e-02 -2.2880e-02 4.2564e-03 7.5152e-02 -7.1981e-02 2.3417e-01 -4.0191e-01 1.0000e+00 8.9992e-01 3.9889e-01 -2.0039e-02 -2.0039e-02 -2.0039e-02 -2.0039e-02 -2.0039e-02 2.2821e-02 9.7119e-03 9.7119e-03
9.2771e-03 1.5502e-03 -3.5611e-03 -8.0669e-03 -8.0669e-03 -9.0610e-03 1.1442e-02 3.3191e-02 3.3191e-02 3.3191e-02 -1.3383e-02 -1.7726e-03 -2.6288e-02 7.8529e-02 -1.5970e-02 3.4991e-02 8.9386e-02 -9.7163e-02 2.4725e-01 -3.4221e-01 8.9992e-01 1.0000e+00 3.8034e-01 -1.0099e-03 -1.0099e-03 -1.0099e-03 -1.0099e-03 -1.0099e-03 4.6953e-02 3.4961e-02 3.4961e-02
-3.7274e-03 -4.2080e-03 3.2920e-02 2.7505e-02 2.7505e-02 -1.9573e-02 -1.4414e-02 1.4518e-02 1.4518e-02 1.4518e-02 -6.5772e-02 1.3019e-02 1.5474e-02 1.3852e-02 -3.6401e-02 6.8205e-03 8.8556e-03 -7.2436e-02 1.0615e-01 -1.5093e-01 3.9889e-01 3.8034e-01 1.0000e+00 -2.2978e-02 -2.2978e-02 -2.2978e-02 -2.2978e-02 -2.2978e-02 3.0099e-02 3.1294e-02 3.1294e-02
-3.7969e-02 -3.8182e-02 1.2531e-02 3.5159e-03 3.5159e-03 1.8262e-02 -4.2779e-02 -1.7332e-02 -1.7332e-02 -1.7332e-02 -2.2084e-03 -2.2978e-02 -2.2358e-02 7.8918e-03 -2.0739e-02 2.3238e-02 2.6553e-02 3.8859e-03 6.7318e-03 -9.7116e-03 -2.0039e-02 -1.0099e-03 -2.2978e-02 1.0000e+00 1.0000e+00 1.0000e+00 1.0000e+00 1.0000e+00 6.3585e-02 6.4478e-02 6.4478e-02
-3.7969e-02 -3.8182e-02 1.2531e-02 3.5159e-03 3.5159e-03 1.8262e-02 -4.2779e-02 -1.7332e-02 -1.7332e-02 -1.7332e-02 -2.2084e-03 -2.2978e-02 -2.2358e-02 7.8918e-03 -2.0739e-02 2.3238e-02 2.6553e-02 3.8859e-03 6.7318e-03 -9.7116e-03 -2.0039e-02 -1.0099e-03 -2.2978e-02 1.0000e+00 1.0000e+00 1.0000e+00 1.0000e+00 1.0000e+00 6.3585e-02 6.4478e-02 6.4478e-02
-3.7969e-02 -3.8182e-02 1.2531e-02 3.5159e-03 3.5159e-03 1.8262e-02 -4.2779e-02 -1.7332e-02 -1.7332e-02 -1.7332e-02 -2.2084e-03 -2.2978e-02 -2.2358e-02 7.8918e-03 -2.0739e-02 2.3238e-02 2.6553e-02 3.8859e-03 6.7318e-03 -9.7116e-03 -2.0039e-02 -1.0099e-03 -2.2978e-02 1.0000e+00 1.0000e+00 1.0000e+00 1.0000e+00 1.0000e+00 6.3585e-02 6.4478e-02 6.4478e-02
-3.7969e-02 -3.8182e-02 1.2531e-02 3.5159e-03 3.5159e-03 1.8262e-02 -4.2779e-02 -1.7332e-02 -1.7332e-02 -1.7332e-02 -2.2084e-03 -2.2978e-02 -2.2358e-02 7.8918e-03 -2.0739e-02 2.3238e-02 2.6553e-02 3.8859e-03 6.7318e-03 -9.7116e-03 -2.0039e-02 -1.0099e-03 -2.2978e-02 1.0000e+00 1.0000e+00 1.0000e+00 1.0000e+00 1.0000e+00 6.3585e-02 6.4478e-02 6.4478e-02
-3.7969e-02 -3.8182e-02 1.2531e-02 3.5159e-03 3.5159e-03 1.8262e-02 -4.2779e-02 -1.7332e-02 -1.7332e-02 -1.7332e-02 -2.2084e-03 -2.2978e-02 -2.2358e-02 7.8918e-03 -2.0739e-02 2.3238e-02 2.6553e-02 3.8859e-03 6.7318e-03 -9.7116e-03 -2.0039e-02 -1.0099e-03 -2.2978e-02 1.0000e+00 1.0000e+00 1.0000e+00 1.0000e+00 1.0000e+00 6.3585e-02 6.4478e-02 6.4478e-02
-5.9122e-02 -6.0135e-02 -1.8224e-02 -2.5594e-02 -2.5594e-02 1.1765e-02 -5.7021e-02 -2.5945e-02 -2.5945e-02 -2.5945e-02 -2.3405e-02 -5.1406e-02 -4.7876e-02 4.2177e-03 6.4761e-03 -8.2533e-04 2.4179e-02 -8.7313e-02 1.7299e-02 -3.2496e-02 2.2821e-02 4.6953e-02 3.0099e-02 6.3585e-02 6.3585e-02 6.3585e-02 6.3585e-02 6.3585e-02 1.0000e+00 9.7223e-01 9.7223e-01
-6.9527e-02 -7.0514e-02 -2.5764e-02 -3.2589e-02 -3.2589e-02 1.2197e-02 -6.6770e-02 -3.4107e-02 -3.4107e-02 -3.4107e-02 -2.3816e-02 -5.0583e-02 -4.7065e-02 -9.8983e-04 7.4605e-03 -3.2358e-03 2.7028e-02 -8.4326e-02 1.4284e-02 -2.2064e-02 9.7119e-03 3.4961e-02 3.1294e-02 6.4478e-02 6.4478e-02 6.4478e-02 6.4478e-02 6.4478e-02 9.7223e-01 1.0000e+00 1.0000e+00
-6.9527e-02 -7.0514e-02 -2.5764e-02 -3.2589e-02 -3.2589e-02 1.2197e-02 -6.6770e-02 -3.4107e-02 -3.4107e-02 -3.4107e-02 -2.3816e-02 -5.0583e-02 -4.7065e-02 -9.8983e-04 7.4605e-03 -3.2358e-03 2.7028e-02 -8.4326e-02 1.4284e-02 -2.2064e-02 9.7119e-03 3.4961e-02 3.1294e-02 6.4478e-02 6.4478e-02 6.4478e-02 6.4478e-02 6.4478e-02 9.7223e-01 1.0000e+00 1.0000e+00
