1.0000e+00 1.0000e+00 1.0000e+00 1.0000e+00 1.0000e+00 1.0000e+00 1.0000e+00 1.0000e+00 1.0000e+00 1.0000e+00 1.0000e+00 1.0000e+00 1.0000e+00 1.0000e+00 4.1661e-01 4.1661e-01 8.3500e-01 8.3500e-01 8.3500e-01 8.3500e-01 8.3500e-01 8.3500e-01 6.5191e-01 6.3801e-01 6.3584e-02 6.3584e-02 5.3402e-02 2.7814e-02 1.2550e-01 2.8331e-02 1.2550e-01 1.2769e-01 1.4059e-01 1.3874e-01 1.0224e-01 1.0224e-01 1.3874e-01 -3.5959e-02 1.0651e-01 1.1823e-01 2.5466e-02 1.0651e-01 1.2912e-01 1.0651e-01 2.2315e-02 2.2315e-02 1.0651e-01 1.0651e-01 1.0382e-01 1.0651e-01 2.3094e-02 9.7649e-02 2.3094e-02 9.3737e-02 6.2950e-02 -9.8476e-03 5.2564e-02 4.9183e-02 -1.6996e-02
1.0000e+00 1.0000e+00 1.0000e+00 1.0000e+00 1.0000e+00 1.0000e+00 1.0000e+00 1.0000e+00 1.0000e+00 1.0000e+00 1.0000e+00 1.0000e+00 1.0000e+00 1.0000e+00 4.1661e-01 4.1661e-01 8.3500e-01 8.3500e-01 8.3500e-01 8.3500e-01 8.3500e-01 8.3500e-01 6.5191e-01 6.3801e-01 6.3584e-02 6.3584e-02 5.3402e-02 2.7814e-02 1.2550e-01 2.8331e-02 1.2550e-01 1.2769e-01 1.4059e-01 1.3874e-01 1.0224e-01 1.0224e-01 1.3874e-01 -3.5959e-02 1.0651e-01 1.1823e-01 2.5466e-02 1.0651e-01 1.2912e-01 1.0651e-01 2.2315e-02 2.2315e-02 1.0651e-01 1.0651e-01 1.0382e-01 1.0651e-01 2.3094e-02 9.7649e-02 2.3094e-02 9.3737e-02 6.2950e-02 -9.8476e-03 5.2564e-02 4.9183e-02 -1.6996e-02
1.0000e+00 1.0000e+00 1.0000e+00 1.0000e+00 1.0000e+00 1.0000e+00 1.0000e+00 1.0000e+00 1.0000e+00 1.0000e+00 1.0000e+00 1.0000e+00 1.0000e+00 1.0000e+00 4.1661e-01 4.1661e-01 8.3500e-01 8.3500e-01 8.3500e-01 8.3500e-01 8.3500e-01 8.3500e-01 6.5191e-01 6.3801e-01 6.3584e-02 6.3584e-02 5.3402e-02 2.7814e-02 1.2550e-01 2.8331e-02 1.2550e-01 1.2769e-01 1.4059e-01 1.3874e-01 1.0224e-01 1.0224e-01 1.3874e-01 -3.5959e-02 1.0651e-01 1.1823e-01 2.5466e-02 1.0651e-01 1.2912e-01 1.0651e-01 2.2315e-02 2.2315e-02 1.0651e-01 1.0651e-01 1.0382e-01 1.0651e-01 2.3094e-02 9.7649e-02 2.3094e-02 9.3737e-02 6.2950e-02 -9.8476e-03 5.2564e-02 4.9183e-02 -1.6996e-02
1.0000e+00 1.0000e+00 1.0000e+00 1.0000e+00 1.0000e+00 1.0000e+00 1.0000e+00 1.0000e+00 1.0000e+00 1.0000e+00 1.0000e+00 1.0000e+00 1.0000e+00 1.0000e+00 4.1661e-01 4.1661e-01 8.3500e-01 8.3500e-01 8.3500e-01 8.3500e-01 8.3500e-01 8.3500e-01 6.5191e-01 6.3801e-01 6.3584e-02 6.3584e-02 5.3402e-02 2.7814e-02 1.2550e-01 2.8331e-02 1.2550e-01 1.2769e-01 1.4059e-01 1.3874e-01 1.0224e-01 1.0224e-01 1.3874e-01 -3.5959e-02 1.0651e-01 1.1823e-01 2.5466e-02 1.0651e-01 1.2912e-01 1.0651e-01 2.2315e-02 2.2315e-02 1.0651e-01 1.0651e-01 1.0382e-01 1.0651e-01 2.3094e-02 9.7649e-02 2.3094e-02 9.3737e-02 6.2950e-02 -9.8476e-03 5.2564e-02 4.9183e-02 -1.6996e-02
1.0000e+00 1.0000e+00 1.0000e+00 1.0000e+00 1.0000e+00 1.0000e+00 1.0000e+00 1.0000e+00 1.0000e+00 1.0000e+00 1.0000e+00 1.0000e+00 1.0000e+00 1.0000e+00 4.1661e-01 4.1661e-01 8.3500e-01 8.3500e-01 8.3500e-01 8.3500e-01 8.3500e-01 8.3500e-01 6.5191e-01 6.3801e-01 6.3584e-02 6.3584e-02 5.3402e-02 2.7814e-02 1.2550e-01 2.8331e-02 1.2550e-01 1.2769e-01 1.4059e-01 1.3874e-01 1.0224e-01 1.0224e-01 1.3874e-01 -3.5959e-02 1.0651e-01 1.1823e-01 2.5466e-02 1.0651e-01 1.2912e-01 1.0651e-01 2.2315e-02 2.2315e-02 1.0651e-01 1.0651e-01 1.0382e-01 1.0651e-01 2.3094e-02 9.7649e-02 2.3094e-02 9.3737e-02 6.2950e-02 -9.8476e-03 5.2564e-02 4.9183e-02 -1.6996e-02
1.0000e+00 1.0000e+00 1.0000e+00 1.0000e+00 1.0000e+00 1.0000e+00 1.0000e+00 1.0000e+00 1.0000e+00 1.0000e+00 1.0000e+00 1.0000e+00 1.0000e+00 1.0000e+00 4.1661e-01 4.1661e-01 8.3500e-01 8.3500e-01 8.3500e-01 8.3500e-01 8.3500e-01 8.3500e-01 6.5191e-01 6.3801e-01 6.3584e-02 6.3584e-02 5.3402e-02 2.7814e-02 1.2550e-01 2.8331e-02 1.2550e-01 1.2769e-01 1.4059e-01 1.3874e-01 1.0224e-01 1.0224e-01 1.3874e-01 -3.5959e-02 1.0651e-01 1.1823e-01 2.5466e-02 1.0651e-01 1.2912e-01 1.0651e-01 2.2315e-02 2.2315e-02 1.0651e-01 1.0651e-01 1.0382e-01 1.0651e-01 2.3094e-02 9.7649e-02 2.3094e-02 9.3737e-02 6.2950e-02 -9.8476e-03 5.2564e-02 4.9183e-02 -1.6996e-02
1.0000e+00 1.0000e+00 1.0000e+00 1.0000e+00 1.0000e+00 1.0000e+00 1.0000e+00 1.0000e+00 1.0000e+00 1.0000e+00 1.0000e+00 1.0000e+00 1.0000e+00 1.0000e+00 4.1661e-01 4.1661e-01 8.3500e-01 8.3500e-01 8.3500e-01 8.3500e-01 8.3500e-01 8.3500e-01 6.5191e-01 6.3801e-01 6.3584e-02 6.3584e-02 5.3402e-02 2.7814e-02 1.2550e-01 2.8331e-02 1.2550e-01 1.2769e-01 1.4059e-01 1.3874e-01 1.0224e-01 1.0224e-01 1.3874e-01 -3.5959e-02 1.0651e-01 1.1823e-01 2.5466e-02 1.0651e-01 1.2912e-01 1.0651e-01 2.2315e-02 2.2315e-02 1.0651e-01 1.0651e-01 1.0382e-01 1.0651e-01 2.3094e-02 9.7649e-02 2.3094e-02 9.3737e-02 6.2950e-02 -9.8476e-03 5.2564e-02 4.9183e-02 -1.6996e-02
1.0000e+00 1.0000e+00 1.0000e+00 1.0000e+00 1.0000e+00 1.0000e+00 1.0000e+00 1.0000e+00 1.0000e+00 1.0000e+00 1.0000e+00 1.0000e+00 1.0000e+00 1.0000e+00 4.1661e-01 4.1661e-01 8.3500e-01 8.3500e-01 8.3500e-01 8.3500e-01 8.3500e-01 8.3500e-01 6.5191e-01 6.3801e-01 6.3584e-02 6.3584e-02 5.3402e-02 2.7814e-02 1.2550e-01 2.8331e-02 1.2550e-01 1.2769e-01 1.4059e-01 1.3874e-01 1.0224e-01 1.0224e-01 1.3874e-01 -3.5959e-02 1.0651e-01 1.1823e-01 2.5466e-02 1.0651e-01 1.2912e-01 1.0651e-01 2.2315e-02 2.2315e-02 1.0651e-01 1.0651e-01 1.0382e-01 1.0651e-01 2.3094e-02 9.7649e-02 2.3094e-02 9.3737e-02 6.2950e-02 -9.8476e-03 5.2564e-02 4.9183e-02 -1.6996e-02
1.0000e+00 1.0000e+00 1.0000e+00 1.0000e+00 1.0000e+00 1.0000e+00 1.0000e+00 1.0000e+00 1.0000e+00 1.0000e+00 1.0000e+00 1.0000e+00 1.0000e+00 1.0000e+00 4.1661e-01 4.1661e-01 8.3500e-01 8.3500e-01 8.3500e-01 8.3500e-01 8.3500e-01 8.3500e-01 6.5191e-01 6.3801e-01 6.3584e-02 6.3584e-02 5.3402e-02 2.7814e-02 1.2550e-01 2.8331e-02 1.2550e-01 1.2769e-01 1.4059e-01 1.3874e-01 1.0224e-01 1.0224e-01 1.3874e-01 -3.5959e-02 1.0651e-01 1.1823e-01 2.5466e-02 1.0651e-01 1.2912e-01 1.0651e-01 2.2315e-02 2.2315e-02 1.0651e-01 1.0651e-01 1.0382e-01 1.0651e-01 2.3094e-02 9.7649e-02 2.3094e-02 9.3737e-02 6.2950e-02 -9.8476e-03 5.2564e-02 4.9183e-02 -1.6996e-02
1.0000e+00 1.0000e+00 1.0000e+00 1.0000e+00 1.0000e+00 1.0000e+00 1.0000e+00 1.0000e+00 1.0000e+00 1.0000e+00 1.0000e+00 1.0000e+00 1.0000e+00 1.0000e+00 4.1661e-01 4.1661e-01 8.3500e-01 8.3500e-01 8.3500e-01 8.3500e-01 8.3500e-01 8.3500e-01 6.5191e-01 6.3801e-01 6.3584e-02 6.3584e-02 5.3402e-02 2.7814e-02 1.2550e-01 2.8331e-02 1.2550e-01 1.2769e-01 1.4059e-01 1.3874e-01 1.0224e-01 1.0224e-01 1.3874e-01 -3.5959e-02 1.0651e-01 1.1823e-01 2.5466e-02 1.0651e-01 1.2912e-01 1.0651e-01 2.2315e-02 2.2315e-02 1.0651e-01 1.0651e-01 1.0382e-01 1.0651e-01 2.3094e-02 9.7649e-02 2.3094e-02 9.3737e-02 6.2950e-02 -9.8476e-03 5.2564e-02 4.9183e-02 -1.6996e-02
1.0000e+00 1.0000e+00 1.0000e+00 1.0000e+00 1.0000e+00 1.0000e+00 1.0000e+00 1.0000e+00 1.0000e+00 1.0000e+00 1.0000e+00 1.0000e+00 1.0000e+00 1.0000e+00 4.1661e-01 4.1661e-01 8.3500e-01 8.3500e-01 8.3500e-01 8.3500e-01 8.3500e-01 8.3500e-01 6.5191e-01 6.3801e-01 6.3584e-02 6.3584e-02 5.3402e-02 2.7814e-02 1.2550e-01 2.8331e-02 1.2550e-01 1.2769e-01 1.4059e-01 1.3874e-01 1.0224e-01 1.0224e-01 1.3874e-01 -3.5959e-02 1.0651e-01 1.1823e-01 2.5466e-02 1.0651e-01 1.2912e-01 1.0651e-01 2.2315e-02 2.2315e-02 1.0651e-01 1.0651e-01 1.0382e-01 1.0651e-01 2.3094e-02 9.7649e-02 2.3094e-02 9.3737e-02 6.2950e-02 -9.8476e-03 5.2564e-02 4.9183e-02 -1.6996e-02
1.0000e+00 1.0000e+00 1.0000e+00 1.0000e+00 1.0000e+00 1.0000e+00 1.0000e+00 1.0000e+00 1.0000e+00 1.0000e+00 1.0000e+00 1.0000e+00 1.0000e+00 1.0000e+00 4.1661e-01 4.1661e-01 8.3500e-01 8.3500e-01 8.3500e-01 8.3500e-01 8.3500e-01 8.3500e-01 6.5191e-01 6.3801e-01 6.3584e-02 6.3584e-02 5.3402e-02 2.7814e-02 1.2550e-01 2.8331e-02 1.2550e-01 1.2769e-01 1.4059e-01 1.3874e-01 1.0224e-01 1.0224e-01 1.3874e-01 -3.5959e-02 1.0651e-01 1.1823e-01 2.5466e-02 1.0651e-01 1.2912e-01 1.0651e-01 2.2315e-02 2.2315e-02 1.0651e-01 1.0651e-01 1.0382e-01 1.0651e-01 2.3094e-02 9.7649e-02 2.3094e-02 9.3737e-02 6.2950e-02 -9.8476e-03 5.2564e-02 4.9183e-02 -1.6996e-02
1.0000e+00 1.0000e+00 1.0000e+00 1.0000e+00 1.0000e+00 1.0000e+00 1.0000e+00 1.0000e+00 1.0000e+00 1.0000e+00 1.0000e+00 1.0000e+00 1.0000e+00 1.0000e+00 4.1661e-01 4.1661e-01 8.3500e-01 8.3500e-01 8.3500e-01 8.3500e-01 8.3500e-01 8.3500e-01 6.5191e-01 6.3801e-01 6.3584e-02 6.3584e-02 5.3402e-02 2.7814e-02 1.2550e-01 2.8331e-02 1.2550e-01 1.2769e-01 1.4059e-01 1.3874e-01 1.0224e-01 1.0224e-01 1.3874e-01 -3.5959e-02 1.0651e-01 1.1823e-01 2.5466e-02 1.0651e-01 1.2912e-01 1.0651e-01 2.2315e-02 2.2315e-02 1.0651e-01 1.0651e-01 1.0382e-01 1.0651e-01 2.3094e-02 9.7649e-02 2.3094e-02 9.3737e-02 6.2950e-02 -9.8476e-03 5.2564e-02 4.9183e-02 -1.6996e-02
1.0000e+00 1.0000e+00 1.0000e+00 1.0000e+00 1.0000e+00 1.0000e+00 1.0000e+00 1.0000e+00 1.0000e+00 1.0000e+00 1.0000e+00 1.0000e+00 1.0000e+00 1.0000e+00 4.1661e-01 4.1661e-01 8.3500e-01 8.3500e-01 8.3500e-01 8.3500e-01 8.3500e-01 8.3500e-01 6.5191e-01 6.3801e-01 6.3584e-02 6.3584e-02 5.3402e-02 2.7814e-02 1.2550e-01 2.8331e-02 1.2550e-01 1.2769e-01 1.4059e-01 1.3874e-01 1.0224e-01 1.0224e-01 1.3874e-01 -3.5959e-02 1.0651e-01 1.1823e-01 2.5466e-02 1.0651e-01 1.2912e-01 1.0651e-01 2.2315e-02 2.2315e-02 1.0651e-01 1.0651e-01 1.0382e-01 1.0651e-01 2.3094e-02 9.7649e-02 2.3094e-02 9.3737e-02 6.2950e-02 -9.8476e-03 5.2564e-02 4.9183e-02 -1.6996e-02
4.1661e-01 4.1661e-01 4.1661e-01 4.1661e-01 4.1661e-01 4.1661e-01 4.1661e-01 4.1661e-01 4.1661e-01 4.1661e-01 4.1661e-01 4.1661e-01 4.1661e-01 4.1661e-01 1.0000e+00 1.0000e+00 5.3305e-01 5.3305e-01 5.3305e-01 5.3305e-01 5.3305e-01 5.3305e-01 6.2670e-01 6.3774e-01 -5.5415e-02 -5.5415e-02 -5.5244e-02 -7.3671e-02 1.9158e-01 -6.1838e-02 1.9158e-01 7.1453e-02 1.7519e-01 -1.6807e-02 1.2312e-01 1.2312e-01 -1.6807e-02 -1.6429e-02 1.2091e-01 1.3112e-01 -4.2140e-02 9.3210e-02 1.2768e-01 9.3210e-02 -4.2886e-02 -4.2886e-02 9.3210e-02 9.3210e-02 9.2072e-02 9.3210e-02 -4.2700e-02 9.3210e-02 -4.2700e-02 1.0289e-01 2.4501e-02 -2.8877e-02 4.4145e-02 4.2781e-02 -7.7654e-03
4.1661e-01 4.1661e-01 4.1661e-01 4.1661e-01 4.1661e-01 4.1661e-01 4.1661e-01 4.1661e-01 4.1661e-01 4.1661e-01 4.1661e-01 4.1661e-01 4.1661e-01 4.1661e-01 1.0000e+00 1.0000e+00 5.3305e-01 5.3305e-01 5.3305e-01 5.3305e-01 5.3305e-01 5.3305e-01 6.2670e-01 6.3774e-01 -5.5415e-02 -5.5415e-02 -5.5244e-02 -7.3671e-02 1.9158e-01 -6.1838e-02 1.9158e-01 7.1453e-02 1.7519e-01 -1.6807e-02 1.2312e-01 1.2312e-01 -1.6807e-02 -1.6429e-02 1.2091e-01 1.3112e-01 -4.2140e-02 9.3210e-02 1.2768e-01 9.3210e-02 -4.2886e-02 -4.2886e-02 9.3210e-02 9.3210e-02 9.2072e-02 9.3210e-02 -4.2700e-02 9.3210e-02 -4.2700e-02 1.0289e-01 2.4501e-02 -2.8877e-02 4.4145e-02 4.2781e-02 -7.7654e-03
8.3500e-01 8.3500e-01 8.3500e-01 8.3500e-01 8.3500e-01 8.3500e-01 8.3500e-01 8.3500e-01 8.3500e-01 8.3500e-01 8.3500e-01 8.3500e-01 8.3500e-01 8.3500e-01 5.3305e-01 5.3305e-01 1.0000e+00 1.0000e+00 1.0000e+00 1.0000e+00 1.0000e+00 1.0000e+00 7.9145e-01 7.7575e-01 5.8591e-02 5.8591e-02 4.6682e-02 3.0900e-03 1.6136e-01 3.6900e-02 1.6136e-01 1.1205e-01 1.8346e-01 1.7029e-01 1.1965e-01 1.1965e-01 1.7029e-01 -3.0821e-02 1.1572e-01 1.3364e-01 1.1165e-02 9.3331e-02 1.3785e-01 9.3331e-02 8.6016e-03 8.6016e-03 9.3331e-02 9.3331e-02 9.1028e-02 9.3331e-02 9.2361e-03 9.3331e-02 9.2361e-03 1.1240e-01 9.5141e-03 -3.3724e-02 6.4656e-02 6.1933e-02 -1.4568e-02
8.3500e-01 8.3500e-01 8.3500e-01 8.3500e-01 8.3500e-01 8.3500e-01 8.3500e-01 8.3500e-01 8.3500e-01 8.3500e-01 8.3500e-01 8.3500e-01 8.3500e-01 8.3500e-01 5.3305e-01 5.3305e-01 1.0000e+00 1.0000e+00 1.0000e+00 1.0000e+00 1.0000e+00 1.0000e+00 7.9145e-01 7.7575e-01 5.8591e-02 5.8591e-02 4.6682e-02 3.0900e-03 1.6136e-01 3.6900e-02 1.6136e-01 1.1205e-01 1.8346e-01 1.7029e-01 1.1965e-01 1.1965e-01 1.7029e-01 -3.0821e-02 1.1572e-01 1.3364e-01 1.1165e-02 9.3331e-02 1.3785e-01 9.3331e-02 8.6016e-03 8.6016e-03 9.3331e-02 9.3331e-02 9.1028e-02 9.3331e-02 9.2361e-03 9.3331e-02 9.2361e-03 1.1240e-01 9.5141e-03 -3.3724e-02 6.4656e-02 6.1933e-02 -1.4568e-02
8.3500e-01 8.3500e-01 8.3500e-01 8.3500e-01 8.3500e-01 8.3500e-01 8.3500e-01 8.3500e-01 8.3500e-01 8.3500e-01 8.3500e-01 8.3500e-01 8.3500e-01 8.3500e-01 5.3305e-01 5.3305e-01 1.0000e+00 1.0000e+00 1.0000e+00 1.0000e+00 1.0000e+00 1.0000e+00 7.9145e-01 7.7575e-01 5.8591e-02 5.8591e-02 4.6682e-02 3.0900e-03 1.6136e-01 3.6900e-02 1.6136e-01 1.1205e-01 1.8346e-01 1.7029e-01 1.1965e-01 1.1965e-01 1.7029e-01 -3.0821e-02 1.1572e-01 1.3364e-01 1.1165e-02 9.3331e-02 1.3785e-01 9.3331e-02 8.6016e-03 8.6016e-03 9.3331e-02 9.3331e-02 9.1028e-02 9.3331e-02 9.2361e-03 9.3331e-02 9.2361e-03 1.1240e-01 9.5141e-03 -3.3724e-02 6.4656e-02 6.1933e-02 -1.4568e-02
8.3500e-01 8.3500e-01 8.3500e-01 8.3500e-01 8.3500e-01 8.3500e-01 8.3500e-01 8.3500e-01 8.3500e-01 8.3500e-01 8.3500e-01 8.3500e-01 8.3500e-01 8.3500e-01 5.3305e-01 5.3305e-01 1.0000e+00 1.0000e+00 1.0000e+00 1.0000e+00 1.0000e+00 1.0000e+00 7.9145e-01 7.7575e-01 5.8591e-02 5.8591e-02 4.6682e-02 3.0900e-03 1.6136e-01 3.6900e-02 1.6136e-01 1.1205e-01 1.8346e-01 1.7029e-01 1.1965e-01 1.1965e-01 1.7029e-01 -3.0821e-02 1.1572e-01 1.3364e-01 1.1165e-02 9.3331e-02 1.3785e-01 9.3331e-02 8.6016e-03 8.6016e-03 9.3331e-02 9.3331e-02 9.1028e-02 9.3331e-02 9.2361e-03 9.3331e-02 9.2361e-03 1.1240e-01 9.5141e-03 -3.3724e-02 6.4656e-02 6.1933e-02 -1.4568e-02
8.3500e-01 8.3500e-01 8.3500e-01 8.3500e-01 8.3500e-01 8.3500e-01 8.3500e-01 8.3500e-01 8.3500e-01 8.3500e-01 8.3500e-01 8.3500e-01 8.3500e-01 8.3500e-01 5.3305e-01 5.3305e-01 1.0000e+00 1.0000e+00 1.0000e+00 1.0000e+00 1.0000e+00 1.0000e+00 7.9145e-01 7.7575e-01 5.8591e-02 5.8591e-02 4.6682e-02 3.0900e-03 1.6136e-01 3.6900e-02 1.6136e-01 1.1205e-01 1.8346e-01 1.7029e-01 1.1965e-01 1.1965e-01 1.7029e-01 -3.0821e-02 1.1572e-01 1.3364e-01 1.1165e-02 9.3331e-02 1.3785e-01 9.3331e-02 8.6016e-03 8.6016e-03 9.3331e-02 9.3331e-02 9.1028e-02 9.3331e-02 9.2361e-03 9.3331e-02 9.2361e-03 1.1240e-01 9.5141e-03 -3.3724e-02 6.4656e-02 6.1933e-02 -1.4568e-02
8.3500e-01 8.3500e-01 8.3500e-01 8.3500e-01 8.3500e-01 8.3500e-01 8.3500e-01 8.3500e-01 8.3500e-01 8.3500e-01 8.3500e-01 8.3500e-01 8.3500e-01 8.3500e-01 5.3305e-01 5.3305e-01 1.0000e+00 1.0000e+00 1.0000e+00 1.0000e+00 1.0000e+00 1.0000e+00 7.9145e-01 7.7575e-01 5.8591e-02 5.8591e-02 4.6682e-02 3.0900e-03 1.6136e-01 3.6900e-02 1.6136e-01 1.1205e-01 1.8346e-01 1.7029e-01 1.1965e-01 1.1965e-01 1.7029e-01 -3.0821e-02 1.1572e-01 1.3364e-01 1.1165e-02 9.3331e-02 1.3785e-01 9.3331e-02 8.6016e-03 8.6016e-03 9.3331e-02 9.3331e-02 9.1028e-02 9.3331e-02 9.2361e-03 9.3331e-02 9.2361e-03 1.1240e-01 9.5141e-03 -3.3724e-02 6.4656e-02 6.1933e-02 -1.4568e-02
6.5191e-01 6.5191e-01 6.5191e-01 6.5191e-01 6.5191e-01 6.5191e-01 6.5191e-01 6.5191e-01 6.5191e-01 6.5191e-01 6.5191e-01 6.5191e-01 6.5191e-01 6.5191e-01 6.2670e-01 6.2670e-01 7.9145e-01 7.9145e-01 7.9145e-01 7.9145e-01 7.9145e-01 7.9145e-01 1.0000e+00 9.8269e-01 -1.2136e-03 -1.2136e-03 -7.8163e-04 -3.8431e-03 1.4319e-01 2.4383e-02 1.4319e-01 1.0123e-01 1.3672e-01 -2.6818e-02 9.0580e-02 9.0580e-02 -2.6818e-02 -2.6215e-02 8.7257e-02 1.0238e-01 3.7634e-02 6.5804e-02 9.7358e-02 6.5804e-02 3.5090e-02 3.5090e-02 6.5804e-02 6.5804e-02 6.3817e-02 6.5804e-02 3.5719e-02 6.5804e-02 3.5719e-02 8.2180e-02 2.4141e-02 -4.6078e-02 5.0441e-02 4.8085e-02 -1.2391e-02
6.3801e-01 6.3801e-01 6.3801e-01 6.3801e-01 6.3801e-01 6.3801e-01 6.3801e-01 6.3801e-01 6.3801e-01 6.3801e-01 6.3801e-01 6.3801e-01 6.3801e-01 6.3801e-01 6.3774e-01 6.3774e-01 7.7575e-01 7.7575e-01 7.7575e-01 7.7575e-01 7.7575e-01 7.7575e-01 9.8269e-01 1.0000e+00 1.7625e-03 1.7625e-03 2.1925e-03 -1.2767e-02 1.4898e-01 1.4231e-02 1.4898e-01 9.9042e-02 1.4272e-01 -2.6354e-02 9.7383e-02 9.7383e-02 -2.6354e-02 -2.5761e-02 9.4102e-02 1.0906e-01 2.2767e-02 7.3898e-02 1.0408e-01 7.3898e-02 2.0451e-02 2.0451e-02 7.3898e-02 7.3898e-02 7.1964e-02 7.3898e-02 2.1024e-02 7.3898e-02 2.1024e-02 8.9886e-02 2.5750e-02 -4.5281e-02 4.7761e-02 4.5429e-02 -1.2176e-02
6.3584e-02 6.3584e-02 6.3584e-02 6.3584e-02 6.3584e-02 6.3584e-02 6.3584e-02 6.3584e-02 6.3584e-02 6.3584e-02 6.3584e-02 6.3584e-02 6.3584e-02 6.3584e-02 -5.5415e-02 -5.5415e-02 5.8591e-02 5.8591e-02 5.8591e-02 5.8591e-02 5.8591e-02 5.8591e-02 -1.2136e-03 1.7625e-03 1.0000e+00 1.0000e+00 9.9692e-01 -1.6178e-01 6.5024e-01 -1.0454e-01 6.5024e-01 2.8471e-01 5.7347e-01 2.3713e-01 3.6110e-01 3.6110e-01 2.3713e-01 -7.5412e-02 3.5135e-01 3.8592e-01 2.8401e-02 1.9230e-01 3.4108e-01 1.9230e-01 3.6713e-02 3.6713e-02 1.9230e-01 1.9230e-01 1.8659e-01 1.9230e-01 3.8315e-02 1.8228e-01 3.8315e-02 2.1460e-01 3.6549e-02 4.8463e-02 -2.2976e-02 -2.5569e-02 -4.8924e-04
6.3584e-02 6.3584e-02 6.3584e-02 6.3584e-02 6.3584e-02 6.3584e-02 6.3584e-02 6.3584e-02 6.3584e-02 6.3584e-02 6.3584e-02 6.3584e-02 6.3584e-02 6.3584e-02 -5.5415e-02 -5.5415e-02 5.8591e-02 5.8591e-02 5.8591e-02 5.8591e-02 5.8591e-02 5.8591e-02 -1.2136e-03 1.7625e-03 1.0000e+00 1.0000e+00 9.9692e-01 -1.6178e-01 6.5024e-01 -1.0454e-01 6.5024e-01 2.8471e-01 5.7347e-01 2.3713e-01 3.6110e-01 3.6110e-01 2.3713e-01 -7.5412e-02 3.5135e-01 3.8592e-01 2.8401e-02 1.9230e-01 3.4108e-01 1.9230e-01 3.6713e-02 3.6713e-02 1.9230e-01 1.9230e-01 1.8659e-01 1.9230e-01 3.8315e-02 1.8228e-01 3.8315e-02 2.1460e-01 3.6549e-02 4.8463e-02 -2.2976e-02 -2.5569e-02 -4.8924e-04
5.3402e-02 5.3402e-02 5.3402e-02 5.3402e-02 5.3402e-02 5.3402e-02 5.3402e-02 5.3402e-02 5.3402e-02 5.3402e-02 5.3402e-02 5.3402e-02 5.3402e-02 5.3402e-02 -5.5244e-02 -5.5244e-02 4.6682e-02 4.6682e-02 4.6682e-02 4.6682e-02 4.6682e-02 4.6682e-02 -7.8163e-04 2.1925e-03 9.9692e-01 9.9692e-01 1.0000e+00 -1.6042e-01 6.5285e-01 -1.0334e-01 6.5285e-01 2.8904e-01 5.7607e-01 2.3794e-01 3.6397e-01 3.6397e-01 2.3794e-01 -7.5180e-02 3.5425e-01 3.8870e-01 2.9403e-02 1.9558e-01 3.4383e-01 1.9558e-01 3.7747e-02 3.7747e-02 1.9558e-01 1.9558e-01 1.8989e-01 1.9558e-01 3.9348e-02 1.8554e-01 3.9348e-02 2.1764e-01 3.7120e-02 4.9203e-02 -2.4484e-02 -2.7055e-02 -3.1509e-04
2.7814e-02 2.7814e-02 2.7814e-02 2.7814e-02 2.7814e-02 2.7814e-02 2.7814e-02 2.7814e-02 2.7814e-02 2.7814e-02 2.7814e-02 2.7814e-02 2.7814e-02 2.7814e-02 -7.3671e-02 -7.3671e-02 3.0900e-03 3.0900e-03 3.0900e-03 3.0900e-03 3.0900e-03 3.0900e-03 -3.8431e-03 -1.2767e-02 -1.6178e-01 -1.6178e-01 -1.6042e-01 1.0000e+00 -3.8455e-01 8.3436e-01 -3.8455e-01 3.2789e-01 -2.6774e-01 -5.9427e-02 -4.5994e-01 -4.5994e-01 -5.9427e-02 2.2301e-01 -4.7113e-01 -4.2217e-01 5.0130e-01 -3.2374e-02 1.7934e-01 -3.2374e-02 4.8696e-01 4.8696e-01 -3.2374e-02 -3.2374e-02 -1.8737e-02 -3.2374e-02 4.9050e-01 -6.2357e-03 4.6504e-01 3.3448e-02 -3.7455e-02 2.4834e-02 6.3473e-02 5.8249e-02 4.4289e-02
1.2550e-01 1.2550e-01 1.2550e-01 1.2550e-01 1.2550e-01 1.2550e-01 1.2550e-01 1.2550e-01 1.2550e-01 1.2550e-01 1.2550e-01 1.2550e-01 1.2550e-01 1.2550e-01 1.9158e-01 1.9158e-01 1.6136e-01 1.6136e-01 1.6136e-01 1.6136e-01 1.6136e-01 1.6136e-01 1.4319e-01 1.4898e-01 6.5024e-01 6.5024e-01 6.5285e-01 -3.8455e-01 1.0000e+00 -3.2278e-01 1.0000e+00 3.5281e-01 8.9398e-01 2.2048e-01 6.2411e-01 6.2411e-01 2.2048e-01 -8.5756e-02 6.1262e-01 5.0195e-01 -2.0618e-01 4.1650e-01 5.9661e-01 4.1650e-01 -1.8986e-01 -1.8986e-01 4.1650e-01 4.1650e-01 4.1042e-01 4.1650e-01 -1.8878e-01 4.0249e-01 -1.9560e-01 4.5396e-01 3.6535e-02 3.6648e-02 1.3670e-02 9.9080e-03 -7.7812e-03
2.8331e-02 2.8331e-02 2.8331e-02 2.8331e-02 2.8331e-02 2.8331e-02 2.8331e-02 2.8331e-02 2.8331e-02 2.8331e-02 2.8331e-02 2.8331e-02 2.8331e-02 2.8331e-02 -6.1838e-02 -6.1838e-02 3.6900e-02 3.6900e-02 3.6900e-02 3.6900e-02 3.6900e-02 3.6900e-02 2.4383e-02 1.4231e-02 -1.0454e-01 -1.0454e-01 -1.0334e-01 8.3436e-01 -3.2278e-01 1.0000e+00 -3.2278e-01 2.4897e-01 -1.8765e-01 -3.9410e-02 -3.5246e-01 -3.5246e-01 -3.9410e-02 2.6568e-01 -3.6191e-01 -3.2045e-01 5.6320e-01 -1.1657e-01 6.1347e-02 -1.1657e-01 5.4933e-01 5.4933e-01 -1.1657e-01 -1.1657e-01 -1.0001e-01 -1.1657e-01 5.5275e-01 -8.8280e-02 5.2520e-01 -4.6326e-02 -7.8819e-02 3.1822e-02 2.5389e-02 2.1956e-02 2.6364e-02
1.2550e-01 1.2550e-01 1.2550e-01 1.2550e-01 1.2550e-01 1.2550e-01 1.2550e-01 1.2550e-01 1.2550e-01 1.2550e-01 1.2550e-01 1.2550e-01 1.2550e-01 1.2550e-01 1.9158e-01 1.9158e-01 1.6136e-01 1.6136e-01 1.6136e-01 1.6136e-01 1.6136e-01 1.6136e-01 1.4319e-01 1.4898e-01 6.5024e-01 6.5024e-01 6.5285e-01 -3.8455e-01 1.0000e+00 -3.2278e-01 1.0000e+00 3.5281e-01 8.9398e-01 2.2048e-01 6.2411e-01 6.2411e-01 2.2048e-01 -8.5756e-02 6.1262e-01 5.0195e-01 -2.0618e-01 4.1650e-01 5.9661e-01 4.1650e-01 -1.8986e-01 -1.8986e-01 4.1650e-01 4.1650e-01 4.1042e-01 4.1650e-01 -1.8878e-01 4.0249e-01 -1.9560e-01 4.5396e-01 3.6535e-02 3.6648e-02 1.3670e-02 9.9080e-03 -7.7812e-03
1.2769e-01 1.2769e-01 1.2769e-01 1.2769e-01 1.2769e-01 1.2769e-01 1.2769e-01 1.2769e-01 1.2769e-01 1.2769e-01 1.2769e-01 1.2769e-01 1.2769e-01 1.2769e-01 7.1453e-02 7.1453e-02 1.1205e-01 1.1205e-01 1.1205e-01 1.1205e-01 1.1205e-01 1.1205e-01 1.0123e-01 9.9042e-02 2.8471e-01 2.8471e-01 2.8904e-01 3.2789e-01 3.5281e-01 2.4897e-01 3.5281e-01 1.0000e+00 3.9820e-01 9.9475e-02 5.8036e-01 5.8036e-01 9.9475e-02 -2.2993e-01 5.5163e-01 4.9635e-01 1.0630e-01 7.0486e-01 5.0682e-01 7.0486e-01 1.1256e-01 1.1256e-01 7.0486e-01 7.0486e-01 7.1421e-01 7.0486e-01 1.1101e-01 6.9605e-01 9.1684e-02 6.0729e-01 2.1023e-02 2.9364e-02 1.7002e-02 2.5380e-03 1.5034e-02
1.4059e-01 1.4059e-01 1.4059e-01 1.4059e-01 1.4059e-01 1.4059e-01 1.4059e-01 1.4059e-01 1.4059e-01 1.4059e-01 1.4059e-01 1.4059e-01 1.4059e-01 1.4059e-01 1.7519e-01 1.7519e-01 1.8346e-01 1.8346e-01 1.8346e-01 1.8346e-01 1.8346e-01 1.8346e-01 1.3672e-01 1.4272e-01 5.7347e-01 5.7347e-01 5.7607e-01 -2.6774e-01 8.9398e-01 -1.8765e-01 8.9398e-01 3.9820e-01 1.0000e+00 2.4389e-01 6.8944e-01 6.8944e-01 2.4389e-01 -9.3779e-02 6.7687e-01 5.8247e-01 -2.2733e-01 4.6938e-01 6.6631e-01 4.6938e-01 -2.0568e-01 -2.0568e-01 4.6938e-01 4.6938e-01 4.6724e-01 4.6938e-01 -2.1103e-01 4.5595e-01 -2.1757e-01 5.1205e-01 7.9990e-03 2.3806e-02 2.8626e-02 2.3921e-02 -1.2923e-02
1.3874e-01 1.3874e-01 1.3874e-01 1.3874e-01 1.3874e-01 1.3874e-01 1.3874e-01 1.3874e-01 1.3874e-01 1.3874e-01 1.3874e-01 1.3874e-01 1.3874e-01 1.3874e-01 -1.6807e-02 -1.6807e-02 1.7029e-01 1.7029e-01 1.7029e-01 1.7029e-01 1.7029e-01 1.7029e-01 -2.6818e-02 -2.6354e-02 2.3713e-01 2.3713e-01 2.3794e-01 -5.9427e-02 2.2048e-01 -3.9410e-02 2.2048e-01 9.9475e-02 2.4389e-01 1.0000e+00 1.7140e-01 1.7140e-01 1.0000e+00 -2.2872e-02 1.6833e-01 1.5552e-01 -5.8665e-02 1.0280e-01 1.5085e-01 1.0280e-01 -5.9704e-02 -5.9704e-02 1.0280e-01 1.0280e-01 1.0116e-01 1.0280e-01 -5.9445e-02 1.0280e-01 -5.9445e-02 1.1658e-01 3.6946e-02 9.5060e-02 -4.9771e-04 -2.9521e-03 -1.0811e-02
1.0224e-01 1.0224e-01 1.0224e-01 1.0224e-01 1.0224e-01 1.0224e-01 1.0224e-01 1.0224e-01 1.0224e-01 1.0224e-01 1.0224e-01 1.0224e-01 1.0224e-01 1.0224e-01 1.2312e-01 1.2312e-01 1.1965e-01 1.1965e-01 1.1965e-01 1.1965e-01 1.1965e-01 1.1965e-01 9.0580e-02 9.7383e-02 3.6110e-01 3.6110e-01 3.6397e-01 -4.5994e-01 6.2411e-01 -3.5246e-01 6.2411e-01 5.8036e-01 6.8944e-01 1.7140e-01 1.0000e+00 1.0000e+00 1.7140e-01 -1.3344e-01 9.8207e-01 8.9021e-01 -2.8242e-01 6.8000e-01 3.3693e-01 6.8000e-01 -2.7153e-01 -2.7153e-01 6.8000e-01 6.8000e-01 6.7060e-01 6.8000e-01 -2.6978e-01 6.5161e-01 -2.6978e-01 5.4692e-01 3.3449e-02 -6.6506e-03 -2.8706e-02 -3.8651e-02 -3.4619e-02
1.0224e-01 1.0224e-01 1.0224e-01 1.0224e-01 1.0224e-01 1.0224e-01 1.0224e-01 1.0224e-01 1.0224e-01 1.0224e-01 1.0224e-01 1.0224e-01 1.0224e-01 1.0224e-01 1.2312e-01 1.2312e-01 1.1965e-01 1.1965e-01 1.1965e-01 1.1965e-01 1.1965e-01 1.1965e-01 9.0580e-02 9.7383e-02 3.6110e-01 3.6110e-01 3.6397e-01 -4.5994e-01 6.2411e-01 -3.5246e-01 6.2411e-01 5.8036e-01 6.8944e-01 1.7140e-01 1.0000e+00 1.0000e+00 1.7140e-01 -1.3344e-01 9.8207e-01 8.9021e-01 -2.8242e-01 6.8000e-01 3.3693e-01 6.8000e-01 -2.7153e-01 -2.7153e-01 6.8000e-01 6.8000e-01 6.7060e-01 6.8000e-01 -2.6978e-01 6.5161e-01 -2.6978e-01 5.4692e-01 3.3449e-02 -6.6506e-03 -2.8706e-02 -3.8651e-02 -3.4619e-02
1.3874e-01 1.3874e-01 1.3874e-01 1.3874e-01 1.3874e-01 1.3874e-01 1.3874e-01 1.3874e-01 1.3874e-01 1.3874e-01 1.3874e-01 1.3874e-01 1.3874e-01 1.3874e-01 -1.6807e-02 -1.6807e-02 1.7029e-01 1.7029e-01 1.7029e-01 1.7029e-01 1.7029e-01 1.7029e-01 -2.6818e-02 -2.6354e-02 2.3713e-01 2.3713e-01 2.3794e-01 -5.9427e-02 2.2048e-01 -3.9410e-02 2.2048e-01 9.9475e-02 2.4389e-01 1.0000e+00 1.7140e-01 1.7140e-01 1.0000e+00 -2.2872e-02 1.6833e-01 1.5552e-01 -5.8665e-02 1.0280e-01 1.5085e-01 1.0280e-01 -5.9704e-02 -5.9704e-02 1.0280e-01 1.0280e-01 1.0116e-01 1.0280e-01 -5.9445e-02 1.0280e-01 -5.9445e-02 1.1658e-01 3.6946e-02 9.5060e-02 -4.9771e-04 -2.9521e-03 -1.0811e-02
-3.5959e-02 -3.5959e-02 -3.5959e-02 -3.5959e-02 -3.5959e-02 -3.5959e-02 -3.5959e-02 -3.5959e-02 -3.5959e-02 -3.5959e-02 -3.5959e-02 -3.5959e-02 -3.5959e-02 -3.5959e-02 -1.6429e-02 -1.6429e-02 -3.0821e-02 -3.0821e-02 -3.0821e-02 -3.0821e-02 -3.0821e-02 -3.0821e-02 -2.6215e-02 -2.5761e-02 -7.5412e-02 -7.5412e-02 -7.5180e-02 2.2301e-01 -8.5756e-02 2.6568e-01 -8.5756e-02 -2.2993e-01 -9.3779e-02 -2.2872e-02 -1.3344e-01 -1.3344e-01 -2.2872e-02 1.0000e+00 -1.3588e-01 -1.2530e-01 3.8987e-01 -1.7626e-01 -1.2867e-01 -1.7626e-01 3.8308e-01 3.8308e-01 -1.7626e-01 -1.7626e-01 -1.7844e-01 -1.7626e-01 3.8475e-01 -1.7626e-01 3.8475e-01 -1.4606e-01 -3.0427e-02 1.5994e-02 -2.0037e-02 -2.2612e-02 -1.0568e-02
1.0651e-01 1.0651e-01 1.0651e-01 1.0651e-01 1.0651e-01 1.0651e-01 1.0651e-01 1.0651e-01 1.0651e-01 1.0651e-01 1.0651e-01 1.0651e-01 1.0651e-01 1.0651e-01 1.2091e-01 1.2091e-01 1.1572e-01 1.1572e-01 1.1572e-01 1.1572e-01 1.1572e-01 1.1572e-01 8.7257e-02 9.4102e-02 3.5135e-01 3.5135e-01 3.5425e-01 -4.7113e-01 6.1262e-01 -3.6191e-01 6.1262e-01 5.5163e-01 6.7687e-01 1.6833e-01 9.8207e-01 9.8207e-01 1.6833e-01 -1.3588e-01 1.0000e+00 9.0998e-01 -2.8878e-01 6.9397e-01 3.5718e-01 6.9397e-01 -2.7804e-01 -2.7804e-01 6.9397e-01 6.9397e-01 6.8440e-01 6.9397e-01 -2.7625e-01 6.6563e-01 -2.7625e-01 5.6272e-01 5.0171e-02 -1.1362e-02 -2.2569e-02 -3.2729e-02 -3.5824e-02
1.1823e-01 1.1823e-01 1.1823e-01 1.1823e-01 1.1823e-01 1.1823e-01 1.1823e-01 1.1823e-01 1.1823e-01 1.1823e-01 1.1823e-01 1.1823e-01 1.1823e-01 1.1823e-01 1.3112e-01 1.3112e-01 1.3364e-01 1.3364e-01 1.3364e-01 1.3364e-01 1.3364e-01 1.3364e-01 1.0238e-01 1.0906e-01 3.8592e-01 3.8592e-01 3.8870e-01 -4.2217e-01 5.0195e-01 -3.2045e-01 5.0195e-01 4.9635e-01 5.8247e-01 1.5552e-01 8.9021e-01 8.9021e-01 1.5552e-01 -1.2530e-01 9.0998e-01 1.0000e+00 -3.1535e-01 6.7813e-01 3.0810e-01 6.7813e-01 -2.9727e-01 -2.9727e-01 6.7813e-01 6.7813e-01 6.7349e-01 6.7813e-01 -3.0174e-01 6.4948e-01 -3.0174e-01 5.3781e-01 2.5824e-02 -6.6867e-03 -3.8378e-02 -4.7495e-02 -3.0511e-02
2.5466e-02 2.5466e-02 2.5466e-02 2.5466e-02 2.5466e-02 2.5466e-02 2.5466e-02 2.5466e-02 2.5466e-02 2.5466e-02 2.5466e-02 2.5466e-02 2.5466e-02 2.5466e-02 -4.2140e-02 -4.2140e-02 1.1165e-02 1.1165e-02 1.1165e-02 1.1165e-02 1.1165e-02 1.1165e-02 3.7634e-02 2.2767e-02 2.8401e-02 2.8401e-02 2.9403e-02 5.0130e-01 -2.0618e-01 5.6320e-01 -2.0618e-01 1.0630e-01 -2.2733e-01 -5.8665e-02 -2.8242e-01 -2.8242e-01 -5.8665e-02 3.8987e-01 -2.8878e-01 -3.1535e-01 1.0000e+00 -4.5210e-01 -3.3003e-01 -4.5210e-01 9.8260e-01 9.8260e-01 -4.5210e-01 -4.5210e-01 -4.5768e-01 -4.5210e-01 9.8688e-01 -4.4607e-01 9.5166e-01 -3.9169e-01 -1.9662e-03 4.4323e-02 -1.0390e-02 -1.6626e-02 -2.7106e-02
1.0651e-01 1.0651e-01 1.0651e-01 1.0651e-01 1.0651e-01 1.0651e-01 1.0651e-01 1.0651e-01 1.0651e-01 1.0651e-01 1.0651e-01 1.0651e-01 1.0651e-01 1.0651e-01 9.3210e-02 9.3210e-02 9.3331e-02 9.3331e-02 9.3331e-02 9.3331e-02 9.3331e-02 9.3331e-02 6.5804e-02 7.3898e-02 1.9230e-01 1.9230e-01 1.9558e-01 -3.2374e-02 4.1650e-01 -1.1657e-01 4.1650e-01 7.0486e-01 4.6938e-01 1.0280e-01 6.8000e-01 6.8000e-01 1.0280e-01 -1.7626e-01 6.9397e-01 6.7813e-01 -4.5210e-01 1.0000e+00 7.3000e-01 1.0000e+00 -4.6010e-01 -4.6010e-01 1.0000e+00 1.0000e+00 9.8780e-01 1.0000e+00 -4.5811e-01 9.6324e-01 -4.4617e-01 8.6959e-01 7.6267e-03 9.8504e-03 3.5598e-03 -1.0650e-02 3.1302e-02
1.2912e-01 1.2912e-01 1.2912e-01 1.2912e-01 1.2912e-01 1.2912e-01 1.2912e-01 1.2912e-01 1.2912e-01 1.2912e-01 1.2912e-01 1.2912e-01 1.2912e-01 1.2912e-01 1.2768e-01 1.2768e-01 1.3785e-01 1.3785e-01 1.3785e-01 1.3785e-01 1.3785e-01 1.3785e-01 9.7358e-02 1.0408e-01 3.4108e-01 3.4108e-01 3.4383e-01 1.7934e-01 5.9661e-01 6.1347e-02 5.9661e-01 5.0682e-01 6.6631e-01 1.5085e-01 3.3693e-01 3.3693e-01 1.5085e-01 -1.2867e-01 3.5718e-01 3.0810e-01 -3.3003e-01 7.3000e-01 1.0000e+00 7.3000e-01 -3.3587e-01 -3.3587e-01 7.3000e-01 7.3000e-01 7.2109e-01 7.3000e-01 -3.3442e-01 7.1369e-01 -3.3442e-01 7.7759e-01 -1.8411e-04 3.5542e-02 4.1473e-02 3.2690e-02 5.3542e-02
1.0651e-01 1.0651e-01 1.0651e-01 1.0651e-01 1.0651e-01 1.0651e-01 1.0651e-01 1.0651e-01 1.0651e-01 1.0651e-01 1.0651e-01 1.0651e-01 1.0651e-01 1.0651e-01 9.3210e-02 9.3210e-02 9.3331e-02 9.3331e-02 9.3331e-02 9.3331e-02 9.3331e-02 9.3331e-02 6.5804e-02 7.3898e-02 1.9230e-01 1.9230e-01 1.9558e-01 -3.2374e-02 4.1650e-01 -1.1657e-01 4.1650e-01 7.0486e-01 4.6938e-01 1.0280e-01 6.8000e-01 6.8000e-01 1.0280e-01 -1.7626e-01 6.9397e-01 6.7813e-01 -4.5210e-01 1.0000e+00 7.3000e-01 1.0000e+00 -4.6010e-01 -4.6010e-01 1.0000e+00 1.0000e+00 9.8780e-01 1.0000e+00 -4.5811e-01 9.6324e-01 -4.4617e-01 8.6959e-01 7.6267e-03 9.8504e-03 3.5598e-03 -1.0650e-02 3.1302e-02
2.2315e-02 2.2315e-02 2.2315e-02 2.2315e-02 2.2315e-02 2.2315e-02 2.2315e-02 2.2315e-02 2.2315e-02 2.2315e-02 2.2315e-02 2.2315e-02 2.2315e-02 2.2315e-02 -4.2886e-02 -4.2886e-02 8.6016e-03 8.6016e-03 8.6016e-03 8.6016e-03 8.6016e-03 8.6016e-03 3.5090e-02 2.0451e-02 3.6713e-02 3.6713e-02 3.7747e-02 4.8696e-01 -1.8986e-01 5.4933e-01 -1.8986e-01 1.1256e-01 -2.0568e-01 -5.9704e-02 -2.7153e-01 -2.7153e-01 -5.9704e-02 3.8308e-01 -2.7804e-01 -2.9727e-01 9.8260e-01 -4.6010e-01 -3.3587e-01 -4.6010e-01 1.0000e+00 1.0000e+00 -4.6010e-01 -4.6010e-01 -4.5983e-01 -4.6010e-01 9.9566e-01 -4.4821e-01 9.5220e-01 -3.9329e-01 1.0690e-02 4.0666e-02 -3.3077e-03 -9.5889e-03 -2.7586e-02
2.2315e-02 2.2315e-02 2.2315e-02 2.2315e-02 2.2315e-02 2.2315e-02 2.2315e-02 2.2315e-02 2.2315e-02 2.2315e-02 2.2315e-02 2.2315e-02 2.2315e-02 2.2315e-02 -4.2886e-02 -4.2886e-02 8.6016e-03 8.6016e-03 8.6016e-03 8.6016e-03 8.6016e-03 8.6016e-03 3.5090e-02 2.0451e-02 3.6713e-02 3.6713e-02 3.7747e-02 4.8696e-01 -1.8986e-01 5.4933e-01 -1.8986e-01 1.1256e-01 -2.0568e-01 -5.9704e-02 -2.7153e-01 -2.7153e-01 -5.9704e-02 3.8308e-01 -2.7804e-01 -2.9727e-01 9.8260e-01 -4.6010e-01 -3.3587e-01 -4.6010e-01 1.0000e+00 1.0000e+00 -4.6010e-01 -4.6010e-01 -4.5983e-01 -4.6010e-01 9.9566e-01 -4.4821e-01 9.5220e-01 -3.9329e-01 1.0690e-02 4.0666e-02 -3.3077e-03 -9.5889e-03 -2.7586e-02
1.0651e-01 1.0651e-01 1.0651e-01 1.0651e-01 1.0651e-01 1.0651e-01 1.0651e-01 1.0651e-01 1.0651e-01 1.0651e-01 1.0651e-01 1.0651e-01 1.0651e-01 1.0651e-01 9.3210e-02 9.3210e-02 9.3331e-02 9.3331e-02 9.3331e-02 9.3331e-02 9.3331e-02 9.3331e-02 6.5804e-02 7.3898e-02 1.9230e-01 1.9230e-01 1.9558e-01 -3.2374e-02 4.1650e-01 -1.1657e-01 4.1650e-01 7.0486e-01 4.6938e-01 1.0280e-01 6.8000e-01 6.8000e-01 1.0280e-01 -1.7626e-01 6.9397e-01 6.7813e-01 -4.5210e-01 1.0000e+00 7.3000e-01 1.0000e+00 -4.6010e-01 -4.6010e-01 1.0000e+00 1.0000e+00 9.8780e-01 1.0000e+00 -4.5811e-01 9.6324e-01 -4.4617e-01 8.6959e-01 7.6267e-03 9.8504e-03 3.5598e-03 -1.0650e-02 3.1302e-02
1.0651e-01 1.0651e-01 1.0651e-01 1.0651e-01 1.0651e-01 1.0651e-01 1.0651e-01 1.0651e-01 1.0651e-01 1.0651e-01 1.0651e-01 1.0651e-01 1.0651e-01 1.0651e-01 9.3210e-02 9.3210e-02 9.3331e-02 9.3331e-02 9.3331e-02 9.3331e-02 9.3331e-02 9.3331e-02 6.5804e-02 7.3898e-02 1.9230e-01 1.9230e-01 1.9558e-01 -3.2374e-02 4.1650e-01 -1.1657e-01 4.1650e-01 7.0486e-01 4.6938e-01 1.0280e-01 6.8000e-01 6.8000e-01 1.0280e-01 -1.7626e-01 6.9397e-01 6.7813e-01 -4.5210e-01 1.0000e+00 7.3000e-01 1.0000e+00 -4.6010e-01 -4.6010e-01 1.0000e+00 1.0000e+00 9.8780e-01 1.0000e+00 -4.5811e-01 9.6324e-01 -4.4617e-01 8.6959e-01 7.6267e-03 9.8504e-03 3.5598e-03 -1.0650e-02 3.1302e-02
1.0382e-01 1.0382e-01 1.0382e-01 1.0382e-01 1.0382e-01 1.0382e-01 1.0382e-01 1.0382e-01 1.0382e-01 1.0382e-01 1.0382e-01 1.0382e-01 1.0382e-01 1.0382e-01 9.2072e-02 9.2072e-02 9.1028e-02 9.1028e-02 9.1028e-02 9.1028e-02 9.1028e-02 9.1028e-02 6.3817e-02 7.1964e-02 1.8659e-01 1.8659e-01 1.8989e-01 -1.8737e-02 4.1042e-01 -1.0001e-01 4.1042e-01 7.1421e-01 4.6724e-01 1.0116e-01 6.7060e-01 6.7060e-01 1.0116e-01 -1.7844e-01 6.8440e-01 6.7349e-01 -4.5768e-01 9.8780e-01 7.2109e-01 9.8780e-01 -4.5983e-01 -4.5983e-01 9.8780e-01 9.8780e-01 1.0000e+00 9.8780e-01 -4.6377e-01 9.7142e-01 -4.5181e-01 8.5845e-01 5.1772e-03 6.6867e-03 1.0738e-02 -3.6314e-03 3.0511e-02
1.0651e-01 1.0651e-01 1.0651e-01 1.0651e-01 1.0651e-01 1.0651e-01 1.0651e-01 1.0651e-01 1.0651e-01 1.0651e-01 1.0651e-01 1.0651e-01 1.0651e-01 1.0651e-01 9.3210e-02 9.3210e-02 9.3331e-02 9.3331e-02 9.3331e-02 9.3331e-02 9.3331e-02 9.3331e-02 6.5804e-02 7.3898e-02 1.9230e-01 1.9230e-01 1.9558e-01 -3.2374e-02 4.1650e-01 -1.1657e-01 4.1650e-01 7.0486e-01 4.6938e-01 1.0280e-01 6.8000e-01 6.8000e-01 1.0280e-01 -1.7626e-01 6.9397e-01 6.7813e-01 -4.5210e-01 1.0000e+00 7.3000e-01 1.0000e+00 -4.6010e-01 -4.6010e-01 1.0000e+00 1.0000e+00 9.8780e-01 1.0000e+00 -4.5811e-01 9.6324e-01 -4.4617e-01 8.6959e-01 7.6267e-03 9.8504e-03 3.5598e-03 -1.0650e-02 3.1302e-02
2.3094e-02 2.3094e-02 2.3094e-02 2.3094e-02 2.3094e-02 2.3094e-02 2.3094e-02 2.3094e-02 2.3094e-02 2.3094e-02 2.3094e-02 2.3094e-02 2.3094e-02 2.3094e-02 -4.2700e-02 -4.2700e-02 9.2361e-03 9.2361e-03 9.2361e-03 9.2361e-03 9.2361e-03 9.2361e-03 3.5719e-02 2.1024e-02 3.8315e-02 3.8315e-02 3.9348e-02 4.9050e-01 -1.8878e-01 5.5275e-01 -1.8878e-01 1.1101e-01 -2.1103e-01 -5.9445e-02 -2.6978e-01 -2.6978e-01 -5.9445e-02 3.8475e-01 -2.7625e-01 -3.0174e-01 9.8688e-01 -4.5811e-01 -3.3442e-01 -4.5811e-01 9.9566e-01 9.9566e-01 -4.5811e-01 -4.5811e-01 -4.6377e-01 -4.5811e-01 1.0000e+00 -4.4617e-01 9.5640e-01 -3.9141e-01 1.1323e-02 4.1570e-02 -5.0609e-03 -1.1331e-02 -2.7466e-02
9.7649e-02 9.7649e-02 9.7649e-02 9.7649e-02 9.7649e-02 9.7649e-02 9.7649e-02 9.7649e-02 9.7649e-02 9.7649e-02 9.7649e-02 9.7649e-02 9.7649e-02 9.7649e-02 9.3210e-02 9.3210e-02 9.3331e-02 9.3331e-02 9.3331e-02 9.3331e-02 9.3331e-02 9.3331e-02 6.5804e-02 7.3898e-02 1.8228e-01 1.8228e-01 1.8554e-01 -6.2357e-03 4.0249e-01 -8.8280e-02 4.0249e-01 6.9605e-01 4.5595e-01 1.0280e-01 6.5161e-01 6.5161e-01 1.0280e-01 -1.7626e-01 6.6563e-01 6.4948e-01 -4.4607e-01 9.6324e-01 7.1369e-01 9.6324e-01 -4.4821e-01 -4.4821e-01 9.6324e-01 9.6324e-01 9.7142e-01 9.6324e-01 -4.4617e-01 1.0000e+00 -4.5811e-01 8.8574e-01 7.6267e-03 -1.4739e-02 2.1948e-02 7.9025e-03 3.1302e-02
2.3094e-02 2.3094e-02 2.3094e-02 2.3094e-02 2.3094e-02 2.3094e-02 2.3094e-02 2.3094e-02 2.3094e-02 2.3094e-02 2.3094e-02 2.3094e-02 2.3094e-02 2.3094e-02 -4.2700e-02 -4.2700e-02 9.2361e-03 9.2361e-03 9.2361e-03 9.2361e-03 9.2361e-03 9.2361e-03 3.5719e-02 2.1024e-02 3.8315e-02 3.8315e-02 3.9348e-02 4.6504e-01 -1.9560e-01 5.2520e-01 -1.9560e-01 9.1684e-02 -2.1757e-01 -5.9445e-02 -2.6978e-01 -2.6978e-01 -5.9445e-02 3.8475e-01 -2.7625e-01 -3.0174e-01 9.5166e-01 -4.4617e-01 -3.3442e-01 -4.4617e-01 9.5220e-01 9.5220e-01 -4.4617e-01 -4.4617e-01 -4.5181e-01 -4.4617e-01 9.5640e-01 -4.5811e-01 1.0000e+00 -4.0321e-01 1.1323e-02 4.1570e-02 8.3725e-03 2.2230e-03 -2.7466e-02
9.3737e-02 9.3737e-02 9.3737e-02 9.3737e-02 9.3737e-02 9.3737e-02 9.3737e-02 9.3737e-02 9.3737e-02 9.3737e-02 9.3737e-02 9.3737e-02 9.3737e-02 9.3737e-02 1.0289e-01 1.0289e-01 1.1240e-01 1.1240e-01 1.1240e-01 1.1240e-01 1.1240e-01 1.1240e-01 8.2180e-02 8.9886e-02 2.1460e-01 2.1460e-01 2.1764e-01 3.3448e-02 4.5396e-01 -4.6326e-02 4.5396e-01 6.0729e-01 5.1205e-01 1.1658e-01 5.4692e-01 5.4692e-01 1.1658e-01 -1.4606e-01 5.6272e-01 5.3781e-01 -3.9169e-01 8.6959e-01 7.7759e-01 8.6959e-01 -3.9329e-01 -3.9329e-01 8.6959e-01 8.6959e-01 8.5845e-01 8.6959e-01 -3.9141e-01 8.8574e-01 -4.0321e-01 1.0000e+00 -3.1826e-03 1.1085e-02 -8.8106e-03 -2.1408e-02 3.7850e-02
6.2950e-02 6.2950e-02 6.2950e-02 6.2950e-02 6.2950e-02 6.2950e-02 6.2950e-02 6.2950e-02 6.2950e-02 6.2950e-02 6.2950e-02 6.2950e-02 6.2950e-02 6.2950e-02 2.4501e-02 2.4501e-02 9.5141e-03 9.5141e-03 9.5141e-03 9.5141e-03 9.5141e-03 9.5141e-03 2.4141e-02 2.5750e-02 3.6549e-02 3.6549e-02 3.7120e-02 -3.7455e-02 3.6535e-02 -7.8819e-02 3.6535e-02 2.1023e-02 7.9990e-03 3.6946e-02 3.3449e-02 3.3449e-02 3.6946e-02 -3.0427e-02 5.0171e-02 2.5824e-02 -1.9662e-03 7.6267e-03 -1.8411e-04 7.6267e-03 1.0690e-02 1.0690e-02 7.6267e-03 7.6267e-03 5.1772e-03 7.6267e-03 1.1323e-02 7.6267e-03 1.1323e-02 -3.1826e-03 1.0000e+00 -3.2788e-02 6.2414e-02 7.1423e-02 -1.4382e-02
-9.8476e-03 -9.8476e-03 -9.8476e-03 -9.8476e-03 -9.8476e-03 -9.8476e-03 -9.8476e-03 -9.8476e-03 -9.8476e-03 -9.8476e-03 -9.8476e-03 -9.8476e-03 -9.8476e-03 -9.8476e-03 -2.8877e-02 -2.8877e-02 -3.3724e-02 -3.3724e-02 -3.3724e-02 -3.3724e-02 -3.3724e-02 -3.3724e-02 -4.6078e-02 -4.5281e-02 4.8463e-02 4.8463e-02 4.9203e-02 2.4834e-02 3.6648e-02 3.1822e-02 3.6648e-02 2.9364e-02 2.3806e-02 9.5060e-02 -6.6506e-03 -6.6506e-03 9.5060e-02 1.5994e-02 -1.1362e-02 -6.6867e-03 4.4323e-02 9.8504e-03 3.5542e-02 9.8504e-03 4.0666e-02 4.0666e-02 9.8504e-03 9.8504e-03 6.6867e-03 9.8504e-03 4.1570e-02 -1.4739e-02 4.1570e-02 1.1085e-02 -3.2788e-02 1.0000e+00 -4.4404e-01 -4.4292e-01 2.6891e-01
5.2564e-02 5.2564e-02 5.2564e-02 5.2564e-02 5.2564e-02 5.2564e-02 5.2564e-02 5.2564e-02 5.2564e-02 5.2564e-02 5.2564e-02 5.2564e-02 5.2564e-02 5.2564e-02 4.4145e-02 4.4145e-02 6.4656e-02 6.4656e-02 6.4656e-02 6.4656e-02 6.4656e-02 6.4656e-02 5.0441e-02 4.7761e-02 -2.2976e-02 -2.2976e-02 -2.4484e-02 6.3473e-02 1.3670e-02 2.5389e-02 1.3670e-02 1.7002e-02 2.8626e-02 -4.9771e-04 -2.8706e-02 -2.8706e-02 -4.9771e-04 -2.0037e-02 -2.2569e-02 -3.8378e-02 -1.0390e-02 3.5598e-03 4.1473e-02 3.5598e-03 -3.3077e-03 -3.3077e-03 3.5598e-03 3.5598e-03 1.0738e-02 3.5598e-03 -5.0609e-03 2.1948e-02 8.3725e-03 -8.8106e-03 6.2414e-02 -4.4404e-01 1.0000e+00 9.8190e-01 -1.1941e-01
4.9183e-02 4.9183e-02 4.9183e-02 4.9183e-02 4.9183e-02 4.9183e-02 4.9183e-02 4.9183e-02 4.9183e-02 4.9183e-02 4.9183e-02 4.9183e-02 4.9183e-02 4.9183e-02 4.2781e-02 4.2781e-02 6.1933e-02 6.1933e-02 6.1933e-02 6.1933e-02 6.1933e-02 6.1933e-02 4.8085e-02 4.5429e-02 -2.5569e-02 -2.5569e-02 -2.7055e-02 5.8249e-02 9.9080e-03 2.1956e-02 9.9080e-03 2.5380e-03 2.3921e-02 -2.9521e-03 -3.8651e-02 -3.8651e-02 -2.9521e-03 -2.2612e-02 -3.2729e-02 -4.7495e-02 -1.6626e-02 -1.0650e-02 3.2690e-02 -1.0650e-02 -9.5889e-03 -9.5889e-03 -1.0650e-02 -1.0650e-02 -3.6314e-03 -1.0650e-02 -1.1331e-02 7.9025e-03 2.2230e-03 -2.1408e-02 7.1423e-02 -4.4292e-01 9.8190e-01 1.0000e+00 -1.2161e-01
-1.6996e-02 -1.6996e-02 -1.6996e-02 -1.6996e-02 -1.6996e-02 -1.6996e-02 -1.6996e-02 -1.6996e-02 -1.6996e-02 -1.6996e-02 -1.6996e-02 -1.6996e-02 -1.6996e-02 -1.6996e-02 -7.7654e-03 -7.7654e-03 -1.4568e-02 -1.4568e-02 -1.4568e-02 -1.4568e-02 -1.4568e-02 -1.4568e-02 -1.2391e-02 -1.2176e-02 -4.8924e-04 -4.8924e-04 -3.1509e-04 4.4289e-02 -7.7812e-03 2.6364e-02 -7.7812e-03 1.5034e-02 -1.2923e-02 -1.0811e-02 -3.4619e-02 -3.4619e-02 -1.0811e-02 -1.0568e-02 -3.5824e-02 -3.0511e-02 -2.7106e-02 3.1302e-02 5.3542e-02 3.1302e-02 -2.7586e-02 -2.7586e-02 3.1302e-02 3.1302e-02 3.0511e-02 3.1302e-02 -2.7466e-02 3.1302e-02 -2.7466e-02 3.7850e-02 -1.4382e-02 2.6891e-01 -1.1941e-01 -1.2161e-01 1.0000e+00
