1.0000e+00 -7.3140e-02 -7.3140e-02 -6.2929e-02 2.3221e-03 -1.2164e-02 -3.7810e-04 -1.0734e-02 1.2292e-02 -2.5470e-02 -1.5702e-02 1.0538e-02 -1.0329e-03 2.0584e-02 -2.1545e-02 -2.7871e-02 3.1630e-03 -2.2712e-02 -2.3277e-02 -2.4324e-02 2.7123e-02
-7.3140e-02 1.0000e+00 1.0000e+00 9.0618e-01 6.5683e-02 2.4584e-01 -5.6841e-02 -5.1998e-02 -4.6017e-02 -1.7076e-02 -2.1196e-02 4.0688e-02 1.2144e-01 1.7219e-02 -3.2753e-02 -4.2201e-02 -5.0150e-02 -3.2298e-02 9.3622e-02 -3.6300e-02 1.3956e-02
-7.3140e-02 1.0000e+00 1.0000e+00 9.0618e-01 6.5683e-02 2.4584e-01 -5.6841e-02 -5.1998e-02 -4.6017e-02 -1.7076e-02 -2.1196e-02 4.0688e-02 1.2144e-01 1.7219e-02 -3.2753e-02 -4.2201e-02 -5.0150e-02 -3.2298e-02 9.3622e-02 -3.6300e-02 1.3956e-02
-6.2929e-02 9.0618e-01 9.0618e-01 1.0000e+00 3.6873e-02 2.3129e-01 -1.1706e-02 -5.5356e-03 -1.1512e-02 -8.2428e-03 -1.2747e-02 3.7601e-02 1.1970e-01 2.2619e-02 -5.0982e-02 -6.1213e-02 -5.5425e-02 -1.9295e-02 8.5005e-02 -3.8694e-02 7.3159e-03
2.3221e-03 6.5683e-02 6.5683e-02 3.6873e-02 1.0000e+00 2.9922e-01 -6.1301e-01 -5.7631e-01 -4.5782e-01 -2.8546e-01 -2.7408e-01 1.9627e-01 1.0921e-01 -3.3890e-04 2.9708e-03 -8.0667e-03 5.9427e-02 -1.1006e-03 2.0075e-03 7.6515e-03 -7.6034e-02
-1.2164e-02 2.4584e-01 2.4584e-01 2.3129e-01 2.9922e-01 1.0000e+00 -1.8687e-01 -1.8185e-01 -1.4485e-01 -1.8103e-01 -1.8536e-01 1.8819e-01 3.9931e-01 -2.3575e-02 -1.0485e-02 -2.9436e-02 -8.6226e-02 -1.2655e-02 -5.1229e-02 3.9480e-02 -2.6541e-02
-3.7810e-04 -5.6841e-02 -5.6841e-02 -1.1706e-02 -6.1301e-01 -1.8687e-01 1.0000e+00 9.4592e-01 7.6008e-01 8.6426e-02 8.0447e-02 -5.5508e-02 -9.4568e-02 3.3121e-02 -4.1072e-02 -3.3012e-02 -3.2397e-02 4.3539e-02 1.6852e-02 -4.2140e-02 9.5901e-02
-1.0734e-02 -5.1998e-02 -5.1998e-02 -5.5356e-03 -5.7631e-01 -1.8185e-01 9.4592e-01 1.0000e+00 8.1323e-01 9.6476e-02 9.0518e-02 -6.9143e-02 -8.9504e-02 -4.4413e-03 -3.5416e-03 5.5682e-03 -4.4889e-02 1.7270e-02 1.9114e-02 -4.1008e-02 1.0072e-01
1.2292e-02 -4.6017e-02 -4.6017e-02 -1.1512e-02 -4.5782e-01 -1.4485e-01 7.6008e-01 8.1323e-01 1.0000e+00 -3.2757e-02 -3.6505e-02 -1.3912e-02 -8.0163e-02 3.0413e-02 -3.1783e-02 -2.5997e-02 -6.4173e-02 7.7390e-03 3.3490e-02 -3.4650e-02 8.6955e-02
-2.5470e-02 -1.7076e-02 -1.7076e-02 -8.2428e-03 -2.8546e-01 -1.8103e-01 8.6426e-02 9.6476e-02 -3.2757e-02 1.0000e+00 9.8282e-01 -6.0529e-01 -1.5920e-01 -2.0249e-01 2.0087e-01 1.9597e-01 -5.1874e-02 1.5770e-01 -2.2360e-02 -4.9897e-02 6.7418e-02
-1.5702e-02 -2.1196e-02 -2.1196e-02 -1.2747e-02 -2.7408e-01 -1.8536e-01 8.0447e-02 9.0518e-02 -3.6505e-02 9.8282e-01 1.0000e+00 -6.1190e-01 -1.6244e-01 -2.0955e-01 2.0791e-01 2.0280e-01 -5.3946e-02 1.6117e-01 -2.3481e-02 -5.0770e-02 6.4619e-02
1.0538e-02 4.0688e-02 4.0688e-02 3.7601e-02 1.9627e-01 1.8819e-01 -5.5508e-02 -6.9143e-02 -1.3912e-02 -6.0529e-01 -6.1190e-01 1.0000e+00 2.4526e-01 2.2574e-01 -2.2317e-01 -2.2011e-01 -2.1463e-03 -1.5991e-01 1.0673e-02 7.5387e-02 -8.8220e-02
-1.0329e-03 1.2144e-01 1.2144e-01 1.1970e-01 1.0921e-01 3.9931e-01 -9.4568e-02 -8.9504e-02 -8.0163e-02 -1.5920e-01 -1.6244e-01 2.4526e-01 1.0000e+00 1.4357e-01 -1.5794e-01 -1.7015e-01 -7.8390e-02 -9.9581e-02 1.3046e-01 -4.2327e-02 -4.0806e-02
2.0584e-02 1.7219e-02 1.7219e-02 2.2619e-02 -3.3890e-04 -2.3575e-02 3.3121e-02 -4.4413e-03 3.0413e-02 -2.0249e-01 -2.0955e-01 2.2574e-01 1.4357e-01 1.0000e+00 -8.4007e-01 -8.0539e-01 -3.8245e-02 -5.1406e-01 8.6252e-02 9.5408e-02 -9.8187e-02
-2.1545e-02 -3.2753e-02 -3.2753e-02 -5.0982e-02 2.9708e-03 -1.0485e-02 -4.1072e-02 -3.5416e-03 -3.1783e-02 2.0087e-01 2.0791e-01 -2.2317e-01 -1.5794e-01 -8.4007e-01 1.0000e+00 9.6223e-01 1.1278e-01 5.9559e-01 -8.6819e-02 3.9589e-02 9.7671e-02
-2.7871e-02 -4.2201e-02 -4.2201e-02 -6.1213e-02 -8.0667e-03 -2.9436e-02 -3.3012e-02 5.5682e-03 -2.5997e-02 1.9597e-01 2.0280e-01 -2.2011e-01 -1.7015e-01 -8.0539e-01 9.6223e-01 1.0000e+00 1.0829e-01 6.2824e-01 -9.0585e-02 3.6949e-02 9.4326e-02
3.1630e-03 -5.0150e-02 -5.0150e-02 -5.5425e-02 5.9427e-02 -8.6226e-02 -3.2397e-02 -4.4889e-02 -6.4173e-02 -5.1874e-02 -5.3946e-02 -2.1463e-03 -7.8390e-02 -3.8245e-02 1.1278e-01 1.0829e-01 1.0000e+00 -2.5099e-01 2.7523e-02 -2.2358e-02 -3.1812e-02
-2.2712e-02 -3.2298e-02 -3.2298e-02 -1.9295e-02 -1.1006e-03 -1.2655e-02 4.3539e-02 1.7270e-02 7.7390e-03 1.5770e-01 1.6117e-01 -1.5991e-01 -9.9581e-02 -5.1406e-01 5.9559e-01 6.2824e-01 -2.5099e-01 1.0000e+00 -1.2969e-01 5.1648e-02 8.6802e-02
-2.3277e-02 9.3622e-02 9.3622e-02 8.5005e-02 2.0075e-03 -5.1229e-02 1.6852e-02 1.9114e-02 3.3490e-02 -2.2360e-02 -2.3481e-02 1.0673e-02 1.3046e-01 8.6252e-02 -8.6819e-02 -9.0585e-02 2.7523e-02 -1.2969e-01 1.0000e+00 -1.1553e-02 -1.6437e-02
-2.4324e-02 -3.6300e-02 -3.6300e-02 -3.8694e-02 7.6515e-03 3.9480e-02 -4.2140e-02 -4.1008e-02 -3.4650e-02 -4.9897e-02 -5.0770e-02 7.5387e-02 -4.2327e-02 9.5408e-02 3.9589e-02 3.6949e-02 -2.2358e-02 5.1648e-02 -1.1553e-02 1.0000e+00 -1.7177e-02
2.7123e-02 1.3956e-02 1.3956e-02 7.3159e-03 -7.6034e-02 -2.6541e-02 9.5901e-02 1.0072e-01 8.6955e-02 6.7418e-02 6.4619e-02 -8.8220e-02 -4.0806e-02 -9.8187e-02 9.7671e-02 9.4326e-02 -3.1812e-02 8.6802e-02 -1.6437e-02 -1.7177e-02 1.0000e+00
