1.0000e+00 5.8005e-01 6.6466e-01 6.6466e-01 6.6173e-01 9.1272e-02 9.8768e-02 9.3457e-02 -3.6302e-02 -3.6302e-02 -3.6302e-02 -3.6302e-02 3.5813e-02 -1.4403e-02 -2.6282e-02 -6.3712e-02 -6.9789e-02 -6.4502e-02 -3.0005e-03 1.3247e-02 -4.9531e-02 -5.7951e-02 -6.0791e-02 8.7660e-03 4.9024e-02 4.1465e-02 3.6282e-02 3.7586e-03 9.4280e-03 1.7091e-02 3.6302e-02 1.4723e-02 -4.7060e-02 1.4723e-02 4.3291e-02 7.3023e-02 1.9828e-02 3.1298e-02 8.4645e-03 -2.5008e-03 -2.5008e-03 -9.9022e-03 -2.5008e-03 -2.5008e-03 -2.5008e-03 1.6876e-02 2.7245e-02 1.8507e-02 1.8507e-02 1.6876e-02 -1.0410e-02 5.0281e-02 3.4582e-02 3.7035e-02 3.7035e-02 3.7035e-02 3.7035e-02 -2.6681e-02 -3.5132e-02 -3.5132e-02 6.5173e-03 -3.7243e-02 -3.7996e-02 -3.7243e-02 -3.7243e-02 -3.1959e-02 4.6200e-03
5.8005e-01 1.0000e+00 8.6573e-01 8.6573e-01 8.6196e-01 -3.0008e-02 -2.2997e-02 -4.4894e-02 -4.4716e-03 -4.4716e-03 -4.4716e-03 -4.4716e-03 1.0823e-03 4.7192e-02 -2.6413e-02 -1.0726e-01 -1.1245e-01 -1.0826e-01 5.7924e-03 -3.0732e-02 -8.8602e-02 -7.2031e-02 -1.0089e-01 -2.6801e-02 1.0403e-01 9.4382e-02 8.7716e-02 -1.3566e-02 2.9360e-02 -1.8181e-02 4.4716e-03 -6.7358e-03 1.1529e-02 -6.7358e-03 9.1381e-03 3.0741e-02 -3.1728e-03 -2.0397e-02 -3.4249e-02 -3.7758e-02 -3.7758e-02 -3.4947e-02 -3.7758e-02 -3.7758e-02 -3.7758e-02 -2.6873e-02 -3.5033e-02 -3.5402e-02 -3.5402e-02 -2.6873e-02 -2.9087e-02 3.9357e-02 2.5954e-02 2.8812e-02 2.8812e-02 2.8812e-02 2.8812e-02 -1.8786e-02 -1.4219e-02 -1.4219e-02 2.2754e-02 -1.6659e-02 -1.7613e-02 -1.6659e-02 -1.6659e-02 -1.2459e-02 3.2575e-02
6.6466e-01 8.6573e-01 1.0000e+00 1.0000e+00 9.9604e-01 -2.1344e-02 -1.4071e-02 -3.3021e-02 4.0050e-03 4.0050e-03 4.0050e-03 4.0050e-03 -1.5587e-02 4.0223e-02 -3.7506e-02 -1.4979e-01 -1.5550e-01 -1.5068e-01 -1.1806e-02 -5.4594e-02 -1.1823e-01 -1.1244e-01 -1.4191e-01 -5.7455e-02 1.4855e-01 1.4248e-01 1.2342e-01 -5.7592e-03 4.5050e-03 4.0391e-03 2.0340e-02 -1.9992e-02 -8.3111e-03 -1.9992e-02 2.6530e-02 5.7058e-02 -1.0569e-02 -3.3812e-02 -1.8672e-02 -2.1565e-02 -2.1565e-02 -1.9036e-02 -2.1565e-02 -2.1565e-02 -2.1565e-02 -4.4125e-02 -3.9790e-02 -4.2780e-02 -4.2780e-02 -4.4125e-02 -5.9433e-03 5.0886e-02 3.6125e-02 3.8775e-02 3.8775e-02 3.8775e-02 3.8775e-02 -3.8823e-02 -2.7242e-02 -2.7242e-02 2.1612e-02 -2.7568e-02 -2.8391e-02 -2.7568e-02 -2.7568e-02 -2.2715e-02 3.3006e-02
6.6466e-01 8.6573e-01 1.0000e+00 1.0000e+00 9.9604e-01 -2.1344e-02 -1.4071e-02 -3.3021e-02 4.0050e-03 4.0050e-03 4.0050e-03 4.0050e-03 -1.5587e-02 4.0223e-02 -3.7506e-02 -1.4979e-01 -1.5550e-01 -1.5068e-01 -1.1806e-02 -5.4594e-02 -1.1823e-01 -1.1244e-01 -1.4191e-01 -5.7455e-02 1.4855e-01 1.4248e-01 1.2342e-01 -5.7592e-03 4.5050e-03 4.0391e-03 2.0340e-02 -1.9992e-02 -8.3111e-03 -1.9992e-02 2.6530e-02 5.7058e-02 -1.0569e-02 -3.3812e-02 -1.8672e-02 -2.1565e-02 -2.1565e-02 -1.9036e-02 -2.1565e-02 -2.1565e-02 -2.1565e-02 -4.4125e-02 -3.9790e-02 -4.2780e-02 -4.2780e-02 -4.4125e-02 -5.9433e-03 5.0886e-02 3.6125e-02 3.8775e-02 3.8775e-02 3.8775e-02 3.8775e-02 -3.8823e-02 -2.7242e-02 -2.7242e-02 2.1612e-02 -2.7568e-02 -2.8391e-02 -2.7568e-02 -2.7568e-02 -2.2715e-02 3.3006e-02
6.6173e-01 8.6196e-01 9.9604e-01 9.9604e-01 1.0000e+00 -1.8489e-02 -1.1225e-02 -3.0248e-02 4.6815e-03 4.6815e-03 4.6815e-03 4.6815e-03 -1.6275e-02 4.2791e-02 -3.8463e-02 -1.4701e-01 -1.5271e-01 -1.4790e-01 -1.2221e-02 -5.0063e-02 -1.1417e-01 -1.0873e-01 -1.3917e-01 -5.2625e-02 1.4597e-01 1.3996e-01 1.2070e-01 2.7037e-03 4.2750e-03 1.1653e-02 1.9595e-02 -2.1259e-02 -9.9832e-03 -2.1259e-02 2.5749e-02 5.6320e-02 -1.0908e-02 -3.6012e-02 -1.9095e-02 -2.2462e-02 -2.2462e-02 -1.9931e-02 -2.2462e-02 -2.2462e-02 -2.2462e-02 -4.4757e-02 -4.0306e-02 -4.3410e-02 -4.3410e-02 -4.4757e-02 -6.9981e-03 5.0187e-02 3.5467e-02 3.8118e-02 3.8118e-02 3.8118e-02 3.8118e-02 -3.5420e-02 -2.9455e-02 -2.9455e-02 2.0951e-02 -2.9950e-02 -3.0775e-02 -2.9950e-02 -2.9950e-02 -2.5115e-02 3.2306e-02
9.1272e-02 -3.0008e-02 -2.1344e-02 -2.1344e-02 -1.8489e-02 1.0000e+00 9.9206e-01 9.5510e-01 -2.0524e-02 -2.0524e-02 -2.0524e-02 -2.0524e-02 3.1546e-02 2.3700e-02 5.8558e-02 -1.6846e-02 -1.6846e-02 -1.8880e-02 5.7508e-03 9.1530e-02 2.5967e-02 4.5304e-02 -8.8172e-03 4.9389e-02 4.4282e-02 3.6222e-02 4.0980e-02 1.0499e-01 -3.0799e-04 9.6677e-02 5.4921e-02 3.6777e-02 -4.9566e-02 3.6777e-02 4.9368e-02 4.4427e-02 7.1909e-03 5.5578e-02 4.7671e-02 3.4406e-02 4.0908e-02 3.4726e-02 3.4406e-02 3.4406e-02 3.4406e-02 -8.9897e-03 -8.9003e-04 -5.0490e-03 -5.0490e-03 -1.0706e-03 -1.5182e-03 -2.1644e-02 -2.1644e-02 -2.7183e-02 -1.6621e-02 -1.6621e-02 -1.6621e-02 3.8901e-02 3.3286e-02 3.3286e-02 -2.0293e-02 3.4619e-02 3.6606e-02 3.4619e-02 3.4619e-02 3.6606e-02 -2.4904e-02
9.8768e-02 -2.2997e-02 -1.4071e-02 -1.4071e-02 -1.1225e-02 9.9206e-01 1.0000e+00 9.5527e-01 -2.1498e-02 -2.1498e-02 -2.1498e-02 -2.1498e-02 3.2582e-02 1.5921e-02 6.0062e-02 -1.2111e-02 -1.2111e-02 -1.4134e-02 6.3855e-03 9.4078e-02 2.8961e-02 4.8588e-02 -4.0429e-03 5.1779e-02 4.3218e-02 3.5105e-02 4.0314e-02 1.0631e-01 -4.6582e-18 9.8139e-02 5.5895e-02 3.8651e-02 -5.1656e-02 3.8651e-02 5.0369e-02 4.5247e-02 7.7122e-03 5.4771e-02 4.8344e-02 3.5763e-02 4.2266e-02 3.6069e-02 3.5763e-02 3.5763e-02 3.5763e-02 -7.9191e-03 1.2426e-17 -3.9868e-03 -3.9868e-03 1.1430e-17 0.0000e+00 -2.0856e-02 -2.0856e-02 -2.6406e-02 -1.5844e-02 -1.5844e-02 -1.5844e-02 4.6315e-02 4.0588e-02 4.0588e-02 -1.9442e-02 3.8103e-02 4.0098e-02 3.8103e-02 3.8103e-02 4.0098e-02 -2.4044e-02
9.3457e-02 -4.4894e-02 -3.3021e-02 -3.3021e-02 -3.0248e-02 9.5510e-01 9.5527e-01 1.0000e+00 -2.7519e-02 -2.7519e-02 -2.7519e-02 -2.7519e-02 2.8839e-02 1.1850e-02 4.2805e-02 -1.9764e-03 -1.9764e-03 -4.0909e-03 -9.1499e-04 9.1116e-02 4.8365e-02 6.3522e-02 5.7448e-03 6.0377e-02 2.8727e-02 2.1124e-02 2.5818e-02 1.1117e-01 -3.5456e-03 9.9817e-02 5.3344e-02 3.2584e-02 -5.2385e-02 3.2584e-02 5.5701e-02 4.5924e-02 1.7160e-02 4.9899e-02 5.2748e-02 5.9230e-02 6.5739e-02 6.0036e-02 5.9230e-02 5.9230e-02 5.9230e-02 -2.0252e-02 -1.0246e-02 -1.6218e-02 -1.6218e-02 -1.2324e-02 -1.7477e-02 -2.9947e-02 -2.9947e-02 -3.5378e-02 -2.4805e-02 -2.4805e-02 -2.4805e-02 5.1722e-02 4.3918e-02 4.3918e-02 -2.9252e-02 4.2194e-02 4.4098e-02 4.2194e-02 4.2194e-02 4.4098e-02 -3.3974e-02
-3.6302e-02 -4.4716e-03 4.0050e-03 4.0050e-03 4.6815e-03 -2.0524e-02 -2.1498e-02 -2.7519e-02 1.0000e+00 1.0000e+00 1.0000e+00 1.0000e+00 -9.2263e-01 2.4794e-01 -1.1510e-01 -8.3559e-02 -8.3559e-02 -8.3094e-02 -3.7518e-01 -1.0787e-01 -1.2863e-01 -1.0405e-01 -8.1699e-02 -1.2534e-01 9.0211e-02 8.7481e-02 9.4138e-02 -3.3540e-02 1.8984e-02 -4.2460e-02 6.0063e-02 -5.1617e-02 1.2061e-02 -5.1617e-02 4.3566e-02 5.0516e-02 3.2131e-02 -1.9005e-02 1.5330e-02 -2.8838e-02 -2.8838e-02 -3.0692e-02 -2.8838e-02 -2.8838e-02 -2.8838e-02 -2.5196e-03 1.4517e-02 -3.5141e-03 -3.5141e-03 -1.9646e-02 1.6160e-02 -4.1653e-02 -4.1653e-02 -4.3485e-02 -4.3485e-02 -4.3485e-02 -4.3485e-02 -1.7706e-02 -1.0733e-02 -1.0733e-02 -3.1682e-02 -2.0780e-03 -1.0258e-02 -2.0780e-03 -2.0780e-03 -1.5861e-03 -3.0166e-02
-3.6302e-02 -4.4716e-03 4.0050e-03 4.0050e-03 4.6815e-03 -2.0524e-02 -2.1498e-02 -2.7519e-02 1.0000e+00 1.0000e+00 1.0000e+00 1.0000e+00 -9.2263e-01 2.4794e-01 -1.1510e-01 -8.3559e-02 -8.3559e-02 -8.3094e-02 -3.7518e-01 -1.0787e-01 -1.2863e-01 -1.0405e-01 -8.1699e-02 -1.2534e-01 9.0211e-02 8.7481e-02 9.4138e-02 -3.3540e-02 1.8984e-02 -4.2460e-02 6.0063e-02 -5.1617e-02 1.2061e-02 -5.1617e-02 4.3566e-02 5.0516e-02 3.2131e-02 -1.9005e-02 1.5330e-02 -2.8838e-02 -2.8838e-02 -3.0692e-02 -2.8838e-02 -2.8838e-02 -2.8838e-02 -2.5196e-03 1.4517e-02 -3.5141e-03 -3.5141e-03 -1.9646e-02 1.6160e-02 -4.1653e-02 -4.1653e-02 -4.3485e-02 -4.3485e-02 -4.3485e-02 -4.3485e-02 -1.7706e-02 -1.0733e-02 -1.0733e-02 -3.1682e-02 -2.0780e-03 -1.0258e-02 -2.0780e-03 -2.0780e-03 -1.5861e-03 -3.0166e-02
-3.6302e-02 -4.4716e-03 4.0050e-03 4.0050e-03 4.6815e-03 -2.0524e-02 -2.1498e-02 -2.7519e-02 1.0000e+00 1.0000e+00 1.0000e+00 1.0000e+00 -9.2263e-01 2.4794e-01 -1.1510e-01 -8.3559e-02 -8.3559e-02 -8.3094e-02 -3.7518e-01 -1.0787e-01 -1.2863e-01 -1.0405e-01 -8.1699e-02 -1.2534e-01 9.0211e-02 8.7481e-02 9.4138e-02 -3.3540e-02 1.8984e-02 -4.2460e-02 6.0063e-02 -5.1617e-02 1.2061e-02 -5.1617e-02 4.3566e-02 5.0516e-02 3.2131e-02 -1.9005e-02 1.5330e-02 -2.8838e-02 -2.8838e-02 -3.0692e-02 -2.8838e-02 -2.8838e-02 -2.8838e-02 -2.5196e-03 1.4517e-02 -3.5141e-03 -3.5141e-03 -1.9646e-02 1.6160e-02 -4.1653e-02 -4.1653e-02 -4.3485e-02 -4.3485e-02 -4.3485e-02 -4.3485e-02 -1.7706e-02 -1.0733e-02 -1.0733e-02 -3.1682e-02 -2.0780e-03 -1.0258e-02 -2.0780e-03 -2.0780e-03 -1.5861e-03 -3.0166e-02
-3.6302e-02 -4.4716e-03 4.0050e-03 4.0050e-03 4.6815e-03 -2.0524e-02 -2.1498e-02 -2.7519e-02 1.0000e+00 1.0000e+00 1.0000e+00 1.0000e+00 -9.2263e-01 2.4794e-01 -1.1510e-01 -8.3559e-02 -8.3559e-02 -8.3094e-02 -3.7518e-01 -1.0787e-01 -1.2863e-01 -1.0405e-01 -8.1699e-02 -1.2534e-01 9.0211e-02 8.7481e-02 9.4138e-02 -3.3540e-02 1.8984e-02 -4.2460e-02 6.0063e-02 -5.1617e-02 1.2061e-02 -5.1617e-02 4.3566e-02 5.0516e-02 3.2131e-02 -1.9005e-02 1.5330e-02 -2.8838e-02 -2.8838e-02 -3.0692e-02 -2.8838e-02 -2.8838e-02 -2.8838e-02 -2.5196e-03 1.4517e-02 -3.5141e-03 -3.5141e-03 -1.9646e-02 1.6160e-02 -4.1653e-02 -4.1653e-02 -4.3485e-02 -4.3485e-02 -4.3485e-02 -4.3485e-02 -1.7706e-02 -1.0733e-02 -1.0733e-02 -3.1682e-02 -2.0780e-03 -1.0258e-02 -2.0780e-03 -2.0780e-03 -1.5861e-03 -3.0166e-02
3.5813e-02 1.0823e-03 -1.5587e-02 -1.5587e-02 -1.6275e-02 3.1546e-02 3.2582e-02 2.8839e-02 -9.2263e-01 -9.2263e-01 -9.2263e-01 -9.2263e-01 1.0000e+00 -2.5655e-01 9.8238e-02 7.0008e-02 7.0008e-02 6.9507e-02 3.5083e-01 1.0183e-01 1.1733e-01 8.3310e-02 6.8002e-02 1.1081e-01 -9.0471e-02 -9.6010e-02 -9.6789e-02 4.9522e-02 -2.0190e-02 5.4858e-02 -6.3881e-02 3.5450e-02 -1.0245e-02 3.5450e-02 -3.1249e-02 -3.3129e-02 -2.5756e-03 1.1319e-02 -1.9345e-02 3.0905e-02 3.0905e-02 3.2878e-02 3.0905e-02 3.0905e-02 3.0905e-02 -5.2894e-03 -2.0132e-02 -4.2867e-03 -4.2867e-03 1.0933e-02 -2.6193e-02 3.3806e-02 3.3806e-02 3.5619e-02 3.5619e-02 3.5619e-02 3.5619e-02 8.9886e-03 3.5375e-03 3.5375e-03 4.3828e-02 1.6335e-03 9.3248e-03 1.6335e-03 1.6335e-03 1.1105e-03 4.2107e-02
-1.4403e-02 4.7192e-02 4.0223e-02 4.0223e-02 4.2791e-02 2.3700e-02 1.5921e-02 1.1850e-02 2.4794e-01 2.4794e-01 2.4794e-01 2.4794e-01 -2.5655e-01 1.0000e+00 -6.5421e-02 -8.6842e-02 -8.2801e-02 -8.4944e-02 -1.0319e-01 -7.9717e-02 -9.6590e-02 -8.6448e-02 -8.3291e-02 -4.7796e-02 1.1937e-01 1.2035e-01 8.6353e-02 -2.1859e-02 -3.5456e-03 -1.6846e-02 -5.8563e-02 3.7743e-02 2.8552e-02 3.7743e-02 -7.8756e-02 -1.0506e-01 1.7190e-03 -4.3512e-02 1.6452e-02 -7.0954e-02 -7.7463e-02 -7.7825e-02 -7.0954e-02 -7.0954e-02 -7.0954e-02 -3.6107e-02 -1.0246e-02 -4.0164e-02 -4.0164e-02 -4.4034e-02 -7.1227e-02 -1.9508e-02 -2.9947e-02 -2.4805e-02 -2.4805e-02 -2.4805e-02 -2.4805e-02 3.5595e-02 3.1729e-02 3.1729e-02 -3.8983e-02 5.0224e-02 4.8112e-02 5.0224e-02 5.0224e-02 4.8112e-02 -3.3974e-02
-2.6282e-02 -2.6413e-02 -3.7506e-02 -3.7506e-02 -3.8463e-02 5.8558e-02 6.0062e-02 4.2805e-02 -1.1510e-01 -1.1510e-01 -1.1510e-01 -1.1510e-01 9.8238e-02 -6.5421e-02 1.0000e+00 3.1773e-01 3.1773e-01 3.1708e-01 4.2188e-01 5.8367e-01 2.1505e-01 4.5199e-01 3.1514e-01 3.1666e-01 -2.7803e-01 -2.7429e-01 -3.0817e-01 -5.5453e-02 -2.9310e-02 -5.5869e-02 -6.6756e-02 4.1321e-01 -1.6754e-01 4.1321e-01 -8.2615e-02 -6.2807e-02 -4.9610e-02 1.8707e-01 -4.5769e-02 -6.0418e-02 -7.0240e-02 -6.8359e-02 -6.0418e-02 -6.0418e-02 -6.0418e-02 5.7790e-03 2.8009e-02 7.3275e-03 7.3275e-03 1.7741e-02 -9.2986e-03 1.9542e-02 3.7893e-03 5.8366e-03 5.8366e-03 5.8366e-03 5.8366e-03 6.2046e-03 1.6248e-02 1.6248e-02 -7.5028e-03 1.3731e-02 1.9026e-02 1.3731e-02 1.3731e-02 1.2969e-02 -9.2424e-03
-6.3712e-02 -1.0726e-01 -1.4979e-01 -1.4979e-01 -1.4701e-01 -1.6846e-02 -1.2111e-02 -1.9764e-03 -8.3559e-02 -8.3559e-02 -8.3559e-02 -8.3559e-02 7.0008e-02 -8.6842e-02 3.1773e-01 1.0000e+00 9.9590e-01 9.9795e-01 1.3405e-01 5.3384e-01 5.9867e-01 6.6481e-01 9.7130e-01 4.7272e-01 -8.0135e-01 -7.9770e-01 -6.8077e-01 2.5198e-01 3.8827e-02 1.5334e-01 8.3559e-02 4.0153e-02 -2.9536e-01 4.0153e-02 8.3623e-02 6.0785e-02 4.7448e-02 -7.1476e-02 -6.6526e-02 1.6782e-01 1.6782e-01 1.6374e-01 1.6782e-01 1.6782e-01 1.6782e-01 -7.0812e-03 8.0386e-03 -2.3820e-03 -2.3820e-03 9.5908e-04 1.1693e-02 -4.5381e-02 -5.5969e-02 -5.0401e-02 -5.0401e-02 -5.0401e-02 -5.0401e-02 2.0112e-02 1.3329e-02 1.3329e-02 -7.7036e-02 3.5460e-02 3.7134e-02 3.5460e-02 3.5460e-02 3.7134e-02 -7.2177e-02
-6.9789e-02 -1.1245e-01 -1.5550e-01 -1.5550e-01 -1.5271e-01 -1.6846e-02 -1.2111e-02 -1.9764e-03 -8.3559e-02 -8.3559e-02 -8.3559e-02 -8.3559e-02 7.0008e-02 -8.2801e-02 3.1773e-01 9.9590e-01 1.0000e+00 9.9795e-01 1.3405e-01 5.3384e-01 5.9867e-01 6.6481e-01 9.6720e-01 4.7272e-01 -7.9717e-01 -7.9351e-01 -6.8077e-01 2.5198e-01 3.8827e-02 1.5334e-01 8.3559e-02 4.5385e-02 -2.9536e-01 4.5385e-02 8.3623e-02 6.0785e-02 4.7448e-02 -6.7357e-02 -6.6526e-02 1.6782e-01 1.6782e-01 1.6374e-01 1.6782e-01 1.6782e-01 1.6782e-01 9.5908e-04 1.7508e-02 5.7137e-03 5.7137e-03 8.9993e-03 1.1693e-02 -4.5381e-02 -5.5969e-02 -5.0401e-02 -5.0401e-02 -5.0401e-02 -5.0401e-02 2.4201e-02 1.7450e-02 1.7450e-02 -7.7036e-02 3.9532e-02 4.1205e-02 3.9532e-02 3.9532e-02 4.1205e-02 -7.2177e-02
-6.4502e-02 -1.0826e-01 -1.5068e-01 -1.5068e-01 -1.4790e-01 -1.8880e-02 -1.4134e-02 -4.0909e-03 -8.3094e-02 -8.3094e-02 -8.3094e-02 -8.3094e-02 6.9507e-02 -8.4944e-02 3.1708e-01 9.9795e-01 9.9795e-01 1.0000e+00 1.3377e-01 5.3274e-01 5.9736e-01 6.6338e-01 9.6922e-01 4.7168e-01 -7.9900e-01 -7.9532e-01 -6.7863e-01 2.5140e-01 3.8685e-02 1.5265e-01 8.3094e-02 4.4450e-02 -2.9668e-01 4.4450e-02 8.3144e-02 6.0391e-02 4.7200e-02 -6.9032e-02 -6.6892e-02 1.6719e-01 1.6719e-01 1.6312e-01 1.6719e-01 1.6719e-01 1.6719e-01 4.1575e-04 1.7062e-02 5.1763e-03 5.1763e-03 8.4589e-03 1.0926e-02 -4.5798e-02 -5.6389e-02 -5.0814e-02 -5.0814e-02 -5.0814e-02 -5.0814e-02 2.2490e-02 1.5809e-02 1.5809e-02 -7.7495e-02 3.7776e-02 3.9446e-02 3.7776e-02 3.7776e-02 3.9446e-02 -7.2640e-02
-3.0005e-03 5.7924e-03 -1.1806e-02 -1.1806e-02 -1.2221e-02 5.7508e-03 6.3855e-03 -9.1499e-04 -3.7518e-01 -3.7518e-01 -3.7518e-01 -3.7518e-01 3.5083e-01 -1.0319e-01 4.2188e-01 1.3405e-01 1.3405e-01 1.3377e-01 1.0000e+00 2.4903e-01 2.1201e-01 1.9327e-01 1.3295e-01 2.6558e-01 -1.2254e-01 -1.2098e-01 -1.3515e-01 -1.0353e-02 -1.2365e-02 2.0053e-02 -1.1504e-02 2.3922e-01 -8.2017e-02 2.3922e-01 -1.3240e-02 -6.0995e-04 -2.0930e-02 1.4315e-01 -2.7011e-02 -1.2726e-02 -1.2726e-02 -1.1788e-02 -1.2726e-02 -1.2726e-02 -1.2726e-02 7.8885e-03 2.4180e-02 8.5794e-03 8.5794e-03 3.3324e-02 -3.4667e-03 1.8645e-03 1.8645e-03 2.7316e-03 2.7316e-03 2.7316e-03 2.7316e-03 1.9249e-02 2.6203e-02 2.6203e-02 -2.9175e-03 2.7570e-02 4.0122e-02 2.7570e-02 2.7570e-02 2.7243e-02 -3.6541e-03
1.3247e-02 -3.0732e-02 -5.4594e-02 -5.4594e-02 -5.0063e-02 9.1530e-02 9.4078e-02 9.1116e-02 -1.0787e-01 -1.0787e-01 -1.0787e-01 -1.0787e-01 1.0183e-01 -7.9717e-02 5.8367e-01 5.3384e-01 5.3384e-01 5.3274e-01 2.4903e-01 1.0000e+00 5.7816e-01 7.0925e-01 5.2498e-01 7.6919e-01 -4.4226e-01 -4.4037e-01 -4.8503e-01 4.1589e-01 -4.9655e-02 3.3109e-01 1.7411e-01 2.0248e-01 -2.3899e-01 2.0248e-01 1.6190e-01 1.9982e-01 8.2679e-04 1.4120e-01 -2.0625e-03 6.7397e-02 6.0242e-02 5.7743e-02 6.7397e-02 6.7397e-02 6.7397e-02 -7.0170e-03 4.1260e-02 -4.5096e-03 -4.5096e-03 1.6979e-03 -4.7799e-02 -1.2252e-02 -2.3728e-02 -2.0648e-02 -2.0648e-02 -2.0648e-02 -2.0648e-02 4.3436e-02 3.5361e-02 3.5361e-02 -3.0116e-02 5.1743e-02 5.4857e-02 5.1743e-02 5.1743e-02 5.4857e-02 -2.2294e-02
-4.9531e-02 -8.8602e-02 -1.1823e-01 -1.1823e-01 -1.1417e-01 2.5967e-02 2.8961e-02 4.8365e-02 -1.2863e-01 -1.2863e-01 -1.2863e-01 -1.2863e-01 1.1733e-01 -9.6590e-02 2.1505e-01 5.9867e-01 5.9867e-01 5.9736e-01 2.1201e-01 5.7816e-01 1.0000e+00 8.9475e-01 6.1869e-01 7.9359e-01 -5.0949e-01 -5.0189e-01 -3.8578e-01 3.7208e-01 4.9139e-02 2.6538e-01 1.6442e-01 -1.1514e-03 -2.4926e-01 -1.1514e-03 1.6850e-01 1.5866e-01 6.1772e-02 1.7658e-02 -1.4226e-02 2.5716e-01 2.5716e-01 2.5064e-01 2.5716e-01 2.5716e-01 2.5716e-01 -2.9700e-02 6.1353e-03 -2.6903e-02 -2.6903e-02 -2.1460e-02 4.2577e-03 -2.9834e-02 -4.0684e-02 -3.7232e-02 -3.7232e-02 -3.7232e-02 -3.7232e-02 3.3300e-02 2.3417e-02 2.3417e-02 -5.9886e-02 2.8716e-02 3.1371e-02 2.8716e-02 2.8716e-02 3.1371e-02 -5.2861e-02
-5.7951e-02 -7.2031e-02 -1.1244e-01 -1.1244e-01 -1.0873e-01 4.5304e-02 4.8588e-02 6.3522e-02 -1.0405e-01 -1.0405e-01 -1.0405e-01 -1.0405e-01 8.3310e-02 -8.6448e-02 4.5199e-01 6.6481e-01 6.6481e-01 6.6338e-01 1.9327e-01 7.0925e-01 8.9475e-01 1.0000e+00 6.8792e-01 7.2770e-01 -5.6700e-01 -5.6710e-01 -4.5707e-01 3.5485e-01 4.1191e-02 2.5192e-01 1.4784e-01 1.5104e-01 -2.7947e-01 1.5104e-01 1.5102e-01 1.3691e-01 4.8776e-02 9.3192e-02 -2.8995e-02 2.2126e-01 2.1464e-01 2.1521e-01 2.2126e-01 2.2126e-01 2.2126e-01 -3.6922e-02 -4.4372e-03 -3.3884e-02 -3.3884e-02 -2.8858e-02 -2.9845e-02 -3.6227e-02 -4.6846e-02 -4.3089e-02 -4.3089e-02 -4.3089e-02 -4.3089e-02 3.8737e-02 2.8776e-02 2.8776e-02 -5.7861e-02 2.7640e-02 3.0060e-02 2.7640e-02 2.7640e-02 3.0060e-02 -5.1422e-02
-6.0791e-02 -1.0089e-01 -1.4191e-01 -1.4191e-01 -1.3917e-01 -8.8172e-03 -4.0429e-03 5.7448e-03 -8.1699e-02 -8.1699e-02 -8.1699e-02 -8.1699e-02 6.8002e-02 -8.3291e-02 3.1514e-01 9.7130e-01 9.6720e-01 9.6922e-01 1.3295e-01 5.2498e-01 6.1869e-01 6.8792e-01 1.0000e+00 5.0060e-01 -8.0872e-01 -8.0499e-01 -6.9681e-01 2.5642e-01 3.8257e-02 1.5682e-01 9.0442e-02 3.1159e-02 -3.0067e-01 3.1159e-02 9.0243e-02 6.9431e-02 4.6457e-02 -7.4065e-02 -6.7991e-02 1.7191e-01 1.7191e-01 1.6792e-01 1.7191e-01 1.7191e-01 1.7191e-01 -2.5372e-02 -1.2726e-02 -2.0760e-02 -2.0760e-02 -1.7320e-02 2.0755e-02 -4.7049e-02 -5.7652e-02 -5.2055e-02 -5.2055e-02 -5.2055e-02 -5.2055e-02 2.9634e-02 1.9133e-02 1.9133e-02 -7.8877e-02 4.0660e-02 4.2319e-02 4.0660e-02 4.0660e-02 4.2319e-02 -7.4032e-02
8.7660e-03 -2.6801e-02 -5.7455e-02 -5.7455e-02 -5.2625e-02 4.9389e-02 5.1779e-02 6.0377e-02 -1.2534e-01 -1.2534e-01 -1.2534e-01 -1.2534e-01 1.1081e-01 -4.7796e-02 3.1666e-01 4.7272e-01 4.7272e-01 4.7168e-01 2.6558e-01 7.6919e-01 7.9359e-01 7.2770e-01 5.0060e-01 1.0000e+00 -3.9150e-01 -3.9006e-01 -4.3583e-01 4.6243e-01 7.0392e-02 3.5528e-01 2.2271e-01 5.5033e-02 -1.8512e-01 5.5033e-02 2.1936e-01 2.1768e-01 7.8389e-02 1.3801e-01 -5.9042e-03 9.6694e-02 8.9331e-02 8.6610e-02 9.6694e-02 9.6694e-02 9.6694e-02 -1.8363e-02 3.4434e-02 -1.6093e-02 -1.6093e-02 -9.3952e-03 6.9437e-03 -1.2818e-02 -2.4626e-02 -2.1769e-02 -2.1769e-02 -2.1769e-02 -2.1769e-02 6.7189e-02 5.6560e-02 5.6560e-02 -4.0486e-02 7.2745e-02 7.6061e-02 7.2745e-02 7.2745e-02 7.6061e-02 -3.2055e-02
4.9024e-02 1.0403e-01 1.4855e-01 1.4855e-01 1.4597e-01 4.4282e-02 4.3218e-02 2.8727e-02 9.0211e-02 9.0211e-02 9.0211e-02 9.0211e-02 -9.0471e-02 1.1937e-01 -2.7803e-01 -8.0135e-01 -7.9717e-01 -7.9900e-01 -1.2254e-01 -4.4226e-01 -5.0949e-01 -5.6700e-01 -8.0872e-01 -3.9150e-01 1.0000e+00 9.8726e-01 8.7752e-01 -2.4815e-01 -3.2732e-02 -1.6822e-01 -8.1310e-02 1.6794e-02 3.4065e-01 1.6794e-02 -8.0352e-02 -7.4959e-02 -5.2741e-02 1.3682e-01 1.0782e-01 -1.6108e-01 -1.6108e-01 -1.6421e-01 -1.6108e-01 -1.6108e-01 -1.6108e-01 5.5639e-02 3.0922e-02 5.0829e-02 5.0829e-02 4.7442e-02 -2.7539e-02 2.0624e-02 3.1418e-02 2.4944e-02 2.4944e-02 2.4944e-02 2.4944e-02 2.1521e-02 2.0791e-02 2.0791e-02 5.7217e-02 -4.2716e-03 -5.8095e-03 -4.2716e-03 -4.2716e-03 -5.8095e-03 5.2916e-02
4.1465e-02 9.4382e-02 1.4248e-01 1.4248e-01 1.3996e-01 3.6222e-02 3.5105e-02 2.1124e-02 8.7481e-02 8.7481e-02 8.7481e-02 8.7481e-02 -9.6010e-02 1.2035e-01 -2.7429e-01 -7.9770e-01 -7.9351e-01 -7.9532e-01 -1.2098e-01 -4.4037e-01 -5.0189e-01 -5.6710e-01 -8.0499e-01 -3.9006e-01 9.8726e-01 1.0000e+00 8.7005e-01 -2.4488e-01 -3.1884e-02 -1.6423e-01 -7.8549e-02 6.6353e-03 3.4929e-01 6.6353e-03 -8.6225e-02 -7.2660e-02 -5.1296e-02 1.3477e-01 1.1029e-01 -1.5740e-01 -1.5740e-01 -1.6059e-01 -1.5740e-01 -1.5740e-01 -1.5740e-01 5.0939e-02 2.4113e-02 4.6029e-02 4.6029e-02 4.2713e-02 -2.2902e-02 2.3149e-02 3.3980e-02 2.7450e-02 2.7450e-02 2.7450e-02 2.7450e-02 1.5415e-02 1.4106e-02 1.4106e-02 6.0061e-02 -1.0092e-02 -1.1609e-02 -1.0092e-02 -1.0092e-02 -1.1609e-02 5.5777e-02
3.6282e-02 8.7716e-02 1.2342e-01 1.2342e-01 1.2070e-01 4.0980e-02 4.0314e-02 2.5818e-02 9.4138e-02 9.4138e-02 9.4138e-02 9.4138e-02 -9.6789e-02 8.6353e-02 -3.0817e-01 -6.8077e-01 -6.8077e-01 -6.7863e-01 -1.3515e-01 -4.8503e-01 -3.8578e-01 -4.5707e-01 -6.9681e-01 -4.3583e-01 8.7752e-01 8.7005e-01 1.0000e+00 -2.6779e-01 -3.9398e-02 -1.9341e-01 -1.0286e-01 3.1268e-03 2.8097e-01 3.1268e-03 -9.4049e-02 -9.2947e-02 -6.4078e-02 9.7694e-02 1.1409e-01 -1.7693e-01 -1.7693e-01 -1.7954e-01 -1.7693e-01 -1.7693e-01 -1.7693e-01 4.5046e-02 2.7993e-02 4.0648e-02 4.0648e-02 3.7017e-02 -1.4755e-02 1.2002e-02 2.2575e-02 1.6628e-02 1.6628e-02 1.6628e-02 1.6628e-02 -1.4702e-02 -1.9889e-02 -1.9889e-02 4.5636e-02 -4.6543e-02 -4.8228e-02 -4.6543e-02 -4.6543e-02 -4.8228e-02 4.1079e-02
3.7586e-03 -1.3566e-02 -5.7592e-03 -5.7592e-03 2.7037e-03 1.0499e-01 1.0631e-01 1.1117e-01 -3.3540e-02 -3.3540e-02 -3.3540e-02 -3.3540e-02 4.9522e-02 -2.1859e-02 -5.5453e-02 2.5198e-01 2.5198e-01 2.5140e-01 -1.0353e-02 4.1589e-01 3.7208e-01 3.5485e-01 2.5642e-01 4.6243e-01 -2.4815e-01 -2.4488e-01 -2.6779e-01 1.0000e+00 2.3315e-01 7.8999e-01 4.7902e-01 -1.3082e-01 -1.6318e-01 -1.3082e-01 4.7747e-01 4.3560e-01 2.1420e-01 6.7395e-02 -3.6017e-02 2.5604e-01 2.5604e-01 2.6040e-01 2.5604e-01 2.5604e-01 2.5604e-01 -4.9751e-02 -2.7608e-02 -4.8770e-02 -4.8770e-02 -4.9751e-02 -3.7124e-02 3.8802e-03 3.8802e-03 5.6848e-03 5.6848e-03 5.6848e-03 5.6848e-03 -7.0513e-03 2.6969e-04 2.6969e-04 -6.0717e-03 -2.9448e-03 -3.6101e-03 -2.9448e-03 -2.9448e-03 3.0906e-03 8.4673e-03
9.4280e-03 2.9360e-02 4.5050e-03 4.5050e-03 4.2750e-03 -3.0799e-04 -4.6582e-18 -3.5456e-03 1.8984e-02 1.8984e-02 1.8984e-02 1.8984e-02 -2.0190e-02 -3.5456e-03 -2.9310e-02 3.8827e-02 3.8827e-02 3.8685e-02 -1.2365e-02 -4.9655e-02 4.9139e-02 4.1191e-02 3.8257e-02 7.0392e-02 -3.2732e-02 -3.1884e-02 -3.9398e-02 2.3315e-01 1.0000e+00 2.1048e-01 2.6022e-01 -3.6526e-02 -4.6797e-02 -3.6526e-02 2.5306e-01 -1.5966e-02 4.9065e-01 6.8405e-02 -1.3106e-02 5.8006e-02 5.8006e-02 5.9010e-02 5.8006e-02 5.8006e-02 5.8006e-02 3.0568e-02 4.3226e-02 3.1088e-02 3.1088e-02 3.0568e-02 4.7906e-02 -1.5347e-02 -1.5347e-02 -1.5136e-02 -1.5136e-02 -1.5136e-02 -1.5136e-02 3.8631e-02 4.2234e-02 4.2234e-02 -1.6566e-02 3.6297e-02 3.6133e-02 3.6297e-02 3.6297e-02 3.6133e-02 -1.6762e-02
1.7091e-02 -1.8181e-02 4.0391e-03 4.0391e-03 1.1653e-02 9.6677e-02 9.8139e-02 9.9817e-02 -4.2460e-02 -4.2460e-02 -4.2460e-02 -4.2460e-02 5.4858e-02 -1.6846e-02 -5.5869e-02 1.5334e-01 1.5334e-01 1.5265e-01 2.0053e-02 3.3109e-01 2.6538e-01 2.5192e-01 1.5682e-01 3.5528e-01 -1.6822e-01 -1.6423e-01 -1.9341e-01 7.8999e-01 2.1048e-01 1.0000e+00 6.3940e-01 -1.7354e-01 -2.1541e-01 -1.7354e-01 6.0662e-01 5.2906e-01 2.3728e-01 6.8397e-02 -6.2271e-02 3.2575e-01 3.2575e-01 3.3095e-01 3.2575e-01 3.2575e-01 3.2575e-01 -6.2441e-02 -3.9215e-02 -6.1404e-02 -6.1404e-02 -6.2441e-02 -4.8486e-02 7.5156e-03 7.5156e-03 9.5561e-03 9.5561e-03 9.5561e-03 9.5561e-03 2.2010e-02 2.5344e-02 2.5344e-02 1.1269e-02 1.7774e-02 1.7032e-02 1.7774e-02 1.7774e-02 2.3217e-02 2.4216e-02
3.6302e-02 4.4716e-03 2.0340e-02 2.0340e-02 1.9595e-02 5.4921e-02 5.5895e-02 5.3344e-02 6.0063e-02 6.0063e-02 6.0063e-02 6.0063e-02 -6.3881e-02 -5.8563e-02 -6.6756e-02 8.3559e-02 8.3559e-02 8.3094e-02 -1.1504e-02 1.7411e-01 1.6442e-01 1.4784e-01 9.0442e-02 2.2271e-01 -8.1310e-02 -7.8549e-02 -1.0286e-01 4.7902e-01 2.6022e-01 6.3940e-01 1.0000e+00 -1.1557e-01 -1.4806e-01 -1.1557e-01 9.3683e-01 7.9756e-01 4.3489e-01 2.7346e-01 -4.1468e-02 5.4916e-01 5.4916e-01 5.5546e-01 5.4916e-01 5.4916e-01 5.4916e-01 -1.4607e-02 5.6543e-03 -1.3731e-02 -1.3731e-02 -1.4607e-02 9.6448e-03 4.1653e-02 4.1653e-02 4.3485e-02 2.0641e-02 2.0641e-02 2.0641e-02 6.1256e-02 6.3401e-02 6.3401e-02 1.0658e-02 5.4123e-02 5.3618e-02 5.4123e-02 5.4123e-02 6.2290e-02 9.3661e-03
1.4723e-02 -6.7358e-03 -1.9992e-02 -1.9992e-02 -2.1259e-02 3.6777e-02 3.8651e-02 3.2584e-02 -5.1617e-02 -5.1617e-02 -5.1617e-02 -5.1617e-02 3.5450e-02 3.7743e-02 4.1321e-01 4.0153e-02 4.5385e-02 4.4450e-02 2.3922e-01 2.0248e-01 -1.1514e-03 1.5104e-01 3.1159e-02 5.5033e-02 1.6794e-02 6.6353e-03 3.1268e-03 -1.3082e-01 -3.6526e-02 -1.7354e-01 -1.1557e-01 1.0000e+00 -2.8488e-01 1.0000e+00 -9.6995e-02 -9.7197e-02 -6.1823e-02 5.1897e-01 -6.4123e-02 -1.4412e-01 -1.5255e-01 -1.5076e-01 -1.4412e-01 -1.4412e-01 -1.4412e-01 6.4686e-03 3.2444e-03 8.3932e-03 8.3932e-03 1.6733e-02 -9.4988e-02 2.8214e-02 1.4698e-02 1.7378e-02 1.7378e-02 1.7378e-02 1.7378e-02 4.2035e-02 3.6155e-02 3.6155e-02 -1.2650e-02 4.4218e-02 4.8458e-02 4.4218e-02 4.4218e-02 4.3261e-02 -1.4782e-02
-4.7060e-02 1.1529e-02 -8.3111e-03 -8.3111e-03 -9.9832e-03 -4.9566e-02 -5.1656e-02 -5.2385e-02 1.2061e-02 1.2061e-02 1.2061e-02 1.2061e-02 -1.0245e-02 2.8552e-02 -1.6754e-01 -2.9536e-01 -2.9536e-01 -2.9668e-01 -8.2017e-02 -2.3899e-01 -2.4926e-01 -2.7947e-01 -3.0067e-01 -1.8512e-01 3.4065e-01 3.4929e-01 2.8097e-01 -1.6318e-01 -4.6797e-02 -2.1541e-01 -1.4806e-01 -2.8488e-01 1.0000e+00 -2.8488e-01 -1.5215e-01 -1.2453e-01 -6.1783e-02 2.0276e-01 -8.8570e-02 -1.4013e-01 -1.4013e-01 -1.3737e-01 -1.4013e-01 -1.4013e-01 -1.4013e-01 7.8878e-02 6.4956e-02 7.2823e-02 7.2823e-02 6.9932e-02 9.2827e-02 2.1664e-02 2.1664e-02 2.5134e-02 2.5134e-02 2.5134e-02 2.5134e-02 -3.6891e-02 -2.5187e-02 -2.5187e-02 4.6504e-02 -2.6515e-02 -2.7719e-02 -2.6515e-02 -2.6515e-02 -2.7719e-02 4.3103e-02
1.4723e-02 -6.7358e-03 -1.9992e-02 -1.9992e-02 -2.1259e-02 3.6777e-02 3.8651e-02 3.2584e-02 -5.1617e-02 -5.1617e-02 -5.1617e-02 -5.1617e-02 3.5450e-02 3.7743e-02 4.1321e-01 4.0153e-02 4.5385e-02 4.4450e-02 2.3922e-01 2.0248e-01 -1.1514e-03 1.5104e-01 3.1159e-02 5.5033e-02 1.6794e-02 6.6353e-03 3.1268e-03 -1.3082e-01 -3.6526e-02 -1.7354e-01 -1.1557e-01 1.0000e+00 -2.8488e-01 1.0000e+00 -9.6995e-02 -9.7197e-02 -6.1823e-02 5.1897e-01 -6.4123e-02 -1.4412e-01 -1.5255e-01 -1.5076e-01 -1.4412e-01 -1.4412e-01 -1.4412e-01 6.4686e-03 3.2444e-03 8.3932e-03 8.3932e-03 1.6733e-02 -9.4988e-02 2.8214e-02 1.4698e-02 1.7378e-02 1.7378e-02 1.7378e-02 1.7378e-02 4.2035e-02 3.6155e-02 3.6155e-02 -1.2650e-02 4.4218e-02 4.8458e-02 4.4218e-02 4.4218e-02 4.3261e-02 -1.4782e-02
4.3291e-02 9.1381e-03 2.6530e-02 2.6530e-02 2.5749e-02 4.9368e-02 5.0369e-02 5.5701e-02 4.3566e-02 4.3566e-02 4.3566e-02 4.3566e-02 -3.1249e-02 -7.8756e-02 -8.2615e-02 8.3623e-02 8.3623e-02 8.3144e-02 -1.3240e-02 1.6190e-01 1.6850e-01 1.5102e-01 9.0243e-02 2.1936e-01 -8.0352e-02 -8.6225e-02 -9.4049e-02 4.7747e-01 2.5306e-01 6.0662e-01 9.3683e-01 -9.6995e-02 -1.5215e-01 -9.6995e-02 1.0000e+00 8.1846e-01 4.8803e-01 2.9949e-01 -4.2613e-02 5.5926e-01 5.5926e-01 5.6569e-01 5.5926e-01 5.5926e-01 5.5926e-01 -1.7650e-02 2.7012e-03 -1.6768e-02 -1.6768e-02 -1.7650e-02 -2.0584e-02 3.8168e-02 3.8168e-02 3.9990e-02 1.7690e-02 1.7690e-02 1.7690e-02 5.7577e-02 6.0190e-02 6.0190e-02 7.7118e-03 5.8737e-02 5.8217e-02 5.8737e-02 5.8737e-02 6.6683e-02 6.4186e-03
7.3023e-02 3.0741e-02 5.7058e-02 5.7058e-02 5.6320e-02 4.4427e-02 4.5247e-02 4.5924e-02 5.0516e-02 5.0516e-02 5.0516e-02 5.0516e-02 -3.3129e-02 -1.0506e-01 -6.2807e-02 6.0785e-02 6.0785e-02 6.0391e-02 -6.0995e-04 1.9982e-01 1.5866e-01 1.3691e-01 6.9431e-02 2.1768e-01 -7.4959e-02 -7.2660e-02 -9.2947e-02 4.3560e-01 -1.5966e-02 5.2906e-01 7.9756e-01 -9.7197e-02 -1.2453e-01 -9.7197e-02 8.1846e-01 1.0000e+00 1.6800e-01 2.5214e-01 -3.4877e-02 5.7092e-01 5.7092e-01 5.7715e-01 5.7092e-01 5.7092e-01 5.7092e-01 -1.5447e-02 1.0316e-03 -1.4732e-02 -1.4732e-02 -1.5447e-02 -1.8356e-02 3.8271e-02 3.8271e-02 3.9853e-02 1.3143e-02 1.3143e-02 1.3143e-02 1.7929e-02 2.6853e-02 2.6853e-02 5.0827e-03 3.2353e-02 3.1931e-02 3.2353e-02 3.2353e-02 4.2071e-02 4.0373e-03
1.9828e-02 -3.1728e-03 -1.0569e-02 -1.0569e-02 -1.0908e-02 7.1909e-03 7.7122e-03 1.7160e-02 3.2131e-02 3.2131e-02 3.2131e-02 3.2131e-02 -2.5756e-03 1.7190e-03 -4.9610e-02 4.7448e-02 4.7448e-02 4.7200e-02 -2.0930e-02 8.2679e-04 6.1772e-02 4.8776e-02 4.6457e-02 7.8389e-02 -5.2741e-02 -5.1296e-02 -6.4078e-02 2.1420e-01 4.9065e-01 2.3728e-01 4.3489e-01 -6.1823e-02 -6.1783e-02 -6.1823e-02 4.8803e-01 1.6800e-01 1.0000e+00 1.6037e-01 -2.2184e-02 3.0838e-01 3.0838e-01 3.1188e-01 3.0838e-01 3.0838e-01 3.0838e-01 -4.5805e-03 6.8333e-03 -4.0894e-03 -4.0894e-03 -4.5805e-03 -3.7728e-03 -2.5976e-02 -2.5976e-02 -2.5619e-02 -2.5619e-02 -2.5619e-02 -2.5619e-02 2.8932e-02 3.4746e-02 3.4746e-02 -2.8039e-02 5.6250e-02 5.5973e-02 5.6250e-02 5.6250e-02 5.5973e-02 -2.8371e-02
3.1298e-02 -2.0397e-02 -3.3812e-02 -3.3812e-02 -3.6012e-02 5.5578e-02 5.4771e-02 4.9899e-02 -1.9005e-02 -1.9005e-02 -1.9005e-02 -1.9005e-02 1.1319e-02 -4.3512e-02 1.8707e-01 -7.1476e-02 -6.7357e-02 -6.9032e-02 1.4315e-01 1.4120e-01 1.7658e-02 9.3192e-02 -7.4065e-02 1.3801e-01 1.3682e-01 1.3477e-01 9.7694e-02 6.7395e-02 6.8405e-02 6.8397e-02 2.7346e-01 5.1897e-01 2.0276e-01 5.1897e-01 2.9949e-01 2.5214e-01 1.6037e-01 1.0000e+00 -1.3833e-01 7.2568e-02 6.5933e-02 7.1857e-02 7.2568e-02 7.2568e-02 7.2568e-02 3.0378e-02 3.5891e-02 2.5710e-02 2.5710e-02 3.0378e-02 2.2668e-02 7.2113e-02 6.1473e-02 6.6584e-02 5.5806e-02 5.5806e-02 5.5806e-02 -1.0078e-02 -1.6467e-04 -1.6467e-04 3.3465e-02 1.2029e-02 1.4479e-02 1.2029e-02 1.2029e-02 1.4479e-02 2.9177e-02
8.4645e-03 -3.4249e-02 -1.8672e-02 -1.8672e-02 -1.9095e-02 4.7671e-02 4.8344e-02 5.2748e-02 1.5330e-02 1.5330e-02 1.5330e-02 1.5330e-02 -1.9345e-02 1.6452e-02 -4.5769e-02 -6.6526e-02 -6.6526e-02 -6.6892e-02 -2.7011e-02 -2.0625e-03 -1.4226e-02 -2.8995e-02 -6.7991e-02 -5.9042e-03 1.0782e-01 1.1029e-01 1.1409e-01 -3.6017e-02 -1.3106e-02 -6.2271e-02 -4.1468e-02 -6.4123e-02 -8.8570e-02 -6.4123e-02 -4.2613e-02 -3.4877e-02 -2.2184e-02 -1.3833e-01 1.0000e+00 -3.7997e-02 -3.7997e-02 -5.7146e-02 -3.7997e-02 -3.7997e-02 -3.7997e-02 2.5842e-03 1.8825e-02 3.2766e-03 3.2766e-03 2.5842e-03 7.9314e-03 -3.3525e-02 -3.3525e-02 -3.3063e-02 -3.3063e-02 -3.3063e-02 -3.3063e-02 6.3983e-02 5.9356e-02 5.9356e-02 -3.6187e-02 4.6778e-02 4.6426e-02 4.6778e-02 4.6778e-02 4.6426e-02 -3.6615e-02
-2.5008e-03 -3.7758e-02 -2.1565e-02 -2.1565e-02 -2.2462e-02 3.4406e-02 3.5763e-02 5.9230e-02 -2.8838e-02 -2.8838e-02 -2.8838e-02 -2.8838e-02 3.0905e-02 -7.0954e-02 -6.0418e-02 1.6782e-01 1.6782e-01 1.6719e-01 -1.2726e-02 6.7397e-02 2.5716e-01 2.2126e-01 1.7191e-01 9.6694e-02 -1.6108e-01 -1.5740e-01 -1.7693e-01 2.5604e-01 5.8006e-02 3.2575e-01 5.4916e-01 -1.4412e-01 -1.4013e-01 -1.4412e-01 5.5926e-01 5.7092e-01 3.0838e-01 7.2568e-02 -3.7997e-02 1.0000e+00 9.8937e-01 9.8933e-01 1.0000e+00 1.0000e+00 1.0000e+00 -1.4212e-02 1.5101e-02 -1.2949e-02 -1.2949e-02 -1.4212e-02 -3.5107e-03 -1.6477e-02 -1.6477e-02 -1.4887e-02 -3.2160e-02 -3.2160e-02 -3.2160e-02 3.1943e-02 4.0103e-02 4.0103e-02 -2.5316e-02 3.5345e-02 3.4651e-02 3.5345e-02 3.5345e-02 4.1208e-02 -2.6688e-02
-2.5008e-03 -3.7758e-02 -2.1565e-02 -2.1565e-02 -2.2462e-02 4.0908e-02 4.2266e-02 6.5739e-02 -2.8838e-02 -2.8838e-02 -2.8838e-02 -2.8838e-02 3.0905e-02 -7.7463e-02 -7.0240e-02 1.6782e-01 1.6782e-01 1.6719e-01 -1.2726e-02 6.0242e-02 2.5716e-01 2.1464e-01 1.7191e-01 8.9331e-02 -1.6108e-01 -1.5740e-01 -1.7693e-01 2.5604e-01 5.8006e-02 3.2575e-01 5.4916e-01 -1.5255e-01 -1.4013e-01 -1.5255e-01 5.5926e-01 5.7092e-01 3.0838e-01 6.5933e-02 -3.7997e-02 9.8937e-01 1.0000e+00 9.8933e-01 9.8937e-01 9.8937e-01 9.8937e-01 -1.4212e-02 1.5101e-02 -1.2949e-02 -1.2949e-02 -1.4212e-02 -3.5107e-03 -1.6477e-02 -1.6477e-02 -1.4887e-02 -3.2160e-02 -3.2160e-02 -3.2160e-02 3.1943e-02 4.0103e-02 4.0103e-02 -2.5316e-02 3.5345e-02 3.4651e-02 3.5345e-02 3.5345e-02 4.1208e-02 -2.6688e-02
-9.9022e-03 -3.4947e-02 -1.9036e-02 -1.9036e-02 -1.9931e-02 3.4726e-02 3.6069e-02 6.0036e-02 -3.0692e-02 -3.0692e-02 -3.0692e-02 -3.0692e-02 3.2878e-02 -7.7825e-02 -6.8359e-02 1.6374e-01 1.6374e-01 1.6312e-01 -1.1788e-02 5.7743e-02 2.5064e-01 2.1521e-01 1.6792e-01 8.6610e-02 -1.6421e-01 -1.6059e-01 -1.7954e-01 2.6040e-01 5.9010e-02 3.3095e-01 5.5546e-01 -1.5076e-01 -1.3737e-01 -1.5076e-01 5.6569e-01 5.7715e-01 3.1188e-01 7.1857e-02 -5.7146e-02 9.8933e-01 9.8933e-01 1.0000e+00 9.8933e-01 9.8933e-01 9.8933e-01 -1.2568e-02 1.6698e-02 -1.1308e-02 -1.1308e-02 -1.2568e-02 -1.0368e-03 -1.5318e-02 -1.5318e-02 -1.3732e-02 -3.1153e-02 -3.1153e-02 -3.1153e-02 3.1159e-02 4.5795e-02 4.5795e-02 -2.4130e-02 4.1394e-02 4.0706e-02 4.1394e-02 4.1394e-02 4.7319e-02 -2.5496e-02
-2.5008e-03 -3.7758e-02 -2.1565e-02 -2.1565e-02 -2.2462e-02 3.4406e-02 3.5763e-02 5.9230e-02 -2.8838e-02 -2.8838e-02 -2.8838e-02 -2.8838e-02 3.0905e-02 -7.0954e-02 -6.0418e-02 1.6782e-01 1.6782e-01 1.6719e-01 -1.2726e-02 6.7397e-02 2.5716e-01 2.2126e-01 1.7191e-01 9.6694e-02 -1.6108e-01 -1.5740e-01 -1.7693e-01 2.5604e-01 5.8006e-02 3.2575e-01 5.4916e-01 -1.4412e-01 -1.4013e-01 -1.4412e-01 5.5926e-01 5.7092e-01 3.0838e-01 7.2568e-02 -3.7997e-02 1.0000e+00 9.8937e-01 9.8933e-01 1.0000e+00 1.0000e+00 1.0000e+00 -1.4212e-02 1.5101e-02 -1.2949e-02 -1.2949e-02 -1.4212e-02 -3.5107e-03 -1.6477e-02 -1.6477e-02 -1.4887e-02 -3.2160e-02 -3.2160e-02 -3.2160e-02 3.1943e-02 4.0103e-02 4.0103e-02 -2.5316e-02 3.5345e-02 3.4651e-02 3.5345e-02 3.5345e-02 4.1208e-02 -2.6688e-02
-2.5008e-03 -3.7758e-02 -2.1565e-02 -2.1565e-02 -2.2462e-02 3.4406e-02 3.5763e-02 5.9230e-02 -2.8838e-02 -2.8838e-02 -2.8838e-02 -2.8838e-02 3.0905e-02 -7.0954e-02 -6.0418e-02 1.6782e-01 1.6782e-01 1.6719e-01 -1.2726e-02 6.7397e-02 2.5716e-01 2.2126e-01 1.7191e-01 9.6694e-02 -1.6108e-01 -1.5740e-01 -1.7693e-01 2.5604e-01 5.8006e-02 3.2575e-01 5.4916e-01 -1.4412e-01 -1.4013e-01 -1.4412e-01 5.5926e-01 5.7092e-01 3.0838e-01 7.2568e-02 -3.7997e-02 1.0000e+00 9.8937e-01 9.8933e-01 1.0000e+00 1.0000e+00 1.0000e+00 -1.4212e-02 1.5101e-02 -1.2949e-02 -1.2949e-02 -1.4212e-02 -3.5107e-03 -1.6477e-02 -1.6477e-02 -1.4887e-02 -3.2160e-02 -3.2160e-02 -3.2160e-02 3.1943e-02 4.0103e-02 4.0103e-02 -2.5316e-02 3.5345e-02 3.4651e-02 3.5345e-02 3.5345e-02 4.1208e-02 -2.6688e-02
-2.5008e-03 -3.7758e-02 -2.1565e-02 -2.1565e-02 -2.2462e-02 3.4406e-02 3.5763e-02 5.9230e-02 -2.8838e-02 -2.8838e-02 -2.8838e-02 -2.8838e-02 3.0905e-02 -7.0954e-02 -6.0418e-02 1.6782e-01 1.6782e-01 1.6719e-01 -1.2726e-02 6.7397e-02 2.5716e-01 2.2126e-01 1.7191e-01 9.6694e-02 -1.6108e-01 -1.5740e-01 -1.7693e-01 2.5604e-01 5.8006e-02 3.2575e-01 5.4916e-01 -1.4412e-01 -1.4013e-01 -1.4412e-01 5.5926e-01 5.7092e-01 3.0838e-01 7.2568e-02 -3.7997e-02 1.0000e+00 9.8937e-01 9.8933e-01 1.0000e+00 1.0000e+00 1.0000e+00 -1.4212e-02 1.5101e-02 -1.2949e-02 -1.2949e-02 -1.4212e-02 -3.5107e-03 -1.6477e-02 -1.6477e-02 -1.4887e-02 -3.2160e-02 -3.2160e-02 -3.2160e-02 3.1943e-02 4.0103e-02 4.0103e-02 -2.5316e-02 3.5345e-02 3.4651e-02 3.5345e-02 3.5345e-02 4.1208e-02 -2.6688e-02
1.6876e-02 -2.6873e-02 -4.4125e-02 -4.4125e-02 -4.4757e-02 -8.9897e-03 -7.9191e-03 -2.0252e-02 -2.5196e-03 -2.5196e-03 -2.5196e-03 -2.5196e-03 -5.2894e-03 -3.6107e-02 5.7790e-03 -7.0812e-03 9.5908e-04 4.1575e-04 7.8885e-03 -7.0170e-03 -2.9700e-02 -3.6922e-02 -2.5372e-02 -1.8363e-02 5.5639e-02 5.0939e-02 4.5046e-02 -4.9751e-02 3.0568e-02 -6.2441e-02 -1.4607e-02 6.4686e-03 7.8878e-02 6.4686e-03 -1.7650e-02 -1.5447e-02 -4.5805e-03 3.0378e-02 2.5842e-03 -1.4212e-02 -1.4212e-02 -1.2568e-02 -1.4212e-02 -1.4212e-02 -1.4212e-02 1.0000e+00 8.3135e-01 9.9209e-01 9.9209e-01 9.8423e-01 1.5860e-01 5.0498e-02 5.0498e-02 5.2571e-02 3.1534e-02 3.1534e-02 3.1534e-02 1.1290e-02 6.6855e-03 6.6855e-03 5.8583e-02 -4.3037e-03 -4.8424e-03 -4.3037e-03 -4.3037e-03 -4.8424e-03 5.6664e-02
2.7245e-02 -3.5033e-02 -3.9790e-02 -3.9790e-02 -4.0306e-02 -8.9003e-04 1.2426e-17 -1.0246e-02 1.4517e-02 1.4517e-02 1.4517e-02 1.4517e-02 -2.0132e-02 -1.0246e-02 2.8009e-02 8.0386e-03 1.7508e-02 1.7062e-02 2.4180e-02 4.1260e-02 6.1353e-03 -4.4372e-03 -1.2726e-02 3.4434e-02 3.0922e-02 2.4113e-02 2.7993e-02 -2.7608e-02 4.3226e-02 -3.9215e-02 5.6543e-03 3.2444e-03 6.4956e-02 3.2444e-03 2.7012e-03 1.0316e-03 6.8333e-03 3.5891e-02 1.8825e-02 1.5101e-02 1.5101e-02 1.6698e-02 1.5101e-02 1.5101e-02 1.5101e-02 8.3135e-01 1.0000e+00 8.3798e-01 8.3798e-01 8.3135e-01 2.0841e-01 -1.9889e-02 -1.9889e-02 -1.8964e-02 -4.3740e-02 -4.3740e-02 -4.3740e-02 1.7166e-02 7.7982e-03 7.7982e-03 -2.2666e-03 1.4028e-03 9.5364e-04 1.4028e-03 1.4028e-03 9.5364e-04 -3.3189e-03
1.8507e-02 -3.5402e-02 -4.2780e-02 -4.2780e-02 -4.3410e-02 -5.0490e-03 -3.9868e-03 -1.6218e-02 -3.5141e-03 -3.5141e-03 -3.5141e-03 -3.5141e-03 -4.2867e-03 -4.0164e-02 7.3275e-03 -2.3820e-03 5.7137e-03 5.1763e-03 8.5794e-03 -4.5096e-03 -2.6903e-02 -3.3884e-02 -2.0760e-02 -1.6093e-02 5.0829e-02 4.6029e-02 4.0648e-02 -4.8770e-02 3.1088e-02 -6.1404e-02 -1.3731e-02 8.3932e-03 7.2823e-02 8.3932e-03 -1.6768e-02 -1.4732e-02 -4.0894e-03 2.5710e-02 3.2766e-03 -1.2949e-02 -1.2949e-02 -1.1308e-02 -1.2949e-02 -1.2949e-02 -1.2949e-02 9.9209e-01 8.3798e-01 1.0000e+00 1.0000e+00 9.9209e-01 1.6122e-01 5.1636e-02 5.1636e-02 5.3713e-02 3.2531e-02 3.2531e-02 3.2531e-02 1.4764e-02 9.9842e-03 9.9842e-03 5.9840e-02 -8.3950e-04 -1.3748e-03 -8.3950e-04 -8.3950e-04 -1.3748e-03 5.7918e-02
1.8507e-02 -3.5402e-02 -4.2780e-02 -4.2780e-02 -4.3410e-02 -5.0490e-03 -3.9868e-03 -1.6218e-02 -3.5141e-03 -3.5141e-03 -3.5141e-03 -3.5141e-03 -4.2867e-03 -4.0164e-02 7.3275e-03 -2.3820e-03 5.7137e-03 5.1763e-03 8.5794e-03 -4.5096e-03 -2.6903e-02 -3.3884e-02 -2.0760e-02 -1.6093e-02 5.0829e-02 4.6029e-02 4.0648e-02 -4.8770e-02 3.1088e-02 -6.1404e-02 -1.3731e-02 8.3932e-03 7.2823e-02 8.3932e-03 -1.6768e-02 -1.4732e-02 -4.0894e-03 2.5710e-02 3.2766e-03 -1.2949e-02 -1.2949e-02 -1.1308e-02 -1.2949e-02 -1.2949e-02 -1.2949e-02 9.9209e-01 8.3798e-01 1.0000e+00 1.0000e+00 9.9209e-01 1.6122e-01 5.1636e-02 5.1636e-02 5.3713e-02 3.2531e-02 3.2531e-02 3.2531e-02 1.4764e-02 9.9842e-03 9.9842e-03 5.9840e-02 -8.3950e-04 -1.3748e-03 -8.3950e-04 -8.3950e-04 -1.3748e-03 5.7918e-02
1.6876e-02 -2.6873e-02 -4.4125e-02 -4.4125e-02 -4.4757e-02 -1.0706e-03 1.1430e-17 -1.2324e-02 -1.9646e-02 -1.9646e-02 -1.9646e-02 -1.9646e-02 1.0933e-02 -4.4034e-02 1.7741e-02 9.5908e-04 8.9993e-03 8.4589e-03 3.3324e-02 1.6979e-03 -2.1460e-02 -2.8858e-02 -1.7320e-02 -9.3952e-03 4.7442e-02 4.2713e-02 3.7017e-02 -4.9751e-02 3.0568e-02 -6.2441e-02 -1.4607e-02 1.6733e-02 6.9932e-02 1.6733e-02 -1.7650e-02 -1.5447e-02 -4.5805e-03 3.0378e-02 2.5842e-03 -1.4212e-02 -1.4212e-02 -1.2568e-02 -1.4212e-02 -1.4212e-02 -1.4212e-02 9.8423e-01 8.3135e-01 9.9209e-01 9.9209e-01 1.0000e+00 1.5860e-01 5.0498e-02 5.0498e-02 5.2571e-02 3.1534e-02 3.1534e-02 3.1534e-02 1.9311e-02 1.4769e-02 1.4769e-02 5.8583e-02 3.6844e-03 3.1436e-03 3.6844e-03 3.6844e-03 3.1436e-03 5.6664e-02
-1.0410e-02 -2.9087e-02 -5.9433e-03 -5.9433e-03 -6.9981e-03 -1.5182e-03 0.0000e+00 -1.7477e-02 1.6160e-02 1.6160e-02 1.6160e-02 1.6160e-02 -2.6193e-02 -7.1227e-02 -9.2986e-03 1.1693e-02 1.1693e-02 1.0926e-02 -3.4667e-03 -4.7799e-02 4.2577e-03 -2.9845e-02 2.0755e-02 6.9437e-03 -2.7539e-02 -2.2902e-02 -1.4755e-02 -3.7124e-02 4.7906e-02 -4.8486e-02 9.6448e-03 -9.4988e-02 9.2827e-02 -9.4988e-02 -2.0584e-02 -1.8356e-02 -3.7728e-03 2.2668e-02 7.9314e-03 -3.5107e-03 -3.5107e-03 -1.0368e-03 -3.5107e-03 -3.5107e-03 -3.5107e-03 1.5860e-01 2.0841e-01 1.6122e-01 1.6122e-01 1.5860e-01 1.0000e+00 1.8228e-02 1.8228e-02 2.0480e-02 2.0480e-02 2.0480e-02 2.0480e-02 4.3381e-02 5.3902e-02 5.3902e-02 5.8575e-03 5.6554e-02 5.5774e-02 5.6554e-02 5.6554e-02 5.5774e-02 3.9590e-03
5.0281e-02 3.9357e-02 5.0886e-02 5.0886e-02 5.0187e-02 -2.1644e-02 -2.0856e-02 -2.9947e-02 -4.1653e-02 -4.1653e-02 -4.1653e-02 -4.1653e-02 3.3806e-02 -1.9508e-02 1.9542e-02 -4.5381e-02 -4.5381e-02 -4.5798e-02 1.8645e-03 -1.2252e-02 -2.9834e-02 -3.6227e-02 -4.7049e-02 -1.2818e-02 2.0624e-02 2.3149e-02 1.2002e-02 3.8802e-03 -1.5347e-02 7.5156e-03 4.1653e-02 2.8214e-02 2.1664e-02 2.8214e-02 3.8168e-02 3.8271e-02 -2.5976e-02 7.2113e-02 -3.3525e-02 -1.6477e-02 -1.6477e-02 -1.5318e-02 -1.6477e-02 -1.6477e-02 -1.6477e-02 5.0498e-02 -1.9889e-02 5.1636e-02 5.1636e-02 5.0498e-02 1.8228e-02 1.0000e+00 9.7265e-01 9.8625e-01 9.5854e-01 9.5854e-01 9.5854e-01 -1.4764e-01 -1.5100e-01 -1.5100e-01 8.2446e-01 -1.6312e-01 -1.6347e-01 -1.6312e-01 -1.6312e-01 -1.6347e-01 8.1472e-01
