1.0000e+00 2.5792e-01 -6.4094e-02 3.4265e-02 -1.1333e-01 2.5591e-02 -8.0391e-02 -1.0145e-01 -8.0391e-02 -8.0391e-02 3.3104e-02 -1.4170e-02 -8.8510e-02 -1.0087e-02 -5.2343e-03 -3.9745e-02 -7.9823e-02 -3.9745e-02 -8.2352e-04 -8.2352e-04 5.4045e-03 -4.6541e-02 -8.0852e-02 3.3104e-02 -8.0852e-02 -6.9128e-02 -6.1297e-02 -6.0339e-02 -6.1297e-02 -7.1469e-02 9.2613e-03 -7.1469e-02 -6.7735e-02 -7.1469e-02 -5.0358e-02 -4.0889e-02 -1.5321e-02 -3.4140e-02 -2.9169e-02 2.4176e-02 -3.6496e-02 -3.6496e-02 -3.6496e-02 -3.7285e-02 -4.5131e-02 -3.6496e-02 -4.5131e-02 3.8426e-02 -2.7832e-02 -3.6496e-02 -2.7832e-02 -4.1083e-02 9.2613e-03 -2.5605e-02 -1.8398e-02 -2.0763e-02 -2.4939e-02 -4.8432e-02 -4.0365e-02 -2.4939e-02 -3.4359e-02 7.7133e-02 -2.7571e-02 -2.7571e-02 2.2467e-02 -1.6181e-02 2.7288e-02 2.7288e-02 1.0099e-02 1.0099e-02 5.2112e-03 5.1376e-03 -9.8759e-03 4.6059e-02 1.0498e-03 -5.6342e-03 -2.6571e-04 -2.6571e-04 1.6132e-02 -2.8951e-02 -2.8330e-02 4.3773e-03 -3.8507e-02 -3.7846e-02 3.3147e-02 -8.8497e-03 4.9702e-02 5.1293e-02 -3.1654e-02 -3.4085e-02 -2.6217e-02 -2.9498e-02 -4.2870e-02 -4.3958e-02 -2.9498e-02 -1.9996e-02 -6.6033e-02 -5.6618e-02 -5.5339e-02 -5.5339e-02 -5.9212e-02 -6.4723e-02 -2.4070e-02 -2.4070e-02 -2.0166e-02 -2.4070e-02 -2.3008e-02 -1.9326e-02 -2.1954e-02 -7.3768e-02 -2.5535e-02 -1.9417e-02 -8.3927e-02 1.2761e-02 9.6919e-03 1.0401e-02 -7.1468e-02 -7.8348e-02 -7.8348e-02 -6.5318e-02 -5.1294e-02 2.8439e-02 -5.7268e-02 -3.7750e-02 -3.7750e-02 3.4738e-02
2.5792e-01 1.0000e+00 -7.3216e-02 5.4268e-02 -2.7711e-01 2.2922e-02 -9.5531e-02 -1.1765e-01 -9.5531e-02 -9.5531e-02 2.9651e-02 1.2382e-02 -4.0558e-03 7.0081e-03 1.3076e-02 -1.6632e-02 -4.0558e-03 -1.6632e-02 -3.8408e-02 -3.8408e-02 1.0213e-02 -4.3499e-02 -4.8320e-03 -7.1749e-03 -4.8320e-03 -2.5135e-03 3.5279e-03 4.2694e-03 3.5279e-03 8.6588e-03 -4.0589e-02 8.6588e-03 -5.6939e-02 8.6588e-03 -1.3878e-02 -1.8636e-02 -1.4478e-02 5.4399e-03 -3.2516e-03 -3.3273e-02 3.4584e-03 3.4584e-03 3.4584e-03 2.7948e-03 -3.3454e-02 3.4584e-03 -3.3454e-02 2.2346e-02 -8.7463e-03 3.4584e-03 -8.7463e-03 -7.7322e-02 -4.0589e-02 -5.0326e-02 -5.4749e-04 -6.9298e-02 -4.9724e-02 -6.4781e-02 -7.6651e-02 -4.9724e-02 3.8797e-02 1.9585e-02 2.9958e-02 2.9958e-02 -4.0231e-02 1.2002e-02 -3.6426e-02 -3.6426e-02 -2.2305e-02 -2.2305e-02 -2.4865e-02 -2.6572e-02 1.2850e-03 -2.9842e-02 2.6883e-02 1.9566e-02 2.5699e-02 2.5699e-02 3.7399e-03 3.9058e-02 1.6310e-02 -2.0500e-03 -9.8881e-03 -9.2983e-03 -3.5633e-03 -3.1243e-03 9.5765e-03 -2.4310e-02 4.7408e-02 3.6246e-02 3.4713e-02 3.2381e-02 2.2420e-02 2.1631e-02 3.2381e-02 4.2531e-02 2.1738e-02 2.0879e-02 2.1738e-02 2.1738e-02 1.9141e-02 2.2590e-02 2.5283e-02 2.5283e-02 7.6114e-02 2.5283e-02 2.6079e-02 7.7097e-02 2.6870e-02 1.5086e-02 2.0838e-02 2.5533e-02 -7.2914e-03 2.8260e-02 2.3956e-02 2.4577e-02 -6.1040e-02 -3.2570e-02 -3.2570e-02 -3.2570e-02 -3.6595e-02 -2.2072e-02 -5.1294e-02 -5.6939e-02 -5.6939e-02 -4.0158e-03
-6.4094e-02 -7.3216e-02 1.0000e+00 5.0695e-02 5.4711e-02 -7.5883e-02 -1.2003e-03 4.2109e-02 -1.2003e-03 -1.2003e-03 -1.2622e-01 2.3190e-02 8.8162e-02 2.1322e-02 1.7400e-02 -2.8722e-02 8.0916e-02 -2.8722e-02 4.5458e-02 4.5458e-02 3.6499e-02 3.8497e-03 8.0002e-02 -9.8162e-02 8.0002e-02 -3.8367e-03 -2.3638e-02 -2.2528e-02 -2.3638e-02 -2.2962e-02 -3.1867e-02 -2.2962e-02 1.3299e-02 -2.2962e-02 3.5983e-03 3.3089e-03 4.8243e-02 4.6385e-02 3.4667e-02 4.2531e-02 4.3710e-02 4.3710e-02 4.3710e-02 4.2814e-02 -1.1384e-01 4.3710e-02 -1.1384e-01 5.5213e-02 4.0196e-02 4.3710e-02 4.0196e-02 2.9769e-02 -2.5259e-02 6.3793e-02 1.9236e-02 4.9765e-02 6.4620e-02 3.4341e-02 3.0627e-02 6.4620e-02 1.1912e-02 -2.4491e-03 2.2386e-02 2.2386e-02 -8.2830e-02 4.4455e-02 -9.7264e-02 -9.7264e-02 -9.0647e-02 -9.0647e-02 -8.0922e-02 -9.6375e-02 -2.3538e-02 -8.8884e-02 -8.0677e-03 -1.9216e-02 -4.1660e-03 -4.1660e-03 1.0872e-03 -9.3210e-03 4.9412e-02 1.7596e-02 5.5986e-02 5.6817e-02 -5.9897e-02 3.6302e-02 -2.4670e-02 2.0413e-02 -1.7472e-02 -3.9982e-02 -4.2776e-02 -3.0055e-02 -1.0406e-02 -1.1655e-02 -3.0055e-02 -2.6103e-03 -4.3616e-03 -5.7231e-03 -4.3616e-03 -4.3616e-03 -8.4799e-03 -1.1894e-02 1.0128e-02 1.0128e-02 -5.7603e-03 1.0128e-02 1.1344e-02 -4.6435e-03 1.2552e-02 -3.9851e-03 -4.7737e-03 2.5108e-03 -1.7584e-02 -7.1801e-03 -7.7435e-03 -6.8219e-03 3.6816e-02 -3.7266e-03 -3.7266e-03 -1.4593e-02 2.8786e-02 4.4050e-02 1.3378e-02 -8.6728e-02 -8.6728e-02 1.7425e-02
3.4265e-02 5.4268e-02 5.0695e-02 1.0000e+00 -8.2166e-02 -1.8448e-02 1.1801e-02 2.0594e-02 1.1801e-02 1.1801e-02 -2.3864e-02 1.7621e-01 -3.1182e-02 1.7190e-01 1.6462e-01 3.4376e-02 -3.1182e-02 3.4376e-02 1.0957e-01 1.0957e-01 1.5825e-01 2.6987e-02 -4.2138e-02 -2.3864e-02 -4.2138e-02 -7.8008e-02 -8.1559e-02 -8.1999e-02 -8.1559e-02 -8.4619e-02 -1.7325e-01 -8.4619e-02 -1.0608e-01 -8.4619e-02 -7.7694e-02 -7.4580e-02 -6.1863e-02 -6.4168e-02 -6.8264e-02 -5.6395e-03 -6.2787e-02 -6.2787e-02 -6.2787e-02 -6.2325e-02 -3.4775e-02 -6.2787e-02 -3.4775e-02 8.7322e-03 -6.4595e-02 -6.2787e-02 -6.4595e-02 -9.8595e-02 -1.7325e-01 -8.9622e-02 -7.0081e-02 -9.3848e-02 -9.0079e-02 -9.7599e-02 -9.9026e-02 -9.0079e-02 2.9933e-03 4.1584e-03 -6.6185e-02 -6.6185e-02 -1.0120e-01 2.0815e-01 -8.4676e-02 -8.4676e-02 -7.3514e-02 -7.3514e-02 -8.2702e-02 -6.9565e-02 -8.1755e-02 -6.4384e-03 4.9033e-02 4.9033e-02 4.9971e-02 4.9971e-02 -5.9729e-03 9.9328e-02 1.9546e-01 -8.9220e-03 9.0373e-02 8.9891e-02 -9.1339e-02 -8.1143e-03 -2.1157e-02 -2.6167e-02 9.1140e-02 5.4651e-02 5.6451e-02 5.9206e-02 7.1694e-02 7.2604e-02 5.9206e-02 9.7486e-02 5.7880e-02 5.8875e-02 5.7880e-02 5.7880e-02 6.0892e-02 5.6896e-02 5.4651e-02 5.4651e-02 1.0206e-02 5.4651e-02 5.3762e-02 9.5900e-03 5.2879e-02 8.2400e-02 6.0622e-02 5.5454e-02 6.7733e-02 -3.5701e-02 -3.8600e-02 -3.9081e-02 2.2804e-02 2.0473e-02 2.0473e-02 2.0473e-02 8.7618e-03 2.3777e-02 2.3715e-02 -5.6548e-02 -5.6548e-02 -2.5042e-02
-1.1333e-01 -2.7711e-01 5.4711e-02 -8.2166e-02 1.0000e+00 -2.6723e-02 1.6036e-01 1.9294e-01 1.6036e-01 1.6036e-01 -3.4569e-02 1.0228e-01 1.6577e-01 1.2066e-01 1.2479e-01 2.1323e-02 1.6577e-01 2.1323e-02 5.8919e-02 5.8919e-02 9.9122e-02 7.5259e-02 1.6702e-01 -2.0677e-03 1.6702e-01 1.2985e-01 1.2073e-01 1.1961e-01 1.2073e-01 1.1305e-01 -1.7789e-02 1.1305e-01 6.4147e-02 1.1305e-01 1.9155e-01 1.9851e-01 1.9729e-01 1.9224e-01 2.0558e-01 1.4676e-01 1.9526e-01 1.9526e-01 1.9526e-01 1.9627e-01 -2.7821e-02 1.9526e-01 -2.7821e-02 2.0153e-03 2.1413e-01 1.9526e-01 2.1413e-01 1.4985e-01 -2.5444e-02 1.3130e-01 2.0140e-01 1.5903e-01 1.3058e-01 1.3452e-01 1.4903e-01 1.3058e-01 -4.5231e-02 1.0877e-01 7.4151e-02 7.4151e-02 -7.0714e-03 -4.4160e-02 -1.1966e-02 -1.1966e-02 7.9004e-03 7.9004e-03 2.0139e-02 1.2977e-02 9.2967e-02 1.4725e-02 -7.9894e-02 -7.9894e-02 -7.8505e-02 -7.8505e-02 -5.7869e-02 -2.5850e-02 4.8797e-03 -2.3658e-02 -6.4899e-02 -5.9125e-02 5.7081e-02 -1.0891e-02 3.3536e-02 4.3203e-03 -4.2580e-02 -2.5295e-02 -2.3394e-02 -2.0496e-02 -1.5725e-02 -1.4774e-02 -2.0496e-02 -3.6656e-02 3.1016e-03 4.2174e-03 3.1016e-03 3.1016e-03 6.4766e-03 1.9948e-03 3.7317e-03 3.7317e-03 -3.0043e-02 3.7317e-03 2.6936e-03 -3.1045e-02 1.6625e-03 -3.6275e-02 -4.3868e-03 -1.0218e-02 -3.3614e-02 9.9042e-02 1.0101e-01 1.0016e-01 5.2364e-03 5.6438e-03 5.6438e-03 5.6438e-03 -1.5938e-03 -8.7829e-03 9.8558e-03 1.3449e-02 1.3449e-02 -5.2701e-03
2.5591e-02 2.2922e-02 -7.5883e-02 -1.8448e-02 -2.6723e-02 1.0000e+00 -8.8628e-03 -7.7615e-03 -8.8628e-03 -8.8628e-03 7.7305e-01 -4.0503e-02 -3.6282e-02 -4.1100e-02 -4.0623e-02 -5.2033e-03 -3.6282e-02 -5.2033e-03 -5.3390e-02 -5.3390e-02 -4.4662e-02 -1.4706e-02 -3.6159e-02 6.4291e-01 -3.6159e-02 1.3080e-01 1.2709e-01 1.2664e-01 1.2709e-01 1.2401e-01 4.2408e-02 1.2401e-01 9.7607e-02 1.2401e-01 9.6759e-02 9.8755e-02 -4.6204e-02 -4.6797e-02 -4.5255e-02 -2.2922e-02 -4.6441e-02 -4.6441e-02 -4.6441e-02 -4.6322e-02 4.4020e-01 -4.6441e-02 4.4020e-01 2.3695e-02 -4.4306e-02 -4.6441e-02 -4.4306e-02 7.9587e-02 4.2408e-02 8.6274e-02 1.0172e-01 8.2009e-02 8.6101e-02 7.5595e-02 7.9371e-02 8.6101e-02 -1.0156e-02 -1.8084e-02 1.1189e-01 1.1189e-01 4.3951e-02 -1.4040e-02 4.3239e-02 4.3239e-02 2.5329e-02 2.5329e-02 2.7767e-02 2.6336e-02 6.6755e-02 -4.5018e-02 -5.5878e-02 -5.5878e-02 -5.5558e-02 -5.5558e-02 -4.2416e-02 -2.3833e-02 -1.4706e-02 2.2886e-02 -4.8148e-02 -4.8298e-02 4.7849e-02 2.3288e-02 1.6084e-02 7.4783e-02 -3.3435e-02 -2.9576e-02 -2.9310e-02 -2.8910e-02 -3.0886e-02 -3.0756e-02 -2.8910e-02 -3.2552e-02 -2.7141e-02 -2.7002e-02 -2.7141e-02 -2.7141e-02 -2.6723e-02 -2.7279e-02 -2.9576e-02 -2.9576e-02 3.4310e-02 -2.9576e-02 -2.9708e-02 3.4185e-02 -2.9840e-02 -2.5473e-02 7.1310e-03 5.6760e-03 -4.6955e-02 -4.9536e-02 -5.0254e-02 -5.0373e-02 -1.8267e-02 -2.1345e-02 -2.1345e-02 -2.1345e-02 -1.7339e-02 1.6534e-02 -2.0856e-02 -4.7391e-02 -4.7391e-02 -8.1444e-03
-8.0391e-02 -9.5531e-02 -1.2003e-03 1.1801e-02 1.6036e-01 -8.8628e-03 1.0000e+00 8.7574e-01 1.0000e+00 1.0000e+00 -1.1465e-02 -5.9829e-02 2.4428e-01 -6.0710e-02 -6.0005e-02 4.6765e-02 2.4428e-01 4.6765e-02 -7.8864e-02 -7.8864e-02 -6.5972e-02 5.5463e-01 2.4510e-01 -1.1465e-02 2.4510e-01 -3.1139e-02 -3.2949e-02 -3.3172e-02 -3.2949e-02 -3.4503e-02 6.2643e-02 -3.4503e-02 -5.0232e-02 -3.4503e-02 1.8562e-01 1.8891e-01 1.9182e-01 1.8939e-01 1.9584e-01 3.5431e-01 1.9084e-01 1.9084e-01 1.9084e-01 1.9133e-01 -1.6707e-02 1.9084e-01 -1.6707e-02 -3.4311e-02 2.0003e-01 1.9084e-01 2.0003e-01 1.5768e-01 6.2643e-02 1.2744e-01 1.9381e-01 1.6157e-01 1.2718e-01 1.5130e-01 1.5733e-01 1.2718e-01 -1.5001e-02 9.2548e-02 -6.2116e-02 -6.2116e-02 2.3910e-02 -2.0739e-02 2.2510e-02 2.2510e-02 4.0561e-02 4.0561e-02 4.4121e-02 4.2031e-02 -4.1596e-02 -5.7193e-03 5.5548e-02 5.5548e-02 5.5992e-02 5.5992e-02 7.6295e-02 -3.5205e-02 -2.1723e-02 -3.4760e-02 3.1669e-02 4.9059e-02 -4.9756e-02 -3.4536e-02 -9.3666e-02 5.8749e-02 -2.5199e-02 -1.7275e-02 -1.6705e-02 -1.5837e-02 -2.0039e-02 -1.9769e-02 -1.5837e-02 -2.3442e-02 -1.1887e-02 -1.1569e-02 -1.1887e-02 -1.1887e-02 -1.0926e-02 -1.2203e-02 -1.7275e-02 -1.7275e-02 -9.1934e-02 -1.7275e-02 -1.7558e-02 -9.2467e-02 -1.7840e-02 -2.1905e-02 -1.9498e-02 -2.1107e-02 -5.4662e-02 1.0135e-01 9.9256e-02 9.8912e-02 -2.6983e-02 -3.1530e-02 -3.1530e-02 -3.1530e-02 -2.5611e-02 -2.0576e-02 -3.0807e-02 -5.0232e-02 -5.0232e-02 -1.2030e-02
-1.0145e-01 -1.1765e-01 4.2109e-02 2.0594e-02 1.9294e-01 -7.7615e-03 8.7574e-01 1.0000e+00 8.7574e-01 8.7574e-01 -1.0040e-02 -5.2394e-02 2.1392e-01 -5.3166e-02 -5.2549e-02 4.0954e-02 2.1392e-01 4.0954e-02 -6.9064e-02 -6.9064e-02 -5.7774e-02 4.7309e-01 2.1465e-01 -1.0040e-02 2.1465e-01 -2.1275e-02 -2.2958e-02 -2.3166e-02 -2.2958e-02 -2.4400e-02 5.4858e-02 -2.4400e-02 -3.8796e-02 -2.4400e-02 1.6255e-01 1.6543e-01 1.6798e-01 1.6585e-01 1.7151e-01 3.0178e-01 1.6713e-01 1.6713e-01 1.6713e-01 1.6755e-01 -1.4631e-02 1.6713e-01 -1.4631e-02 -3.0048e-02 1.7518e-01 1.6713e-01 1.7518e-01 1.3809e-01 5.4858e-02 1.1160e-01 1.6973e-01 1.4149e-01 1.1138e-01 1.3250e-01 1.3778e-01 1.1138e-01 -1.3137e-02 -2.3394e-02 -5.4397e-02 -5.4397e-02 1.0164e-02 -1.8162e-02 8.8464e-03 8.8464e-03 2.5599e-02 2.5599e-02 2.8848e-02 2.6942e-02 -8.3450e-02 -5.8234e-02 9.4959e-02 9.4959e-02 9.5338e-02 9.5338e-02 1.1342e-01 -3.0830e-02 -1.9024e-02 -3.0440e-02 6.4770e-02 8.4624e-02 -8.5246e-02 -3.0244e-02 -1.2434e-01 6.9032e-02 -1.5713e-02 -8.1897e-03 -7.6432e-03 -6.8106e-03 -1.0828e-02 -1.0571e-02 -6.8106e-03 -1.4055e-02 -3.0002e-03 -2.6918e-03 -3.0002e-03 -3.0002e-03 -2.0677e-03 -3.3062e-03 -8.1897e-03 -8.1897e-03 -1.1798e-01 -8.1897e-03 -8.4605e-03 -1.1854e-01 -8.7296e-03 -2.5792e-02 -1.0312e-02 -1.1843e-02 -5.4048e-02 1.1253e-01 1.1056e-01 1.1023e-01 -2.3630e-02 -2.7612e-02 -2.7612e-02 -2.7612e-02 -2.2429e-02 8.9625e-04 -2.6979e-02 -6.1304e-02 -6.1304e-02 -1.0535e-02
-8.0391e-02 -9.5531e-02 -1.2003e-03 1.1801e-02 1.6036e-01 -8.8628e-03 1.0000e+00 8.7574e-01 1.0000e+00 1.0000e+00 -1.1465e-02 -5.9829e-02 2.4428e-01 -6.0710e-02 -6.0005e-02 4.6765e-02 2.4428e-01 4.6765e-02 -7.8864e-02 -7.8864e-02 -6.5972e-02 5.5463e-01 2.4510e-01 -1.1465e-02 2.4510e-01 -3.1139e-02 -3.2949e-02 -3.3172e-02 -3.2949e-02 -3.4503e-02 6.2643e-02 -3.4503e-02 -5.0232e-02 -3.4503e-02 1.8562e-01 1.8891e-01 1.9182e-01 1.8939e-01 1.9584e-01 3.5431e-01 1.9084e-01 1.9084e-01 1.9084e-01 1.9133e-01 -1.6707e-02 1.9084e-01 -1.6707e-02 -3.4311e-02 2.0003e-01 1.9084e-01 2.0003e-01 1.5768e-01 6.2643e-02 1.2744e-01 1.9381e-01 1.6157e-01 1.2718e-01 1.5130e-01 1.5733e-01 1.2718e-01 -1.5001e-02 9.2548e-02 -6.2116e-02 -6.2116e-02 2.3910e-02 -2.0739e-02 2.2510e-02 2.2510e-02 4.0561e-02 4.0561e-02 4.4121e-02 4.2031e-02 -4.1596e-02 -5.7193e-03 5.5548e-02 5.5548e-02 5.5992e-02 5.5992e-02 7.6295e-02 -3.5205e-02 -2.1723e-02 -3.4760e-02 3.1669e-02 4.9059e-02 -4.9756e-02 -3.4536e-02 -9.3666e-02 5.8749e-02 -2.5199e-02 -1.7275e-02 -1.6705e-02 -1.5837e-02 -2.0039e-02 -1.9769e-02 -1.5837e-02 -2.3442e-02 -1.1887e-02 -1.1569e-02 -1.1887e-02 -1.1887e-02 -1.0926e-02 -1.2203e-02 -1.7275e-02 -1.7275e-02 -9.1934e-02 -1.7275e-02 -1.7558e-02 -9.2467e-02 -1.7840e-02 -2.1905e-02 -1.9498e-02 -2.1107e-02 -5.4662e-02 1.0135e-01 9.9256e-02 9.8912e-02 -2.6983e-02 -3.1530e-02 -3.1530e-02 -3.1530e-02 -2.5611e-02 -2.0576e-02 -3.0807e-02 -5.0232e-02 -5.0232e-02 -1.2030e-02
-8.0391e-02 -9.5531e-02 -1.2003e-03 1.1801e-02 1.6036e-01 -8.8628e-03 1.0000e+00 8.7574e-01 1.0000e+00 1.0000e+00 -1.1465e-02 -5.9829e-02 2.4428e-01 -6.0710e-02 -6.0005e-02 4.6765e-02 2.4428e-01 4.6765e-02 -7.8864e-02 -7.8864e-02 -6.5972e-02 5.5463e-01 2.4510e-01 -1.1465e-02 2.4510e-01 -3.1139e-02 -3.2949e-02 -3.3172e-02 -3.2949e-02 -3.4503e-02 6.2643e-02 -3.4503e-02 -5.0232e-02 -3.4503e-02 1.8562e-01 1.8891e-01 1.9182e-01 1.8939e-01 1.9584e-01 3.5431e-01 1.9084e-01 1.9084e-01 1.9084e-01 1.9133e-01 -1.6707e-02 1.9084e-01 -1.6707e-02 -3.4311e-02 2.0003e-01 1.9084e-01 2.0003e-01 1.5768e-01 6.2643e-02 1.2744e-01 1.9381e-01 1.6157e-01 1.2718e-01 1.5130e-01 1.5733e-01 1.2718e-01 -1.5001e-02 9.2548e-02 -6.2116e-02 -6.2116e-02 2.3910e-02 -2.0739e-02 2.2510e-02 2.2510e-02 4.0561e-02 4.0561e-02 4.4121e-02 4.2031e-02 -4.1596e-02 -5.7193e-03 5.5548e-02 5.5548e-02 5.5992e-02 5.5992e-02 7.6295e-02 -3.5205e-02 -2.1723e-02 -3.4760e-02 3.1669e-02 4.9059e-02 -4.9756e-02 -3.4536e-02 -9.3666e-02 5.8749e-02 -2.5199e-02 -1.7275e-02 -1.6705e-02 -1.5837e-02 -2.0039e-02 -1.9769e-02 -1.5837e-02 -2.3442e-02 -1.1887e-02 -1.1569e-02 -1.1887e-02 -1.1887e-02 -1.0926e-02 -1.2203e-02 -1.7275e-02 -1.7275e-02 -9.1934e-02 -1.7275e-02 -1.7558e-02 -9.2467e-02 -1.7840e-02 -2.1905e-02 -1.9498e-02 -2.1107e-02 -5.4662e-02 1.0135e-01 9.9256e-02 9.8912e-02 -2.6983e-02 -3.1530e-02 -3.1530e-02 -3.1530e-02 -2.5611e-02 -2.0576e-02 -3.0807e-02 -5.0232e-02 -5.0232e-02 -1.2030e-02
3.3104e-02 2.9651e-02 -1.2622e-01 -2.3864e-02 -3.4569e-02 7.7305e-01 -1.1465e-02 -1.0040e-02 -1.1465e-02 -1.1465e-02 1.0000e+00 -5.2394e-02 -2.0848e-02 -5.3166e-02 -5.2549e-02 1.2343e-02 -2.0848e-02 1.2343e-02 -6.9064e-02 -6.9064e-02 -5.7774e-02 3.5656e-02 -2.0633e-02 7.9799e-01 -2.0633e-02 1.6054e-01 1.5588e-01 1.5532e-01 1.5588e-01 1.5201e-01 5.4858e-02 1.5201e-01 1.1876e-01 1.5201e-01 1.4012e-01 1.4282e-01 -3.6993e-02 -3.7897e-02 -3.5536e-02 7.1749e-03 -3.7355e-02 -3.7355e-02 -3.7355e-02 -3.7174e-02 5.4607e-01 -3.7355e-02 5.4607e-01 6.3715e-03 -3.4065e-02 -3.7355e-02 -3.4065e-02 1.1701e-01 5.4858e-02 1.1160e-01 1.4684e-01 1.2025e-01 1.1138e-01 1.1167e-01 1.1672e-01 1.1138e-01 -1.3137e-02 2.1864e-02 1.6067e-01 1.6067e-01 5.6854e-02 -1.8162e-02 5.5933e-02 5.5933e-02 4.7096e-02 4.7096e-02 5.0062e-02 4.8318e-02 9.9937e-02 -5.8234e-02 -8.5663e-02 -8.5663e-02 -8.5246e-02 -8.5246e-02 -6.8331e-02 -3.0830e-02 -1.9024e-02 5.5867e-03 -7.5658e-02 -7.5851e-02 7.5273e-02 5.9769e-03 3.6084e-02 8.9811e-02 -1.5713e-02 -8.1897e-03 -7.6432e-03 -6.8106e-03 -1.0828e-02 -1.0571e-02 -6.8106e-03 -1.4055e-02 -3.0002e-03 -2.6918e-03 -3.0002e-03 -3.0002e-03 -2.0677e-03 -3.3062e-03 -8.1897e-03 -8.1897e-03 1.7323e-02 -8.1897e-03 -8.4605e-03 1.7095e-02 -8.7296e-03 -2.5792e-02 1.8993e-02 1.6935e-02 -5.4048e-02 -6.4079e-02 -6.5007e-02 -6.5162e-02 -2.3630e-02 -2.7612e-02 -2.7612e-02 -2.7612e-02 -2.2429e-02 4.1879e-02 -2.6979e-02 -3.8796e-02 -3.8796e-02 -1.0535e-02
-1.4170e-02 1.2382e-02 2.3190e-02 1.7621e-01 1.0228e-01 -4.0503e-02 -5.9829e-02 -5.2394e-02 -5.9829e-02 -5.9829e-02 -5.2394e-02 1.0000e+00 -2.4492e-01 9.8549e-01 9.6763e-01 1.9298e-01 -2.3862e-01 1.9298e-01 7.3273e-01 7.3273e-01 8.7891e-01 -9.9275e-02 -2.3778e-01 -5.2394e-02 -2.3778e-01 -2.3402e-01 -2.4079e-01 -2.4163e-01 -2.4079e-01 -2.4667e-01 -8.1140e-01 -2.4667e-01 -3.0360e-01 -2.4667e-01 -2.0851e-01 -2.0198e-01 -1.9085e-01 -1.9558e-01 -1.6655e-01 2.3207e-02 -1.9274e-01 -1.9274e-01 -1.9274e-01 -1.9179e-01 -7.6349e-02 -1.9274e-01 -7.6349e-02 -1.4800e-01 -1.7552e-01 -1.9274e-01 -1.7552e-01 -2.6230e-01 -8.0566e-01 -3.5260e-01 -1.8704e-01 -2.5224e-01 -3.5357e-01 -2.7969e-01 -2.6322e-01 -3.5357e-01 -6.8555e-02 8.5668e-02 -2.0882e-01 -2.0882e-01 -5.0419e-01 1.2593e-01 -5.1012e-01 -5.1012e-01 -3.8472e-01 -3.8472e-01 -3.7121e-01 -3.7479e-01 -1.5488e-01 1.9298e-02 1.0280e-01 1.0765e-01 1.0486e-01 1.0486e-01 9.4220e-02 2.8595e-02 1.1209e-01 -4.5700e-02 2.6627e-01 2.6520e-01 -2.6840e-01 -5.2819e-02 -1.8767e-02 2.7946e-03 1.4687e-01 9.8193e-02 1.0200e-01 1.0782e-01 8.7040e-02 8.8823e-02 1.0782e-01 1.3948e-01 1.2708e-01 1.2926e-01 1.2708e-01 1.2708e-01 1.3369e-01 1.2491e-01 9.8193e-02 9.8193e-02 1.4662e-01 9.8193e-02 9.6313e-02 1.4557e-01 9.4447e-02 1.7572e-01 1.2602e-01 1.2175e-01 6.6243e-02 -4.1046e-02 -3.7029e-02 -3.8131e-02 6.7214e-03 7.1407e-03 7.1407e-03 7.1407e-03 1.9236e-02 1.3141e-01 3.8533e-03 -2.6270e-02 -3.1708e-02 1.4855e-02
-8.8510e-02 -4.0558e-03 8.8162e-02 -3.1182e-02 1.6577e-01 -3.6282e-02 2.4428e-01 2.1392e-01 2.4428e-01 2.4428e-01 -2.0848e-02 -2.4492e-01 1.0000e+00 -2.4853e-01 -2.4564e-01 1.9144e-01 9.7979e-01 1.9144e-01 -3.2284e-01 -3.2284e-01 -2.7007e-01 3.9121e-01 9.7638e-01 -4.6933e-02 9.7638e-01 7.3840e-01 7.1681e-01 7.1420e-01 7.1681e-01 6.9888e-01 2.5644e-01 6.9888e-01 5.4469e-01 6.9888e-01 7.3669e-01 7.4998e-01 7.6173e-01 7.4607e-01 7.7201e-01 1.9427e-01 7.5191e-01 7.5191e-01 7.5191e-01 7.5387e-01 -6.8392e-02 7.5191e-01 -6.8392e-02 -1.4046e-01 7.8886e-01 7.5191e-01 7.8886e-01 6.1827e-01 2.5644e-01 4.9567e-01 7.5794e-01 6.3399e-01 4.9462e-01 5.9249e-01 6.1687e-01 4.9462e-01 -6.1410e-02 1.1272e-01 5.4803e-01 5.4803e-01 1.8739e-01 -7.0154e-02 1.8242e-01 1.8242e-01 2.3736e-01 2.3736e-01 2.5100e-01 2.4298e-01 3.9928e-01 -6.9692e-02 -3.4394e-01 -3.4394e-01 -3.4200e-01 -3.4200e-01 -2.9386e-01 -8.8875e-02 -4.6562e-02 -1.1438e-01 -2.6611e-01 -2.6184e-01 2.5911e-01 -1.0396e-01 1.5151e-01 8.8171e-02 -1.0972e-01 -9.3420e-02 -9.1238e-02 -8.7923e-02 -9.6500e-02 -9.5438e-02 -8.7923e-02 -1.0265e-01 -6.4608e-02 -6.3370e-02 -6.4608e-02 -6.4608e-02 -6.0868e-02 -4.9319e-02 -7.7888e-02 -7.7888e-02 -1.5594e-01 -7.7888e-02 -7.9023e-02 -1.5758e-01 -8.0151e-02 -1.3832e-01 -8.6803e-02 -9.3267e-02 -8.2566e-02 6.5358e-02 7.0187e-02 6.9100e-02 -5.2541e-02 -5.8345e-02 -5.8345e-02 -5.8345e-02 -6.8425e-02 -3.4973e-02 -5.3958e-02 -9.4742e-02 -9.4742e-02 -2.4365e-02
-1.0087e-02 7.0081e-03 2.1322e-02 1.7190e-01 1.2066e-01 -4.1100e-02 -6.0710e-02 -5.3166e-02 -6.0710e-02 -6.0710e-02 -5.3166e-02 9.8549e-01 -2.4853e-01 1.0000e+00 9.8256e-01 1.9630e-01 -2.4228e-01 1.9630e-01 7.4411e-01 7.4411e-01 8.9249e-01 -1.0074e-01 -2.4143e-01 -5.3166e-02 -2.4143e-01 -2.3775e-01 -2.4462e-01 -2.4547e-01 -2.4462e-01 -2.5058e-01 -8.2665e-01 -2.5058e-01 -3.0845e-01 -2.5058e-01 -2.1420e-01 -2.0759e-01 -1.9643e-01 -2.0122e-01 -1.7219e-01 1.9463e-02 -1.9835e-01 -1.9835e-01 -1.9835e-01 -1.9739e-01 -7.7473e-02 -1.9835e-01 -7.7473e-02 -1.5038e-01 -1.8094e-01 -1.9835e-01 -1.8094e-01 -2.6885e-01 -8.2095e-01 -3.6047e-01 -1.9259e-01 -2.5866e-01 -3.6146e-01 -2.8647e-01 -2.6978e-01 -3.6146e-01 -6.9564e-02 8.2160e-02 -2.0216e-01 -2.0216e-01 -5.1001e-01 1.2272e-01 -5.1615e-01 -5.1615e-01 -3.8879e-01 -3.8879e-01 -3.7486e-01 -3.7872e-01 -1.6360e-01 1.2162e-02 9.8908e-02 1.0372e-01 1.0100e-01 1.0100e-01 9.2516e-02 2.4666e-02 1.0889e-01 -4.8971e-02 2.5261e-01 2.5153e-01 -2.5477e-01 -5.6007e-02 -1.1544e-02 8.5523e-03 1.4048e-01 9.2801e-02 9.6616e-02 1.0245e-01 8.1537e-02 8.3325e-02 1.0245e-01 1.3328e-01 1.2182e-01 1.2401e-01 1.2182e-01 1.2182e-01 1.2845e-01 1.1966e-01 9.2801e-02 9.2801e-02 1.5073e-01 9.2801e-02 9.0916e-02 1.4967e-01 8.9045e-02 1.6604e-01 1.2023e-01 1.1588e-01 7.3655e-02 -4.3095e-02 -3.9254e-02 -4.0370e-02 3.8351e-03 3.7739e-03 3.7739e-03 3.7739e-03 1.6391e-02 1.2553e-01 5.8939e-04 -1.7219e-02 -2.2612e-02 1.3471e-02
-5.2343e-03 1.3076e-02 1.7400e-02 1.6462e-01 1.2479e-01 -4.0623e-02 -6.0005e-02 -5.2549e-02 -6.0005e-02 -6.0005e-02 -5.2549e-02 9.6763e-01 -2.4564e-01 9.8256e-01 1.0000e+00 2.0745e-01 -2.4564e-01 2.0745e-01 7.5570e-01 7.5570e-01 9.0397e-01 -9.9567e-02 -2.4481e-01 -5.2549e-02 -2.4481e-01 -2.4103e-01 -2.4772e-01 -2.4855e-01 -2.4772e-01 -2.5353e-01 -8.3741e-01 -2.5353e-01 -3.1543e-01 -2.5353e-01 -2.1506e-01 -2.0856e-01 -1.9746e-01 -2.0217e-01 -1.7323e-01 2.2452e-02 -1.9935e-01 -1.9935e-01 -1.9935e-01 -1.9840e-01 -7.6574e-02 -1.9935e-01 -7.6574e-02 -1.5726e-01 -1.8222e-01 -1.9935e-01 -1.8222e-01 -2.7378e-01 -8.3167e-01 -3.6876e-01 -1.9368e-01 -2.6378e-01 -3.6973e-01 -2.9110e-01 -2.7469e-01 -3.6973e-01 -6.8757e-02 8.4961e-02 -2.0402e-01 -2.0402e-01 -5.1887e-01 1.2528e-01 -5.2496e-01 -5.2496e-01 -3.9279e-01 -3.9279e-01 -3.7398e-01 -3.8279e-01 -1.6646e-01 1.2298e-02 9.5241e-02 1.0008e-01 9.7309e-02 9.7309e-02 8.7057e-02 2.7803e-02 1.1144e-01 -5.5047e-02 2.4900e-01 2.4793e-01 -2.5113e-01 -6.2196e-02 -6.2581e-03 1.5982e-02 1.3894e-01 8.9854e-02 9.3611e-02 9.9359e-02 7.1881e-02 7.3622e-02 9.9359e-02 1.3146e-01 1.1827e-01 1.2043e-01 1.1827e-01 1.1827e-01 1.2479e-01 1.1614e-01 8.9854e-02 8.9854e-02 1.4745e-01 8.9854e-02 8.7997e-02 1.4640e-01 8.6154e-02 1.6859e-01 1.1778e-01 1.1362e-01 7.8388e-02 -5.8497e-02 -5.4414e-02 -5.5502e-02 6.1402e-03 -2.9734e-03 -2.9734e-03 -2.9734e-03 1.8663e-02 1.3418e-01 -6.4305e-03 -1.6847e-02 -2.2276e-02 1.4576e-02
-3.9745e-02 -1.6632e-02 -2.8722e-02 3.4376e-02 2.1323e-02 -5.2033e-03 4.6765e-02 4.0954e-02 4.6765e-02 4.6765e-02 1.2343e-02 1.9298e-01 1.9144e-01 1.9630e-01 2.0745e-01 1.0000e+00 1.9144e-01 1.0000e+00 2.8171e-01 2.8171e-01 2.3566e-01 7.7598e-02 1.9080e-01 4.0954e-02 1.9080e-01 1.7802e-01 1.8339e-01 1.8406e-01 1.8339e-01 1.8805e-01 -2.1703e-01 1.8805e-01 1.5443e-01 1.8805e-01 2.2017e-01 2.1553e-01 2.0509e-01 2.0845e-01 2.0621e-01 8.9653e-02 2.0643e-01 2.0643e-01 2.0643e-01 2.0576e-01 5.9679e-02 2.0643e-01 5.9679e-02 -7.1305e-01 2.0744e-01 2.0643e-01 2.0744e-01 1.8911e-01 -2.1029e-01 -2.1542e-01 2.1536e-01 1.8112e-01 -2.1456e-01 1.9109e-01 1.8983e-01 -2.1456e-01 9.5440e-03 5.6836e-03 1.2712e-01 1.2712e-01 -1.5917e-01 -3.9132e-02 -1.5479e-01 -1.5479e-01 1.2210e-01 1.2210e-01 1.4794e-01 1.2140e-01 1.3261e-01 8.7272e-02 -1.5995e-01 -1.5995e-01 -1.6154e-01 -1.5586e-01 -5.0766e-02 -1.8729e-01 -4.6313e-02 -3.6568e-01 -2.0624e-01 -2.0540e-01 2.0790e-01 -3.5886e-01 3.2410e-01 8.8070e-02 -7.3200e-02 -1.0798e-01 -1.0259e-01 -9.8717e-02 -1.3404e-01 -1.3563e-01 -9.8717e-02 -7.4586e-02 -1.1410e-02 -1.2763e-02 -1.1410e-02 -1.1410e-02 -1.5503e-02 -1.0068e-02 -1.4292e-02 -1.4292e-02 -8.9056e-02 -1.4292e-02 -1.3029e-02 -8.8175e-02 -1.1775e-02 -1.6372e-01 -4.4228e-03 -5.4941e-03 -7.6425e-02 2.3746e-02 1.6511e-02 1.7384e-02 -8.1485e-02 -6.4687e-02 -6.4687e-02 -5.3605e-02 -6.8299e-02 -1.1782e-02 -7.0848e-02 -1.7720e-02 -2.4096e-02 -1.1612e-02
-7.9823e-02 -4.0558e-03 8.0916e-02 -3.1182e-02 1.6577e-01 -3.6282e-02 2.4428e-01 2.1392e-01 2.4428e-01 2.4428e-01 -2.0848e-02 -2.3862e-01 9.7979e-01 -2.4228e-01 -2.4564e-01 1.9144e-01 1.0000e+00 1.9144e-01 -3.2284e-01 -3.2284e-01 -2.7007e-01 4.0533e-01 9.9663e-01 -4.6933e-02 9.9663e-01 7.5182e-01 7.3001e-01 7.2737e-01 7.3001e-01 7.1189e-01 2.5644e-01 7.1189e-01 5.5632e-01 7.1189e-01 7.5407e-01 7.6750e-01 7.7938e-01 7.6361e-01 7.8984e-01 2.0378e-01 7.6951e-01 7.6951e-01 7.6951e-01 7.7150e-01 -6.8392e-02 7.6951e-01 -6.8392e-02 -1.4046e-01 8.0687e-01 7.6951e-01 8.0687e-01 6.3460e-01 2.5644e-01 5.1128e-01 7.7567e-01 6.5045e-01 5.1024e-01 6.0863e-01 6.3319e-01 5.1024e-01 -6.1410e-02 1.1272e-01 5.3569e-01 5.3569e-01 1.8136e-01 -7.0154e-02 1.7634e-01 1.7634e-01 2.3181e-01 2.3181e-01 2.4552e-01 2.3746e-01 3.9402e-01 -5.7779e-02 -3.4394e-01 -3.4394e-01 -3.4200e-01 -3.4200e-01 -2.9386e-01 -8.8875e-02 -4.6562e-02 -1.1438e-01 -2.6093e-01 -2.5666e-01 2.5393e-01 -1.0396e-01 1.5151e-01 8.8171e-02 -1.0972e-01 -9.3420e-02 -9.1238e-02 -8.7923e-02 -9.6500e-02 -9.5438e-02 -8.7923e-02 -1.0265e-01 -6.4608e-02 -6.3370e-02 -6.4608e-02 -6.4608e-02 -6.0868e-02 -4.9319e-02 -7.7888e-02 -7.7888e-02 -1.4196e-01 -7.7888e-02 -7.9023e-02 -1.4357e-01 -8.0151e-02 -1.3277e-01 -7.9235e-02 -8.5835e-02 -7.7380e-02 8.2462e-02 8.7190e-02 8.6087e-02 -5.2541e-02 -5.8345e-02 -5.8345e-02 -5.8345e-02 -6.8425e-02 -4.5557e-02 -5.3958e-02 -9.4742e-02 -9.4742e-02 -2.4365e-02
-3.9745e-02 -1.6632e-02 -2.8722e-02 3.4376e-02 2.1323e-02 -5.2033e-03 4.6765e-02 4.0954e-02 4.6765e-02 4.6765e-02 1.2343e-02 1.9298e-01 1.9144e-01 1.9630e-01 2.0745e-01 1.0000e+00 1.9144e-01 1.0000e+00 2.8171e-01 2.8171e-01 2.3566e-01 7.7598e-02 1.9080e-01 4.0954e-02 1.9080e-01 1.7802e-01 1.8339e-01 1.8406e-01 1.8339e-01 1.8805e-01 -2.1703e-01 1.8805e-01 1.5443e-01 1.8805e-01 2.2017e-01 2.1553e-01 2.0509e-01 2.0845e-01 2.0621e-01 8.9653e-02 2.0643e-01 2.0643e-01 2.0643e-01 2.0576e-01 5.9679e-02 2.0643e-01 5.9679e-02 -7.1305e-01 2.0744e-01 2.0643e-01 2.0744e-01 1.8911e-01 -2.1029e-01 -2.1542e-01 2.1536e-01 1.8112e-01 -2.1456e-01 1.9109e-01 1.8983e-01 -2.1456e-01 9.5440e-03 5.6836e-03 1.2712e-01 1.2712e-01 -1.5917e-01 -3.9132e-02 -1.5479e-01 -1.5479e-01 1.2210e-01 1.2210e-01 1.4794e-01 1.2140e-01 1.3261e-01 8.7272e-02 -1.5995e-01 -1.5995e-01 -1.6154e-01 -1.5586e-01 -5.0766e-02 -1.8729e-01 -4.6313e-02 -3.6568e-01 -2.0624e-01 -2.0540e-01 2.0790e-01 -3.5886e-01 3.2410e-01 8.8070e-02 -7.3200e-02 -1.0798e-01 -1.0259e-01 -9.8717e-02 -1.3404e-01 -1.3563e-01 -9.8717e-02 -7.4586e-02 -1.1410e-02 -1.2763e-02 -1.1410e-02 -1.1410e-02 -1.5503e-02 -1.0068e-02 -1.4292e-02 -1.4292e-02 -8.9056e-02 -1.4292e-02 -1.3029e-02 -8.8175e-02 -1.1775e-02 -1.6372e-01 -4.4228e-03 -5.4941e-03 -7.6425e-02 2.3746e-02 1.6511e-02 1.7384e-02 -8.1485e-02 -6.4687e-02 -6.4687e-02 -5.3605e-02 -6.8299e-02 -1.1782e-02 -7.0848e-02 -1.7720e-02 -2.4096e-02 -1.1612e-02
-8.2352e-04 -3.8408e-02 4.5458e-02 1.0957e-01 5.8919e-02 -5.3390e-02 -7.8864e-02 -6.9064e-02 -7.8864e-02 -7.8864e-02 -6.9064e-02 7.3273e-01 -3.2284e-01 7.4411e-01 7.5570e-01 2.8171e-01 -3.2284e-01 2.8171e-01 1.0000e+00 1.0000e+00 8.3653e-01 -1.3086e-01 -3.2176e-01 -6.9064e-02 -3.2176e-01 -3.0847e-01 -2.7400e-01 -2.6979e-01 -2.7400e-01 -2.8234e-01 -7.7916e-01 -2.8234e-01 -1.1109e-01 -2.8234e-01 -2.7723e-01 -2.6864e-01 -2.4673e-01 -2.5780e-01 -2.3175e-01 -3.9776e-02 -2.5406e-01 -2.5406e-01 -2.5406e-01 -2.5281e-01 -1.0064e-01 -2.5406e-01 -1.0064e-01 -2.0669e-01 -2.3630e-01 -2.5406e-01 -2.3630e-01 -1.1527e-01 -7.7411e-01 -2.4653e-01 -2.4169e-01 -1.0020e-01 -2.4785e-01 -1.3653e-01 -1.1664e-01 -2.4785e-01 -7.3862e-02 4.0860e-02 -1.6617e-01 -1.6617e-01 -5.1592e-01 6.9021e-02 -5.2497e-01 -5.2497e-01 -3.8618e-01 -3.8618e-01 -3.7896e-01 -3.7831e-01 -1.7603e-01 3.5231e-02 8.6512e-02 9.0773e-02 8.4978e-02 8.9238e-02 7.2749e-02 3.0124e-02 5.4882e-02 -9.4660e-02 3.1691e-01 3.1977e-01 -3.1120e-01 -1.0038e-01 1.6618e-02 6.1036e-02 1.7022e-01 1.3901e-01 1.3766e-01 1.4537e-01 1.2092e-01 1.1708e-01 1.4537e-01 1.6301e-01 1.8114e-01 1.7723e-01 1.7432e-01 1.7432e-01 1.6242e-01 1.6466e-01 1.9646e-01 1.9646e-01 6.9751e-02 1.9646e-01 2.0013e-01 7.3827e-02 2.0377e-01 2.1111e-01 2.2522e-01 2.1547e-01 9.3713e-02 -8.9258e-02 -8.8413e-02 -8.9827e-02 -1.9708e-02 -2.3812e-02 -2.3812e-02 -3.2118e-02 -1.4563e-02 9.9266e-02 -4.1527e-02 1.7936e-02 1.3158e-02 9.3537e-03
-8.2352e-04 -3.8408e-02 4.5458e-02 1.0957e-01 5.8919e-02 -5.3390e-02 -7.8864e-02 -6.9064e-02 -7.8864e-02 -7.8864e-02 -6.9064e-02 7.3273e-01 -3.2284e-01 7.4411e-01 7.5570e-01 2.8171e-01 -3.2284e-01 2.8171e-01 1.0000e+00 1.0000e+00 8.3653e-01 -1.3086e-01 -3.2176e-01 -6.9064e-02 -3.2176e-01 -3.0847e-01 -2.7400e-01 -2.6979e-01 -2.7400e-01 -2.8234e-01 -7.7916e-01 -2.8234e-01 -1.1109e-01 -2.8234e-01 -2.7723e-01 -2.6864e-01 -2.4673e-01 -2.5780e-01 -2.3175e-01 -3.9776e-02 -2.5406e-01 -2.5406e-01 -2.5406e-01 -2.5281e-01 -1.0064e-01 -2.5406e-01 -1.0064e-01 -2.0669e-01 -2.3630e-01 -2.5406e-01 -2.3630e-01 -1.1527e-01 -7.7411e-01 -2.4653e-01 -2.4169e-01 -1.0020e-01 -2.4785e-01 -1.3653e-01 -1.1664e-01 -2.4785e-01 -7.3862e-02 4.0860e-02 -1.6617e-01 -1.6617e-01 -5.1592e-01 6.9021e-02 -5.2497e-01 -5.2497e-01 -3.8618e-01 -3.8618e-01 -3.7896e-01 -3.7831e-01 -1.7603e-01 3.5231e-02 8.6512e-02 9.0773e-02 8.4978e-02 8.9238e-02 7.2749e-02 3.0124e-02 5.4882e-02 -9.4660e-02 3.1691e-01 3.1977e-01 -3.1120e-01 -1.0038e-01 1.6618e-02 6.1036e-02 1.7022e-01 1.3901e-01 1.3766e-01 1.4537e-01 1.2092e-01 1.1708e-01 1.4537e-01 1.6301e-01 1.8114e-01 1.7723e-01 1.7432e-01 1.7432e-01 1.6242e-01 1.6466e-01 1.9646e-01 1.9646e-01 6.9751e-02 1.9646e-01 2.0013e-01 7.3827e-02 2.0377e-01 2.1111e-01 2.2522e-01 2.1547e-01 9.3713e-02 -8.9258e-02 -8.8413e-02 -8.9827e-02 -1.9708e-02 -2.3812e-02 -2.3812e-02 -3.2118e-02 -1.4563e-02 9.9266e-02 -4.1527e-02 1.7936e-02 1.3158e-02 9.3537e-03
5.4045e-03 1.0213e-02 3.6499e-02 1.5825e-01 9.9122e-02 -4.4662e-02 -6.5972e-02 -5.7774e-02 -6.5972e-02 -6.5972e-02 -5.7774e-02 8.7891e-01 -2.7007e-01 8.9249e-01 9.0397e-01 2.3566e-01 -2.7007e-01 2.3566e-01 8.3653e-01 8.3653e-01 1.0000e+00 -1.0947e-01 -2.6916e-01 -5.7774e-02 -2.6916e-01 -2.6593e-01 -2.7327e-01 -2.7418e-01 -2.7327e-01 -2.7965e-01 -9.2772e-01 -2.7965e-01 -3.4760e-01 -2.7965e-01 -2.5771e-01 -2.5073e-01 -2.3950e-01 -2.4454e-01 -2.1556e-01 -1.0213e-02 -2.4152e-01 -2.4152e-01 -2.4152e-01 -2.4051e-01 -8.4189e-02 -2.4152e-01 -8.4189e-02 -1.7290e-01 -2.2320e-01 -2.4152e-01 -2.2320e-01 -3.2174e-01 -9.2227e-01 -4.2526e-01 -2.3545e-01 -3.1090e-01 -4.2632e-01 -3.4053e-01 -3.2273e-01 -4.2632e-01 -7.5594e-02 5.2146e-02 -1.9797e-01 -1.9797e-01 -5.7197e-01 1.0493e-01 -5.7952e-01 -5.7952e-01 -4.3324e-01 -4.3324e-01 -4.3123e-01 -4.2224e-01 -1.8123e-01 -1.7839e-02 1.2774e-01 1.3234e-01 1.3001e-01 1.3001e-01 9.2449e-02 7.5952e-02 9.1101e-02 -5.9532e-02 2.9544e-01 2.9427e-01 -2.9779e-01 -6.6085e-02 -3.8767e-02 -6.2697e-03 1.7411e-01 1.3141e-01 1.3577e-01 1.4243e-01 1.1731e-01 1.1934e-01 1.4243e-01 1.6931e-01 1.6603e-01 1.6854e-01 1.6603e-01 1.6603e-01 1.5128e-01 1.4154e-01 1.2452e-01 1.2452e-01 1.3752e-01 1.2452e-01 1.2239e-01 1.3631e-01 1.2028e-01 2.1006e-01 1.5497e-01 1.4891e-01 1.0235e-01 -7.0121e-02 -6.7175e-02 -6.8364e-02 7.9828e-03 -6.4104e-03 -6.4104e-03 -6.4104e-03 1.1034e-02 1.0663e-01 -8.8410e-03 -1.8773e-03 -7.0374e-03 2.7732e-02
-4.6541e-02 -4.3499e-02 3.8497e-03 2.6987e-02 7.5259e-02 -1.4706e-02 5.5463e-01 4.7309e-01 5.5463e-01 5.5463e-01 3.5656e-02 -9.9275e-02 3.9121e-01 -1.0074e-01 -9.9567e-02 7.7598e-02 4.0533e-01 7.7598e-02 -1.3086e-01 -1.3086e-01 -1.0947e-01 1.0000e+00 4.0670e-01 -1.9024e-02 4.0670e-01 -7.5465e-02 -7.8079e-02 -7.8403e-02 -7.8079e-02 -8.0340e-02 1.0394e-01 -8.0340e-02 -1.0397e-01 -8.0340e-02 3.0800e-01 3.1346e-01 3.1829e-01 3.1425e-01 3.2496e-01 6.2165e-01 3.1666e-01 3.1666e-01 3.1666e-01 3.1748e-01 -2.7721e-02 3.1666e-01 -2.7721e-02 -5.6933e-02 3.3192e-01 3.1666e-01 3.3192e-01 2.6164e-01 1.0394e-01 2.1146e-01 3.2159e-01 2.6810e-01 2.1104e-01 2.5106e-01 2.6106e-01 2.1104e-01 -2.4891e-02 3.4769e-01 -2.5449e-02 -2.5449e-02 6.6205e-03 -3.4413e-02 4.0162e-03 4.0162e-03 3.6867e-02 3.6867e-02 4.3175e-02 3.9478e-02 1.1766e-01 1.3938e-01 -8.0826e-02 -8.0826e-02 -8.0053e-02 -8.0053e-02 -6.9343e-02 -1.9817e-02 -3.6045e-02 -5.7677e-02 -6.1901e-02 -5.1414e-02 5.0295e-02 -5.7306e-02 -1.2271e-02 5.7678e-02 -2.2318e-02 -2.3657e-02 -2.2676e-02 -2.1184e-02 -2.8400e-02 -2.7937e-02 -2.1184e-02 -1.9037e-02 -1.4376e-02 -1.3826e-02 -1.4376e-02 -1.4376e-02 -1.2715e-02 -1.4921e-02 -2.3657e-02 -2.3657e-02 -9.1696e-02 -2.3657e-02 -2.4143e-02 -9.2431e-02 -2.4626e-02 -3.7241e-02 -2.7471e-02 -3.0230e-02 -5.8929e-02 9.3709e-02 9.0673e-02 9.0173e-02 3.7894e-03 -9.9582e-03 -9.9582e-03 -9.9582e-03 -1.7050e-02 -5.3768e-02 -7.9040e-03 -3.0862e-02 -3.0862e-02 -1.9962e-02
-8.0852e-02 -4.8320e-03 8.0002e-02 -4.2138e-02 1.6702e-01 -3.6159e-02 2.4510e-01 2.1465e-01 2.4510e-01 2.4510e-01 -2.0633e-02 -2.3778e-01 9.7638e-01 -2.4143e-01 -2.4481e-01 1.9080e-01 9.9663e-01 1.9080e-01 -3.2176e-01 -3.2176e-01 -2.6916e-01 4.0670e-01 1.0000e+00 -4.6775e-02 1.0000e+00 7.5467e-01 7.3285e-01 7.3021e-01 7.3285e-01 7.1472e-01 2.5558e-01 7.1472e-01 5.5911e-01 7.1472e-01 7.5730e-01 7.7073e-01 7.8261e-01 7.6683e-01 7.9306e-01 2.0499e-01 7.7273e-01 7.7273e-01 7.7273e-01 7.7472e-01 -6.8161e-02 7.7273e-01 -6.8161e-02 -1.3999e-01 8.1010e-01 7.7273e-01 8.1010e-01 6.3786e-01 2.5558e-01 5.1472e-01 7.7888e-01 6.5370e-01 5.1368e-01 6.1191e-01 6.3645e-01 5.1368e-01 -6.1203e-02 1.1357e-01 5.3826e-01 5.3826e-01 1.8028e-01 -6.9836e-02 1.7527e-01 1.7527e-01 2.3054e-01 2.3054e-01 2.4421e-01 2.3617e-01 3.9703e-01 -5.6397e-02 -3.4714e-01 -3.4714e-01 -3.4521e-01 -3.4521e-01 -2.9743e-01 -8.8270e-02 -4.6171e-02 -1.1384e-01 -2.5902e-01 -2.5473e-01 2.5201e-01 -1.0340e-01 1.5031e-01 9.0340e-02 -1.0884e-01 -9.2632e-02 -9.0454e-02 -8.7146e-02 -9.5675e-02 -9.4615e-02 -8.7146e-02 -1.0178e-01 -6.3840e-02 -6.2603e-02 -6.3840e-02 -6.3840e-02 -6.0105e-02 -4.8513e-02 -7.7067e-02 -7.7067e-02 -1.3641e-01 -7.7067e-02 -7.8199e-02 -1.3800e-01 -7.9326e-02 -1.3128e-01 -7.8381e-02 -8.4970e-02 -7.5110e-02 8.4300e-02 8.9062e-02 8.7960e-02 -5.2043e-02 -5.7756e-02 -5.7756e-02 -5.7756e-02 -6.7993e-02 -4.3558e-02 -5.3377e-02 -9.9186e-02 -9.9186e-02 -2.4145e-02
3.3104e-02 -7.1749e-03 -9.8162e-02 -2.3864e-02 -2.0677e-03 6.4291e-01 -1.1465e-02 -1.0040e-02 -1.1465e-02 -1.1465e-02 7.9799e-01 -5.2394e-02 -4.6933e-02 -5.3166e-02 -5.2549e-02 4.0954e-02 -4.6933e-02 4.0954e-02 -6.9064e-02 -6.9064e-02 -5.7774e-02 -1.9024e-02 -4.6775e-02 1.0000e+00 -4.6775e-02 2.1249e-01 2.0698e-01 2.0632e-01 2.0698e-01 2.0242e-01 5.4858e-02 2.0242e-01 1.6378e-01 2.0242e-01 1.6255e-01 1.6543e-01 -5.9768e-02 -6.0536e-02 -5.8541e-02 -2.9651e-02 -6.0075e-02 -6.0075e-02 -6.0075e-02 -5.9922e-02 6.8624e-01 -6.0075e-02 6.8624e-01 -3.0048e-02 -5.7314e-02 -6.0075e-02 -5.7314e-02 1.3809e-01 5.4858e-02 1.1160e-01 1.6973e-01 1.4149e-01 1.1138e-01 1.3250e-01 1.3778e-01 1.1138e-01 -1.3137e-02 -2.3394e-02 1.8457e-01 1.8457e-01 5.6854e-02 -1.8162e-02 5.5933e-02 5.5933e-02 6.8593e-02 6.8593e-02 7.1276e-02 6.9694e-02 1.2031e-01 -5.8234e-02 -1.0573e-01 -1.0573e-01 -1.0531e-01 -1.0531e-01 -8.8525e-02 -3.0830e-02 -1.9024e-02 -3.0440e-02 -9.5719e-02 -9.5910e-02 9.5338e-02 -3.0244e-02 5.9001e-02 1.1059e-01 -1.5713e-02 -8.1897e-03 -7.6432e-03 -6.8106e-03 -1.0828e-02 -1.0571e-02 -6.8106e-03 -1.4055e-02 -3.0002e-03 -2.6918e-03 -3.0002e-03 -3.0002e-03 -2.0677e-03 -3.3062e-03 -8.1897e-03 -8.1897e-03 4.4383e-02 -8.1897e-03 -8.4605e-03 4.4222e-02 -8.7296e-03 -4.7271e-02 -1.0312e-02 -1.1843e-02 -7.4126e-02 -6.4079e-02 -6.5007e-02 -6.5162e-02 -2.3630e-02 -2.7612e-02 -2.7612e-02 -2.7612e-02 -2.2429e-02 4.1879e-02 -2.6979e-02 6.2199e-03 6.2199e-03 -1.0535e-02
-8.0852e-02 -4.8320e-03 8.0002e-02 -4.2138e-02 1.6702e-01 -3.6159e-02 2.4510e-01 2.1465e-01 2.4510e-01 2.4510e-01 -2.0633e-02 -2.3778e-01 9.7638e-01 -2.4143e-01 -2.4481e-01 1.9080e-01 9.9663e-01 1.9080e-01 -3.2176e-01 -3.2176e-01 -2.6916e-01 4.0670e-01 1.0000e+00 -4.6775e-02 1.0000e+00 7.5467e-01 7.3285e-01 7.3021e-01 7.3285e-01 7.1472e-01 2.5558e-01 7.1472e-01 5.5911e-01 7.1472e-01 7.5730e-01 7.7073e-01 7.8261e-01 7.6683e-01 7.9306e-01 2.0499e-01 7.7273e-01 7.7273e-01 7.7273e-01 7.7472e-01 -6.8161e-02 7.7273e-01 -6.8161e-02 -1.3999e-01 8.1010e-01 7.7273e-01 8.1010e-01 6.3786e-01 2.5558e-01 5.1472e-01 7.7888e-01 6.5370e-01 5.1368e-01 6.1191e-01 6.3645e-01 5.1368e-01 -6.1203e-02 1.1357e-01 5.3826e-01 5.3826e-01 1.8028e-01 -6.9836e-02 1.7527e-01 1.7527e-01 2.3054e-01 2.3054e-01 2.4421e-01 2.3617e-01 3.9703e-01 -5.6397e-02 -3.4714e-01 -3.4714e-01 -3.4521e-01 -3.4521e-01 -2.9743e-01 -8.8270e-02 -4.6171e-02 -1.1384e-01 -2.5902e-01 -2.5473e-01 2.5201e-01 -1.0340e-01 1.5031e-01 9.0340e-02 -1.0884e-01 -9.2632e-02 -9.0454e-02 -8.7146e-02 -9.5675e-02 -9.4615e-02 -8.7146e-02 -1.0178e-01 -6.3840e-02 -6.2603e-02 -6.3840e-02 -6.3840e-02 -6.0105e-02 -4.8513e-02 -7.7067e-02 -7.7067e-02 -1.3641e-01 -7.7067e-02 -7.8199e-02 -1.3800e-01 -7.9326e-02 -1.3128e-01 -7.8381e-02 -8.4970e-02 -7.5110e-02 8.4300e-02 8.9062e-02 8.7960e-02 -5.2043e-02 -5.7756e-02 -5.7756e-02 -5.7756e-02 -6.7993e-02 -4.3558e-02 -5.3377e-02 -9.9186e-02 -9.9186e-02 -2.4145e-02
-6.9128e-02 -2.5135e-03 -3.8367e-03 -7.8008e-02 1.2985e-01 1.3080e-01 -3.1139e-02 -2.1275e-02 -3.1139e-02 -3.1139e-02 1.6054e-01 -2.3402e-01 7.3840e-01 -2.3775e-01 -2.4103e-01 1.7802e-01 7.5182e-01 1.7802e-01 -3.0847e-01 -3.0847e-01 -2.6593e-01 -7.5465e-02 7.5467e-01 2.1249e-01 7.5467e-01 1.0000e+00 9.7406e-01 9.7093e-01 9.7406e-01 9.5257e-01 2.5817e-01 9.5257e-01 7.7074e-01 9.5257e-01 7.6498e-01 7.7854e-01 6.8512e-01 6.6408e-01 6.8880e-01 -1.3007e-01 6.5212e-01 6.5212e-01 6.5212e-01 6.5397e-01 3.0965e-01 6.5212e-01 3.0965e-01 -1.4140e-01 6.8688e-01 6.5212e-01 6.8688e-01 6.4441e-01 2.5817e-01 5.2002e-01 7.1634e-01 6.0031e-01 5.1897e-01 6.1820e-01 6.4299e-01 5.1897e-01 -6.1823e-02 -7.5176e-02 5.7977e-01 5.7977e-01 2.3754e-01 -7.0788e-02 2.3295e-01 2.3295e-01 2.8410e-01 2.8410e-01 2.9724e-01 2.8950e-01 3.8804e-01 -3.0871e-02 -3.4275e-01 -3.3759e-01 -3.4080e-01 -3.4080e-01 -2.8158e-01 -1.0842e-01 -4.7342e-02 -1.1546e-01 -2.5958e-01 -2.6049e-01 2.5775e-01 -1.0507e-01 1.5390e-01 9.4551e-02 -1.2564e-01 -1.0272e-01 -1.0058e-01 -9.7337e-02 -1.0563e-01 -1.0459e-01 -9.7337e-02 -1.1881e-01 -7.4395e-02 -7.3186e-02 -7.4395e-02 -7.4395e-02 -7.0744e-02 -5.9148e-02 -8.7256e-02 -8.7256e-02 -1.8778e-01 -8.7256e-02 -8.8369e-02 -1.8951e-01 -8.9476e-02 -1.4679e-01 -7.3398e-02 -5.7955e-02 -9.7385e-02 -1.7697e-02 -1.2465e-02 -1.3479e-02 -6.5066e-02 -1.9272e-02 -1.9272e-02 -1.9272e-02 -6.9286e-02 -3.8993e-02 -3.4587e-02 -2.8032e-02 -2.8032e-02 -2.4803e-02
-6.1297e-02 3.5279e-03 -2.3638e-02 -8.1559e-02 1.2073e-01 1.2709e-01 -3.2949e-02 -2.2958e-02 -3.2949e-02 -3.2949e-02 1.5588e-01 -2.4079e-01 7.1681e-01 -2.4462e-01 -2.4772e-01 1.8339e-01 7.3001e-01 1.8339e-01 -2.7400e-01 -2.7400e-01 -2.7327e-01 -7.8079e-02 7.3285e-01 2.0698e-01 7.3285e-01 9.7406e-01 1.0000e+00 9.9678e-01 1.0000e+00 9.7794e-01 2.6504e-01 9.7794e-01 7.9126e-01 9.7794e-01 7.8535e-01 7.9927e-01 7.0789e-01 6.8677e-01 7.1223e-01 -1.3394e-01 6.7526e-01 6.7526e-01 6.7526e-01 6.7717e-01 3.0162e-01 6.7526e-01 3.0162e-01 -1.4517e-01 7.1108e-01 6.7526e-01 7.1108e-01 6.6181e-01 2.6504e-01 5.3409e-01 7.3896e-01 6.1912e-01 5.3301e-01 6.3489e-01 6.6034e-01 5.3301e-01 -6.3469e-02 -7.8679e-02 6.0762e-01 6.0762e-01 2.4516e-01 -7.3305e-02 2.4046e-01 2.4046e-01 2.9333e-01 2.9333e-01 3.0679e-01 2.9886e-01 4.0603e-01 -4.2150e-02 -3.2300e-01 -3.1792e-01 -3.2100e-01 -3.2100e-01 -2.5913e-01 -1.1288e-01 -5.0416e-02 -1.1973e-01 -2.3918e-01 -2.4012e-01 2.3729e-01 -1.0947e-01 1.6332e-01 1.1959e-01 -8.3577e-02 -5.5540e-02 -5.3007e-02 -4.9152e-02 -6.0417e-02 -5.9199e-02 -4.9152e-02 -7.5710e-02 -2.3429e-02 -2.1975e-02 -2.3429e-02 -2.3429e-02 -1.9033e-02 -8.6928e-03 -4.0328e-02 -4.0328e-02 -1.7573e-01 -4.0328e-02 -4.1633e-02 -1.7746e-01 -4.2931e-02 -1.2026e-01 -2.8324e-02 -1.4270e-02 -7.9302e-02 -3.0375e-02 -2.5416e-02 -2.6444e-02 -6.8783e-02 -2.4544e-02 -2.4544e-02 -2.4544e-02 -7.2690e-02 -5.4760e-02 -3.9481e-02 5.5689e-03 5.5689e-03 -2.6528e-02
