1.0000e+00 -8.4848e-02 -8.4674e-02 -5.4667e-02 1.4203e-01 -6.5122e-02 -5.3974e-02 -8.8466e-02 -1.1623e-01 -8.1784e-02 -7.7841e-02 -2.6007e-02 -9.4673e-02 7.1876e-02 7.0109e-02 7.6792e-03 1.1787e-02 4.6020e-02 1.4586e-02 1.8875e-02 1.7415e-02
-8.4848e-02 1.0000e+00 -3.1600e-02 -2.6679e-02 1.1479e-01 -8.3499e-02 -3.3373e-02 -3.9449e-02 9.6060e-02 1.2603e-02 2.1968e-02 3.1630e-03 4.7789e-02 -4.8011e-02 1.3750e-02 -1.1280e-02 5.6154e-02 -2.4174e-02 1.9144e-02 1.7257e-02 5.8717e-03
-8.4674e-02 -3.1600e-02 1.0000e+00 -3.3888e-02 1.5683e-01 -1.2696e-01 -5.1919e-02 2.0336e-01 -9.3744e-02 -1.0196e-03 -2.0474e-03 2.0542e-02 -1.9371e-02 1.9482e-02 -4.7010e-02 2.9941e-02 -4.4531e-02 -3.0706e-02 3.5772e-02 3.3276e-02 -9.0429e-03
-5.4667e-02 -2.6679e-02 -3.3888e-02 1.0000e+00 1.0107e-01 -8.2833e-02 -3.4740e-02 -3.7745e-02 -2.4141e-02 9.2767e-03 8.7551e-03 -2.9025e-02 3.8712e-02 -1.2412e-02 -1.0871e-02 -8.0917e-03 2.3504e-02 -1.5575e-02 1.2887e-02 1.1666e-02 -1.9143e-02
1.4203e-01 1.1479e-01 1.5683e-01 1.0107e-01 1.0000e+00 -8.1500e-01 -2.4409e-01 -7.9622e-02 -1.3525e-01 -3.1811e-02 -2.8745e-02 5.3770e-02 -4.3787e-02 2.1434e-02 1.9283e-02 2.4067e-02 2.2240e-02 3.8377e-03 -9.9775e-03 -1.5038e-02 2.6286e-02
-6.5122e-02 -8.3499e-02 -1.2696e-01 -8.2833e-02 -8.1500e-01 1.0000e+00 2.9493e-01 -2.4569e-02 -8.1333e-02 -4.7501e-02 -5.0012e-02 -3.5555e-02 -2.5742e-02 3.6852e-02 2.0969e-02 2.8240e-02 -3.5965e-03 -1.8680e-02 -5.0194e-03 -4.0754e-03 -3.0658e-02
-5.3974e-02 -3.3373e-02 -5.1919e-02 -3.4740e-02 -2.4409e-01 2.9493e-01 1.0000e+00 -7.6286e-02 -8.7329e-02 3.5282e-02 3.4227e-02 -5.8661e-02 8.6974e-02 -5.7697e-02 -2.0245e-02 -6.5300e-02 -2.1657e-02 -3.1479e-02 1.8606e-02 1.6202e-02 -3.8690e-02
-8.8466e-02 -3.9449e-02 2.0336e-01 -3.7745e-02 -7.9622e-02 -2.4569e-02 -7.6286e-02 1.0000e+00 1.3710e-01 -7.7832e-03 -8.9276e-03 -2.8301e-02 -5.3601e-03 -2.1533e-02 9.8886e-03 -3.8118e-04 -4.9090e-03 -3.4202e-02 -1.0122e-02 -1.8571e-03 -4.2037e-02
-1.1623e-01 9.6060e-02 -9.3744e-02 -2.4141e-02 -1.3525e-01 -8.1333e-02 -8.7329e-02 1.3710e-01 1.0000e+00 4.8866e-02 4.6939e-02 9.1926e-04 3.2981e-02 -2.4943e-02 1.3259e-02 -5.4726e-02 2.2632e-02 -1.4238e-02 -3.7380e-02 -3.3962e-02 8.8872e-02
-8.1784e-02 1.2603e-02 -1.0196e-03 9.2767e-03 -3.1811e-02 -4.7501e-02 3.5282e-02 -7.7832e-03 4.8866e-02 1.0000e+00 9.9603e-01 2.1462e-01 7.7327e-01 -8.1327e-01 -9.0909e-02 -3.7997e-02 -1.5769e-02 -1.0042e-01 1.9090e-02 2.1849e-02 2.2602e-02
-7.7841e-02 2.1968e-02 -2.0474e-03 8.7551e-03 -2.8745e-02 -5.0012e-02 3.4227e-02 -8.9276e-03 4.6939e-02 9.9603e-01 1.0000e+00 2.1373e-01 7.7418e-01 -8.1736e-01 -9.2090e-02 -3.5242e-02 -1.6453e-02 -1.0089e-01 1.7471e-02 2.0210e-02 2.2021e-02
-2.6007e-02 3.1630e-03 2.0542e-02 -2.9025e-02 5.3770e-02 -3.5555e-02 -5.8661e-02 -2.8301e-02 9.1926e-04 2.1462e-01 2.1373e-01 1.0000e+00 -1.6574e-01 1.7589e-01 2.9090e-03 -7.7432e-03 -9.9900e-03 -2.6300e-02 -2.2673e-02 -1.0980e-02 -3.2324e-02
-9.4673e-02 4.7789e-02 -1.9371e-02 3.8712e-02 -4.3787e-02 -2.5742e-02 8.6974e-02 -5.3601e-03 3.2981e-02 7.7327e-01 7.7418e-01 -1.6574e-01 1.0000e+00 -8.2124e-01 -6.4382e-02 -6.6613e-02 -2.2566e-03 -7.6698e-02 4.9529e-03 3.9997e-03 2.7149e-02
7.1876e-02 -4.8011e-02 1.9482e-02 -1.2412e-02 2.1434e-02 3.6852e-02 -5.7697e-02 -2.1533e-02 -2.4943e-02 -8.1327e-01 -8.1736e-01 1.7589e-01 -8.2124e-01 1.0000e+00 9.8390e-02 7.5800e-02 1.1665e-02 6.3674e-02 -6.0310e-03 -3.4583e-03 -2.6101e-02
7.0109e-02 1.3750e-02 -4.7010e-02 -1.0871e-02 1.9283e-02 2.0969e-02 -2.0245e-02 9.8886e-03 1.3259e-02 -9.0909e-02 -9.2090e-02 2.9090e-03 -6.4382e-02 9.8390e-02 1.0000e+00 1.9850e-01 -2.9612e-02 -4.3775e-03 -3.8036e-02 -2.9917e-02 3.2737e-02
7.6792e-03 -1.1280e-02 2.9941e-02 -8.0917e-03 2.4067e-02 2.8240e-02 -6.5300e-02 -3.8118e-04 -5.4726e-02 -3.7997e-02 -3.5242e-02 -7.7432e-03 -6.6613e-02 7.5800e-02 1.9850e-01 1.0000e+00 8.1209e-02 -8.3985e-03 -4.0145e-03 1.8821e-03 -2.8944e-03
1.1787e-02 5.6154e-02 -4.4531e-02 2.3504e-02 2.2240e-02 -3.5965e-03 -2.1657e-02 -4.9090e-03 2.2632e-02 -1.5769e-02 -1.6453e-02 -9.9900e-03 -2.2566e-03 1.1665e-02 -2.9612e-02 8.1209e-02 1.0000e+00 -2.0467e-02 -7.0132e-02 -7.0987e-02 -2.5156e-02
4.6020e-02 -2.4174e-02 -3.0706e-02 -1.5575e-02 3.8377e-03 -1.8680e-02 -3.1479e-02 -3.4202e-02 -1.4238e-02 -1.0042e-01 -1.0089e-01 -2.6300e-02 -7.6698e-02 6.3674e-02 -4.3775e-03 -8.3985e-03 -2.0467e-02 1.0000e+00 2.6754e-01 2.6423e-01 4.2008e-02
1.4586e-02 1.9144e-02 3.5772e-02 1.2887e-02 -9.9775e-03 -5.0194e-03 1.8606e-02 -1.0122e-02 -3.7380e-02 1.9090e-02 1.7471e-02 -2.2673e-02 4.9529e-03 -6.0310e-03 -3.8036e-02 -4.0145e-03 -7.0132e-02 2.6754e-01 1.0000e+00 9.8795e-01 -5.9437e-02
1.8875e-02 1.7257e-02 3.3276e-02 1.1666e-02 -1.5038e-02 -4.0754e-03 1.6202e-02 -1.8571e-03 -3.3962e-02 2.1849e-02 2.0210e-02 -1.0980e-02 3.9997e-03 -3.4583e-03 -2.9917e-02 1.8821e-03 -7.0987e-02 2.6423e-01 9.8795e-01 1.0000e+00 -6.0162e-02
1.7415e-02 5.8717e-03 -9.0429e-03 -1.9143e-02 2.6286e-02 -3.0658e-02 -3.8690e-02 -4.2037e-02 8.8872e-02 2.2602e-02 2.2021e-02 -3.2324e-02 2.7149e-02 -2.6101e-02 3.2737e-02 -2.8944e-03 -2.5156e-02 4.2008e-02 -5.9437e-02 -6.0162e-02 1.0000e+00
