1.0000e+00 9.8269e-01 1.1377e-01 1.2528e-01 -1.1875e-05 2.7480e-03 -7.7966e-03 1.0443e-03 9.2713e-03 -1.5696e-02 -7.7698e-02 -1.4278e-02 -1.0245e-01 4.2594e-02 -7.9911e-02 -8.0544e-02 -1.0411e-01 -1.0411e-01 -8.4350e-02 -6.3480e-02 -6.2528e-02 -8.4350e-02 -8.4350e-02 -8.4350e-02 -8.4668e-02 -8.4032e-02 -8.4032e-02 -8.7855e-02 -8.4668e-02 -6.2210e-02 -8.4668e-02 -1.1963e-01 -1.1932e-01 -1.1963e-01 -1.1963e-01 -2.0427e-02 -1.1963e-01 -1.1963e-01 -1.1963e-01 -1.1963e-01 -1.1963e-01 -1.1963e-01 -1.1963e-01 -1.1963e-01 -1.1963e-01 -1.1902e-01 -1.1963e-01 -1.1963e-01 -1.1963e-01 -1.1902e-01 -1.1902e-01 -1.1963e-01 -1.1963e-01 -5.7595e-02 -1.2085e-01 -1.2085e-01 -1.2085e-01 -5.7595e-02 -1.2085e-01 -1.2085e-01 -1.2085e-01 -1.1240e-01 -1.2085e-01 -1.2085e-01 -1.8508e-02 -9.8855e-02 -1.2085e-01 -1.8508e-02 -1.2085e-01 -1.1932e-01 -1.2085e-01 -1.2085e-01 -1.2085e-01 -1.9475e-02 -1.0706e-01 -1.0706e-01 -1.8508e-02 -1.0706e-01 -1.0706e-01 -9.8855e-02 -9.9438e-02 -1.0706e-01 -9.8855e-02 -9.8855e-02 -9.8855e-02 -9.8855e-02 -9.8855e-02 -9.8855e-02 -3.2817e-02 -9.8855e-02 -3.7633e-02 -6.0784e-02 -3.2817e-02 -3.2817e-02 -1.8508e-02 -1.8993e-02 -3.2817e-02 -4.0630e-02 -4.7244e-02 3.4446e-02 -4.7244e-02 -4.7244e-02 -4.7244e-02 -4.7244e-02 -4.7244e-02 -1.0618e-01 -4.7244e-02 -4.7244e-02 -1.0677e-01 -1.0677e-01 -5.7661e-02 -4.7600e-02 -1.0677e-01 -4.2932e-02 -1.0677e-01 -4.7244e-02 -4.7244e-02 -1.0471e-01 -4.6167e-02 -1.0765e-01 -1.0677e-01 5.8236e-03 -7.4501e-02 -7.4161e-02 -6.4599e-02 -5.2151e-04 -6.3028e-02 -6.3028e-02 -6.1895e-02 -2.3255e-02 7.4430e-02 6.9061e-02 6.9502e-02 6.9502e-02
9.8269e-01 1.0000e+00 1.1700e-01 1.2870e-01 -5.2798e-03 -2.4808e-03 -8.9193e-03 6.3273e-03 2.9780e-03 -1.0633e-02 -8.1130e-02 -2.1091e-02 -1.0628e-01 4.7383e-02 -8.3375e-02 -8.4018e-02 -1.0796e-01 -1.0796e-01 -8.7882e-02 -5.4444e-02 -6.5749e-02 -8.7882e-02 -8.7882e-02 -8.7882e-02 -8.8204e-02 -8.7559e-02 -8.7559e-02 -9.1441e-02 -8.8204e-02 -6.5427e-02 -8.8204e-02 -1.2255e-01 -1.2224e-01 -1.2255e-01 -1.2255e-01 -2.2100e-02 -1.2255e-01 -1.2255e-01 -1.2255e-01 -1.2255e-01 -1.2255e-01 -1.2255e-01 -1.2255e-01 -1.2255e-01 -1.2255e-01 -1.2194e-01 -1.2255e-01 -1.2255e-01 -1.2255e-01 -1.2194e-01 -1.2194e-01 -1.2255e-01 -1.2255e-01 -5.0950e-02 -1.2379e-01 -1.2379e-01 -1.2379e-01 -5.0950e-02 -1.2379e-01 -1.2379e-01 -1.2379e-01 -1.1521e-01 -1.2379e-01 -1.2379e-01 -2.0169e-02 -1.0145e-01 -1.2379e-01 -2.0169e-02 -1.2379e-01 -1.2224e-01 -1.2379e-01 -1.2379e-01 -1.2379e-01 -2.1141e-02 -1.0978e-01 -1.0978e-01 -2.0169e-02 -1.0978e-01 -1.0978e-01 -1.0145e-01 -1.0204e-01 -1.0978e-01 -1.0145e-01 -1.0145e-01 -1.0145e-01 -1.0145e-01 -1.0145e-01 -1.0145e-01 -2.5680e-02 -1.0145e-01 -3.9437e-02 -5.4895e-02 -2.5680e-02 -2.5680e-02 -2.0169e-02 -2.0657e-02 -2.5680e-02 -4.1345e-02 -4.8685e-02 4.4680e-02 -4.8685e-02 -4.8685e-02 -4.8685e-02 -4.8685e-02 -4.8685e-02 -1.0889e-01 -4.8685e-02 -4.8685e-02 -1.0948e-01 -1.0948e-01 -5.9678e-02 -4.9045e-02 -1.0948e-01 -3.6016e-02 -1.0948e-01 -4.8685e-02 -4.8685e-02 -1.0739e-01 -4.7595e-02 -9.8285e-02 -1.0948e-01 4.7218e-03 -6.7349e-02 -6.7002e-02 -4.7960e-02 -2.5080e-03 -6.5110e-02 -6.5110e-02 -6.7903e-02 -2.3664e-02 6.9506e-02 7.6879e-02 7.7334e-02 7.7334e-02
1.1377e-01 1.1700e-01 1.0000e+00 9.3018e-01 5.2956e-02 5.5303e-02 5.8295e-02 8.3070e-02 5.7330e-02 8.2866e-02 4.1724e-03 7.5702e-02 2.4769e-02 6.5474e-02 4.2128e-03 -4.5594e-04 2.1346e-02 2.1346e-02 -7.9345e-03 -3.0996e-02 -3.2289e-02 -7.9345e-03 -7.9345e-03 -7.9345e-03 -1.0253e-02 -9.6926e-03 -9.6926e-03 -4.9219e-03 -1.0253e-02 -3.4130e-02 -1.0253e-02 -2.1375e-02 -2.3140e-02 -2.1375e-02 -2.1375e-02 2.3699e-02 -2.1375e-02 -2.1375e-02 -2.1375e-02 -2.1375e-02 -2.1375e-02 -2.1375e-02 -2.1375e-02 -2.1375e-02 -2.1375e-02 -2.0822e-02 -2.1375e-02 -2.1375e-02 -2.1375e-02 -2.0822e-02 -2.0822e-02 -2.1375e-02 -2.1375e-02 1.0704e-02 -1.8403e-02 -1.8403e-02 -1.8403e-02 1.0704e-02 -1.8403e-02 -1.8403e-02 -1.8403e-02 -4.3565e-02 -1.8403e-02 -1.8403e-02 2.5956e-02 -4.3905e-02 -1.8403e-02 2.5956e-02 -1.8403e-02 -1.9057e-02 -1.8403e-02 -1.8403e-02 -1.8403e-02 3.1411e-02 -1.7955e-02 -1.7955e-02 2.5956e-02 -1.7955e-02 -1.7955e-02 -4.3905e-02 -4.0203e-02 -1.7955e-02 -4.3905e-02 -4.3905e-02 -4.3905e-02 -4.3905e-02 -4.3905e-02 -4.3905e-02 -1.1146e-02 -4.3905e-02 2.4277e-02 5.6145e-03 -1.1146e-02 -1.1146e-02 2.5956e-02 2.8695e-02 -1.1146e-02 7.2982e-03 3.1737e-02 5.8192e-02 3.1737e-02 3.1737e-02 3.1737e-02 3.1737e-02 3.1737e-02 -5.6713e-02 3.1737e-02 3.1737e-02 -5.3065e-02 -5.3065e-02 -6.8603e-02 3.4232e-02 -5.3065e-02 -2.7528e-02 -5.3065e-02 3.7802e-02 3.7802e-02 -4.4975e-02 3.0282e-02 -5.1765e-02 -6.5555e-02 5.7846e-03 7.6526e-02 7.8816e-02 8.7769e-02 -4.4691e-02 3.6563e-02 3.6563e-02 5.1718e-02 1.1321e-02 -2.7035e-03 1.5589e-02 1.3715e-02 1.3715e-02
1.2528e-01 1.2870e-01 9.3018e-01 1.0000e+00 4.1099e-02 4.2258e-02 6.3458e-02 1.0549e-01 7.6432e-02 1.0853e-01 4.1417e-02 1.0080e-01 5.6090e-02 8.1538e-02 2.6091e-02 2.5795e-02 5.3389e-02 5.3389e-02 1.9990e-02 -7.6517e-03 -9.3382e-03 1.9990e-02 1.9990e-02 1.9990e-02 1.7824e-02 1.8110e-02 1.8110e-02 1.2371e-02 1.7824e-02 -1.1300e-02 1.7824e-02 6.2450e-03 4.3582e-03 6.2450e-03 6.2450e-03 3.5160e-02 6.2450e-03 6.2450e-03 6.2450e-03 6.2450e-03 6.2450e-03 6.2450e-03 6.2450e-03 6.2450e-03 6.2450e-03 6.5237e-03 6.2450e-03 6.2450e-03 6.2450e-03 6.5237e-03 6.5237e-03 6.2450e-03 6.2450e-03 4.4227e-02 9.7341e-03 9.7341e-03 9.7341e-03 4.4227e-02 9.7341e-03 9.7341e-03 9.7341e-03 -1.9015e-02 9.7341e-03 9.7341e-03 3.6656e-02 -2.1407e-02 9.7341e-03 3.6656e-02 9.7341e-03 8.4104e-03 9.7341e-03 9.7341e-03 9.7341e-03 3.5899e-02 8.0999e-03 8.0999e-03 3.6656e-02 8.0999e-03 8.0999e-03 -2.1407e-02 -1.7463e-02 8.0999e-03 -2.1407e-02 -2.1407e-02 -2.1407e-02 -2.1407e-02 -2.1407e-02 -2.1407e-02 1.6307e-02 -2.1407e-02 3.1206e-02 3.8558e-02 1.6307e-02 1.6307e-02 3.6656e-02 3.2989e-02 1.6307e-02 2.4161e-02 3.4564e-02 6.8034e-02 3.4564e-02 3.4564e-02 3.4564e-02 3.4564e-02 3.4564e-02 -3.0769e-02 3.4564e-02 3.4564e-02 -2.6881e-02 -2.6881e-02 -4.6641e-02 3.7245e-02 -2.6881e-02 4.1834e-03 -2.6881e-02 4.0584e-02 4.0584e-02 -1.9785e-02 3.2499e-02 -2.5191e-02 -3.9278e-02 1.8100e-02 7.0828e-02 7.2959e-02 6.5520e-02 -6.5490e-02 2.6413e-02 2.6413e-02 4.8319e-02 5.8872e-03 -1.1775e-03 1.8829e-02 1.6817e-02 1.6817e-02
-1.1875e-05 -5.2798e-03 5.2956e-02 4.1099e-02 1.0000e+00 9.8402e-01 1.3951e-01 6.1568e-03 -3.4853e-02 -6.1054e-02 1.1941e-02 -5.7732e-02 5.5977e-03 -3.1428e-02 1.9503e-02 2.3986e-02 8.6305e-03 8.6305e-03 3.4511e-02 5.0741e-02 5.6499e-02 3.4511e-02 3.4511e-02 3.4511e-02 3.2680e-02 2.8224e-02 2.8224e-02 4.6795e-02 3.2680e-02 5.0008e-02 3.2680e-02 2.7824e-02 2.9656e-02 3.1887e-02 3.1887e-02 4.2180e-02 3.1887e-02 3.1887e-02 3.1887e-02 3.1887e-02 3.1887e-02 3.1887e-02 3.1887e-02 3.1887e-02 3.1887e-02 2.7424e-02 3.1887e-02 3.1887e-02 3.1887e-02 2.7424e-02 2.7424e-02 3.1887e-02 3.1887e-02 -1.1515e-02 4.4852e-02 4.4852e-02 4.4852e-02 -1.1515e-02 4.4852e-02 4.4852e-02 4.4852e-02 -5.7159e-03 4.4852e-02 4.4852e-02 2.1669e-02 5.1567e-02 4.4852e-02 2.1669e-02 4.4852e-02 4.5915e-02 4.4852e-02 4.4852e-02 4.4852e-02 1.5597e-02 1.0223e-01 1.0223e-01 2.1669e-02 1.0223e-01 1.0223e-01 5.1567e-02 4.7720e-02 1.0223e-01 5.1567e-02 5.1567e-02 5.1567e-02 5.1567e-02 5.1567e-02 5.1567e-02 -8.6711e-03 5.1567e-02 -6.7346e-02 -5.2585e-02 -8.6711e-03 -8.6711e-03 2.1669e-02 1.8620e-02 -8.6711e-03 5.5826e-02 2.1213e-02 -3.9219e-02 2.1213e-02 2.1213e-02 2.1213e-02 2.1213e-02 2.1213e-02 9.9686e-02 2.1213e-02 2.1213e-02 1.0415e-01 1.0415e-01 -5.4105e-02 2.4462e-02 1.0415e-01 5.3660e-02 1.0415e-01 2.7252e-02 2.7252e-02 9.2661e-02 1.7437e-02 1.0254e-01 9.5856e-02 7.1663e-02 1.6338e-02 1.8131e-02 2.6811e-02 6.0630e-03 1.1930e-02 1.1930e-02 3.1313e-02 -3.1206e-02 3.7275e-02 3.9541e-02 4.1538e-02 3.7168e-02
2.7480e-03 -2.4808e-03 5.5303e-02 4.2258e-02 9.8402e-01 1.0000e+00 1.4319e-01 1.1760e-02 -3.0109e-02 -5.3934e-02 1.2542e-02 -5.0747e-02 8.6310e-03 -2.6451e-02 2.0342e-02 2.4898e-02 1.1827e-02 1.1827e-02 3.5826e-02 4.9921e-02 5.5587e-02 3.5826e-02 3.5826e-02 3.5826e-02 3.4024e-02 2.9495e-02 2.9495e-02 4.8482e-02 3.4024e-02 4.9050e-02 3.4024e-02 2.9031e-02 3.0835e-02 3.3102e-02 3.3102e-02 4.7753e-02 3.3102e-02 3.3102e-02 3.3102e-02 3.3102e-02 3.3102e-02 3.3102e-02 3.3102e-02 3.3102e-02 3.3102e-02 2.8567e-02 3.3102e-02 3.3102e-02 3.3102e-02 2.8567e-02 2.8567e-02 3.3102e-02 3.3102e-02 -7.1477e-03 4.6217e-02 4.6217e-02 4.6217e-02 -7.1477e-03 4.6217e-02 4.6217e-02 4.6217e-02 -5.3420e-03 4.6217e-02 4.6217e-02 2.7089e-02 5.0509e-02 4.6217e-02 2.7089e-02 4.6217e-02 4.7123e-02 4.6217e-02 4.6217e-02 4.6217e-02 2.1064e-02 1.0221e-01 1.0221e-01 2.7089e-02 1.0221e-01 1.0221e-01 5.0509e-02 4.6724e-02 1.0221e-01 5.0509e-02 5.0509e-02 5.0509e-02 5.0509e-02 5.0509e-02 5.0509e-02 -6.6092e-03 5.0509e-02 -6.0840e-02 -4.5765e-02 -6.6092e-03 -6.6092e-03 2.7089e-02 2.4063e-02 -6.6092e-03 5.9703e-02 9.1644e-03 -4.4966e-02 9.1644e-03 9.1644e-03 9.1644e-03 9.1644e-03 9.1644e-03 1.0372e-01 9.1644e-03 9.1644e-03 9.9941e-02 9.9941e-02 -5.1069e-02 1.2507e-02 9.9941e-02 5.2767e-02 9.9941e-02 1.5214e-02 1.5214e-02 8.8185e-02 1.7335e-02 9.8443e-02 9.1636e-02 7.4552e-02 2.0118e-02 2.1882e-02 3.2865e-02 4.9932e-03 1.5647e-02 1.5647e-02 3.8388e-02 -2.9099e-02 3.8661e-02 4.1333e-02 4.3300e-02 3.8923e-02
-7.7966e-03 -8.9193e-03 5.8295e-02 6.3458e-02 1.3951e-01 1.4319e-01 1.0000e+00 1.5488e-01 1.6455e-01 1.3630e-01 2.2617e-01 1.3781e-01 1.7878e-01 1.6170e-01 2.1253e-01 2.1149e-01 1.7655e-01 1.7655e-01 1.9547e-01 2.3156e-01 2.3337e-01 1.9547e-01 1.9547e-01 1.9547e-01 1.9497e-01 1.9598e-01 1.9598e-01 1.9987e-01 1.9497e-01 2.3398e-01 1.9497e-01 1.9698e-01 1.9749e-01 1.9698e-01 1.9698e-01 -7.3396e-02 1.9698e-01 1.9698e-01 1.9698e-01 1.9698e-01 1.9698e-01 1.9698e-01 1.9698e-01 1.9698e-01 1.9698e-01 1.9799e-01 1.9698e-01 1.9698e-01 1.9698e-01 1.9799e-01 1.9799e-01 1.9698e-01 1.9698e-01 1.6020e-01 1.9497e-01 1.9497e-01 1.9497e-01 1.6020e-01 1.9497e-01 1.9497e-01 1.9497e-01 2.0946e-01 1.9497e-01 1.9497e-01 -7.1838e-02 2.3581e-01 1.9497e-01 -7.1838e-02 1.9497e-01 1.9749e-01 1.9497e-01 1.9497e-01 1.9497e-01 -7.2619e-02 2.1935e-01 2.1935e-01 -7.1838e-02 2.1935e-01 2.1935e-01 2.3581e-01 2.3459e-01 2.1935e-01 2.3581e-01 2.3581e-01 2.3581e-01 2.3581e-01 2.3581e-01 2.3581e-01 1.9262e-01 2.3581e-01 -8.8471e-02 1.2985e-01 1.9262e-01 1.9262e-01 -7.1838e-02 -7.2229e-02 1.9262e-01 7.1106e-01 -6.6241e-02 -9.2556e-02 -6.6241e-02 -6.6241e-02 -6.6241e-02 -6.6241e-02 -6.6241e-02 2.2105e-01 -6.6241e-02 -6.6241e-02 2.1991e-01 2.1991e-01 -1.0819e-01 -6.6657e-02 2.1991e-01 1.7878e-01 2.1991e-01 -6.6241e-02 -6.6241e-02 2.2391e-01 -6.4983e-02 2.1823e-01 2.1991e-01 4.8604e-01 7.1458e-02 7.1886e-02 1.7117e-01 6.4791e-03 1.2061e-01 1.2061e-01 5.9502e-02 7.7998e-03 -1.7618e-02 -1.2366e-02 -1.1913e-02 -1.1913e-02
1.0443e-03 6.3273e-03 8.3070e-02 1.0549e-01 6.1568e-03 1.1760e-02 1.5488e-01 1.0000e+00 9.5315e-01 9.0705e-01 7.2918e-01 8.9830e-01 6.6450e-01 9.3453e-01 7.3579e-01 7.3886e-01 6.5315e-01 6.5315e-01 5.6276e-01 6.4566e-01 6.4968e-01 5.6276e-01 5.6276e-01 5.6276e-01 5.6034e-01 5.5707e-01 5.5707e-01 5.3632e-01 5.6034e-01 6.4402e-01 5.6034e-01 5.5381e-01 5.5218e-01 5.5381e-01 5.5381e-01 -3.2637e-01 5.5381e-01 5.5381e-01 5.5381e-01 5.5381e-01 5.5381e-01 5.5381e-01 5.5381e-01 5.5381e-01 5.5381e-01 5.5055e-01 5.5381e-01 5.5381e-01 5.5381e-01 5.5055e-01 5.5055e-01 5.5381e-01 5.5381e-01 7.0101e-01 5.4412e-01 5.4412e-01 5.4412e-01 7.0101e-01 5.4412e-01 5.4412e-01 5.4412e-01 5.2321e-01 5.4412e-01 5.4412e-01 -3.1745e-01 6.3545e-01 5.4412e-01 -3.1745e-01 5.4412e-01 5.3593e-01 5.4412e-01 5.4412e-01 5.4412e-01 -3.1537e-01 6.5180e-01 6.5180e-01 -3.1745e-01 6.5180e-01 6.5180e-01 6.3545e-01 6.2994e-01 6.5180e-01 6.3545e-01 6.3545e-01 6.3545e-01 6.3545e-01 6.3545e-01 6.3545e-01 7.7467e-01 6.3545e-01 -4.1090e-01 4.8982e-01 7.7467e-01 7.7467e-01 -3.1745e-01 -3.1969e-01 7.7467e-01 1.8705e-01 -3.6896e-01 -1.0070e-01 -3.6896e-01 -3.6896e-01 -3.6896e-01 -3.6896e-01 -3.6896e-01 5.4361e-01 -3.6896e-01 -3.6896e-01 5.4673e-01 5.4673e-01 4.3400e-01 -3.7101e-01 5.4673e-01 6.8851e-01 5.4673e-01 -3.7499e-01 -3.7499e-01 5.3998e-01 -3.6276e-01 5.4314e-01 5.2602e-01 1.0849e-01 1.0145e-01 9.9648e-02 3.6218e-02 4.1721e-02 2.9801e-02 2.9801e-02 7.7456e-02 -2.8281e-02 -5.5520e-02 -4.4326e-02 -4.1973e-02 -4.6339e-02
9.2713e-03 2.9780e-03 5.7330e-02 7.6432e-02 -3.4853e-02 -3.0109e-02 1.6455e-01 9.5315e-01 1.0000e+00 8.6455e-01 7.6502e-01 8.5956e-01 6.1533e-01 9.7417e-01 7.6810e-01 7.7133e-01 6.0452e-01 6.0452e-01 5.0792e-01 6.6992e-01 6.7787e-01 5.0792e-01 5.0792e-01 5.0792e-01 5.0562e-01 5.0214e-01 5.0214e-01 4.8283e-01 5.0562e-01 6.7215e-01 5.0562e-01 5.0271e-01 5.0097e-01 5.0271e-01 5.0271e-01 -3.0882e-01 5.0271e-01 5.0271e-01 5.0271e-01 5.0271e-01 5.0271e-01 5.0271e-01 5.0271e-01 5.0271e-01 5.0271e-01 4.9923e-01 5.0271e-01 5.0271e-01 5.0271e-01 4.9923e-01 4.9923e-01 5.0271e-01 5.0271e-01 6.5587e-01 4.9350e-01 4.9350e-01 4.9350e-01 6.5587e-01 4.9350e-01 4.9350e-01 4.9350e-01 5.5929e-01 4.9350e-01 4.9350e-01 -3.0028e-01 6.6757e-01 4.9350e-01 -3.0028e-01 4.9350e-01 4.8478e-01 4.9350e-01 4.9350e-01 4.9350e-01 -3.0457e-01 5.9525e-01 5.9525e-01 -3.0028e-01 5.9525e-01 5.9525e-01 6.6757e-01 6.6223e-01 5.9525e-01 6.6757e-01 6.6757e-01 6.6757e-01 6.6757e-01 6.6757e-01 6.6757e-01 8.0621e-01 6.6757e-01 -3.8969e-01 5.3702e-01 8.0621e-01 8.0621e-01 -3.0028e-01 -3.0243e-01 8.0621e-01 1.9765e-01 -3.4958e-01 -7.9239e-02 -3.4958e-01 -3.4958e-01 -3.4958e-01 -3.4958e-01 -3.4958e-01 5.7798e-01 -3.4958e-01 -3.4958e-01 5.8124e-01 5.8124e-01 4.5664e-01 -3.5155e-01 5.8124e-01 7.2701e-01 5.8124e-01 -3.5560e-01 -3.5560e-01 5.7397e-01 -3.4365e-01 5.6966e-01 5.5647e-01 1.1634e-01 7.2460e-02 7.0570e-02 3.5837e-02 5.1372e-02 4.5518e-02 4.5518e-02 6.5731e-02 -2.1733e-02 -3.8192e-02 -5.2078e-02 -4.9844e-02 -5.4195e-02
-1.5696e-02 -1.0633e-02 8.2866e-02 1.0853e-01 -6.1054e-02 -5.3934e-02 1.3630e-01 9.0705e-01 8.6455e-01 1.0000e+00 6.6140e-01 9.9179e-01 7.7337e-01 8.4828e-01 6.6696e-01 6.6974e-01 7.6083e-01 7.6083e-01 6.8250e-01 5.9235e-01 5.8839e-01 6.8250e-01 6.8250e-01 6.8250e-01 6.7981e-01 6.7697e-01 6.7697e-01 6.5313e-01 6.7981e-01 5.8280e-01 6.7981e-01 6.7414e-01 6.7272e-01 6.7414e-01 6.7414e-01 -3.6441e-01 6.7414e-01 6.7414e-01 6.7414e-01 6.7414e-01 6.7414e-01 6.7414e-01 6.7414e-01 6.7414e-01 6.7414e-01 6.7131e-01 6.7414e-01 6.7414e-01 6.7414e-01 6.7131e-01 6.7131e-01 6.7414e-01 6.7414e-01 8.0598e-01 6.6336e-01 6.6336e-01 6.6336e-01 8.0598e-01 6.6336e-01 6.6336e-01 6.6336e-01 6.4068e-01 6.6336e-01 6.6336e-01 -3.5465e-01 5.7884e-01 6.6336e-01 -3.5465e-01 6.6336e-01 6.5624e-01 6.6336e-01 6.6336e-01 6.6336e-01 -3.5289e-01 5.9937e-01 5.9937e-01 -3.5465e-01 5.9937e-01 5.9937e-01 5.7884e-01 5.7295e-01 5.9937e-01 5.7884e-01 5.7884e-01 5.7884e-01 5.7884e-01 5.7884e-01 5.7884e-01 7.0780e-01 5.7884e-01 -2.0462e-01 5.7008e-01 7.0780e-01 7.0780e-01 -3.5465e-01 -3.5710e-01 7.0780e-01 1.7585e-01 -4.1103e-01 -1.4995e-01 -4.1103e-01 -4.1103e-01 -4.1103e-01 -4.1103e-01 -4.1103e-01 4.8172e-01 -4.1103e-01 -4.1103e-01 4.8456e-01 4.8456e-01 3.9100e-01 -4.1328e-01 4.8456e-01 6.1503e-01 4.8456e-01 -4.1715e-01 -4.1715e-01 4.7884e-01 -4.0424e-01 4.8464e-01 4.7196e-01 9.3286e-02 6.7970e-02 6.6336e-02 5.5739e-02 4.8877e-02 6.1532e-02 6.1532e-02 6.0672e-02 -1.1243e-02 -5.0892e-02 -3.7711e-02 -3.9534e-02 -3.9534e-02
-7.7698e-02 -8.1130e-02 4.1724e-03 4.1417e-02 1.1941e-02 1.2542e-02 2.2617e-01 7.2918e-01 7.6502e-01 6.6140e-01 1.0000e+00 6.6274e-01 8.4298e-01 7.5034e-01 9.7309e-01 9.6903e-01 8.3450e-01 8.3450e-01 7.0540e-01 8.4008e-01 8.4682e-01 7.0540e-01 7.0540e-01 7.0540e-01 7.0353e-01 7.0728e-01 7.0728e-01 6.8505e-01 7.0353e-01 8.4909e-01 7.0353e-01 6.9035e-01 6.8809e-01 6.8622e-01 6.8622e-01 -2.5605e-01 6.8622e-01 6.8622e-01 6.8622e-01 6.8622e-01 6.8622e-01 6.8622e-01 6.8622e-01 6.8622e-01 6.8622e-01 6.8998e-01 6.8622e-01 6.8622e-01 6.8622e-01 6.8998e-01 6.8998e-01 6.8622e-01 6.8622e-01 5.2039e-01 6.7874e-01 6.7874e-01 6.7874e-01 5.2039e-01 6.7874e-01 6.7874e-01 6.7874e-01 7.3257e-01 6.7874e-01 6.7874e-01 -2.4985e-01 8.3015e-01 6.7874e-01 -2.4985e-01 6.7874e-01 6.6740e-01 6.7874e-01 6.7874e-01 6.7874e-01 -2.5296e-01 7.6924e-01 7.6924e-01 -2.4985e-01 7.6924e-01 7.6924e-01 8.3015e-01 8.2563e-01 7.6924e-01 8.3015e-01 8.3015e-01 8.3015e-01 8.3015e-01 8.3015e-01 8.3015e-01 6.4166e-01 8.3015e-01 -3.1533e-01 4.1740e-01 6.4166e-01 6.4166e-01 -2.4985e-01 -2.5141e-01 6.4166e-01 2.6597e-01 -2.8579e-01 -4.0123e-01 -2.8579e-01 -2.8579e-01 -2.8579e-01 -2.8579e-01 -2.8579e-01 7.5017e-01 -2.8579e-01 -2.8579e-01 7.5444e-01 7.5444e-01 5.9887e-01 -2.8724e-01 7.5444e-01 5.8194e-01 7.5444e-01 -2.8579e-01 -2.8579e-01 7.4374e-01 -2.7523e-01 7.4400e-01 7.2067e-01 1.6561e-01 5.5541e-02 5.3070e-02 2.6701e-02 2.5115e-02 4.3356e-02 4.3356e-02 3.6300e-02 1.4318e-02 -3.3623e-02 -4.5279e-02 -4.3575e-02 -4.8025e-02
-1.4278e-02 -2.1091e-02 7.5702e-02 1.0080e-01 -5.7732e-02 -5.0747e-02 1.3781e-01 8.9830e-01 8.5956e-01 9.9179e-01 6.6274e-01 1.0000e+00 7.7977e-01 8.5153e-01 6.7252e-01 6.7533e-01 7.6733e-01 7.6733e-01 6.8823e-01 5.9309e-01 5.9334e-01 6.8823e-01 6.8823e-01 6.8823e-01 6.8556e-01 6.8270e-01 6.8270e-01 6.5906e-01 6.8556e-01 5.8775e-01 6.8556e-01 6.7984e-01 6.7841e-01 6.7984e-01 6.7984e-01 -3.6106e-01 6.7984e-01 6.7984e-01 6.7984e-01 6.7984e-01 6.7984e-01 6.7984e-01 6.7984e-01 6.7984e-01 6.7984e-01 6.7699e-01 6.7984e-01 6.7984e-01 6.7984e-01 6.7699e-01 6.7699e-01 6.7984e-01 6.7984e-01 8.0897e-01 6.6913e-01 6.6913e-01 6.6913e-01 8.0897e-01 6.6913e-01 6.6913e-01 6.6913e-01 6.4611e-01 6.6913e-01 6.6913e-01 -3.5138e-01 5.8376e-01 6.6913e-01 -3.5138e-01 6.6913e-01 6.6196e-01 6.6913e-01 6.6913e-01 6.6913e-01 -3.4960e-01 6.0462e-01 6.0462e-01 -3.5138e-01 6.0462e-01 6.0462e-01 5.8376e-01 5.7790e-01 6.0462e-01 5.8376e-01 5.8376e-01 5.8376e-01 5.8376e-01 5.8376e-01 5.8376e-01 7.0979e-01 5.8376e-01 -2.0096e-01 5.7474e-01 7.0979e-01 7.0979e-01 -3.5138e-01 -3.5381e-01 7.0979e-01 1.7749e-01 -4.0733e-01 -1.5017e-01 -4.0733e-01 -4.0733e-01 -4.0733e-01 -4.0733e-01 -4.0733e-01 4.8712e-01 -4.0733e-01 -4.0733e-01 4.8998e-01 4.8998e-01 3.9448e-01 -4.0956e-01 4.8998e-01 6.1763e-01 4.8998e-01 -4.1344e-01 -4.1344e-01 4.8418e-01 -4.0059e-01 4.8591e-01 4.7739e-01 9.4535e-02 6.3689e-02 6.2042e-02 5.2533e-02 5.1564e-02 6.0864e-02 6.0864e-02 5.7953e-02 -1.0133e-02 -4.5676e-02 -3.6783e-02 -3.8620e-02 -3.8620e-02
-1.0245e-01 -1.0628e-01 2.4769e-02 5.6090e-02 5.5977e-03 8.6310e-03 1.7878e-01 6.6450e-01 6.1533e-01 7.7337e-01 8.4298e-01 7.7977e-01 1.0000e+00 6.0670e-01 8.6368e-01 8.6729e-01 9.9008e-01 9.9008e-01 8.8505e-01 7.6438e-01 7.6345e-01 8.8505e-01 8.8505e-01 8.8505e-01 8.8284e-01 8.7917e-01 8.7917e-01 8.6104e-01 8.8284e-01 7.5755e-01 8.8284e-01 8.6337e-01 8.6559e-01 8.6337e-01 8.6337e-01 -3.0319e-01 8.6337e-01 8.6337e-01 8.6337e-01 8.6337e-01 8.6337e-01 8.6337e-01 8.6337e-01 8.6337e-01 8.6337e-01 8.5971e-01 8.6337e-01 8.6337e-01 8.6337e-01 8.5971e-01 8.5971e-01 8.6337e-01 8.6337e-01 6.5897e-01 8.5454e-01 8.5454e-01 8.5454e-01 6.5897e-01 8.5454e-01 8.5454e-01 8.5454e-01 8.2002e-01 8.5454e-01 8.5454e-01 -2.9601e-01 7.3984e-01 8.5454e-01 -2.9601e-01 8.5454e-01 8.4533e-01 8.5454e-01 8.5454e-01 8.5454e-01 -2.9307e-01 7.7173e-01 7.7173e-01 -2.9601e-01 7.7173e-01 7.7173e-01 7.3984e-01 7.3487e-01 7.7173e-01 7.3984e-01 7.3984e-01 7.3984e-01 7.3984e-01 7.3984e-01 7.3984e-01 5.2422e-01 7.3984e-01 -1.2389e-01 4.4391e-01 5.2422e-01 5.2422e-01 -2.9601e-01 -2.9781e-01 5.2422e-01 2.3300e-01 -3.3770e-01 -4.8516e-01 -3.3770e-01 -3.3770e-01 -3.3770e-01 -3.3770e-01 -3.3770e-01 6.5481e-01 -3.3770e-01 -3.3770e-01 6.5845e-01 6.5845e-01 5.0843e-01 -3.3937e-01 6.5845e-01 4.5319e-01 6.5845e-01 -3.3770e-01 -3.3770e-01 6.4987e-01 -3.2657e-01 6.5566e-01 6.3779e-01 1.3564e-01 5.4797e-02 5.2684e-02 6.5566e-02 1.7822e-02 7.1283e-02 7.1283e-02 3.7687e-02 2.3360e-02 -3.7833e-02 -2.7077e-02 -2.9414e-02 -2.9414e-02
4.2594e-02 4.7383e-02 6.5474e-02 8.1538e-02 -3.1428e-02 -2.6451e-02 1.6170e-01 9.3453e-01 9.7417e-01 8.4828e-01 7.5034e-01 8.5153e-01 6.0670e-01 1.0000e+00 7.6140e-01 7.6458e-01 5.9575e-01 5.9575e-01 5.0066e-01 6.6863e-01 6.7247e-01 5.0066e-01 5.0066e-01 5.0066e-01 4.9833e-01 4.9490e-01 4.9490e-01 4.7526e-01 4.9833e-01 6.6678e-01 4.9833e-01 4.9147e-01 4.8975e-01 4.9147e-01 4.9147e-01 -3.1385e-01 4.9147e-01 4.9147e-01 4.9147e-01 4.9147e-01 4.9147e-01 4.9147e-01 4.9147e-01 4.9147e-01 4.9147e-01 4.8804e-01 4.9147e-01 4.9147e-01 4.9147e-01 4.8804e-01 4.8804e-01 4.9147e-01 4.9147e-01 6.5008e-01 4.8216e-01 4.8216e-01 4.8216e-01 6.5008e-01 4.8216e-01 4.8216e-01 4.8216e-01 5.4866e-01 4.8216e-01 4.8216e-01 -3.0520e-01 6.5807e-01 4.8216e-01 -3.0520e-01 4.8216e-01 4.7355e-01 4.8216e-01 4.8216e-01 4.8216e-01 -2.9646e-01 5.8506e-01 5.8506e-01 -3.0520e-01 5.8506e-01 5.8506e-01 6.5807e-01 6.5268e-01 5.8506e-01 6.5807e-01 6.5807e-01 6.5807e-01 6.5807e-01 6.5807e-01 6.5807e-01 8.0654e-01 6.5807e-01 -3.9013e-01 5.3699e-01 8.0654e-01 8.0654e-01 -3.0520e-01 -3.0081e-01 8.0654e-01 1.9452e-01 -3.5514e-01 -7.7334e-02 -3.5514e-01 -3.5514e-01 -3.5514e-01 -3.5514e-01 -3.5514e-01 5.6784e-01 -3.5514e-01 -3.5514e-01 5.7106e-01 5.7106e-01 4.4994e-01 -3.5713e-01 5.7106e-01 7.2246e-01 5.7106e-01 -3.6115e-01 -3.6115e-01 5.6395e-01 -3.4913e-01 5.6765e-01 5.5041e-01 1.1403e-01 6.2777e-02 6.0914e-02 4.2757e-02 5.3167e-02 3.8134e-02 3.8134e-02 4.4989e-02 -8.6044e-03 -3.8270e-02 -4.8179e-02 -4.5909e-02 -5.0264e-02
-7.9911e-02 -8.3375e-02 4.2128e-03 2.6091e-02 1.9503e-02 2.0342e-02 2.1253e-01 7.3579e-01 7.6810e-01 6.6696e-01 9.7309e-01 6.7252e-01 8.6368e-01 7.6140e-01 1.0000e+00 9.9173e-01 8.5507e-01 8.5507e-01 7.2844e-01 8.6551e-01 8.7238e-01 7.2844e-01 7.2844e-01 7.2844e-01 7.2653e-01 7.3034e-01 7.3034e-01 7.0774e-01 7.2653e-01 8.7469e-01 7.2653e-01 7.0529e-01 7.0720e-01 7.0529e-01 7.0529e-01 -2.6015e-01 7.0529e-01 7.0529e-01 7.0529e-01 7.0529e-01 7.0529e-01 7.0529e-01 7.0529e-01 7.0529e-01 7.0529e-01 7.0912e-01 7.0529e-01 7.0529e-01 7.0529e-01 7.0912e-01 7.0912e-01 7.0529e-01 7.0529e-01 5.2863e-01 6.9770e-01 6.9770e-01 6.9770e-01 5.2863e-01 6.9770e-01 6.9770e-01 6.9770e-01 7.5242e-01 6.9770e-01 6.9770e-01 -2.5387e-01 8.5168e-01 6.9770e-01 -2.5387e-01 6.9770e-01 6.8657e-01 6.9770e-01 6.9770e-01 6.9770e-01 -2.5036e-01 7.8971e-01 7.8971e-01 -2.5387e-01 7.8971e-01 7.8971e-01 8.5168e-01 8.4708e-01 7.8971e-01 8.5168e-01 8.5168e-01 8.5168e-01 8.5168e-01 8.5168e-01 8.5168e-01 6.5577e-01 8.5168e-01 -3.2025e-01 4.2805e-01 6.5577e-01 6.5577e-01 -2.5387e-01 -2.5545e-01 6.5577e-01 2.6181e-01 -2.8418e-01 -4.1256e-01 -2.8418e-01 -2.8418e-01 -2.8418e-01 -2.8418e-01 -2.8418e-01 7.7083e-01 -2.8418e-01 -2.8418e-01 7.7500e-01 7.7500e-01 5.8988e-01 -2.8566e-01 7.7500e-01 5.9122e-01 7.7500e-01 -2.8418e-01 -2.8418e-01 7.6463e-01 -2.7351e-01 7.6867e-01 7.4554e-01 1.6267e-01 5.7629e-02 5.5194e-02 5.2161e-02 3.3465e-02 5.5241e-02 5.5241e-02 3.5641e-02 1.2357e-02 -3.8055e-02 -4.9993e-02 -4.8268e-02 -5.2704e-02
-8.0544e-02 -8.4018e-02 -4.5594e-04 2.5795e-02 2.3986e-02 2.4898e-02 2.1149e-01 7.3886e-01 7.7133e-01 6.6974e-01 9.6903e-01 6.7533e-01 8.6729e-01 7.6458e-01 9.9173e-01 1.0000e+00 8.6270e-01 8.6270e-01 7.3267e-01 8.7035e-01 8.7726e-01 7.3267e-01 7.3267e-01 7.3267e-01 7.3487e-01 7.3046e-01 7.3046e-01 7.1598e-01 7.3487e-01 8.7530e-01 7.3487e-01 7.1369e-01 7.1561e-01 7.1369e-01 7.1369e-01 -2.6133e-01 7.1369e-01 7.1369e-01 7.1369e-01 7.1369e-01 7.1369e-01 7.1369e-01 7.1369e-01 7.1369e-01 7.1369e-01 7.0929e-01 7.1369e-01 7.1369e-01 7.1369e-01 7.0929e-01 7.0929e-01 7.1369e-01 7.1369e-01 5.3215e-01 7.0194e-01 7.0194e-01 7.0194e-01 5.3215e-01 7.0194e-01 7.0194e-01 7.0194e-01 7.5690e-01 7.0194e-01 7.0194e-01 -2.5502e-01 8.4806e-01 7.0194e-01 -2.5502e-01 7.0194e-01 6.9087e-01 7.0194e-01 7.0194e-01 7.0194e-01 -2.5153e-01 7.8596e-01 7.8596e-01 -2.5502e-01 7.8596e-01 7.8596e-01 8.4806e-01 8.4345e-01 7.8596e-01 8.4806e-01 8.4806e-01 8.4806e-01 8.4806e-01 8.4806e-01 8.4806e-01 6.5164e-01 8.4806e-01 -3.2167e-01 4.3109e-01 6.5164e-01 6.5164e-01 -2.5502e-01 -2.5661e-01 6.5164e-01 2.6064e-01 -2.9160e-01 -4.1926e-01 -2.9160e-01 -2.9160e-01 -2.9160e-01 -2.9160e-01 -2.9160e-01 7.6711e-01 -2.9160e-01 -2.9160e-01 7.7127e-01 7.7127e-01 5.8734e-01 -2.9307e-01 7.7127e-01 5.8693e-01 7.7127e-01 -2.9160e-01 -2.9160e-01 7.6096e-01 -2.8099e-01 7.6492e-01 7.4183e-01 1.6183e-01 6.1703e-02 5.9277e-02 5.0597e-02 2.5421e-02 5.3037e-02 5.3037e-02 3.8989e-02 1.1799e-02 -3.1636e-02 -4.3745e-02 -4.2007e-02 -4.6440e-02
-1.0411e-01 -1.0796e-01 2.1346e-02 5.3389e-02 8.6305e-03 1.1827e-02 1.7655e-01 6.5315e-01 6.0452e-01 7.6083e-01 8.3450e-01 7.6733e-01 9.9008e-01 5.9575e-01 8.5507e-01 8.6270e-01 1.0000e+00 9.9601e-01 8.7619e-01 7.5668e-01 7.5580e-01 8.7619e-01 8.7619e-01 8.7619e-01 8.7801e-01 8.7438e-01 8.7438e-01 8.5603e-01 8.7801e-01 7.5411e-01 8.7801e-01 8.5862e-01 8.6086e-01 8.5862e-01 8.5862e-01 -3.0643e-01 8.5862e-01 8.5862e-01 8.5862e-01 8.5862e-01 8.5862e-01 8.5862e-01 8.5862e-01 8.5862e-01 8.5862e-01 8.5500e-01 8.5862e-01 8.5862e-01 8.5862e-01 8.5500e-01 8.5500e-01 8.5862e-01 8.5862e-01 6.4841e-01 8.4568e-01 8.4568e-01 8.4568e-01 6.4841e-01 8.4568e-01 8.4568e-01 8.4568e-01 8.1166e-01 8.4568e-01 8.4568e-01 -2.9918e-01 7.3226e-01 8.4568e-01 -2.9918e-01 8.4568e-01 8.3657e-01 8.4568e-01 8.4568e-01 8.4568e-01 -2.9628e-01 7.6369e-01 7.6369e-01 -2.9918e-01 7.6369e-01 7.6369e-01 7.3226e-01 7.2726e-01 7.6369e-01 7.3226e-01 7.3226e-01 7.3226e-01 7.3226e-01 7.3226e-01 7.3226e-01 5.1512e-01 7.3226e-01 -1.2794e-01 4.3178e-01 5.1512e-01 5.1512e-01 -2.9918e-01 -3.0101e-01 5.1512e-01 2.3053e-01 -3.4127e-01 -4.9028e-01 -3.4127e-01 -3.4127e-01 -3.4127e-01 -3.4127e-01 -3.4127e-01 6.5928e-01 -3.4127e-01 -3.4127e-01 6.6287e-01 6.6287e-01 5.0310e-01 -3.4296e-01 6.6287e-01 4.5554e-01 6.6287e-01 -3.4127e-01 -3.4127e-01 6.5446e-01 -3.3010e-01 6.6002e-01 6.4222e-01 1.4574e-01 5.6915e-02 5.4823e-02 6.7853e-02 2.0925e-02 7.0746e-02 7.0746e-02 3.7859e-02 2.2004e-02 -3.5332e-02 -2.4870e-02 -2.7182e-02 -2.7182e-02
-1.0411e-01 -1.0796e-01 2.1346e-02 5.3389e-02 8.6305e-03 1.1827e-02 1.7655e-01 6.5315e-01 6.0452e-01 7.6083e-01 8.3450e-01 7.6733e-01 9.9008e-01 5.9575e-01 8.5507e-01 8.6270e-01 9.9601e-01 1.0000e+00 8.7619e-01 7.5668e-01 7.5580e-01 8.7619e-01 8.7619e-01 8.7619e-01 8.7801e-01 8.7438e-01 8.7438e-01 8.5603e-01 8.7801e-01 7.5411e-01 8.7801e-01 8.5862e-01 8.6086e-01 8.5862e-01 8.5862e-01 -3.0643e-01 8.5862e-01 8.5862e-01 8.5862e-01 8.5862e-01 8.5862e-01 8.5862e-01 8.5862e-01 8.5862e-01 8.5862e-01 8.5500e-01 8.5862e-01 8.5862e-01 8.5862e-01 8.5500e-01 8.5500e-01 8.5862e-01 8.5862e-01 6.4841e-01 8.4568e-01 8.4568e-01 8.4568e-01 6.4841e-01 8.4568e-01 8.4568e-01 8.4568e-01 8.1166e-01 8.4568e-01 8.4568e-01 -2.9918e-01 7.3226e-01 8.4568e-01 -2.9918e-01 8.4568e-01 8.3657e-01 8.4568e-01 8.4568e-01 8.4568e-01 -2.9628e-01 7.6369e-01 7.6369e-01 -2.9918e-01 7.6369e-01 7.6369e-01 7.3226e-01 7.2726e-01 7.6369e-01 7.3226e-01 7.3226e-01 7.3226e-01 7.3226e-01 7.3226e-01 7.3226e-01 5.1512e-01 7.3226e-01 -1.2794e-01 4.3178e-01 5.1512e-01 5.1512e-01 -2.9918e-01 -3.0101e-01 5.1512e-01 2.3053e-01 -3.4127e-01 -4.9028e-01 -3.4127e-01 -3.4127e-01 -3.4127e-01 -3.4127e-01 -3.4127e-01 6.5928e-01 -3.4127e-01 -3.4127e-01 6.6287e-01 6.6287e-01 5.0310e-01 -3.4296e-01 6.6287e-01 4.5554e-01 6.6287e-01 -3.4127e-01 -3.4127e-01 6.5446e-01 -3.3010e-01 6.6002e-01 6.4222e-01 1.4574e-01 6.0897e-02 5.8805e-02 6.7853e-02 1.4414e-02 7.0746e-02 7.0746e-02 4.1907e-02 2.2004e-02 -3.5332e-02 -2.4870e-02 -2.7182e-02 -2.7182e-02
-8.4350e-02 -8.7882e-02 -7.9345e-03 1.9990e-02 3.4511e-02 3.5826e-02 1.9547e-01 5.6276e-01 5.0792e-01 6.8250e-01 7.0540e-01 6.8823e-01 8.8505e-01 5.0066e-01 7.2844e-01 7.3267e-01 8.7619e-01 8.7619e-01 1.0000e+00 8.6565e-01 8.6417e-01 1.0000e+00 1.0000e+00 1.0000e+00 9.9795e-01 9.9385e-01 9.9385e-01 9.7779e-01 9.9795e-01 8.5802e-01 9.9795e-01 9.7745e-01 9.7951e-01 9.7745e-01 9.7745e-01 -2.6845e-01 9.7745e-01 9.7745e-01 9.7745e-01 9.7745e-01 9.7745e-01 9.7745e-01 9.7745e-01 9.7745e-01 9.7745e-01 9.7336e-01 9.7745e-01 9.7745e-01 9.7745e-01 9.7336e-01 9.7336e-01 9.7745e-01 9.7745e-01 7.9163e-01 9.6927e-01 9.6927e-01 9.6927e-01 7.9163e-01 9.6927e-01 9.6927e-01 9.6927e-01 9.2903e-01 9.6927e-01 9.6927e-01 -2.6200e-01 8.3955e-01 9.6927e-01 -2.6200e-01 9.6927e-01 9.5899e-01 9.6927e-01 9.6927e-01 9.6927e-01 -2.5860e-01 8.7682e-01 8.7682e-01 -2.6200e-01 8.7682e-01 8.7682e-01 8.3955e-01 8.3486e-01 8.7682e-01 8.3955e-01 8.3955e-01 8.3955e-01 8.3955e-01 8.3955e-01 8.3955e-01 6.3943e-01 8.3955e-01 -7.8786e-02 5.9293e-01 6.3943e-01 6.3943e-01 -2.6200e-01 -2.6362e-01 6.3943e-01 2.8085e-01 -2.9944e-01 -4.3046e-01 -2.9944e-01 -2.9944e-01 -2.9944e-01 -2.9944e-01 -2.9944e-01 7.5779e-01 -2.9944e-01 -2.9944e-01 7.6184e-01 7.6184e-01 5.7241e-01 -3.0094e-01 7.6184e-01 5.7361e-01 7.6184e-01 -2.9944e-01 -2.9944e-01 7.5190e-01 -2.8875e-01 7.5956e-01 7.3672e-01 1.5692e-01 2.9507e-02 2.7140e-02 1.0269e-01 2.3638e-02 9.8314e-02 9.8314e-02 5.6226e-03 3.8930e-02 -3.7948e-02 -2.8517e-02 -3.1132e-02 -3.1132e-02
-6.3480e-02 -5.4444e-02 -3.0996e-02 -7.6517e-03 5.0741e-02 4.9921e-02 2.3156e-01 6.4566e-01 6.6992e-01 5.9235e-01 8.4008e-01 5.9309e-01 7.6438e-01 6.6863e-01 8.6551e-01 8.7035e-01 7.5668e-01 7.5668e-01 8.6565e-01 1.0000e+00 9.9344e-01 8.6565e-01 8.6565e-01 8.6565e-01 8.6387e-01 8.5895e-01 8.5895e-01 8.4634e-01 8.6387e-01 9.8686e-01 8.6387e-01 8.4132e-01 8.4310e-01 8.4132e-01 8.4132e-01 -2.3028e-01 8.4132e-01 8.4132e-01 8.4132e-01 8.4132e-01 8.4132e-01 8.4132e-01 8.4132e-01 8.4132e-01 8.4132e-01 8.3640e-01 8.4132e-01 8.4132e-01 8.4132e-01 8.3640e-01 8.3640e-01 8.4132e-01 8.4132e-01 6.8399e-01 8.3421e-01 8.3421e-01 8.3421e-01 6.8399e-01 8.3421e-01 8.3421e-01 8.3421e-01 8.8564e-01 8.3421e-01 8.3421e-01 -2.2461e-01 9.6270e-01 8.3421e-01 -2.2461e-01 8.3421e-01 8.2188e-01 8.3421e-01 8.3421e-01 8.3421e-01 -2.2061e-01 9.0371e-01 9.0371e-01 -2.2461e-01 9.0371e-01 9.0371e-01 9.6270e-01 9.5829e-01 9.0371e-01 9.6270e-01 9.6270e-01 9.6270e-01 9.6270e-01 9.6270e-01 9.6270e-01 7.8306e-01 9.6270e-01 -2.7262e-01 5.9937e-01 7.8306e-01 7.8306e-01 -2.2461e-01 -2.2604e-01 7.8306e-01 3.1351e-01 -2.5748e-01 -3.6551e-01 -2.5748e-01 -2.5748e-01 -2.5748e-01 -2.5748e-01 -2.5748e-01 8.8377e-01 -2.5748e-01 -2.5748e-01 8.8841e-01 8.8841e-01 6.6151e-01 -2.5879e-01 8.8841e-01 7.2257e-01 8.8841e-01 -2.5748e-01 -2.5748e-01 8.7655e-01 -2.4714e-01 8.8673e-01 8.5379e-01 1.8598e-01 3.2491e-02 2.9770e-02 9.4330e-02 3.0506e-02 7.9328e-02 7.9328e-02 -2.8012e-03 2.7355e-02 -3.4807e-02 -4.4307e-02 -4.2762e-02 -4.7324e-02
-6.2528e-02 -6.5749e-02 -3.2289e-02 -9.3382e-03 5.6499e-02 5.5587e-02 2.3337e-01 6.4968e-01 6.7787e-01 5.8839e-01 8.4682e-01 5.9334e-01 7.6345e-01 6.7247e-01 8.7238e-01 8.7726e-01 7.5580e-01 7.5580e-01 8.6417e-01 9.9344e-01 1.0000e+00 8.6417e-01 8.6417e-01 8.6417e-01 8.6241e-01 8.5745e-01 8.5745e-01 8.4498e-01 8.6241e-01 9.9340e-01 8.6241e-01 8.3975e-01 8.4153e-01 8.3975e-01 8.3975e-01 -2.2860e-01 8.3975e-01 8.3975e-01 8.3975e-01 8.3975e-01 8.3975e-01 8.3975e-01 8.3975e-01 8.3975e-01 8.3975e-01 8.3480e-01 8.3975e-01 8.3975e-01 8.3975e-01 8.3480e-01 8.3480e-01 8.3975e-01 8.3975e-01 6.7925e-01 8.3269e-01 8.3269e-01 8.3269e-01 6.7925e-01 8.3269e-01 8.3269e-01 8.3269e-01 8.8382e-01 8.3269e-01 8.3269e-01 -2.2296e-01 9.6916e-01 8.3269e-01 -2.2296e-01 8.3269e-01 8.2027e-01 8.3269e-01 8.3269e-01 8.3269e-01 -2.1892e-01 9.1033e-01 9.1033e-01 -2.2296e-01 9.1033e-01 9.1033e-01 9.6916e-01 9.6477e-01 9.1033e-01 9.6916e-01 9.6916e-01 9.6916e-01 9.6916e-01 9.6916e-01 9.6916e-01 7.8598e-01 9.6916e-01 -2.8242e-01 5.9532e-01 7.8598e-01 7.8598e-01 -2.2296e-01 -2.2438e-01 7.8598e-01 3.1563e-01 -2.5562e-01 -3.6785e-01 -2.5562e-01 -2.5562e-01 -2.5562e-01 -2.5562e-01 -2.5562e-01 8.9033e-01 -2.5562e-01 -2.5562e-01 8.9499e-01 8.9499e-01 6.6602e-01 -2.5693e-01 8.9499e-01 7.2574e-01 8.9499e-01 -2.5562e-01 -2.5562e-01 8.8304e-01 -2.4529e-01 8.8902e-01 8.6030e-01 1.8743e-01 3.4548e-02 3.1809e-02 9.0512e-02 3.2709e-02 8.2827e-02 8.2827e-02 4.7260e-03 2.8257e-02 -3.0894e-02 -4.4865e-02 -4.3331e-02 -4.7902e-02
-8.4350e-02 -8.7882e-02 -7.9345e-03 1.9990e-02 3.4511e-02 3.5826e-02 1.9547e-01 5.6276e-01 5.0792e-01 6.8250e-01 7.0540e-01 6.8823e-01 8.8505e-01 5.0066e-01 7.2844e-01 7.3267e-01 8.7619e-01 8.7619e-01 1.0000e+00 8.6565e-01 8.6417e-01 1.0000e+00 1.0000e+00 1.0000e+00 9.9795e-01 9.9385e-01 9.9385e-01 9.7779e-01 9.9795e-01 8.5802e-01 9.9795e-01 9.7745e-01 9.7951e-01 9.7745e-01 9.7745e-01 -2.6845e-01 9.7745e-01 9.7745e-01 9.7745e-01 9.7745e-01 9.7745e-01 9.7745e-01 9.7745e-01 9.7745e-01 9.7745e-01 9.7336e-01 9.7745e-01 9.7745e-01 9.7745e-01 9.7336e-01 9.7336e-01 9.7745e-01 9.7745e-01 7.9163e-01 9.6927e-01 9.6927e-01 9.6927e-01 7.9163e-01 9.6927e-01 9.6927e-01 9.6927e-01 9.2903e-01 9.6927e-01 9.6927e-01 -2.6200e-01 8.3955e-01 9.6927e-01 -2.6200e-01 9.6927e-01 9.5899e-01 9.6927e-01 9.6927e-01 9.6927e-01 -2.5860e-01 8.7682e-01 8.7682e-01 -2.6200e-01 8.7682e-01 8.7682e-01 8.3955e-01 8.3486e-01 8.7682e-01 8.3955e-01 8.3955e-01 8.3955e-01 8.3955e-01 8.3955e-01 8.3955e-01 6.3943e-01 8.3955e-01 -7.8786e-02 5.9293e-01 6.3943e-01 6.3943e-01 -2.6200e-01 -2.6362e-01 6.3943e-01 2.8085e-01 -2.9944e-01 -4.3046e-01 -2.9944e-01 -2.9944e-01 -2.9944e-01 -2.9944e-01 -2.9944e-01 7.5779e-01 -2.9944e-01 -2.9944e-01 7.6184e-01 7.6184e-01 5.7241e-01 -3.0094e-01 7.6184e-01 5.7361e-01 7.6184e-01 -2.9944e-01 -2.9944e-01 7.5190e-01 -2.8875e-01 7.5956e-01 7.3672e-01 1.5692e-01 2.9507e-02 2.7140e-02 1.0269e-01 2.3638e-02 9.8314e-02 9.8314e-02 5.6226e-03 3.8930e-02 -3.7948e-02 -2.8517e-02 -3.1132e-02 -3.1132e-02
-8.4350e-02 -8.7882e-02 -7.9345e-03 1.9990e-02 3.4511e-02 3.5826e-02 1.9547e-01 5.6276e-01 5.0792e-01 6.8250e-01 7.0540e-01 6.8823e-01 8.8505e-01 5.0066e-01 7.2844e-01 7.3267e-01 8.7619e-01 8.7619e-01 1.0000e+00 8.6565e-01 8.6417e-01 1.0000e+00 1.0000e+00 1.0000e+00 9.9795e-01 9.9385e-01 9.9385e-01 9.7779e-01 9.9795e-01 8.5802e-01 9.9795e-01 9.7745e-01 9.7951e-01 9.7745e-01 9.7745e-01 -2.6845e-01 9.7745e-01 9.7745e-01 9.7745e-01 9.7745e-01 9.7745e-01 9.7745e-01 9.7745e-01 9.7745e-01 9.7745e-01 9.7336e-01 9.7745e-01 9.7745e-01 9.7745e-01 9.7336e-01 9.7336e-01 9.7745e-01 9.7745e-01 7.9163e-01 9.6927e-01 9.6927e-01 9.6927e-01 7.9163e-01 9.6927e-01 9.6927e-01 9.6927e-01 9.2903e-01 9.6927e-01 9.6927e-01 -2.6200e-01 8.3955e-01 9.6927e-01 -2.6200e-01 9.6927e-01 9.5899e-01 9.6927e-01 9.6927e-01 9.6927e-01 -2.5860e-01 8.7682e-01 8.7682e-01 -2.6200e-01 8.7682e-01 8.7682e-01 8.3955e-01 8.3486e-01 8.7682e-01 8.3955e-01 8.3955e-01 8.3955e-01 8.3955e-01 8.3955e-01 8.3955e-01 6.3943e-01 8.3955e-01 -7.8786e-02 5.9293e-01 6.3943e-01 6.3943e-01 -2.6200e-01 -2.6362e-01 6.3943e-01 2.8085e-01 -2.9944e-01 -4.3046e-01 -2.9944e-01 -2.9944e-01 -2.9944e-01 -2.9944e-01 -2.9944e-01 7.5779e-01 -2.9944e-01 -2.9944e-01 7.6184e-01 7.6184e-01 5.7241e-01 -3.0094e-01 7.6184e-01 5.7361e-01 7.6184e-01 -2.9944e-01 -2.9944e-01 7.5190e-01 -2.8875e-01 7.5956e-01 7.3672e-01 1.5692e-01 2.9507e-02 2.7140e-02 1.0269e-01 2.3638e-02 9.8314e-02 9.8314e-02 5.6226e-03 3.8930e-02 -3.7948e-02 -2.8517e-02 -3.1132e-02 -3.1132e-02
-8.4350e-02 -8.7882e-02 -7.9345e-03 1.9990e-02 3.4511e-02 3.5826e-02 1.9547e-01 5.6276e-01 5.0792e-01 6.8250e-01 7.0540e-01 6.8823e-01 8.8505e-01 5.0066e-01 7.2844e-01 7.3267e-01 8.7619e-01 8.7619e-01 1.0000e+00 8.6565e-01 8.6417e-01 1.0000e+00 1.0000e+00 1.0000e+00 9.9795e-01 9.9385e-01 9.9385e-01 9.7779e-01 9.9795e-01 8.5802e-01 9.9795e-01 9.7745e-01 9.7951e-01 9.7745e-01 9.7745e-01 -2.6845e-01 9.7745e-01 9.7745e-01 9.7745e-01 9.7745e-01 9.7745e-01 9.7745e-01 9.7745e-01 9.7745e-01 9.7745e-01 9.7336e-01 9.7745e-01 9.7745e-01 9.7745e-01 9.7336e-01 9.7336e-01 9.7745e-01 9.7745e-01 7.9163e-01 9.6927e-01 9.6927e-01 9.6927e-01 7.9163e-01 9.6927e-01 9.6927e-01 9.6927e-01 9.2903e-01 9.6927e-01 9.6927e-01 -2.6200e-01 8.3955e-01 9.6927e-01 -2.6200e-01 9.6927e-01 9.5899e-01 9.6927e-01 9.6927e-01 9.6927e-01 -2.5860e-01 8.7682e-01 8.7682e-01 -2.6200e-01 8.7682e-01 8.7682e-01 8.3955e-01 8.3486e-01 8.7682e-01 8.3955e-01 8.3955e-01 8.3955e-01 8.3955e-01 8.3955e-01 8.3955e-01 6.3943e-01 8.3955e-01 -7.8786e-02 5.9293e-01 6.3943e-01 6.3943e-01 -2.6200e-01 -2.6362e-01 6.3943e-01 2.8085e-01 -2.9944e-01 -4.3046e-01 -2.9944e-01 -2.9944e-01 -2.9944e-01 -2.9944e-01 -2.9944e-01 7.5779e-01 -2.9944e-01 -2.9944e-01 7.6184e-01 7.6184e-01 5.7241e-01 -3.0094e-01 7.6184e-01 5.7361e-01 7.6184e-01 -2.9944e-01 -2.9944e-01 7.5190e-01 -2.8875e-01 7.5956e-01 7.3672e-01 1.5692e-01 2.9507e-02 2.7140e-02 1.0269e-01 2.3638e-02 9.8314e-02 9.8314e-02 5.6226e-03 3.8930e-02 -3.7948e-02 -2.8517e-02 -3.1132e-02 -3.1132e-02
-8.4668e-02 -8.8204e-02 -1.0253e-02 1.7824e-02 3.2680e-02 3.4024e-02 1.9497e-01 5.6034e-01 5.0562e-01 6.7981e-01 7.0353e-01 6.8556e-01 8.8284e-01 4.9833e-01 7.2653e-01 7.3487e-01 8.7801e-01 8.7801e-01 9.9795e-01 8.6387e-01 8.6241e-01 9.9795e-01 9.9795e-01 9.9795e-01 1.0000e+00 9.9591e-01 9.9591e-01 9.7980e-01 1.0000e+00 8.6051e-01 1.0000e+00 9.7952e-01 9.8159e-01 9.7952e-01 9.7952e-01 -2.6905e-01 9.7952e-01 9.7952e-01 9.7952e-01 9.7952e-01 9.7952e-01 9.7952e-01 9.7952e-01 9.7952e-01 9.7952e-01 9.7545e-01 9.7952e-01 9.7952e-01 9.7952e-01 9.7545e-01 9.7545e-01 9.7952e-01 9.7952e-01 7.8928e-01 9.6723e-01 9.6723e-01 9.6723e-01 7.8928e-01 9.6723e-01 9.6723e-01 9.6723e-01 9.2710e-01 9.6723e-01 9.6723e-01 -2.6258e-01 8.3780e-01 9.6723e-01 -2.6258e-01 9.6723e-01 9.5697e-01 9.6723e-01 9.6723e-01 9.6723e-01 -2.5920e-01 8.7497e-01 8.7497e-01 -2.6258e-01 8.7497e-01 8.7497e-01 8.3780e-01 8.3311e-01 8.7497e-01 8.3780e-01 8.3780e-01 8.3780e-01 8.3780e-01 8.3780e-01 8.3780e-01 6.3742e-01 8.3780e-01 -7.9593e-02 5.9032e-01 6.3742e-01 6.3742e-01 -2.6258e-01 -2.6421e-01 6.3742e-01 2.8027e-01 -3.0010e-01 -4.3140e-01 -3.0010e-01 -3.0010e-01 -3.0010e-01 -3.0010e-01 -3.0010e-01 7.5599e-01 -3.0010e-01 -3.0010e-01 7.6003e-01 7.6003e-01 5.7119e-01 -3.0160e-01 7.6003e-01 5.7151e-01 7.6003e-01 -3.0010e-01 -3.0010e-01 7.5012e-01 -2.8940e-01 7.5774e-01 7.3492e-01 1.5652e-01 3.1546e-02 2.9184e-02 1.0189e-01 2.2941e-02 9.7206e-02 9.7206e-02 7.3011e-03 3.8644e-02 -3.9216e-02 -2.9825e-02 -3.2436e-02 -3.2436e-02
-8.4032e-02 -8.7559e-02 -9.6926e-03 1.8110e-02 2.8224e-02 2.9495e-02 1.9598e-01 5.5707e-01 5.0214e-01 6.7697e-01 7.0728e-01 6.8270e-01 8.7917e-01 4.9490e-01 7.3034e-01 7.3046e-01 8.7438e-01 8.7438e-01 9.9385e-01 8.5895e-01 8.5745e-01 9.9385e-01 9.9385e-01 9.9385e-01 9.9591e-01 1.0000e+00 1.0000e+00 9.7579e-01 9.9591e-01 8.6404e-01 9.9591e-01 9.7538e-01 9.7743e-01 9.7538e-01 9.7538e-01 -2.6785e-01 9.7538e-01 9.7538e-01 9.7538e-01 9.7538e-01 9.7538e-01 9.7538e-01 9.7538e-01 9.7538e-01 9.7538e-01 9.7950e-01 9.7538e-01 9.7538e-01 9.7538e-01 9.7950e-01 9.7950e-01 9.7538e-01 9.7538e-01 7.8590e-01 9.6312e-01 9.6312e-01 9.6312e-01 7.8590e-01 9.6312e-01 9.6312e-01 9.6312e-01 9.2267e-01 9.6312e-01 9.6312e-01 -2.6141e-01 8.4130e-01 9.6312e-01 -2.6141e-01 9.6312e-01 9.5280e-01 9.6312e-01 9.6312e-01 9.6312e-01 -2.5801e-01 8.7868e-01 8.7868e-01 -2.6141e-01 8.7868e-01 8.7868e-01 8.4130e-01 8.3662e-01 8.7868e-01 8.4130e-01 8.4130e-01 8.4130e-01 8.4130e-01 8.4130e-01 8.4130e-01 6.4145e-01 8.4130e-01 -7.7979e-02 5.8735e-01 6.4145e-01 6.4145e-01 -2.6141e-01 -2.6303e-01 6.4145e-01 2.8142e-01 -2.9878e-01 -4.2952e-01 -2.9878e-01 -2.9878e-01 -2.9878e-01 -2.9878e-01 -2.9878e-01 7.5960e-01 -2.9878e-01 -2.9878e-01 7.6365e-01 7.6365e-01 5.7364e-01 -3.0028e-01 7.6365e-01 5.7572e-01 7.6365e-01 -2.9878e-01 -2.9878e-01 7.5368e-01 -2.8810e-01 7.6138e-01 7.3852e-01 1.5733e-01 3.1505e-02 2.9133e-02 1.0348e-01 2.4336e-02 9.9424e-02 9.9424e-02 8.0491e-03 3.9216e-02 -4.5605e-02 -3.6027e-02 -3.8654e-02 -3.8654e-02
