1.0000e+00 8.4414e-01 1.1359e-01 1.1385e-01 1.2342e-01 4.8522e-01 1.1464e-01 1.1464e-01 1.1385e-01 1.1385e-01 1.1464e-01 -6.0417e-02 -5.0272e-03 -6.0807e-02 -2.0065e-01 2.0755e-01 -6.4121e-02 2.0755e-01 1.9283e-01 1.7538e-01 1.9283e-01 -7.1784e-02 -6.5097e-02 -6.6662e-02 -7.2977e-02 -6.5879e-02 -6.7054e-02 -4.2985e-02 -4.1126e-02 -5.2207e-02 -4.6842e-02 -4.1126e-02 -4.1126e-02 -4.2368e-02 1.9283e-01 -4.2161e-02 4.2574e-02 -2.0835e-01 -4.1748e-02 5.9495e-02 5.9495e-02 3.7327e-02 6.8823e-02 3.6748e-02 3.6107e-02 3.7755e-02 3.6107e-02 3.7327e-02 3.6107e-02 3.6321e-02 -1.4546e-02 -2.3786e-02 -3.5679e-02 9.0357e-02 -4.3913e-02 -4.3913e-02 -5.5770e-02 -4.4538e-02 -1.4546e-02 -4.4330e-02 9.0879e-02 -4.4747e-02 -1.4546e-02 9.0357e-02 9.0357e-02 -5.6159e-02 -5.7616e-02 9.9672e-03 2.9574e-02 2.2978e-02 1.4183e-02 1.6960e-02 1.7208e-02 1.7208e-02 1.7702e-02 1.7702e-02 -6.5965e-03 -1.4077e-02 -2.0576e-02 1.3517e-02 2.2244e-02 -5.5438e-03 1.3517e-02 3.3881e-02 3.1736e-02 -3.2269e-02 3.3883e-02 -3.2002e-02 -3.0682e-02 4.0772e-02 1.7088e-02 -2.0842e-02 -2.0842e-02 -1.9405e-02 -1.4356e-02 -1.2202e-02 -4.5622e-02 -1.9405e-02 -4.6005e-02 -2.6375e-02 2.4298e-04 -7.2702e-05 2.4307e-02 -2.0739e-02 5.2807e-02 5.1403e-02 4.6506e-02
8.4414e-01 1.0000e+00 1.3136e-01 1.3162e-01 1.4142e-01 6.8340e-01 1.3243e-01 1.3243e-01 1.3162e-01 1.3162e-01 1.3243e-01 -7.9223e-02 -3.5865e-02 -7.9583e-02 -2.4678e-01 2.5463e-01 -8.2662e-02 2.5463e-01 2.3789e-01 2.1818e-01 2.3789e-01 -8.9902e-02 -8.3576e-02 -8.5045e-02 -9.1041e-02 -8.4309e-02 -8.5415e-02 -6.3695e-02 -6.2116e-02 -7.1761e-02 -6.7023e-02 -6.2116e-02 -6.2116e-02 -6.3169e-02 2.3789e-01 -6.2994e-02 6.3344e-02 -2.5554e-01 -6.2643e-02 9.5291e-02 9.5291e-02 5.8946e-02 1.0418e-01 7.5117e-02 7.4586e-02 5.9299e-02 7.4586e-02 5.8946e-02 7.4586e-02 7.4763e-02 -1.4546e-02 -4.3178e-02 -5.4955e-02 9.0357e-02 -6.2560e-02 -6.2560e-02 -7.3397e-02 -6.3145e-02 -1.4546e-02 -6.2950e-02 9.0879e-02 -6.3340e-02 -1.4546e-02 9.0357e-02 9.0357e-02 -7.4174e-02 -7.5577e-02 -1.2565e-02 -4.3079e-02 2.3573e-03 -7.6672e-03 -2.5909e-02 -2.5589e-02 -2.5589e-02 -2.4953e-02 -2.4953e-02 -5.8239e-02 -1.4077e-02 -2.0576e-02 -4.4225e-03 3.9916e-03 -5.6710e-02 -4.4225e-03 1.5060e-02 1.3033e-02 -1.3537e-02 3.3883e-02 -1.3285e-02 -5.0430e-02 5.9638e-02 1.7088e-02 -2.0842e-02 -2.0842e-02 -1.9405e-02 1.2997e-02 -1.2202e-02 -4.5622e-02 -1.9405e-02 -4.6005e-02 -2.6375e-02 2.4298e-04 -7.2702e-05 -2.4452e-02 -2.0739e-02 2.8316e-03 1.8473e-03 -1.6267e-03
1.1359e-01 1.3136e-01 1.0000e+00 9.9798e-01 9.2884e-01 1.0279e-01 9.9192e-01 9.9192e-01 9.9798e-01 9.9798e-01 9.9192e-01 7.3485e-01 3.5985e-01 7.3000e-01 -5.8950e-02 7.5649e-02 6.8564e-01 7.5649e-02 2.2933e-02 9.4585e-02 2.2933e-02 7.1612e-01 6.7423e-01 6.5628e-01 6.5395e-01 6.0637e-01 5.8487e-01 3.9823e-01 3.9349e-01 3.7668e-01 3.4113e-01 3.9349e-01 3.9349e-01 3.8715e-01 8.9730e-02 3.8503e-01 -3.7507e-01 -1.3734e-01 3.7123e-01 -3.5614e-01 -3.5614e-01 -3.2523e-01 -4.3251e-01 -1.8935e-01 -1.8241e-01 -3.1987e-01 -1.8241e-01 -3.2523e-01 -1.8241e-01 -1.8034e-01 -6.2608e-02 8.7208e-03 5.9076e-02 5.1244e-02 4.5136e-02 4.5136e-02 3.7046e-02 6.5004e-02 -6.2608e-02 5.4144e-02 3.2118e-02 6.3128e-02 -6.2608e-02 2.9720e-02 2.9720e-02 3.7635e-02 4.1537e-02 -7.5184e-03 -6.4788e-02 -4.8426e-03 -3.2689e-02 -3.3311e-02 -3.1150e-02 -3.1150e-02 -3.6578e-02 -3.6578e-02 -1.6248e-02 5.8439e-02 2.6688e-02 -1.6990e-02 -6.7522e-03 -2.0216e-02 -1.6990e-02 -2.6647e-02 -3.6936e-02 4.1850e-02 -4.0165e-03 4.3659e-02 -2.9894e-02 4.6957e-02 -3.6943e-02 1.8333e-02 1.8333e-02 -3.1134e-02 -2.4367e-02 -1.9832e-02 2.0216e-02 -3.1134e-02 2.0889e-02 -5.3144e-02 -2.4734e-02 -2.7067e-02 6.1882e-02 -4.3519e-02 5.7060e-02 4.9269e-02 7.1201e-02
1.1385e-01 1.3162e-01 9.9798e-01 1.0000e+00 9.3073e-01 1.0299e-01 9.9393e-01 9.9393e-01 1.0000e+00 1.0000e+00 9.9393e-01 7.3645e-01 3.6058e-01 7.3160e-01 -5.9898e-02 7.6573e-02 6.8728e-01 7.6573e-02 2.3905e-02 9.5665e-02 2.3905e-02 7.1790e-01 6.7588e-01 6.5796e-01 6.5573e-01 6.0802e-01 5.8653e-01 3.9946e-01 3.9469e-01 3.7805e-01 3.4241e-01 3.9469e-01 3.9469e-01 3.8837e-01 9.0721e-02 3.8624e-01 -3.7628e-01 -1.3828e-01 3.7244e-01 -3.5383e-01 -3.5383e-01 -3.2636e-01 -4.3043e-01 -1.8635e-01 -1.7938e-01 -3.2100e-01 -1.7938e-01 -3.2636e-01 -1.7938e-01 -1.7732e-01 -6.2370e-02 7.4394e-03 5.5998e-02 5.2158e-02 4.2320e-02 4.2320e-02 3.4942e-02 6.2212e-02 -6.2370e-02 5.1343e-02 3.3022e-02 6.0342e-02 -6.2370e-02 3.0627e-02 3.0627e-02 3.5153e-02 3.9093e-02 -8.4861e-03 -6.5325e-02 -5.9708e-03 -3.3714e-02 -3.4370e-02 -3.2212e-02 -3.2212e-02 -3.7647e-02 -3.7647e-02 -1.7043e-02 5.8702e-02 2.7503e-02 -1.5343e-02 -5.2229e-03 -2.1022e-02 -1.5343e-02 -2.5267e-02 -3.5534e-02 4.0456e-02 -2.8416e-03 4.2262e-02 -2.8671e-02 4.5593e-02 -3.6514e-02 1.9149e-02 1.9149e-02 -2.9800e-02 -2.3642e-02 -1.8335e-02 2.1022e-02 -2.9800e-02 2.1702e-02 -5.1718e-02 -2.3888e-02 -2.6218e-02 6.2757e-02 -4.3167e-02 5.7903e-02 5.0120e-02 7.2094e-02
1.2342e-01 1.4142e-01 9.2884e-01 9.3073e-01 1.0000e+00 1.1066e-01 9.3641e-01 9.3641e-01 9.3073e-01 9.3073e-01 9.3641e-01 7.9498e-01 3.8742e-01 7.9028e-01 -8.8313e-02 1.0407e-01 7.4733e-01 1.0407e-01 5.8427e-02 7.3694e-04 5.8427e-02 6.6567e-01 7.3635e-01 7.1063e-01 6.1211e-01 6.6383e-01 6.4278e-01 4.4409e-01 4.3828e-01 3.2807e-01 3.8839e-01 4.3828e-01 4.3828e-01 4.3253e-01 1.1567e-01 4.3027e-01 -4.2040e-01 -1.5008e-01 4.1607e-01 -3.9273e-01 -3.9273e-01 -3.6212e-01 -3.8220e-01 -2.1324e-01 -2.0580e-01 -3.5693e-01 -2.0580e-01 -3.6212e-01 -2.0580e-01 -1.9940e-01 -5.4110e-02 -2.0052e-02 3.1626e-02 3.5617e-02 3.7359e-02 3.7359e-02 4.1877e-02 4.9367e-02 -5.4110e-02 4.6804e-02 3.7864e-02 4.3338e-02 -5.4110e-02 3.0167e-02 3.0167e-02 3.8830e-02 2.3077e-02 -2.7201e-02 -6.7756e-02 -1.7404e-02 -4.9946e-02 -4.2302e-02 -4.0276e-02 -4.0276e-02 -4.6097e-02 -4.6097e-02 -3.9305e-02 5.1421e-02 2.1216e-02 -5.2308e-02 -3.1119e-02 -4.3747e-02 -5.2308e-02 -5.4679e-02 -6.3691e-02 6.9018e-02 -1.2473e-02 7.0675e-02 -4.4687e-02 7.1428e-02 -4.0862e-02 7.1248e-03 7.1248e-03 -2.2169e-02 -4.3206e-03 -1.6194e-02 8.2936e-03 -2.2169e-02 3.5964e-03 -5.2803e-02 -2.2168e-02 -2.4337e-02 6.0126e-02 -5.3981e-02 5.3319e-02 4.6080e-02 7.0592e-02
4.8522e-01 6.8340e-01 1.0279e-01 1.0299e-01 1.1066e-01 1.0000e+00 1.0362e-01 1.0362e-01 1.0299e-01 1.0299e-01 1.0362e-01 -6.1992e-02 -2.8064e-02 -6.2273e-02 -1.9310e-01 1.9925e-01 -6.4683e-02 1.9925e-01 1.8615e-01 1.7072e-01 1.8615e-01 -7.0348e-02 -6.5398e-02 -6.6548e-02 -7.1240e-02 -6.5972e-02 -6.6837e-02 -4.9841e-02 -4.8606e-02 -5.6153e-02 -5.2445e-02 -4.8606e-02 -4.8606e-02 -4.9430e-02 1.8615e-01 -4.9292e-02 4.9567e-02 -1.9996e-01 -4.9018e-02 7.4565e-02 7.4565e-02 4.6125e-02 8.1523e-02 5.8779e-02 5.8363e-02 4.6402e-02 5.8363e-02 4.6125e-02 5.8363e-02 5.8502e-02 -1.1382e-02 -9.0688e-02 -3.3575e-02 -1.0082e-02 -3.9833e-02 -3.9833e-02 -4.0192e-02 -4.0311e-02 -1.1382e-02 -4.0152e-02 -9.8665e-03 -4.0470e-02 -1.1382e-02 -1.0082e-02 -1.0082e-02 -4.9230e-02 -5.0355e-02 -1.4240e-02 -6.9241e-02 -2.1894e-03 -1.0274e-02 -3.4949e-02 -3.4674e-02 -3.4674e-02 -3.4128e-02 -3.4128e-02 -6.3251e-02 -1.1015e-02 -3.6641e-03 -5.0838e-02 -4.5080e-02 -6.1892e-02 -5.0838e-02 -3.7920e-02 -3.9196e-02 3.8877e-02 -2.6784e-02 3.9037e-02 -2.9804e-02 3.7440e-02 3.3978e-02 -3.9096e-03 -3.9096e-03 -1.1458e-02 3.6924e-02 3.0151e-03 -3.1690e-03 -1.1458e-02 -3.6641e-03 -1.7003e-02 2.4099e-02 2.3789e-02 -3.8210e-02 -1.6228e-02 -5.1166e-03 -5.8253e-03 -8.3348e-03
1.1464e-01 1.3243e-01 9.9192e-01 9.9393e-01 9.3641e-01 1.0362e-01 1.0000e+00 1.0000e+00 9.9393e-01 9.9393e-01 1.0000e+00 7.4126e-01 3.6279e-01 7.3642e-01 -5.7479e-02 7.3973e-02 6.9223e-01 7.3973e-02 2.6825e-02 9.8909e-02 2.6825e-02 7.1912e-01 6.8087e-01 6.5462e-01 6.4872e-01 6.1299e-01 5.9154e-01 4.0316e-01 3.9830e-01 3.8216e-01 3.4623e-01 3.9830e-01 3.9830e-01 3.9203e-01 8.8554e-02 3.8989e-01 -3.7994e-01 -1.2494e-01 3.7606e-01 -3.5507e-01 -3.5507e-01 -3.2481e-01 -4.2418e-01 -1.8608e-01 -1.7907e-01 -3.1948e-01 -1.7907e-01 -3.2481e-01 -1.7907e-01 -1.7264e-01 -6.1658e-02 3.5909e-03 5.5556e-02 4.9514e-02 4.2377e-02 4.2377e-02 3.6673e-02 5.8077e-02 -6.1658e-02 5.5685e-02 3.5740e-02 5.1976e-02 -6.1658e-02 2.7965e-02 2.7965e-02 3.5928e-02 3.1753e-02 -6.2486e-03 -5.8647e-02 -4.6516e-03 -2.6816e-02 -3.2658e-02 -3.0516e-02 -3.0516e-02 -3.5990e-02 -3.5990e-02 -1.9431e-02 5.9495e-02 2.4145e-02 -2.2684e-02 -8.9636e-03 -2.3443e-02 -2.2684e-02 -2.9718e-02 -3.9864e-02 4.4822e-02 -3.9203e-03 4.6614e-02 -2.9507e-02 5.0111e-02 -3.5226e-02 1.5811e-02 1.5811e-02 -3.0141e-02 -2.1465e-02 -1.8031e-02 1.7603e-02 -3.0141e-02 1.2534e-02 -5.1678e-02 -3.2507e-02 -3.4800e-02 6.5383e-02 -4.2112e-02 6.0437e-02 5.2677e-02 7.4778e-02
1.1464e-01 1.3243e-01 9.9192e-01 9.9393e-01 9.3641e-01 1.0362e-01 1.0000e+00 1.0000e+00 9.9393e-01 9.9393e-01 1.0000e+00 7.4126e-01 3.6279e-01 7.3642e-01 -5.7479e-02 7.3973e-02 6.9223e-01 7.3973e-02 2.6825e-02 9.8909e-02 2.6825e-02 7.1912e-01 6.8087e-01 6.5462e-01 6.4872e-01 6.1299e-01 5.9154e-01 4.0316e-01 3.9830e-01 3.8216e-01 3.4623e-01 3.9830e-01 3.9830e-01 3.9203e-01 8.8554e-02 3.8989e-01 -3.7994e-01 -1.2494e-01 3.7606e-01 -3.5507e-01 -3.5507e-01 -3.2481e-01 -4.2418e-01 -1.8608e-01 -1.7907e-01 -3.1948e-01 -1.7907e-01 -3.2481e-01 -1.7907e-01 -1.7264e-01 -6.1658e-02 3.5909e-03 5.5556e-02 4.9514e-02 4.2377e-02 4.2377e-02 3.6673e-02 5.8077e-02 -6.1658e-02 5.5685e-02 3.5740e-02 5.1976e-02 -6.1658e-02 2.7965e-02 2.7965e-02 3.5928e-02 3.1753e-02 -6.2486e-03 -5.8647e-02 -4.6516e-03 -2.6816e-02 -3.2658e-02 -3.0516e-02 -3.0516e-02 -3.5990e-02 -3.5990e-02 -1.9431e-02 5.9495e-02 2.4145e-02 -2.2684e-02 -8.9636e-03 -2.3443e-02 -2.2684e-02 -2.9718e-02 -3.9864e-02 4.4822e-02 -3.9203e-03 4.6614e-02 -2.9507e-02 5.0111e-02 -3.5226e-02 1.5811e-02 1.5811e-02 -3.0141e-02 -2.1465e-02 -1.8031e-02 1.7603e-02 -3.0141e-02 1.2534e-02 -5.1678e-02 -3.2507e-02 -3.4800e-02 6.5383e-02 -4.2112e-02 6.0437e-02 5.2677e-02 7.4778e-02
1.1385e-01 1.3162e-01 9.9798e-01 1.0000e+00 9.3073e-01 1.0299e-01 9.9393e-01 9.9393e-01 1.0000e+00 1.0000e+00 9.9393e-01 7.3645e-01 3.6058e-01 7.3160e-01 -5.9898e-02 7.6573e-02 6.8728e-01 7.6573e-02 2.3905e-02 9.5665e-02 2.3905e-02 7.1790e-01 6.7588e-01 6.5796e-01 6.5573e-01 6.0802e-01 5.8653e-01 3.9946e-01 3.9469e-01 3.7805e-01 3.4241e-01 3.9469e-01 3.9469e-01 3.8837e-01 9.0721e-02 3.8624e-01 -3.7628e-01 -1.3828e-01 3.7244e-01 -3.5383e-01 -3.5383e-01 -3.2636e-01 -4.3043e-01 -1.8635e-01 -1.7938e-01 -3.2100e-01 -1.7938e-01 -3.2636e-01 -1.7938e-01 -1.7732e-01 -6.2370e-02 7.4394e-03 5.5998e-02 5.2158e-02 4.2320e-02 4.2320e-02 3.4942e-02 6.2212e-02 -6.2370e-02 5.1343e-02 3.3022e-02 6.0342e-02 -6.2370e-02 3.0627e-02 3.0627e-02 3.5153e-02 3.9093e-02 -8.4861e-03 -6.5325e-02 -5.9708e-03 -3.3714e-02 -3.4370e-02 -3.2212e-02 -3.2212e-02 -3.7647e-02 -3.7647e-02 -1.7043e-02 5.8702e-02 2.7503e-02 -1.5343e-02 -5.2229e-03 -2.1022e-02 -1.5343e-02 -2.5267e-02 -3.5534e-02 4.0456e-02 -2.8416e-03 4.2262e-02 -2.8671e-02 4.5593e-02 -3.6514e-02 1.9149e-02 1.9149e-02 -2.9800e-02 -2.3642e-02 -1.8335e-02 2.1022e-02 -2.9800e-02 2.1702e-02 -5.1718e-02 -2.3888e-02 -2.6218e-02 6.2757e-02 -4.3167e-02 5.7903e-02 5.0120e-02 7.2094e-02
1.1385e-01 1.3162e-01 9.9798e-01 1.0000e+00 9.3073e-01 1.0299e-01 9.9393e-01 9.9393e-01 1.0000e+00 1.0000e+00 9.9393e-01 7.3645e-01 3.6058e-01 7.3160e-01 -5.9898e-02 7.6573e-02 6.8728e-01 7.6573e-02 2.3905e-02 9.5665e-02 2.3905e-02 7.1790e-01 6.7588e-01 6.5796e-01 6.5573e-01 6.0802e-01 5.8653e-01 3.9946e-01 3.9469e-01 3.7805e-01 3.4241e-01 3.9469e-01 3.9469e-01 3.8837e-01 9.0721e-02 3.8624e-01 -3.7628e-01 -1.3828e-01 3.7244e-01 -3.5383e-01 -3.5383e-01 -3.2636e-01 -4.3043e-01 -1.8635e-01 -1.7938e-01 -3.2100e-01 -1.7938e-01 -3.2636e-01 -1.7938e-01 -1.7732e-01 -6.2370e-02 7.4394e-03 5.5998e-02 5.2158e-02 4.2320e-02 4.2320e-02 3.4942e-02 6.2212e-02 -6.2370e-02 5.1343e-02 3.3022e-02 6.0342e-02 -6.2370e-02 3.0627e-02 3.0627e-02 3.5153e-02 3.9093e-02 -8.4861e-03 -6.5325e-02 -5.9708e-03 -3.3714e-02 -3.4370e-02 -3.2212e-02 -3.2212e-02 -3.7647e-02 -3.7647e-02 -1.7043e-02 5.8702e-02 2.7503e-02 -1.5343e-02 -5.2229e-03 -2.1022e-02 -1.5343e-02 -2.5267e-02 -3.5534e-02 4.0456e-02 -2.8416e-03 4.2262e-02 -2.8671e-02 4.5593e-02 -3.6514e-02 1.9149e-02 1.9149e-02 -2.9800e-02 -2.3642e-02 -1.8335e-02 2.1022e-02 -2.9800e-02 2.1702e-02 -5.1718e-02 -2.3888e-02 -2.6218e-02 6.2757e-02 -4.3167e-02 5.7903e-02 5.0120e-02 7.2094e-02
1.1464e-01 1.3243e-01 9.9192e-01 9.9393e-01 9.3641e-01 1.0362e-01 1.0000e+00 1.0000e+00 9.9393e-01 9.9393e-01 1.0000e+00 7.4126e-01 3.6279e-01 7.3642e-01 -5.7479e-02 7.3973e-02 6.9223e-01 7.3973e-02 2.6825e-02 9.8909e-02 2.6825e-02 7.1912e-01 6.8087e-01 6.5462e-01 6.4872e-01 6.1299e-01 5.9154e-01 4.0316e-01 3.9830e-01 3.8216e-01 3.4623e-01 3.9830e-01 3.9830e-01 3.9203e-01 8.8554e-02 3.8989e-01 -3.7994e-01 -1.2494e-01 3.7606e-01 -3.5507e-01 -3.5507e-01 -3.2481e-01 -4.2418e-01 -1.8608e-01 -1.7907e-01 -3.1948e-01 -1.7907e-01 -3.2481e-01 -1.7907e-01 -1.7264e-01 -6.1658e-02 3.5909e-03 5.5556e-02 4.9514e-02 4.2377e-02 4.2377e-02 3.6673e-02 5.8077e-02 -6.1658e-02 5.5685e-02 3.5740e-02 5.1976e-02 -6.1658e-02 2.7965e-02 2.7965e-02 3.5928e-02 3.1753e-02 -6.2486e-03 -5.8647e-02 -4.6516e-03 -2.6816e-02 -3.2658e-02 -3.0516e-02 -3.0516e-02 -3.5990e-02 -3.5990e-02 -1.9431e-02 5.9495e-02 2.4145e-02 -2.2684e-02 -8.9636e-03 -2.3443e-02 -2.2684e-02 -2.9718e-02 -3.9864e-02 4.4822e-02 -3.9203e-03 4.6614e-02 -2.9507e-02 5.0111e-02 -3.5226e-02 1.5811e-02 1.5811e-02 -3.0141e-02 -2.1465e-02 -1.8031e-02 1.7603e-02 -3.0141e-02 1.2534e-02 -5.1678e-02 -3.2507e-02 -3.4800e-02 6.5383e-02 -4.2112e-02 6.0437e-02 5.2677e-02 7.4778e-02
-6.0417e-02 -7.9223e-02 7.3485e-01 7.3645e-01 7.9498e-01 -6.1992e-02 7.4126e-01 7.4126e-01 7.3645e-01 7.3645e-01 7.4126e-01 1.0000e+00 4.5271e-01 9.9095e-01 3.0990e-01 -3.0544e-01 9.4945e-01 -3.0544e-01 -3.2759e-01 -3.5795e-01 -3.2759e-01 8.7248e-01 9.3900e-01 9.1379e-01 8.1352e-01 8.5962e-01 8.3890e-01 5.9409e-01 5.8652e-01 4.8114e-01 5.3919e-01 5.8652e-01 5.8652e-01 5.8151e-01 -2.5690e-01 5.7898e-01 -5.6901e-01 2.4168e-01 5.6381e-01 -5.8087e-01 -5.8087e-01 -5.0408e-01 -5.8123e-01 -3.6023e-01 -3.5184e-01 -4.9897e-01 -3.5184e-01 -5.0408e-01 -3.5184e-01 -3.4536e-01 -5.4069e-02 -3.4514e-02 2.5265e-02 3.7348e-02 2.6069e-02 2.6069e-02 2.3077e-02 3.9608e-02 -5.4069e-02 3.2106e-02 4.4996e-02 2.9151e-02 -5.4069e-02 3.7348e-02 3.7348e-02 3.3361e-02 2.3430e-02 -4.0970e-03 -3.1422e-02 -1.4444e-02 -2.9362e-02 -2.0710e-02 -1.9002e-02 -1.9002e-02 -2.5897e-02 -2.5897e-02 -1.5732e-03 3.7488e-02 1.6152e-02 -2.8427e-02 -1.2776e-02 -7.9041e-03 -2.8427e-02 -3.7778e-02 -4.4730e-02 5.0910e-02 3.4952e-03 5.2334e-02 -2.4377e-02 4.2550e-02 -4.9888e-02 -4.2328e-03 -4.2328e-03 -8.1866e-03 -1.4776e-02 -8.7854e-03 1.7306e-03 -8.1866e-03 -2.2569e-03 -3.0610e-02 -2.8930e-02 -3.0760e-02 8.1018e-02 -4.0783e-02 8.8566e-02 7.0052e-02 9.9605e-02
-5.0272e-03 -3.5865e-02 3.5985e-01 3.6058e-01 3.8742e-01 -2.8064e-02 3.6279e-01 3.6279e-01 3.6058e-01 3.6058e-01 3.6279e-01 4.5271e-01 1.0000e+00 4.5066e-01 1.4533e-01 -1.4085e-01 4.3388e-01 -1.4085e-01 -1.5076e-01 -1.6439e-01 -1.5076e-01 3.9894e-01 4.2913e-01 4.1444e-01 3.8679e-01 4.1081e-01 4.0536e-01 5.4668e-01 5.6077e-01 4.8431e-01 5.1914e-01 5.6077e-01 5.6077e-01 5.5130e-01 -1.5076e-01 5.4461e-01 -5.3331e-01 1.4035e-01 5.3946e-01 -2.1347e-01 -2.1347e-01 -4.0312e-01 -2.9528e-01 -3.0285e-01 -3.0575e-01 -4.0021e-01 -3.0575e-01 -4.0312e-01 -3.0575e-01 -3.0478e-01 -3.9849e-02 3.1639e-02 1.4752e-01 -1.8954e-02 1.2434e-01 1.2434e-01 7.8999e-02 1.1473e-01 -3.9849e-02 1.0074e-01 -8.8020e-03 9.9278e-02 -3.9849e-02 -9.6164e-03 -9.6164e-03 8.2499e-02 7.7801e-02 2.5934e-02 -5.2298e-03 4.5375e-02 -5.7070e-03 3.6676e-02 3.7372e-02 3.7372e-02 3.8758e-02 3.8758e-02 1.1010e-02 1.8911e-02 1.0541e-01 1.1911e-02 2.8158e-02 1.3625e-02 1.1911e-02 3.6675e-02 3.1150e-02 -3.2524e-02 6.3950e-02 -3.1836e-02 6.5624e-02 -3.8768e-02 -1.8596e-02 6.4065e-02 6.4065e-02 -6.6493e-02 -2.7673e-02 -8.2022e-02 6.7362e-02 -6.6493e-02 6.5156e-02 -7.7910e-02 3.1172e-02 3.0226e-02 6.8815e-02 2.7224e-03 7.8494e-02 6.5399e-02 9.2241e-02
-6.0807e-02 -7.9583e-02 7.3000e-01 7.3160e-01 7.9028e-01 -6.2273e-02 7.3642e-01 7.3642e-01 7.3160e-01 7.3160e-01 7.3642e-01 9.9095e-01 4.5066e-01 1.0000e+00 3.1693e-01 -3.1254e-01 9.5828e-01 -3.1254e-01 -3.3454e-01 -3.6477e-01 -3.3454e-01 8.8086e-01 9.4777e-01 9.2248e-01 8.2191e-01 8.6845e-01 8.4767e-01 6.0077e-01 5.9340e-01 4.8714e-01 5.4558e-01 5.9340e-01 5.9340e-01 5.8827e-01 -2.6396e-01 5.8576e-01 -5.7577e-01 2.4889e-01 5.7067e-01 -5.8936e-01 -5.8936e-01 -5.1151e-01 -5.8922e-01 -3.6612e-01 -3.5779e-01 -5.0636e-01 -3.5779e-01 -5.1151e-01 -3.5779e-01 -3.5131e-01 -5.4523e-02 -4.1092e-02 1.7829e-02 4.1076e-02 1.8525e-02 1.8525e-02 2.3260e-02 3.2032e-02 -5.4523e-02 2.4545e-02 4.8731e-02 2.1589e-02 -5.4523e-02 4.1076e-02 4.1076e-02 3.4232e-02 2.4253e-02 -2.0506e-03 -3.0276e-02 -1.2040e-02 -2.7170e-02 -1.8460e-02 -1.6748e-02 -1.6748e-02 -2.3619e-02 -2.3619e-02 9.8945e-05 3.6907e-02 2.0548e-02 -2.3227e-02 -7.1953e-03 -6.2005e-03 -2.3227e-02 -3.1579e-02 -3.8630e-02 4.4773e-02 1.0730e-02 4.6209e-02 -1.7424e-02 3.6301e-02 -5.0737e-02 1.7002e-04 1.7002e-04 -1.1011e-02 -1.6299e-02 -1.1944e-02 6.2005e-03 -1.1011e-02 2.1681e-03 -3.3606e-02 -3.0688e-02 -3.2522e-02 7.9080e-02 -4.1487e-02 8.6678e-02 6.8172e-02 9.7603e-02
-2.0065e-01 -2.4678e-01 -5.8950e-02 -5.9898e-02 -8.8313e-02 -1.9310e-01 -5.7479e-02 -5.7479e-02 -5.9898e-02 -5.9898e-02 -5.7479e-02 3.0990e-01 1.4533e-01 3.1693e-01 1.0000e+00 -9.6217e-01 3.2948e-01 -9.6217e-01 -8.9731e-01 -8.2077e-01 -8.9731e-01 3.1069e-01 3.1680e-01 2.9022e-01 2.4061e-01 2.3801e-01 2.4831e-01 1.5391e-01 1.5853e-01 1.8663e-01 1.7006e-01 1.5853e-01 1.5853e-01 1.5132e-01 -7.8394e-01 1.5046e-01 -1.3375e-01 8.5395e-01 1.4872e-01 -2.5902e-01 -2.5902e-01 -1.3650e-01 -2.8613e-01 -1.9652e-01 -1.9975e-01 -1.3828e-01 -1.9975e-01 -1.3650e-01 -1.9975e-01 -1.9488e-01 3.8123e-02 -4.9734e-02 -4.1488e-02 3.9987e-02 -1.8608e-02 -1.8608e-02 2.0846e-03 -1.5644e-02 3.8123e-02 -2.7652e-02 5.2845e-02 -2.5665e-02 3.8123e-02 4.6971e-02 4.6971e-02 3.6039e-04 2.8206e-02 5.0405e-02 8.4426e-02 8.2868e-03 3.7039e-02 1.1300e-02 1.0160e-02 1.6493e-02 1.4205e-02 1.4205e-02 3.9075e-02 1.4058e-02 -1.7206e-03 4.6918e-02 3.4935e-02 3.4696e-02 4.6918e-02 3.6233e-02 4.3842e-02 -4.1948e-02 3.2689e-02 -4.2896e-02 3.3069e-02 -5.0108e-02 -2.3204e-02 -2.2898e-02 -2.2898e-02 2.8339e-02 7.1134e-03 3.7333e-02 -1.1982e-02 2.8339e-02 -1.6772e-02 4.1313e-02 -2.7139e-02 -2.5791e-02 8.9651e-02 5.4355e-02 1.0230e-01 9.0665e-02 1.0192e-01
2.0755e-01 2.5463e-01 7.5649e-02 7.6573e-02 1.0407e-01 1.9925e-01 7.3973e-02 7.3973e-02 7.6573e-02 7.6573e-02 7.3973e-02 -3.0544e-01 -1.4085e-01 -3.1254e-01 -9.6217e-01 1.0000e+00 -3.2463e-01 1.0000e+00 9.2744e-01 8.5036e-01 9.2744e-01 -3.5306e-01 -3.2822e-01 -3.2288e-01 -2.7022e-01 -2.4759e-01 -2.5779e-01 -1.6881e-01 -1.6151e-01 -1.9912e-01 -1.8396e-01 -1.6151e-01 -1.6151e-01 -1.6639e-01 7.9130e-01 -1.6558e-01 1.5465e-01 -8.6812e-01 -1.6395e-01 2.7150e-01 2.7150e-01 1.4659e-01 2.9165e-01 2.0807e-01 2.0573e-01 1.4827e-01 2.0573e-01 1.4659e-01 2.0573e-01 2.0071e-01 -3.5872e-02 5.8895e-02 4.0404e-02 -3.0102e-02 1.9078e-02 1.9078e-02 -7.0398e-04 1.6204e-02 -3.5872e-02 3.4036e-02 -5.0411e-02 3.2099e-02 -3.5872e-02 -4.4360e-02 -4.4360e-02 2.5859e-03 -2.0081e-02 -4.9347e-02 -8.1389e-02 -9.4309e-03 -4.3312e-02 -2.4047e-02 -2.2921e-02 -2.9385e-02 -2.7123e-02 -2.7123e-02 -4.1506e-02 -1.1405e-02 -1.1668e-02 -4.9885e-02 -3.9464e-02 -3.7229e-02 -4.9885e-02 -5.4567e-02 -6.1821e-02 6.0014e-02 -3.7640e-02 6.0918e-02 -4.8906e-02 6.8926e-02 2.8924e-02 1.0057e-02 1.0057e-02 -1.2919e-02 -6.8011e-03 -2.5749e-02 -1.4136e-03 -1.2919e-02 1.1378e-02 -3.0609e-02 3.0492e-02 2.9174e-02 -8.1298e-02 -5.1145e-02 -9.4560e-02 -8.2569e-02 -9.3631e-02
-6.4121e-02 -8.2662e-02 6.8564e-01 6.8728e-01 7.4733e-01 -6.4683e-02 6.9223e-01 6.9223e-01 6.8728e-01 6.8728e-01 6.9223e-01 9.4945e-01 4.3388e-01 9.5828e-01 3.2948e-01 -3.2463e-01 1.0000e+00 -3.2463e-01 -3.4748e-01 -3.7888e-01 -3.4748e-01 9.1947e-01 9.8907e-01 9.6323e-01 8.6068e-01 9.1030e-01 8.8914e-01 6.3258e-01 6.2659e-01 5.1456e-01 5.7553e-01 6.2659e-01 6.2659e-01 6.2066e-01 -2.7779e-01 6.1833e-01 -6.0817e-01 2.6172e-01 6.0371e-01 -6.2900e-01 -6.2900e-01 -5.5365e-01 -6.1675e-01 -3.9751e-01 -3.8962e-01 -5.4822e-01 -3.8962e-01 -5.5365e-01 -3.8962e-01 -3.8311e-01 -5.8368e-02 -3.1654e-02 8.2699e-03 5.2696e-02 1.9648e-02 1.9648e-02 1.8522e-02 3.2758e-02 -5.8368e-02 2.5441e-02 6.0380e-02 2.2370e-02 -5.8368e-02 5.2696e-02 5.2696e-02 3.0839e-02 2.4761e-02 9.7361e-03 -2.9340e-02 -1.7216e-03 -1.4020e-02 -2.0014e-02 -1.8234e-02 -1.8234e-02 -2.4842e-02 -2.4842e-02 -1.0461e-02 3.2067e-02 5.9780e-03 -3.0879e-02 -1.6887e-02 -1.6276e-02 -3.0879e-02 -3.3388e-02 -4.0939e-02 4.6858e-02 4.1476e-03 4.8350e-02 -2.0247e-02 3.7829e-02 -5.7896e-02 -1.4205e-02 -1.4205e-02 1.5630e-03 -3.0405e-03 5.2293e-03 -8.0713e-03 1.5630e-03 -1.2172e-02 -2.3369e-02 -2.7992e-02 -2.9907e-02 8.0300e-02 -4.7422e-02 8.2818e-02 6.4268e-02 9.8080e-02
2.0755e-01 2.5463e-01 7.5649e-02 7.6573e-02 1.0407e-01 1.9925e-01 7.3973e-02 7.3973e-02 7.6573e-02 7.6573e-02 7.3973e-02 -3.0544e-01 -1.4085e-01 -3.1254e-01 -9.6217e-01 1.0000e+00 -3.2463e-01 1.0000e+00 9.2744e-01 8.5036e-01 9.2744e-01 -3.5306e-01 -3.2822e-01 -3.2288e-01 -2.7022e-01 -2.4759e-01 -2.5779e-01 -1.6881e-01 -1.6151e-01 -1.9912e-01 -1.8396e-01 -1.6151e-01 -1.6151e-01 -1.6639e-01 7.9130e-01 -1.6558e-01 1.5465e-01 -8.6812e-01 -1.6395e-01 2.7150e-01 2.7150e-01 1.4659e-01 2.9165e-01 2.0807e-01 2.0573e-01 1.4827e-01 2.0573e-01 1.4659e-01 2.0573e-01 2.0071e-01 -3.5872e-02 5.8895e-02 4.0404e-02 -3.0102e-02 1.9078e-02 1.9078e-02 -7.0398e-04 1.6204e-02 -3.5872e-02 3.4036e-02 -5.0411e-02 3.2099e-02 -3.5872e-02 -4.4360e-02 -4.4360e-02 2.5859e-03 -2.0081e-02 -4.9347e-02 -8.1389e-02 -9.4309e-03 -4.3312e-02 -2.4047e-02 -2.2921e-02 -2.9385e-02 -2.7123e-02 -2.7123e-02 -4.1506e-02 -1.1405e-02 -1.1668e-02 -4.9885e-02 -3.9464e-02 -3.7229e-02 -4.9885e-02 -5.4567e-02 -6.1821e-02 6.0014e-02 -3.7640e-02 6.0918e-02 -4.8906e-02 6.8926e-02 2.8924e-02 1.0057e-02 1.0057e-02 -1.2919e-02 -6.8011e-03 -2.5749e-02 -1.4136e-03 -1.2919e-02 1.1378e-02 -3.0609e-02 3.0492e-02 2.9174e-02 -8.1298e-02 -5.1145e-02 -9.4560e-02 -8.2569e-02 -9.3631e-02
1.9283e-01 2.3789e-01 2.2933e-02 2.3905e-02 5.8427e-02 1.8615e-01 2.6825e-02 2.6825e-02 2.3905e-02 2.3905e-02 2.6825e-02 -3.2759e-01 -1.5076e-01 -3.3454e-01 -8.9731e-01 9.2744e-01 -3.4748e-01 9.2744e-01 1.0000e+00 9.1712e-01 1.0000e+00 -3.7791e-01 -3.5132e-01 -3.4687e-01 -2.9913e-01 -2.6914e-01 -2.7942e-01 -1.8392e-01 -1.7614e-01 -1.0378e-01 -8.3345e-02 -1.7614e-01 -1.7614e-01 -1.8134e-01 8.6319e-01 -1.8047e-01 1.7019e-01 -8.0128e-01 -1.7875e-01 2.9707e-01 2.9707e-01 1.6028e-01 3.2548e-01 2.2701e-01 2.2452e-01 1.6206e-01 2.2452e-01 1.6028e-01 2.2452e-01 2.1980e-01 1.2193e-01 6.0883e-02 6.6960e-02 -4.4777e-02 4.1446e-02 4.1446e-02 7.0570e-03 3.2943e-02 1.2193e-01 5.0130e-02 -5.7278e-02 4.2662e-02 1.2193e-01 -5.1600e-02 -5.1600e-02 8.3466e-03 -1.4088e-02 -4.8811e-02 -6.4743e-02 -1.6233e-02 -3.4660e-02 -2.5997e-03 -1.4330e-03 -7.6201e-03 -5.2778e-03 -5.2778e-03 -2.7155e-02 -1.7178e-02 1.9836e-02 -2.7368e-02 -2.3817e-02 -2.2735e-02 -2.7368e-02 -2.2086e-02 -3.0077e-02 2.8087e-02 -1.3323e-02 2.9083e-02 -2.0927e-02 3.5431e-02 1.6542e-02 4.0391e-02 4.0391e-02 -1.8879e-02 -1.7154e-02 -3.0889e-02 3.0132e-02 -1.8879e-02 3.4541e-02 -3.8962e-02 2.8748e-02 2.7348e-02 -7.8386e-02 -5.8177e-02 -8.2576e-02 -7.8757e-02 -9.7833e-02
1.7538e-01 2.1818e-01 9.4585e-02 9.5665e-02 7.3694e-04 1.7072e-01 9.8909e-02 9.8909e-02 9.5665e-02 9.5665e-02 9.8909e-02 -3.5795e-01 -1.6439e-01 -3.6477e-01 -8.2077e-01 8.5036e-01 -3.7888e-01 8.5036e-01 9.1712e-01 1.0000e+00 9.1712e-01 -2.7277e-01 -3.8307e-01 -3.7971e-01 -2.1887e-01 -3.0546e-01 -3.1587e-01 -2.1233e-01 -2.0402e-01 -1.7506e-02 -1.1879e-01 -2.0402e-01 -2.0402e-01 -2.0957e-01 7.9338e-01 -2.0865e-01 1.9908e-01 -7.3714e-01 -2.0680e-01 3.1881e-01 3.1881e-01 1.8707e-01 2.4449e-01 2.3894e-01 2.3620e-01 1.8898e-01 2.3620e-01 1.8707e-01 2.3620e-01 2.3184e-01 1.0719e-01 8.5120e-02 7.7912e-02 -2.0985e-02 3.2295e-02 3.2295e-02 -9.1555e-03 2.8918e-02 1.0719e-01 4.5381e-02 -5.2110e-02 3.8007e-02 1.0719e-01 -4.6904e-02 -4.6904e-02 -7.0218e-03 -1.4448e-02 -2.6181e-02 -5.3969e-02 -8.4427e-05 -1.0682e-02 3.4869e-03 4.7485e-03 -1.1273e-03 1.4029e-03 1.4029e-03 -6.2373e-03 -4.6978e-03 1.9559e-02 2.0859e-03 9.4658e-04 -1.6340e-03 2.0859e-03 -5.3939e-04 -9.3984e-03 7.1938e-03 -7.9596e-03 8.2970e-03 -7.1528e-03 1.7910e-02 2.4036e-02 4.5846e-02 4.5846e-02 -2.6589e-02 -3.3447e-02 -2.9575e-02 3.6758e-02 -2.6589e-02 4.0506e-02 -3.9649e-02 1.1956e-02 1.0480e-02 -6.9850e-02 -3.9972e-02 -7.1996e-02 -6.8991e-02 -8.9296e-02
1.9283e-01 2.3789e-01 2.2933e-02 2.3905e-02 5.8427e-02 1.8615e-01 2.6825e-02 2.6825e-02 2.3905e-02 2.3905e-02 2.6825e-02 -3.2759e-01 -1.5076e-01 -3.3454e-01 -8.9731e-01 9.2744e-01 -3.4748e-01 9.2744e-01 1.0000e+00 9.1712e-01 1.0000e+00 -3.7791e-01 -3.5132e-01 -3.4687e-01 -2.9913e-01 -2.6914e-01 -2.7942e-01 -1.8392e-01 -1.7614e-01 -1.0378e-01 -8.3345e-02 -1.7614e-01 -1.7614e-01 -1.8134e-01 8.6319e-01 -1.8047e-01 1.7019e-01 -8.0128e-01 -1.7875e-01 2.9707e-01 2.9707e-01 1.6028e-01 3.2548e-01 2.2701e-01 2.2452e-01 1.6206e-01 2.2452e-01 1.6028e-01 2.2452e-01 2.1980e-01 1.2193e-01 6.0883e-02 6.6960e-02 -4.4777e-02 4.1446e-02 4.1446e-02 7.0570e-03 3.2943e-02 1.2193e-01 5.0130e-02 -5.7278e-02 4.2662e-02 1.2193e-01 -5.1600e-02 -5.1600e-02 8.3466e-03 -1.4088e-02 -4.8811e-02 -6.4743e-02 -1.6233e-02 -3.4660e-02 -2.5997e-03 -1.4330e-03 -7.6201e-03 -5.2778e-03 -5.2778e-03 -2.7155e-02 -1.7178e-02 1.9836e-02 -2.7368e-02 -2.3817e-02 -2.2735e-02 -2.7368e-02 -2.2086e-02 -3.0077e-02 2.8087e-02 -1.3323e-02 2.9083e-02 -2.0927e-02 3.5431e-02 1.6542e-02 4.0391e-02 4.0391e-02 -1.8879e-02 -1.7154e-02 -3.0889e-02 3.0132e-02 -1.8879e-02 3.4541e-02 -3.8962e-02 2.8748e-02 2.7348e-02 -7.8386e-02 -5.8177e-02 -8.2576e-02 -7.8757e-02 -9.7833e-02
-7.1784e-02 -8.9902e-02 7.1612e-01 7.1790e-01 6.6567e-01 -7.0348e-02 7.1912e-01 7.1912e-01 7.1790e-01 7.1790e-01 7.1912e-01 8.7248e-01 3.9894e-01 8.8086e-01 3.1069e-01 -3.5306e-01 9.1947e-01 -3.5306e-01 -3.7791e-01 -2.7277e-01 -3.7791e-01 1.0000e+00 9.2534e-01 9.2461e-01 9.2029e-01 8.4782e-01 8.2630e-01 5.9776e-01 5.7870e-01 5.8002e-01 5.3908e-01 5.7870e-01 5.7870e-01 5.8658e-01 -2.8886e-01 5.8446e-01 -5.7905e-01 2.6951e-01 5.7535e-01 -5.8560e-01 -5.8560e-01 -5.1997e-01 -6.5740e-01 -3.7171e-01 -3.6447e-01 -5.1436e-01 -3.6447e-01 -5.1997e-01 -3.6447e-01 -3.5795e-01 -6.7177e-02 -2.0470e-02 1.9048e-02 5.9649e-02 1.0248e-02 1.0248e-02 3.7882e-03 2.6900e-02 -6.7177e-02 1.5586e-02 5.0892e-02 1.6586e-02 -6.7177e-02 4.3190e-02 4.3190e-02 1.1907e-02 1.7417e-02 2.6942e-02 -2.4933e-02 1.4344e-02 6.3522e-03 -7.7272e-03 -5.8154e-03 -5.8154e-03 -1.1927e-02 -1.1927e-02 9.1893e-03 3.8398e-02 9.2261e-03 -4.0628e-03 7.4997e-03 4.0202e-03 -4.0628e-03 -8.9944e-03 -1.7868e-02 2.3281e-02 4.2253e-03 2.4924e-02 -4.4541e-03 1.7152e-02 -5.4449e-02 -4.8395e-03 -4.8395e-03 -1.6434e-02 -1.9343e-02 8.6504e-04 1.9273e-03 -1.6434e-02 -2.5974e-03 -3.2590e-02 -4.4230e-02 -4.6277e-02 7.8413e-02 -2.5823e-02 8.2899e-02 6.4086e-02 9.4702e-02
-6.5097e-02 -8.3576e-02 6.7423e-01 6.7588e-01 7.3635e-01 -6.5398e-02 6.8087e-01 6.8087e-01 6.7588e-01 6.7588e-01 6.8087e-01 9.3900e-01 4.2913e-01 9.4777e-01 3.1680e-01 -3.2822e-01 9.8907e-01 -3.2822e-01 -3.5132e-01 -3.8307e-01 -3.5132e-01 9.2534e-01 1.0000e+00 9.7400e-01 8.7088e-01 9.1701e-01 8.9575e-01 6.2954e-01 6.2378e-01 5.1090e-01 5.7225e-01 6.2378e-01 6.2378e-01 6.1773e-01 -2.7652e-01 6.1542e-01 -6.0525e-01 2.5990e-01 6.0090e-01 -6.2666e-01 -6.2666e-01 -5.5152e-01 -6.1355e-01 -3.9386e-01 -3.8606e-01 -5.4606e-01 -3.8606e-01 -5.5152e-01 -3.8606e-01 -3.7955e-01 -5.9496e-02 -4.3265e-02 1.4721e-03 4.7845e-02 1.2175e-02 1.2175e-02 1.6909e-02 2.5191e-02 -5.9496e-02 1.7915e-02 5.5520e-02 1.4822e-02 -5.9496e-02 4.7845e-02 4.7845e-02 2.2327e-02 1.6147e-02 9.3791e-03 -3.5157e-02 -7.4851e-04 -1.3875e-02 -1.9572e-02 -1.7774e-02 -1.7774e-02 -2.4310e-02 -2.4310e-02 -1.2440e-02 3.0674e-02 1.7621e-03 -3.5104e-02 -2.0461e-02 -1.8126e-02 -3.5104e-02 -3.6021e-02 -4.3705e-02 4.9565e-02 -1.9788e-03 5.1071e-02 -2.6578e-02 4.0387e-02 -5.9984e-02 -1.8370e-02 -1.8370e-02 -9.0676e-04 -3.4815e-04 6.1068e-03 -1.2205e-02 -9.0676e-04 -1.6327e-02 -2.1967e-02 -3.2333e-02 -3.4259e-02 8.1355e-02 -3.7260e-02 8.4163e-02 6.5574e-02 9.8916e-02
-6.6662e-02 -8.5045e-02 6.5628e-01 6.5796e-01 7.1063e-01 -6.6548e-02 6.5462e-01 6.5462e-01 6.5796e-01 6.5796e-01 6.5462e-01 9.1379e-01 4.1444e-01 9.2248e-01 2.9022e-01 -3.2288e-01 9.6323e-01 -3.2288e-01 -3.4687e-01 -3.7971e-01 -3.4687e-01 9.2461e-01 9.7400e-01 1.0000e+00 8.9579e-01 9.0874e-01 8.8740e-01 6.4636e-01 6.2640e-01 5.2553e-01 5.8814e-01 6.2640e-01 6.2640e-01 6.3482e-01 -2.7777e-01 6.3259e-01 -6.3214e-01 2.4930e-01 6.2321e-01 -6.3493e-01 -6.3493e-01 -5.6562e-01 -6.2446e-01 -4.0356e-01 -3.9594e-01 -5.6005e-01 -3.9594e-01 -5.6562e-01 -3.9594e-01 -3.8941e-01 -6.1301e-02 -4.1569e-02 4.3302e-03 5.1295e-02 9.1213e-03 9.1213e-03 9.3658e-03 2.1973e-02 -6.1301e-02 1.0374e-02 4.7823e-02 1.6010e-02 -6.1301e-02 4.5728e-02 4.5728e-02 1.3079e-02 1.0959e-02 6.6890e-03 -3.9252e-02 -1.1508e-03 -2.0863e-02 -1.5842e-02 -1.4019e-02 -1.4019e-02 -2.0454e-02 -2.0454e-02 -5.8368e-03 2.8472e-02 1.0733e-03 -2.7427e-02 -1.5802e-02 -1.1410e-02 -2.7427e-02 -3.3991e-02 -4.1928e-02 4.7684e-02 -6.9374e-03 4.9219e-02 -2.2653e-02 3.3773e-02 -6.3311e-02 -1.3020e-02 -1.3020e-02 -7.5204e-03 -6.4011e-03 2.3062e-03 -1.2730e-02 -7.5204e-03 -4.9252e-03 -2.5008e-02 -3.9228e-02 -4.1171e-02 7.9598e-02 -2.8248e-02 8.2780e-02 6.4156e-02 9.6860e-02
-7.2977e-02 -9.1041e-02 6.5395e-01 6.5573e-01 6.1211e-01 -7.1240e-02 6.4872e-01 6.4872e-01 6.5573e-01 6.5573e-01 6.4872e-01 8.1352e-01 3.8679e-01 8.2191e-01 2.4061e-01 -2.7022e-01 8.6068e-01 -2.7022e-01 -2.9913e-01 -2.1887e-01 -2.9913e-01 9.2029e-01 8.7088e-01 8.9579e-01 1.0000e+00 9.0896e-01 8.8287e-01 6.5642e-01 6.4336e-01 6.3865e-01 5.9116e-01 6.4336e-01 6.4336e-01 6.4563e-01 -3.0436e-01 6.4363e-01 -6.4281e-01 2.6874e-01 6.3479e-01 -6.0689e-01 -6.0689e-01 -5.8733e-01 -6.9353e-01 -3.9372e-01 -3.8665e-01 -5.8143e-01 -3.8665e-01 -5.8733e-01 -3.8665e-01 -3.8456e-01 -8.4846e-02 -3.5925e-03 2.4456e-02 5.3995e-02 2.3143e-02 2.3143e-02 2.0754e-02 4.3955e-02 -8.4846e-02 3.7028e-02 3.9800e-02 4.6563e-02 -8.4846e-02 4.3054e-02 4.3054e-02 2.7065e-02 1.9849e-02 -3.8109e-03 -7.2221e-02 2.0527e-03 -1.2799e-02 -2.6147e-02 -2.4180e-02 -2.4180e-02 -3.0155e-02 -3.0155e-02 -3.9745e-03 3.6781e-02 -7.5118e-03 -1.8279e-02 -1.4552e-02 -8.9013e-03 -1.8279e-02 -3.4876e-02 -4.3769e-02 4.9154e-02 -1.2314e-02 5.0798e-02 -3.4838e-02 3.8622e-02 -5.6971e-02 -2.1522e-02 -2.1522e-02 -1.5746e-02 -1.7408e-02 -1.2549e-02 -2.0750e-02 -1.5746e-02 -1.3406e-02 -2.4053e-02 -2.0975e-02 -2.3111e-02 5.0356e-02 -1.6341e-02 5.4445e-02 3.5821e-02 6.6789e-02
-6.5879e-02 -8.4309e-02 6.0637e-01 6.0802e-01 6.6383e-01 -6.5972e-02 6.1299e-01 6.1299e-01 6.0802e-01 6.0802e-01 6.1299e-01 8.5962e-01 4.1081e-01 8.6845e-01 2.3801e-01 -2.4759e-01 9.1030e-01 -2.4759e-01 -2.6914e-01 -3.0546e-01 -2.6914e-01 8.4782e-01 9.1701e-01 9.0874e-01 9.0896e-01 1.0000e+00 9.7403e-01 6.9182e-01 6.9209e-01 5.6908e-01 6.2792e-01 6.9209e-01 6.9209e-01 6.8038e-01 -3.0112e-01 6.7820e-01 -6.6783e-01 2.7969e-01 6.6395e-01 -6.6465e-01 -6.6465e-01 -6.2248e-01 -6.5453e-01 -4.2366e-01 -4.1602e-01 -6.1674e-01 -4.1602e-01 -6.2248e-01 -4.1602e-01 -4.0948e-01 -7.7036e-02 -2.4070e-02 2.3419e-02 4.3992e-02 2.3874e-02 2.3874e-02 3.8139e-02 3.6778e-02 -7.7036e-02 3.8354e-02 4.0471e-02 3.5205e-02 -7.7036e-02 3.2830e-02 3.2830e-02 4.1123e-02 2.6289e-02 -7.9561e-03 -5.0095e-02 -9.5015e-04 -1.4794e-02 -2.5305e-02 -2.3482e-02 -2.3482e-02 -2.9942e-02 -2.9942e-02 -1.5236e-02 2.9569e-02 -7.6039e-03 -3.7618e-02 -2.2441e-02 -2.0809e-02 -3.7618e-02 -4.1678e-02 -4.9447e-02 5.5265e-02 -6.8507e-03 5.6781e-02 -3.1615e-02 4.5994e-02 -7.1614e-02 -3.3675e-02 -3.3675e-02 7.0381e-03 -3.3823e-03 1.2880e-02 -2.7593e-02 7.0381e-03 -3.1659e-02 -1.0308e-02 -6.8842e-03 -8.8948e-03 6.0292e-02 -3.8672e-02 6.2783e-02 4.4351e-02 7.7961e-02
-6.7054e-02 -8.5415e-02 5.8487e-01 5.8653e-01 6.4278e-01 -6.6837e-02 5.9154e-01 5.9154e-01 5.8653e-01 5.8653e-01 5.9154e-01 8.3890e-01 4.0536e-01 8.4767e-01 2.4831e-01 -2.5779e-01 8.8914e-01 -2.5779e-01 -2.7942e-01 -3.1587e-01 -2.7942e-01 8.2630e-01 8.9575e-01 8.8740e-01 8.8287e-01 9.7403e-01 1.0000e+00 7.1644e-01 7.1734e-01 5.8216e-01 6.4679e-01 7.1734e-01 7.1734e-01 7.0525e-01 -3.1127e-01 7.0315e-01 -6.9267e-01 2.8421e-01 6.8909e-01 -6.8551e-01 -6.8551e-01 -6.4937e-01 -6.6989e-01 -4.4101e-01 -4.3354e-01 -6.4350e-01 -4.3354e-01 -6.4937e-01 -4.3354e-01 -4.2697e-01 -7.8327e-02 -2.0591e-02 3.7967e-02 3.8255e-02 3.6920e-02 3.6920e-02 5.1097e-02 4.9669e-02 -7.8327e-02 5.1275e-02 3.4768e-02 4.8066e-02 -7.8327e-02 2.7135e-02 2.7135e-02 5.6409e-02 4.1409e-02 -1.9420e-03 -3.8131e-02 6.0368e-03 -3.2955e-03 -1.3654e-02 -1.1827e-02 -1.1827e-02 -1.8241e-02 -1.8241e-02 -4.1968e-03 2.7927e-02 1.1387e-02 -2.6578e-02 -1.0345e-02 -9.7421e-03 -2.6578e-02 -2.7945e-02 -3.5980e-02 4.1703e-02 9.6606e-03 4.3249e-02 -1.5864e-02 3.2131e-02 -7.4067e-02 -1.4678e-02 -1.4678e-02 -1.3113e-03 -1.4349e-02 3.5238e-03 -8.3401e-03 -1.3113e-03 -1.2578e-02 -1.9199e-02 -2.3666e-02 -2.5659e-02 5.4755e-02 -4.0781e-02 5.1533e-02 3.8996e-02 6.6586e-02
-4.2985e-02 -6.3695e-02 3.9823e-01 3.9946e-01 4.4409e-01 -4.9841e-02 4.0316e-01 4.0316e-01 3.9946e-01 3.9946e-01 4.0316e-01 5.9409e-01 5.4668e-01 6.0077e-01 1.5391e-01 -1.6881e-01 6.3258e-01 -1.6881e-01 -1.8392e-01 -2.1233e-01 -1.8392e-01 5.9776e-01 6.2954e-01 6.4636e-01 6.5642e-01 6.9182e-01 7.1644e-01 1.0000e+00 9.7521e-01 8.6681e-01 9.2889e-01 9.7521e-01 9.7521e-01 9.8621e-01 -2.4380e-01 9.8345e-01 -9.7242e-01 2.2417e-01 9.6682e-01 -5.2097e-01 -5.2097e-01 -8.8523e-01 -5.4090e-01 -6.8989e-01 -6.8015e-01 -8.7946e-01 -6.8015e-01 -8.8523e-01 -6.8015e-01 -6.7318e-01 -5.2074e-02 -2.5347e-02 4.3538e-02 3.2952e-02 2.1172e-02 2.1172e-02 1.9445e-02 3.2451e-02 -5.2074e-02 3.3645e-02 4.0804e-02 3.1259e-02 -5.2074e-02 3.2952e-02 3.2952e-02 3.0229e-02 3.6554e-02 3.4214e-02 1.8387e-02 6.5849e-02 2.0318e-02 2.3363e-02 2.4669e-02 2.4669e-02 2.7269e-02 2.7269e-02 3.3887e-02 -2.9889e-02 4.6485e-02 4.5211e-03 3.6211e-02 3.8400e-02 4.5211e-03 -9.4465e-03 -1.8795e-02 1.6468e-02 3.3245e-02 1.7632e-02 3.1176e-02 1.5939e-02 -4.3476e-02 1.1064e-02 1.1064e-02 -3.3285e-02 -5.0277e-02 -2.1483e-02 1.5990e-02 -3.3285e-02 1.2696e-02 -5.3874e-02 3.6807e-03 2.1382e-03 3.4532e-02 -2.0933e-02 1.6331e-02 1.1520e-02 2.0128e-02
-4.1126e-02 -6.2116e-02 3.9349e-01 3.9469e-01 4.3828e-01 -4.8606e-02 3.9830e-01 3.9830e-01 3.9469e-01 3.9469e-01 3.9830e-01 5.8652e-01 5.6077e-01 5.9340e-01 1.5853e-01 -1.6151e-01 6.2659e-01 -1.6151e-01 -1.7614e-01 -2.0402e-01 -1.7614e-01 5.7870e-01 6.2378e-01 6.2640e-01 6.4336e-01 6.9209e-01 7.1734e-01 9.7521e-01 1.0000e+00 8.6560e-01 9.2679e-01 1.0000e+00 1.0000e+00 9.8333e-01 -2.6111e-01 9.8046e-01 -9.6942e-01 2.4307e-01 9.6345e-01 -5.4580e-01 -5.4580e-01 -9.0820e-01 -5.6765e-01 -7.1324e-01 -7.0326e-01 -9.0243e-01 -7.0326e-01 -9.0820e-01 -7.0326e-01 -6.9624e-01 -5.0067e-02 -1.3219e-02 4.7586e-02 3.6595e-02 2.6557e-02 2.6557e-02 2.5725e-02 3.8112e-02 -5.0067e-02 3.9281e-02 3.8133e-02 3.6944e-02 -5.0067e-02 3.0239e-02 3.0239e-02 3.8125e-02 3.9978e-02 2.4415e-02 1.3121e-02 5.4765e-02 1.5685e-02 1.8296e-02 1.9577e-02 1.9577e-02 2.2128e-02 2.2128e-02 3.2901e-02 -2.7669e-02 4.8844e-02 2.8051e-03 3.3310e-02 3.7304e-02 2.8051e-03 -1.5112e-02 -2.4192e-02 2.1932e-02 3.5322e-02 2.3063e-02 2.3408e-02 2.1842e-02 -5.0743e-02 1.2999e-02 1.2999e-02 -2.9723e-02 -5.0547e-02 -2.0639e-02 1.7823e-02 -2.9723e-02 1.4597e-02 -4.9300e-02 6.2175e-03 4.7063e-03 3.7539e-02 -3.0858e-02 1.8612e-02 1.3899e-02 2.3197e-02
-5.2207e-02 -7.1761e-02 3.7668e-01 3.7805e-01 3.2807e-01 -5.6153e-02 3.8216e-01 3.8216e-01 3.7805e-01 3.7805e-01 3.8216e-01 4.8114e-01 4.8431e-01 4.8714e-01 1.8663e-01 -1.9912e-01 5.1456e-01 -1.9912e-01 -1.0378e-01 -1.7506e-02 -1.0378e-01 5.8002e-01 5.1090e-01 5.2553e-01 6.3865e-01 5.6908e-01 5.8216e-01 8.6681e-01 8.6560e-01 1.0000e+00 9.3397e-01 8.6560e-01 8.6560e-01 8.7505e-01 -1.7162e-01 8.7260e-01 -8.6187e-01 2.8082e-01 8.5721e-01 -4.0727e-01 -4.0727e-01 -7.8345e-01 -5.3353e-01 -5.8467e-01 -5.7594e-01 -7.7770e-01 -5.7594e-01 -7.8345e-01 -5.7594e-01 -5.6921e-01 9.6787e-02 1.1840e-02 6.7098e-02 2.7074e-02 3.6789e-02 3.6789e-02 1.4771e-02 4.6761e-02 9.6787e-02 4.8114e-02 3.4749e-02 4.5410e-02 9.6787e-02 2.7074e-02 2.7074e-02 2.8056e-02 3.7093e-02 3.5934e-02 2.5387e-02 6.2274e-02 3.2197e-02 3.2151e-02 3.3613e-02 3.3613e-02 3.6523e-02 3.6523e-02 5.9030e-02 -2.2496e-02 6.6848e-02 4.2238e-02 6.6620e-02 6.3923e-02 4.2238e-02 2.0072e-02 9.3485e-03 -1.2016e-02 5.7965e-02 -1.0681e-02 5.1363e-02 -9.9288e-03 -5.2713e-02 3.9408e-02 3.9408e-02 -2.7702e-02 -7.0774e-02 -1.8013e-02 4.5201e-02 -2.7702e-02 4.1327e-02 -4.9178e-02 -9.0474e-03 -1.0750e-02 4.4303e-02 -1.3009e-02 2.9990e-02 2.4473e-02 2.3133e-02
-4.6842e-02 -6.7023e-02 3.4113e-01 3.4241e-01 3.8839e-01 -5.2445e-02 3.4623e-01 3.4623e-01 3.4241e-01 3.4241e-01 3.4623e-01 5.3919e-01 5.1914e-01 5.4558e-01 1.7006e-01 -1.8396e-01 5.7553e-01 -1.8396e-01 -8.3345e-02 -1.1879e-01 -8.3345e-02 5.3908e-01 5.7225e-01 5.8814e-01 5.9116e-01 6.2792e-01 6.4679e-01 9.2889e-01 9.2679e-01 9.3397e-01 1.0000e+00 9.2679e-01 9.2679e-01 9.3711e-01 -1.4753e-01 9.3449e-01 -9.2360e-01 2.6228e-01 9.1841e-01 -4.7160e-01 -4.7160e-01 -8.4030e-01 -4.8765e-01 -6.4383e-01 -6.3454e-01 -8.3455e-01 -6.3454e-01 -8.4030e-01 -6.3454e-01 -6.2769e-01 1.0772e-01 -1.7092e-02 6.4250e-02 2.4942e-02 3.8186e-02 3.8186e-02 2.3472e-02 4.4047e-02 1.0772e-01 4.5311e-02 3.2692e-02 4.2785e-02 1.0772e-01 2.4942e-02 2.4942e-02 3.6552e-02 4.6731e-02 2.4994e-02 2.9110e-02 5.1092e-02 1.9073e-02 3.4309e-02 3.5667e-02 3.5667e-02 3.8371e-02 3.8371e-02 5.0071e-02 -3.4454e-02 7.3982e-02 3.3822e-02 5.8976e-02 5.4687e-02 3.3822e-02 1.9365e-02 9.3452e-03 -1.1838e-02 5.4064e-02 -1.0591e-02 5.4958e-02 -1.3385e-02 -6.2756e-02 3.9256e-02 3.9256e-02 -3.1812e-02 -6.4779e-02 -1.5318e-02 4.4690e-02 -3.1812e-02 4.1056e-02 -5.4707e-02 -2.1646e-03 -3.7717e-03 4.0422e-02 -2.8248e-02 3.0425e-02 1.8835e-02 1.9477e-02
-4.1126e-02 -6.2116e-02 3.9349e-01 3.9469e-01 4.3828e-01 -4.8606e-02 3.9830e-01 3.9830e-01 3.9469e-01 3.9469e-01 3.9830e-01 5.8652e-01 5.6077e-01 5.9340e-01 1.5853e-01 -1.6151e-01 6.2659e-01 -1.6151e-01 -1.7614e-01 -2.0402e-01 -1.7614e-01 5.7870e-01 6.2378e-01 6.2640e-01 6.4336e-01 6.9209e-01 7.1734e-01 9.7521e-01 1.0000e+00 8.6560e-01 9.2679e-01 1.0000e+00 1.0000e+00 9.8333e-01 -2.6111e-01 9.8046e-01 -9.6942e-01 2.4307e-01 9.6345e-01 -5.4580e-01 -5.4580e-01 -9.0820e-01 -5.6765e-01 -7.1324e-01 -7.0326e-01 -9.0243e-01 -7.0326e-01 -9.0820e-01 -7.0326e-01 -6.9624e-01 -5.0067e-02 -1.3219e-02 4.7586e-02 3.6595e-02 2.6557e-02 2.6557e-02 2.5725e-02 3.8112e-02 -5.0067e-02 3.9281e-02 3.8133e-02 3.6944e-02 -5.0067e-02 3.0239e-02 3.0239e-02 3.8125e-02 3.9978e-02 2.4415e-02 1.3121e-02 5.4765e-02 1.5685e-02 1.8296e-02 1.9577e-02 1.9577e-02 2.2128e-02 2.2128e-02 3.2901e-02 -2.7669e-02 4.8844e-02 2.8051e-03 3.3310e-02 3.7304e-02 2.8051e-03 -1.5112e-02 -2.4192e-02 2.1932e-02 3.5322e-02 2.3063e-02 2.3408e-02 2.1842e-02 -5.0743e-02 1.2999e-02 1.2999e-02 -2.9723e-02 -5.0547e-02 -2.0639e-02 1.7823e-02 -2.9723e-02 1.4597e-02 -4.9300e-02 6.2175e-03 4.7063e-03 3.7539e-02 -3.0858e-02 1.8612e-02 1.3899e-02 2.3197e-02
