1.0000e+00 -3.6434e-01 -3.6760e-01 9.9694e-01 -3.6923e-01 -2.8937e-01 -9.5304e-01 9.9694e-01 -3.6760e-01 1.3415e-02 1.3415e-02 1.4351e-02 1.2167e-02 1.3415e-02 1.3415e-02 -2.8086e-03 1.3415e-02 1.7530e-02 1.1349e-02 2.2808e-02 2.2808e-02 2.3896e-02 2.3896e-02 2.3896e-02 2.2808e-02 -5.0462e-02 -2.9253e-02 -9.7517e-03 2.1415e-03 -6.7375e-03 -2.9253e-02 2.7852e-02 2.2624e-02 -1.0333e-02 3.5153e-02 -8.6540e-03 2.2624e-02 -1.6813e-03 -3.6122e-03 -1.5854e-03 -4.0567e-02 -3.6122e-03 -1.0605e-02 -1.5854e-03 -2.5986e-03 2.5956e-02 4.5503e-03 2.7690e-02 2.2313e-02 -1.7548e-04 4.9407e-03 2.9676e-02 2.9676e-02 2.4550e-03 1.7330e-02 3.2699e-02 -9.0181e-03 3.0686e-02 1.3534e-02 -2.4456e-02 -1.2869e-02 -1.2031e-02 -2.5567e-02 2.5354e-02 2.3936e-02 -8.8879e-03 7.8872e-03
-3.6434e-01 1.0000e+00 9.9130e-01 -3.6839e-01 9.8699e-01 7.5887e-01 3.8532e-01 -3.6839e-01 9.9130e-01 -1.1357e-02 -1.1357e-02 -2.2054e-02 2.5440e-02 -1.1357e-02 -1.1357e-02 -1.5156e-02 -1.1357e-02 2.8804e-03 1.3704e-03 2.4380e-02 2.4380e-02 2.5944e-02 2.5944e-02 2.5944e-02 2.4380e-02 -1.6958e-02 -2.2689e-02 -2.5929e-03 7.2184e-03 1.5840e-03 -2.2689e-02 2.5440e-02 2.9861e-02 1.0726e-02 2.4690e-02 -2.9597e-02 2.9861e-02 -1.6485e-02 -1.6289e-02 -2.1762e-02 -1.4039e-03 -1.6289e-02 -3.3641e-02 -2.1762e-02 -2.3229e-02 -4.7050e-03 -5.8523e-02 -6.6724e-02 -5.5774e-02 1.5856e-02 5.9025e-03 -1.1139e-02 -1.1139e-02 -5.1360e-04 -1.8823e-02 -6.5339e-03 -1.8340e-02 -3.7336e-02 -7.2210e-04 -3.1859e-03 -7.0643e-04 -7.7526e-03 -1.3783e-04 -1.8237e-02 -5.2153e-02 1.3842e-03 -9.7296e-03
-3.6760e-01 9.9130e-01 1.0000e+00 -3.7163e-01 9.9566e-01 7.6661e-01 3.8870e-01 -3.7163e-01 1.0000e+00 -9.8928e-03 -9.8928e-03 -2.1147e-02 1.9464e-02 -9.8928e-03 -9.8928e-03 -1.4753e-02 -9.8928e-03 5.2297e-03 3.7051e-03 1.8472e-02 1.8472e-02 2.0045e-02 2.0045e-02 2.0045e-02 1.8472e-02 -1.8586e-02 -1.8582e-02 -1.1015e-03 9.5563e-03 3.0890e-03 -1.8582e-02 1.9464e-02 2.3874e-02 1.2834e-02 2.6937e-02 -2.2839e-02 2.3874e-02 -9.1011e-03 -8.8610e-03 -1.4289e-02 -8.7392e-04 -8.8610e-03 -2.6830e-02 -1.4289e-02 -1.5768e-02 -2.6712e-03 -5.3340e-02 -6.1122e-02 -5.0329e-02 2.1358e-02 1.1237e-02 -4.7318e-03 -4.7318e-03 -6.6072e-03 -2.4305e-02 -6.0193e-03 -2.0117e-02 -3.8455e-02 -5.3809e-04 -9.2192e-03 -6.5350e-03 -1.3814e-02 -6.4608e-03 -2.3565e-02 -5.2851e-02 2.8895e-04 -8.5212e-03
9.9694e-01 -3.6839e-01 -3.7163e-01 1.0000e+00 -3.7325e-01 -2.8848e-01 -9.5608e-01 1.0000e+00 -3.7163e-01 1.3013e-02 1.3013e-02 1.6610e-02 8.7057e-03 1.3013e-02 1.3013e-02 -1.4564e-03 1.3013e-02 1.9432e-02 1.3243e-02 1.9327e-02 1.9327e-02 2.0409e-02 2.0409e-02 2.0409e-02 1.9327e-02 -5.0057e-02 -2.6800e-02 -1.0210e-02 4.0150e-03 -7.1979e-03 -2.6800e-02 2.4420e-02 1.9182e-02 -8.4334e-03 3.4531e-02 -5.5885e-03 1.9182e-02 1.1196e-03 -8.3167e-04 1.1875e-03 -3.9314e-02 -8.3167e-04 -7.5621e-03 1.1875e-03 1.7817e-04 2.5403e-02 8.6508e-03 3.1534e-02 2.6238e-02 3.5373e-03 8.7971e-03 3.2958e-02 3.2958e-02 -9.1779e-04 1.3639e-02 3.0134e-02 -1.2368e-02 2.7122e-02 1.1032e-02 -2.7908e-02 -1.6423e-02 -1.5437e-02 -2.8869e-02 2.1572e-02 2.4227e-02 -8.5800e-03 2.8597e-03
-3.6923e-01 9.8699e-01 9.9566e-01 -3.7325e-01 1.0000e+00 7.7290e-01 3.9039e-01 -3.7325e-01 9.9566e-01 -2.1588e-02 -2.1588e-02 -2.4876e-02 1.6488e-02 -2.1588e-02 -2.1588e-02 -1.7017e-02 -2.1588e-02 2.0789e-03 5.4947e-04 1.5531e-02 1.5531e-02 1.7108e-02 1.7108e-02 1.7108e-02 1.5531e-02 -1.9397e-02 -2.2774e-02 -1.2388e-02 6.3999e-03 -8.0071e-03 -2.2774e-02 1.6488e-02 2.0893e-02 9.5916e-03 1.9993e-02 -2.3733e-02 2.0893e-02 -9.6143e-03 -9.3491e-03 -1.4754e-02 -3.1044e-03 -9.3491e-03 -2.7692e-02 -1.4754e-02 -1.6239e-02 -1.0725e-02 -5.0760e-02 -5.8333e-02 -4.7619e-02 2.4099e-02 9.3236e-03 -5.8473e-03 -5.8473e-03 -5.2807e-03 -2.7035e-02 -9.9283e-03 -2.3175e-02 -4.1246e-02 -4.6051e-03 -1.2224e-02 -9.4380e-03 -1.6833e-02 -9.6102e-03 -2.6219e-02 -5.3200e-02 -2.5652e-04 -5.2902e-03
-2.8937e-01 7.5887e-01 7.6661e-01 -2.8848e-01 7.7290e-01 1.0000e+00 3.0174e-01 -2.8848e-01 7.6661e-01 -3.9298e-02 -3.9298e-02 -5.2986e-02 9.3944e-03 -3.9298e-02 -3.9298e-02 -1.3337e-02 -3.9298e-02 -2.9851e-02 -3.1015e-02 5.6656e-03 5.6656e-03 6.8801e-03 6.8801e-03 6.8801e-03 5.6656e-03 -1.9288e-02 -4.4867e-02 -3.1468e-02 -2.5057e-02 -2.7749e-02 -4.4867e-02 4.5077e-03 -3.7888e-04 -2.4692e-02 1.5654e-02 -4.1145e-03 -3.7888e-04 1.6130e-02 1.4908e-02 1.2547e-02 1.4019e-02 1.4908e-02 -5.3380e-03 1.2547e-02 1.1405e-02 -1.2020e-02 -6.6107e-02 -7.0804e-02 -5.8603e-02 8.7469e-04 -5.3365e-02 -6.8294e-02 -6.8294e-02 3.1315e-02 1.5371e-02 2.9555e-02 2.4064e-02 -9.3433e-03 2.6354e-02 4.5888e-02 4.6150e-02 3.7371e-02 3.0074e-02 1.0274e-02 -3.4065e-02 1.4479e-02 -1.7921e-02
-9.5304e-01 3.8532e-01 3.8870e-01 -9.5608e-01 3.9039e-01 3.0174e-01 1.0000e+00 -9.5608e-01 3.8870e-01 -4.5077e-03 -4.5077e-03 -1.7444e-02 1.8516e-03 -4.5077e-03 -4.5077e-03 -7.2933e-03 -4.5077e-03 -1.6643e-02 -1.0540e-02 -8.8398e-03 -8.8398e-03 -9.9626e-03 -9.9626e-03 -9.9626e-03 -8.8398e-03 3.1071e-02 1.4569e-02 1.7443e-02 -1.6225e-03 1.4190e-02 1.4569e-02 -1.3459e-02 -8.3552e-03 6.4072e-03 -2.4986e-02 -3.8065e-03 -8.3552e-03 -3.8131e-03 -2.1270e-03 -4.2376e-03 2.3013e-02 -2.1270e-03 -2.0918e-03 -4.2376e-03 -3.1825e-03 -2.3017e-02 -1.3930e-02 -3.3214e-02 -3.2605e-02 -6.6177e-03 -1.5900e-02 -3.9828e-02 -3.9828e-02 7.1285e-03 -1.0193e-02 -1.9453e-02 1.3676e-02 -2.2436e-02 -4.3109e-03 2.8072e-02 1.5670e-02 2.1204e-02 3.0563e-02 -1.3546e-02 -4.4265e-02 1.3097e-02 -9.4430e-03
9.9694e-01 -3.6839e-01 -3.7163e-01 1.0000e+00 -3.7325e-01 -2.8848e-01 -9.5608e-01 1.0000e+00 -3.7163e-01 1.3013e-02 1.3013e-02 1.6610e-02 8.7057e-03 1.3013e-02 1.3013e-02 -1.4564e-03 1.3013e-02 1.9432e-02 1.3243e-02 1.9327e-02 1.9327e-02 2.0409e-02 2.0409e-02 2.0409e-02 1.9327e-02 -5.0057e-02 -2.6800e-02 -1.0210e-02 4.0150e-03 -7.1979e-03 -2.6800e-02 2.4420e-02 1.9182e-02 -8.4334e-03 3.4531e-02 -5.5885e-03 1.9182e-02 1.1196e-03 -8.3167e-04 1.1875e-03 -3.9314e-02 -8.3167e-04 -7.5621e-03 1.1875e-03 1.7817e-04 2.5403e-02 8.6508e-03 3.1534e-02 2.6238e-02 3.5373e-03 8.7971e-03 3.2958e-02 3.2958e-02 -9.1779e-04 1.3639e-02 3.0134e-02 -1.2368e-02 2.7122e-02 1.1032e-02 -2.7908e-02 -1.6423e-02 -1.5437e-02 -2.8869e-02 2.1572e-02 2.4227e-02 -8.5800e-03 2.8597e-03
-3.6760e-01 9.9130e-01 1.0000e+00 -3.7163e-01 9.9566e-01 7.6661e-01 3.8870e-01 -3.7163e-01 1.0000e+00 -9.8928e-03 -9.8928e-03 -2.1147e-02 1.9464e-02 -9.8928e-03 -9.8928e-03 -1.4753e-02 -9.8928e-03 5.2297e-03 3.7051e-03 1.8472e-02 1.8472e-02 2.0045e-02 2.0045e-02 2.0045e-02 1.8472e-02 -1.8586e-02 -1.8582e-02 -1.1015e-03 9.5563e-03 3.0890e-03 -1.8582e-02 1.9464e-02 2.3874e-02 1.2834e-02 2.6937e-02 -2.2839e-02 2.3874e-02 -9.1011e-03 -8.8610e-03 -1.4289e-02 -8.7392e-04 -8.8610e-03 -2.6830e-02 -1.4289e-02 -1.5768e-02 -2.6712e-03 -5.3340e-02 -6.1122e-02 -5.0329e-02 2.1358e-02 1.1237e-02 -4.7318e-03 -4.7318e-03 -6.6072e-03 -2.4305e-02 -6.0193e-03 -2.0117e-02 -3.8455e-02 -5.3809e-04 -9.2192e-03 -6.5350e-03 -1.3814e-02 -6.4608e-03 -2.3565e-02 -5.2851e-02 2.8895e-04 -8.5212e-03
1.3415e-02 -1.1357e-02 -9.8928e-03 1.3013e-02 -2.1588e-02 -3.9298e-02 -4.5077e-03 1.3013e-02 -9.8928e-03 1.0000e+00 1.0000e+00 1.5562e-01 1.2228e-01 1.0000e+00 1.0000e+00 9.4589e-02 1.0000e+00 1.3029e-01 1.3057e-01 1.2092e-01 1.2092e-01 1.2065e-01 1.2065e-01 1.2065e-01 1.2092e-01 3.4600e-02 1.7470e-01 9.6621e-01 1.3029e-01 9.5051e-01 1.7470e-01 1.2228e-01 1.2228e-01 1.3367e-01 6.2052e-01 2.1472e-01 1.2228e-01 1.9540e-01 1.9422e-01 1.9344e-01 9.2474e-02 1.9422e-01 2.1339e-01 1.9344e-01 1.9383e-01 7.0961e-01 2.7175e-01 2.5131e-01 2.5760e-01 2.4588e-01 2.4199e-01 2.0031e-01 2.0031e-01 -1.9796e-01 -2.2069e-01 -1.5908e-01 -1.9505e-01 -2.1399e-01 -1.5233e-01 -1.9993e-01 -2.0810e-01 -1.9845e-01 -1.8985e-01 -2.2772e-01 1.7263e-02 2.2588e-02 9.3370e-03
1.3415e-02 -1.1357e-02 -9.8928e-03 1.3013e-02 -2.1588e-02 -3.9298e-02 -4.5077e-03 1.3013e-02 -9.8928e-03 1.0000e+00 1.0000e+00 1.5562e-01 1.2228e-01 1.0000e+00 1.0000e+00 9.4589e-02 1.0000e+00 1.3029e-01 1.3057e-01 1.2092e-01 1.2092e-01 1.2065e-01 1.2065e-01 1.2065e-01 1.2092e-01 3.4600e-02 1.7470e-01 9.6621e-01 1.3029e-01 9.5051e-01 1.7470e-01 1.2228e-01 1.2228e-01 1.3367e-01 6.2052e-01 2.1472e-01 1.2228e-01 1.9540e-01 1.9422e-01 1.9344e-01 9.2474e-02 1.9422e-01 2.1339e-01 1.9344e-01 1.9383e-01 7.0961e-01 2.7175e-01 2.5131e-01 2.5760e-01 2.4588e-01 2.4199e-01 2.0031e-01 2.0031e-01 -1.9796e-01 -2.2069e-01 -1.5908e-01 -1.9505e-01 -2.1399e-01 -1.5233e-01 -1.9993e-01 -2.0810e-01 -1.9845e-01 -1.8985e-01 -2.2772e-01 1.7263e-02 2.2588e-02 9.3370e-03
1.4351e-02 -2.2054e-02 -2.1147e-02 1.6610e-02 -2.4876e-02 -5.2986e-02 -1.7444e-02 1.6610e-02 -2.1147e-02 1.5562e-01 1.5562e-01 1.0000e+00 -6.4109e-01 1.5562e-01 1.5562e-01 5.9834e-01 1.5562e-01 8.0398e-01 8.0580e-01 -6.3395e-01 -6.3395e-01 -6.3252e-01 -6.3252e-01 -6.3252e-01 -6.3395e-01 2.1198e-01 8.6680e-01 1.6106e-01 7.8737e-01 1.5234e-01 8.5481e-01 -6.1145e-01 -5.9875e-01 7.2688e-01 5.6979e-02 5.8146e-01 -5.9451e-01 6.4332e-01 6.4425e-01 6.4353e-01 5.6545e-01 6.4425e-01 5.7801e-01 6.4353e-01 6.4188e-01 1.0120e-02 3.9219e-01 4.3155e-01 4.1162e-01 2.2454e-01 1.4982e-01 2.2412e-01 2.2412e-01 -1.8325e-01 -1.1440e-01 -6.0894e-03 -1.7292e-01 -9.7733e-02 -3.6210e-02 -1.7619e-01 -1.6468e-01 -1.6890e-01 -2.2132e-01 -1.1838e-01 5.0500e-02 -4.0903e-02 -2.3327e-02
1.2167e-02 2.5440e-02 1.9464e-02 8.7057e-03 1.6488e-02 9.3944e-03 1.8516e-03 8.7057e-03 1.9464e-02 1.2228e-01 1.2228e-01 -6.4109e-01 1.0000e+00 1.2228e-01 1.2228e-01 -3.8966e-01 1.2228e-01 -5.1922e-01 -5.1163e-01 9.7991e-01 9.7991e-01 9.7768e-01 9.7768e-01 9.7768e-01 9.7991e-01 -1.4253e-01 -6.9020e-01 1.0218e-01 -5.0608e-01 1.0464e-01 -6.8599e-01 9.5092e-01 9.3307e-01 -5.1585e-01 1.6438e-01 -8.2847e-01 9.2414e-01 -7.4979e-01 -7.4497e-01 -7.4177e-01 -3.6579e-01 -7.4497e-01 -8.1873e-01 -7.4177e-01 -7.3913e-01 1.4476e-01 -5.1813e-01 -4.8110e-01 -4.5033e-01 -2.0767e-01 -1.5056e-01 -1.2383e-01 -1.2383e-01 1.4767e-01 1.1343e-01 2.3195e-03 1.1624e-01 1.7095e-01 -2.0287e-02 6.0958e-02 9.0177e-02 1.2714e-01 1.0811e-01 1.9800e-01 -4.9887e-02 4.9864e-03 -7.0489e-03
1.3415e-02 -1.1357e-02 -9.8928e-03 1.3013e-02 -2.1588e-02 -3.9298e-02 -4.5077e-03 1.3013e-02 -9.8928e-03 1.0000e+00 1.0000e+00 1.5562e-01 1.2228e-01 1.0000e+00 1.0000e+00 9.4589e-02 1.0000e+00 1.3029e-01 1.3057e-01 1.2092e-01 1.2092e-01 1.2065e-01 1.2065e-01 1.2065e-01 1.2092e-01 3.4600e-02 1.7470e-01 9.6621e-01 1.3029e-01 9.5051e-01 1.7470e-01 1.2228e-01 1.2228e-01 1.3367e-01 6.2052e-01 2.1472e-01 1.2228e-01 1.9540e-01 1.9422e-01 1.9344e-01 9.2474e-02 1.9422e-01 2.1339e-01 1.9344e-01 1.9383e-01 7.0961e-01 2.7175e-01 2.5131e-01 2.5760e-01 2.4588e-01 2.4199e-01 2.0031e-01 2.0031e-01 -1.9796e-01 -2.2069e-01 -1.5908e-01 -1.9505e-01 -2.1399e-01 -1.5233e-01 -1.9993e-01 -2.0810e-01 -1.9845e-01 -1.8985e-01 -2.2772e-01 1.7263e-02 2.2588e-02 9.3370e-03
1.3415e-02 -1.1357e-02 -9.8928e-03 1.3013e-02 -2.1588e-02 -3.9298e-02 -4.5077e-03 1.3013e-02 -9.8928e-03 1.0000e+00 1.0000e+00 1.5562e-01 1.2228e-01 1.0000e+00 1.0000e+00 9.4589e-02 1.0000e+00 1.3029e-01 1.3057e-01 1.2092e-01 1.2092e-01 1.2065e-01 1.2065e-01 1.2065e-01 1.2092e-01 3.4600e-02 1.7470e-01 9.6621e-01 1.3029e-01 9.5051e-01 1.7470e-01 1.2228e-01 1.2228e-01 1.3367e-01 6.2052e-01 2.1472e-01 1.2228e-01 1.9540e-01 1.9422e-01 1.9344e-01 9.2474e-02 1.9422e-01 2.1339e-01 1.9344e-01 1.9383e-01 7.0961e-01 2.7175e-01 2.5131e-01 2.5760e-01 2.4588e-01 2.4199e-01 2.0031e-01 2.0031e-01 -1.9796e-01 -2.2069e-01 -1.5908e-01 -1.9505e-01 -2.1399e-01 -1.5233e-01 -1.9993e-01 -2.0810e-01 -1.9845e-01 -1.8985e-01 -2.2772e-01 1.7263e-02 2.2588e-02 9.3370e-03
-2.8086e-03 -1.5156e-02 -1.4753e-02 -1.4564e-03 -1.7017e-02 -1.3337e-02 -7.2933e-03 -1.4564e-03 -1.4753e-02 9.4589e-02 9.4589e-02 5.9834e-01 -3.8966e-01 9.4589e-02 9.4589e-02 1.0000e+00 9.4589e-02 7.1621e-01 7.1466e-01 -3.8533e-01 -3.8533e-01 -3.8446e-01 -3.8446e-01 -3.8446e-01 -3.8533e-01 3.5358e-01 5.1315e-01 9.7896e-02 6.9662e-01 9.9514e-02 5.1315e-01 -3.6969e-01 -3.6470e-01 6.5414e-01 1.3415e-01 4.0672e-01 -3.6470e-01 4.4132e-01 4.3954e-01 4.3679e-01 9.2674e-01 4.3954e-01 3.9989e-01 4.3679e-01 4.3579e-01 1.1274e-01 2.9442e-01 3.1668e-01 3.0779e-01 2.8894e-01 2.9580e-01 2.9852e-01 2.9852e-01 -2.9314e-01 -2.5223e-01 -3.8029e-01 -3.0378e-01 -2.6367e-01 -3.8159e-01 -2.7447e-01 -2.6410e-01 -2.7240e-01 -3.0934e-01 -2.6142e-01 6.3748e-02 -1.7136e-02 -4.2703e-02
1.3415e-02 -1.1357e-02 -9.8928e-03 1.3013e-02 -2.1588e-02 -3.9298e-02 -4.5077e-03 1.3013e-02 -9.8928e-03 1.0000e+00 1.0000e+00 1.5562e-01 1.2228e-01 1.0000e+00 1.0000e+00 9.4589e-02 1.0000e+00 1.3029e-01 1.3057e-01 1.2092e-01 1.2092e-01 1.2065e-01 1.2065e-01 1.2065e-01 1.2092e-01 3.4600e-02 1.7470e-01 9.6621e-01 1.3029e-01 9.5051e-01 1.7470e-01 1.2228e-01 1.2228e-01 1.3367e-01 6.2052e-01 2.1472e-01 1.2228e-01 1.9540e-01 1.9422e-01 1.9344e-01 9.2474e-02 1.9422e-01 2.1339e-01 1.9344e-01 1.9383e-01 7.0961e-01 2.7175e-01 2.5131e-01 2.5760e-01 2.4588e-01 2.4199e-01 2.0031e-01 2.0031e-01 -1.9796e-01 -2.2069e-01 -1.5908e-01 -1.9505e-01 -2.1399e-01 -1.5233e-01 -1.9993e-01 -2.0810e-01 -1.9845e-01 -1.8985e-01 -2.2772e-01 1.7263e-02 2.2588e-02 9.3370e-03
1.7530e-02 2.8804e-03 5.2297e-03 1.9432e-02 2.0789e-03 -2.9851e-02 -1.6643e-02 1.9432e-02 5.2297e-03 1.3029e-01 1.3029e-01 8.0398e-01 -5.1922e-01 1.3029e-01 1.3029e-01 7.1621e-01 1.3029e-01 1.0000e+00 9.8927e-01 -5.3075e-01 -5.3075e-01 -5.2956e-01 -5.2956e-01 -5.2956e-01 -5.3075e-01 2.5486e-01 7.2924e-01 1.3484e-01 9.7853e-01 1.3707e-01 7.2511e-01 -5.1484e-01 -5.0170e-01 9.1074e-01 1.9393e-01 5.6444e-01 -5.0170e-01 6.1678e-01 6.1670e-01 6.1112e-01 6.8001e-01 6.1670e-01 5.5984e-01 6.1112e-01 6.0975e-01 1.6558e-01 4.1486e-01 4.4327e-01 4.2197e-01 3.9154e-01 4.0417e-01 4.2090e-01 4.2090e-01 -4.0186e-01 -3.5440e-01 -1.3697e-01 -3.7087e-01 -3.1685e-01 -1.6533e-01 -3.8357e-01 -3.8004e-01 -3.7452e-01 -4.1990e-01 -3.5225e-01 7.0019e-02 -3.5025e-02 -1.0163e-02
1.1349e-02 1.3704e-03 3.7051e-03 1.3243e-02 5.4947e-04 -3.1015e-02 -1.0540e-02 1.3243e-02 3.7051e-03 1.3057e-01 1.3057e-01 8.0580e-01 -5.1163e-01 1.3057e-01 1.3057e-01 7.1466e-01 1.3057e-01 9.8927e-01 1.0000e+00 -5.2750e-01 -5.2750e-01 -5.3069e-01 -5.3069e-01 -5.3069e-01 -5.2750e-01 2.5430e-01 7.2672e-01 1.3513e-01 9.7639e-01 1.3737e-01 7.2259e-01 -5.1600e-01 -5.0288e-01 9.0860e-01 1.9439e-01 5.6154e-01 -5.0288e-01 6.1408e-01 6.1401e-01 6.1260e-01 6.8347e-01 6.1401e-01 5.6119e-01 6.1260e-01 6.1123e-01 1.6599e-01 4.1120e-01 4.4436e-01 4.2304e-01 3.9717e-01 3.9618e-01 4.1796e-01 4.1796e-01 -3.9447e-01 -3.5109e-01 -1.4297e-01 -3.7218e-01 -3.1808e-01 -1.7138e-01 -3.8485e-01 -3.8127e-01 -3.7581e-01 -4.2123e-01 -3.5338e-01 6.9771e-02 -3.5275e-02 -1.1169e-02
2.2808e-02 2.4380e-02 1.8472e-02 1.9327e-02 1.5531e-02 5.6656e-03 -8.8398e-03 1.9327e-02 1.8472e-02 1.2092e-01 1.2092e-01 -6.3395e-01 9.7991e-01 1.2092e-01 1.2092e-01 -3.8533e-01 1.2092e-01 -5.3075e-01 -5.2750e-01 1.0000e+00 1.0000e+00 9.9775e-01 9.9775e-01 9.9775e-01 1.0000e+00 -1.4095e-01 -7.0745e-01 1.0068e-01 -5.2636e-01 1.0312e-01 -7.0322e-01 9.7095e-01 9.5303e-01 -5.3578e-01 1.6206e-01 -8.4873e-01 9.4408e-01 -7.7045e-01 -7.6566e-01 -7.6249e-01 -3.6656e-01 -7.6566e-01 -8.3899e-01 -7.6249e-01 -7.5981e-01 1.4274e-01 -5.3124e-01 -4.9442e-01 -4.6341e-01 -2.2007e-01 -1.5792e-01 -1.3239e-01 -1.3239e-01 1.5596e-01 1.2546e-01 -4.2102e-04 1.2894e-01 1.8335e-01 -2.2709e-02 7.3304e-02 1.0242e-01 1.3977e-01 1.2093e-01 2.1021e-01 -4.9016e-02 6.3909e-03 -1.2588e-02
2.2808e-02 2.4380e-02 1.8472e-02 1.9327e-02 1.5531e-02 5.6656e-03 -8.8398e-03 1.9327e-02 1.8472e-02 1.2092e-01 1.2092e-01 -6.3395e-01 9.7991e-01 1.2092e-01 1.2092e-01 -3.8533e-01 1.2092e-01 -5.3075e-01 -5.2750e-01 1.0000e+00 1.0000e+00 9.9775e-01 9.9775e-01 9.9775e-01 1.0000e+00 -1.4095e-01 -7.0745e-01 1.0068e-01 -5.2636e-01 1.0312e-01 -7.0322e-01 9.7095e-01 9.5303e-01 -5.3578e-01 1.6206e-01 -8.4873e-01 9.4408e-01 -7.7045e-01 -7.6566e-01 -7.6249e-01 -3.6656e-01 -7.6566e-01 -8.3899e-01 -7.6249e-01 -7.5981e-01 1.4274e-01 -5.3124e-01 -4.9442e-01 -4.6341e-01 -2.2007e-01 -1.5792e-01 -1.3239e-01 -1.3239e-01 1.5596e-01 1.2546e-01 -4.2102e-04 1.2894e-01 1.8335e-01 -2.2709e-02 7.3304e-02 1.0242e-01 1.3977e-01 1.2093e-01 2.1021e-01 -4.9016e-02 6.3909e-03 -1.2588e-02
2.3896e-02 2.5944e-02 2.0045e-02 2.0409e-02 1.7108e-02 6.8801e-03 -9.9626e-03 2.0409e-02 2.0045e-02 1.2065e-01 1.2065e-01 -6.3252e-01 9.7768e-01 1.2065e-01 1.2065e-01 -3.8446e-01 1.2065e-01 -5.2956e-01 -5.3069e-01 9.9775e-01 9.9775e-01 1.0000e+00 1.0000e+00 1.0000e+00 9.9775e-01 -1.4063e-01 -7.1008e-01 1.0038e-01 -5.2956e-01 1.0282e-01 -7.0585e-01 9.7320e-01 9.5527e-01 -5.3455e-01 1.6160e-01 -8.4674e-01 9.4630e-01 -7.6864e-01 -7.6386e-01 -7.6070e-01 -3.6571e-01 -7.6386e-01 -8.4134e-01 -7.6070e-01 -7.5802e-01 1.4234e-01 -5.2815e-01 -4.9155e-01 -4.6044e-01 -2.1706e-01 -1.5475e-01 -1.2973e-01 -1.2973e-01 1.5319e-01 1.2237e-01 -2.6671e-03 1.2618e-01 1.8039e-01 -2.4888e-02 7.0445e-02 9.9474e-02 1.3699e-01 1.1824e-01 2.0710e-01 -4.8841e-02 6.6732e-03 -1.1560e-02
2.3896e-02 2.5944e-02 2.0045e-02 2.0409e-02 1.7108e-02 6.8801e-03 -9.9626e-03 2.0409e-02 2.0045e-02 1.2065e-01 1.2065e-01 -6.3252e-01 9.7768e-01 1.2065e-01 1.2065e-01 -3.8446e-01 1.2065e-01 -5.2956e-01 -5.3069e-01 9.9775e-01 9.9775e-01 1.0000e+00 1.0000e+00 1.0000e+00 9.9775e-01 -1.4063e-01 -7.1008e-01 1.0038e-01 -5.2956e-01 1.0282e-01 -7.0585e-01 9.7320e-01 9.5527e-01 -5.3455e-01 1.6160e-01 -8.4674e-01 9.4630e-01 -7.6864e-01 -7.6386e-01 -7.6070e-01 -3.6571e-01 -7.6386e-01 -8.4134e-01 -7.6070e-01 -7.5802e-01 1.4234e-01 -5.2815e-01 -4.9155e-01 -4.6044e-01 -2.1706e-01 -1.5475e-01 -1.2973e-01 -1.2973e-01 1.5319e-01 1.2237e-01 -2.6671e-03 1.2618e-01 1.8039e-01 -2.4888e-02 7.0445e-02 9.9474e-02 1.3699e-01 1.1824e-01 2.0710e-01 -4.8841e-02 6.6732e-03 -1.1560e-02
2.3896e-02 2.5944e-02 2.0045e-02 2.0409e-02 1.7108e-02 6.8801e-03 -9.9626e-03 2.0409e-02 2.0045e-02 1.2065e-01 1.2065e-01 -6.3252e-01 9.7768e-01 1.2065e-01 1.2065e-01 -3.8446e-01 1.2065e-01 -5.2956e-01 -5.3069e-01 9.9775e-01 9.9775e-01 1.0000e+00 1.0000e+00 1.0000e+00 9.9775e-01 -1.4063e-01 -7.1008e-01 1.0038e-01 -5.2956e-01 1.0282e-01 -7.0585e-01 9.7320e-01 9.5527e-01 -5.3455e-01 1.6160e-01 -8.4674e-01 9.4630e-01 -7.6864e-01 -7.6386e-01 -7.6070e-01 -3.6571e-01 -7.6386e-01 -8.4134e-01 -7.6070e-01 -7.5802e-01 1.4234e-01 -5.2815e-01 -4.9155e-01 -4.6044e-01 -2.1706e-01 -1.5475e-01 -1.2973e-01 -1.2973e-01 1.5319e-01 1.2237e-01 -2.6671e-03 1.2618e-01 1.8039e-01 -2.4888e-02 7.0445e-02 9.9474e-02 1.3699e-01 1.1824e-01 2.0710e-01 -4.8841e-02 6.6732e-03 -1.1560e-02
2.2808e-02 2.4380e-02 1.8472e-02 1.9327e-02 1.5531e-02 5.6656e-03 -8.8398e-03 1.9327e-02 1.8472e-02 1.2092e-01 1.2092e-01 -6.3395e-01 9.7991e-01 1.2092e-01 1.2092e-01 -3.8533e-01 1.2092e-01 -5.3075e-01 -5.2750e-01 1.0000e+00 1.0000e+00 9.9775e-01 9.9775e-01 9.9775e-01 1.0000e+00 -1.4095e-01 -7.0745e-01 1.0068e-01 -5.2636e-01 1.0312e-01 -7.0322e-01 9.7095e-01 9.5303e-01 -5.3578e-01 1.6206e-01 -8.4873e-01 9.4408e-01 -7.7045e-01 -7.6566e-01 -7.6249e-01 -3.6656e-01 -7.6566e-01 -8.3899e-01 -7.6249e-01 -7.5981e-01 1.4274e-01 -5.3124e-01 -4.9442e-01 -4.6341e-01 -2.2007e-01 -1.5792e-01 -1.3239e-01 -1.3239e-01 1.5596e-01 1.2546e-01 -4.2102e-04 1.2894e-01 1.8335e-01 -2.2709e-02 7.3304e-02 1.0242e-01 1.3977e-01 1.2093e-01 2.1021e-01 -4.9016e-02 6.3909e-03 -1.2588e-02
-5.0462e-02 -1.6958e-02 -1.8586e-02 -5.0057e-02 -1.9397e-02 -1.9288e-02 3.1071e-02 -5.0057e-02 -1.8586e-02 3.4600e-02 3.4600e-02 2.1198e-01 -1.4253e-01 3.4600e-02 3.4600e-02 3.5358e-01 3.4600e-02 2.5486e-01 2.5430e-01 -1.4095e-01 -1.4095e-01 -1.4063e-01 -1.4063e-01 -1.4063e-01 -1.4095e-01 1.0000e+00 1.9805e-01 3.5809e-02 2.6556e-01 3.6401e-02 1.9805e-01 -1.4253e-01 -1.3162e-01 2.4822e-01 5.5759e-02 1.5059e-01 -1.3162e-01 1.6669e-01 1.6777e-01 1.6849e-01 3.4944e-01 1.6777e-01 1.5161e-01 1.6849e-01 1.6813e-01 4.8759e-02 1.0969e-01 1.1966e-01 1.1644e-01 1.2255e-01 1.0640e-01 1.1116e-01 1.1116e-01 -1.2540e-01 -9.9886e-02 -1.2728e-01 -9.5136e-02 -1.0399e-01 -1.3467e-01 -9.1563e-02 -8.5834e-02 -9.2635e-02 -9.9067e-02 -9.5769e-02 -2.0123e-02 -2.6330e-02 -7.2422e-02
-2.9253e-02 -2.2689e-02 -1.8582e-02 -2.6800e-02 -2.2774e-02 -4.4867e-02 1.4569e-02 -2.6800e-02 -1.8582e-02 1.7470e-01 1.7470e-01 8.6680e-01 -6.9020e-01 1.7470e-01 1.7470e-01 5.1315e-01 1.7470e-01 7.2924e-01 7.2672e-01 -7.0745e-01 -7.0745e-01 -7.1008e-01 -7.1008e-01 -7.1008e-01 -7.0745e-01 1.9805e-01 1.0000e+00 1.8081e-01 7.4164e-01 1.8380e-01 9.8409e-01 -7.0284e-01 -6.8599e-01 7.5279e-01 -1.1562e-02 6.7512e-01 -6.7757e-01 6.6559e-01 6.6318e-01 6.5892e-01 5.1501e-01 6.6318e-01 6.7227e-01 6.5892e-01 6.5704e-01 4.6739e-02 4.5539e-01 4.0892e-01 3.8636e-01 1.9244e-01 2.0567e-01 2.0836e-01 2.0836e-01 -1.7914e-01 -1.0415e-01 2.8717e-02 -1.3706e-01 -1.3758e-01 6.1955e-02 -9.1663e-02 -7.9568e-02 -1.4792e-01 -1.3854e-01 -1.7042e-01 5.8732e-02 -2.4964e-02 -2.9458e-02
-9.7517e-03 -2.5929e-03 -1.1015e-03 -1.0210e-02 -1.2388e-02 -3.1468e-02 1.7443e-02 -1.0210e-02 -1.1015e-03 9.6621e-01 9.6621e-01 1.6106e-01 1.0218e-01 9.6621e-01 9.6621e-01 9.7896e-02 9.6621e-01 1.3484e-01 1.3513e-01 1.0068e-01 1.0068e-01 1.0038e-01 1.0038e-01 1.0038e-01 1.0068e-01 3.5809e-02 1.8081e-01 1.0000e+00 1.3484e-01 9.8375e-01 1.8081e-01 1.2656e-01 1.2656e-01 1.3834e-01 6.4222e-01 2.2223e-01 1.2656e-01 2.0224e-01 2.0102e-01 2.0021e-01 9.5707e-02 2.0102e-01 2.2085e-01 2.0021e-01 2.0061e-01 7.3442e-01 2.8215e-01 2.6097e-01 2.6748e-01 2.5533e-01 2.5219e-01 2.0895e-01 2.0895e-01 -2.0738e-01 -2.3099e-01 -1.6623e-01 -2.0435e-01 -2.2402e-01 -1.5924e-01 -2.0943e-01 -2.1791e-01 -2.0789e-01 -1.9896e-01 -2.3829e-01 1.7867e-02 2.3378e-02 1.3018e-04
2.1415e-03 7.2184e-03 9.5563e-03 4.0150e-03 6.3999e-03 -2.5057e-02 -1.6225e-03 4.0150e-03 9.5563e-03 1.3029e-01 1.3029e-01 7.8737e-01 -5.0608e-01 1.3029e-01 1.3029e-01 6.9662e-01 1.3029e-01 9.7853e-01 9.7639e-01 -5.2636e-01 -5.2636e-01 -5.2956e-01 -5.2956e-01 -5.2956e-01 -5.2636e-01 2.6556e-01 7.4164e-01 1.3484e-01 1.0000e+00 1.3707e-01 7.4577e-01 -5.3673e-01 -5.2359e-01 9.2780e-01 1.9393e-01 5.8137e-01 -5.2359e-01 6.3344e-01 6.3335e-01 6.2776e-01 6.9489e-01 6.3335e-01 5.8098e-01 6.2776e-01 6.2639e-01 1.6558e-01 4.2886e-01 4.5682e-01 4.3566e-01 3.8706e-01 4.0417e-01 4.2090e-01 4.2090e-01 -4.0186e-01 -3.5440e-01 -1.3697e-01 -3.7087e-01 -3.1685e-01 -1.6533e-01 -3.8357e-01 -3.8004e-01 -3.7452e-01 -4.1990e-01 -3.5225e-01 7.0019e-02 -3.5025e-02 -1.0163e-02
-6.7375e-03 1.5840e-03 3.0890e-03 -7.1979e-03 -8.0071e-03 -2.7749e-02 1.4190e-02 -7.1979e-03 3.0890e-03 9.5051e-01 9.5051e-01 1.5234e-01 1.0464e-01 9.5051e-01 9.5051e-01 9.9514e-02 9.5051e-01 1.3707e-01 1.3737e-01 1.0312e-01 1.0312e-01 1.0282e-01 1.0282e-01 1.0282e-01 1.0312e-01 3.6401e-02 1.8380e-01 9.8375e-01 1.3707e-01 1.0000e+00 1.8380e-01 1.2865e-01 1.2865e-01 1.4062e-01 6.5283e-01 2.2590e-01 1.2865e-01 2.0558e-01 2.0434e-01 2.0352e-01 9.7288e-02 2.0434e-01 2.2450e-01 2.0352e-01 2.0393e-01 7.4656e-01 2.8722e-01 2.6568e-01 2.7230e-01 2.5995e-01 2.5716e-01 2.1316e-01 2.1316e-01 -2.1195e-01 -2.3600e-01 -1.6971e-01 -2.0888e-01 -2.2890e-01 -1.6260e-01 -2.1404e-01 -2.2268e-01 -2.1247e-01 -2.0338e-01 -2.4343e-01 1.8162e-02 2.3764e-02 2.9057e-03
-2.9253e-02 -2.2689e-02 -1.8582e-02 -2.6800e-02 -2.2774e-02 -4.4867e-02 1.4569e-02 -2.6800e-02 -1.8582e-02 1.7470e-01 1.7470e-01 8.5481e-01 -6.8599e-01 1.7470e-01 1.7470e-01 5.1315e-01 1.7470e-01 7.2511e-01 7.2259e-01 -7.0322e-01 -7.0322e-01 -7.0585e-01 -7.0585e-01 -7.0585e-01 -7.0322e-01 1.9805e-01 9.8409e-01 1.8081e-01 7.4577e-01 1.8380e-01 1.0000e+00 -7.1969e-01 -7.0284e-01 7.5690e-01 -1.1562e-02 6.9141e-01 -6.9442e-01 6.7361e-01 6.7119e-01 6.6692e-01 5.1978e-01 6.7119e-01 6.8854e-01 6.6692e-01 6.6505e-01 4.6739e-02 4.6886e-01 4.1327e-01 3.9075e-01 1.9675e-01 2.1442e-01 2.1659e-01 2.1659e-01 -1.8331e-01 -1.0846e-01 2.4733e-02 -1.4537e-01 -1.4612e-01 6.1955e-02 -9.5846e-02 -8.3799e-02 -1.6044e-01 -1.4267e-01 -1.7915e-01 5.8732e-02 -2.4964e-02 -2.9458e-02
2.7852e-02 2.5440e-02 1.9464e-02 2.4420e-02 1.6488e-02 4.5077e-03 -1.3459e-02 2.4420e-02 1.9464e-02 1.2228e-01 1.2228e-01 -6.1145e-01 9.5092e-01 1.2228e-01 1.2228e-01 -3.6969e-01 1.2228e-01 -5.1484e-01 -5.1600e-01 9.7095e-01 9.7095e-01 9.7320e-01 9.7320e-01 9.7320e-01 9.7095e-01 -1.4253e-01 -7.0284e-01 1.2656e-01 -5.3673e-01 1.2865e-01 -7.1969e-01 1.0000e+00 9.8215e-01 -5.4194e-01 1.8072e-01 -8.6299e-01 9.7323e-01 -7.8375e-01 -7.7891e-01 -7.7570e-01 -3.7084e-01 -7.7891e-01 -8.5751e-01 -7.7570e-01 -7.7306e-01 1.6313e-01 -5.4192e-01 -5.0412e-01 -4.7357e-01 -2.0767e-01 -1.5056e-01 -1.2383e-01 -1.2383e-01 1.4767e-01 1.1800e-01 -1.4559e-02 1.2064e-01 1.7547e-01 -3.7139e-02 6.5389e-02 9.4659e-02 1.3598e-01 1.1248e-01 2.0263e-01 -4.9887e-02 4.9864e-03 -2.3032e-02
2.2624e-02 2.9861e-02 2.3874e-02 1.9182e-02 2.0893e-02 -3.7888e-04 -8.3552e-03 1.9182e-02 2.3874e-02 1.2228e-01 1.2228e-01 -5.9875e-01 9.3307e-01 1.2228e-01 1.2228e-01 -3.6470e-01 1.2228e-01 -5.0170e-01 -5.0288e-01 9.5303e-01 9.5303e-01 9.5527e-01 9.5527e-01 9.5527e-01 9.5303e-01 -1.3162e-01 -6.8599e-01 1.2656e-01 -5.2359e-01 1.2865e-01 -7.0284e-01 9.8215e-01 1.0000e+00 -5.5064e-01 1.8889e-01 -8.8025e-01 9.9108e-01 -8.0073e-01 -7.9163e-01 -7.8842e-01 -3.8095e-01 -7.9163e-01 -8.7044e-01 -7.8842e-01 -7.8578e-01 1.6313e-01 -5.5620e-01 -5.1793e-01 -4.8752e-01 -2.1223e-01 -1.5519e-01 -1.2819e-01 -1.2819e-01 1.5650e-01 1.2257e-01 -1.0339e-02 1.2504e-01 1.8451e-01 -3.2926e-02 6.5389e-02 9.4659e-02 1.4040e-01 1.1685e-01 2.1187e-01 -4.9887e-02 4.9864e-03 -2.3032e-02
-1.0333e-02 1.0726e-02 1.2834e-02 -8.4334e-03 9.5916e-03 -2.4692e-02 6.4072e-03 -8.4334e-03 1.2834e-02 1.3367e-01 1.3367e-01 7.2688e-01 -5.1585e-01 1.3367e-01 1.3367e-01 6.5414e-01 1.3367e-01 9.1074e-01 9.0860e-01 -5.3578e-01 -5.3578e-01 -5.3455e-01 -5.3455e-01 -5.3455e-01 -5.3578e-01 2.4822e-01 7.5279e-01 1.3834e-01 9.2780e-01 1.4062e-01 7.5690e-01 -5.4194e-01 -5.5064e-01 1.0000e+00 2.1541e-01 6.2250e-01 -5.5064e-01 6.0129e-01 6.0138e-01 5.9593e-01 6.9183e-01 6.0138e-01 6.1800e-01 5.9593e-01 5.9452e-01 1.8836e-01 4.6408e-01 4.0255e-01 3.8047e-01 4.3204e-01 4.3536e-01 4.6248e-01 4.6248e-01 -3.6985e-01 -3.1497e-01 -1.8393e-01 -4.1241e-01 -3.6242e-01 -1.4316e-01 -3.5140e-01 -3.5108e-01 -4.2018e-01 -3.9747e-01 -3.9734e-01 6.7085e-02 -5.3945e-02 -6.5960e-03
3.5153e-02 2.4690e-02 2.6937e-02 3.4531e-02 1.9993e-02 1.5654e-02 -2.4986e-02 3.4531e-02 2.6937e-02 6.2052e-01 6.2052e-01 5.6979e-02 1.6438e-01 6.2052e-01 6.2052e-01 1.3415e-01 6.2052e-01 1.9393e-01 1.9439e-01 1.6206e-01 1.6206e-01 1.6160e-01 1.6160e-01 1.6160e-01 1.6206e-01 5.5759e-02 -1.1562e-02 6.4222e-01 1.9393e-01 6.5283e-01 -1.1562e-02 1.8072e-01 1.8889e-01 2.1541e-01 1.0000e+00 2.2753e-01 1.8889e-01 1.9830e-01 2.0425e-01 2.0304e-01 1.4902e-01 2.0425e-01 2.3343e-01 2.0304e-01 2.0365e-01 8.7446e-01 3.2888e-01 2.9949e-01 3.0856e-01 3.9192e-01 2.7945e-01 3.1454e-01 3.1454e-01 -2.1747e-01 -2.5064e-01 -2.4837e-01 -3.0988e-01 -2.4092e-01 -2.3750e-01 -3.1772e-01 -3.3083e-01 -3.2344e-01 -3.0953e-01 -2.6076e-01 -1.1051e-02 3.6401e-02 1.9083e-02
-8.6540e-03 -2.9597e-02 -2.2839e-02 -5.5885e-03 -2.3733e-02 -4.1145e-03 -3.8065e-03 -5.5885e-03 -2.2839e-02 2.1472e-01 2.1472e-01 5.8146e-01 -8.2847e-01 2.1472e-01 2.1472e-01 4.0672e-01 2.1472e-01 5.6444e-01 5.6154e-01 -8.4873e-01 -8.4873e-01 -8.4674e-01 -8.4674e-01 -8.4674e-01 -8.4873e-01 1.5059e-01 6.7512e-01 2.2223e-01 5.8137e-01 2.2590e-01 6.9141e-01 -8.6299e-01 -8.8025e-01 6.2250e-01 2.2753e-01 1.0000e+00 -8.8456e-01 9.1003e-01 9.0043e-01 8.9679e-01 4.3066e-01 9.0043e-01 9.8544e-01 8.9679e-01 8.9451e-01 3.0259e-01 7.2995e-01 6.7888e-01 6.5380e-01 3.6631e-01 3.1279e-01 2.5440e-01 2.5440e-01 -2.8426e-01 -2.6675e-01 -8.8742e-02 -2.4763e-01 -3.2214e-01 -6.2364e-02 -1.9321e-01 -2.2695e-01 -2.6903e-01 -2.4046e-01 -3.5783e-01 5.9870e-02 1.0397e-02 3.2825e-02
2.2624e-02 2.9861e-02 2.3874e-02 1.9182e-02 2.0893e-02 -3.7888e-04 -8.3552e-03 1.9182e-02 2.3874e-02 1.2228e-01 1.2228e-01 -5.9451e-01 9.2414e-01 1.2228e-01 1.2228e-01 -3.6470e-01 1.2228e-01 -5.0170e-01 -5.0288e-01 9.4408e-01 9.4408e-01 9.4630e-01 9.4630e-01 9.4630e-01 9.4408e-01 -1.3162e-01 -6.7757e-01 1.2656e-01 -5.2359e-01 1.2865e-01 -6.9442e-01 9.7323e-01 9.9108e-01 -5.5064e-01 1.8889e-01 -8.8456e-01 1.0000e+00 -8.0498e-01 -7.9588e-01 -7.9266e-01 -3.8095e-01 -7.9588e-01 -8.7474e-01 -7.9266e-01 -7.9002e-01 1.7232e-01 -5.6096e-01 -5.2253e-01 -4.9217e-01 -2.0767e-01 -1.5056e-01 -1.2383e-01 -1.2383e-01 1.5209e-01 1.1800e-01 -1.8779e-02 1.2064e-01 1.7999e-01 -4.1352e-02 6.0958e-02 9.0177e-02 1.3598e-01 1.1248e-01 2.0725e-01 -4.9887e-02 4.9864e-03 -2.3032e-02
-1.6813e-03 -1.6485e-02 -9.1011e-03 1.1196e-03 -9.6143e-03 1.6130e-02 -3.8131e-03 1.1196e-03 -9.1011e-03 1.9540e-01 1.9540e-01 6.4332e-01 -7.4979e-01 1.9540e-01 1.9540e-01 4.4132e-01 1.9540e-01 6.1678e-01 6.1408e-01 -7.7045e-01 -7.7045e-01 -7.6864e-01 -7.6864e-01 -7.6864e-01 -7.7045e-01 1.6669e-01 6.6559e-01 2.0224e-01 6.3344e-01 2.0558e-01 6.7361e-01 -7.8375e-01 -8.0073e-01 6.0129e-01 1.9830e-01 9.1003e-01 -8.0498e-01 1.0000e+00 9.8993e-01 9.8593e-01 4.7324e-01 9.8993e-01 8.9523e-01 9.8593e-01 9.8389e-01 2.7537e-01 6.6257e-01 7.1305e-01 6.8642e-01 3.0776e-01 2.5736e-01 1.9217e-01 1.9217e-01 -3.0893e-01 -3.0125e-01 -2.8591e-02 -1.8367e-01 -2.5832e-01 -9.5451e-02 -2.2018e-01 -2.5260e-01 -2.0580e-01 -2.6645e-01 -2.9698e-01 6.8147e-02 6.7689e-03 4.2015e-02
-3.6122e-03 -1.6289e-02 -8.8610e-03 -8.3167e-04 -9.3491e-03 1.4908e-02 -2.1270e-03 -8.3167e-04 -8.8610e-03 1.9422e-01 1.9422e-01 6.4425e-01 -7.4497e-01 1.9422e-01 1.9422e-01 4.3954e-01 1.9422e-01 6.1670e-01 6.1401e-01 -7.6566e-01 -7.6566e-01 -7.6386e-01 -7.6386e-01 -7.6386e-01 -7.6566e-01 1.6777e-01 6.6318e-01 2.0102e-01 6.3335e-01 2.0434e-01 6.7119e-01 -7.7891e-01 -7.9163e-01 6.0138e-01 2.0425e-01 9.0043e-01 -7.9588e-01 9.8993e-01 1.0000e+00 9.9598e-01 4.7612e-01 1.0000e+00 9.0611e-01 9.9598e-01 9.9395e-01 2.7371e-01 6.6750e-01 7.1736e-01 6.9093e-01 3.0787e-01 2.5772e-01 1.9158e-01 1.9158e-01 -3.0851e-01 -3.0138e-01 -2.2911e-02 -1.8327e-01 -2.5833e-01 -8.9503e-02 -2.1987e-01 -2.5247e-01 -2.0547e-01 -2.6585e-01 -2.9728e-01 6.8699e-02 7.5514e-03 4.4929e-02
-1.5854e-03 -2.1762e-02 -1.4289e-02 1.1875e-03 -1.4754e-02 1.2547e-02 -4.2376e-03 1.1875e-03 -1.4289e-02 1.9344e-01 1.9344e-01 6.4353e-01 -7.4177e-01 1.9344e-01 1.9344e-01 4.3679e-01 1.9344e-01 6.1112e-01 6.1260e-01 -7.6249e-01 -7.6249e-01 -7.6070e-01 -7.6070e-01 -7.6070e-01 -7.6249e-01 1.6849e-01 6.5892e-01 2.0021e-01 6.2776e-01 2.0352e-01 6.6692e-01 -7.7570e-01 -7.8842e-01 5.9593e-01 2.0304e-01 8.9679e-01 -7.9266e-01 9.8593e-01 9.9598e-01 1.0000e+00 4.7804e-01 9.9598e-01 9.0654e-01 1.0000e+00 9.9799e-01 2.7260e-01 6.6477e-01 7.1879e-01 6.9248e-01 3.0940e-01 2.5502e-01 1.9257e-01 1.9257e-01 -3.0543e-01 -2.9857e-01 -2.3139e-02 -1.8439e-01 -2.5977e-01 -8.9548e-02 -2.2107e-01 -2.5380e-01 -2.0665e-01 -2.6684e-01 -2.9894e-01 6.9067e-02 8.0727e-03 4.6871e-02
-4.0567e-02 -1.4039e-03 -8.7392e-04 -3.9314e-02 -3.1044e-03 1.4019e-02 2.3013e-02 -3.9314e-02 -8.7392e-04 9.2474e-02 9.2474e-02 5.6545e-01 -3.6579e-01 9.2474e-02 9.2474e-02 9.2674e-01 9.2474e-02 6.8001e-01 6.8347e-01 -3.6656e-01 -3.6656e-01 -3.6571e-01 -3.6571e-01 -3.6571e-01 -3.6656e-01 3.4944e-01 5.1501e-01 9.5707e-02 6.9489e-01 9.7288e-02 5.1978e-01 -3.7084e-01 -3.8095e-01 6.9183e-01 1.4902e-01 4.3066e-01 -3.8095e-01 4.7324e-01 4.7612e-01 4.7804e-01 1.0000e+00 4.7612e-01 4.3336e-01 4.7804e-01 4.7708e-01 1.3032e-01 3.1888e-01 3.3945e-01 3.3106e-01 3.0567e-01 3.0819e-01 3.0243e-01 3.0243e-01 -2.9782e-01 -2.6338e-01 -4.0526e-01 -3.1832e-01 -2.7951e-01 -4.0583e-01 -2.8409e-01 -2.7432e-01 -2.8688e-01 -3.2345e-01 -2.7851e-01 6.6451e-02 -1.4847e-02 -2.7840e-02
-3.6122e-03 -1.6289e-02 -8.8610e-03 -8.3167e-04 -9.3491e-03 1.4908e-02 -2.1270e-03 -8.3167e-04 -8.8610e-03 1.9422e-01 1.9422e-01 6.4425e-01 -7.4497e-01 1.9422e-01 1.9422e-01 4.3954e-01 1.9422e-01 6.1670e-01 6.1401e-01 -7.6566e-01 -7.6566e-01 -7.6386e-01 -7.6386e-01 -7.6386e-01 -7.6566e-01 1.6777e-01 6.6318e-01 2.0102e-01 6.3335e-01 2.0434e-01 6.7119e-01 -7.7891e-01 -7.9163e-01 6.0138e-01 2.0425e-01 9.0043e-01 -7.9588e-01 9.8993e-01 1.0000e+00 9.9598e-01 4.7612e-01 1.0000e+00 9.0611e-01 9.9598e-01 9.9395e-01 2.7371e-01 6.6750e-01 7.1736e-01 6.9093e-01 3.0787e-01 2.5772e-01 1.9158e-01 1.9158e-01 -3.0851e-01 -3.0138e-01 -2.2911e-02 -1.8327e-01 -2.5833e-01 -8.9503e-02 -2.1987e-01 -2.5247e-01 -2.0547e-01 -2.6585e-01 -2.9728e-01 6.8699e-02 7.5514e-03 4.4929e-02
-1.0605e-02 -3.3641e-02 -2.6830e-02 -7.5621e-03 -2.7692e-02 -5.3380e-03 -2.0918e-03 -7.5621e-03 -2.6830e-02 2.1339e-01 2.1339e-01 5.7801e-01 -8.1873e-01 2.1339e-01 2.1339e-01 3.9989e-01 2.1339e-01 5.5984e-01 5.6119e-01 -8.3899e-01 -8.3899e-01 -8.4134e-01 -8.4134e-01 -8.4134e-01 -8.3899e-01 1.5161e-01 6.7227e-01 2.2085e-01 5.8098e-01 2.2450e-01 6.8854e-01 -8.5751e-01 -8.7044e-01 6.1800e-01 2.3343e-01 9.8544e-01 -8.7474e-01 8.9523e-01 9.0611e-01 9.0654e-01 4.3336e-01 9.0611e-01 1.0000e+00 9.0654e-01 9.0428e-01 3.0071e-01 7.2989e-01 6.7845e-01 6.5354e-01 3.6176e-01 3.0846e-01 2.4939e-01 2.4939e-01 -2.7942e-01 -2.6234e-01 -7.8801e-02 -2.4277e-01 -3.1754e-01 -5.2243e-02 -1.8852e-01 -2.2238e-01 -2.6421e-01 -2.3551e-01 -3.5341e-01 6.0401e-02 1.1183e-02 3.5773e-02
-1.5854e-03 -2.1762e-02 -1.4289e-02 1.1875e-03 -1.4754e-02 1.2547e-02 -4.2376e-03 1.1875e-03 -1.4289e-02 1.9344e-01 1.9344e-01 6.4353e-01 -7.4177e-01 1.9344e-01 1.9344e-01 4.3679e-01 1.9344e-01 6.1112e-01 6.1260e-01 -7.6249e-01 -7.6249e-01 -7.6070e-01 -7.6070e-01 -7.6070e-01 -7.6249e-01 1.6849e-01 6.5892e-01 2.0021e-01 6.2776e-01 2.0352e-01 6.6692e-01 -7.7570e-01 -7.8842e-01 5.9593e-01 2.0304e-01 8.9679e-01 -7.9266e-01 9.8593e-01 9.9598e-01 1.0000e+00 4.7804e-01 9.9598e-01 9.0654e-01 1.0000e+00 9.9799e-01 2.7260e-01 6.6477e-01 7.1879e-01 6.9248e-01 3.0940e-01 2.5502e-01 1.9257e-01 1.9257e-01 -3.0543e-01 -2.9857e-01 -2.3139e-02 -1.8439e-01 -2.5977e-01 -8.9548e-02 -2.2107e-01 -2.5380e-01 -2.0665e-01 -2.6684e-01 -2.9894e-01 6.9067e-02 8.0727e-03 4.6871e-02
-2.5986e-03 -2.3229e-02 -1.5768e-02 1.7817e-04 -1.6239e-02 1.1405e-02 -3.1825e-03 1.7817e-04 -1.5768e-02 1.9383e-01 1.9383e-01 6.4188e-01 -7.3913e-01 1.9383e-01 1.9383e-01 4.3579e-01 1.9383e-01 6.0975e-01 6.1123e-01 -7.5981e-01 -7.5981e-01 -7.5802e-01 -7.5802e-01 -7.5802e-01 -7.5981e-01 1.6813e-01 6.5704e-01 2.0061e-01 6.2639e-01 2.0393e-01 6.6505e-01 -7.7306e-01 -7.8578e-01 5.9452e-01 2.0365e-01 8.9451e-01 -7.9002e-01 9.8389e-01 9.9395e-01 9.9799e-01 4.7708e-01 9.9395e-01 9.0428e-01 9.9799e-01 1.0000e+00 2.7315e-01 6.6161e-01 7.1589e-01 6.8949e-01 3.1081e-01 2.5637e-01 1.9415e-01 1.9415e-01 -3.0697e-01 -2.9997e-01 -2.5030e-02 -1.8592e-01 -2.6120e-01 -9.1528e-02 -2.2258e-01 -2.5526e-01 -2.0816e-01 -2.6842e-01 -3.0031e-01 6.8883e-02 7.8121e-03 4.5900e-02
2.5956e-02 -4.7050e-03 -2.6712e-03 2.5403e-02 -1.0725e-02 -1.2020e-02 -2.3017e-02 2.5403e-02 -2.6712e-03 7.0961e-01 7.0961e-01 1.0120e-02 1.4476e-01 7.0961e-01 7.0961e-01 1.1274e-01 7.0961e-01 1.6558e-01 1.6599e-01 1.4274e-01 1.4274e-01 1.4234e-01 1.4234e-01 1.4234e-01 1.4274e-01 4.8759e-02 4.6739e-02 7.3442e-01 1.6558e-01 7.4656e-01 4.6739e-02 1.6313e-01 1.6313e-01 1.8836e-01 8.7446e-01 3.0259e-01 1.7232e-01 2.7537e-01 2.7371e-01 2.7260e-01 1.3032e-01 2.7371e-01 3.0071e-01 2.7260e-01 2.7315e-01 1.0000e+00 3.9208e-01 3.6298e-01 3.7192e-01 3.4585e-01 3.4923e-01 2.8104e-01 2.8104e-01 -2.8618e-01 -3.1846e-01 -2.2298e-01 -2.7299e-01 -3.0894e-01 -2.1347e-01 -2.7986e-01 -2.9135e-01 -2.8688e-01 -2.7468e-01 -3.2845e-01 2.4328e-02 3.1832e-02 2.0344e-02
4.5503e-03 -5.8523e-02 -5.3340e-02 8.6508e-03 -5.0760e-02 -6.6107e-02 -1.3930e-02 8.6508e-03 -5.3340e-02 2.7175e-01 2.7175e-01 3.9219e-01 -5.1813e-01 2.7175e-01 2.7175e-01 2.9442e-01 2.7175e-01 4.1486e-01 4.1120e-01 -5.3124e-01 -5.3124e-01 -5.2815e-01 -5.2815e-01 -5.2815e-01 -5.3124e-01 1.0969e-01 4.5539e-01 2.8215e-01 4.2886e-01 2.8722e-01 4.6886e-01 -5.4192e-01 -5.5620e-01 4.6408e-01 3.2888e-01 7.2995e-01 -5.6096e-01 6.6257e-01 6.6750e-01 6.6477e-01 3.1888e-01 6.6750e-01 7.2989e-01 6.6477e-01 6.6161e-01 3.9208e-01 1.0000e+00 9.2189e-01 9.0963e-01 4.9841e-01 4.9079e-01 3.7465e-01 3.7465e-01 -3.9650e-01 -4.5631e-01 -2.4084e-01 -3.7804e-01 -4.3609e-01 -2.1315e-01 -3.8844e-01 -4.2299e-01 -3.9802e-01 -3.7116e-01 -4.7240e-01 1.5258e-02 9.5091e-03 5.1941e-02
2.7690e-02 -6.6724e-02 -6.1122e-02 3.1534e-02 -5.8333e-02 -7.0804e-02 -3.3214e-02 3.1534e-02 -6.1122e-02 2.5131e-01 2.5131e-01 4.3155e-01 -4.8110e-01 2.5131e-01 2.5131e-01 3.1668e-01 2.5131e-01 4.4327e-01 4.4436e-01 -4.9442e-01 -4.9442e-01 -4.9155e-01 -4.9155e-01 -4.9155e-01 -4.9442e-01 1.1966e-01 4.0892e-01 2.6097e-01 4.5682e-01 2.6568e-01 4.1327e-01 -5.0412e-01 -5.1793e-01 4.0255e-01 2.9949e-01 6.7888e-01 -5.2253e-01 7.1305e-01 7.1736e-01 7.1879e-01 3.3945e-01 7.1736e-01 6.7845e-01 7.1879e-01 7.1589e-01 3.6298e-01 9.2189e-01 1.0000e+00 9.5711e-01 4.5149e-01 4.5066e-01 3.3788e-01 3.3788e-01 -4.3915e-01 -4.9573e-01 -2.0003e-01 -3.2942e-01 -3.8524e-01 -2.6203e-01 -4.2750e-01 -4.5456e-01 -3.4956e-01 -4.1169e-01 -4.2309e-01 4.3414e-02 1.1730e-03 6.6792e-02
2.2313e-02 -5.5774e-02 -5.0329e-02 2.6238e-02 -4.7619e-02 -5.8603e-02 -3.2605e-02 2.6238e-02 -5.0329e-02 2.5760e-01 2.5760e-01 4.1162e-01 -4.5033e-01 2.5760e-01 2.5760e-01 3.0779e-01 2.5760e-01 4.2197e-01 4.2304e-01 -4.6341e-01 -4.6341e-01 -4.6044e-01 -4.6044e-01 -4.6044e-01 -4.6341e-01 1.1644e-01 3.8636e-01 2.6748e-01 4.3566e-01 2.7230e-01 3.9075e-01 -4.7357e-01 -4.8752e-01 3.8047e-01 3.0856e-01 6.5380e-01 -4.9217e-01 6.8642e-01 6.9093e-01 6.9248e-01 3.3106e-01 6.9093e-01 6.5354e-01 6.9248e-01 6.8949e-01 3.7192e-01 9.0963e-01 9.5711e-01 1.0000e+00 4.7536e-01 4.5961e-01 3.5351e-01 3.5351e-01 -4.5038e-01 -5.1525e-01 -2.3149e-01 -3.5357e-01 -4.0878e-01 -2.8611e-01 -4.4769e-01 -4.7913e-01 -3.7369e-01 -4.3246e-01 -4.4629e-01 4.1648e-02 -1.6925e-03 5.6697e-02
-1.7548e-04 1.5856e-02 2.1358e-02 3.5373e-03 2.4099e-02 8.7469e-04 -6.6177e-03 3.5373e-03 2.1358e-02 2.4588e-01 2.4588e-01 2.2454e-01 -2.0767e-01 2.4588e-01 2.4588e-01 2.8894e-01 2.4588e-01 3.9154e-01 3.9717e-01 -2.2007e-01 -2.2007e-01 -2.1706e-01 -2.1706e-01 -2.1706e-01 -2.2007e-01 1.2255e-01 1.9244e-01 2.5533e-01 3.8706e-01 2.5995e-01 1.9675e-01 -2.0767e-01 -2.1223e-01 4.3204e-01 3.9192e-01 3.6631e-01 -2.0767e-01 3.0776e-01 3.0787e-01 3.0940e-01 3.0567e-01 3.0787e-01 3.6176e-01 3.0940e-01 3.1081e-01 3.4585e-01 4.9841e-01 4.5149e-01 4.7536e-01 1.0000e+00 7.5663e-01 7.8889e-01 7.8889e-01 -7.1064e-01 -7.1715e-01 -6.3341e-01 -7.9867e-01 -7.7131e-01 -5.9865e-01 -7.3172e-01 -6.9859e-01 -8.1655e-01 -7.9170e-01 -8.1842e-01 2.3275e-02 -4.6448e-02 -2.7824e-02
4.9407e-03 5.9025e-03 1.1237e-02 8.7971e-03 9.3236e-03 -5.3365e-02 -1.5900e-02 8.7971e-03 1.1237e-02 2.4199e-01 2.4199e-01 1.4982e-01 -1.5056e-01 2.4199e-01 2.4199e-01 2.9580e-01 2.4199e-01 4.0417e-01 3.9618e-01 -1.5792e-01 -1.5792e-01 -1.5475e-01 -1.5475e-01 -1.5475e-01 -1.5792e-01 1.0640e-01 2.0567e-01 2.5219e-01 4.0417e-01 2.5716e-01 2.1442e-01 -1.5056e-01 -1.5519e-01 4.3536e-01 2.7945e-01 3.1279e-01 -1.5056e-01 2.5736e-01 2.5772e-01 2.5502e-01 3.0819e-01 2.5772e-01 3.0846e-01 2.5502e-01 2.5637e-01 3.4923e-01 4.9079e-01 4.5066e-01 4.5961e-01 7.5663e-01 1.0000e+00 8.2531e-01 8.2531e-01 -8.6405e-01 -8.5354e-01 -5.6389e-01 -7.5221e-01 -8.1414e-01 -5.5186e-01 -7.6600e-01 -7.0366e-01 -7.6501e-01 -7.3265e-01 -8.6571e-01 4.2356e-02 -1.7497e-02 -6.0886e-02
2.9676e-02 -1.1139e-02 -4.7318e-03 3.2958e-02 -5.8473e-03 -6.8294e-02 -3.9828e-02 3.2958e-02 -4.7318e-03 2.0031e-01 2.0031e-01 2.2412e-01 -1.2383e-01 2.0031e-01 2.0031e-01 2.9852e-01 2.0031e-01 4.2090e-01 4.1796e-01 -1.3239e-01 -1.3239e-01 -1.2973e-01 -1.2973e-01 -1.2973e-01 -1.3239e-01 1.1116e-01 2.0836e-01 2.0895e-01 4.2090e-01 2.1316e-01 2.1659e-01 -1.2383e-01 -1.2819e-01 4.6248e-01 3.1454e-01 2.5440e-01 -1.2383e-01 1.9217e-01 1.9158e-01 1.9257e-01 3.0243e-01 1.9158e-01 2.4939e-01 1.9257e-01 1.9415e-01 2.8104e-01 3.7465e-01 3.3788e-01 3.5351e-01 7.8889e-01 8.2531e-01 1.0000e+00 1.0000e+00 -8.4334e-01 -7.3764e-01 -6.5636e-01 -8.7357e-01 -7.8552e-01 -6.4700e-01 -8.2169e-01 -7.8710e-01 -9.1467e-01 -8.5468e-01 -8.1130e-01 3.5241e-02 -4.3353e-02 -5.6740e-02
