1.0000e+00 9.6250e-01 9.4802e-01 -1.9283e-01 -2.0755e-01 8.2162e-01 -1.9691e-01 8.2481e-01 -2.0660e-01 -7.8757e-01 8.0998e-01 8.2162e-01 8.1842e-01 8.1842e-01 8.1842e-01 8.1522e-01 8.2162e-01 8.2162e-01 8.2162e-01 -2.0755e-01 -2.0660e-01 -7.7021e-01 -7.2013e-01 -5.3353e-01 -7.2206e-01 -1.3714e-01 -1.3824e-01 1.3116e-01 -1.3604e-01 -1.3290e-01 4.2331e-01 1.3382e-01 -3.2027e-02 3.0704e-01 3.0921e-01 2.8120e-01 -3.4066e-02 1.6573e-01 -4.8191e-02 -1.2271e-01 1.6573e-01 1.6573e-01 8.4529e-02 -5.5047e-02 2.4713e-04 8.4529e-02 8.4529e-02 -8.4529e-02 -2.8741e-02 -1.6573e-01 1.2116e-01 -6.6004e-02 1.6781e-01 -1.6573e-01 -1.6573e-01 -1.5739e-01 -7.5926e-02 -7.5926e-02 1.0662e-01 -1.3905e-01 -6.1195e-02 1.8399e-01 9.4480e-02 1.6061e-01 -8.0237e-02 5.2342e-03 -2.3887e-02 1.6061e-01 -6.5881e-02 2.3632e-03 1.5492e-01 -8.8070e-02 1.1945e-02 1.5492e-01 -8.8070e-02 -8.8070e-02 1.5492e-01 -8.9389e-02 1.6082e-01 -8.8070e-02 7.8464e-02 -1.0986e-01 1.5775e-01 -9.7270e-02 -1.0986e-01 -7.8308e-02 1.0345e-03 -6.5881e-02 1.5492e-01 -6.7461e-02 -1.3964e-01 1.4607e-01 -4.5713e-02 1.3883e-01 4.4974e-04 -6.8166e-03 -6.5881e-02 2.6805e-03 -8.2132e-02 -8.5439e-02 -7.9391e-02 -7.9391e-02 -8.2132e-02 -8.3372e-02 -7.9391e-02 -1.0971e-01 -1.0971e-01 -1.0971e-01 -1.0971e-01 -1.0546e-01 -1.1682e-01 -1.1538e-01 7.3572e-03 7.5817e-02 8.4305e-03 8.4305e-03 9.5031e-03 2.1730e-02 2.0061e-02 -5.1214e-02 7.0592e-02 2.8321e-03 1.9564e-02 7.9579e-02 7.9579e-02 3.1757e-02 1.0036e-02 3.3006e-02 3.9568e-02 3.9568e-02 8.9636e-03 1.3616e-02 -3.0398e-02 4.3967e-02 -3.3819e-02 4.3967e-02 4.3967e-02 5.2801e-02 4.4593e-02 6.3620e-02 -5.6886e-02
9.6250e-01 1.0000e+00 9.8509e-01 -2.3208e-01 -2.1725e-01 8.5762e-01 -2.3037e-01 8.6091e-01 -2.1637e-01 -8.2345e-01 8.4594e-01 8.5762e-01 8.5434e-01 8.5434e-01 8.5434e-01 8.5105e-01 8.5762e-01 8.5762e-01 8.5762e-01 -2.1725e-01 -2.1637e-01 -8.0588e-01 -7.5565e-01 -5.6172e-01 -7.5758e-01 -1.4724e-01 -1.4827e-01 1.6404e-01 -1.4621e-01 -1.6633e-01 4.4847e-01 1.4414e-01 -6.3875e-02 3.2462e-01 3.2679e-01 2.9805e-01 -2.7859e-02 1.7936e-01 -5.8979e-02 -1.2189e-01 1.7936e-01 1.7936e-01 8.6119e-02 -6.6494e-02 -4.7112e-03 8.6119e-02 8.6119e-02 -8.6119e-02 -2.8436e-02 -1.7936e-01 1.3338e-01 -7.7330e-02 1.8143e-01 -1.7936e-01 -1.7936e-01 -1.7135e-01 -8.3854e-02 -8.3854e-02 1.1380e-01 -1.4379e-01 -7.9146e-02 1.8778e-01 1.0152e-01 1.6243e-01 -9.7921e-02 2.3811e-02 -2.3131e-02 1.6243e-01 -6.2997e-02 2.0942e-02 1.5685e-01 -1.0565e-01 3.0405e-02 1.5685e-01 -1.0565e-01 -1.0565e-01 1.5685e-01 -1.0695e-01 1.6296e-01 -1.0565e-01 8.4264e-02 -1.1321e-01 1.5962e-01 -9.9985e-02 -1.1321e-01 -9.5506e-02 1.9139e-02 -6.2997e-02 1.5685e-01 -8.5321e-02 -1.3972e-01 1.5146e-01 -6.3485e-02 1.4408e-01 -1.7653e-02 -2.4420e-02 -6.2997e-02 -1.5305e-02 -1.0117e-01 -8.2735e-02 -9.8296e-02 -9.8296e-02 -1.0117e-01 -1.0239e-01 -9.8296e-02 -1.2638e-01 -1.2638e-01 -1.2638e-01 -1.2638e-01 -1.2201e-01 -1.3358e-01 -1.3216e-01 -8.2650e-04 8.2138e-02 2.1512e-04 2.1512e-04 1.2561e-03 2.0179e-02 1.6790e-02 -4.2729e-02 6.1290e-02 5.5181e-03 2.2660e-02 7.0442e-02 7.0442e-02 9.6373e-03 6.4524e-03 1.2155e-02 1.9625e-02 1.9625e-02 4.9391e-03 1.6948e-02 -3.1281e-02 5.3677e-02 -3.4575e-02 5.3677e-02 5.3677e-02 5.7063e-02 5.4551e-02 7.3691e-02 -6.2320e-02
9.4802e-01 9.8509e-01 1.0000e+00 -2.5273e-01 -2.3846e-01 8.7215e-01 -2.4494e-01 8.6978e-01 -2.3765e-01 -8.3237e-01 8.5479e-01 8.6644e-01 8.6881e-01 8.6881e-01 8.6881e-01 8.6547e-01 8.6644e-01 8.6644e-01 8.6644e-01 -2.3846e-01 -2.3765e-01 -8.2029e-01 -7.7003e-01 -5.7207e-01 -7.7196e-01 -1.5620e-01 -1.5719e-01 1.7831e-01 -1.5521e-01 -1.7455e-01 4.4945e-01 1.5322e-01 -7.7618e-02 3.3294e-01 3.3511e-01 2.9933e-01 -1.8640e-02 1.7861e-01 -5.4480e-02 -1.1530e-01 1.7861e-01 1.7861e-01 8.8894e-02 -6.2164e-02 6.4383e-03 8.8894e-02 8.8894e-02 -8.8894e-02 -1.9104e-02 -1.7861e-01 1.3163e-01 -7.3033e-02 1.8065e-01 -1.7861e-01 -1.7861e-01 -1.7098e-01 -8.4145e-02 -8.4145e-02 1.1357e-01 -1.4190e-01 -8.2109e-02 1.8506e-01 1.0484e-01 1.5839e-01 -1.0067e-01 2.9495e-02 -2.2787e-02 1.5839e-01 -6.1672e-02 2.6640e-02 1.5291e-01 -1.0832e-01 3.5969e-02 1.5291e-01 -1.0832e-01 -1.0832e-01 1.5291e-01 -1.0961e-01 1.5915e-01 -1.0832e-01 8.7002e-02 -1.1048e-01 1.5563e-01 -1.0498e-01 -1.1048e-01 -9.7956e-02 2.4485e-02 -6.1672e-02 1.5291e-01 -8.2738e-02 -1.4338e-01 1.4997e-01 -6.7936e-02 1.4253e-01 -2.3006e-02 -2.9279e-02 -6.1672e-02 -2.0577e-02 -1.0474e-01 -8.1502e-02 -1.0179e-01 -1.0179e-01 -1.0474e-01 -1.0595e-01 -1.0179e-01 -1.2838e-01 -1.2838e-01 -1.2838e-01 -1.2838e-01 -1.2395e-01 -1.3562e-01 -1.3421e-01 8.4362e-03 8.5119e-02 9.4595e-03 9.4595e-03 1.0482e-02 4.3437e-03 -4.3824e-04 -3.8781e-02 6.5361e-02 1.0168e-02 3.0352e-02 7.4593e-02 7.4593e-02 1.5931e-02 1.5588e-02 1.8698e-02 2.6384e-02 2.6384e-02 1.3847e-02 7.6612e-03 -2.7756e-02 4.9512e-02 -3.1032e-02 4.9512e-02 4.9512e-02 4.8239e-02 5.0485e-02 6.4654e-02 -6.0451e-02
-1.9283e-01 -2.3208e-01 -2.5273e-01 1.0000e+00 9.6203e-01 -2.8239e-01 9.8740e-01 -2.8315e-01 9.5885e-01 2.8806e-01 -2.5156e-01 -2.7658e-01 -2.8164e-01 -2.8164e-01 -2.8164e-01 -2.8088e-01 -2.7658e-01 -2.7658e-01 -2.7658e-01 9.5562e-01 9.5885e-01 2.6765e-01 1.5773e-01 2.1847e-01 1.5680e-01 8.3076e-01 8.2748e-01 -8.1857e-01 8.2735e-01 7.9818e-01 -1.8390e-01 -8.1376e-01 5.9108e-01 -1.8726e-01 -1.8638e-01 -1.7516e-01 -2.0236e-01 -8.6042e-02 -1.0238e-01 -9.6842e-02 -8.6042e-02 -8.6042e-02 -1.4094e-01 -9.6779e-02 -1.2673e-01 -1.4094e-01 -1.4094e-01 1.4094e-01 -2.4734e-01 8.6042e-02 -7.7911e-02 -1.0016e-01 -8.4867e-02 8.6042e-02 8.6042e-02 8.4456e-02 5.0163e-02 5.0163e-02 -8.3104e-02 1.7285e-02 1.2258e-01 -5.0160e-02 -3.2511e-02 -1.6130e-02 1.0235e-01 -1.3350e-01 -2.2094e-02 -1.6130e-02 5.8096e-02 -1.3550e-01 -1.9546e-02 1.0775e-01 -1.3809e-01 -1.9546e-02 1.0775e-01 1.0775e-01 -1.9546e-02 1.0676e-01 -2.1227e-02 1.0775e-01 -6.4874e-02 -1.5735e-02 -1.7847e-02 -7.6570e-03 -1.5735e-02 1.0851e-01 -1.4602e-01 5.8096e-02 -1.9546e-02 1.1218e-01 1.9017e-02 -5.7619e-02 1.1369e-01 -5.7619e-02 1.4699e-01 1.4199e-01 5.8096e-02 1.3703e-01 1.2785e-01 -6.2964e-02 1.2595e-01 1.2595e-01 1.2785e-01 1.2690e-01 1.2595e-01 8.1089e-02 8.1089e-02 8.1089e-02 8.1089e-02 8.0042e-02 8.5986e-02 8.7024e-02 9.8251e-02 -3.5020e-02 9.9216e-02 9.9216e-02 1.0018e-01 2.4375e-02 1.2704e-02 -3.0697e-02 -3.9074e-02 -4.1111e-02 1.3919e-02 -3.9074e-02 -3.9074e-02 -1.1388e-01 -5.6440e-02 -1.1373e-01 -1.0970e-01 -1.0970e-01 -5.3433e-02 4.9358e-02 6.7960e-02 -2.5849e-02 6.3826e-02 -2.5849e-02 -2.5849e-02 9.9055e-03 -2.4805e-02 -3.0991e-02 -1.5128e-03
-2.0755e-01 -2.1725e-01 -2.3846e-01 9.6203e-01 1.0000e+00 -2.7348e-01 9.6814e-01 -2.7422e-01 9.9673e-01 2.7868e-01 -2.7127e-01 -2.6756e-01 -2.7275e-01 -2.7275e-01 -2.7275e-01 -2.7202e-01 -2.6756e-01 -2.6756e-01 -2.6756e-01 9.9346e-01 9.9673e-01 2.8669e-01 1.7300e-01 2.1158e-01 1.7212e-01 8.6559e-01 8.6227e-01 -7.9523e-01 8.6209e-01 7.8696e-01 -1.7810e-01 -8.4818e-01 5.8865e-01 -2.0018e-01 -1.9938e-01 -1.6753e-01 -2.1774e-01 -1.0005e-01 -9.4005e-02 -1.0327e-01 -1.0005e-01 -1.0005e-01 -1.4528e-01 -8.8500e-02 -1.3254e-01 -1.4528e-01 -1.4528e-01 1.4528e-01 -2.5865e-01 1.0005e-01 -9.3301e-02 -9.1818e-02 -9.8965e-02 1.0005e-01 1.0005e-01 9.7251e-02 5.8644e-02 5.8644e-02 -9.4219e-02 1.6259e-02 1.2598e-01 -5.1558e-02 -2.8107e-02 -1.8382e-02 9.4706e-02 -1.2479e-01 -2.1397e-02 -1.8382e-02 6.3156e-02 -1.2675e-01 -2.1659e-02 1.0048e-01 -1.2984e-01 -2.1659e-02 1.0048e-01 1.0048e-01 -2.1659e-02 9.9520e-02 -2.3272e-02 1.0048e-01 -6.2015e-02 -1.6575e-02 -2.0029e-02 -7.9274e-03 -1.6575e-02 1.0149e-01 -1.3817e-01 6.3156e-02 -2.1659e-02 1.0427e-01 1.4347e-02 -5.6894e-02 1.0786e-01 -5.6894e-02 1.3913e-01 1.3518e-01 6.3156e-02 1.2909e-01 1.1927e-01 -6.0150e-02 1.1741e-01 1.1741e-01 1.1927e-01 1.1834e-01 1.1741e-01 7.4800e-02 7.4800e-02 7.4800e-02 7.4800e-02 7.3780e-02 7.9843e-02 8.0854e-02 9.3692e-02 -3.1023e-02 9.4628e-02 9.4628e-02 9.5563e-02 2.7337e-02 1.3991e-02 -3.0469e-02 -5.1695e-02 -4.0127e-02 1.8798e-02 -5.1695e-02 -5.1695e-02 -1.2225e-01 -5.9285e-02 -1.2122e-01 -1.1657e-01 -1.1657e-01 -5.6623e-02 5.1401e-02 4.1109e-02 -2.0267e-02 3.7355e-02 -2.0267e-02 -2.0267e-02 1.1365e-02 -1.8980e-02 -2.5510e-02 9.1012e-03
8.2162e-01 8.5762e-01 8.7215e-01 -2.8239e-01 -2.7348e-01 1.0000e+00 -2.8062e-01 9.9732e-01 -2.7259e-01 -9.5605e-01 9.8143e-01 9.9463e-01 9.9732e-01 9.9732e-01 9.9732e-01 9.9463e-01 9.9463e-01 9.9463e-01 9.9463e-01 -2.7348e-01 -2.7259e-01 -9.4344e-01 -8.8758e-01 -7.6739e-01 -8.8465e-01 -1.9350e-01 -1.9456e-01 2.1727e-01 -1.9244e-01 -2.1322e-01 6.2999e-01 1.9031e-01 -1.1579e-01 4.4689e-01 4.4950e-01 4.2501e-01 -1.0010e-01 1.4596e-01 1.7437e-02 -1.4068e-01 1.5271e-01 1.5271e-01 1.2686e-01 1.2527e-02 -1.7438e-02 1.2686e-01 1.2686e-01 -1.2686e-01 -4.5450e-02 -1.5271e-01 1.1139e-01 8.9674e-04 1.5485e-01 -1.5271e-01 -1.5271e-01 -1.4324e-01 -5.3946e-02 -5.3946e-02 8.5869e-02 -1.1504e-01 -4.6257e-02 1.6059e-01 8.0802e-02 1.3964e-01 -6.6233e-02 6.1886e-03 -2.5461e-02 1.3964e-01 -7.1808e-02 3.1257e-03 1.4237e-01 -7.9693e-02 1.4007e-02 1.4237e-01 -7.9693e-02 -7.9693e-02 1.4237e-01 -8.1082e-02 1.4792e-01 -7.9693e-02 6.7193e-02 -9.5354e-02 1.4525e-01 -9.1483e-02 -9.5354e-02 -7.0827e-02 4.3847e-03 -7.1808e-02 1.4237e-01 -5.2834e-02 -1.0045e-01 1.2819e-01 -5.1372e-02 1.2119e-01 -2.7938e-03 -1.4399e-02 -7.1808e-02 -1.1086e-03 -6.9794e-02 -7.6231e-02 -6.7357e-02 -6.7357e-02 -6.9794e-02 -7.1098e-02 -6.7357e-02 -9.8900e-02 -9.8900e-02 -9.8900e-02 -9.8900e-02 -9.4907e-02 -1.0589e-01 -1.0438e-01 3.8905e-02 6.3504e-02 4.0040e-02 4.0040e-02 4.1174e-02 -1.4369e-02 -1.4154e-02 -5.3469e-02 3.5569e-02 1.0226e-01 2.0254e-02 4.4256e-02 4.4256e-02 -1.9093e-03 2.3535e-02 -1.5684e-03 4.1927e-03 4.1927e-03 2.3321e-02 -1.8050e-02 -2.9481e-02 6.0666e-02 -3.3157e-02 6.0666e-02 6.0666e-02 1.9439e-02 6.0872e-02 7.4914e-02 -5.8314e-02
-1.9691e-01 -2.3037e-01 -2.4494e-01 9.8740e-01 9.6814e-01 -2.8062e-01 1.0000e+00 -2.8137e-01 9.6494e-01 2.9191e-01 -2.5542e-01 -2.8062e-01 -2.7986e-01 -2.7986e-01 -2.7986e-01 -2.7911e-01 -2.8062e-01 -2.8062e-01 -2.8062e-01 9.6170e-01 9.6494e-01 2.6568e-01 1.5516e-01 2.1710e-01 1.5424e-01 8.4293e-01 8.3963e-01 -8.2415e-01 8.3952e-01 8.1010e-01 -1.8274e-01 -8.2589e-01 5.8925e-01 -1.8574e-01 -1.8487e-01 -1.7365e-01 -2.0232e-01 -8.4389e-02 -1.0073e-01 -9.7094e-02 -8.4389e-02 -8.4389e-02 -1.3841e-01 -9.5141e-02 -1.2577e-01 -1.3841e-01 -1.3841e-01 1.3841e-01 -2.4437e-01 8.4389e-02 -7.6337e-02 -9.8507e-02 -8.3217e-02 8.4389e-02 8.4389e-02 8.2705e-02 4.7957e-02 4.7957e-02 -8.1208e-02 1.5522e-02 1.1990e-01 -4.8723e-02 -3.1641e-02 -1.4717e-02 9.9707e-02 -1.3178e-01 -2.1955e-02 -1.4717e-02 5.9087e-02 -1.3377e-01 -1.8126e-02 1.0517e-01 -1.3646e-01 -1.8126e-02 1.0517e-01 1.0517e-01 -1.8126e-02 1.0418e-01 -1.9804e-02 1.0517e-01 -6.4306e-02 -1.7527e-02 -1.6431e-02 -9.3726e-03 -1.7527e-02 1.0597e-01 -1.4446e-01 5.9087e-02 -1.8126e-02 1.0949e-01 1.4081e-02 -5.5950e-02 1.1253e-01 -5.5950e-02 1.4543e-01 1.4064e-01 5.9087e-02 1.3546e-01 1.2506e-01 -6.2405e-02 1.2316e-01 1.2316e-01 1.2506e-01 1.2411e-01 1.2316e-01 7.8653e-02 7.8653e-02 7.8653e-02 7.8653e-02 7.7609e-02 8.3576e-02 8.4611e-02 9.9375e-02 -3.4231e-02 1.0033e-01 1.0033e-01 1.0129e-01 2.1438e-02 9.3010e-03 -2.1037e-02 -3.7779e-02 -3.9387e-02 1.5957e-02 -3.7779e-02 -3.7779e-02 -1.1801e-01 -5.5983e-02 -1.1763e-01 -1.1345e-01 -1.1345e-01 -5.3046e-02 4.8740e-02 6.0893e-02 -1.9587e-02 5.6851e-02 -1.9587e-02 -1.9587e-02 9.1764e-03 -1.8485e-02 -2.4748e-02 -3.8515e-03
8.2481e-01 8.6091e-01 8.6978e-01 -2.8315e-01 -2.7422e-01 9.9732e-01 -2.8137e-01 1.0000e+00 -2.7332e-01 -9.5338e-01 9.7876e-01 9.9197e-01 9.9465e-01 9.9465e-01 9.9465e-01 9.9197e-01 9.9197e-01 9.9197e-01 9.9197e-01 -2.7422e-01 -2.7332e-01 -9.4078e-01 -8.8492e-01 -7.6532e-01 -8.8199e-01 -1.9427e-01 -1.9533e-01 2.1810e-01 -1.9321e-01 -2.1403e-01 6.3534e-01 1.9107e-01 -1.1673e-01 4.4526e-01 4.4786e-01 4.2343e-01 -9.8002e-02 1.4485e-01 1.6471e-02 -1.3823e-01 1.5159e-01 1.5159e-01 1.2527e-01 1.1587e-02 -1.5678e-02 1.2527e-01 1.2527e-01 -1.2527e-01 -4.7189e-02 -1.5159e-01 1.1038e-01 -3.9508e-05 1.5373e-01 -1.5159e-01 -1.5159e-01 -1.4209e-01 -5.2771e-02 -5.2771e-02 8.4734e-02 -1.1404e-01 -4.4744e-02 1.5963e-01 8.0235e-02 1.3877e-01 -6.4746e-02 5.1512e-03 -2.5529e-02 1.3877e-01 -7.2063e-02 2.0850e-03 1.4149e-01 -7.8209e-02 1.2993e-02 1.4149e-01 -7.8209e-02 -7.8209e-02 1.4149e-01 -7.9599e-02 1.4703e-01 -7.8209e-02 6.6726e-02 -9.4429e-02 1.4437e-01 -9.0584e-02 -9.4429e-02 -6.9373e-02 3.4057e-03 -7.2063e-02 1.4149e-01 -5.6476e-02 -1.0262e-01 1.2715e-01 -5.0570e-02 1.2015e-01 -1.8132e-03 -1.3507e-02 -7.2063e-02 -1.4161e-04 -6.8188e-02 -7.6496e-02 -6.5762e-02 -6.5762e-02 -6.8188e-02 -6.9495e-02 -6.5762e-02 -9.7503e-02 -9.7503e-02 -9.7503e-02 -9.7503e-02 -9.3519e-02 -1.0449e-01 -1.0298e-01 4.0841e-02 6.2993e-02 4.1978e-02 4.1978e-02 4.3115e-02 -1.5651e-02 -1.5348e-02 -5.4209e-02 3.4856e-02 1.0125e-01 2.1795e-02 4.3532e-02 4.3532e-02 -3.0735e-03 2.0866e-02 -2.7759e-03 2.9491e-03 2.9491e-03 2.0694e-02 -1.5317e-02 -3.0155e-02 6.2403e-02 -3.3834e-02 6.2403e-02 6.2403e-02 2.2098e-02 6.2594e-02 7.6632e-02 -5.9706e-02
-2.0660e-01 -2.1637e-01 -2.3765e-01 9.5885e-01 9.9673e-01 -2.7259e-01 9.6494e-01 -2.7332e-01 1.0000e+00 2.7774e-01 -2.7035e-01 -2.6665e-01 -2.7186e-01 -2.7186e-01 -2.7186e-01 -2.7113e-01 -2.6665e-01 -2.6665e-01 -2.6665e-01 9.9673e-01 1.0000e+00 2.8575e-01 1.7174e-01 2.1088e-01 1.7087e-01 8.6852e-01 8.6519e-01 -7.9811e-01 8.6501e-01 7.8980e-01 -1.7751e-01 -8.5106e-01 5.9107e-01 -1.9945e-01 -1.9865e-01 -1.6676e-01 -2.2036e-01 -9.9246e-02 -1.0045e-01 -1.0086e-01 -9.9246e-02 -9.9246e-02 -1.4975e-01 -9.5064e-02 -1.2942e-01 -1.4975e-01 -1.4975e-01 1.4975e-01 -2.5719e-01 9.9246e-02 -9.2539e-02 -9.8310e-02 -9.8163e-02 9.9246e-02 9.9246e-02 9.6394e-02 5.7544e-02 5.7544e-02 -9.3285e-02 1.5361e-02 1.3030e-01 -5.0834e-02 -2.7659e-02 -1.7669e-02 9.9120e-02 -1.3078e-01 -2.1327e-02 -1.7669e-02 6.3677e-02 -1.3270e-01 -2.0943e-02 1.0497e-01 -1.3603e-01 -2.0943e-02 1.0497e-01 1.0497e-01 -2.0943e-02 1.0402e-01 -2.2554e-02 1.0497e-01 -6.1727e-02 -1.7491e-02 -1.9315e-02 -8.8021e-03 -1.7491e-02 1.0604e-01 -1.4451e-01 6.3677e-02 -2.0943e-02 1.0860e-01 1.6937e-02 -5.6049e-02 1.1614e-01 -5.6049e-02 1.4545e-01 1.4221e-01 6.3677e-02 1.3546e-01 1.2341e-01 -5.9866e-02 1.2157e-01 1.2157e-01 1.2341e-01 1.2249e-01 1.2157e-01 7.3555e-02 7.3555e-02 7.3555e-02 7.3555e-02 7.2537e-02 7.8612e-02 7.9621e-02 9.1682e-02 -3.0617e-02 9.2615e-02 9.2615e-02 9.3548e-02 2.8835e-02 1.5364e-02 -2.9631e-02 -5.1066e-02 -3.9251e-02 1.7099e-02 -5.1066e-02 -5.1066e-02 -1.2120e-01 -5.6486e-02 -1.2013e-01 -1.1543e-01 -1.1543e-01 -5.3865e-02 4.8507e-02 4.1985e-02 -2.2325e-02 3.8232e-02 -2.2325e-02 -2.2325e-02 8.4126e-03 -2.1019e-02 -2.7579e-02 1.0750e-02
-7.8757e-01 -8.2345e-01 -8.3237e-01 2.8806e-01 2.7868e-01 -9.5605e-01 2.9191e-01 -9.5338e-01 2.7774e-01 1.0000e+00 -9.4807e-01 -9.6131e-01 -9.5873e-01 -9.5873e-01 -9.5873e-01 -9.5615e-01 -9.6131e-01 -9.6131e-01 -9.6131e-01 2.7868e-01 2.7774e-01 9.8203e-01 9.2422e-01 7.4371e-01 9.2147e-01 2.0498e-01 2.0607e-01 -1.4290e-01 2.0388e-01 1.4382e-01 -6.1215e-01 -2.0168e-01 4.1984e-02 -4.2919e-01 -4.3182e-01 -4.0815e-01 9.6825e-02 -1.2970e-01 -9.6817e-03 1.5010e-01 -1.3633e-01 -1.3633e-01 -1.0865e-01 -5.2457e-03 9.4645e-04 -1.0865e-01 -1.0865e-01 1.0865e-01 4.7752e-02 1.3633e-01 -9.6562e-02 6.3888e-03 -1.3848e-01 1.3633e-01 1.3633e-01 1.5207e-01 4.2493e-02 4.2493e-02 -7.5348e-02 1.0747e-01 4.9136e-02 -1.5417e-01 -8.4391e-02 -1.3533e-01 6.9934e-02 -1.5260e-02 2.6486e-02 -1.3533e-01 7.5618e-02 -1.2032e-02 -1.3778e-01 8.3630e-02 -2.3972e-02 -1.3778e-01 8.3630e-02 8.3630e-02 -1.3778e-01 8.5075e-02 -1.4311e-01 8.3630e-02 -7.4636e-02 8.9138e-02 -1.4072e-01 8.5808e-02 8.9138e-02 7.5356e-02 -1.5264e-02 7.5618e-02 -1.3778e-01 5.5983e-02 1.0990e-01 -1.1978e-01 4.7458e-02 -1.1292e-01 1.3580e-02 8.1080e-03 7.5618e-02 -6.7760e-03 5.6077e-02 8.0183e-02 5.3812e-02 5.3812e-02 6.1019e-02 5.7419e-02 5.3812e-02 8.9144e-02 8.9144e-02 8.9144e-02 8.9144e-02 8.5296e-02 9.6067e-02 9.4521e-02 -5.3710e-02 -6.8737e-02 -5.4886e-02 -5.4886e-02 -5.6062e-02 1.7390e-02 1.5258e-02 6.4401e-02 -3.3620e-02 -9.4432e-02 -2.3476e-02 -4.2140e-02 -4.2140e-02 -1.4678e-02 -2.9941e-02 -1.3685e-02 -2.3925e-02 -2.3925e-02 -3.4823e-02 1.4522e-02 2.3397e-02 -6.3013e-02 2.7294e-02 -6.3013e-02 -6.3013e-02 -3.1130e-02 -7.2278e-02 -8.1644e-02 7.8862e-02
8.0998e-01 8.4594e-01 8.5479e-01 -2.5156e-01 -2.7127e-01 9.8143e-01 -2.5542e-01 9.7876e-01 -2.7035e-01 -9.4807e-01 1.0000e+00 9.8676e-01 9.8412e-01 9.8412e-01 9.8412e-01 9.8147e-01 9.8676e-01 9.8676e-01 9.8676e-01 -2.7127e-01 -2.7035e-01 -9.5630e-01 -8.9979e-01 -7.5719e-01 -8.9693e-01 -1.9734e-01 -1.9841e-01 1.8628e-01 -1.9627e-01 -1.9958e-01 6.2151e-01 1.9412e-01 -1.1454e-01 4.5728e-01 4.5993e-01 4.1716e-01 -9.4327e-02 1.5386e-01 1.2632e-02 -1.4230e-01 1.6057e-01 1.6057e-01 1.2927e-01 7.8508e-03 -2.3007e-02 1.2927e-01 1.2927e-01 -1.2927e-01 -4.4643e-02 -1.6057e-01 1.2037e-01 -3.7595e-03 1.6276e-01 -1.6057e-01 -1.6057e-01 -1.5053e-01 -5.9899e-02 -5.9899e-02 9.2653e-02 -1.1009e-01 -4.8918e-02 1.5579e-01 7.7989e-02 1.3533e-01 -5.8843e-02 1.0296e-03 -2.5803e-02 1.3533e-01 -7.3082e-02 -2.0495e-03 1.3800e-01 -7.2318e-02 8.9624e-03 1.3800e-01 -7.2318e-02 -7.2318e-02 1.3800e-01 -7.3714e-02 1.4349e-01 -7.2318e-02 6.4875e-02 -9.0758e-02 1.4089e-01 -8.7018e-02 -9.0758e-02 -6.3599e-02 -4.8392e-04 -7.3082e-02 1.3800e-01 -4.5356e-02 -9.7502e-02 1.2301e-01 -4.7389e-02 1.1606e-01 2.0829e-03 -9.9622e-03 -7.3082e-02 3.7005e-03 -6.1814e-02 -7.7552e-02 -5.9429e-02 -5.9429e-02 -6.1814e-02 -6.3127e-02 -5.9429e-02 -9.1958e-02 -9.1958e-02 -9.1958e-02 -9.1958e-02 -8.8009e-02 -9.8918e-02 -9.7405e-02 4.3897e-02 6.0966e-02 4.5046e-02 4.5046e-02 4.6194e-02 -1.5387e-02 -1.4524e-02 -4.2506e-02 3.2028e-02 1.0425e-01 2.2983e-02 4.0657e-02 4.0657e-02 3.6912e-03 2.8780e-02 3.5816e-03 9.0189e-03 9.0189e-03 2.8740e-02 -2.3052e-02 -8.4750e-03 5.9875e-02 -1.2416e-02 5.9875e-02 5.9875e-02 1.4100e-02 5.9985e-02 7.4028e-02 -7.0301e-02
8.2162e-01 8.5762e-01 8.6644e-01 -2.7658e-01 -2.6756e-01 9.9463e-01 -2.8062e-01 9.9197e-01 -2.6665e-01 -9.6131e-01 9.8676e-01 1.0000e+00 9.9732e-01 9.9732e-01 9.9732e-01 9.9463e-01 1.0000e+00 1.0000e+00 1.0000e+00 -2.6756e-01 -2.6665e-01 -9.4344e-01 -8.8758e-01 -7.6739e-01 -8.8465e-01 -1.9350e-01 -1.9456e-01 2.1139e-01 -1.9244e-01 -2.1322e-01 6.2999e-01 1.9031e-01 -1.0983e-01 4.4689e-01 4.4950e-01 4.2501e-01 -1.0478e-01 1.4596e-01 1.7437e-02 -1.4530e-01 1.5271e-01 1.5271e-01 1.2686e-01 1.2527e-02 -2.2245e-02 1.2686e-01 1.2686e-01 -1.2686e-01 -5.0211e-02 -1.5271e-01 1.1139e-01 8.9674e-04 1.5485e-01 -1.5271e-01 -1.5271e-01 -1.4324e-01 -5.3946e-02 -5.3946e-02 8.5869e-02 -1.1504e-01 -4.6257e-02 1.6059e-01 8.0802e-02 1.3964e-01 -6.6233e-02 6.1886e-03 -2.5461e-02 1.3964e-01 -7.1808e-02 3.1257e-03 1.4237e-01 -7.9693e-02 1.4007e-02 1.4237e-01 -7.9693e-02 -7.9693e-02 1.4237e-01 -8.1082e-02 1.4792e-01 -7.9693e-02 6.7193e-02 -9.5354e-02 1.4525e-01 -9.1483e-02 -9.5354e-02 -7.0827e-02 4.3847e-03 -7.1808e-02 1.4237e-01 -5.2834e-02 -1.0045e-01 1.2819e-01 -5.1372e-02 1.2119e-01 -2.7938e-03 -1.4399e-02 -7.1808e-02 -1.1086e-03 -6.9794e-02 -7.6231e-02 -6.7357e-02 -6.7357e-02 -6.9794e-02 -7.1098e-02 -6.7357e-02 -9.8900e-02 -9.8900e-02 -9.8900e-02 -9.8900e-02 -9.4907e-02 -1.0589e-01 -1.0438e-01 3.4235e-02 6.3504e-02 3.5372e-02 3.5372e-02 3.6507e-02 -8.9735e-03 -8.5480e-03 -5.3469e-02 3.5569e-02 1.0226e-01 1.5287e-02 4.4256e-02 4.4256e-02 -1.9093e-03 1.8874e-02 -1.5684e-03 4.1927e-03 4.1927e-03 1.8670e-02 -1.3371e-02 -2.9481e-02 6.5415e-02 -3.3157e-02 6.5415e-02 6.5415e-02 2.4112e-02 6.5631e-02 7.9663e-02 -6.3407e-02
8.1842e-01 8.5434e-01 8.6881e-01 -2.8164e-01 -2.7275e-01 9.9732e-01 -2.7986e-01 9.9465e-01 -2.7186e-01 -9.5873e-01 9.8412e-01 9.9732e-01 1.0000e+00 1.0000e+00 1.0000e+00 9.9731e-01 9.9732e-01 9.9732e-01 9.9732e-01 -2.7275e-01 -2.7186e-01 -9.4611e-01 -8.9026e-01 -7.6946e-01 -8.8732e-01 -1.9273e-01 -1.9379e-01 2.1645e-01 -1.9167e-01 -2.1241e-01 6.3172e-01 1.8955e-01 -1.1485e-01 4.4854e-01 4.5114e-01 4.2660e-01 -1.0220e-01 1.4707e-01 1.8406e-02 -1.4313e-01 1.5383e-01 1.5383e-01 1.2845e-01 1.3471e-02 -1.9204e-02 1.2845e-01 1.2845e-01 -1.2845e-01 -4.8475e-02 -1.5383e-01 1.1241e-01 1.8356e-03 1.5597e-01 -1.5383e-01 -1.5383e-01 -1.4439e-01 -5.5125e-02 -5.5125e-02 8.7007e-02 -1.1604e-01 -4.7775e-02 1.6157e-01 8.1371e-02 1.4051e-01 -6.7725e-02 7.2289e-03 -2.5393e-02 1.4051e-01 -7.1552e-02 4.1692e-03 1.4325e-01 -8.1182e-02 1.5025e-02 1.4325e-01 -8.1182e-02 -8.1182e-02 1.4325e-01 -8.2569e-02 1.4882e-01 -8.1182e-02 6.7662e-02 -9.6283e-02 1.4614e-01 -9.2385e-02 -9.6283e-02 -7.2286e-02 5.3664e-03 -7.1552e-02 1.4325e-01 -5.4342e-02 -1.0289e-01 1.2924e-01 -5.2176e-02 1.2223e-01 -3.7771e-03 -1.5294e-02 -7.1552e-02 -2.0783e-03 -7.1404e-02 -7.5966e-02 -6.8957e-02 -6.8957e-02 -7.1404e-02 -7.2707e-02 -6.8957e-02 -1.0030e-01 -1.0030e-01 -1.0030e-01 -1.0030e-01 -9.6300e-02 -1.0730e-01 -1.0579e-01 3.6965e-02 6.4017e-02 3.8097e-02 3.8097e-02 3.9228e-02 -1.3084e-02 -1.2957e-02 -5.2728e-02 3.6283e-02 1.0326e-01 1.8710e-02 4.4982e-02 4.4982e-02 -7.4195e-04 2.1545e-02 -3.5772e-04 5.4398e-03 5.4398e-03 2.1297e-02 -1.6104e-02 -2.8805e-02 6.3680e-02 -3.2477e-02 6.3680e-02 6.3680e-02 2.1452e-02 6.3911e-02 7.7948e-02 -6.2019e-02
8.1842e-01 8.5434e-01 8.6881e-01 -2.8164e-01 -2.7275e-01 9.9732e-01 -2.7986e-01 9.9465e-01 -2.7186e-01 -9.5873e-01 9.8412e-01 9.9732e-01 1.0000e+00 1.0000e+00 1.0000e+00 9.9731e-01 9.9732e-01 9.9732e-01 9.9732e-01 -2.7275e-01 -2.7186e-01 -9.4611e-01 -8.9026e-01 -7.6946e-01 -8.8732e-01 -1.9273e-01 -1.9379e-01 2.1645e-01 -1.9167e-01 -2.1241e-01 6.3172e-01 1.8955e-01 -1.1485e-01 4.4854e-01 4.5114e-01 4.2660e-01 -1.0220e-01 1.4707e-01 1.8406e-02 -1.4313e-01 1.5383e-01 1.5383e-01 1.2845e-01 1.3471e-02 -1.9204e-02 1.2845e-01 1.2845e-01 -1.2845e-01 -4.8475e-02 -1.5383e-01 1.1241e-01 1.8356e-03 1.5597e-01 -1.5383e-01 -1.5383e-01 -1.4439e-01 -5.5125e-02 -5.5125e-02 8.7007e-02 -1.1604e-01 -4.7775e-02 1.6157e-01 8.1371e-02 1.4051e-01 -6.7725e-02 7.2289e-03 -2.5393e-02 1.4051e-01 -7.1552e-02 4.1692e-03 1.4325e-01 -8.1182e-02 1.5025e-02 1.4325e-01 -8.1182e-02 -8.1182e-02 1.4325e-01 -8.2569e-02 1.4882e-01 -8.1182e-02 6.7662e-02 -9.6283e-02 1.4614e-01 -9.2385e-02 -9.6283e-02 -7.2286e-02 5.3664e-03 -7.1552e-02 1.4325e-01 -5.4342e-02 -1.0289e-01 1.2924e-01 -5.2176e-02 1.2223e-01 -3.7771e-03 -1.5294e-02 -7.1552e-02 -2.0783e-03 -7.1404e-02 -7.5966e-02 -6.8957e-02 -6.8957e-02 -7.1404e-02 -7.2707e-02 -6.8957e-02 -1.0030e-01 -1.0030e-01 -1.0030e-01 -1.0030e-01 -9.6300e-02 -1.0730e-01 -1.0579e-01 3.6965e-02 6.4017e-02 3.8097e-02 3.8097e-02 3.9228e-02 -1.3084e-02 -1.2957e-02 -5.2728e-02 3.6283e-02 1.0326e-01 1.8710e-02 4.4982e-02 4.4982e-02 -7.4195e-04 2.1545e-02 -3.5772e-04 5.4398e-03 5.4398e-03 2.1297e-02 -1.6104e-02 -2.8805e-02 6.3680e-02 -3.2477e-02 6.3680e-02 6.3680e-02 2.1452e-02 6.3911e-02 7.7948e-02 -6.2019e-02
8.1842e-01 8.5434e-01 8.6881e-01 -2.8164e-01 -2.7275e-01 9.9732e-01 -2.7986e-01 9.9465e-01 -2.7186e-01 -9.5873e-01 9.8412e-01 9.9732e-01 1.0000e+00 1.0000e+00 1.0000e+00 9.9731e-01 9.9732e-01 9.9732e-01 9.9732e-01 -2.7275e-01 -2.7186e-01 -9.4611e-01 -8.9026e-01 -7.6946e-01 -8.8732e-01 -1.9273e-01 -1.9379e-01 2.1645e-01 -1.9167e-01 -2.1241e-01 6.3172e-01 1.8955e-01 -1.1485e-01 4.4854e-01 4.5114e-01 4.2660e-01 -1.0220e-01 1.4707e-01 1.8406e-02 -1.4313e-01 1.5383e-01 1.5383e-01 1.2845e-01 1.3471e-02 -1.9204e-02 1.2845e-01 1.2845e-01 -1.2845e-01 -4.8475e-02 -1.5383e-01 1.1241e-01 1.8356e-03 1.5597e-01 -1.5383e-01 -1.5383e-01 -1.4439e-01 -5.5125e-02 -5.5125e-02 8.7007e-02 -1.1604e-01 -4.7775e-02 1.6157e-01 8.1371e-02 1.4051e-01 -6.7725e-02 7.2289e-03 -2.5393e-02 1.4051e-01 -7.1552e-02 4.1692e-03 1.4325e-01 -8.1182e-02 1.5025e-02 1.4325e-01 -8.1182e-02 -8.1182e-02 1.4325e-01 -8.2569e-02 1.4882e-01 -8.1182e-02 6.7662e-02 -9.6283e-02 1.4614e-01 -9.2385e-02 -9.6283e-02 -7.2286e-02 5.3664e-03 -7.1552e-02 1.4325e-01 -5.4342e-02 -1.0289e-01 1.2924e-01 -5.2176e-02 1.2223e-01 -3.7771e-03 -1.5294e-02 -7.1552e-02 -2.0783e-03 -7.1404e-02 -7.5966e-02 -6.8957e-02 -6.8957e-02 -7.1404e-02 -7.2707e-02 -6.8957e-02 -1.0030e-01 -1.0030e-01 -1.0030e-01 -1.0030e-01 -9.6300e-02 -1.0730e-01 -1.0579e-01 3.6965e-02 6.4017e-02 3.8097e-02 3.8097e-02 3.9228e-02 -1.3084e-02 -1.2957e-02 -5.2728e-02 3.6283e-02 1.0326e-01 1.8710e-02 4.4982e-02 4.4982e-02 -7.4195e-04 2.1545e-02 -3.5772e-04 5.4398e-03 5.4398e-03 2.1297e-02 -1.6104e-02 -2.8805e-02 6.3680e-02 -3.2477e-02 6.3680e-02 6.3680e-02 2.1452e-02 6.3911e-02 7.7948e-02 -6.2019e-02
8.1522e-01 8.5105e-01 8.6547e-01 -2.8088e-01 -2.7202e-01 9.9463e-01 -2.7911e-01 9.9197e-01 -2.7113e-01 -9.5615e-01 9.8147e-01 9.9463e-01 9.9731e-01 9.9731e-01 9.9731e-01 1.0000e+00 9.9463e-01 9.9463e-01 9.9463e-01 -2.7202e-01 -2.7113e-01 -9.4355e-01 -8.8782e-01 -7.6527e-01 -8.8487e-01 -1.9196e-01 -1.9301e-01 2.1563e-01 -1.9090e-01 -2.1159e-01 6.3345e-01 1.8878e-01 -1.1391e-01 4.5019e-01 4.5279e-01 4.2820e-01 -1.0431e-01 1.4819e-01 1.9378e-02 -1.4559e-01 1.5496e-01 1.5496e-01 1.3005e-01 1.4417e-02 -2.0974e-02 1.3005e-01 1.3005e-01 -1.3005e-01 -5.1508e-02 -1.5496e-01 1.1343e-01 2.7770e-03 1.5710e-01 -1.5496e-01 -1.5496e-01 -1.4555e-01 -5.6308e-02 -5.6308e-02 8.8149e-02 -1.1705e-01 -4.9297e-02 1.6254e-01 8.1942e-02 1.4138e-01 -6.9221e-02 8.2721e-03 -2.5324e-02 1.4138e-01 -7.1297e-02 5.2156e-03 1.4414e-01 -8.2676e-02 1.6045e-02 1.4414e-01 -8.2676e-02 -8.2676e-02 1.4414e-01 -8.4061e-02 1.4972e-01 -8.2676e-02 6.8132e-02 -9.7214e-02 1.4702e-01 -9.3291e-02 -9.7214e-02 -7.3750e-02 6.3508e-03 -7.1297e-02 1.4414e-01 -5.0688e-02 -1.0071e-01 1.2327e-01 -5.2983e-02 1.1625e-01 -4.7631e-03 -1.6191e-02 -7.1297e-02 -3.0506e-03 -6.7967e-02 -7.5702e-02 -6.5500e-02 -6.5500e-02 -6.7967e-02 -6.9263e-02 -6.5500e-02 -9.6210e-02 -9.6210e-02 -9.6210e-02 -9.6210e-02 -9.2191e-02 -1.0320e-01 -1.0171e-01 3.9701e-02 6.4532e-02 4.0830e-02 4.0830e-02 4.1958e-02 -1.1795e-02 -1.1757e-02 -5.9377e-02 3.7000e-02 1.0427e-01 1.7161e-02 4.5711e-02 4.5711e-02 4.2864e-04 1.9549e-02 8.5634e-04 6.6904e-03 6.6904e-03 1.9268e-02 -1.4154e-02 -2.8128e-02 6.1941e-02 -3.1796e-02 6.1941e-02 6.1941e-02 2.3470e-02 6.2188e-02 7.6228e-02 -6.0627e-02
8.2162e-01 8.5762e-01 8.6644e-01 -2.7658e-01 -2.6756e-01 9.9463e-01 -2.8062e-01 9.9197e-01 -2.6665e-01 -9.6131e-01 9.8676e-01 1.0000e+00 9.9732e-01 9.9732e-01 9.9732e-01 9.9463e-01 1.0000e+00 1.0000e+00 1.0000e+00 -2.6756e-01 -2.6665e-01 -9.4344e-01 -8.8758e-01 -7.6739e-01 -8.8465e-01 -1.9350e-01 -1.9456e-01 2.1139e-01 -1.9244e-01 -2.1322e-01 6.2999e-01 1.9031e-01 -1.0983e-01 4.4689e-01 4.4950e-01 4.2501e-01 -1.0478e-01 1.4596e-01 1.7437e-02 -1.4530e-01 1.5271e-01 1.5271e-01 1.2686e-01 1.2527e-02 -2.2245e-02 1.2686e-01 1.2686e-01 -1.2686e-01 -5.0211e-02 -1.5271e-01 1.1139e-01 8.9674e-04 1.5485e-01 -1.5271e-01 -1.5271e-01 -1.4324e-01 -5.3946e-02 -5.3946e-02 8.5869e-02 -1.1504e-01 -4.6257e-02 1.6059e-01 8.0802e-02 1.3964e-01 -6.6233e-02 6.1886e-03 -2.5461e-02 1.3964e-01 -7.1808e-02 3.1257e-03 1.4237e-01 -7.9693e-02 1.4007e-02 1.4237e-01 -7.9693e-02 -7.9693e-02 1.4237e-01 -8.1082e-02 1.4792e-01 -7.9693e-02 6.7193e-02 -9.5354e-02 1.4525e-01 -9.1483e-02 -9.5354e-02 -7.0827e-02 4.3847e-03 -7.1808e-02 1.4237e-01 -5.2834e-02 -1.0045e-01 1.2819e-01 -5.1372e-02 1.2119e-01 -2.7938e-03 -1.4399e-02 -7.1808e-02 -1.1086e-03 -6.9794e-02 -7.6231e-02 -6.7357e-02 -6.7357e-02 -6.9794e-02 -7.1098e-02 -6.7357e-02 -9.8900e-02 -9.8900e-02 -9.8900e-02 -9.8900e-02 -9.4907e-02 -1.0589e-01 -1.0438e-01 3.4235e-02 6.3504e-02 3.5372e-02 3.5372e-02 3.6507e-02 -8.9735e-03 -8.5480e-03 -5.3469e-02 3.5569e-02 1.0226e-01 1.5287e-02 4.4256e-02 4.4256e-02 -1.9093e-03 1.8874e-02 -1.5684e-03 4.1927e-03 4.1927e-03 1.8670e-02 -1.3371e-02 -2.9481e-02 6.5415e-02 -3.3157e-02 6.5415e-02 6.5415e-02 2.4112e-02 6.5631e-02 7.9663e-02 -6.3407e-02
8.2162e-01 8.5762e-01 8.6644e-01 -2.7658e-01 -2.6756e-01 9.9463e-01 -2.8062e-01 9.9197e-01 -2.6665e-01 -9.6131e-01 9.8676e-01 1.0000e+00 9.9732e-01 9.9732e-01 9.9732e-01 9.9463e-01 1.0000e+00 1.0000e+00 1.0000e+00 -2.6756e-01 -2.6665e-01 -9.4344e-01 -8.8758e-01 -7.6739e-01 -8.8465e-01 -1.9350e-01 -1.9456e-01 2.1139e-01 -1.9244e-01 -2.1322e-01 6.2999e-01 1.9031e-01 -1.0983e-01 4.4689e-01 4.4950e-01 4.2501e-01 -1.0478e-01 1.4596e-01 1.7437e-02 -1.4530e-01 1.5271e-01 1.5271e-01 1.2686e-01 1.2527e-02 -2.2245e-02 1.2686e-01 1.2686e-01 -1.2686e-01 -5.0211e-02 -1.5271e-01 1.1139e-01 8.9674e-04 1.5485e-01 -1.5271e-01 -1.5271e-01 -1.4324e-01 -5.3946e-02 -5.3946e-02 8.5869e-02 -1.1504e-01 -4.6257e-02 1.6059e-01 8.0802e-02 1.3964e-01 -6.6233e-02 6.1886e-03 -2.5461e-02 1.3964e-01 -7.1808e-02 3.1257e-03 1.4237e-01 -7.9693e-02 1.4007e-02 1.4237e-01 -7.9693e-02 -7.9693e-02 1.4237e-01 -8.1082e-02 1.4792e-01 -7.9693e-02 6.7193e-02 -9.5354e-02 1.4525e-01 -9.1483e-02 -9.5354e-02 -7.0827e-02 4.3847e-03 -7.1808e-02 1.4237e-01 -5.2834e-02 -1.0045e-01 1.2819e-01 -5.1372e-02 1.2119e-01 -2.7938e-03 -1.4399e-02 -7.1808e-02 -1.1086e-03 -6.9794e-02 -7.6231e-02 -6.7357e-02 -6.7357e-02 -6.9794e-02 -7.1098e-02 -6.7357e-02 -9.8900e-02 -9.8900e-02 -9.8900e-02 -9.8900e-02 -9.4907e-02 -1.0589e-01 -1.0438e-01 3.4235e-02 6.3504e-02 3.5372e-02 3.5372e-02 3.6507e-02 -8.9735e-03 -8.5480e-03 -5.3469e-02 3.5569e-02 1.0226e-01 1.5287e-02 4.4256e-02 4.4256e-02 -1.9093e-03 1.8874e-02 -1.5684e-03 4.1927e-03 4.1927e-03 1.8670e-02 -1.3371e-02 -2.9481e-02 6.5415e-02 -3.3157e-02 6.5415e-02 6.5415e-02 2.4112e-02 6.5631e-02 7.9663e-02 -6.3407e-02
8.2162e-01 8.5762e-01 8.6644e-01 -2.7658e-01 -2.6756e-01 9.9463e-01 -2.8062e-01 9.9197e-01 -2.6665e-01 -9.6131e-01 9.8676e-01 1.0000e+00 9.9732e-01 9.9732e-01 9.9732e-01 9.9463e-01 1.0000e+00 1.0000e+00 1.0000e+00 -2.6756e-01 -2.6665e-01 -9.4344e-01 -8.8758e-01 -7.6739e-01 -8.8465e-01 -1.9350e-01 -1.9456e-01 2.1139e-01 -1.9244e-01 -2.1322e-01 6.2999e-01 1.9031e-01 -1.0983e-01 4.4689e-01 4.4950e-01 4.2501e-01 -1.0478e-01 1.4596e-01 1.7437e-02 -1.4530e-01 1.5271e-01 1.5271e-01 1.2686e-01 1.2527e-02 -2.2245e-02 1.2686e-01 1.2686e-01 -1.2686e-01 -5.0211e-02 -1.5271e-01 1.1139e-01 8.9674e-04 1.5485e-01 -1.5271e-01 -1.5271e-01 -1.4324e-01 -5.3946e-02 -5.3946e-02 8.5869e-02 -1.1504e-01 -4.6257e-02 1.6059e-01 8.0802e-02 1.3964e-01 -6.6233e-02 6.1886e-03 -2.5461e-02 1.3964e-01 -7.1808e-02 3.1257e-03 1.4237e-01 -7.9693e-02 1.4007e-02 1.4237e-01 -7.9693e-02 -7.9693e-02 1.4237e-01 -8.1082e-02 1.4792e-01 -7.9693e-02 6.7193e-02 -9.5354e-02 1.4525e-01 -9.1483e-02 -9.5354e-02 -7.0827e-02 4.3847e-03 -7.1808e-02 1.4237e-01 -5.2834e-02 -1.0045e-01 1.2819e-01 -5.1372e-02 1.2119e-01 -2.7938e-03 -1.4399e-02 -7.1808e-02 -1.1086e-03 -6.9794e-02 -7.6231e-02 -6.7357e-02 -6.7357e-02 -6.9794e-02 -7.1098e-02 -6.7357e-02 -9.8900e-02 -9.8900e-02 -9.8900e-02 -9.8900e-02 -9.4907e-02 -1.0589e-01 -1.0438e-01 3.4235e-02 6.3504e-02 3.5372e-02 3.5372e-02 3.6507e-02 -8.9735e-03 -8.5480e-03 -5.3469e-02 3.5569e-02 1.0226e-01 1.5287e-02 4.4256e-02 4.4256e-02 -1.9093e-03 1.8874e-02 -1.5684e-03 4.1927e-03 4.1927e-03 1.8670e-02 -1.3371e-02 -2.9481e-02 6.5415e-02 -3.3157e-02 6.5415e-02 6.5415e-02 2.4112e-02 6.5631e-02 7.9663e-02 -6.3407e-02
-2.0755e-01 -2.1725e-01 -2.3846e-01 9.5562e-01 9.9346e-01 -2.7348e-01 9.6170e-01 -2.7422e-01 9.9673e-01 2.7868e-01 -2.7127e-01 -2.6756e-01 -2.7275e-01 -2.7275e-01 -2.7275e-01 -2.7202e-01 -2.6756e-01 -2.6756e-01 -2.6756e-01 1.0000e+00 9.9673e-01 2.8669e-01 1.7300e-01 2.1158e-01 1.7212e-01 8.6559e-01 8.6227e-01 -7.9523e-01 8.6209e-01 7.8696e-01 -1.7810e-01 -8.4818e-01 5.8865e-01 -2.0018e-01 -1.9938e-01 -1.6753e-01 -2.1774e-01 -1.0005e-01 -1.0129e-01 -9.8166e-02 -1.0005e-01 -1.0005e-01 -1.5100e-01 -9.5890e-02 -1.2723e-01 -1.5100e-01 -1.5100e-01 1.5100e-01 -2.5339e-01 1.0005e-01 -9.3301e-02 -9.9142e-02 -9.8965e-02 1.0005e-01 1.0005e-01 9.7251e-02 5.8644e-02 5.8644e-02 -9.4219e-02 1.6259e-02 1.3163e-01 -5.1558e-02 -2.8107e-02 -1.8382e-02 1.0046e-01 -1.3164e-01 -2.1397e-02 -1.8382e-02 6.3156e-02 -1.3357e-01 -2.1659e-02 1.0628e-01 -1.3685e-01 -2.1659e-02 1.0628e-01 1.0628e-01 -2.1659e-02 1.0532e-01 -2.3272e-02 1.0628e-01 -6.2015e-02 -1.6575e-02 -2.0029e-02 -7.9274e-03 -1.6575e-02 1.0732e-01 -1.4529e-01 6.3156e-02 -2.1659e-02 1.0996e-01 1.9447e-02 -5.6894e-02 1.1671e-01 -5.6894e-02 1.4623e-01 1.4288e-01 6.3156e-02 1.3625e-01 1.2483e-01 -6.0150e-02 1.2299e-01 1.2299e-01 1.2483e-01 1.2391e-01 1.2299e-01 7.4800e-02 7.4800e-02 7.4800e-02 7.4800e-02 7.3780e-02 7.9843e-02 8.0854e-02 9.3692e-02 -3.1023e-02 9.4628e-02 9.4628e-02 9.5563e-02 2.7337e-02 1.3991e-02 -3.0469e-02 -5.1695e-02 -4.0127e-02 1.8798e-02 -5.1695e-02 -5.1695e-02 -1.2225e-01 -5.4139e-02 -1.2122e-01 -1.1657e-01 -1.1657e-01 -5.1488e-02 4.6235e-02 4.1109e-02 -2.5510e-02 3.7355e-02 -2.5510e-02 -2.5510e-02 6.2055e-03 -2.4235e-02 -3.0754e-02 1.4725e-02
-2.0660e-01 -2.1637e-01 -2.3765e-01 9.5885e-01 9.9673e-01 -2.7259e-01 9.6494e-01 -2.7332e-01 1.0000e+00 2.7774e-01 -2.7035e-01 -2.6665e-01 -2.7186e-01 -2.7186e-01 -2.7186e-01 -2.7113e-01 -2.6665e-01 -2.6665e-01 -2.6665e-01 9.9673e-01 1.0000e+00 2.8575e-01 1.7174e-01 2.1088e-01 1.7087e-01 8.6852e-01 8.6519e-01 -7.9811e-01 8.6501e-01 7.8980e-01 -1.7751e-01 -8.5106e-01 5.9107e-01 -1.9945e-01 -1.9865e-01 -1.6676e-01 -2.2036e-01 -9.9246e-02 -1.0045e-01 -1.0086e-01 -9.9246e-02 -9.9246e-02 -1.4975e-01 -9.5064e-02 -1.2942e-01 -1.4975e-01 -1.4975e-01 1.4975e-01 -2.5719e-01 9.9246e-02 -9.2539e-02 -9.8310e-02 -9.8163e-02 9.9246e-02 9.9246e-02 9.6394e-02 5.7544e-02 5.7544e-02 -9.3285e-02 1.5361e-02 1.3030e-01 -5.0834e-02 -2.7659e-02 -1.7669e-02 9.9120e-02 -1.3078e-01 -2.1327e-02 -1.7669e-02 6.3677e-02 -1.3270e-01 -2.0943e-02 1.0497e-01 -1.3603e-01 -2.0943e-02 1.0497e-01 1.0497e-01 -2.0943e-02 1.0402e-01 -2.2554e-02 1.0497e-01 -6.1727e-02 -1.7491e-02 -1.9315e-02 -8.8021e-03 -1.7491e-02 1.0604e-01 -1.4451e-01 6.3677e-02 -2.0943e-02 1.0860e-01 1.6937e-02 -5.6049e-02 1.1614e-01 -5.6049e-02 1.4545e-01 1.4221e-01 6.3677e-02 1.3546e-01 1.2341e-01 -5.9866e-02 1.2157e-01 1.2157e-01 1.2341e-01 1.2249e-01 1.2157e-01 7.3555e-02 7.3555e-02 7.3555e-02 7.3555e-02 7.2537e-02 7.8612e-02 7.9621e-02 9.1682e-02 -3.0617e-02 9.2615e-02 9.2615e-02 9.3548e-02 2.8835e-02 1.5364e-02 -2.9631e-02 -5.1066e-02 -3.9251e-02 1.7099e-02 -5.1066e-02 -5.1066e-02 -1.2120e-01 -5.6486e-02 -1.2013e-01 -1.1543e-01 -1.1543e-01 -5.3865e-02 4.8507e-02 4.1985e-02 -2.2325e-02 3.8232e-02 -2.2325e-02 -2.2325e-02 8.4126e-03 -2.1019e-02 -2.7579e-02 1.0750e-02
-7.7021e-01 -8.0588e-01 -8.2029e-01 2.6765e-01 2.8669e-01 -9.4344e-01 2.6568e-01 -9.4078e-01 2.8575e-01 9.8203e-01 -9.5630e-01 -9.4344e-01 -9.4611e-01 -9.4611e-01 -9.4611e-01 -9.4355e-01 -9.4344e-01 -9.4344e-01 -9.4344e-01 2.8669e-01 2.8575e-01 1.0000e+00 9.4154e-01 7.3799e-01 9.3884e-01 2.0726e-01 2.0836e-01 -1.2264e-01 2.0615e-01 1.2913e-01 -6.0739e-01 -2.0394e-01 5.0869e-02 -4.4280e-01 -4.4546e-01 -3.9755e-01 8.1569e-02 -1.3315e-01 -6.8792e-03 1.4294e-01 -1.3975e-01 -1.3975e-01 -1.0916e-01 -2.5157e-03 -4.1547e-03 -1.0916e-01 -1.0916e-01 1.0916e-01 3.8906e-02 1.3975e-01 -1.0746e-01 9.1100e-03 -1.4193e-01 1.3975e-01 1.3975e-01 1.5510e-01 4.4903e-02 4.4903e-02 -7.8194e-02 9.7600e-02 4.9708e-02 -1.4372e-01 -8.2740e-02 -1.2450e-01 6.0484e-02 -1.2184e-02 2.6691e-02 -1.2450e-01 7.6376e-02 -8.9462e-03 -1.2701e-01 7.4156e-02 -2.0961e-02 -1.2701e-01 7.4156e-02 7.4156e-02 -1.2701e-01 7.5600e-02 -1.3235e-01 7.4156e-02 -7.3260e-02 7.9156e-02 -1.2991e-01 7.5743e-02 7.9156e-02 6.5932e-02 -1.2352e-02 7.6376e-02 -1.2701e-01 4.6538e-02 1.0725e-01 -1.0995e-01 4.5137e-02 -1.0311e-01 1.0663e-02 5.5165e-03 7.6376e-02 -9.5852e-03 4.6514e-02 8.0970e-02 4.4269e-02 4.4269e-02 5.1438e-02 4.7856e-02 4.4269e-02 7.9753e-02 7.9753e-02 7.9753e-02 7.9753e-02 7.5922e-02 8.6653e-02 8.5111e-02 -6.8477e-02 -6.7238e-02 -6.9658e-02 -6.9658e-02 -7.0839e-02 2.6419e-02 2.4240e-02 5.2144e-02 -2.3060e-02 -9.8412e-02 -3.7699e-02 -3.1548e-02 -3.1548e-02 -2.2404e-02 -4.4860e-02 -2.1057e-02 -3.1035e-02 -3.1035e-02 -4.9802e-02 2.9379e-02 1.4450e-03 -5.4202e-02 5.5960e-03 -5.4202e-02 -5.4202e-02 -1.6071e-02 -6.3360e-02 -7.2765e-02 8.2892e-02
-7.2013e-01 -7.5565e-01 -7.7003e-01 1.5773e-01 1.7300e-01 -8.8758e-01 1.5516e-01 -8.8492e-01 1.7174e-01 9.2422e-01 -8.9979e-01 -8.8758e-01 -8.9026e-01 -8.9026e-01 -8.9026e-01 -8.8782e-01 -8.8758e-01 -8.8758e-01 -8.8758e-01 1.7300e-01 1.7174e-01 9.4154e-01 1.0000e+00 6.9854e-01 9.9756e-01 2.2976e-01 2.3090e-01 -1.4869e-01 2.2863e-01 1.5476e-01 -5.7451e-01 -2.2634e-01 6.6930e-02 -4.1034e-01 -4.1302e-01 -3.6666e-01 3.8402e-02 -1.3649e-01 5.1236e-04 1.7582e-01 -1.4293e-01 -1.4293e-01 -1.0642e-01 4.1789e-03 -8.4519e-03 -1.0642e-01 -1.0642e-01 1.0642e-01 4.3998e-02 1.4293e-01 -1.1363e-01 1.5875e-02 -1.4522e-01 1.4293e-01 1.4293e-01 1.6243e-01 4.8955e-02 4.8955e-02 -7.8742e-02 1.0492e-01 4.2468e-02 -1.5444e-01 -1.1730e-01 -1.3976e-01 5.4508e-02 3.8050e-03 2.8198e-02 -1.3976e-01 8.1913e-02 7.1467e-03 -1.4165e-01 6.8470e-02 -5.5931e-03 -1.4165e-01 6.8470e-02 6.8470e-02 -1.4165e-01 6.9983e-02 -1.4659e-01 6.8470e-02 -6.3576e-02 8.9070e-02 -1.4475e-01 8.6791e-02 8.9070e-02 6.0973e-02 2.2363e-03 8.1913e-02 -1.4165e-01 3.9881e-02 1.2233e-01 -1.2238e-01 3.6303e-02 -1.1571e-01 -3.9791e-03 -6.2937e-03 8.1913e-02 -2.3443e-02 4.2472e-02 8.6717e-02 4.0486e-02 4.0486e-02 4.7275e-02 4.3884e-02 4.0486e-02 7.7415e-02 7.7415e-02 7.7415e-02 7.7415e-02 7.3791e-02 8.4259e-02 8.2641e-02 -7.7400e-02 -1.0611e-01 -7.8647e-02 -7.8647e-02 -7.9893e-02 1.7101e-02 1.1717e-02 6.0896e-02 -8.5518e-03 -1.1802e-01 -4.1294e-02 -1.6832e-02 -1.6832e-02 -8.2846e-03 -2.8367e-02 -5.8469e-03 -1.4846e-02 -1.4846e-02 -3.3995e-02 1.6397e-02 1.6404e-02 -6.8453e-02 2.0640e-02 -6.8453e-02 -6.8453e-02 -2.7534e-02 -7.7021e-02 -7.7507e-02 9.7193e-02
-5.3353e-01 -5.6172e-01 -5.7207e-01 2.1847e-01 2.1158e-01 -7.6739e-01 2.1710e-01 -7.6532e-01 2.1088e-01 7.4371e-01 -7.5719e-01 -7.6739e-01 -7.6946e-01 -7.6946e-01 -7.6946e-01 -7.6527e-01 -7.6739e-01 -7.6739e-01 -7.6739e-01 2.1158e-01 2.1088e-01 7.3799e-01 6.9854e-01 1.0000e+00 6.9428e-01 1.9039e-01 1.9111e-01 -2.0679e-01 1.8967e-01 2.0397e-01 -8.2527e-01 -1.8822e-01 1.6782e-01 -5.9866e-01 -6.0129e-01 -5.0463e-01 2.0834e-01 -1.9541e-01 -8.8557e-02 9.6670e-02 -2.0328e-01 -2.0328e-01 -2.2443e-01 -8.8433e-02 1.3250e-01 -2.2443e-01 -2.2443e-01 2.2443e-01 6.1654e-03 2.0328e-01 -1.5565e-01 -7.6137e-02 -2.0520e-01 2.0328e-01 2.0328e-01 1.9073e-01 1.0041e-01 1.0041e-01 -1.2577e-01 1.6529e-01 9.8772e-02 -2.0471e-01 -1.2429e-01 -1.8857e-01 1.2136e-01 -2.7305e-02 1.9698e-02 -1.8857e-01 4.9503e-02 -2.4828e-02 -1.9308e-01 1.4045e-01 -3.8774e-02 -1.9308e-01 1.4045e-01 1.4045e-01 -1.9308e-01 1.4162e-01 -2.0021e-01 1.4045e-01 -9.7713e-02 1.5325e-01 -1.9578e-01 1.4596e-01 1.5325e-01 1.4634e-01 -4.6742e-02 4.9503e-02 -1.9308e-01 1.3422e-01 7.0845e-02 -2.0087e-01 9.3377e-02 -1.9271e-01 4.5395e-02 5.2514e-02 4.9503e-02 4.1906e-02 1.6303e-01 5.3166e-02 1.5938e-01 1.5938e-01 1.6303e-01 1.6414e-01 1.5938e-01 1.7364e-01 1.7364e-01 1.7364e-01 1.7364e-01 1.7494e-01 1.7494e-01 1.7364e-01 3.8435e-02 -1.1513e-01 4.2977e-02 4.2977e-02 4.2078e-02 2.2724e-02 2.3114e-02 1.0389e-01 -4.5277e-03 -1.3741e-01 -1.6443e-02 -4.5277e-03 -4.5277e-03 2.9526e-02 -5.8515e-03 4.1714e-02 3.0223e-02 3.0223e-02 -7.4882e-03 -2.2760e-04 -2.5280e-02 -4.9398e-02 -2.1950e-02 -4.9398e-02 -4.9398e-02 -1.3011e-02 -4.5881e-02 -6.6000e-02 4.4153e-02
