1.0000e+00 -4.4544e-02 1.3126e-01 1.2968e-01 1.3126e-01 1.3126e-01 1.2968e-01 1.3086e-01 1.2929e-01 1.2251e-01 1.3007e-01 1.4243e-01 1.3166e-01 1.3047e-01 1.3047e-01 1.3166e-01 1.3166e-01 1.1439e-01 1.1478e-01 1.1556e-01 1.1517e-01 -7.2864e-02 1.1556e-01 -7.2864e-02 -3.2984e-02 1.1556e-01 1.1556e-01 1.1517e-01 1.1517e-01 1.1556e-01 1.1556e-01 1.1556e-01 1.1595e-01 1.1713e-01 1.1713e-01 1.1595e-01 1.1556e-01 1.1674e-01 1.1595e-01 1.1556e-01 -7.5056e-02 1.1556e-01 1.1556e-01 1.1595e-01 -7.4873e-02 1.2486e-01 -7.4690e-02 -7.4873e-02 -7.4873e-02 1.2387e-01 1.2387e-01 -7.4873e-02 -6.9565e-02 -5.5858e-02 -5.5656e-02 1.0093e-01 9.0536e-02 2.5959e-02 9.9589e-02 -1.0059e-02 1.0003e-01 1.0003e-01 -2.0753e-02 9.6545e-02 1.1092e-01 2.5959e-02 2.9044e-02 2.9512e-02 4.8471e-02 1.0626e-01 -3.8364e-02 2.8574e-02 1.1041e-01 2.8103e-02 8.8132e-02 2.9278e-02 9.0884e-02 3.8811e-02 -4.3614e-02 8.8472e-02 1.0512e-01 1.1142e-01 3.9033e-02 5.3621e-02 2.5907e-01 3.8138e-02 -2.4058e-02 3.5910e-02 1.1142e-01 8.8132e-02 1.1142e-01 3.9033e-02 8.9155e-02 -2.7196e-02 1.1142e-01 -4.6377e-02 8.8132e-02 3.2057e-02 8.8132e-02 1.1142e-01 1.1505e-01 -4.6377e-02 1.1142e-01 1.1400e-01 8.8132e-02 1.1400e-01 1.1142e-01 8.8132e-02 3.2286e-02 3.2286e-02 7.6996e-02 3.9521e-04 8.8132e-02 1.8680e-02 -2.3916e-02 7.7691e-02 5.3721e-03 1.1142e-01 1.0110e-01 -2.2703e-02 7.9975e-02 1.0164e-01 7.7343e-02 7.7691e-02 7.9975e-02 1.0110e-01 7.1277e-02 -1.4112e-02 1.0494e-01 8.4138e-02 1.0110e-01 1.0057e-01 1.0110e-01 7.8391e-02 -3.0440e-02 3.7595e-02 5.0502e-02 5.0502e-02 5.0502e-02 4.7217e-02 5.0502e-02 5.0502e-02 1.1665e-01 5.0502e-02 4.7217e-02 5.0502e-02 5.0502e-02 5.0502e-02 5.0502e-02 5.0502e-02 5.0502e-02 5.0074e-02 4.9646e-02 4.9646e-02 4.9646e-02 5.0074e-02 4.9860e-02 4.9860e-02 4.9860e-02 -4.6797e-02 4.9646e-02 4.9860e-02 4.9860e-02 -1.5575e-02 -3.3902e-03 -3.3902e-03 -3.1494e-03 -4.7008e-02 4.9646e-02 5.0502e-02 4.9860e-02 4.9646e-02 5.0074e-02 4.9860e-02 4.9860e-02 4.9860e-02 4.9860e-02 8.6231e-03 -2.9704e-02 -2.9950e-02 -2.9950e-02 -3.6321e-02 -9.2020e-03 -3.1479e-02
-4.4544e-02 1.0000e+00 -2.3747e-01 -2.3978e-01 -2.3747e-01 -2.3747e-01 -2.3978e-01 -2.3805e-01 -2.4036e-01 -2.5082e-01 -2.3920e-01 -1.9837e-01 -2.3689e-01 -2.3863e-01 -2.3863e-01 -2.3689e-01 -2.3689e-01 -1.9424e-01 -1.9362e-01 -1.9237e-01 -1.9299e-01 5.4347e-01 -1.9237e-01 5.4347e-01 7.0529e-01 -1.9237e-01 -1.8563e-01 -1.8626e-01 -1.8626e-01 -1.8563e-01 -1.8563e-01 -1.8563e-01 -1.8500e-01 -1.8311e-01 -1.8311e-01 -1.8500e-01 -1.8563e-01 -1.8374e-01 -1.8500e-01 -1.8563e-01 5.1981e-01 -1.8563e-01 -1.8563e-01 -1.8500e-01 5.2118e-01 -1.9490e-01 5.1585e-01 5.2118e-01 5.2118e-01 -1.9606e-01 -1.9606e-01 5.2118e-01 4.8463e-01 5.0243e-01 5.0379e-01 -1.8434e-01 -2.2279e-01 -3.7614e-01 -1.8614e-01 6.1511e-01 -1.8554e-01 -1.8554e-01 5.4676e-01 -1.9033e-01 -1.7162e-01 -4.1889e-01 -3.9313e-01 -3.9037e-01 -3.9453e-01 -2.2101e-01 4.6121e-01 -3.9593e-01 -1.7224e-01 -3.9874e-01 -2.2040e-01 -3.9175e-01 -2.1556e-01 -4.5014e-01 4.2126e-01 -2.1980e-01 -1.9944e-01 -1.7101e-01 -4.5591e-01 -3.6154e-01 -3.5625e-02 -3.4216e-01 5.0547e-01 -3.5413e-01 -1.7101e-01 -2.2040e-01 -1.7101e-01 -4.5591e-01 -2.1859e-01 4.7653e-01 -1.7101e-01 4.0171e-01 -2.2040e-01 -3.7561e-01 -2.2040e-01 -1.7101e-01 -1.7441e-01 4.0171e-01 -1.7101e-01 -1.7561e-01 -2.2040e-01 -1.7561e-01 -1.7101e-01 -2.2040e-01 -3.7430e-01 -3.7430e-01 -2.1381e-01 5.1061e-01 -2.2040e-01 -3.5240e-01 3.2716e-01 -2.1262e-01 4.6221e-01 -1.7101e-01 -1.6531e-01 5.0969e-01 -2.3560e-01 -1.7266e-01 -2.1321e-01 -2.1262e-01 -2.3560e-01 -1.6531e-01 -2.2399e-01 5.8920e-01 -1.6908e-01 -2.3420e-01 -1.6531e-01 -1.6592e-01 -1.6531e-01 -2.1142e-01 4.4827e-01 -2.1030e-01 -2.2410e-01 -2.2410e-01 -2.2410e-01 -3.2531e-01 -2.2410e-01 -2.2410e-01 -1.7260e-01 -2.2410e-01 -3.2531e-01 -2.2410e-01 -2.2410e-01 -2.2410e-01 -2.2410e-01 -2.2410e-01 -2.2410e-01 -2.2598e-01 -2.2787e-01 -2.2787e-01 -2.2787e-01 -2.2598e-01 -2.2692e-01 -2.2692e-01 -2.2692e-01 3.2797e-01 -2.2787e-01 -2.2692e-01 -2.2692e-01 2.3236e-01 -1.6327e-01 -1.6941e-01 -1.6860e-01 3.3371e-01 -2.2787e-01 -2.3046e-01 -2.2692e-01 -2.2787e-01 -2.3235e-01 -2.2692e-01 -2.2692e-01 -2.2692e-01 -2.2692e-01 -2.2872e-01 -1.0075e-01 -1.0151e-01 -1.0151e-01 -4.9751e-02 1.0228e-02 -6.2715e-02
1.3126e-01 -2.3747e-01 1.0000e+00 9.9036e-01 1.0000e+00 1.0000e+00 9.9036e-01 9.9757e-01 9.8797e-01 9.4202e-01 9.8790e-01 8.3535e-01 9.9757e-01 9.9030e-01 9.8545e-01 9.9270e-01 9.9757e-01 8.9981e-01 9.0219e-01 9.0696e-01 9.0457e-01 -3.8846e-01 9.0696e-01 -3.8846e-01 -1.7584e-01 9.0696e-01 9.0696e-01 9.0457e-01 9.0457e-01 9.0696e-01 9.0206e-01 9.0206e-01 9.0446e-01 8.9694e-01 8.9694e-01 9.0446e-01 9.0206e-01 8.9452e-01 9.0446e-01 9.0206e-01 -3.9527e-01 9.0206e-01 9.0206e-01 9.0446e-01 -3.9429e-01 8.1000e-01 -3.9331e-01 -3.9429e-01 -3.9429e-01 8.0420e-01 8.0420e-01 -3.9429e-01 -2.2144e-01 -3.7379e-01 -3.6790e-01 6.7843e-01 5.2537e-01 4.5856e-02 6.7591e-01 -1.5474e-01 6.7851e-01 6.7851e-01 -1.7318e-01 6.9471e-01 6.1571e-01 8.7312e-02 1.0468e-01 1.0731e-01 1.0846e-01 5.2956e-01 -4.2978e-02 1.0714e-01 6.0749e-01 1.0962e-01 5.2663e-01 1.0091e-01 5.3691e-01 3.5013e-02 -6.6917e-02 5.2371e-01 5.0933e-01 6.0190e-01 3.6512e-02 8.6157e-02 7.9953e-02 7.7785e-02 -1.0037e-01 1.0382e-01 6.0190e-01 5.2185e-01 6.0190e-01 4.1971e-02 5.2745e-01 -6.9281e-02 6.0190e-01 -3.8347e-02 5.2663e-01 1.0155e-01 5.2185e-01 6.0190e-01 6.1015e-01 -3.8347e-02 6.0190e-01 6.0455e-01 5.2663e-01 6.0455e-01 6.0190e-01 5.2185e-01 7.2870e-02 7.2870e-02 4.7623e-01 -1.1442e-01 5.2185e-01 1.0534e-02 -4.0335e-02 4.7517e-01 -9.6410e-02 6.0190e-01 5.5632e-01 -9.9121e-02 3.9288e-01 5.5922e-01 4.7325e-01 4.7027e-01 3.8819e-01 5.5632e-01 4.3979e-01 -1.0050e-01 5.6530e-01 4.0998e-01 5.5632e-01 5.5344e-01 5.5632e-01 4.7904e-01 -8.3108e-02 5.3106e-02 1.1260e-01 1.1260e-01 1.1260e-01 1.4163e-01 1.1260e-01 1.1260e-01 6.0179e-01 1.1260e-01 1.4163e-01 1.1260e-01 1.1260e-01 1.1260e-01 1.1260e-01 1.1260e-01 1.1260e-01 1.1011e-01 1.0760e-01 1.0760e-01 1.0760e-01 1.0547e-01 1.0886e-01 1.0886e-01 1.0886e-01 -1.3908e-01 1.0760e-01 1.0886e-01 1.0886e-01 -6.5973e-02 -1.0097e-01 -1.0097e-01 -9.9662e-02 -1.4036e-01 1.0760e-01 1.1260e-01 1.0886e-01 1.0760e-01 1.1011e-01 1.0886e-01 1.0886e-01 1.0886e-01 1.0886e-01 1.3137e-01 1.0473e-02 1.4676e-02 1.4676e-02 1.0851e-02 -2.0498e-02 4.5345e-02
1.2968e-01 -2.3978e-01 9.9036e-01 1.0000e+00 9.9036e-01 9.9036e-01 1.0000e+00 9.9277e-01 9.9759e-01 9.4651e-01 9.9759e-01 8.2729e-01 9.8795e-01 9.9518e-01 9.9518e-01 9.8795e-01 9.8795e-01 9.1013e-01 8.9303e-01 8.9781e-01 9.0029e-01 -3.8732e-01 9.0270e-01 -3.8732e-01 -1.7756e-01 9.0270e-01 8.9781e-01 9.0029e-01 9.0029e-01 8.9781e-01 8.9781e-01 8.9781e-01 8.9533e-01 8.8788e-01 8.8788e-01 8.9533e-01 8.9781e-01 8.9036e-01 8.9533e-01 8.9781e-01 -3.9433e-01 8.9781e-01 8.9781e-01 8.9533e-01 -3.9334e-01 8.0213e-01 -3.9235e-01 -3.9334e-01 -3.9334e-01 8.0699e-01 8.0699e-01 -3.9334e-01 -2.1780e-01 -3.7290e-01 -3.6702e-01 6.8159e-01 5.3195e-01 4.5370e-02 6.8425e-01 -1.4955e-01 6.8160e-01 6.8160e-01 -1.6935e-01 7.0271e-01 6.1980e-01 8.6657e-02 1.0422e-01 1.0688e-01 1.0796e-01 5.3114e-01 -4.1726e-02 1.0663e-01 6.1158e-01 1.0906e-01 5.2825e-01 1.0049e-01 5.4348e-01 3.3841e-02 -6.6111e-02 5.2536e-01 5.1213e-01 6.0608e-01 3.5357e-02 8.6244e-02 7.8793e-02 7.8207e-02 -9.7255e-02 1.0395e-01 6.0608e-01 5.2825e-01 6.0608e-01 3.5357e-02 5.3391e-01 -6.6669e-02 6.0608e-01 -3.7934e-02 5.2825e-01 9.6382e-02 5.2825e-01 6.0608e-01 6.0340e-01 -3.7934e-02 6.0608e-01 6.0890e-01 5.2825e-01 6.0890e-01 6.0608e-01 5.2825e-01 7.2819e-02 7.2819e-02 4.7857e-01 -1.1637e-01 5.2825e-01 1.1176e-02 -4.1255e-02 4.7756e-01 -9.8241e-02 6.0608e-01 5.6150e-01 -9.5842e-02 3.9450e-01 5.6443e-01 4.8050e-01 4.7756e-01 3.9450e-01 5.6150e-01 4.4188e-01 -1.0314e-01 5.5904e-01 4.1653e-01 5.6150e-01 5.6433e-01 5.6150e-01 4.8146e-01 -8.0818e-02 5.5011e-02 1.1389e-01 1.0928e-01 1.0928e-01 1.4088e-01 1.0928e-01 1.0928e-01 5.9511e-01 1.0928e-01 1.4088e-01 1.0928e-01 1.0928e-01 1.0928e-01 1.0928e-01 1.0928e-01 1.0928e-01 1.0676e-01 1.0884e-01 1.0884e-01 1.0884e-01 1.0214e-01 1.0549e-01 1.0549e-01 1.0549e-01 -1.3830e-01 1.0884e-01 1.0549e-01 1.0549e-01 -6.6852e-02 -1.0208e-01 -9.7636e-02 -1.0076e-01 -1.3959e-01 1.0884e-01 1.0928e-01 1.0549e-01 1.0884e-01 1.0676e-01 1.0549e-01 1.0549e-01 1.0549e-01 1.0549e-01 1.2565e-01 1.2464e-02 1.6621e-02 1.6621e-02 8.1286e-03 -2.1092e-02 4.2838e-02
1.3126e-01 -2.3747e-01 1.0000e+00 9.9036e-01 1.0000e+00 1.0000e+00 9.9036e-01 9.9757e-01 9.8797e-01 9.4202e-01 9.8790e-01 8.3535e-01 9.9757e-01 9.9030e-01 9.8545e-01 9.9270e-01 9.9757e-01 8.9981e-01 9.0219e-01 9.0696e-01 9.0457e-01 -3.8846e-01 9.0696e-01 -3.8846e-01 -1.7584e-01 9.0696e-01 9.0696e-01 9.0457e-01 9.0457e-01 9.0696e-01 9.0206e-01 9.0206e-01 9.0446e-01 8.9694e-01 8.9694e-01 9.0446e-01 9.0206e-01 8.9452e-01 9.0446e-01 9.0206e-01 -3.9527e-01 9.0206e-01 9.0206e-01 9.0446e-01 -3.9429e-01 8.1000e-01 -3.9331e-01 -3.9429e-01 -3.9429e-01 8.0420e-01 8.0420e-01 -3.9429e-01 -2.2144e-01 -3.7379e-01 -3.6790e-01 6.7843e-01 5.2537e-01 4.5856e-02 6.7591e-01 -1.5474e-01 6.7851e-01 6.7851e-01 -1.7318e-01 6.9471e-01 6.1571e-01 8.7312e-02 1.0468e-01 1.0731e-01 1.0846e-01 5.2956e-01 -4.2978e-02 1.0714e-01 6.0749e-01 1.0962e-01 5.2663e-01 1.0091e-01 5.3691e-01 3.5013e-02 -6.6917e-02 5.2371e-01 5.0933e-01 6.0190e-01 3.6512e-02 8.6157e-02 7.9953e-02 7.7785e-02 -1.0037e-01 1.0382e-01 6.0190e-01 5.2185e-01 6.0190e-01 4.1971e-02 5.2745e-01 -6.9281e-02 6.0190e-01 -3.8347e-02 5.2663e-01 1.0155e-01 5.2185e-01 6.0190e-01 6.1015e-01 -3.8347e-02 6.0190e-01 6.0455e-01 5.2663e-01 6.0455e-01 6.0190e-01 5.2185e-01 7.2870e-02 7.2870e-02 4.7623e-01 -1.1442e-01 5.2185e-01 1.0534e-02 -4.0335e-02 4.7517e-01 -9.6410e-02 6.0190e-01 5.5632e-01 -9.9121e-02 3.9288e-01 5.5922e-01 4.7325e-01 4.7027e-01 3.8819e-01 5.5632e-01 4.3979e-01 -1.0050e-01 5.6530e-01 4.0998e-01 5.5632e-01 5.5344e-01 5.5632e-01 4.7904e-01 -8.3108e-02 5.3106e-02 1.1260e-01 1.1260e-01 1.1260e-01 1.4163e-01 1.1260e-01 1.1260e-01 6.0179e-01 1.1260e-01 1.4163e-01 1.1260e-01 1.1260e-01 1.1260e-01 1.1260e-01 1.1260e-01 1.1260e-01 1.1011e-01 1.0760e-01 1.0760e-01 1.0760e-01 1.0547e-01 1.0886e-01 1.0886e-01 1.0886e-01 -1.3908e-01 1.0760e-01 1.0886e-01 1.0886e-01 -6.5973e-02 -1.0097e-01 -1.0097e-01 -9.9662e-02 -1.4036e-01 1.0760e-01 1.1260e-01 1.0886e-01 1.0760e-01 1.1011e-01 1.0886e-01 1.0886e-01 1.0886e-01 1.0886e-01 1.3137e-01 1.0473e-02 1.4676e-02 1.4676e-02 1.0851e-02 -2.0498e-02 4.5345e-02
1.3126e-01 -2.3747e-01 1.0000e+00 9.9036e-01 1.0000e+00 1.0000e+00 9.9036e-01 9.9757e-01 9.8797e-01 9.4202e-01 9.8790e-01 8.3535e-01 9.9757e-01 9.9030e-01 9.8545e-01 9.9270e-01 9.9757e-01 8.9981e-01 9.0219e-01 9.0696e-01 9.0457e-01 -3.8846e-01 9.0696e-01 -3.8846e-01 -1.7584e-01 9.0696e-01 9.0696e-01 9.0457e-01 9.0457e-01 9.0696e-01 9.0206e-01 9.0206e-01 9.0446e-01 8.9694e-01 8.9694e-01 9.0446e-01 9.0206e-01 8.9452e-01 9.0446e-01 9.0206e-01 -3.9527e-01 9.0206e-01 9.0206e-01 9.0446e-01 -3.9429e-01 8.1000e-01 -3.9331e-01 -3.9429e-01 -3.9429e-01 8.0420e-01 8.0420e-01 -3.9429e-01 -2.2144e-01 -3.7379e-01 -3.6790e-01 6.7843e-01 5.2537e-01 4.5856e-02 6.7591e-01 -1.5474e-01 6.7851e-01 6.7851e-01 -1.7318e-01 6.9471e-01 6.1571e-01 8.7312e-02 1.0468e-01 1.0731e-01 1.0846e-01 5.2956e-01 -4.2978e-02 1.0714e-01 6.0749e-01 1.0962e-01 5.2663e-01 1.0091e-01 5.3691e-01 3.5013e-02 -6.6917e-02 5.2371e-01 5.0933e-01 6.0190e-01 3.6512e-02 8.6157e-02 7.9953e-02 7.7785e-02 -1.0037e-01 1.0382e-01 6.0190e-01 5.2185e-01 6.0190e-01 4.1971e-02 5.2745e-01 -6.9281e-02 6.0190e-01 -3.8347e-02 5.2663e-01 1.0155e-01 5.2185e-01 6.0190e-01 6.1015e-01 -3.8347e-02 6.0190e-01 6.0455e-01 5.2663e-01 6.0455e-01 6.0190e-01 5.2185e-01 7.2870e-02 7.2870e-02 4.7623e-01 -1.1442e-01 5.2185e-01 1.0534e-02 -4.0335e-02 4.7517e-01 -9.6410e-02 6.0190e-01 5.5632e-01 -9.9121e-02 3.9288e-01 5.5922e-01 4.7325e-01 4.7027e-01 3.8819e-01 5.5632e-01 4.3979e-01 -1.0050e-01 5.6530e-01 4.0998e-01 5.5632e-01 5.5344e-01 5.5632e-01 4.7904e-01 -8.3108e-02 5.3106e-02 1.1260e-01 1.1260e-01 1.1260e-01 1.4163e-01 1.1260e-01 1.1260e-01 6.0179e-01 1.1260e-01 1.4163e-01 1.1260e-01 1.1260e-01 1.1260e-01 1.1260e-01 1.1260e-01 1.1260e-01 1.1011e-01 1.0760e-01 1.0760e-01 1.0760e-01 1.0547e-01 1.0886e-01 1.0886e-01 1.0886e-01 -1.3908e-01 1.0760e-01 1.0886e-01 1.0886e-01 -6.5973e-02 -1.0097e-01 -1.0097e-01 -9.9662e-02 -1.4036e-01 1.0760e-01 1.1260e-01 1.0886e-01 1.0760e-01 1.1011e-01 1.0886e-01 1.0886e-01 1.0886e-01 1.0886e-01 1.3137e-01 1.0473e-02 1.4676e-02 1.4676e-02 1.0851e-02 -2.0498e-02 4.5345e-02
1.2968e-01 -2.3978e-01 9.9036e-01 1.0000e+00 9.9036e-01 9.9036e-01 1.0000e+00 9.9277e-01 9.9759e-01 9.4651e-01 9.9759e-01 8.2729e-01 9.8795e-01 9.9518e-01 9.9518e-01 9.8795e-01 9.8795e-01 9.1013e-01 8.9303e-01 8.9781e-01 9.0029e-01 -3.8732e-01 9.0270e-01 -3.8732e-01 -1.7756e-01 9.0270e-01 8.9781e-01 9.0029e-01 9.0029e-01 8.9781e-01 8.9781e-01 8.9781e-01 8.9533e-01 8.8788e-01 8.8788e-01 8.9533e-01 8.9781e-01 8.9036e-01 8.9533e-01 8.9781e-01 -3.9433e-01 8.9781e-01 8.9781e-01 8.9533e-01 -3.9334e-01 8.0213e-01 -3.9235e-01 -3.9334e-01 -3.9334e-01 8.0699e-01 8.0699e-01 -3.9334e-01 -2.1780e-01 -3.7290e-01 -3.6702e-01 6.8159e-01 5.3195e-01 4.5370e-02 6.8425e-01 -1.4955e-01 6.8160e-01 6.8160e-01 -1.6935e-01 7.0271e-01 6.1980e-01 8.6657e-02 1.0422e-01 1.0688e-01 1.0796e-01 5.3114e-01 -4.1726e-02 1.0663e-01 6.1158e-01 1.0906e-01 5.2825e-01 1.0049e-01 5.4348e-01 3.3841e-02 -6.6111e-02 5.2536e-01 5.1213e-01 6.0608e-01 3.5357e-02 8.6244e-02 7.8793e-02 7.8207e-02 -9.7255e-02 1.0395e-01 6.0608e-01 5.2825e-01 6.0608e-01 3.5357e-02 5.3391e-01 -6.6669e-02 6.0608e-01 -3.7934e-02 5.2825e-01 9.6382e-02 5.2825e-01 6.0608e-01 6.0340e-01 -3.7934e-02 6.0608e-01 6.0890e-01 5.2825e-01 6.0890e-01 6.0608e-01 5.2825e-01 7.2819e-02 7.2819e-02 4.7857e-01 -1.1637e-01 5.2825e-01 1.1176e-02 -4.1255e-02 4.7756e-01 -9.8241e-02 6.0608e-01 5.6150e-01 -9.5842e-02 3.9450e-01 5.6443e-01 4.8050e-01 4.7756e-01 3.9450e-01 5.6150e-01 4.4188e-01 -1.0314e-01 5.5904e-01 4.1653e-01 5.6150e-01 5.6433e-01 5.6150e-01 4.8146e-01 -8.0818e-02 5.5011e-02 1.1389e-01 1.0928e-01 1.0928e-01 1.4088e-01 1.0928e-01 1.0928e-01 5.9511e-01 1.0928e-01 1.4088e-01 1.0928e-01 1.0928e-01 1.0928e-01 1.0928e-01 1.0928e-01 1.0928e-01 1.0676e-01 1.0884e-01 1.0884e-01 1.0884e-01 1.0214e-01 1.0549e-01 1.0549e-01 1.0549e-01 -1.3830e-01 1.0884e-01 1.0549e-01 1.0549e-01 -6.6852e-02 -1.0208e-01 -9.7636e-02 -1.0076e-01 -1.3959e-01 1.0884e-01 1.0928e-01 1.0549e-01 1.0884e-01 1.0676e-01 1.0549e-01 1.0549e-01 1.0549e-01 1.0549e-01 1.2565e-01 1.2464e-02 1.6621e-02 1.6621e-02 8.1286e-03 -2.1092e-02 4.2838e-02
1.3086e-01 -2.3805e-01 9.9757e-01 9.9277e-01 9.9757e-01 9.9757e-01 9.9277e-01 1.0000e+00 9.9038e-01 9.3957e-01 9.9032e-01 8.3332e-01 9.9515e-01 9.8788e-01 9.8788e-01 9.9515e-01 9.9515e-01 9.0239e-01 8.9988e-01 9.0466e-01 9.0716e-01 -3.8940e-01 9.0956e-01 -3.8940e-01 -1.7627e-01 9.0956e-01 9.0466e-01 9.0716e-01 9.0716e-01 9.0466e-01 9.0466e-01 9.0466e-01 9.0216e-01 8.9466e-01 8.9466e-01 9.0216e-01 9.0466e-01 8.9716e-01 9.0216e-01 9.0466e-01 -3.9625e-01 9.0466e-01 9.0466e-01 9.0216e-01 -3.9526e-01 8.0802e-01 -3.9428e-01 -3.9526e-01 -3.9526e-01 8.0221e-01 8.0221e-01 -3.9526e-01 -2.1822e-01 -3.7478e-01 -3.6890e-01 6.7656e-01 5.2822e-01 4.7028e-02 6.7932e-01 -1.5529e-01 6.7663e-01 6.7663e-01 -1.7385e-01 6.9802e-01 6.1398e-01 8.8441e-02 1.0583e-01 1.0846e-01 1.0960e-01 5.2756e-01 -4.4034e-02 1.0829e-01 6.0576e-01 1.1076e-01 5.2464e-01 1.0207e-01 5.3976e-01 3.6084e-02 -6.8030e-02 5.2172e-01 5.0751e-01 6.0018e-01 3.7585e-02 8.7411e-02 7.9662e-02 7.9103e-02 -1.0116e-01 1.0508e-01 6.0018e-01 5.2464e-01 6.0018e-01 3.7585e-02 5.3026e-01 -7.0147e-02 6.0018e-01 -3.9534e-02 5.2464e-01 9.7757e-02 5.2464e-01 6.0018e-01 6.0845e-01 -3.9534e-02 6.0018e-01 6.0285e-01 5.2464e-01 6.0285e-01 6.0018e-01 5.2464e-01 7.4105e-02 7.4105e-02 4.7437e-01 -1.1491e-01 5.2464e-01 1.1911e-02 -4.1756e-02 4.7332e-01 -9.6869e-02 6.0018e-01 5.5473e-01 -9.9895e-02 3.9094e-01 5.5763e-01 4.7629e-01 4.7332e-01 3.9094e-01 5.5473e-01 4.3791e-01 -1.0116e-01 5.6373e-01 4.1280e-01 5.5473e-01 5.5761e-01 5.5473e-01 4.7719e-01 -8.4005e-02 5.4723e-02 1.1408e-01 1.0946e-01 1.0946e-01 1.4272e-01 1.0946e-01 1.0946e-01 6.0011e-01 1.0946e-01 1.4272e-01 1.0946e-01 1.0946e-01 1.0946e-01 1.0946e-01 1.0946e-01 1.0946e-01 1.0695e-01 1.0907e-01 1.0907e-01 1.0907e-01 1.0232e-01 1.0570e-01 1.0570e-01 1.0570e-01 -1.4017e-01 1.0907e-01 1.0570e-01 1.0570e-01 -6.6193e-02 -1.0348e-01 -9.9022e-02 -1.0216e-01 -1.4145e-01 1.0907e-01 1.0946e-01 1.0570e-01 1.0907e-01 1.0695e-01 1.0570e-01 1.0570e-01 1.0570e-01 1.0570e-01 1.2738e-01 9.4887e-03 1.3684e-02 1.3684e-02 1.0169e-02 -2.0647e-02 4.4716e-02
1.2929e-01 -2.4036e-01 9.8797e-01 9.9759e-01 9.8797e-01 9.8797e-01 9.9759e-01 9.9038e-01 1.0000e+00 9.4410e-01 9.9519e-01 8.2530e-01 9.8557e-01 9.9278e-01 9.9278e-01 9.8557e-01 9.8557e-01 9.0785e-01 8.9076e-01 8.9555e-01 8.9802e-01 -3.8828e-01 9.0043e-01 -3.8828e-01 -1.7798e-01 9.0043e-01 8.9555e-01 8.9802e-01 8.9802e-01 8.9555e-01 8.9555e-01 8.9555e-01 8.9307e-01 8.8564e-01 8.8564e-01 8.9307e-01 8.9555e-01 8.8811e-01 8.9307e-01 8.9555e-01 -3.9532e-01 8.9555e-01 8.9555e-01 8.9307e-01 -3.9432e-01 8.0018e-01 -3.9333e-01 -3.9432e-01 -3.9432e-01 8.0503e-01 8.0503e-01 -3.9432e-01 -2.1919e-01 -3.7390e-01 -3.6803e-01 6.7974e-01 5.3479e-01 4.6539e-02 6.8765e-01 -1.5011e-01 6.8501e-01 6.8501e-01 -1.7003e-01 7.0601e-01 6.2357e-01 8.7784e-02 1.0537e-01 1.0803e-01 1.0911e-01 5.3392e-01 -4.2780e-02 1.0778e-01 6.1534e-01 1.1020e-01 5.3104e-01 1.0165e-01 5.4632e-01 3.4910e-02 -6.7222e-02 5.2816e-01 5.1534e-01 6.0987e-01 3.6428e-02 8.7496e-02 7.8506e-02 7.9520e-02 -9.8047e-02 1.0520e-01 6.0987e-01 5.3104e-01 6.0987e-01 3.6428e-02 5.3672e-01 -6.7536e-02 6.0987e-01 -3.9117e-02 5.3104e-01 9.7587e-02 5.3104e-01 6.0987e-01 6.0173e-01 -3.9117e-02 6.0987e-01 6.0722e-01 5.3104e-01 6.0722e-01 6.0987e-01 5.3104e-01 7.4051e-02 7.4051e-02 4.8159e-01 -1.1685e-01 5.3104e-01 1.2547e-02 -4.2670e-02 4.8060e-01 -9.8698e-02 6.0987e-01 5.6567e-01 -9.6618e-02 3.9724e-01 5.6861e-01 4.8353e-01 4.8060e-01 3.9724e-01 5.6567e-01 4.4480e-01 -1.0380e-01 5.5749e-01 4.1934e-01 5.6567e-01 5.6848e-01 5.6567e-01 4.8451e-01 -8.1716e-02 5.6621e-02 1.1536e-01 1.1076e-01 1.1076e-01 1.4197e-01 1.1076e-01 1.1076e-01 5.9346e-01 1.1076e-01 1.4197e-01 1.1076e-01 1.1076e-01 1.1076e-01 1.1076e-01 1.1076e-01 1.1076e-01 1.0823e-01 1.1031e-01 1.1031e-01 1.1031e-01 1.0362e-01 1.0696e-01 1.0696e-01 1.0696e-01 -1.3939e-01 1.1031e-01 1.0696e-01 1.0696e-01 -6.7071e-02 -1.0014e-01 -9.5696e-02 -9.8810e-02 -1.4068e-01 1.1031e-01 1.1076e-01 1.0696e-01 1.1031e-01 1.0823e-01 1.0696e-01 1.0696e-01 1.0696e-01 1.0696e-01 1.2678e-01 1.1482e-02 1.5632e-02 1.5632e-02 7.4515e-03 -2.1240e-02 4.2215e-02
1.2251e-01 -2.5082e-01 9.4202e-01 9.4651e-01 9.4202e-01 9.4202e-01 9.4651e-01 9.3957e-01 9.4410e-01 1.0000e+00 9.4894e-01 7.9088e-01 9.4447e-01 9.5138e-01 9.4663e-01 9.3971e-01 9.4447e-01 8.6351e-01 8.5156e-01 8.5638e-01 8.5397e-01 -4.0547e-01 8.5638e-01 -4.0547e-01 -1.8573e-01 8.5638e-01 8.5638e-01 8.5397e-01 8.5397e-01 8.5638e-01 8.5159e-01 8.5159e-01 8.5401e-01 8.4688e-01 8.4688e-01 8.5401e-01 8.5159e-01 8.4444e-01 8.5401e-01 8.5159e-01 -4.1311e-01 8.5159e-01 8.5159e-01 8.5401e-01 -4.1207e-01 7.6655e-01 -4.1103e-01 -4.1207e-01 -4.1207e-01 7.7120e-01 7.7120e-01 -4.1207e-01 -2.4846e-01 -3.9193e-01 -3.8609e-01 6.4772e-01 4.8656e-01 6.7247e-02 6.3981e-01 -1.6022e-01 6.4243e-01 6.4243e-01 -1.8214e-01 6.5761e-01 5.8298e-01 1.0780e-01 1.2586e-01 1.2859e-01 1.2947e-01 4.9001e-01 -6.1465e-02 1.2810e-01 5.7485e-01 1.3036e-01 4.8723e-01 1.2226e-01 4.9794e-01 5.3847e-02 -8.6927e-02 4.8445e-01 4.7405e-01 5.6955e-01 5.5400e-02 1.0971e-01 7.3502e-02 1.0282e-01 -1.1215e-01 1.2747e-01 5.6955e-01 4.8255e-01 5.6955e-01 6.0740e-02 4.8827e-01 -8.2919e-02 5.6955e-01 -6.0069e-02 4.8723e-01 1.1897e-01 4.8255e-01 5.6955e-01 5.7277e-01 -6.0069e-02 5.6955e-01 5.7804e-01 4.8723e-01 5.7804e-01 5.6955e-01 4.8255e-01 9.5895e-02 9.5895e-02 4.3972e-01 -1.2555e-01 4.8255e-01 3.6796e-02 -6.7728e-02 4.3885e-01 -1.0687e-01 5.6955e-01 5.2693e-01 -1.1042e-01 3.5438e-01 5.2986e-01 4.3688e-01 4.3405e-01 3.4979e-01 5.2693e-01 4.0270e-01 -1.1554e-01 5.3062e-01 3.7216e-01 5.2693e-01 5.2403e-01 5.2693e-01 4.4279e-01 -9.7672e-02 8.0670e-02 1.3699e-01 1.3699e-01 1.3699e-01 1.5640e-01 1.3699e-01 1.3699e-01 5.6482e-01 1.3699e-01 1.5640e-01 1.3699e-01 1.3699e-01 1.3699e-01 1.3699e-01 1.3699e-01 1.3699e-01 1.3890e-01 1.3629e-01 1.3629e-01 1.3629e-01 1.3437e-01 1.3760e-01 1.3760e-01 1.3760e-01 -1.5876e-01 1.3629e-01 1.3760e-01 1.3760e-01 -7.1015e-02 -6.1504e-02 -6.1504e-02 -6.0133e-02 -1.6009e-01 1.3629e-01 1.4151e-01 1.3760e-01 1.3629e-01 1.3890e-01 1.3760e-01 1.3760e-01 1.3760e-01 1.3760e-01 1.3673e-01 4.0610e-02 4.4514e-02 4.4514e-02 1.8567e-02 5.9924e-02 5.7306e-02
1.3007e-01 -2.3920e-01 9.8790e-01 9.9759e-01 9.8790e-01 9.8790e-01 9.9759e-01 9.9032e-01 9.9519e-01 9.4894e-01 1.0000e+00 8.2929e-01 9.9034e-01 9.9758e-01 9.9758e-01 9.9034e-01 9.9034e-01 9.1243e-01 8.9530e-01 9.0008e-01 9.0257e-01 -3.8637e-01 9.0498e-01 -3.8637e-01 -1.7713e-01 9.0498e-01 9.0008e-01 9.0257e-01 9.0257e-01 9.0008e-01 9.0008e-01 9.0008e-01 8.9759e-01 8.9013e-01 8.9013e-01 8.9759e-01 9.0008e-01 8.9262e-01 8.9759e-01 9.0008e-01 -3.9335e-01 9.0008e-01 9.0008e-01 8.9759e-01 -3.9236e-01 8.0409e-01 -3.9137e-01 -3.9236e-01 -3.9236e-01 8.0896e-01 8.0896e-01 -3.9236e-01 -2.1641e-01 -3.7190e-01 -3.6602e-01 6.8344e-01 5.2910e-01 4.4199e-02 6.8085e-01 -1.4898e-01 6.7818e-01 6.7818e-01 -1.6868e-01 6.9941e-01 6.1603e-01 8.5528e-02 1.0306e-01 1.0572e-01 1.0681e-01 5.2836e-01 -4.0669e-02 1.0549e-01 6.0781e-01 1.0792e-01 5.2546e-01 9.9326e-02 5.4063e-01 3.2769e-02 -6.4998e-02 5.2255e-01 5.0892e-01 6.0228e-01 3.4284e-02 8.4990e-02 7.9082e-02 7.6891e-02 -9.6461e-02 1.0269e-01 6.0228e-01 5.2546e-01 6.0228e-01 3.4284e-02 5.3110e-01 -6.5802e-02 6.0228e-01 -3.6749e-02 5.2546e-01 9.5176e-02 5.2546e-01 6.0228e-01 6.0508e-01 -3.6749e-02 6.0228e-01 6.1059e-01 5.2546e-01 6.1059e-01 6.0228e-01 5.2546e-01 7.1585e-02 7.1585e-02 4.7554e-01 -1.1588e-01 5.2546e-01 9.8018e-03 -3.9837e-02 4.7451e-01 -9.7784e-02 6.0228e-01 5.5733e-01 -9.5066e-02 3.9176e-01 5.6024e-01 4.7747e-01 4.7451e-01 3.9176e-01 5.5733e-01 4.3896e-01 -1.0248e-01 5.6060e-01 4.1371e-01 5.5733e-01 5.6018e-01 5.5733e-01 4.7840e-01 -7.9918e-02 5.3399e-02 1.1242e-01 1.0780e-01 1.0780e-01 1.3978e-01 1.0780e-01 1.0780e-01 5.9677e-01 1.0780e-01 1.3978e-01 1.0780e-01 1.0780e-01 1.0780e-01 1.0780e-01 1.0780e-01 1.0780e-01 1.0528e-01 1.0738e-01 1.0738e-01 1.0738e-01 1.0066e-01 1.0402e-01 1.0402e-01 1.0402e-01 -1.3721e-01 1.0738e-01 1.0402e-01 1.0402e-01 -6.6632e-02 -1.0403e-01 -9.9579e-02 -1.0271e-01 -1.3850e-01 1.0738e-01 1.0780e-01 1.0402e-01 1.0738e-01 1.0528e-01 1.0402e-01 1.0402e-01 1.0402e-01 1.0402e-01 1.2453e-01 1.3448e-02 1.7613e-02 1.7613e-02 8.8072e-03 -2.0944e-02 4.3463e-02
1.4243e-01 -1.9837e-01 8.3535e-01 8.2729e-01 8.3535e-01 8.3535e-01 8.2729e-01 8.3332e-01 8.2530e-01 7.9088e-01 8.2929e-01 1.0000e+00 8.3738e-01 8.3130e-01 8.3130e-01 8.3738e-01 8.3738e-01 8.0818e-01 8.1023e-01 8.1434e-01 8.1228e-01 -3.2449e-01 8.1434e-01 -3.2449e-01 -1.4689e-01 8.1434e-01 8.1434e-01 8.1228e-01 8.1228e-01 8.1434e-01 8.0898e-01 8.0898e-01 8.1104e-01 8.0113e-01 8.0113e-01 8.1104e-01 8.0898e-01 7.9905e-01 8.1104e-01 8.0898e-01 -3.2893e-01 8.0898e-01 8.0898e-01 8.1104e-01 -3.2811e-01 9.6490e-01 -3.2729e-01 -3.2811e-01 -3.2811e-01 9.5907e-01 9.5907e-01 -3.2811e-01 -3.7891e-01 -3.1661e-01 -3.1044e-01 8.1704e-01 6.6453e-01 2.2004e-01 8.0932e-01 -1.4838e-01 8.1188e-01 8.1188e-01 -1.7612e-01 8.3182e-01 7.3669e-01 2.5404e-01 2.5972e-01 2.6145e-01 2.5885e-01 6.6080e-01 -2.2316e-01 2.6356e-01 7.2197e-01 2.6183e-01 6.6256e-01 2.5503e-01 6.7162e-01 2.1300e-01 -2.3292e-01 6.5909e-01 5.8693e-01 7.1526e-01 2.1392e-01 2.6966e-01 1.0297e-01 2.5175e-01 -1.6027e-01 2.4271e-01 7.1526e-01 6.5732e-01 7.1526e-01 2.1392e-01 6.6263e-01 -1.7250e-01 7.1526e-01 -2.3882e-01 6.5732e-01 2.6004e-01 6.5732e-01 7.1526e-01 7.2829e-01 -2.3882e-01 7.1526e-01 7.2275e-01 6.6256e-01 7.2275e-01 7.1526e-01 6.5732e-01 2.6091e-01 2.6091e-01 5.9607e-01 -1.1762e-01 6.5732e-01 1.7981e-01 -2.0109e-01 5.9971e-01 -1.0419e-01 7.1526e-01 6.5866e-01 -1.6202e-01 5.1800e-01 6.6152e-01 5.9789e-01 5.9435e-01 5.1800e-01 6.5866e-01 5.6623e-01 -1.5348e-01 6.7267e-01 5.3827e-01 6.5866e-01 6.5583e-01 6.5866e-01 6.0339e-01 -1.8530e-01 1.0826e-01 1.8154e-01 1.8154e-01 1.8154e-01 2.4238e-01 1.8154e-01 1.8154e-01 7.1827e-01 1.8154e-01 2.4238e-01 1.8154e-01 1.8154e-01 1.8154e-01 1.8154e-01 1.8154e-01 1.8154e-01 1.7958e-01 1.7761e-01 1.7761e-01 1.7761e-01 1.7451e-01 1.7859e-01 1.7859e-01 1.7859e-01 -2.4060e-01 1.7761e-01 1.7859e-01 1.7859e-01 -5.0705e-02 -7.7162e-02 -7.7162e-02 -7.6068e-02 -2.4149e-01 1.7761e-01 1.8154e-01 1.7859e-01 1.7761e-01 1.7958e-01 1.7859e-01 1.7859e-01 1.7859e-01 1.7859e-01 1.6771e-01 1.2446e-02 1.7478e-02 1.7478e-02 4.4662e-02 -4.0980e-02 7.3492e-02
1.3166e-01 -2.3689e-01 9.9757e-01 9.8795e-01 9.9757e-01 9.9757e-01 9.8795e-01 9.9515e-01 9.8557e-01 9.4447e-01 9.9034e-01 8.3738e-01 1.0000e+00 9.9274e-01 9.8788e-01 9.9512e-01 1.0000e+00 9.0213e-01 9.0450e-01 9.0928e-01 9.0689e-01 -3.8751e-01 9.0928e-01 -3.8751e-01 -1.7542e-01 9.0928e-01 9.0928e-01 9.0689e-01 9.0689e-01 9.0928e-01 9.0437e-01 9.0437e-01 9.0677e-01 8.9923e-01 8.9923e-01 9.0677e-01 9.0437e-01 8.9681e-01 9.0677e-01 9.0437e-01 -3.9429e-01 9.0437e-01 9.0437e-01 9.0677e-01 -3.9331e-01 8.1199e-01 -3.9233e-01 -3.9331e-01 -3.9331e-01 8.0619e-01 8.0619e-01 -3.9331e-01 -2.2005e-01 -3.7279e-01 -3.6690e-01 6.8031e-01 5.2251e-01 4.4681e-02 6.7250e-01 -1.5418e-01 6.7509e-01 6.7509e-01 -1.7251e-01 6.9141e-01 6.1194e-01 8.6181e-02 1.0352e-01 1.0615e-01 1.0731e-01 5.2678e-01 -4.1919e-02 1.0599e-01 6.0372e-01 1.0848e-01 5.2384e-01 9.9747e-02 5.3407e-01 3.3939e-02 -6.5802e-02 5.2090e-01 5.0611e-01 5.9809e-01 3.5436e-02 8.4900e-02 8.0246e-02 7.6465e-02 -9.9580e-02 1.0256e-01 5.9809e-01 5.1904e-01 5.9809e-01 4.0901e-02 5.2463e-01 -6.8414e-02 5.9809e-01 -3.7158e-02 5.2384e-01 1.0035e-01 5.1904e-01 5.9809e-01 6.1186e-01 -3.7158e-02 5.9809e-01 6.0626e-01 5.2384e-01 6.0626e-01 5.9809e-01 5.1904e-01 7.1633e-02 7.1633e-02 4.7320e-01 -1.1393e-01 5.1904e-01 9.1542e-03 -3.8911e-02 4.7212e-01 -9.5952e-02 5.9809e-01 5.5214e-01 -9.8347e-02 3.9013e-01 5.5503e-01 4.7021e-01 4.6721e-01 3.8544e-01 5.5214e-01 4.3687e-01 -9.9837e-02 5.6689e-01 4.0715e-01 5.5214e-01 5.4927e-01 5.5214e-01 4.7598e-01 -8.2209e-02 5.1486e-02 1.1112e-01 1.1112e-01 1.1112e-01 1.4054e-01 1.1112e-01 1.1112e-01 6.0348e-01 1.1112e-01 1.4054e-01 1.1112e-01 1.1112e-01 1.1112e-01 1.1112e-01 1.1112e-01 1.1112e-01 1.0863e-01 1.0613e-01 1.0613e-01 1.0613e-01 1.0399e-01 1.0738e-01 1.0738e-01 1.0738e-01 -1.3799e-01 1.0613e-01 1.0738e-01 1.0738e-01 -6.5754e-02 -1.0293e-01 -1.0293e-01 -1.0162e-01 -1.3926e-01 1.0613e-01 1.1112e-01 1.0738e-01 1.0613e-01 1.0863e-01 1.0738e-01 1.0738e-01 1.0738e-01 1.0738e-01 1.3025e-01 1.1459e-02 1.5670e-02 1.5670e-02 1.1536e-02 -2.0348e-02 4.5976e-02
1.3047e-01 -2.3863e-01 9.9030e-01 9.9518e-01 9.9030e-01 9.9030e-01 9.9518e-01 9.8788e-01 9.9278e-01 9.5138e-01 9.9758e-01 8.3130e-01 9.9274e-01 1.0000e+00 9.9516e-01 9.8788e-01 9.9274e-01 9.0985e-01 8.9759e-01 9.0237e-01 8.9997e-01 -3.8542e-01 9.0237e-01 -3.8542e-01 -1.7670e-01 9.0237e-01 9.0237e-01 8.9997e-01 8.9997e-01 9.0237e-01 8.9747e-01 8.9747e-01 8.9987e-01 8.9239e-01 8.9239e-01 8.9987e-01 8.9747e-01 8.8997e-01 8.9987e-01 8.9747e-01 -3.9237e-01 8.9747e-01 8.9747e-01 8.9987e-01 -3.9138e-01 8.0605e-01 -3.9039e-01 -3.9138e-01 -3.9138e-01 8.1093e-01 8.1093e-01 -3.9138e-01 -2.1961e-01 -3.7090e-01 -3.6502e-01 6.8531e-01 5.2625e-01 4.3026e-02 6.7744e-01 -1.4842e-01 6.8005e-01 6.8005e-01 -1.6800e-01 6.9610e-01 6.1776e-01 8.4397e-02 1.0191e-01 1.0456e-01 1.0566e-01 5.3035e-01 -3.9611e-02 1.0434e-01 6.0953e-01 1.0679e-01 5.2744e-01 9.8162e-02 5.3779e-01 3.1696e-02 -6.3883e-02 5.2453e-01 5.1073e-01 6.0398e-01 3.3209e-02 8.3735e-02 7.9371e-02 7.5573e-02 -9.5666e-02 1.0144e-01 6.0398e-01 5.2266e-01 6.0398e-01 3.8657e-02 5.2828e-01 -6.4932e-02 6.0398e-01 -3.5562e-02 5.2744e-01 9.8962e-02 5.2266e-01 6.0398e-01 6.0676e-01 -3.5562e-02 6.0398e-01 6.1229e-01 5.2744e-01 6.1229e-01 6.0398e-01 5.2266e-01 7.0350e-02 7.0350e-02 4.7739e-01 -1.1539e-01 5.2266e-01 8.4253e-03 -3.8417e-02 4.7636e-01 -9.7327e-02 6.0398e-01 5.5891e-01 -9.4288e-02 3.9369e-01 5.6183e-01 4.7443e-01 4.7147e-01 3.8901e-01 5.5891e-01 4.4083e-01 -1.0182e-01 5.6216e-01 4.1089e-01 5.5891e-01 5.5602e-01 5.5891e-01 4.8025e-01 -7.9017e-02 5.1783e-02 1.1094e-01 1.1094e-01 1.1094e-01 1.3869e-01 1.1094e-01 1.1094e-01 5.9844e-01 1.1094e-01 1.3869e-01 1.1094e-01 1.1094e-01 1.1094e-01 1.1094e-01 1.1094e-01 1.1094e-01 1.0843e-01 1.0591e-01 1.0591e-01 1.0591e-01 1.0380e-01 1.0717e-01 1.0717e-01 1.0717e-01 -1.3612e-01 1.0591e-01 1.0717e-01 1.0717e-01 -6.6413e-02 -1.0153e-01 -1.0153e-01 -1.0021e-01 -1.3740e-01 1.0591e-01 1.1094e-01 1.0717e-01 1.0591e-01 1.0843e-01 1.0717e-01 1.0717e-01 1.0717e-01 1.0717e-01 1.2851e-01 1.4433e-02 1.8606e-02 1.8606e-02 9.4871e-03 -2.0795e-02 4.4089e-02
1.3047e-01 -2.3863e-01 9.8545e-01 9.9518e-01 9.8545e-01 9.8545e-01 9.9518e-01 9.8788e-01 9.9278e-01 9.4663e-01 9.9758e-01 8.3130e-01 9.8788e-01 9.9516e-01 1.0000e+00 9.9274e-01 9.8788e-01 9.0985e-01 8.9270e-01 8.9747e-01 8.9997e-01 -3.8542e-01 9.0237e-01 -3.8542e-01 -1.7670e-01 9.0237e-01 8.9747e-01 8.9997e-01 8.9997e-01 8.9747e-01 8.9747e-01 8.9747e-01 8.9497e-01 8.8747e-01 8.8747e-01 8.9497e-01 8.9747e-01 8.8997e-01 8.9497e-01 8.9747e-01 -3.9237e-01 8.9747e-01 8.9747e-01 8.9497e-01 -3.9138e-01 8.0605e-01 -3.9039e-01 -3.9138e-01 -3.9138e-01 8.1093e-01 8.1093e-01 -3.9138e-01 -2.1961e-01 -3.7090e-01 -3.6502e-01 6.8531e-01 5.3106e-01 4.8198e-02 6.8272e-01 -1.4842e-01 6.8005e-01 6.8005e-01 -1.6800e-01 7.0132e-01 6.1776e-01 8.9568e-02 1.0699e-01 1.0962e-01 1.1075e-01 5.3035e-01 -4.5089e-02 1.0943e-01 6.0953e-01 1.1189e-01 5.2744e-01 1.0323e-01 5.4260e-01 3.7154e-02 -6.9141e-02 5.2453e-01 5.1073e-01 6.0398e-01 3.8657e-02 8.8664e-02 7.9371e-02 8.0418e-02 -1.0195e-01 1.0633e-01 6.0398e-01 5.2744e-01 6.0398e-01 3.3209e-02 5.3308e-01 -7.1011e-02 6.0398e-01 -4.0718e-02 5.2266e-01 9.3967e-02 5.2744e-01 6.0398e-01 6.0676e-01 -4.0718e-02 6.0398e-01 6.1229e-01 5.2744e-01 6.1229e-01 6.0398e-01 5.2744e-01 7.5338e-02 7.5338e-02 4.7251e-01 -1.1539e-01 5.2744e-01 1.3285e-02 -4.3174e-02 4.7636e-01 -9.7327e-02 6.0398e-01 5.5891e-01 -1.0067e-01 3.8901e-01 5.6183e-01 4.7932e-01 4.7636e-01 3.9369e-01 5.5891e-01 4.4083e-01 -1.0888e-01 5.6216e-01 4.1562e-01 5.5891e-01 5.6177e-01 5.5891e-01 4.8025e-01 -8.4901e-02 5.6337e-02 1.1556e-01 1.1094e-01 1.1094e-01 1.4382e-01 1.1094e-01 1.1094e-01 5.9844e-01 1.1094e-01 1.4382e-01 1.1094e-01 1.1094e-01 1.1094e-01 1.1094e-01 1.1094e-01 1.1094e-01 1.0843e-01 1.1054e-01 1.1054e-01 1.1054e-01 1.0380e-01 1.0717e-01 1.0717e-01 1.0717e-01 -1.4126e-01 1.1054e-01 1.0717e-01 1.0717e-01 -6.6413e-02 -1.0153e-01 -9.7073e-02 -1.0021e-01 -1.4254e-01 1.1054e-01 1.1094e-01 1.0717e-01 1.1054e-01 1.0843e-01 1.0717e-01 1.0717e-01 1.0717e-01 1.0717e-01 1.2851e-01 1.4433e-02 1.8606e-02 1.8606e-02 9.4871e-03 -2.0795e-02 4.4089e-02
1.3166e-01 -2.3689e-01 9.9270e-01 9.8795e-01 9.9270e-01 9.9270e-01 9.8795e-01 9.9515e-01 9.8557e-01 9.3971e-01 9.9034e-01 8.3738e-01 9.9512e-01 9.8788e-01 9.9274e-01 1.0000e+00 9.9512e-01 9.0213e-01 8.9960e-01 9.0437e-01 9.0689e-01 -3.8751e-01 9.0928e-01 -3.8751e-01 -1.7542e-01 9.0928e-01 9.0437e-01 9.0689e-01 9.0689e-01 9.0437e-01 9.0437e-01 9.0437e-01 9.0185e-01 8.9429e-01 8.9429e-01 9.0185e-01 9.0437e-01 8.9681e-01 9.0185e-01 9.0437e-01 -3.9429e-01 9.0437e-01 9.0437e-01 9.0185e-01 -3.9331e-01 8.1199e-01 -3.9233e-01 -3.9331e-01 -3.9331e-01 8.0619e-01 8.0619e-01 -3.9331e-01 -2.2005e-01 -3.7279e-01 -3.6690e-01 6.8031e-01 5.2734e-01 4.9869e-02 6.7780e-01 -1.5418e-01 6.7509e-01 6.7509e-01 -1.7251e-01 6.9664e-01 6.1194e-01 9.1368e-02 1.0862e-01 1.1123e-01 1.1241e-01 5.2678e-01 -4.7414e-02 1.1110e-01 6.0372e-01 1.1361e-01 5.2384e-01 1.0483e-01 5.3890e-01 3.9414e-02 -7.1076e-02 5.2090e-01 5.0611e-01 5.9809e-01 4.0901e-02 8.9845e-02 8.0246e-02 8.1325e-02 -1.0588e-01 1.0747e-01 5.9809e-01 5.2384e-01 5.9809e-01 3.5436e-02 5.2944e-01 -7.4511e-02 5.9809e-01 -4.2331e-02 5.1904e-01 9.5341e-02 5.2384e-01 5.9809e-01 6.1186e-01 -4.2331e-02 5.9809e-01 6.0626e-01 5.2384e-01 6.0626e-01 5.9809e-01 5.2384e-01 7.6637e-02 7.6637e-02 4.6830e-01 -1.1393e-01 5.2384e-01 1.4029e-02 -4.3683e-02 4.7212e-01 -9.5952e-02 5.9809e-01 5.5214e-01 -1.0475e-01 3.8544e-01 5.5503e-01 4.7511e-01 4.7212e-01 3.9013e-01 5.5214e-01 4.3687e-01 -1.0692e-01 5.6689e-01 4.1190e-01 5.5214e-01 5.5504e-01 5.5214e-01 4.7598e-01 -8.8111e-02 5.6054e-02 1.1575e-01 1.1112e-01 1.1112e-01 1.4568e-01 1.1112e-01 1.1112e-01 6.0348e-01 1.1112e-01 1.4568e-01 1.1112e-01 1.1112e-01 1.1112e-01 1.1112e-01 1.1112e-01 1.1112e-01 1.0863e-01 1.1078e-01 1.1078e-01 1.1078e-01 1.0399e-01 1.0738e-01 1.0738e-01 1.0738e-01 -1.4315e-01 1.1078e-01 1.0738e-01 1.0738e-01 -6.5754e-02 -1.0293e-01 -9.8464e-02 -1.0162e-01 -1.4442e-01 1.1078e-01 1.1112e-01 1.0738e-01 1.1078e-01 1.0863e-01 1.0738e-01 1.0738e-01 1.0738e-01 1.0738e-01 1.3025e-01 1.1459e-02 1.5670e-02 1.5670e-02 1.1536e-02 -2.0348e-02 4.5976e-02
1.3166e-01 -2.3689e-01 9.9757e-01 9.8795e-01 9.9757e-01 9.9757e-01 9.8795e-01 9.9515e-01 9.8557e-01 9.4447e-01 9.9034e-01 8.3738e-01 1.0000e+00 9.9274e-01 9.8788e-01 9.9512e-01 1.0000e+00 9.0213e-01 9.0450e-01 9.0928e-01 9.0689e-01 -3.8751e-01 9.0928e-01 -3.8751e-01 -1.7542e-01 9.0928e-01 9.0928e-01 9.0689e-01 9.0689e-01 9.0928e-01 9.0437e-01 9.0437e-01 9.0677e-01 8.9923e-01 8.9923e-01 9.0677e-01 9.0437e-01 8.9681e-01 9.0677e-01 9.0437e-01 -3.9429e-01 9.0437e-01 9.0437e-01 9.0677e-01 -3.9331e-01 8.1199e-01 -3.9233e-01 -3.9331e-01 -3.9331e-01 8.0619e-01 8.0619e-01 -3.9331e-01 -2.2005e-01 -3.7279e-01 -3.6690e-01 6.8031e-01 5.2251e-01 4.4681e-02 6.7250e-01 -1.5418e-01 6.7509e-01 6.7509e-01 -1.7251e-01 6.9141e-01 6.1194e-01 8.6181e-02 1.0352e-01 1.0615e-01 1.0731e-01 5.2678e-01 -4.1919e-02 1.0599e-01 6.0372e-01 1.0848e-01 5.2384e-01 9.9747e-02 5.3407e-01 3.3939e-02 -6.5802e-02 5.2090e-01 5.0611e-01 5.9809e-01 3.5436e-02 8.4900e-02 8.0246e-02 7.6465e-02 -9.9580e-02 1.0256e-01 5.9809e-01 5.1904e-01 5.9809e-01 4.0901e-02 5.2463e-01 -6.8414e-02 5.9809e-01 -3.7158e-02 5.2384e-01 1.0035e-01 5.1904e-01 5.9809e-01 6.1186e-01 -3.7158e-02 5.9809e-01 6.0626e-01 5.2384e-01 6.0626e-01 5.9809e-01 5.1904e-01 7.1633e-02 7.1633e-02 4.7320e-01 -1.1393e-01 5.1904e-01 9.1542e-03 -3.8911e-02 4.7212e-01 -9.5952e-02 5.9809e-01 5.5214e-01 -9.8347e-02 3.9013e-01 5.5503e-01 4.7021e-01 4.6721e-01 3.8544e-01 5.5214e-01 4.3687e-01 -9.9837e-02 5.6689e-01 4.0715e-01 5.5214e-01 5.4927e-01 5.5214e-01 4.7598e-01 -8.2209e-02 5.1486e-02 1.1112e-01 1.1112e-01 1.1112e-01 1.4054e-01 1.1112e-01 1.1112e-01 6.0348e-01 1.1112e-01 1.4054e-01 1.1112e-01 1.1112e-01 1.1112e-01 1.1112e-01 1.1112e-01 1.1112e-01 1.0863e-01 1.0613e-01 1.0613e-01 1.0613e-01 1.0399e-01 1.0738e-01 1.0738e-01 1.0738e-01 -1.3799e-01 1.0613e-01 1.0738e-01 1.0738e-01 -6.5754e-02 -1.0293e-01 -1.0293e-01 -1.0162e-01 -1.3926e-01 1.0613e-01 1.1112e-01 1.0738e-01 1.0613e-01 1.0863e-01 1.0738e-01 1.0738e-01 1.0738e-01 1.0738e-01 1.3025e-01 1.1459e-02 1.5670e-02 1.5670e-02 1.1536e-02 -2.0348e-02 4.5976e-02
1.1439e-01 -1.9424e-01 8.9981e-01 9.1013e-01 8.9981e-01 8.9981e-01 9.1013e-01 9.0239e-01 9.0785e-01 8.6351e-01 9.1243e-01 8.0818e-01 9.0213e-01 9.0985e-01 9.0985e-01 9.0213e-01 9.0213e-01 1.0000e+00 9.8278e-01 9.8770e-01 9.9016e-01 -3.7877e-01 9.9263e-01 -3.7877e-01 -1.7371e-01 9.9263e-01 9.8770e-01 9.9016e-01 9.9016e-01 9.8770e-01 9.8770e-01 9.8770e-01 9.8523e-01 9.7785e-01 9.7785e-01 9.8523e-01 9.8770e-01 9.8031e-01 9.8523e-01 9.8770e-01 -3.8548e-01 9.8770e-01 9.8770e-01 9.8523e-01 -3.8451e-01 8.2544e-01 -3.8354e-01 -3.8451e-01 -3.8451e-01 8.3039e-01 8.3039e-01 -3.8451e-01 -1.4500e-01 -3.6391e-01 -3.5801e-01 6.9857e-01 5.4500e-01 -6.9236e-03 6.9604e-01 -1.5944e-01 6.9333e-01 6.9333e-01 -1.8296e-01 7.1494e-01 6.3556e-01 3.4753e-02 5.2835e-02 5.5565e-02 5.6588e-02 5.4447e-01 1.2003e-02 5.5221e-02 6.2176e-01 5.7622e-02 5.3670e-01 4.3984e-02 5.5175e-01 -1.9862e-02 -1.3648e-02 5.3374e-01 4.8308e-01 6.1058e-01 -1.8282e-02 6.9919e-02 8.1427e-02 6.1401e-02 -1.0907e-01 4.8180e-02 6.1058e-01 5.3670e-01 6.1058e-01 -1.8282e-02 5.4229e-01 -1.2617e-01 6.1058e-01 -2.7186e-02 5.3670e-01 8.0423e-02 5.3670e-01 6.1058e-01 6.1313e-01 -2.7186e-02 6.1058e-01 6.1877e-01 5.3670e-01 6.1877e-01 6.1058e-01 5.3670e-01 5.6613e-02 5.6613e-02 4.8565e-01 -1.2925e-01 5.3670e-01 -6.1855e-03 -2.3604e-02 4.8456e-01 -1.1264e-01 6.1058e-01 5.6438e-01 -1.0809e-01 4.0738e-01 5.6728e-01 4.8757e-01 4.8456e-01 4.0738e-01 5.6438e-01 4.4931e-01 -1.1140e-01 5.6739e-01 4.2916e-01 5.6438e-01 5.6730e-01 5.6438e-01 4.8841e-01 -1.3787e-01 5.8736e-02 1.1913e-01 1.1448e-01 1.1448e-01 1.5164e-01 1.1448e-01 1.1448e-01 6.0464e-01 1.1448e-01 1.5164e-01 1.1448e-01 1.1448e-01 1.1448e-01 1.1448e-01 1.1448e-01 1.1448e-01 1.1202e-01 1.1421e-01 1.1421e-01 1.1421e-01 1.0736e-01 1.1079e-01 1.1079e-01 1.1079e-01 -1.4915e-01 1.1421e-01 1.1079e-01 1.1079e-01 -6.4874e-02 -1.0184e-01 -9.7348e-02 -1.0054e-01 -1.5040e-01 1.1421e-01 1.1448e-01 1.1079e-01 1.1421e-01 1.1202e-01 1.1079e-01 1.1079e-01 1.1079e-01 1.1079e-01 1.3604e-01 2.7365e-02 3.1579e-02 3.1579e-02 3.0102e-02 -1.9750e-02 6.6372e-02
1.1478e-01 -1.9362e-01 9.0219e-01 8.9303e-01 9.0219e-01 9.0219e-01 8.9303e-01 8.9988e-01 8.9076e-01 8.5156e-01 8.9530e-01 8.1023e-01 9.0450e-01 8.9759e-01 8.9270e-01 8.9960e-01 9.0450e-01 9.8278e-01 1.0000e+00 9.9507e-01 9.9260e-01 -3.7783e-01 9.9014e-01 -3.7783e-01 -1.7328e-01 9.9014e-01 9.9014e-01 9.8767e-01 9.8767e-01 9.9014e-01 9.8520e-01 9.8520e-01 9.8767e-01 9.8027e-01 9.8027e-01 9.8767e-01 9.8520e-01 9.7778e-01 9.8767e-01 9.8520e-01 -3.8450e-01 9.8520e-01 9.8520e-01 9.8767e-01 -3.8353e-01 8.2748e-01 -3.8256e-01 -3.8353e-01 -3.8353e-01 8.2167e-01 8.2167e-01 -3.8353e-01 -1.4817e-01 -3.6291e-01 -3.5701e-01 6.8981e-01 5.3732e-01 -2.9445e-03 6.8202e-01 -1.6638e-01 6.8460e-01 6.8460e-01 -1.8887e-01 7.0114e-01 6.2626e-01 3.8777e-02 5.6741e-02 5.9453e-02 6.0508e-02 5.4170e-01 7.6004e-03 5.9150e-02 6.1247e-01 6.1574e-02 5.3392e-01 4.7870e-02 5.4406e-01 -1.5495e-02 -1.7774e-02 5.3094e-01 4.7477e-01 6.0122e-01 -1.3927e-02 7.3611e-02 8.1725e-02 6.4945e-02 -1.1462e-01 5.1796e-02 6.0122e-01 5.2910e-01 6.0122e-01 -8.4326e-03 5.3466e-01 -1.3149e-01 6.0122e-01 -3.1180e-02 5.3392e-01 8.9266e-02 5.2910e-01 6.0122e-01 6.1487e-01 -3.1180e-02 6.0122e-01 6.0930e-01 5.3392e-01 6.0930e-01 6.0122e-01 5.2910e-01 6.0384e-02 6.0384e-02 4.8263e-01 -1.2877e-01 5.2910e-01 -2.6893e-03 -2.6953e-02 4.8152e-01 -1.1220e-01 6.0122e-01 5.5439e-01 -1.1376e-01 4.0465e-01 5.5726e-01 4.7961e-01 4.7658e-01 3.9993e-01 5.5439e-01 4.4639e-01 -1.1075e-01 5.6900e-01 4.2158e-01 5.5439e-01 5.5154e-01 5.5439e-01 4.8041e-01 -1.4296e-01 5.7115e-02 1.1765e-01 1.1765e-01 1.1765e-01 1.5055e-01 1.1765e-01 1.1765e-01 6.0635e-01 1.1765e-01 1.5055e-01 1.1765e-01 1.1765e-01 1.1765e-01 1.1765e-01 1.1765e-01 1.1765e-01 1.1520e-01 1.1275e-01 1.1275e-01 1.1275e-01 1.1054e-01 1.1397e-01 1.1397e-01 1.1397e-01 -1.4807e-01 1.1275e-01 1.1397e-01 1.1397e-01 -6.4654e-02 -9.9315e-02 -9.9315e-02 -9.8022e-02 -1.4931e-01 1.1275e-01 1.1765e-01 1.1397e-01 1.1275e-01 1.1520e-01 1.1397e-01 1.1397e-01 1.1397e-01 1.1397e-01 1.4006e-01 2.2398e-02 2.6635e-02 2.6635e-02 3.0811e-02 -1.9600e-02 6.7030e-02
