1.0000e+00 8.2318e-01 -3.3684e-02 5.6704e-02 6.9792e-02 6.2714e-02 -5.4288e-02 -1.7115e-01 4.7516e-02 5.4317e-02 -2.4563e-02 -2.5421e-02 2.0498e-02 2.0498e-02 6.9537e-02 3.2134e-02 -7.4054e-02 5.4485e-02 3.7774e-02 -1.1058e-02 5.0777e-02 -1.1139e-02 -5.0441e-02 2.6509e-02 2.1768e-03 -3.5438e-02 -3.4090e-02 -6.5709e-02 2.0335e-02 -1.5997e-02
8.2318e-01 1.0000e+00 1.3926e-01 4.6678e-02 3.8375e-02 3.7851e-02 -8.1106e-02 -1.3405e-01 9.1564e-02 7.7391e-02 -9.6639e-03 -1.0793e-02 4.0384e-02 4.0384e-02 7.5639e-02 4.0316e-02 -3.4897e-02 6.2104e-02 3.8098e-02 -2.0664e-02 4.3148e-02 -9.6255e-03 -4.9926e-02 1.3141e-02 8.8833e-03 -2.9792e-02 -2.8682e-02 -5.2968e-02 -1.9905e-03 -2.6019e-02
-3.3684e-02 1.3926e-01 1.0000e+00 -2.3916e-02 -7.9476e-02 -6.7692e-02 4.4142e-02 -2.8240e-02 3.0620e-02 3.5357e-02 -1.5998e-02 -1.4065e-02 3.1088e-02 3.1088e-02 -5.3305e-02 -2.7084e-02 -4.1654e-03 -6.4367e-02 -6.5044e-02 -8.3414e-03 2.6170e-02 -3.7861e-02 -2.4631e-03 1.5393e-02 1.4993e-02 -9.3127e-03 -9.8646e-03 2.7650e-02 -2.7373e-02 -6.9827e-02
5.6704e-02 4.6678e-02 -2.3916e-02 1.0000e+00 -1.2555e-02 -1.1542e-02 9.4422e-02 -2.1323e-02 3.1513e-02 6.2722e-02 -3.8501e-02 -4.0374e-02 -6.9351e-03 -6.9351e-03 -2.1995e-02 -3.3990e-02 -3.1371e-02 -2.8588e-02 -7.9219e-02 -2.0903e-02 -3.0564e-02 4.2500e-02 3.6711e-02 -1.6940e-02 -2.4899e-02 2.9208e-02 2.9001e-02 7.6466e-02 -2.0837e-02 -7.2107e-03
6.9792e-02 3.8375e-02 -7.9476e-02 -1.2555e-02 1.0000e+00 9.7925e-01 1.9239e-01 -2.0264e-01 7.8403e-02 -8.2240e-03 1.0018e-02 4.1500e-03 2.4026e-02 2.4026e-02 7.1773e-02 4.2321e-02 -4.0524e-02 -4.3082e-02 -2.6888e-02 1.0942e-02 1.0997e-02 -4.0916e-02 3.3975e-02 1.4206e-02 -2.3529e-02 -1.0768e-02 -9.3592e-03 -4.5179e-03 -1.9862e-02 -3.5290e-02
6.2714e-02 3.7851e-02 -6.7692e-02 -1.1542e-02 9.7925e-01 1.0000e+00 2.0204e-01 -1.9922e-01 9.0177e-02 -5.2403e-03 2.0472e-02 1.4666e-02 2.4751e-02 2.4751e-02 5.8667e-02 4.2965e-02 -2.2887e-02 -4.6218e-02 -3.8872e-02 1.3392e-02 1.4602e-02 -5.1341e-02 3.8647e-02 1.9507e-02 -1.2362e-02 -1.1961e-02 -1.0535e-02 -3.1831e-03 -2.9521e-02 -4.2425e-02
-5.4288e-02 -8.1106e-02 4.4142e-02 9.4422e-02 1.9239e-01 2.0204e-01 1.0000e+00 -3.0865e-02 -6.7949e-02 2.9381e-03 -5.2043e-02 -4.8730e-02 4.4165e-02 4.4165e-02 -2.0596e-02 -8.4406e-02 8.4304e-03 3.6469e-02 1.1981e-02 -4.0889e-02 -1.3264e-02 -5.6849e-02 -4.8552e-02 -1.2332e-02 -3.8624e-02 5.1056e-02 5.0188e-02 3.9985e-02 5.8498e-02 4.5919e-02
-1.7115e-01 -1.3405e-01 -2.8240e-02 -2.1323e-02 -2.0264e-01 -1.9922e-01 -3.0865e-02 1.0000e+00 1.8368e-02 2.0473e-02 -5.1946e-03 1.0295e-02 9.6113e-02 9.6113e-02 -4.0342e-02 4.7359e-02 5.7880e-02 -1.9698e-03 -1.8884e-02 -1.5762e-02 -9.1771e-03 -7.9218e-04 -1.6189e-02 3.4759e-02 5.9467e-02 3.4679e-03 2.9678e-03 -1.7113e-02 -2.0920e-02 8.3063e-03
4.7516e-02 9.1564e-02 3.0620e-02 3.1513e-02 7.8403e-02 9.0177e-02 -6.7949e-02 1.8368e-02 1.0000e+00 1.6694e-01 1.3103e-01 1.2497e-01 -1.0884e-04 -1.0884e-04 6.4763e-02 1.1502e-02 1.7589e-03 -1.8148e-02 -4.9691e-02 -8.9177e-02 -4.7966e-04 -1.2027e-02 -7.2316e-02 -3.9287e-02 -4.0028e-02 3.1496e-02 2.9994e-02 2.3407e-02 -5.8256e-02 -5.7033e-02
5.4317e-02 7.7391e-02 3.5357e-02 6.2722e-02 -8.2240e-03 -5.2403e-03 2.9381e-03 2.0473e-02 1.6694e-01 1.0000e+00 -7.5722e-02 -7.2479e-02 -2.1345e-02 -2.1345e-02 1.2014e-01 8.5070e-02 -2.1931e-02 8.7203e-02 -1.1174e-02 -6.4336e-02 4.5565e-02 2.0605e-02 -5.4963e-02 3.6270e-02 1.4793e-02 -4.4826e-02 -4.5372e-02 2.6607e-05 -4.4277e-02 -3.1600e-02
-2.4563e-02 -9.6639e-03 -1.5998e-02 -3.8501e-02 1.0018e-02 2.0472e-02 -5.2043e-02 -5.1946e-03 1.3103e-01 -7.5722e-02 1.0000e+00 9.4631e-01 -3.3310e-02 -3.3310e-02 5.5125e-02 3.1562e-01 2.2674e-01 -9.9931e-02 -1.3785e-01 -6.3283e-02 -3.0340e-02 8.3937e-02 -5.7265e-02 -1.0426e-02 -2.7986e-02 -6.6500e-03 -7.5441e-03 -3.0200e-02 -3.1666e-02 -3.9375e-02
-2.5421e-02 -1.0793e-02 -1.4065e-02 -4.0374e-02 4.1500e-03 1.4666e-02 -4.8730e-02 1.0295e-02 1.2497e-01 -7.2479e-02 9.4631e-01 1.0000e+00 1.7177e-01 1.7177e-01 8.0424e-02 3.0727e-01 2.1600e-01 -9.3866e-02 -1.2039e-01 -4.5376e-02 1.0901e-02 5.6574e-02 -3.6620e-02 5.7265e-03 -2.2036e-02 -1.4722e-02 -1.5654e-02 -3.1047e-02 -2.3526e-02 -3.8154e-02
2.0498e-02 4.0384e-02 3.1088e-02 -6.9351e-03 2.4026e-02 2.4751e-02 4.4165e-02 9.6113e-02 -1.0884e-04 -2.1345e-02 -3.3310e-02 1.7177e-01 1.0000e+00 1.0000e+00 6.0734e-02 3.5639e-02 1.4228e-02 2.3709e-03 5.4731e-02 9.8537e-02 1.0023e-01 -9.6529e-02 3.8295e-02 5.7855e-02 4.6040e-02 -2.9049e-02 -2.9191e-02 -4.5136e-02 -1.0257e-02 -3.3058e-02
2.0498e-02 4.0384e-02 3.1088e-02 -6.9351e-03 2.4026e-02 2.4751e-02 4.4165e-02 9.6113e-02 -1.0884e-04 -2.1345e-02 -3.3310e-02 1.7177e-01 1.0000e+00 1.0000e+00 6.0734e-02 3.5639e-02 1.4228e-02 2.3709e-03 5.4731e-02 9.8537e-02 1.0023e-01 -9.6529e-02 3.8295e-02 5.7855e-02 4.6040e-02 -2.9049e-02 -2.9191e-02 -4.5136e-02 -1.0257e-02 -3.3058e-02
6.9537e-02 7.5639e-02 -5.3305e-02 -2.1995e-02 7.1773e-02 5.8667e-02 -2.0596e-02 -4.0342e-02 6.4763e-02 1.2014e-01 5.5125e-02 8.0424e-02 6.0734e-02 6.0734e-02 1.0000e+00 3.6264e-01 7.7925e-02 9.7778e-02 6.7156e-02 7.3715e-03 1.0697e-01 1.8853e-02 -2.9823e-02 -2.0929e-02 -2.0690e-02 3.9227e-02 3.6535e-02 -4.3179e-03 1.4291e-02 -1.6950e-02
3.2134e-02 4.0316e-02 -2.7084e-02 -3.3990e-02 4.2321e-02 4.2965e-02 -8.4406e-02 4.7359e-02 1.1502e-02 8.5070e-02 3.1562e-01 3.0727e-01 3.5639e-02 3.5639e-02 3.6264e-01 1.0000e+00 2.5537e-01 -7.3902e-02 -7.7136e-02 -7.9584e-02 9.8096e-02 3.6708e-02 -4.9915e-02 -2.7540e-03 -5.0521e-02 -1.7340e-02 -1.9174e-02 -1.7428e-02 -1.3295e-02 -3.8551e-02
-7.4054e-02 -3.4897e-02 -4.1654e-03 -3.1371e-02 -4.0524e-02 -2.2887e-02 8.4304e-03 5.7880e-02 1.7589e-03 -2.1931e-02 2.2674e-01 2.1600e-01 1.4228e-02 1.4228e-02 7.7925e-02 2.5537e-01 1.0000e+00 -9.1816e-02 -4.9810e-02 1.0523e-01 3.6660e-02 -6.3424e-03 3.4102e-03 -6.9555e-04 -5.1125e-02 -8.6727e-02 -8.7400e-02 -7.2366e-02 4.7262e-03 -1.7190e-02
5.4485e-02 6.2104e-02 -6.4367e-02 -2.8588e-02 -4.3082e-02 -4.6218e-02 3.6469e-02 -1.9698e-03 -1.8148e-02 8.7203e-02 -9.9931e-02 -9.3866e-02 2.3709e-03 2.3709e-03 9.7778e-02 -7.3902e-02 -9.1816e-02 1.0000e+00 7.4150e-01 -1.5938e-01 1.1966e-01 3.4272e-03 -1.3255e-02 4.3127e-02 4.1692e-02 -9.9853e-03 -8.4521e-03 -6.8520e-02 1.2985e-02 -6.2059e-03
3.7774e-02 3.8098e-02 -6.5044e-02 -7.9219e-02 -2.6888e-02 -3.8872e-02 1.1981e-02 -1.8884e-02 -4.9691e-02 -1.1174e-02 -1.3785e-01 -1.2039e-01 5.4731e-02 5.4731e-02 6.7156e-02 -7.7136e-02 -4.9810e-02 7.4150e-01 1.0000e+00 1.5544e-01 1.2393e-01 -8.7404e-03 1.5055e-02 1.4026e-03 1.9229e-02 1.1322e-02 1.2791e-02 -7.7989e-02 6.3953e-03 -1.3932e-02
-1.1058e-02 -2.0664e-02 -8.3414e-03 -2.0903e-02 1.0942e-02 1.3392e-02 -4.0889e-02 -1.5762e-02 -8.9177e-02 -6.4336e-02 -6.3283e-02 -4.5376e-02 9.8537e-02 9.8537e-02 7.3715e-03 -7.9584e-02 1.0523e-01 -1.5938e-01 1.5544e-01 1.0000e+00 -7.9700e-02 -1.6658e-02 -8.8004e-03 -3.8570e-02 -7.4762e-03 -8.8444e-03 -9.3263e-03 -6.3795e-02 1.5924e-02 4.9597e-02
5.0777e-02 4.3148e-02 2.6170e-02 -3.0564e-02 1.0997e-02 1.4602e-02 -1.3264e-02 -9.1771e-03 -4.7966e-04 4.5565e-02 -3.0340e-02 1.0901e-02 1.0023e-01 1.0023e-01 1.0697e-01 9.8096e-02 3.6660e-02 1.1966e-01 1.2393e-01 -7.9700e-02 1.0000e+00 -3.0975e-02 3.7130e-02 3.1786e-02 1.7580e-02 -2.2008e-02 -2.2706e-02 4.0245e-02 -5.6946e-02 -2.8619e-02
-1.1139e-02 -9.6255e-03 -3.7861e-02 4.2500e-02 -4.0916e-02 -5.1341e-02 -5.6849e-02 -7.9218e-04 -1.2027e-02 2.0605e-02 8.3937e-02 5.6574e-02 -9.6529e-02 -9.6529e-02 1.8853e-02 3.6708e-02 -6.3424e-03 3.4272e-03 -8.7404e-03 -1.6658e-02 -3.0975e-02 1.0000e+00 -8.2304e-02 1.3753e-02 -1.6485e-02 -1.1810e-02 -1.0810e-02 1.1170e-02 -3.7009e-02 -1.0633e-02
-5.0441e-02 -4.9926e-02 -2.4631e-03 3.6711e-02 3.3975e-02 3.8647e-02 -4.8552e-02 -1.6189e-02 -7.2316e-02 -5.4963e-02 -5.7265e-02 -3.6620e-02 3.8295e-02 3.8295e-02 -2.9823e-02 -4.9915e-02 3.4102e-03 -1.3255e-02 1.5055e-02 -8.8004e-03 3.7130e-02 -8.2304e-02 1.0000e+00 1.9422e-01 2.9063e-01 3.5581e-02 3.3770e-02 1.5855e-01 1.2495e-01 8.6500e-02
2.6509e-02 1.3141e-02 1.5393e-02 -1.6940e-02 1.4206e-02 1.9507e-02 -1.2332e-02 3.4759e-02 -3.9287e-02 3.6270e-02 -1.0426e-02 5.7265e-03 5.7855e-02 5.7855e-02 -2.0929e-02 -2.7540e-03 -6.9555e-04 4.3127e-02 1.4026e-03 -3.8570e-02 3.1786e-02 1.3753e-02 1.9422e-01 1.0000e+00 7.8865e-01 -3.1674e-01 -3.1236e-01 -2.0081e-01 3.1200e-02 -4.8960e-02
2.1768e-03 8.8833e-03 1.4993e-02 -2.4899e-02 -2.3529e-02 -1.2362e-02 -3.8624e-02 5.9467e-02 -4.0028e-02 1.4793e-02 -2.7986e-02 -2.2036e-02 4.6040e-02 4.6040e-02 -2.0690e-02 -5.0521e-02 -5.1125e-02 4.1692e-02 1.9229e-02 -7.4762e-03 1.7580e-02 -1.6485e-02 2.9063e-01 7.8865e-01 1.0000e+00 -3.1553e-01 -3.1651e-01 -2.6241e-01 1.4181e-01 5.1873e-02
-3.5438e-02 -2.9792e-02 -9.3127e-03 2.9208e-02 -1.0768e-02 -1.1961e-02 5.1056e-02 3.4679e-03 3.1496e-02 -4.4826e-02 -6.6500e-03 -1.4722e-02 -2.9049e-02 -2.9049e-02 3.9227e-02 -1.7340e-02 -8.6727e-02 -9.9853e-03 1.1322e-02 -8.8444e-03 -2.2008e-02 -1.1810e-02 3.5581e-02 -3.1674e-01 -3.1553e-01 1.0000e+00 9.9780e-01 5.7708e-01 -1.9091e-01 -1.2433e-01
-3.4090e-02 -2.8682e-02 -9.8646e-03 2.9001e-02 -9.3592e-03 -1.0535e-02 5.0188e-02 2.9678e-03 2.9994e-02 -4.5372e-02 -7.5441e-03 -1.5654e-02 -2.9191e-02 -2.9191e-02 3.6535e-02 -1.9174e-02 -8.7400e-02 -8.4521e-03 1.2791e-02 -9.3263e-03 -2.2706e-02 -1.0810e-02 3.3770e-02 -3.1236e-01 -3.1651e-01 9.9780e-01 1.0000e+00 5.7547e-01 -1.9189e-01 -1.2514e-01
-6.5709e-02 -5.2968e-02 2.7650e-02 7.6466e-02 -4.5179e-03 -3.1831e-03 3.9985e-02 -1.7113e-02 2.3407e-02 2.6607e-05 -3.0200e-02 -3.1047e-02 -4.5136e-02 -4.5136e-02 -4.3179e-03 -1.7428e-02 -7.2366e-02 -6.8520e-02 -7.7989e-02 -6.3795e-02 4.0245e-02 1.1170e-02 1.5855e-01 -2.0081e-01 -2.6241e-01 5.7708e-01 5.7547e-01 1.0000e+00 -1.1292e-01 -3.9809e-02
2.0335e-02 -1.9905e-03 -2.7373e-02 -2.0837e-02 -1.9862e-02 -2.9521e-02 5.8498e-02 -2.0920e-02 -5.8256e-02 -4.4277e-02 -3.1666e-02 -2.3526e-02 -1.0257e-02 -1.0257e-02 1.4291e-02 -1.3295e-02 4.7262e-03 1.2985e-02 6.3953e-03 1.5924e-02 -5.6946e-02 -3.7009e-02 1.2495e-01 3.1200e-02 1.4181e-01 -1.9091e-01 -1.9189e-01 -1.1292e-01 1.0000e+00 7.9970e-01
-1.5997e-02 -2.6019e-02 -6.9827e-02 -7.2107e-03 -3.5290e-02 -4.2425e-02 4.5919e-02 8.3063e-03 -5.7033e-02 -3.1600e-02 -3.9375e-02 -3.8154e-02 -3.3058e-02 -3.3058e-02 -1.6950e-02 -3.8551e-02 -1.7190e-02 -6.2059e-03 -1.3932e-02 4.9597e-02 -2.8619e-02 -1.0633e-02 8.6500e-02 -4.8960e-02 5.1873e-02 -1.2433e-01 -1.2514e-01 -3.9809e-02 7.9970e-01 1.0000e+00
