1.0000e+00 2.5971e-01 4.8108e-01 2.1693e-02 2.6966e-02 -6.4707e-02 1.0908e-01 8.1016e-02 -4.9021e-02
2.5971e-01 1.0000e+00 3.4250e-01 3.1274e-02 1.8894e-02 5.7501e-02 -4.0844e-02 4.0548e-02 5.8278e-02
4.8108e-01 3.4250e-01 1.0000e+00 1.2799e-02 3.1173e-02 -6.3079e-02 2.4433e-02 -7.3390e-02 2.1478e-03
2.1693e-02 3.1274e-02 1.2799e-02 1.0000e+00 -1.1310e-02 -1.1032e-02 2.2300e-02 -1.4040e-02 -1.4265e-02
2.6966e-02 1.8894e-02 3.1173e-02 -1.1310e-02 1.0000e+00 -2.0795e-02 1.5884e-02 -2.6466e-02 -2.6890e-02
-6.4707e-02 5.7501e-02 -6.3079e-02 -1.1032e-02 -2.0795e-02 1.0000e+00 4.1003e-02 -2.5815e-02 -2.6229e-02
1.0908e-01 -4.0844e-02 2.4433e-02 2.2300e-02 1.5884e-02 4.1003e-02 1.0000e+00 5.2183e-02 -4.5076e-01
8.1016e-02 4.0548e-02 -7.3390e-02 -1.4040e-02 -2.6466e-02 -2.5815e-02 5.2183e-02 1.0000e+00 -3.3381e-02
-4.9021e-02 5.8278e-02 2.1478e-03 -1.4265e-02 -2.6890e-02 -2.6229e-02 -4.5076e-01 -3.3381e-02 1.0000e+00
