1.0000e+00 1.9224e-02 -2.0433e-02 -2.7755e-02 1.6158e-02 1.6158e-02 9.8729e-04 -2.2187e-02 -2.2187e-02 -1.4054e-02 -3.7086e-03 -7.1460e-03 -7.1460e-03 -3.6288e-03 -3.6288e-03 -3.6288e-03 -2.5182e-03 -3.6288e-03 -3.6288e-03 1.6322e-02 -8.2942e-03 6.5825e-03 7.2215e-03 7.2215e-03 3.7444e-02 3.7444e-02 -3.6288e-03 2.1562e-02 1.6079e-02 -6.3284e-02 2.2215e-02 4.1274e-02 1.9975e-02 -2.3746e-02 -2.0851e-02 -5.1928e-02 4.2489e-02 -4.4400e-02 -4.9247e-02 -8.2466e-03 -2.2100e-02
1.9224e-02 1.0000e+00 5.7568e-01 3.8815e-01 -9.1801e-02 -9.1801e-02 5.2932e-01 5.3343e-01 5.3343e-01 4.3689e-01 4.2327e-01 4.2778e-01 4.2778e-01 3.8674e-01 3.8674e-01 3.8674e-01 3.8546e-01 3.8674e-01 3.8674e-01 2.7636e-01 4.2474e-01 4.3642e-01 -4.1463e-02 -4.1463e-02 2.7962e-01 2.7962e-01 3.8674e-01 -1.0594e-01 -8.2596e-02 -2.2742e-01 -8.7694e-02 -5.6263e-02 2.8716e-01 -2.9187e-01 -1.8681e-01 -1.5685e-01 7.1368e-02 -1.0558e-01 -1.6457e-01 -5.8322e-02 -6.1047e-02
-2.0433e-02 5.7568e-01 1.0000e+00 5.1682e-01 -1.0829e-01 -1.0829e-01 7.1382e-01 6.9303e-01 6.9303e-01 5.7969e-01 5.6333e-01 5.6875e-01 5.6875e-01 4.7767e-01 4.7767e-01 4.7767e-01 4.7616e-01 4.7767e-01 4.7767e-01 3.2099e-01 5.6627e-01 5.2080e-01 -1.1729e-01 -1.1729e-01 2.9988e-01 2.9988e-01 4.7767e-01 -3.3059e-02 6.1752e-02 -1.3540e-01 -1.0078e-01 2.3922e-02 1.6096e-01 -1.8404e-01 -6.3725e-03 -1.1021e-01 -5.2398e-02 -1.2643e-01 -1.1516e-01 -1.7948e-02 -4.8098e-02
-2.7755e-02 3.8815e-01 5.1682e-01 1.0000e+00 1.3136e-01 1.3136e-01 5.3354e-01 5.2835e-01 5.2835e-01 3.6691e-01 3.7354e-01 3.6857e-01 3.6857e-01 4.8791e-01 4.8791e-01 4.8791e-01 4.8567e-01 4.8791e-01 4.8791e-01 6.1503e-01 3.6692e-01 4.2741e-01 2.1557e-01 2.1557e-01 5.9910e-01 5.9910e-01 4.8791e-01 1.4908e-01 1.2481e-01 -2.9654e-01 1.1207e-01 2.7503e-02 5.8002e-02 -7.3228e-02 -1.7761e-01 -1.7685e-01 2.2335e-01 -2.0871e-01 -1.9042e-01 -5.3871e-02 -7.0951e-02
1.6158e-02 -9.1801e-02 -1.0829e-01 1.3136e-01 1.0000e+00 1.0000e+00 -1.0572e-01 -9.8357e-02 -9.8357e-02 -1.1256e-01 -1.1473e-01 -1.1400e-01 -1.1400e-01 -1.4088e-01 -1.4088e-01 -1.4088e-01 -1.4116e-01 -1.4088e-01 -1.4088e-01 -1.5693e-01 -1.1376e-01 -1.2641e-01 -4.9845e-02 -4.9845e-02 -1.5408e-01 -1.5408e-01 -1.4088e-01 -3.1962e-02 -9.6993e-02 2.2128e-01 -2.8532e-02 -8.9109e-02 -8.3295e-02 8.3965e-02 1.1333e-01 1.9624e-01 -3.5837e-02 1.8237e-01 1.6792e-01 -1.7799e-02 -2.6036e-02
1.6158e-02 -9.1801e-02 -1.0829e-01 1.3136e-01 1.0000e+00 1.0000e+00 -1.0572e-01 -9.8357e-02 -9.8357e-02 -1.1256e-01 -1.1473e-01 -1.1400e-01 -1.1400e-01 -1.4088e-01 -1.4088e-01 -1.4088e-01 -1.4116e-01 -1.4088e-01 -1.4088e-01 -1.5693e-01 -1.1376e-01 -1.2641e-01 -4.9845e-02 -4.9845e-02 -1.5408e-01 -1.5408e-01 -1.4088e-01 -3.1962e-02 -9.6993e-02 2.2128e-01 -2.8532e-02 -8.9109e-02 -8.3295e-02 8.3965e-02 1.1333e-01 1.9624e-01 -3.5837e-02 1.8237e-01 1.6792e-01 -1.7799e-02 -2.6036e-02
9.8729e-04 5.2932e-01 7.1382e-01 5.3354e-01 -1.0572e-01 -1.0572e-01 1.0000e+00 8.8067e-01 8.8067e-01 7.4880e-01 7.3197e-01 7.3753e-01 7.3753e-01 6.1642e-01 6.1642e-01 6.1642e-01 6.1494e-01 6.1642e-01 6.1642e-01 4.5177e-01 7.3508e-01 6.7138e-01 -1.5820e-01 -1.5820e-01 4.5585e-01 4.5585e-01 6.1642e-01 1.7925e-03 8.6573e-02 -2.7943e-01 -6.3658e-02 8.5204e-02 1.9471e-01 -2.3735e-01 -1.2499e-01 -2.0634e-01 -3.7654e-02 -2.2328e-01 -2.1235e-01 -8.9002e-03 -4.4343e-02
-2.2187e-02 5.3343e-01 6.9303e-01 5.2835e-01 -9.8357e-02 -9.8357e-02 8.8067e-01 1.0000e+00 1.0000e+00 8.6492e-01 8.4849e-01 8.5391e-01 8.5391e-01 6.8958e-01 6.8958e-01 6.8958e-01 6.8819e-01 6.8958e-01 6.8958e-01 4.8086e-01 8.5131e-01 7.3470e-01 -2.2294e-01 -2.2294e-01 4.5703e-01 4.5703e-01 6.8958e-01 -1.2691e-01 6.9189e-02 -3.2147e-01 -1.0883e-01 1.0030e-01 2.3379e-01 -2.1827e-01 -1.2581e-01 -2.0929e-01 -2.4788e-02 -2.3699e-01 -2.1636e-01 -1.2930e-02 -5.8045e-02
-2.2187e-02 5.3343e-01 6.9303e-01 5.2835e-01 -9.8357e-02 -9.8357e-02 8.8067e-01 1.0000e+00 1.0000e+00 8.6492e-01 8.4849e-01 8.5391e-01 8.5391e-01 6.8958e-01 6.8958e-01 6.8958e-01 6.8819e-01 6.8958e-01 6.8958e-01 4.8086e-01 8.5131e-01 7.3470e-01 -2.2294e-01 -2.2294e-01 4.5703e-01 4.5703e-01 6.8958e-01 -1.2691e-01 6.9189e-02 -3.2147e-01 -1.0883e-01 1.0030e-01 2.3379e-01 -2.1827e-01 -1.2581e-01 -2.0929e-01 -2.4788e-02 -2.3699e-01 -2.1636e-01 -1.2930e-02 -5.8045e-02
-1.4054e-02 4.3689e-01 5.7969e-01 3.6691e-01 -1.1256e-01 -1.1256e-01 7.4880e-01 8.6492e-01 8.6492e-01 1.0000e+00 9.8114e-01 9.8737e-01 9.8737e-01 7.9489e-01 7.9489e-01 7.9489e-01 7.9330e-01 7.9489e-01 7.9489e-01 5.5631e-01 9.8522e-01 8.5303e-01 -2.6317e-01 -2.6317e-01 5.3486e-01 5.3486e-01 7.9489e-01 -1.4907e-01 -1.2539e-02 -3.8048e-01 -1.2880e-01 2.4205e-02 4.0087e-01 -3.7966e-01 -1.6800e-01 -2.1514e-01 -7.2275e-02 -2.4842e-01 -2.2032e-01 -2.0564e-02 5.2856e-03
-3.7086e-03 4.2327e-01 5.6333e-01 3.7354e-01 -1.1473e-01 -1.1473e-01 7.3197e-01 8.4849e-01 8.4849e-01 9.8114e-01 1.0000e+00 9.9369e-01 9.9369e-01 8.1027e-01 8.1027e-01 8.1027e-01 8.0865e-01 8.1027e-01 8.1027e-01 5.6711e-01 9.9159e-01 8.7033e-01 -2.4815e-01 -2.4815e-01 5.4597e-01 5.4597e-01 8.1027e-01 -1.4261e-01 -6.9549e-03 -3.8862e-01 -1.2092e-01 1.7455e-02 4.1702e-01 -3.9570e-01 -1.7398e-01 -2.1126e-01 -7.9063e-02 -2.4551e-01 -2.2082e-01 -1.5915e-02 1.9773e-03
-7.1460e-03 4.2778e-01 5.6875e-01 3.6857e-01 -1.1400e-01 -1.1400e-01 7.3753e-01 8.5391e-01 8.5391e-01 9.8737e-01 9.9369e-01 1.0000e+00 1.0000e+00 8.0513e-01 8.0513e-01 8.0513e-01 8.0352e-01 8.0513e-01 8.0513e-01 5.6350e-01 9.9789e-01 8.6455e-01 -2.6654e-01 -2.6654e-01 5.4226e-01 5.4226e-01 8.0513e-01 -1.4148e-01 -1.6220e-02 -3.8590e-01 -1.1990e-01 2.1233e-02 4.2116e-01 -3.9984e-01 -1.8019e-01 -2.2184e-01 -7.6804e-02 -2.5550e-01 -2.2688e-01 -1.3488e-02 3.0765e-03
-7.1460e-03 4.2778e-01 5.6875e-01 3.6857e-01 -1.1400e-01 -1.1400e-01 7.3753e-01 8.5391e-01 8.5391e-01 9.8737e-01 9.9369e-01 1.0000e+00 1.0000e+00 8.0513e-01 8.0513e-01 8.0513e-01 8.0352e-01 8.0513e-01 8.0513e-01 5.6350e-01 9.9789e-01 8.6455e-01 -2.6654e-01 -2.6654e-01 5.4226e-01 5.4226e-01 8.0513e-01 -1.4148e-01 -1.6220e-02 -3.8590e-01 -1.1990e-01 2.1233e-02 4.2116e-01 -3.9984e-01 -1.8019e-01 -2.2184e-01 -7.6804e-02 -2.5550e-01 -2.2688e-01 -1.3488e-02 3.0765e-03
-3.6288e-03 3.8674e-01 4.7767e-01 4.8791e-01 -1.4088e-01 -1.4088e-01 6.1642e-01 6.8958e-01 6.8958e-01 7.9489e-01 8.1027e-01 8.0513e-01 8.0513e-01 1.0000e+00 1.0000e+00 1.0000e+00 9.9801e-01 1.0000e+00 1.0000e+00 7.0166e-01 8.0752e-01 8.9733e-01 3.5382e-01 3.5382e-01 6.8334e-01 6.8334e-01 1.0000e+00 1.2212e-01 1.8349e-01 -4.0018e-01 1.8139e-01 1.3593e-01 3.8326e-01 -3.6124e-01 -1.5007e-01 -2.1760e-01 -9.5500e-02 -2.5761e-01 -2.2424e-01 -2.0417e-02 4.6675e-02
-3.6288e-03 3.8674e-01 4.7767e-01 4.8791e-01 -1.4088e-01 -1.4088e-01 6.1642e-01 6.8958e-01 6.8958e-01 7.9489e-01 8.1027e-01 8.0513e-01 8.0513e-01 1.0000e+00 1.0000e+00 1.0000e+00 9.9801e-01 1.0000e+00 1.0000e+00 7.0166e-01 8.0752e-01 8.9733e-01 3.5382e-01 3.5382e-01 6.8334e-01 6.8334e-01 1.0000e+00 1.2212e-01 1.8349e-01 -4.0018e-01 1.8139e-01 1.3593e-01 3.8326e-01 -3.6124e-01 -1.5007e-01 -2.1760e-01 -9.5500e-02 -2.5761e-01 -2.2424e-01 -2.0417e-02 4.6675e-02
-3.6288e-03 3.8674e-01 4.7767e-01 4.8791e-01 -1.4088e-01 -1.4088e-01 6.1642e-01 6.8958e-01 6.8958e-01 7.9489e-01 8.1027e-01 8.0513e-01 8.0513e-01 1.0000e+00 1.0000e+00 1.0000e+00 9.9801e-01 1.0000e+00 1.0000e+00 7.0166e-01 8.0752e-01 8.9733e-01 3.5382e-01 3.5382e-01 6.8334e-01 6.8334e-01 1.0000e+00 1.2212e-01 1.8349e-01 -4.0018e-01 1.8139e-01 1.3593e-01 3.8326e-01 -3.6124e-01 -1.5007e-01 -2.1760e-01 -9.5500e-02 -2.5761e-01 -2.2424e-01 -2.0417e-02 4.6675e-02
-2.5182e-03 3.8546e-01 4.7616e-01 4.8567e-01 -1.4116e-01 -1.4116e-01 6.1494e-01 6.8819e-01 6.8819e-01 7.9330e-01 8.0865e-01 8.0352e-01 8.0352e-01 9.9801e-01 9.9801e-01 9.9801e-01 1.0000e+00 9.9801e-01 9.9801e-01 6.9888e-01 8.0591e-01 8.9555e-01 3.5311e-01 3.5311e-01 6.8060e-01 6.8060e-01 9.9801e-01 1.2168e-01 1.8647e-01 -4.0123e-01 1.8099e-01 1.3918e-01 3.8210e-01 -3.6007e-01 -1.4813e-01 -2.1878e-01 -9.6263e-02 -2.5886e-01 -2.2540e-01 -2.1208e-02 4.6317e-02
-3.6288e-03 3.8674e-01 4.7767e-01 4.8791e-01 -1.4088e-01 -1.4088e-01 6.1642e-01 6.8958e-01 6.8958e-01 7.9489e-01 8.1027e-01 8.0513e-01 8.0513e-01 1.0000e+00 1.0000e+00 1.0000e+00 9.9801e-01 1.0000e+00 1.0000e+00 7.0166e-01 8.0752e-01 8.9733e-01 3.5382e-01 3.5382e-01 6.8334e-01 6.8334e-01 1.0000e+00 1.2212e-01 1.8349e-01 -4.0018e-01 1.8139e-01 1.3593e-01 3.8326e-01 -3.6124e-01 -1.5007e-01 -2.1760e-01 -9.5500e-02 -2.5761e-01 -2.2424e-01 -2.0417e-02 4.6675e-02
-3.6288e-03 3.8674e-01 4.7767e-01 4.8791e-01 -1.4088e-01 -1.4088e-01 6.1642e-01 6.8958e-01 6.8958e-01 7.9489e-01 8.1027e-01 8.0513e-01 8.0513e-01 1.0000e+00 1.0000e+00 1.0000e+00 9.9801e-01 1.0000e+00 1.0000e+00 7.0166e-01 8.0752e-01 8.9733e-01 3.5382e-01 3.5382e-01 6.8334e-01 6.8334e-01 1.0000e+00 1.2212e-01 1.8349e-01 -4.0018e-01 1.8139e-01 1.3593e-01 3.8326e-01 -3.6124e-01 -1.5007e-01 -2.1760e-01 -9.5500e-02 -2.5761e-01 -2.2424e-01 -2.0417e-02 4.6675e-02
1.6322e-02 2.7636e-01 3.2099e-01 6.1503e-01 -1.5693e-01 -1.5693e-01 4.5177e-01 4.8086e-01 4.8086e-01 5.5631e-01 5.6711e-01 5.6350e-01 5.6350e-01 7.0166e-01 7.0166e-01 7.0166e-01 6.9888e-01 7.0166e-01 7.0166e-01 1.0000e+00 5.6661e-01 6.2962e-01 2.4826e-01 2.4826e-01 9.8481e-01 9.8481e-01 7.0166e-01 1.5919e-01 2.5140e-02 -5.9997e-01 1.4211e-01 -4.0241e-02 2.3521e-01 -2.3928e-01 -4.0196e-01 -3.3162e-01 1.9446e-01 -3.9131e-01 -3.3443e-01 -6.2337e-02 -1.5434e-02
-8.2942e-03 4.2474e-01 5.6627e-01 3.6692e-01 -1.1376e-01 -1.1376e-01 7.3508e-01 8.5131e-01 8.5131e-01 9.8522e-01 9.9159e-01 9.9789e-01 9.9789e-01 8.0752e-01 8.0752e-01 8.0752e-01 8.0591e-01 8.0752e-01 8.0752e-01 5.6661e-01 1.0000e+00 8.6677e-01 -2.6597e-01 -2.6597e-01 5.4531e-01 5.4531e-01 8.0752e-01 -1.4110e-01 -1.4867e-02 -3.8991e-01 -1.1957e-01 2.2495e-02 4.2254e-01 -4.0122e-01 -1.8226e-01 -2.2537e-01 -7.6050e-02 -2.5883e-01 -2.3047e-01 -1.2678e-02 3.4437e-03
6.5825e-03 4.3642e-01 5.2080e-01 4.2741e-01 -1.2641e-01 -1.2641e-01 6.7138e-01 7.3470e-01 7.3470e-01 8.5303e-01 8.7033e-01 8.6455e-01 8.6455e-01 8.9733e-01 8.9733e-01 8.9733e-01 8.9555e-01 8.9733e-01 8.9733e-01 6.2962e-01 8.6677e-01 1.0000e+00 9.2079e-02 9.2079e-02 6.3933e-01 6.3933e-01 8.9733e-01 -1.5105e-01 8.7358e-02 -3.7458e-01 -1.2649e-01 5.8902e-02 3.4154e-01 -3.4348e-01 -8.7565e-02 -1.9113e-01 -1.1415e-01 -2.2616e-01 -1.9910e-01 -1.8236e-02 -3.2699e-03
7.2215e-03 -4.1463e-02 -1.1729e-01 2.1557e-01 -4.9845e-02 -4.9845e-02 -1.5820e-01 -2.2294e-01 -2.2294e-01 -2.6317e-01 -2.4815e-01 -2.6654e-01 -2.6654e-01 3.5382e-01 3.5382e-01 3.5382e-01 3.5311e-01 3.5382e-01 3.5382e-01 2.4826e-01 -2.6597e-01 9.2079e-02 1.0000e+00 1.0000e+00 2.5209e-01 2.5209e-01 3.5382e-01 4.2333e-01 3.2345e-01 -3.5744e-02 4.8604e-01 1.8649e-01 -4.3664e-02 4.5843e-02 4.3758e-02 1.7441e-03 -3.5483e-02 -1.0581e-02 -1.0187e-03 -1.3264e-02 7.0820e-02
7.2215e-03 -4.1463e-02 -1.1729e-01 2.1557e-01 -4.9845e-02 -4.9845e-02 -1.5820e-01 -2.2294e-01 -2.2294e-01 -2.6317e-01 -2.4815e-01 -2.6654e-01 -2.6654e-01 3.5382e-01 3.5382e-01 3.5382e-01 3.5311e-01 3.5382e-01 3.5382e-01 2.4826e-01 -2.6597e-01 9.2079e-02 1.0000e+00 1.0000e+00 2.5209e-01 2.5209e-01 3.5382e-01 4.2333e-01 3.2345e-01 -3.5744e-02 4.8604e-01 1.8649e-01 -4.3664e-02 4.5843e-02 4.3758e-02 1.7441e-03 -3.5483e-02 -1.0581e-02 -1.0187e-03 -1.3264e-02 7.0820e-02
3.7444e-02 2.7962e-01 2.9988e-01 5.9910e-01 -1.5408e-01 -1.5408e-01 4.5585e-01 4.5703e-01 4.5703e-01 5.3486e-01 5.4597e-01 5.4226e-01 5.4226e-01 6.8334e-01 6.8334e-01 6.8334e-01 6.8060e-01 6.8334e-01 6.8334e-01 9.8481e-01 5.4531e-01 6.3933e-01 2.5209e-01 2.5209e-01 1.0000e+00 1.0000e+00 6.8334e-01 1.6165e-01 3.1045e-03 -5.8937e-01 1.4430e-01 -3.5848e-02 2.1827e-01 -2.4655e-01 -3.9338e-01 -3.2136e-01 1.9920e-01 -3.8020e-01 -3.2430e-01 -6.8337e-02 -1.2767e-02
3.7444e-02 2.7962e-01 2.9988e-01 5.9910e-01 -1.5408e-01 -1.5408e-01 4.5585e-01 4.5703e-01 4.5703e-01 5.3486e-01 5.4597e-01 5.4226e-01 5.4226e-01 6.8334e-01 6.8334e-01 6.8334e-01 6.8060e-01 6.8334e-01 6.8334e-01 9.8481e-01 5.4531e-01 6.3933e-01 2.5209e-01 2.5209e-01 1.0000e+00 1.0000e+00 6.8334e-01 1.6165e-01 3.1045e-03 -5.8937e-01 1.4430e-01 -3.5848e-02 2.1827e-01 -2.4655e-01 -3.9338e-01 -3.2136e-01 1.9920e-01 -3.8020e-01 -3.2430e-01 -6.8337e-02 -1.2767e-02
-3.6288e-03 3.8674e-01 4.7767e-01 4.8791e-01 -1.4088e-01 -1.4088e-01 6.1642e-01 6.8958e-01 6.8958e-01 7.9489e-01 8.1027e-01 8.0513e-01 8.0513e-01 1.0000e+00 1.0000e+00 1.0000e+00 9.9801e-01 1.0000e+00 1.0000e+00 7.0166e-01 8.0752e-01 8.9733e-01 3.5382e-01 3.5382e-01 6.8334e-01 6.8334e-01 1.0000e+00 1.2212e-01 1.8349e-01 -4.0018e-01 1.8139e-01 1.3593e-01 3.8326e-01 -3.6124e-01 -1.5007e-01 -2.1760e-01 -9.5500e-02 -2.5761e-01 -2.2424e-01 -2.0417e-02 4.6675e-02
2.1562e-02 -1.0594e-01 -3.3059e-02 1.4908e-01 -3.1962e-02 -3.1962e-02 1.7925e-03 -1.2691e-01 -1.2691e-01 -1.4907e-01 -1.4261e-01 -1.4148e-01 -1.4148e-01 1.2212e-01 1.2212e-01 1.2212e-01 1.2168e-01 1.2212e-01 1.2212e-01 1.5919e-01 -1.4110e-01 -1.5105e-01 4.2333e-01 4.2333e-01 1.6165e-01 1.6165e-01 1.2212e-01 1.0000e+00 3.2953e-01 -1.0643e-01 7.9155e-01 2.1956e-01 1.1837e-01 -2.0447e-01 -1.8834e-01 -1.0966e-01 -5.6419e-02 -1.1902e-01 -1.0749e-01 2.3374e-02 1.2618e-01
1.6079e-02 -8.2596e-02 6.1752e-02 1.2481e-01 -9.6993e-02 -9.6993e-02 8.6573e-02 6.9189e-02 6.9189e-02 -1.2539e-02 -6.9549e-03 -1.6220e-02 -1.6220e-02 1.8349e-01 1.8349e-01 1.8349e-01 1.8647e-01 1.8349e-01 1.8349e-01 2.5140e-02 -1.4867e-02 8.7358e-02 3.2345e-01 3.2345e-01 3.1045e-03 3.1045e-03 1.8349e-01 3.2953e-01 1.0000e+00 -3.3689e-01 2.8271e-01 8.2171e-01 -2.1859e-01 2.1730e-01 2.4944e-01 -1.4886e-01 -2.2498e-01 -1.7771e-01 -1.6062e-01 9.2464e-02 1.8832e-02
-6.3284e-02 -2.2742e-01 -1.3540e-01 -2.9654e-01 2.2128e-01 2.2128e-01 -2.7943e-01 -3.2147e-01 -3.2147e-01 -3.8048e-01 -3.8862e-01 -3.8590e-01 -3.8590e-01 -4.0018e-01 -4.0018e-01 -4.0018e-01 -4.0123e-01 -4.0018e-01 -4.0018e-01 -5.9997e-01 -3.8991e-01 -3.7458e-01 -3.5744e-02 -3.5744e-02 -5.8937e-01 -5.8937e-01 -4.0018e-01 -1.0643e-01 -3.3689e-01 1.0000e+00 -1.0518e-01 -3.2850e-01 -2.8493e-01 2.7647e-01 3.9169e-01 6.0077e-01 -1.7289e-01 5.6359e-01 6.0167e-01 -2.0783e-02 1.4275e-02
2.2215e-02 -8.7694e-02 -1.0078e-01 1.1207e-01 -2.8532e-02 -2.8532e-02 -6.3658e-02 -1.0883e-01 -1.0883e-01 -1.2880e-01 -1.2092e-01 -1.1990e-01 -1.1990e-01 1.8139e-01 1.8139e-01 1.8139e-01 1.8099e-01 1.8139e-01 1.8139e-01 1.4211e-01 -1.1957e-01 -1.2649e-01 4.8604e-01 4.8604e-01 1.4430e-01 1.4430e-01 1.8139e-01 7.9155e-01 2.8271e-01 -1.0518e-01 1.0000e+00 3.2019e-01 1.2167e-01 -1.1983e-01 -1.5985e-01 -9.3206e-02 -4.4223e-02 -1.0169e-01 -9.1233e-02 4.4893e-02 1.4852e-01
4.1274e-02 -5.6263e-02 2.3922e-02 2.7503e-02 -8.9109e-02 -8.9109e-02 8.5204e-02 1.0030e-01 1.0030e-01 2.4205e-02 1.7455e-02 2.1233e-02 2.1233e-02 1.3593e-01 1.3593e-01 1.3593e-01 1.3918e-01 1.3593e-01 1.3593e-01 -4.0241e-02 2.2495e-02 5.8902e-02 1.8649e-01 1.8649e-01 -3.5848e-02 -3.5848e-02 1.3593e-01 2.1956e-01 8.2171e-01 -3.2850e-01 3.2019e-01 1.0000e+00 -2.4426e-01 2.4749e-01 2.7237e-01 -1.4793e-01 -2.0292e-01 -1.7357e-01 -1.5603e-01 8.1552e-02 3.3470e-02
1.9975e-02 2.8716e-01 1.6096e-01 5.8002e-02 -8.3295e-02 -8.3295e-02 1.9471e-01 2.3379e-01 2.3379e-01 4.0087e-01 4.1702e-01 4.2116e-01 4.2116e-01 3.8326e-01 3.8326e-01 3.8326e-01 3.8210e-01 3.8326e-01 3.8326e-01 2.3521e-01 4.2254e-01 3.4154e-01 -4.3664e-02 -4.3664e-02 2.1827e-01 2.1827e-01 3.8326e-01 1.1837e-01 -2.1859e-01 -2.8493e-01 1.2167e-01 -2.4426e-01 1.0000e+00 -9.3857e-01 -4.8378e-01 -2.6347e-01 -1.4851e-02 -1.6127e-01 -2.5764e-01 -5.2918e-02 5.8651e-02
-2.3746e-02 -2.9187e-01 -1.8404e-01 -7.3228e-02 8.3965e-02 8.3965e-02 -2.3735e-01 -2.1827e-01 -2.1827e-01 -3.7966e-01 -3.9570e-01 -3.9984e-01 -3.9984e-01 -3.6124e-01 -3.6124e-01 -3.6124e-01 -3.6007e-01 -3.6124e-01 -3.6124e-01 -2.3928e-01 -4.0122e-01 -3.4348e-01 4.5843e-02 4.5843e-02 -2.4655e-01 -2.4655e-01 -3.6124e-01 -2.0447e-01 2.1730e-01 2.7647e-01 -1.1983e-01 2.4749e-01 -9.3857e-01 1.0000e+00 4.8896e-01 2.7175e-01 1.7461e-02 1.7010e-01 2.6593e-01 4.2083e-02 -5.7183e-02
-2.0851e-02 -1.8681e-01 -6.3725e-03 -1.7761e-01 1.1333e-01 1.1333e-01 -1.2499e-01 -1.2581e-01 -1.2581e-01 -1.6800e-01 -1.7398e-01 -1.8019e-01 -1.8019e-01 -1.5007e-01 -1.5007e-01 -1.5007e-01 -1.4813e-01 -1.5007e-01 -1.5007e-01 -4.0196e-01 -1.8226e-01 -8.7565e-02 4.3758e-02 4.3758e-02 -3.9338e-01 -3.9338e-01 -1.5007e-01 -1.8834e-01 2.4944e-01 3.9169e-01 -1.5985e-01 2.7237e-01 -4.8378e-01 4.8896e-01 1.0000e+00 5.7511e-01 -4.0024e-01 4.9991e-01 5.6165e-01 6.7464e-02 -9.2359e-02
-5.1928e-02 -1.5685e-01 -1.1021e-01 -1.7685e-01 1.9624e-01 1.9624e-01 -2.0634e-01 -2.0929e-01 -2.0929e-01 -2.1514e-01 -2.1126e-01 -2.2184e-01 -2.2184e-01 -2.1760e-01 -2.1760e-01 -2.1760e-01 -2.1878e-01 -2.1760e-01 -2.1760e-01 -3.3162e-01 -2.2537e-01 -1.9113e-01 1.7441e-03 1.7441e-03 -3.2136e-01 -3.2136e-01 -2.1760e-01 -1.0966e-01 -1.4886e-01 6.0077e-01 -9.3206e-02 -1.4793e-01 -2.6347e-01 2.7175e-01 5.7511e-01 1.0000e+00 -2.3198e-01 9.3752e-01 9.7953e-01 3.3474e-03 -6.7779e-02
4.2489e-02 7.1368e-02 -5.2398e-02 2.2335e-01 -3.5837e-02 -3.5837e-02 -3.7654e-02 -2.4788e-02 -2.4788e-02 -7.2275e-02 -7.9063e-02 -7.6804e-02 -7.6804e-02 -9.5500e-02 -9.5500e-02 -9.5500e-02 -9.6263e-02 -9.5500e-02 -9.5500e-02 1.9446e-01 -7.6050e-02 -1.1415e-01 -3.5483e-02 -3.5483e-02 1.9920e-01 1.9920e-01 -9.5500e-02 -5.6419e-02 -2.2498e-01 -1.7289e-01 -4.4223e-02 -2.0292e-01 -1.4851e-02 1.7461e-02 -4.0024e-01 -2.3198e-01 1.0000e+00 -2.4744e-01 -2.2843e-01 -8.5598e-02 -5.1903e-02
-4.4400e-02 -1.0558e-01 -1.2643e-01 -2.0871e-01 1.8237e-01 1.8237e-01 -2.2328e-01 -2.3699e-01 -2.3699e-01 -2.4842e-01 -2.4551e-01 -2.5550e-01 -2.5550e-01 -2.5761e-01 -2.5761e-01 -2.5761e-01 -2.5886e-01 -2.5761e-01 -2.5761e-01 -3.9131e-01 -2.5883e-01 -2.2616e-01 -1.0581e-02 -1.0581e-02 -3.8020e-01 -3.8020e-01 -2.5761e-01 -1.1902e-01 -1.7771e-01 5.6359e-01 -1.0169e-01 -1.7357e-01 -1.6127e-01 1.7010e-01 4.9991e-01 9.3752e-01 -2.4744e-01 1.0000e+00 9.2316e-01 1.2377e-02 -7.6012e-02
-4.9247e-02 -1.6457e-01 -1.1516e-01 -1.9042e-01 1.6792e-01 1.6792e-01 -2.1235e-01 -2.1636e-01 -2.1636e-01 -2.2032e-01 -2.2082e-01 -2.2688e-01 -2.2688e-01 -2.2424e-01 -2.2424e-01 -2.2424e-01 -2.2540e-01 -2.2424e-01 -2.2424e-01 -3.3443e-01 -2.3047e-01 -1.9910e-01 -1.0187e-03 -1.0187e-03 -3.2430e-01 -3.2430e-01 -2.2424e-01 -1.0749e-01 -1.6062e-01 6.0167e-01 -9.1233e-02 -1.5603e-01 -2.5764e-01 2.6593e-01 5.6165e-01 9.7953e-01 -2.2843e-01 9.2316e-01 1.0000e+00 8.8043e-03 -6.5851e-02
-8.2466e-03 -5.8322e-02 -1.7948e-02 -5.3871e-02 -1.7799e-02 -1.7799e-02 -8.9002e-03 -1.2930e-02 -1.2930e-02 -2.0564e-02 -1.5915e-02 -1.3488e-02 -1.3488e-02 -2.0417e-02 -2.0417e-02 -2.0417e-02 -2.1208e-02 -2.0417e-02 -2.0417e-02 -6.2337e-02 -1.2678e-02 -1.8236e-02 -1.3264e-02 -1.3264e-02 -6.8337e-02 -6.8337e-02 -2.0417e-02 2.3374e-02 9.2464e-02 -2.0783e-02 4.4893e-02 8.1552e-02 -5.2918e-02 4.2083e-02 6.7464e-02 3.3474e-03 -8.5598e-02 1.2377e-02 8.8043e-03 1.0000e+00 -7.1098e-02
-2.2100e-02 -6.1047e-02 -4.8098e-02 -7.0951e-02 -2.6036e-02 -2.6036e-02 -4.4343e-02 -5.8045e-02 -5.8045e-02 5.2856e-03 1.9773e-03 3.0765e-03 3.0765e-03 4.6675e-02 4.6675e-02 4.6675e-02 4.6317e-02 4.6675e-02 4.6675e-02 -1.5434e-02 3.4437e-03 -3.2699e-03 7.0820e-02 7.0820e-02 -1.2767e-02 -1.2767e-02 4.6675e-02 1.2618e-01 1.8832e-02 1.4275e-02 1.4852e-01 3.3470e-02 5.8651e-02 -5.7183e-02 -9.2359e-02 -6.7779e-02 -5.1903e-02 -7.6012e-02 -6.5851e-02 -7.1098e-02 1.0000e+00
