1.0000e+00 -3.9171e-02 -9.0923e-02 -1.1512e-02 -5.7362e-02 -1.9350e-02 -3.5067e-02 -1.7897e-02 2.3884e-02 -1.2519e-03 -2.9997e-02 -4.2362e-02 -1.7126e-02 -2.5794e-02
-3.9171e-02 1.0000e+00 -1.2397e-01 -1.6996e-02 2.0838e-01 -2.8569e-02 2.0718e-02 -2.6423e-02 1.0651e-01 2.8204e-02 5.3903e-02 2.8711e-02 -2.5286e-02 3.6872e-02
-9.0923e-02 -1.2397e-01 1.0000e+00 -3.9452e-02 -1.8913e-01 -2.6439e-02 1.9654e-01 3.2078e-03 -8.0399e-02 -9.7097e-02 2.8324e-02 2.1466e-03 3.1144e-02 4.7732e-02
-1.1512e-02 -1.6996e-02 -3.9452e-02 1.0000e+00 -2.4890e-02 -8.3961e-03 -3.5535e-02 -7.7654e-03 -8.3311e-02 2.9817e-02 6.6341e-02 -2.6622e-02 -7.4311e-03 -2.7346e-02
-5.7362e-02 2.0838e-01 -1.8913e-01 -2.4890e-02 1.0000e+00 -4.1837e-02 -1.6916e-01 -3.8694e-02 6.7223e-02 1.5692e-02 -1.1420e-02 -3.6474e-02 -6.5201e-03 -1.3710e-02
-1.9350e-02 -2.8569e-02 -2.6439e-02 -8.3961e-03 -4.1837e-02 1.0000e+00 -5.9731e-02 -1.3053e-02 1.0078e-01 -4.4655e-02 2.5761e-02 -4.4748e-02 -1.2491e-02 4.4613e-03
-3.5067e-02 2.0718e-02 1.9654e-01 -3.5535e-02 -1.6916e-01 -5.9731e-02 1.0000e+00 -5.5244e-02 -2.9646e-01 1.4988e-01 -2.3069e-02 2.0846e-02 -2.9049e-02 -1.7916e-02
-1.7897e-02 -2.6423e-02 3.2078e-03 -7.7654e-03 -3.8694e-02 -1.3053e-02 -5.5244e-02 1.0000e+00 -1.2952e-01 4.6354e-02 -2.0235e-02 -4.1387e-02 -1.1553e-02 1.1900e-02
2.3884e-02 1.0651e-01 -8.0399e-02 -8.3311e-02 6.7223e-02 1.0078e-01 -2.9646e-01 -1.2952e-01 1.0000e+00 -3.5790e-01 2.0478e-02 2.0226e-02 -2.7061e-02 5.8809e-02
-1.2519e-03 2.8204e-02 -9.7097e-02 2.9817e-02 1.5692e-02 -4.4655e-02 1.4988e-01 4.6354e-02 -3.5790e-01 1.0000e+00 -2.1685e-04 -1.7782e-02 -9.0203e-03 -2.6447e-02
-2.9997e-02 5.3903e-02 2.8324e-02 6.6341e-02 -1.1420e-02 2.5761e-02 -2.3069e-02 -2.0235e-02 2.0478e-02 -2.1685e-04 1.0000e+00 3.2137e-02 -1.9364e-02 -4.9285e-03
-4.2362e-02 2.8711e-02 2.1466e-03 -2.6622e-02 -3.6474e-02 -4.4748e-02 2.0846e-02 -4.1387e-02 2.0226e-02 -1.7782e-02 3.2137e-02 1.0000e+00 -1.0629e-02 3.3333e-02
-1.7126e-02 -2.5286e-02 3.1144e-02 -7.4311e-03 -6.5201e-03 -1.2491e-02 -2.9049e-02 -1.1553e-02 -2.7061e-02 -9.0203e-03 -1.9364e-02 -1.0629e-02 1.0000e+00 2.7174e-01
-2.5794e-02 3.6872e-02 4.7732e-02 -2.7346e-02 -1.3710e-02 4.4613e-03 -1.7916e-02 1.1900e-02 5.8809e-02 -2.6447e-02 -4.9285e-03 3.3333e-02 2.7174e-01 1.0000e+00
