1.0000e+00 -6.9799e-01 -3.7817e-01 6.8279e-02 4.1297e-02 9.7359e-02 -2.6564e-02 -1.1232e-01 1.7646e-02 -1.2291e-02 9.0168e-03 1.6082e-02 5.6024e-03 3.0959e-02 3.3860e-03 3.3860e-03 -7.4691e-03 3.7254e-02 -5.3116e-02 -4.9059e-02 -8.4272e-03 -3.8684e-02 -2.4763e-02 -6.0352e-02 -5.3432e-03 -3.4726e-02 5.3367e-03 -1.9927e-02 5.8445e-03 6.4144e-03 1.5463e-02 1.2560e-03 -1.8600e-02 6.3738e-03 -9.7661e-03 3.2597e-02 1.5599e-03 1.6804e-02 2.8259e-02 2.9425e-02 -3.3002e-03 -4.9296e-03 -6.7268e-02 -3.0413e-02 -4.0617e-03 -2.5923e-02
-6.9799e-01 1.0000e+00 5.7096e-01 -5.8694e-02 -4.3109e-02 -7.3457e-02 8.0442e-03 1.5113e-01 -8.2256e-02 2.5680e-02 -4.1766e-02 -1.4297e-02 1.2240e-02 -3.4454e-02 -1.4846e-02 -1.4846e-02 3.4231e-03 -5.5699e-02 2.0125e-02 2.6480e-02 3.0252e-03 4.7643e-02 3.6000e-02 4.2736e-02 8.6347e-03 3.6691e-02 1.5693e-02 6.7136e-02 3.4898e-02 3.8232e-02 -6.7588e-02 3.4843e-02 5.4648e-02 2.1872e-02 -7.5550e-03 8.0646e-03 1.8831e-02 -3.8999e-02 -1.1156e-02 -1.1263e-02 3.6597e-02 2.7957e-02 4.7643e-02 4.2661e-02 -3.5103e-02 1.9228e-02
-3.7817e-01 5.7096e-01 1.0000e+00 -4.3414e-02 -9.0309e-02 -1.5614e-02 9.0686e-02 2.3980e-01 7.8687e-03 -2.2635e-02 4.4643e-02 -4.0096e-02 -1.0813e-01 -5.3305e-02 -2.8365e-02 -2.8365e-02 -1.8683e-02 -1.3275e-02 -5.6099e-03 -2.4628e-02 6.4479e-03 6.1345e-02 -1.0525e-02 -4.2705e-02 4.5359e-02 -6.3005e-02 2.8552e-02 7.3247e-02 6.3129e-02 6.3429e-02 -2.8727e-02 7.5606e-02 -3.4485e-02 7.2365e-02 -5.1931e-02 3.8862e-02 -4.0379e-03 -3.5895e-03 5.9921e-02 5.6500e-02 1.4294e-02 -2.6916e-03 -2.9812e-02 2.4090e-02 -1.6042e-03 2.1363e-02
6.8279e-02 -5.8694e-02 -4.3414e-02 1.0000e+00 -3.0048e-02 6.6249e-02 3.5109e-02 -2.2182e-02 -5.4509e-02 -4.1120e-02 -1.6663e-02 -1.3902e-02 -1.0887e-02 -1.2328e-02 -1.3814e-02 -1.3814e-02 -1.0052e-02 9.2679e-03 -2.3239e-02 -4.7787e-02 2.4181e-02 -1.5327e-02 -5.0846e-02 -1.2893e-02 -3.4704e-03 -1.8162e-02 -2.2673e-02 2.1090e-02 -4.0615e-03 -2.6376e-03 2.9487e-02 -1.2738e-02 -1.5546e-03 -3.1600e-02 2.7522e-02 -1.4218e-02 8.8661e-03 3.6809e-02 -6.9891e-03 -7.7925e-03 -5.1362e-02 -2.3394e-02 -1.5327e-02 -6.2465e-03 -3.2545e-02 2.8675e-02
4.1297e-02 -4.3109e-02 -9.0309e-02 -3.0048e-02 1.0000e+00 1.9827e-01 -2.7698e-01 -6.6386e-02 -6.5640e-02 -7.1628e-02 -7.0431e-04 -4.1606e-02 8.1655e-02 -7.0823e-03 6.7191e-02 6.7191e-02 4.0933e-02 7.2611e-02 1.3143e-01 1.2584e-01 6.8651e-02 -4.5870e-02 8.9888e-03 -6.0388e-02 -5.6232e-02 4.8583e-02 4.9636e-02 2.8745e-02 5.2738e-02 5.7662e-02 -7.3698e-02 4.8514e-02 -3.5196e-02 1.8794e-02 3.7405e-02 4.2856e-02 -6.6460e-02 -3.4823e-02 -1.0052e-02 -1.2449e-02 -1.2967e-02 1.1582e-02 7.4992e-02 -4.4240e-02 -2.3616e-02 2.1240e-02
9.7359e-02 -7.3457e-02 -1.5614e-02 6.6249e-02 1.9827e-01 1.0000e+00 1.9761e-01 1.0542e-01 8.3646e-02 1.1138e-01 -2.2358e-02 2.8243e-02 9.8080e-02 -4.3454e-02 -1.1752e-01 -1.1752e-01 -1.0102e-01 -1.4758e-02 5.5630e-02 2.4090e-02 -5.2868e-02 7.2222e-02 -4.4655e-02 3.4711e-02 7.7735e-02 9.0322e-03 9.0798e-03 1.2637e-02 4.8826e-02 4.4954e-02 -2.3392e-02 -2.3005e-03 -2.3465e-02 2.7720e-02 -3.4539e-02 1.1306e-02 6.3805e-03 -2.4103e-02 7.1308e-03 -5.9458e-04 -2.4678e-02 -9.9377e-02 5.7766e-02 1.1991e-02 8.8308e-03 1.2161e-02
-2.6564e-02 8.0442e-03 9.0686e-02 3.5109e-02 -2.7698e-01 1.9761e-01 1.0000e+00 7.7568e-02 3.2490e-01 8.9374e-02 1.9213e-01 2.5214e-02 -1.7537e-01 -9.4575e-03 7.5132e-02 7.5132e-02 6.3184e-02 -5.9231e-02 -1.2907e-01 -1.5234e-01 1.0549e-01 1.0973e-02 -1.1644e-02 -1.3178e-03 1.8986e-02 -6.3545e-02 5.2954e-03 -1.9356e-02 -8.9917e-03 -1.4208e-02 9.6112e-02 -8.2760e-02 -2.9088e-02 -5.5194e-04 -1.1242e-01 -1.5445e-02 2.8779e-02 -2.4673e-02 3.7212e-02 4.0029e-02 1.3301e-02 -6.2067e-02 5.3596e-02 1.2051e-02 3.7913e-02 -4.9438e-02
-1.1232e-01 1.5113e-01 2.3980e-01 -2.2182e-02 -6.6386e-02 1.0542e-01 7.7568e-02 1.0000e+00 6.0288e-02 -9.0849e-02 1.3474e-01 -3.0716e-02 -7.4356e-02 -2.7236e-02 -7.9448e-02 -7.9448e-02 -7.3337e-02 -4.7943e-02 9.1919e-02 4.4636e-02 -3.8638e-02 6.0678e-02 2.7731e-02 -9.8606e-03 6.2233e-02 -4.0127e-02 -5.0094e-02 9.1409e-02 8.9348e-02 9.3498e-02 -6.7421e-02 -2.8144e-02 -4.4556e-03 1.1082e-01 -4.8051e-02 7.1368e-02 1.4537e-02 -2.6370e-02 -2.0163e-02 -2.1941e-02 -3.2136e-02 -3.0411e-02 -2.3494e-03 -3.8417e-02 7.2382e-02 -1.7828e-02
1.7646e-02 -8.2256e-02 7.8687e-03 -5.4509e-02 -6.5640e-02 8.3646e-02 3.2490e-01 6.0288e-02 1.0000e+00 2.9582e-01 5.7109e-01 8.4622e-02 -2.3673e-01 -1.5338e-01 1.3703e-01 1.3703e-01 1.1781e-01 6.0374e-02 -1.0705e-01 -1.6394e-01 5.0228e-02 6.8205e-02 -1.3287e-02 -5.4645e-02 7.9951e-02 -3.6511e-02 -3.1586e-02 4.8660e-02 5.8719e-02 5.9054e-02 6.3099e-02 -7.5857e-02 -9.2385e-02 4.4691e-02 -7.9850e-02 4.4174e-02 7.5552e-02 -4.1872e-02 1.6671e-02 1.4023e-02 5.3072e-02 -3.9929e-02 -5.7975e-02 2.4206e-03 2.7296e-02 -2.9253e-04
-1.2291e-02 2.5680e-02 -2.2635e-02 -4.1120e-02 -7.1628e-02 1.1138e-01 8.9374e-02 -9.0849e-02 2.9582e-01 1.0000e+00 -3.7408e-01 -5.6938e-02 4.5619e-01 -5.0488e-02 -1.0822e-01 -1.0822e-01 -9.5138e-02 -1.6164e-01 -8.3851e-02 -1.1340e-01 -1.7755e-01 2.4019e-01 -5.3947e-02 1.3861e-01 1.8361e-01 2.2379e-02 9.1212e-02 8.9828e-02 7.9538e-02 7.2473e-02 -5.9197e-02 -5.2170e-02 5.8051e-02 -2.0881e-02 8.0372e-02 -2.6064e-02 8.9429e-02 -1.0016e-01 -9.3877e-02 -9.1528e-02 -7.9090e-05 6.4551e-03 -4.3837e-02 1.3570e-02 -8.0625e-03 3.6142e-02
9.0168e-03 -4.1766e-02 4.4643e-02 -1.6663e-02 -7.0431e-04 -2.2358e-02 1.9213e-01 1.3474e-01 5.7109e-01 -3.7408e-01 1.0000e+00 1.2890e-01 -5.9156e-01 -1.0253e-01 2.7105e-01 2.7105e-01 2.3216e-01 1.5558e-01 -7.0572e-02 -1.0117e-01 1.8419e-01 -1.3457e-01 5.6596e-02 -1.5254e-01 -6.2575e-02 -5.0546e-02 -1.0786e-01 -1.8764e-02 -1.1183e-02 -1.1791e-02 7.7138e-02 -2.7501e-02 -1.1331e-01 5.5742e-02 -1.0730e-01 3.3735e-02 4.4745e-03 5.6263e-02 8.8103e-02 8.4434e-02 3.4910e-02 -9.9921e-02 -2.8099e-02 -8.8993e-03 2.4525e-02 -2.9359e-02
1.6082e-02 -1.4297e-02 -4.0096e-02 -1.3902e-02 -4.1606e-02 2.8243e-02 2.5214e-02 -3.0716e-02 8.4622e-02 -5.6938e-02 1.2890e-01 1.0000e+00 1.7300e-01 -1.7070e-02 -5.8080e-02 -5.8080e-02 -5.4623e-02 -1.1476e-01 -5.5558e-02 -4.7128e-02 -9.4221e-02 -2.1223e-02 3.8171e-02 -4.3686e-02 -7.8622e-02 1.6462e-02 -3.1395e-02 -5.4521e-02 -3.7528e-02 -3.5882e-02 1.7993e-02 -1.7638e-02 -2.9063e-02 7.1618e-03 2.5127e-02 -4.9563e-02 -6.2123e-02 2.3709e-02 4.1563e-02 4.0481e-02 3.4458e-02 -3.2393e-02 2.7634e-02 -6.4045e-03 4.6448e-03 -2.5554e-02
5.6024e-03 1.2240e-02 -1.0813e-01 -1.0887e-02 8.1655e-02 9.8080e-02 -1.7537e-01 -7.4356e-02 -2.3673e-01 4.5619e-01 -5.9156e-01 1.7300e-01 1.0000e+00 -9.0654e-02 -2.0326e-01 -2.0326e-01 -1.8017e-01 -1.9827e-01 5.9851e-02 5.2722e-02 -2.3758e-01 1.7974e-01 -2.8313e-02 1.8155e-01 1.1684e-01 3.2494e-02 5.5674e-02 3.2212e-02 1.6613e-02 1.7351e-02 -8.6928e-02 -1.0485e-02 9.1444e-02 -2.9186e-02 1.2732e-01 -5.6294e-02 -1.1816e-02 -6.2455e-02 -1.1817e-01 -1.1576e-01 -4.6667e-02 2.5401e-02 2.6551e-02 -2.9298e-02 -2.6789e-02 3.9465e-02
3.0959e-02 -3.4454e-02 -5.3305e-02 -1.2328e-02 -7.0823e-03 -4.3454e-02 -9.4575e-03 -2.7236e-02 -1.5338e-01 -5.0488e-02 -1.0253e-01 -1.7070e-02 -9.0654e-02 1.0000e+00 -5.1501e-02 -5.1501e-02 -4.8436e-02 -4.9053e-02 -9.4183e-02 -1.0956e-03 -1.2497e-02 -1.8819e-02 -4.2105e-02 2.6841e-02 -6.6002e-02 -2.2300e-02 1.2457e-01 3.5899e-02 1.4921e-02 1.6873e-02 -4.0743e-02 -1.5641e-02 6.0320e-02 -3.8799e-02 4.4207e-02 -1.7457e-02 -1.1105e-02 6.9238e-03 -8.2578e-02 -8.3608e-02 6.8696e-02 8.2414e-02 3.6056e-02 4.9376e-03 1.5873e-02 -1.7149e-02
3.3860e-03 -1.4846e-02 -2.8365e-02 -1.3814e-02 6.7191e-02 -1.1752e-01 7.5132e-02 -7.9448e-02 1.3703e-01 -1.0822e-01 2.7105e-01 -5.8080e-02 -2.0326e-01 -5.1501e-02 1.0000e+00 1.0000e+00 9.1592e-01 -8.2810e-03 1.2628e-01 1.7539e-01 2.3308e-01 -6.4032e-02 6.4208e-02 -6.5477e-02 -1.0453e-01 -1.2267e-02 -2.9899e-02 -7.5279e-02 -5.0836e-02 -7.2605e-02 5.3369e-02 -5.3217e-02 -5.4891e-02 -5.4179e-02 -8.3472e-02 4.0355e-03 -5.2748e-02 -1.5507e-02 -6.8186e-03 -1.0162e-02 -2.9646e-02 -5.9917e-02 -8.0179e-03 -1.7517e-02 2.5512e-02 3.9631e-02
3.3860e-03 -1.4846e-02 -2.8365e-02 -1.3814e-02 6.7191e-02 -1.1752e-01 7.5132e-02 -7.9448e-02 1.3703e-01 -1.0822e-01 2.7105e-01 -5.8080e-02 -2.0326e-01 -5.1501e-02 1.0000e+00 1.0000e+00 9.1592e-01 -8.2810e-03 1.2628e-01 1.7539e-01 2.3308e-01 -6.4032e-02 6.4208e-02 -6.5477e-02 -1.0453e-01 -1.2267e-02 -2.9899e-02 -7.5279e-02 -5.0836e-02 -7.2605e-02 5.3369e-02 -5.3217e-02 -5.4891e-02 -5.4179e-02 -8.3472e-02 4.0355e-03 -5.2748e-02 -1.5507e-02 -6.8186e-03 -1.0162e-02 -2.9646e-02 -5.9917e-02 -8.0179e-03 -1.7517e-02 2.5512e-02 3.9631e-02
-7.4691e-03 3.4231e-03 -1.8683e-02 -1.0052e-02 4.0933e-02 -1.0102e-01 6.3184e-02 -7.3337e-02 1.1781e-01 -9.5138e-02 2.3216e-01 -5.4623e-02 -1.8017e-01 -4.8436e-02 9.1592e-01 9.1592e-01 1.0000e+00 -2.8047e-02 8.9591e-02 1.4272e-01 2.0001e-01 -6.0221e-02 6.7613e-02 -4.1553e-02 -8.5765e-02 -4.8895e-03 -8.9084e-02 -9.8542e-02 -6.5506e-02 -8.9020e-02 5.8096e-02 -5.0050e-02 -4.7198e-02 -4.2820e-02 -7.3319e-02 -2.2719e-02 -5.8991e-02 -1.1863e-02 1.6389e-02 1.3259e-02 -3.1981e-02 -5.2399e-02 -1.6873e-03 -2.1299e-03 4.0867e-02 2.8895e-02
3.7254e-02 -5.5699e-02 -1.3275e-02 9.2679e-03 7.2611e-02 -1.4758e-02 -5.9231e-02 -4.7943e-02 6.0374e-02 -1.6164e-01 1.5558e-01 -1.1476e-01 -1.9827e-01 -4.9053e-02 -8.2810e-03 -8.2810e-03 -2.8047e-02 1.0000e+00 1.6123e-01 1.5559e-01 3.0747e-01 8.2751e-02 2.5155e-02 -1.2980e-01 -1.7835e-01 2.3920e-02 3.7456e-02 4.5669e-02 3.5443e-02 5.0872e-02 3.1241e-02 7.5320e-02 -3.0500e-02 -5.1199e-03 -3.5184e-02 4.6610e-02 -4.6112e-02 1.4258e-02 7.5676e-02 6.8902e-02 6.3992e-03 2.7265e-02 6.8751e-02 4.8997e-02 -4.9730e-02 2.1219e-02
-5.3116e-02 2.0125e-02 -5.6099e-03 -2.3239e-02 1.3143e-01 5.5630e-02 -1.2907e-01 9.1919e-02 -1.0705e-01 -8.3851e-02 -7.0572e-02 -5.5558e-02 5.9851e-02 -9.4183e-02 1.2628e-01 1.2628e-01 8.9591e-02 1.6123e-01 1.0000e+00 8.6931e-01 -9.6675e-02 1.2156e-01 7.7504e-02 1.7430e-02 -1.7359e-02 1.1891e-01 2.5140e-02 4.8913e-02 5.5679e-02 6.6468e-02 -1.0017e-03 -4.0459e-03 -6.6464e-02 -1.3504e-02 5.7741e-02 3.5270e-02 -4.0915e-02 2.8397e-02 2.5695e-02 2.1466e-02 -9.1239e-03 -2.5398e-02 2.8402e-02 -2.5955e-03 -1.0337e-02 2.3709e-02
-4.9059e-02 2.6480e-02 -2.4628e-02 -4.7787e-02 1.2584e-01 2.4090e-02 -1.5234e-01 4.4636e-02 -1.6394e-01 -1.1340e-01 -1.0117e-01 -4.7128e-02 5.2722e-02 -1.0956e-03 1.7539e-01 1.7539e-01 1.4272e-01 1.5559e-01 8.6931e-01 1.0000e+00 -1.5195e-01 1.2847e-01 1.4436e-01 1.0477e-01 -5.5796e-02 1.3396e-01 2.4537e-02 3.1024e-02 4.2418e-02 5.3737e-02 -6.7072e-02 -9.6317e-03 3.5787e-03 -3.4319e-02 9.2205e-02 2.7317e-02 -4.9960e-02 1.2947e-02 -3.3265e-02 -3.7889e-02 -5.7252e-02 -2.6694e-02 4.8438e-02 -6.5618e-03 -3.8180e-02 8.3182e-03
-8.4272e-03 3.0252e-03 6.4479e-03 2.4181e-02 6.8651e-02 -5.2868e-02 1.0549e-01 -3.8638e-02 5.0228e-02 -1.7755e-01 1.8419e-01 -9.4221e-02 -2.3758e-01 -1.2497e-02 2.3308e-01 2.3308e-01 2.0001e-01 3.0747e-01 -9.6675e-02 -1.5195e-01 1.0000e+00 -1.2044e-01 -1.4378e-02 -2.4389e-01 -2.9778e-01 8.7809e-03 2.1354e-02 -1.7103e-01 -1.7091e-01 -1.7618e-01 1.5283e-01 9.6068e-02 -8.0932e-02 -1.1284e-01 -1.7068e-01 1.8437e-02 -2.3547e-02 2.6817e-02 1.3984e-01 1.3774e-01 5.2245e-02 1.9393e-02 1.6390e-02 7.9802e-02 1.8129e-03 2.9504e-02
-3.8684e-02 4.7643e-02 6.1345e-02 -1.5327e-02 -4.5870e-02 7.2222e-02 1.0973e-02 6.0678e-02 6.8205e-02 2.4019e-01 -1.3457e-01 -2.1223e-02 1.7974e-01 -1.8819e-02 -6.4032e-02 -6.4032e-02 -6.0221e-02 8.2751e-02 1.2156e-01 1.2847e-01 -1.2044e-01 1.0000e+00 -7.7620e-02 9.3826e-03 1.0436e-02 -2.7726e-02 3.3614e-01 2.4473e-01 2.4239e-01 2.4710e-01 -8.6705e-02 -1.9446e-02 5.6735e-02 -1.8669e-03 6.0593e-02 2.9692e-02 2.0667e-02 -4.0009e-02 -4.4003e-02 -4.5249e-02 7.0623e-03 -3.5712e-02 -2.3398e-02 2.5221e-02 1.8226e-02 5.2265e-02
-2.4763e-02 3.6000e-02 -1.0525e-02 -5.0846e-02 8.9888e-03 -4.4655e-02 -1.1644e-02 2.7731e-02 -1.3287e-02 -5.3947e-02 5.6596e-02 3.8171e-02 -2.8313e-02 -4.2105e-02 6.4208e-02 6.4208e-02 6.7613e-02 2.5155e-02 7.7504e-02 1.4436e-01 -1.4378e-02 -7.7620e-02 1.0000e+00 -1.4116e-01 2.0070e-01 3.2912e-01 -1.1482e-01 1.6209e-01 1.1575e-01 1.2436e-01 -7.6635e-02 1.3239e-01 -7.0882e-02 3.7242e-01 -7.2074e-02 1.0045e-01 -7.5302e-02 -5.1518e-02 9.0525e-03 9.9518e-03 -2.3670e-02 -6.2842e-02 -1.1697e-02 -1.3459e-02 -1.3901e-02 1.7850e-02
-6.0352e-02 4.2736e-02 -4.2705e-02 -1.2893e-02 -6.0388e-02 3.4711e-02 -1.3178e-03 -9.8606e-03 -5.4645e-02 1.3861e-01 -1.5254e-01 -4.3686e-02 1.8155e-01 2.6841e-02 -6.5477e-02 -6.5477e-02 -4.1553e-02 -1.2980e-01 1.7430e-02 1.0477e-01 -2.4389e-01 9.3826e-03 -1.4116e-01 1.0000e+00 4.5353e-01 -1.3648e-01 -1.7038e-01 5.6553e-02 5.0819e-02 5.2205e-02 -3.8219e-01 -7.9190e-02 3.6409e-01 -1.5092e-01 1.9526e-01 -8.7093e-02 9.5467e-02 6.6185e-02 -1.3547e-01 -1.3740e-01 -1.1514e-01 -7.6159e-03 1.0626e-01 -7.4922e-02 -3.3342e-02 -2.7486e-02
-5.3432e-03 8.6347e-03 4.5359e-02 -3.4704e-03 -5.6232e-02 7.7735e-02 1.8986e-02 6.2233e-02 7.9951e-02 1.8361e-01 -6.2575e-02 -7.8622e-02 1.1684e-01 -6.6002e-02 -1.0453e-01 -1.0453e-01 -8.5765e-02 -1.7835e-01 -1.7359e-02 -5.5796e-02 -2.9778e-01 1.0436e-02 2.0070e-01 4.5353e-01 1.0000e+00 -1.2323e-01 -1.5384e-01 4.6436e-01 4.1041e-01 4.1406e-01 -3.8828e-01 6.7370e-02 2.0039e-02 2.6262e-01 1.1941e-01 9.0136e-02 9.1110e-02 4.3433e-03 -7.7425e-02 -8.2893e-02 -8.0604e-02 -3.3193e-02 2.4740e-02 -6.7358e-02 -6.8007e-02 6.2268e-03
-3.4726e-02 3.6691e-02 -6.3005e-02 -1.8162e-02 4.8583e-02 9.0322e-03 -6.3545e-02 -4.0127e-02 -3.6511e-02 2.2379e-02 -5.0546e-02 1.6462e-02 3.2494e-02 -2.2300e-02 -1.2267e-02 -1.2267e-02 -4.8895e-03 2.3920e-02 1.1891e-01 1.3396e-01 8.7809e-03 -2.7726e-02 3.2912e-01 -1.3648e-01 -1.2323e-01 1.0000e+00 -4.1015e-02 -6.6863e-02 -6.7840e-02 -6.5882e-02 1.7913e-02 6.7509e-02 -7.1572e-02 -5.7162e-02 -1.6387e-02 -5.6618e-02 -6.5971e-02 3.1527e-03 2.1425e-02 1.9992e-02 -6.4672e-03 -1.6734e-02 -2.7726e-02 -1.4782e-02 5.6802e-02 8.4823e-03
5.3367e-03 1.5693e-02 2.8552e-02 -2.2673e-02 4.9636e-02 9.0798e-03 5.2954e-03 -5.0094e-02 -3.1586e-02 9.1212e-02 -1.0786e-01 -3.1395e-02 5.5674e-02 1.2457e-01 -2.9899e-02 -2.9899e-02 -8.9084e-02 3.7456e-02 2.5140e-02 2.4537e-02 2.1354e-02 3.3614e-01 -1.1482e-01 -1.7038e-01 -1.5384e-01 -4.1015e-02 1.0000e+00 3.7770e-01 3.2933e-01 3.3600e-01 -1.0189e-01 -2.8766e-02 3.9534e-02 -5.5260e-02 7.0297e-03 5.3964e-02 1.0117e-02 -7.4175e-02 -2.9671e-02 -2.2229e-02 1.5689e-02 3.0602e-02 -3.7161e-03 4.4099e-02 -1.0624e-02 3.8225e-02
-1.9927e-02 6.7136e-02 7.3247e-02 2.1090e-02 2.8745e-02 1.2637e-02 -1.9356e-02 9.1409e-02 4.8660e-02 8.9828e-02 -1.8764e-02 -5.4521e-02 3.2212e-02 3.5899e-02 -7.5279e-02 -7.5279e-02 -9.8542e-02 4.5669e-02 4.8913e-02 3.1024e-02 -1.7103e-01 2.4473e-01 1.6209e-01 5.6553e-02 4.6436e-01 -6.6863e-02 3.7770e-01 1.0000e+00 8.4995e-01 8.6031e-01 -3.1926e-01 -6.6279e-02 -1.0533e-01 3.5973e-01 6.0060e-02 2.5122e-01 -1.2383e-02 1.0483e-02 -1.4488e-02 -1.3791e-02 -2.8645e-02 -1.2194e-02 1.3708e-03 -5.1138e-02 -7.0294e-02 4.0844e-02
5.8445e-03 3.4898e-02 6.3129e-02 -4.0615e-03 5.2738e-02 4.8826e-02 -8.9917e-03 8.9348e-02 5.8719e-02 7.9538e-02 -1.1183e-02 -3.7528e-02 1.6613e-02 1.4921e-02 -5.0836e-02 -5.0836e-02 -6.5506e-02 3.5443e-02 5.5679e-02 4.2418e-02 -1.7091e-01 2.4239e-01 1.1575e-01 5.0819e-02 4.1041e-01 -6.7840e-02 3.2933e-01 8.4995e-01 1.0000e+00 9.8241e-01 -3.3816e-01 -6.6866e-02 -1.7239e-01 5.0705e-01 -1.1171e-02 3.1145e-01 -9.0925e-03 2.8850e-02 1.6521e-02 1.7176e-02 -3.5118e-02 1.8870e-02 2.5674e-04 -7.5809e-02 -4.7656e-02 5.3492e-02
6.4144e-03 3.8232e-02 6.3429e-02 -2.6376e-03 5.7662e-02 4.4954e-02 -1.4208e-02 9.3498e-02 5.9054e-02 7.2473e-02 -1.1791e-02 -3.5882e-02 1.7351e-02 1.6873e-02 -7.2605e-02 -7.2605e-02 -8.9020e-02 5.0872e-02 6.6468e-02 5.3737e-02 -1.7618e-01 2.4710e-01 1.2436e-01 5.2205e-02 4.1406e-01 -6.5882e-02 3.3600e-01 8.6031e-01 9.8241e-01 1.0000e+00 -3.4592e-01 -6.5690e-02 -1.7498e-01 5.0834e-01 -4.1595e-03 3.1781e-01 -9.1723e-03 2.6047e-02 2.2597e-02 2.3378e-02 -2.2107e-02 2.2477e-02 2.4963e-03 -7.1176e-02 -4.3393e-02 4.3630e-02
1.5463e-02 -6.7588e-02 -2.8727e-02 2.9487e-02 -7.3698e-02 -2.3392e-02 9.6112e-02 -6.7421e-02 6.3099e-02 -5.9197e-02 7.7138e-02 1.7993e-02 -8.6928e-02 -4.0743e-02 5.3369e-02 5.3369e-02 5.8096e-02 3.1241e-02 -1.0017e-03 -6.7072e-02 1.5283e-01 -8.6705e-02 -7.6635e-02 -3.8219e-01 -3.8828e-01 1.7913e-02 -1.0189e-01 -3.1926e-01 -3.3816e-01 -3.4592e-01 1.0000e+00 -9.5108e-02 -4.8914e-01 -2.3593e-01 -2.0135e-01 -2.8138e-01 -1.8495e-01 -1.1874e-01 1.5348e-01 1.6007e-01 1.0673e-01 -1.5538e-02 -8.6705e-02 4.8288e-02 8.8527e-02 2.0954e-02
1.2560e-03 3.4843e-02 7.5606e-02 -1.2738e-02 4.8514e-02 -2.3005e-03 -8.2760e-02 -2.8144e-02 -7.5857e-02 -5.2170e-02 -2.7501e-02 -1.7638e-02 -1.0485e-02 -1.5641e-02 -5.3217e-02 -5.3217e-02 -5.0050e-02 7.5320e-02 -4.0459e-03 -9.6317e-03 9.6068e-02 -1.9446e-02 1.3239e-01 -7.9190e-02 6.7370e-02 6.7509e-02 -2.8766e-02 -6.6279e-02 -6.6866e-02 -6.5690e-02 -9.5108e-02 1.0000e+00 -8.4646e-02 -4.0092e-02 -6.1941e-02 -3.9710e-02 -3.5618e-02 3.9286e-02 7.0623e-03 6.0524e-03 1.1419e-02 6.2072e-03 -1.9446e-02 2.6272e-02 1.2796e-02 3.1309e-02
-1.8600e-02 5.4648e-02 -3.4485e-02 -1.5546e-03 -3.5196e-02 -2.3465e-02 -2.9088e-02 -4.4556e-03 -9.2385e-02 5.8051e-02 -1.1331e-01 -2.9063e-02 9.1444e-02 6.0320e-02 -5.4891e-02 -5.4891e-02 -4.7198e-02 -3.0500e-02 -6.6464e-02 3.5787e-03 -8.0932e-02 5.6735e-02 -7.0882e-02 3.6409e-01 2.0039e-02 -7.1572e-02 3.9534e-02 -1.0533e-01 -1.7239e-01 -1.7498e-01 -4.8914e-01 -8.4646e-02 1.0000e+00 -2.0998e-01 1.6811e-01 2.4051e-02 2.9116e-01 -3.9948e-02 -1.9980e-01 -2.0091e-01 -7.2164e-02 1.0003e-02 9.9984e-02 -1.4348e-02 -2.5575e-02 -7.5269e-03
6.3738e-03 2.1872e-02 7.2365e-02 -3.1600e-02 1.8794e-02 2.7720e-02 -5.5194e-04 1.1082e-01 4.4691e-02 -2.0881e-02 5.5742e-02 7.1618e-03 -2.9186e-02 -3.8799e-02 -5.4179e-02 -5.4179e-02 -4.2820e-02 -5.1199e-03 -1.3504e-02 -3.4319e-02 -1.1284e-01 -1.8669e-03 3.7242e-01 -1.5092e-01 2.6262e-01 -5.7162e-02 -5.5260e-02 3.5973e-01 5.0705e-01 5.0834e-01 -2.3593e-01 -4.0092e-02 -2.0998e-01 1.0000e+00 -1.2725e-01 4.1055e-01 -5.7578e-02 -5.7867e-04 6.4852e-02 6.2374e-02 -2.9883e-03 4.6367e-03 2.1319e-02 -2.0725e-02 -3.1657e-02 3.2732e-02
-9.7661e-03 -7.5550e-03 -5.1931e-02 2.7522e-02 3.7405e-02 -3.4539e-02 -1.1242e-01 -4.8051e-02 -7.9850e-02 8.0372e-02 -1.0730e-01 2.5127e-02 1.2732e-01 4.4207e-02 -8.3472e-02 -8.3472e-02 -7.3319e-02 -3.5184e-02 5.7741e-02 9.2205e-02 -1.7068e-01 6.0593e-02 -7.2074e-02 1.9526e-01 1.1941e-01 -1.6387e-02 7.0297e-03 6.0060e-02 -1.1171e-02 -4.1595e-03 -2.0135e-01 -6.1941e-02 1.6811e-01 -1.2725e-01 1.0000e+00 -2.5046e-01 -1.5047e-01 1.4247e-01 -1.1243e-01 -1.0626e-01 -6.5226e-02 1.1674e-02 -2.3858e-02 -3.2702e-02 -8.0919e-02 -2.3788e-03
3.2597e-02 8.0646e-03 3.8862e-02 -1.4218e-02 4.2856e-02 1.1306e-02 -1.5445e-02 7.1368e-02 4.4174e-02 -2.6064e-02 3.3735e-02 -4.9563e-02 -5.6294e-02 -1.7457e-02 4.0355e-03 4.0355e-03 -2.2719e-02 4.6610e-02 3.5270e-02 2.7317e-02 1.8437e-02 2.9692e-02 1.0045e-01 -8.7093e-02 9.0136e-02 -5.6618e-02 5.3964e-02 2.5122e-01 3.1145e-01 3.1781e-01 -2.8138e-01 -3.9710e-02 2.4051e-02 4.1055e-01 -2.5046e-01 1.0000e+00 2.8419e-01 7.8903e-02 6.2580e-02 5.7859e-02 3.9967e-02 5.4637e-02 -4.5891e-02 2.2550e-02 -5.5314e-02 -9.3189e-04
1.5599e-03 1.8831e-02 -4.0379e-03 8.8661e-03 -6.6460e-02 6.3805e-03 2.8779e-02 1.4537e-02 7.5552e-02 8.9429e-02 4.4745e-03 -6.2123e-02 -1.1816e-02 -1.1105e-02 -5.2748e-02 -5.2748e-02 -5.8991e-02 -4.6112e-02 -4.0915e-02 -4.9960e-02 -2.3547e-02 2.0667e-02 -7.5302e-02 9.5467e-02 9.1110e-02 -6.5971e-02 1.0117e-02 -1.2383e-02 -9.0925e-03 -9.1723e-03 -1.8495e-01 -3.5618e-02 2.9116e-01 -5.7578e-02 -1.5047e-01 2.8419e-01 1.0000e+00 -7.3046e-02 -1.8084e-01 -1.7383e-01 8.1075e-03 2.7881e-02 -5.0658e-02 -3.4467e-02 -9.3598e-03 1.2447e-02
1.6804e-02 -3.8999e-02 -3.5895e-03 3.6809e-02 -3.4823e-02 -2.4103e-02 -2.4673e-02 -2.6370e-02 -4.1872e-02 -1.0016e-01 5.6263e-02 2.3709e-02 -6.2455e-02 6.9238e-03 -1.5507e-02 -1.5507e-02 -1.1863e-02 1.4258e-02 2.8397e-02 1.2947e-02 2.6817e-02 -4.0009e-02 -5.1518e-02 6.6185e-02 4.3433e-03 3.1527e-03 -7.4175e-02 1.0483e-02 2.8850e-02 2.6047e-02 -1.1874e-01 3.9286e-02 -3.9948e-02 -5.7867e-04 1.4247e-01 7.8903e-02 -7.3046e-02 1.0000e+00 3.0460e-01 3.0026e-01 -3.2997e-02 4.5960e-02 -2.4493e-02 1.8908e-02 -1.8031e-02 -5.1240e-02
2.8259e-02 -1.1156e-02 5.9921e-02 -6.9891e-03 -1.0052e-02 7.1308e-03 3.7212e-02 -2.0163e-02 1.6671e-02 -9.3877e-02 8.8103e-02 4.1563e-02 -1.1817e-01 -8.2578e-02 -6.8186e-03 -6.8186e-03 1.6389e-02 7.5676e-02 2.5695e-02 -3.3265e-02 1.3984e-01 -4.4003e-02 9.0525e-03 -1.3547e-01 -7.7425e-02 2.1425e-02 -2.9671e-02 -1.4488e-02 1.6521e-02 2.2597e-02 1.5348e-01 7.0623e-03 -1.9980e-01 6.4852e-02 -1.1243e-01 6.2580e-02 -1.8084e-01 3.0460e-01 1.0000e+00 9.9204e-01 8.0300e-02 -3.4287e-02 7.5998e-02 1.0593e-01 1.1260e-02 1.6781e-02
2.9425e-02 -1.1263e-02 5.6500e-02 -7.7925e-03 -1.2449e-02 -5.9458e-04 4.0029e-02 -2.1941e-02 1.4023e-02 -9.1528e-02 8.4434e-02 4.0481e-02 -1.1576e-01 -8.3608e-02 -1.0162e-02 -1.0162e-02 1.3259e-02 6.8902e-02 2.1466e-02 -3.7889e-02 1.3774e-01 -4.5249e-02 9.9518e-03 -1.3740e-01 -8.2893e-02 1.9992e-02 -2.2229e-02 -1.3791e-02 1.7176e-02 2.3378e-02 1.6007e-01 6.0524e-03 -2.0091e-01 6.2374e-02 -1.0626e-01 5.7859e-02 -1.7383e-01 3.0026e-01 9.9204e-01 1.0000e+00 7.7059e-02 -3.6170e-02 7.4823e-02 1.0917e-01 8.6761e-03 1.3982e-02
-3.3002e-03 3.6597e-02 1.4294e-02 -5.1362e-02 -1.2967e-02 -2.4678e-02 1.3301e-02 -3.2136e-02 5.3072e-02 -7.9090e-05 3.4910e-02 3.4458e-02 -4.6667e-02 6.8696e-02 -2.9646e-02 -2.9646e-02 -3.1981e-02 6.3992e-03 -9.1239e-03 -5.7252e-02 5.2245e-02 7.0623e-03 -2.3670e-02 -1.1514e-01 -8.0604e-02 -6.4672e-03 1.5689e-02 -2.8645e-02 -3.5118e-02 -2.2107e-02 1.0673e-01 1.1419e-02 -7.2164e-02 -2.9883e-03 -6.5226e-02 3.9967e-02 8.1075e-03 -3.2997e-02 8.0300e-02 7.7059e-02 1.0000e+00 2.5538e-01 -1.3984e-01 2.8787e-01 9.7113e-02 5.3931e-02
-4.9296e-03 2.7957e-02 -2.6916e-03 -2.3394e-02 1.1582e-02 -9.9377e-02 -6.2067e-02 -3.0411e-02 -3.9929e-02 6.4551e-03 -9.9921e-02 -3.2393e-02 2.5401e-02 8.2414e-02 -5.9917e-02 -5.9917e-02 -5.2399e-02 2.7265e-02 -2.5398e-02 -2.6694e-02 1.9393e-02 -3.5712e-02 -6.2842e-02 -7.6159e-03 -3.3193e-02 -1.6734e-02 3.0602e-02 -1.2194e-02 1.8870e-02 2.2477e-02 -1.5538e-02 6.2072e-03 1.0003e-02 4.6367e-03 1.1674e-02 5.4637e-02 2.7881e-02 4.5960e-02 -3.4287e-02 -3.6170e-02 2.5538e-01 1.0000e+00 -3.5712e-02 -8.6327e-02 -6.0549e-02 -5.3560e-02
-6.7268e-02 4.7643e-02 -2.9812e-02 -1.5327e-02 7.4992e-02 5.7766e-02 5.3596e-02 -2.3494e-03 -5.7975e-02 -4.3837e-02 -2.8099e-02 2.7634e-02 2.6551e-02 3.6056e-02 -8.0179e-03 -8.0179e-03 -1.6873e-03 6.8751e-02 2.8402e-02 4.8438e-02 1.6390e-02 -2.3398e-02 -1.1697e-02 1.0626e-01 2.4740e-02 -2.7726e-02 -3.7161e-03 1.3708e-03 2.5674e-04 2.4963e-03 -8.6705e-02 -1.9446e-02 9.9984e-02 2.1319e-02 -2.3858e-02 -4.5891e-02 -5.0658e-02 -2.4493e-02 7.5998e-02 7.4823e-02 -1.3984e-01 -3.5712e-02 1.0000e+00 -5.6560e-02 -4.9682e-02 -5.3869e-02
-3.0413e-02 4.2661e-02 2.4090e-02 -6.2465e-03 -4.4240e-02 1.1991e-02 1.2051e-02 -3.8417e-02 2.4206e-03 1.3570e-02 -8.8993e-03 -6.4045e-03 -2.9298e-02 4.9376e-03 -1.7517e-02 -1.7517e-02 -2.1299e-03 4.8997e-02 -2.5955e-03 -6.5618e-03 7.9802e-02 2.5221e-02 -1.3459e-02 -7.4922e-02 -6.7358e-02 -1.4782e-02 4.4099e-02 -5.1138e-02 -7.5809e-02 -7.1176e-02 4.8288e-02 2.6272e-02 -1.4348e-02 -2.0725e-02 -3.2702e-02 2.2550e-02 -3.4467e-02 1.8908e-02 1.0593e-01 1.0917e-01 2.8787e-01 -8.6327e-02 -5.6560e-02 1.0000e+00 -1.2010e-01 1.2337e-01
-4.0617e-03 -3.5103e-02 -1.6042e-03 -3.2545e-02 -2.3616e-02 8.8308e-03 3.7913e-02 7.2382e-02 2.7296e-02 -8.0625e-03 2.4525e-02 4.6448e-03 -2.6789e-02 1.5873e-02 2.5512e-02 2.5512e-02 4.0867e-02 -4.9730e-02 -1.0337e-02 -3.8180e-02 1.8129e-03 1.8226e-02 -1.3901e-02 -3.3342e-02 -6.8007e-02 5.6802e-02 -1.0624e-02 -7.0294e-02 -4.7656e-02 -4.3393e-02 8.8527e-02 1.2796e-02 -2.5575e-02 -3.1657e-02 -8.0919e-02 -5.5314e-02 -9.3598e-03 -1.8031e-02 1.1260e-02 8.6761e-03 9.7113e-02 -6.0549e-02 -4.9682e-02 -1.2010e-01 1.0000e+00 -6.3976e-03
-2.5923e-02 1.9228e-02 2.1363e-02 2.8675e-02 2.1240e-02 1.2161e-02 -4.9438e-02 -1.7828e-02 -2.9253e-04 3.6142e-02 -2.9359e-02 -2.5554e-02 3.9465e-02 -1.7149e-02 3.9631e-02 3.9631e-02 2.8895e-02 2.1219e-02 2.3709e-02 8.3182e-03 2.9504e-02 5.2265e-02 1.7850e-02 -2.7486e-02 6.2268e-03 8.4823e-03 3.8225e-02 4.0844e-02 5.3492e-02 4.3630e-02 2.0954e-02 3.1309e-02 -7.5269e-03 3.2732e-02 -2.3788e-03 -9.3189e-04 1.2447e-02 -5.1240e-02 1.6781e-02 1.3982e-02 5.3931e-02 -5.3560e-02 -5.3869e-02 1.2337e-01 -6.3976e-03 1.0000e+00
