1.0000e+00 1.9353e-01 2.7360e-01 1.8988e-01 1.7022e-01 1.1567e-01 1.1567e-01 1.1127e-01 1.1127e-01 1.0999e-01 1.0769e-01 -1.8461e-01 1.3784e-01 -1.3241e-03 -1.3241e-03 -1.3241e-03 -1.3241e-03 -1.6988e-01 -1.3241e-03 3.6029e-03 1.4236e-03 2.9114e-02 -9.2506e-02 -8.9995e-02 -1.2607e-01 2.9685e-02 -8.7276e-02 -8.9721e-02 4.7985e-02 8.7276e-02 9.4344e-02 2.6655e-02 2.7877e-02 2.0089e-02 2.6655e-02 3.8358e-02 -2.4480e-02 3.3463e-03
1.9353e-01 1.0000e+00 6.3358e-01 6.0466e-01 5.5831e-02 -2.4689e-02 -2.4689e-02 -1.8678e-02 -1.8678e-02 -2.5350e-02 -9.8804e-03 -1.0859e-01 -1.8908e-02 7.0658e-02 7.0658e-02 7.0658e-02 7.0658e-02 -6.1609e-02 7.0658e-02 5.2007e-02 5.5867e-02 5.5107e-02 -8.4898e-02 -8.5836e-02 -7.0249e-02 1.8297e-02 -9.1374e-02 -9.0461e-02 7.0282e-03 9.1374e-02 8.5059e-02 1.9677e-02 2.1417e-02 1.3932e-02 1.3775e-02 3.5180e-02 -7.2271e-02 9.3249e-02
2.7360e-01 6.3358e-01 1.0000e+00 6.4120e-01 1.8098e-01 -4.2550e-03 -4.2550e-03 3.7761e-04 3.7761e-04 -5.2350e-03 2.4682e-04 -1.7971e-01 8.1646e-02 8.5016e-02 8.5016e-02 8.5016e-02 8.5016e-02 -9.7239e-02 8.5016e-02 1.2029e-01 7.8223e-02 8.2148e-02 -1.3678e-01 -1.3183e-01 -1.0702e-01 1.0434e-01 -1.2173e-01 -1.2654e-01 1.9863e-02 1.2173e-01 1.1846e-01 1.1913e-01 1.2199e-01 1.1091e-01 1.1458e-01 5.4568e-02 -1.3044e-01 1.1957e-01
1.8988e-01 6.0466e-01 6.4120e-01 1.0000e+00 1.0780e-01 -2.4377e-02 -2.4377e-02 -1.9827e-02 -1.9827e-02 -2.4708e-02 -1.8908e-02 -1.1930e-01 4.8278e-02 1.2005e-01 1.2005e-01 1.2005e-01 1.2005e-01 -1.0189e-01 1.2005e-01 1.5618e-01 1.2789e-01 1.3559e-01 -1.7624e-01 -1.7768e-01 -1.4726e-01 1.7075e-01 -1.7380e-01 -1.7236e-01 6.7804e-02 1.7380e-01 1.5821e-01 1.6580e-01 1.6884e-01 1.6305e-01 1.5686e-01 7.4186e-02 -1.1730e-01 1.1733e-01
1.7022e-01 5.5831e-02 1.8098e-01 1.0780e-01 1.0000e+00 1.7923e-01 1.7923e-01 1.9518e-01 1.9518e-01 1.9330e-01 1.8329e-01 -6.0204e-02 1.2484e-01 4.7921e-02 4.7921e-02 4.7921e-02 4.7921e-02 5.7189e-02 4.7921e-02 -3.7800e-02 5.5793e-02 8.1612e-02 -5.8304e-02 -6.4027e-02 -8.4500e-02 5.5115e-03 -6.8726e-02 -6.3117e-02 7.9742e-02 6.8726e-02 7.9848e-02 2.1995e-03 5.3603e-03 5.4353e-03 2.1995e-03 8.6865e-02 -6.5371e-02 9.3038e-03
1.1567e-01 -2.4689e-02 -4.2550e-03 -2.4377e-02 1.7923e-01 1.0000e+00 1.0000e+00 9.7294e-01 9.7294e-01 9.8662e-01 9.6444e-01 -4.5427e-01 6.5398e-01 3.3881e-01 3.3881e-01 3.3881e-01 3.3881e-01 -2.1401e-01 3.3881e-01 -8.4430e-02 1.2889e-01 1.9549e-01 -3.3047e-01 -3.2736e-01 -2.0883e-01 -2.7481e-02 -2.6017e-01 -2.6298e-01 9.3093e-02 2.6017e-01 2.4851e-01 -5.4049e-03 -8.3204e-03 -1.1195e-02 -5.4049e-03 1.0287e-01 -1.5055e-01 8.2000e-02
1.1567e-01 -2.4689e-02 -4.2550e-03 -2.4377e-02 1.7923e-01 1.0000e+00 1.0000e+00 9.7294e-01 9.7294e-01 9.8662e-01 9.6444e-01 -4.5427e-01 6.5398e-01 3.3881e-01 3.3881e-01 3.3881e-01 3.3881e-01 -2.1401e-01 3.3881e-01 -8.4430e-02 1.2889e-01 1.9549e-01 -3.3047e-01 -3.2736e-01 -2.0883e-01 -2.7481e-02 -2.6017e-01 -2.6298e-01 9.3093e-02 2.6017e-01 2.4851e-01 -5.4049e-03 -8.3204e-03 -1.1195e-02 -5.4049e-03 1.0287e-01 -1.5055e-01 8.2000e-02
1.1127e-01 -1.8678e-02 3.7761e-04 -1.9827e-02 1.9518e-01 9.7294e-01 9.7294e-01 1.0000e+00 1.0000e+00 9.8662e-01 9.6892e-01 -4.6135e-01 6.6984e-01 3.4405e-01 3.4405e-01 3.4405e-01 3.4405e-01 -2.1401e-01 3.4405e-01 -8.4430e-02 1.3926e-01 1.9037e-01 -3.3674e-01 -3.3987e-01 -2.1543e-01 -2.7481e-02 -2.7244e-01 -2.6913e-01 1.0694e-01 2.7244e-01 2.6681e-01 -5.4049e-03 -8.3204e-03 -1.1195e-02 -5.4049e-03 1.1525e-01 -1.5055e-01 7.6056e-02
1.1127e-01 -1.8678e-02 3.7761e-04 -1.9827e-02 1.9518e-01 9.7294e-01 9.7294e-01 1.0000e+00 1.0000e+00 9.8662e-01 9.6892e-01 -4.6135e-01 6.6984e-01 3.4405e-01 3.4405e-01 3.4405e-01 3.4405e-01 -2.1401e-01 3.4405e-01 -8.4430e-02 1.3926e-01 1.9037e-01 -3.3674e-01 -3.3987e-01 -2.1543e-01 -2.7481e-02 -2.7244e-01 -2.6913e-01 1.0694e-01 2.7244e-01 2.6681e-01 -5.4049e-03 -8.3204e-03 -1.1195e-02 -5.4049e-03 1.1525e-01 -1.5055e-01 7.6056e-02
1.0999e-01 -2.5350e-02 -5.2350e-03 -2.4708e-02 1.9330e-01 9.8662e-01 9.8662e-01 9.8662e-01 9.8662e-01 1.0000e+00 9.7776e-01 -4.5505e-01 6.6046e-01 3.4368e-01 3.4368e-01 3.4368e-01 3.4368e-01 -2.1115e-01 3.4368e-01 -7.9630e-02 1.3486e-01 1.8600e-01 -3.3030e-01 -3.3339e-01 -2.0987e-01 -2.7127e-02 -2.6614e-01 -2.6287e-01 9.6987e-02 2.6614e-01 2.6049e-01 -4.8370e-03 -7.7913e-03 -1.0784e-02 -4.8370e-03 1.0740e-01 -1.4524e-01 7.6334e-02
1.0769e-01 -9.8804e-03 2.4682e-04 -1.8908e-02 1.8329e-01 9.6444e-01 9.6444e-01 9.6892e-01 9.6892e-01 9.7776e-01 1.0000e+00 -4.5093e-01 6.8579e-01 3.6257e-01 3.6257e-01 3.6257e-01 3.6257e-01 -2.0927e-01 3.6257e-01 -6.0087e-02 1.5426e-01 2.0516e-01 -3.3229e-01 -3.3534e-01 -2.1276e-01 -7.6976e-03 -2.6809e-01 -2.6486e-01 1.1332e-01 2.6809e-01 2.6239e-01 1.4582e-02 1.1627e-02 8.6193e-03 1.4582e-02 1.2885e-01 -1.4824e-01 7.8492e-02
-1.8461e-01 -1.0859e-01 -1.7971e-01 -1.1930e-01 -6.0204e-02 -4.5427e-01 -4.5427e-01 -4.6135e-01 -4.6135e-01 -4.5505e-01 -4.5093e-01 1.0000e+00 -6.6281e-01 -1.6859e-01 -1.6859e-01 -1.6859e-01 -1.6859e-01 4.5007e-01 -1.6859e-01 -2.3370e-01 -1.7218e-01 -1.6773e-01 6.9744e-01 6.9424e-01 4.5981e-01 -2.1147e-01 5.8904e-01 5.9179e-01 -1.1341e-01 -5.8904e-01 -5.7405e-01 -2.1808e-01 -2.1697e-01 -2.1422e-01 -2.1808e-01 -1.3135e-01 3.2066e-01 -1.8738e-01
1.3784e-01 -1.8908e-02 8.1646e-02 4.8278e-02 1.2484e-01 6.5398e-01 6.5398e-01 6.6984e-01 6.6984e-01 6.6046e-01 6.8579e-01 -6.6281e-01 1.0000e+00 2.5435e-01 2.5435e-01 2.5435e-01 2.5435e-01 -2.9831e-01 2.5435e-01 3.4731e-01 1.4437e-01 2.1716e-01 -5.3279e-01 -5.3695e-01 -3.7545e-01 3.1425e-01 -4.5366e-01 -4.4928e-01 1.5488e-01 4.5366e-01 4.5523e-01 3.2425e-01 3.2258e-01 3.1841e-01 3.1387e-01 1.6915e-01 -2.6973e-01 1.7333e-01
-1.3241e-03 7.0658e-02 8.5016e-02 1.2005e-01 4.7921e-02 3.3881e-01 3.3881e-01 3.4405e-01 3.4405e-01 3.4368e-01 3.6257e-01 -1.6859e-01 2.5435e-01 1.0000e+00 1.0000e+00 1.0000e+00 1.0000e+00 -7.5876e-02 1.0000e+00 7.2140e-01 7.3793e-01 7.1482e-01 -2.9401e-02 -3.0796e-02 -7.3630e-03 4.9103e-01 -3.1860e-02 -3.0491e-02 4.6326e-01 3.1860e-02 2.7480e-02 4.6416e-01 4.6687e-01 4.5301e-01 4.6416e-01 4.7657e-01 -1.5536e-01 -1.5798e-02
-1.3241e-03 7.0658e-02 8.5016e-02 1.2005e-01 4.7921e-02 3.3881e-01 3.3881e-01 3.4405e-01 3.4405e-01 3.4368e-01 3.6257e-01 -1.6859e-01 2.5435e-01 1.0000e+00 1.0000e+00 1.0000e+00 1.0000e+00 -7.5876e-02 1.0000e+00 7.2140e-01 7.3793e-01 7.1482e-01 -2.9401e-02 -3.0796e-02 -7.3630e-03 4.9103e-01 -3.1860e-02 -3.0491e-02 4.6326e-01 3.1860e-02 2.7480e-02 4.6416e-01 4.6687e-01 4.5301e-01 4.6416e-01 4.7657e-01 -1.5536e-01 -1.5798e-02
-1.3241e-03 7.0658e-02 8.5016e-02 1.2005e-01 4.7921e-02 3.3881e-01 3.3881e-01 3.4405e-01 3.4405e-01 3.4368e-01 3.6257e-01 -1.6859e-01 2.5435e-01 1.0000e+00 1.0000e+00 1.0000e+00 1.0000e+00 -7.5876e-02 1.0000e+00 7.2140e-01 7.3793e-01 7.1482e-01 -2.9401e-02 -3.0796e-02 -7.3630e-03 4.9103e-01 -3.1860e-02 -3.0491e-02 4.6326e-01 3.1860e-02 2.7480e-02 4.6416e-01 4.6687e-01 4.5301e-01 4.6416e-01 4.7657e-01 -1.5536e-01 -1.5798e-02
-1.3241e-03 7.0658e-02 8.5016e-02 1.2005e-01 4.7921e-02 3.3881e-01 3.3881e-01 3.4405e-01 3.4405e-01 3.4368e-01 3.6257e-01 -1.6859e-01 2.5435e-01 1.0000e+00 1.0000e+00 1.0000e+00 1.0000e+00 -7.5876e-02 1.0000e+00 7.2140e-01 7.3793e-01 7.1482e-01 -2.9401e-02 -3.0796e-02 -7.3630e-03 4.9103e-01 -3.1860e-02 -3.0491e-02 4.6326e-01 3.1860e-02 2.7480e-02 4.6416e-01 4.6687e-01 4.5301e-01 4.6416e-01 4.7657e-01 -1.5536e-01 -1.5798e-02
-1.6988e-01 -6.1609e-02 -9.7239e-02 -1.0189e-01 5.7189e-02 -2.1401e-01 -2.1401e-01 -2.1401e-01 -2.1401e-01 -2.1115e-01 -2.0927e-01 4.5007e-01 -2.9831e-01 -7.5876e-02 -7.5876e-02 -7.5876e-02 -7.5876e-02 1.0000e+00 -7.5876e-02 -1.0518e-01 -7.7494e-02 -7.9107e-02 3.6462e-01 3.6302e-01 3.9097e-01 -9.3459e-02 3.5374e-01 3.5525e-01 -5.1044e-02 -3.5374e-01 -3.5077e-01 -9.6444e-02 -9.5945e-02 -9.4700e-02 -9.6444e-02 -5.9119e-02 -1.2677e-02 5.3488e-03
-1.3241e-03 7.0658e-02 8.5016e-02 1.2005e-01 4.7921e-02 3.3881e-01 3.3881e-01 3.4405e-01 3.4405e-01 3.4368e-01 3.6257e-01 -1.6859e-01 2.5435e-01 1.0000e+00 1.0000e+00 1.0000e+00 1.0000e+00 -7.5876e-02 1.0000e+00 7.2140e-01 7.3793e-01 7.1482e-01 -2.9401e-02 -3.0796e-02 -7.3630e-03 4.9103e-01 -3.1860e-02 -3.0491e-02 4.6326e-01 3.1860e-02 2.7480e-02 4.6416e-01 4.6687e-01 4.5301e-01 4.6416e-01 4.7657e-01 -1.5536e-01 -1.5798e-02
3.6029e-03 5.2007e-02 1.2029e-01 1.5618e-01 -3.7800e-02 -8.4430e-02 -8.4430e-02 -8.4430e-02 -8.4430e-02 -7.9630e-02 -6.0087e-02 -2.3370e-01 3.4731e-01 7.2140e-01 7.2140e-01 7.2140e-01 7.2140e-01 -1.0518e-01 7.2140e-01 1.0000e+00 6.0752e-01 5.8859e-01 -1.1696e-01 -1.1865e-01 -8.3870e-02 6.9081e-01 -1.1637e-01 -1.1469e-01 4.0240e-01 1.1637e-01 1.0754e-01 6.5451e-01 6.5827e-01 6.4560e-01 6.4567e-01 4.1381e-01 -1.8570e-01 5.7241e-02
1.4236e-03 5.5867e-02 7.8223e-02 1.2789e-01 5.5793e-02 1.2889e-01 1.2889e-01 1.3926e-01 1.3926e-01 1.3486e-01 1.5426e-01 -1.7218e-01 1.4437e-01 7.3793e-01 7.3793e-01 7.3793e-01 7.3793e-01 -7.7494e-02 7.3793e-01 6.0752e-01 1.0000e+00 8.8543e-01 -1.9421e-01 -1.9511e-01 -1.8043e-01 6.0098e-01 -1.9341e-01 -1.9250e-01 5.8706e-01 1.9341e-01 1.9523e-01 5.7818e-01 5.8108e-01 5.6796e-01 5.8327e-01 6.2056e-01 -1.5216e-01 -2.2136e-02
2.9114e-02 5.5107e-02 8.2148e-02 1.3559e-01 8.1612e-02 1.9549e-01 1.9549e-01 1.9037e-01 1.9037e-01 1.8600e-01 2.0516e-01 -1.6773e-01 2.1716e-01 7.1482e-01 7.1482e-01 7.1482e-01 7.1482e-01 -7.9107e-02 7.1482e-01 5.8859e-01 8.8543e-01 1.0000e+00 -2.0560e-01 -2.0650e-01 -1.9193e-01 6.8830e-01 -2.0487e-01 -2.0396e-01 5.9020e-01 2.0487e-01 1.9975e-01 6.6459e-01 6.6764e-01 6.5516e-01 6.6459e-01 6.2073e-01 -1.6400e-01 -1.4832e-02
-9.2506e-02 -8.4898e-02 -1.3678e-01 -1.7624e-01 -5.8304e-02 -3.3047e-01 -3.3047e-01 -3.3674e-01 -3.3674e-01 -3.3030e-01 -3.3229e-01 6.9744e-01 -5.3279e-01 -2.9401e-02 -2.9401e-02 -2.9401e-02 -2.9401e-02 3.6462e-01 -2.9401e-02 -1.1696e-01 -1.9421e-01 -2.0560e-01 1.0000e+00 9.9566e-01 7.9574e-01 -2.8014e-01 8.9380e-01 8.9764e-01 -1.3267e-01 -8.9380e-01 -8.7776e-01 -2.8761e-01 -2.8636e-01 -2.8324e-01 -2.8761e-01 -1.5365e-01 3.5905e-01 -1.9274e-01
-8.9995e-02 -8.5836e-02 -1.3183e-01 -1.7768e-01 -6.4027e-02 -3.2736e-01 -3.2736e-01 -3.3987e-01 -3.3987e-01 -3.3339e-01 -3.3534e-01 6.9424e-01 -5.3695e-01 -3.0796e-02 -3.0796e-02 -3.0796e-02 -3.0796e-02 3.6302e-01 -3.0796e-02 -1.1865e-01 -1.9511e-01 -2.0650e-01 9.9566e-01 1.0000e+00 8.0129e-01 -2.8136e-01 8.9827e-01 8.9360e-01 -1.3325e-01 -8.9827e-01 -8.8222e-01 -2.8886e-01 -2.8761e-01 -2.8448e-01 -2.8886e-01 -1.5432e-01 3.5683e-01 -1.9089e-01
-1.2607e-01 -7.0249e-02 -1.0702e-01 -1.4726e-01 -8.4500e-02 -2.0883e-01 -2.0883e-01 -2.1543e-01 -2.1543e-01 -2.0987e-01 -2.1276e-01 4.5981e-01 -3.7545e-01 -7.3630e-03 -7.3630e-03 -7.3630e-03 -7.3630e-03 3.9097e-01 -7.3630e-03 -8.3870e-02 -1.8043e-01 -1.9193e-01 7.9574e-01 8.0129e-01 1.0000e+00 -2.6151e-01 9.0603e-01 9.0082e-01 -1.2384e-01 -9.0603e-01 -8.9855e-01 -2.6848e-01 -2.6731e-01 -2.6441e-01 -2.6848e-01 -1.4343e-01 4.9119e-01 -3.0951e-01
2.9685e-02 1.8297e-02 1.0434e-01 1.7075e-01 5.5115e-03 -2.7481e-02 -2.7481e-02 -2.7481e-02 -2.7481e-02 -2.7127e-02 -7.6976e-03 -2.1147e-01 3.1425e-01 4.9103e-01 4.9103e-01 4.9103e-01 4.9103e-01 -9.3459e-02 4.9103e-01 6.9081e-01 6.0098e-01 6.8830e-01 -2.8014e-01 -2.8136e-01 -2.6151e-01 1.0000e+00 -2.8863e-01 -2.8743e-01 4.6671e-01 2.8863e-01 2.9104e-01 9.6090e-01 9.6514e-01 9.5383e-01 9.5214e-01 4.8106e-01 -2.1213e-01 5.4667e-02
-8.7276e-02 -9.1374e-02 -1.2173e-01 -1.7380e-01 -6.8726e-02 -2.6017e-01 -2.6017e-01 -2.7244e-01 -2.7244e-01 -2.6614e-01 -2.6809e-01 5.8904e-01 -4.5366e-01 -3.1860e-02 -3.1860e-02 -3.1860e-02 -3.1860e-02 3.5374e-01 -3.1860e-02 -1.1637e-01 -1.9341e-01 -2.0487e-01 8.9380e-01 8.9827e-01 9.0603e-01 -2.8863e-01 1.0000e+00 9.9582e-01 -1.3669e-01 -1.0000e+00 -9.8344e-01 -2.9632e-01 -2.9504e-01 -2.9183e-01 -2.9632e-01 -1.5831e-01 4.4203e-01 -2.6101e-01
-8.9721e-02 -9.0461e-02 -1.2654e-01 -1.7236e-01 -6.3117e-02 -2.6298e-01 -2.6298e-01 -2.6913e-01 -2.6913e-01 -2.6287e-01 -2.6486e-01 5.9179e-01 -4.4928e-01 -3.0491e-02 -3.0491e-02 -3.0491e-02 -3.0491e-02 3.5525e-01 -3.0491e-02 -1.1469e-01 -1.9250e-01 -2.0396e-01 8.9764e-01 8.9360e-01 9.0082e-01 -2.8743e-01 9.9582e-01 1.0000e+00 -1.3612e-01 -9.9582e-01 -9.7927e-01 -2.9509e-01 -2.9380e-01 -2.9061e-01 -2.9509e-01 -1.5765e-01 4.4444e-01 -2.6301e-01
4.7985e-02 7.0282e-03 1.9863e-02 6.7804e-02 7.9742e-02 9.3093e-02 9.3093e-02 1.0694e-01 1.0694e-01 9.6987e-02 1.1332e-01 -1.1341e-01 1.5488e-01 4.6326e-01 4.6326e-01 4.6326e-01 4.6326e-01 -5.1044e-02 4.6326e-01 4.0240e-01 5.8706e-01 5.9020e-01 -1.3267e-01 -1.3325e-01 -1.2384e-01 4.6671e-01 -1.3669e-01 -1.3612e-01 1.0000e+00 1.3669e-01 1.3783e-01 4.5448e-01 4.5648e-01 4.6155e-01 4.5448e-01 7.8735e-01 -1.2504e-01 -5.7905e-02
8.7276e-02 9.1374e-02 1.2173e-01 1.7380e-01 6.8726e-02 2.6017e-01 2.6017e-01 2.7244e-01 2.7244e-01 2.6614e-01 2.6809e-01 -5.8904e-01 4.5366e-01 3.1860e-02 3.1860e-02 3.1860e-02 3.1860e-02 -3.5374e-01 3.1860e-02 1.1637e-01 1.9341e-01 2.0487e-01 -8.9380e-01 -8.9827e-01 -9.0603e-01 2.8863e-01 -1.0000e+00 -9.9582e-01 1.3669e-01 1.0000e+00 9.8344e-01 2.9632e-01 2.9504e-01 2.9183e-01 2.9632e-01 1.5831e-01 -4.4203e-01 2.6101e-01
9.4344e-02 8.5059e-02 1.1846e-01 1.5821e-01 7.9848e-02 2.4851e-01 2.4851e-01 2.6681e-01 2.6681e-01 2.6049e-01 2.6239e-01 -5.7405e-01 4.5523e-01 2.7480e-02 2.7480e-02 2.7480e-02 2.7480e-02 -3.5077e-01 2.7480e-02 1.0754e-01 1.9523e-01 1.9975e-01 -8.7776e-01 -8.8222e-01 -8.9855e-01 2.9104e-01 -9.8344e-01 -9.7927e-01 1.3783e-01 9.8344e-01 1.0000e+00 2.9879e-01 2.9749e-01 2.9426e-01 2.9879e-01 1.5963e-01 -4.3730e-01 2.5705e-01
2.6655e-02 1.9677e-02 1.1913e-01 1.6580e-01 2.1995e-03 -5.4049e-03 -5.4049e-03 -5.4049e-03 -5.4049e-03 -4.8370e-03 1.4582e-02 -2.1808e-01 3.2425e-01 4.6416e-01 4.6416e-01 4.6416e-01 4.6416e-01 -9.6444e-02 4.6416e-01 6.5451e-01 5.7818e-01 6.6459e-01 -2.8761e-01 -2.8886e-01 -2.6848e-01 9.6090e-01 -2.9632e-01 -2.9509e-01 4.5448e-01 2.9632e-01 2.9879e-01 1.0000e+00 9.9566e-01 9.8483e-01 9.9131e-01 4.7345e-01 -2.1957e-01 6.4674e-02
2.7877e-02 2.1417e-02 1.2199e-01 1.6884e-01 5.3603e-03 -8.3204e-03 -8.3204e-03 -8.3204e-03 -8.3204e-03 -7.7913e-03 1.1627e-02 -2.1697e-01 3.2258e-01 4.6687e-01 4.6687e-01 4.6687e-01 4.6687e-01 -9.5945e-02 4.6687e-01 6.5827e-01 5.8108e-01 6.6764e-01 -2.8636e-01 -2.8761e-01 -2.6731e-01 9.6514e-01 -2.9504e-01 -2.9380e-01 4.5648e-01 2.9504e-01 2.9749e-01 9.9566e-01 1.0000e+00 9.8913e-01 9.8695e-01 4.7570e-01 -2.1833e-01 6.3015e-02
2.0089e-02 1.3932e-02 1.1091e-01 1.6305e-01 5.4353e-03 -1.1195e-02 -1.1195e-02 -1.1195e-02 -1.1195e-02 -1.0784e-02 8.6193e-03 -2.1422e-01 3.1841e-01 4.5301e-01 4.5301e-01 4.5301e-01 4.5301e-01 -9.4700e-02 4.5301e-01 6.4560e-01 5.6796e-01 6.5516e-01 -2.8324e-01 -2.8448e-01 -2.6441e-01 9.5383e-01 -2.9183e-01 -2.9061e-01 4.6155e-01 2.9183e-01 2.9426e-01 9.8483e-01 9.8913e-01 1.0000e+00 9.8046e-01 4.8140e-01 -2.1523e-01 5.8851e-02
2.6655e-02 1.3775e-02 1.1458e-01 1.5686e-01 2.1995e-03 -5.4049e-03 -5.4049e-03 -5.4049e-03 -5.4049e-03 -4.8370e-03 1.4582e-02 -2.1808e-01 3.1387e-01 4.6416e-01 4.6416e-01 4.6416e-01 4.6416e-01 -9.6444e-02 4.6416e-01 6.4567e-01 5.8327e-01 6.6459e-01 -2.8761e-01 -2.8886e-01 -2.6848e-01 9.5214e-01 -2.9632e-01 -2.9509e-01 4.5448e-01 2.9632e-01 2.9879e-01 9.9131e-01 9.8695e-01 9.8046e-01 1.0000e+00 4.7953e-01 -2.1957e-01 6.4674e-02
3.8358e-02 3.5180e-02 5.4568e-02 7.4186e-02 8.6865e-02 1.0287e-01 1.0287e-01 1.1525e-01 1.1525e-01 1.0740e-01 1.2885e-01 -1.3135e-01 1.6915e-01 4.7657e-01 4.7657e-01 4.7657e-01 4.7657e-01 -5.9119e-02 4.7657e-01 4.1381e-01 6.2056e-01 6.2073e-01 -1.5365e-01 -1.5432e-01 -1.4343e-01 4.8106e-01 -1.5831e-01 -1.5765e-01 7.8735e-01 1.5831e-01 1.5963e-01 4.7345e-01 4.7570e-01 4.8140e-01 4.7953e-01 1.0000e+00 -1.4482e-01 -8.7508e-02
-2.4480e-02 -7.2271e-02 -1.3044e-01 -1.1730e-01 -6.5371e-02 -1.5055e-01 -1.5055e-01 -1.5055e-01 -1.5055e-01 -1.4524e-01 -1.4824e-01 3.2066e-01 -2.6973e-01 -1.5536e-01 -1.5536e-01 -1.5536e-01 -1.5536e-01 -1.2677e-02 -1.5536e-01 -1.8570e-01 -1.5216e-01 -1.6400e-01 3.5905e-01 3.5683e-01 4.9119e-01 -2.1213e-01 4.4203e-01 4.4444e-01 -1.2504e-01 -4.4203e-01 -4.3730e-01 -2.1957e-01 -2.1833e-01 -2.1523e-01 -2.1957e-01 -1.4482e-01 1.0000e+00 -7.2809e-01
3.3463e-03 9.3249e-02 1.1957e-01 1.1733e-01 9.3038e-03 8.2000e-02 8.2000e-02 7.6056e-02 7.6056e-02 7.6334e-02 7.8492e-02 -1.8738e-01 1.7333e-01 -1.5798e-02 -1.5798e-02 -1.5798e-02 -1.5798e-02 5.3488e-03 -1.5798e-02 5.7241e-02 -2.2136e-02 -1.4832e-02 -1.9274e-01 -1.9089e-01 -3.0951e-01 5.4667e-02 -2.6101e-01 -2.6301e-01 -5.7905e-02 2.6101e-01 2.5705e-01 6.4674e-02 6.3015e-02 5.8851e-02 6.4674e-02 -8.7508e-02 -7.2809e-01 1.0000e+00
