1.0000e+00 1.1664e-01 9.1938e-01 6.5078e-02 -2.6795e-01 -3.1546e-01 -6.9588e-02 1.0072e-01 -1.0707e-01 5.0687e-02 4.3980e-02 6.0680e-02 -5.9774e-02 2.9895e-02
1.1664e-01 1.0000e+00 1.1522e-01 -9.5134e-02 -6.9045e-02 9.3841e-02 2.0235e-02 -2.1790e-02 2.5842e-02 -5.0054e-02 1.9592e-02 8.5460e-03 2.2657e-02 -1.2417e-01
9.1938e-01 1.1522e-01 1.0000e+00 3.6464e-03 -2.6365e-01 -3.2529e-01 -6.8742e-02 1.4186e-01 -1.4341e-01 5.8662e-02 4.8414e-02 5.8983e-02 -5.8731e-02 5.5815e-02
6.5078e-02 -9.5134e-02 3.6464e-03 1.0000e+00 -1.0002e-01 -1.8964e-01 -2.3776e-02 -4.2786e-02 1.2694e-01 -2.7847e-02 -2.4338e-02 -3.0373e-02 1.3055e-02 2.3715e-02
-2.6795e-01 -6.9045e-02 -2.6365e-01 -1.0002e-01 1.0000e+00 -4.3317e-01 -5.6775e-02 -1.8370e-01 -6.1974e-04 1.9057e-02 -4.9635e-02 -5.0170e-02 -4.3461e-02 -4.2857e-02
-3.1546e-01 9.3841e-02 -3.2529e-01 -1.8964e-01 -4.3317e-01 1.0000e+00 1.2538e-01 1.3273e-01 5.5524e-02 -1.4070e-01 9.5596e-02 8.1920e-02 9.0745e-02 -1.9176e-02
-6.9588e-02 2.0235e-02 -6.8742e-02 -2.3776e-02 -5.6775e-02 1.2538e-01 1.0000e+00 1.1506e-01 -5.3310e-02 2.0992e-02 -1.4195e-02 9.4182e-03 -1.3518e-02 -6.2388e-03
1.0072e-01 -2.1790e-02 1.4186e-01 -4.2786e-02 -1.8370e-01 1.3273e-01 1.1506e-01 1.0000e+00 -2.9352e-01 1.3800e-01 -3.7474e-02 -3.4452e-02 -7.0565e-02 1.4590e-01
-1.0707e-01 2.5842e-02 -1.4341e-01 1.2694e-01 -6.1974e-04 5.5524e-02 -5.3310e-02 -2.9352e-01 1.0000e+00 -1.6560e-01 5.1845e-02 3.5152e-02 9.5879e-02 -1.0054e-01
5.0687e-02 -5.0054e-02 5.8662e-02 -2.7847e-02 1.9057e-02 -1.4070e-01 2.0992e-02 1.3800e-01 -1.6560e-01 1.0000e+00 -2.5860e-01 -2.2869e-01 -6.8282e-02 2.0425e-01
4.3980e-02 1.9592e-02 4.8414e-02 -2.4338e-02 -4.9635e-02 9.5596e-02 -1.4195e-02 -3.7474e-02 5.1845e-02 -2.5860e-01 1.0000e+00 9.1850e-01 -4.6764e-02 -7.7187e-02
6.0680e-02 8.5460e-03 5.8983e-02 -3.0373e-02 -5.0170e-02 8.1920e-02 9.4182e-03 -3.4452e-02 3.5152e-02 -2.2869e-01 9.1850e-01 1.0000e+00 -4.9056e-02 -7.5518e-02
-5.9774e-02 2.2657e-02 -5.8731e-02 1.3055e-02 -4.3461e-02 9.0745e-02 -1.3518e-02 -7.0565e-02 9.5879e-02 -6.8282e-02 -4.6764e-02 -4.9056e-02 1.0000e+00 1.4994e-01
2.9895e-02 -1.2417e-01 5.5815e-02 2.3715e-02 -4.2857e-02 -1.9176e-02 -6.2388e-03 1.4590e-01 -1.0054e-01 2.0425e-01 -7.7187e-02 -7.5518e-02 1.4994e-01 1.0000e+00
