1.0000e+00 -6.4660e-02 -2.7726e-02 -2.5815e-02 3.4089e-02 2.6164e-02 5.5809e-02 5.4742e-02 -1.7221e-02 -1.9634e-02 5.7617e-02 -3.6478e-02 4.2796e-02 -2.2300e-02 -4.0573e-02 -3.1228e-02 7.6457e-02
-6.4660e-02 1.0000e+00 -6.7508e-02 -6.2855e-02 -4.5047e-02 1.4636e-02 -1.9578e-02 -2.3622e-02 -1.3352e-02 -2.9583e-02 -1.4705e-02 1.1703e-02 -7.5977e-04 5.6725e-02 -1.0416e-02 4.3805e-03 -4.0607e-02
-2.7726e-02 -6.7508e-02 1.0000e+00 8.8344e-01 2.2489e-02 4.5366e-02 4.1660e-02 4.0710e-02 -1.4533e-02 4.5561e-02 2.4475e-02 2.6354e-02 -6.1990e-02 -1.8819e-02 -3.4239e-02 -2.6354e-02 7.8124e-03
-2.5815e-02 -6.2855e-02 8.8344e-01 1.0000e+00 3.2164e-02 6.3840e-02 5.6788e-02 5.6070e-02 -1.3532e-02 3.9937e-02 2.0307e-02 2.4537e-02 -7.3200e-02 -1.7522e-02 -3.1880e-02 -2.4537e-02 2.9257e-03
3.4089e-02 -4.5047e-02 2.2489e-02 3.2164e-02 1.0000e+00 -1.7513e-01 -4.1164e-02 -2.7237e-02 -3.5952e-02 -6.6219e-02 -6.3966e-02 1.1347e-02 -4.1307e-02 2.7784e-02 -4.2434e-02 -2.9295e-02 -4.2237e-02
2.6164e-02 1.4636e-02 4.5366e-02 6.3840e-02 -1.7513e-01 1.0000e+00 -1.2436e-01 -1.3177e-01 -4.5567e-02 2.7486e-02 4.2936e-02 -5.2735e-02 -2.6758e-02 6.8152e-02 1.7522e-02 1.5057e-02 6.2448e-03
5.5809e-02 -1.9578e-02 4.1660e-02 5.6788e-02 -4.1164e-02 -1.2436e-01 1.0000e+00 9.7041e-01 3.7884e-02 -3.1809e-02 -2.9068e-02 -6.8696e-02 -2.9126e-02 1.3745e-03 -7.3406e-02 -5.2183e-02 3.7606e-02
5.4742e-02 -2.3622e-02 4.0710e-02 5.6070e-02 -2.7237e-02 -1.3177e-01 9.7041e-01 1.0000e+00 3.7405e-02 -3.4333e-02 -3.2765e-02 -6.7828e-02 -3.2435e-02 3.1095e-04 -4.8686e-02 -1.9318e-02 4.0184e-02
-1.7221e-02 -1.3352e-02 -1.4533e-02 -1.3532e-02 -3.5952e-02 -4.5567e-02 3.7884e-02 3.7405e-02 1.0000e+00 -6.6553e-02 -7.9507e-02 1.6369e-02 -5.4111e-02 -1.1689e-02 -2.1267e-02 -1.6369e-02 3.0108e-03
-1.9634e-02 -2.9583e-02 4.5561e-02 3.9937e-02 -6.6219e-02 2.7486e-02 -3.1809e-02 -3.4333e-02 -6.6553e-02 1.0000e+00 8.7161e-01 1.5909e-01 7.5905e-01 -8.0693e-02 -3.8281e-02 7.7845e-03 -2.3647e-02
5.7617e-02 -1.4705e-02 2.4475e-02 2.0307e-02 -6.3966e-02 4.2936e-02 -2.9068e-02 -3.2765e-02 -7.9507e-02 8.7161e-01 1.0000e+00 -1.6262e-01 7.6197e-01 -8.1046e-02 -3.5846e-03 1.9805e-02 -1.6593e-02
-3.6478e-02 1.1703e-02 2.6354e-02 2.4537e-02 1.1347e-02 -5.2735e-02 -6.8696e-02 -6.7828e-02 1.6369e-02 1.5909e-01 -1.6262e-01 1.0000e+00 1.7470e-01 -2.7823e-02 3.8565e-02 2.9683e-02 -2.7974e-02
4.2796e-02 -7.5977e-04 -6.1990e-02 -7.3200e-02 -4.1307e-02 -2.6758e-02 -2.9126e-02 -3.2435e-02 -5.4111e-02 7.5905e-01 7.6197e-01 1.7470e-01 1.0000e+00 -7.5537e-02 6.2122e-03 1.5427e-02 -1.7067e-02
-2.2300e-02 5.6725e-02 -1.8819e-02 -1.7522e-02 2.7784e-02 6.8152e-02 1.3745e-03 3.1095e-04 -1.1689e-02 -8.0693e-02 -8.1046e-02 -2.7823e-02 -7.5537e-02 1.0000e+00 -2.7539e-02 -2.1196e-02 -6.7411e-02
-4.0573e-02 -1.0416e-02 -3.4239e-02 -3.1880e-02 -4.2434e-02 1.7522e-02 -7.3406e-02 -4.8686e-02 -2.1267e-02 -3.8281e-02 -3.5846e-03 3.8565e-02 6.2122e-03 -2.7539e-02 1.0000e+00 7.6969e-01 -2.4241e-01
-3.1228e-02 4.3805e-03 -2.6354e-02 -2.4537e-02 -2.9295e-02 1.5057e-02 -5.2183e-02 -1.9318e-02 -1.6369e-02 7.7845e-03 1.9805e-02 2.9683e-02 1.5427e-02 -2.1196e-02 7.6969e-01 1.0000e+00 -1.8658e-01
7.6457e-02 -4.0607e-02 7.8124e-03 2.9257e-03 -4.2237e-02 6.2448e-03 3.7606e-02 4.0184e-02 3.0108e-03 -2.3647e-02 -1.6593e-02 -2.7974e-02 -1.7067e-02 -6.7411e-02 -2.4241e-01 -1.8658e-01 1.0000e+00
