1.0000e+00 2.2687e-01 2.2745e-01 -9.3272e-02 2.2652e-01 2.2652e-01 2.5967e-01 2.5110e-01 2.5110e-01 -2.3607e-01 2.5110e-01 -2.3008e-01 -3.5065e-02 -2.3607e-01 2.4723e-01 -3.5065e-02 2.4338e-01 2.4819e-01 2.4819e-01 2.4626e-01 4.2740e-02 2.4723e-01 2.4723e-01 2.4723e-01 2.4723e-01 2.4723e-01 2.4723e-01 2.2594e-01 -2.0407e-01 2.2070e-01 2.2163e-01 2.2070e-01 2.2163e-01 2.2163e-01 2.1977e-01 2.1977e-01 5.2240e-01 2.1977e-01 2.1977e-01 2.1977e-01 2.1977e-01 2.1977e-01 2.1884e-01 -2.2354e-01 2.1977e-01 -2.2331e-01 -2.1977e-01 -1.9080e-01 -2.1328e-01 -5.2460e-02 -2.1328e-01 -2.1235e-01 -2.1328e-01 -1.9910e-01 5.0030e-01 -2.1328e-01 -2.1328e-01 -2.1328e-01 -2.1328e-01 -2.1328e-01 -2.1328e-01 4.9640e-01 4.9446e-01 4.9640e-01 4.9640e-01 4.9640e-01 -1.9772e-01 5.0907e-01 -1.2957e-01 -1.2957e-01 -2.3305e-01 -1.3282e-01 -2.2258e-01 -1.9814e-01 -1.9814e-01 -2.2094e-01 -2.2094e-01 -2.3329e-01 -2.3236e-01 -2.0825e-01 -2.2322e-01 -2.3575e-01 -2.3548e-01 -2.3575e-01 -2.3548e-01 -2.3665e-01 -2.3116e-01 -2.3575e-01 -2.3456e-01 -2.0912e-01 -2.3575e-01 -2.3575e-01 -2.3665e-01 -2.4116e-01 -2.3699e-01 -2.3236e-01 -2.3667e-01 -2.7060e-01
2.2687e-01 1.0000e+00 9.9010e-01 2.3750e-01 9.8813e-01 9.3639e-01 7.4386e-01 7.4000e-01 7.4000e-01 -3.9930e-01 7.4000e-01 -3.4283e-01 1.2777e-01 -3.9491e-01 7.3174e-01 1.2777e-01 7.2355e-01 7.2980e-01 7.2980e-01 7.2569e-01 4.1609e-01 7.2775e-01 7.2775e-01 7.2775e-01 7.2775e-01 7.2775e-01 7.2775e-01 6.3967e-01 -3.5575e-01 6.3569e-01 6.3765e-01 6.3569e-01 6.3765e-01 6.3765e-01 6.4169e-01 6.4169e-01 3.0498e-01 6.4169e-01 6.4169e-01 6.4169e-01 6.3771e-01 6.3771e-01 6.3576e-01 -3.1038e-01 6.3771e-01 -2.9651e-01 -6.3771e-01 -3.4474e-01 -6.0815e-01 -3.5385e-01 -6.0815e-01 -6.0622e-01 -6.0815e-01 -5.6064e-01 2.7450e-01 -6.0815e-01 -6.0815e-01 -6.0815e-01 -6.0815e-01 -6.0815e-01 -6.0815e-01 2.6893e-01 2.7099e-01 2.6893e-01 2.6893e-01 2.6893e-01 -2.2753e-01 2.0385e-01 1.9539e-02 1.9539e-02 -1.0902e-01 -1.5786e-02 -9.7075e-02 -1.7673e-01 -1.7673e-01 -1.0073e-01 -1.0073e-01 -6.4987e-02 -6.3071e-02 -1.3745e-01 -8.8045e-02 -1.0280e-01 -8.7538e-02 -1.0280e-01 -8.7538e-02 -1.0471e-01 -8.5473e-02 -1.0280e-01 -8.5623e-02 -1.3935e-01 -1.0280e-01 -1.0280e-01 -1.0471e-01 -1.1425e-01 -7.2659e-02 -6.7050e-02 -6.9113e-02 -5.8658e-02
2.2745e-01 9.9010e-01 1.0000e+00 2.3515e-01 9.9801e-01 9.4231e-01 7.5056e-01 7.4675e-01 7.4675e-01 -4.0552e-01 7.4675e-01 -3.4783e-01 1.2650e-01 -4.0113e-01 7.3841e-01 1.2650e-01 7.3013e-01 7.3649e-01 7.3649e-01 7.3234e-01 4.1737e-01 7.3441e-01 7.3441e-01 7.3441e-01 7.3441e-01 7.3441e-01 7.3441e-01 6.4579e-01 -3.6123e-01 6.4181e-01 6.4379e-01 6.4181e-01 6.4379e-01 6.4379e-01 6.4779e-01 6.4779e-01 3.0489e-01 6.4779e-01 6.4779e-01 6.4779e-01 6.4381e-01 6.4381e-01 6.4184e-01 -3.1564e-01 6.4381e-01 -3.0191e-01 -6.4381e-01 -3.5008e-01 -6.1412e-01 -3.5547e-01 -6.1412e-01 -6.1216e-01 -6.1412e-01 -5.6610e-01 2.7408e-01 -6.1412e-01 -6.1412e-01 -6.1412e-01 -6.1412e-01 -6.1412e-01 -6.1412e-01 2.6846e-01 2.7049e-01 2.6846e-01 2.6846e-01 2.6846e-01 -2.3281e-01 2.0387e-01 1.3235e-02 1.3235e-02 -1.1058e-01 -2.1727e-02 -9.4658e-02 -1.7689e-01 -1.7689e-01 -9.8389e-02 -9.8389e-02 -6.3155e-02 -6.1219e-02 -1.3810e-01 -8.9395e-02 -1.0442e-01 -8.9498e-02 -1.0442e-01 -8.9498e-02 -1.0635e-01 -8.7454e-02 -1.0442e-01 -8.7565e-02 -1.4001e-01 -1.0442e-01 -1.0442e-01 -1.0635e-01 -1.1599e-01 -7.0902e-02 -6.5197e-02 -6.7240e-02 -5.7495e-02
-9.3272e-02 2.3750e-01 2.3515e-01 1.0000e+00 2.3468e-01 2.2553e-01 2.4248e-01 2.4349e-01 2.4349e-01 -1.4590e-01 2.4349e-01 -1.1747e-01 -2.8136e-02 -1.4590e-01 2.4147e-01 -2.8136e-02 2.3948e-01 2.4197e-01 2.4197e-01 2.4097e-01 1.2602e-01 2.4147e-01 2.4147e-01 2.4147e-01 2.4147e-01 2.4147e-01 2.4147e-01 2.1872e-01 -1.2871e-01 2.1872e-01 2.1919e-01 2.1872e-01 2.1919e-01 2.1919e-01 2.1825e-01 2.1825e-01 -9.1398e-02 2.1825e-01 2.1825e-01 2.1825e-01 2.1825e-01 2.1825e-01 2.1778e-01 -1.1251e-01 2.1825e-01 -1.1545e-01 -2.1825e-01 -1.2556e-01 -2.1499e-01 -1.2161e-01 -2.1499e-01 -2.1453e-01 -2.1499e-01 -2.0279e-01 -8.5757e-02 -2.1499e-01 -2.1499e-01 -2.1499e-01 -2.1499e-01 -2.1499e-01 -2.1499e-01 -8.6575e-02 -7.5881e-02 -8.6575e-02 -8.6575e-02 -8.6575e-02 -9.0224e-02 -6.7194e-02 -4.3653e-02 -4.3653e-02 -8.2450e-02 -4.3310e-02 -9.1605e-02 -7.9281e-02 -7.9281e-02 -9.3398e-02 -9.3398e-02 -7.7287e-02 -7.6829e-02 -6.2006e-02 -6.8366e-02 -7.4643e-02 -7.3182e-02 -7.4643e-02 -7.3182e-02 -7.5094e-02 -7.3637e-02 -7.4643e-02 -7.2728e-02 -6.2448e-02 -7.4643e-02 -7.4643e-02 -7.5094e-02 -7.7347e-02 -7.9119e-02 -7.6829e-02 -7.6372e-02 -8.3892e-02
2.2652e-01 9.8813e-01 9.9801e-01 2.3468e-01 1.0000e+00 9.4430e-01 7.5271e-01 7.4890e-01 7.4890e-01 -4.0676e-01 7.4890e-01 -3.4883e-01 1.2625e-01 -4.0238e-01 7.4055e-01 1.2625e-01 7.3225e-01 7.3864e-01 7.3864e-01 7.3448e-01 4.1853e-01 7.3655e-01 7.3655e-01 7.3655e-01 7.3655e-01 7.3655e-01 7.3655e-01 6.4782e-01 -3.6233e-01 6.4384e-01 6.4582e-01 6.4384e-01 6.4582e-01 6.4582e-01 6.4981e-01 6.4981e-01 3.0388e-01 6.4981e-01 6.4981e-01 6.4981e-01 6.4583e-01 6.4583e-01 6.4385e-01 -3.1670e-01 6.4583e-01 -3.0299e-01 -6.4583e-01 -3.5116e-01 -6.1612e-01 -3.5669e-01 -6.1612e-01 -6.1416e-01 -6.1612e-01 -5.6799e-01 2.7303e-01 -6.1612e-01 -6.1612e-01 -6.1612e-01 -6.1612e-01 -6.1612e-01 -6.1612e-01 2.7224e-01 2.7426e-01 2.7224e-01 2.7224e-01 2.7224e-01 -2.3387e-01 2.0787e-01 1.1974e-02 1.1974e-02 -1.1249e-01 -2.2915e-02 -9.6564e-02 -1.7854e-01 -1.7854e-01 -1.0031e-01 -1.0031e-01 -6.5176e-02 -6.3236e-02 -1.3984e-01 -9.1260e-02 -1.0634e-01 -9.1482e-02 -1.0634e-01 -9.1482e-02 -1.0827e-01 -8.9442e-02 -1.0634e-01 -8.9545e-02 -1.4175e-01 -1.0634e-01 -1.0634e-01 -1.0827e-01 -1.1793e-01 -7.2939e-02 -6.7214e-02 -6.9253e-02 -5.9659e-02
2.2652e-01 9.3639e-01 9.4231e-01 2.2553e-01 9.4430e-01 1.0000e+00 7.8867e-01 7.8488e-01 7.8488e-01 -4.0676e-01 7.8488e-01 -3.8798e-01 1.2625e-01 -4.0238e-01 7.7650e-01 1.2625e-01 7.6818e-01 7.7459e-01 7.7459e-01 7.7042e-01 4.5921e-01 7.7250e-01 7.7250e-01 7.7250e-01 7.7250e-01 7.7250e-01 7.7250e-01 6.7568e-01 -3.5303e-01 6.7170e-01 6.7369e-01 6.7170e-01 6.7369e-01 6.7369e-01 6.7767e-01 6.7767e-01 3.3870e-01 6.7767e-01 6.7767e-01 6.7767e-01 6.7369e-01 6.7369e-01 6.7171e-01 -3.3097e-01 6.7369e-01 -3.4529e-01 -6.7369e-01 -3.3701e-01 -6.4396e-01 -4.0106e-01 -6.4396e-01 -6.4200e-01 -6.4396e-01 -5.9983e-01 3.0699e-01 -6.4396e-01 -6.4396e-01 -6.4396e-01 -6.4396e-01 -6.4396e-01 -6.4396e-01 3.0608e-01 3.0805e-01 3.0608e-01 3.0608e-01 3.0608e-01 -2.6723e-01 2.4289e-01 1.1974e-02 1.1974e-02 -1.1249e-01 -1.3886e-02 -1.0054e-01 -1.8258e-01 -1.8258e-01 -1.0429e-01 -1.0429e-01 -6.9154e-02 -6.7214e-02 -1.4385e-01 -9.5245e-02 -1.1032e-01 -9.5459e-02 -1.1032e-01 -9.5459e-02 -1.1225e-01 -9.3419e-02 -1.1032e-01 -9.3522e-02 -1.4576e-01 -1.1032e-01 -1.1032e-01 -1.1225e-01 -1.2191e-01 -7.6918e-02 -7.1192e-02 -7.3231e-02 -6.3651e-02
2.5967e-01 7.4386e-01 7.5056e-01 2.4248e-01 7.5271e-01 7.8867e-01 1.0000e+00 9.9599e-01 9.9599e-01 -5.7532e-01 9.9599e-01 -4.6183e-01 1.3539e-01 -5.7092e-01 9.8797e-01 1.3539e-01 9.8003e-01 9.8596e-01 9.8596e-01 9.8197e-01 5.3296e-01 9.8396e-01 9.8396e-01 9.8396e-01 9.8396e-01 9.8396e-01 9.8396e-01 8.8588e-01 -5.0209e-01 8.8189e-01 8.8376e-01 8.8189e-01 8.8376e-01 8.8376e-01 8.8002e-01 8.8002e-01 5.1991e-01 8.8002e-01 8.8002e-01 8.8002e-01 8.7602e-01 8.7602e-01 8.7416e-01 -4.2843e-01 8.7602e-01 -4.4033e-01 -8.7602e-01 -4.8470e-01 -8.4707e-01 -4.8858e-01 -8.4707e-01 -8.4523e-01 -8.4707e-01 -8.0257e-01 4.8603e-01 -8.4707e-01 -8.4707e-01 -8.4707e-01 -8.4707e-01 -8.4707e-01 -8.4707e-01 4.8486e-01 4.8670e-01 4.8486e-01 4.8486e-01 4.8486e-01 -2.6423e-01 4.1917e-01 -4.0907e-02 -4.0907e-02 -1.5772e-01 -6.7357e-02 -1.4972e-01 -2.3058e-01 -2.3058e-01 -1.4892e-01 -1.4892e-01 -1.1014e-01 -1.0833e-01 -1.9199e-01 -1.4599e-01 -1.5511e-01 -1.3381e-01 -1.5511e-01 -1.3381e-01 -1.5292e-01 -1.3162e-01 -1.5511e-01 -1.3600e-01 -1.9376e-01 -1.5511e-01 -1.5511e-01 -1.5292e-01 -1.6191e-01 -1.1340e-01 -1.1233e-01 -1.2250e-01 -1.0002e-01
2.5110e-01 7.4000e-01 7.4675e-01 2.4349e-01 7.4890e-01 7.8488e-01 9.9599e-01 1.0000e+00 1.0000e+00 -5.7740e-01 1.0000e+00 -4.6488e-01 1.3593e-01 -5.7300e-01 9.9201e-01 1.3593e-01 9.8409e-01 9.8998e-01 9.8998e-01 9.8601e-01 5.3533e-01 9.8799e-01 9.8799e-01 9.8799e-01 9.8799e-01 9.8799e-01 9.8799e-01 8.8609e-01 -5.0004e-01 8.8209e-01 8.8395e-01 8.8209e-01 8.8395e-01 8.8395e-01 8.8023e-01 8.8023e-01 5.2211e-01 8.8023e-01 8.8023e-01 8.8023e-01 8.7623e-01 8.7623e-01 8.7437e-01 -4.3122e-01 8.7623e-01 -4.4302e-01 -8.7623e-01 -4.8270e-01 -8.4732e-01 -4.9075e-01 -8.4732e-01 -8.4549e-01 -8.4732e-01 -8.0302e-01 4.8830e-01 -8.4732e-01 -8.4732e-01 -8.4732e-01 -8.4732e-01 -8.4732e-01 -8.4732e-01 4.8714e-01 4.8900e-01 4.8714e-01 4.8714e-01 4.8714e-01 -2.6697e-01 4.1629e-01 -3.8392e-02 -3.8392e-02 -1.6194e-01 -6.4994e-02 -1.5394e-01 -2.3546e-01 -2.3546e-01 -1.5310e-01 -1.5310e-01 -1.1411e-01 -1.1231e-01 -1.9662e-01 -1.5030e-01 -1.5931e-01 -1.3786e-01 -1.5931e-01 -1.3786e-01 -1.5710e-01 -1.3566e-01 -1.5931e-01 -1.4006e-01 -1.9839e-01 -1.5931e-01 -1.5931e-01 -1.5710e-01 -1.6606e-01 -1.1734e-01 -1.1631e-01 -1.2649e-01 -1.0373e-01
2.5110e-01 7.4000e-01 7.4675e-01 2.4349e-01 7.4890e-01 7.8488e-01 9.9599e-01 1.0000e+00 1.0000e+00 -5.7740e-01 1.0000e+00 -4.6488e-01 1.3593e-01 -5.7300e-01 9.9201e-01 1.3593e-01 9.8409e-01 9.8998e-01 9.8998e-01 9.8601e-01 5.3533e-01 9.8799e-01 9.8799e-01 9.8799e-01 9.8799e-01 9.8799e-01 9.8799e-01 8.8609e-01 -5.0004e-01 8.8209e-01 8.8395e-01 8.8209e-01 8.8395e-01 8.8395e-01 8.8023e-01 8.8023e-01 5.2211e-01 8.8023e-01 8.8023e-01 8.8023e-01 8.7623e-01 8.7623e-01 8.7437e-01 -4.3122e-01 8.7623e-01 -4.4302e-01 -8.7623e-01 -4.8270e-01 -8.4732e-01 -4.9075e-01 -8.4732e-01 -8.4549e-01 -8.4732e-01 -8.0302e-01 4.8830e-01 -8.4732e-01 -8.4732e-01 -8.4732e-01 -8.4732e-01 -8.4732e-01 -8.4732e-01 4.8714e-01 4.8900e-01 4.8714e-01 4.8714e-01 4.8714e-01 -2.6697e-01 4.1629e-01 -3.8392e-02 -3.8392e-02 -1.6194e-01 -6.4994e-02 -1.5394e-01 -2.3546e-01 -2.3546e-01 -1.5310e-01 -1.5310e-01 -1.1411e-01 -1.1231e-01 -1.9662e-01 -1.5030e-01 -1.5931e-01 -1.3786e-01 -1.5931e-01 -1.3786e-01 -1.5710e-01 -1.3566e-01 -1.5931e-01 -1.4006e-01 -1.9839e-01 -1.5931e-01 -1.5931e-01 -1.5710e-01 -1.6606e-01 -1.1734e-01 -1.1631e-01 -1.2649e-01 -1.0373e-01
-2.3607e-01 -3.9930e-01 -4.0552e-01 -1.4590e-01 -4.0676e-01 -4.0676e-01 -5.7532e-01 -5.7740e-01 -5.7740e-01 1.0000e+00 -5.7740e-01 -3.2768e-01 -7.8488e-02 9.9033e-01 -5.7765e-01 -7.8488e-02 -5.6914e-01 -5.7649e-01 -5.7649e-01 -5.7442e-01 3.5064e-01 -5.7325e-01 -5.7325e-01 -5.7325e-01 -5.7325e-01 -5.7325e-01 -5.7325e-01 -4.4003e-01 8.7194e-01 -4.4003e-01 -4.3879e-01 -4.4003e-01 -4.3879e-01 -4.3879e-01 -4.3249e-01 -4.3249e-01 -3.1330e-01 -4.3249e-01 -4.3249e-01 -4.3249e-01 -4.2811e-01 -4.2811e-01 -4.2496e-01 -2.8669e-01 -4.2811e-01 -3.0040e-01 4.2811e-01 8.2941e-01 3.8859e-01 -3.4727e-01 3.8859e-01 3.8984e-01 3.8859e-01 3.1770e-01 -2.6308e-01 3.8859e-01 3.8859e-01 3.8859e-01 3.8859e-01 3.8859e-01 3.8859e-01 -2.6528e-01 -2.6638e-01 -2.6528e-01 -2.6528e-01 -2.6528e-01 -2.8562e-01 -2.1656e-01 1.3055e-02 1.3055e-02 2.3382e-01 1.1671e-02 2.3382e-01 2.7423e-01 2.7423e-01 2.4184e-01 2.4184e-01 2.1881e-01 2.2007e-01 2.5030e-01 2.1291e-01 2.3435e-01 2.3019e-01 2.3435e-01 2.3019e-01 2.3306e-01 2.2892e-01 2.3435e-01 2.3146e-01 2.4895e-01 2.3435e-01 2.3435e-01 2.3306e-01 2.3104e-01 2.1378e-01 2.1130e-01 2.1695e-01 1.8510e-01
2.5110e-01 7.4000e-01 7.4675e-01 2.4349e-01 7.4890e-01 7.8488e-01 9.9599e-01 1.0000e+00 1.0000e+00 -5.7740e-01 1.0000e+00 -4.6488e-01 1.3593e-01 -5.7300e-01 9.9201e-01 1.3593e-01 9.8409e-01 9.8998e-01 9.8998e-01 9.8601e-01 5.3533e-01 9.8799e-01 9.8799e-01 9.8799e-01 9.8799e-01 9.8799e-01 9.8799e-01 8.8609e-01 -5.0004e-01 8.8209e-01 8.8395e-01 8.8209e-01 8.8395e-01 8.8395e-01 8.8023e-01 8.8023e-01 5.2211e-01 8.8023e-01 8.8023e-01 8.8023e-01 8.7623e-01 8.7623e-01 8.7437e-01 -4.3122e-01 8.7623e-01 -4.4302e-01 -8.7623e-01 -4.8270e-01 -8.4732e-01 -4.9075e-01 -8.4732e-01 -8.4549e-01 -8.4732e-01 -8.0302e-01 4.8830e-01 -8.4732e-01 -8.4732e-01 -8.4732e-01 -8.4732e-01 -8.4732e-01 -8.4732e-01 4.8714e-01 4.8900e-01 4.8714e-01 4.8714e-01 4.8714e-01 -2.6697e-01 4.1629e-01 -3.8392e-02 -3.8392e-02 -1.6194e-01 -6.4994e-02 -1.5394e-01 -2.3546e-01 -2.3546e-01 -1.5310e-01 -1.5310e-01 -1.1411e-01 -1.1231e-01 -1.9662e-01 -1.5030e-01 -1.5931e-01 -1.3786e-01 -1.5931e-01 -1.3786e-01 -1.5710e-01 -1.3566e-01 -1.5931e-01 -1.4006e-01 -1.9839e-01 -1.5931e-01 -1.5931e-01 -1.5710e-01 -1.6606e-01 -1.1734e-01 -1.1631e-01 -1.2649e-01 -1.0373e-01
-2.3008e-01 -3.4283e-01 -3.4783e-01 -1.1747e-01 -3.4883e-01 -3.8798e-01 -4.6183e-01 -4.6488e-01 -4.6488e-01 -3.2768e-01 -4.6488e-01 1.0000e+00 -6.3192e-02 -3.2228e-01 -4.6862e-01 -6.3192e-02 -4.7240e-01 -4.6769e-01 -4.6769e-01 -4.6956e-01 -8.5554e-01 -4.6862e-01 -4.6862e-01 -4.6862e-01 -4.6862e-01 -4.6862e-01 -4.6862e-01 -4.9557e-01 -2.8908e-01 -4.9557e-01 -4.9458e-01 -4.9557e-01 -4.9458e-01 -4.9458e-01 -4.9656e-01 -4.9656e-01 -2.5666e-01 -4.9656e-01 -4.9656e-01 -4.9656e-01 -4.9656e-01 -4.9656e-01 -4.9755e-01 9.0469e-01 -4.9656e-01 9.1879e-01 4.9656e-01 -2.7040e-01 5.0352e-01 8.1616e-01 5.0352e-01 5.0452e-01 5.0352e-01 5.2151e-01 -2.6778e-01 5.0352e-01 5.0352e-01 5.0352e-01 5.0352e-01 5.0352e-01 5.0352e-01 -2.6937e-01 -2.7016e-01 -2.6937e-01 -2.6937e-01 -2.6937e-01 7.0222e-01 -2.2350e-01 6.9697e-02 6.9697e-02 -4.0391e-03 9.8181e-02 -1.3830e-02 3.8718e-02 3.8718e-02 -2.2807e-02 -2.2807e-02 -3.8547e-02 -4.2417e-02 2.3573e-02 2.3092e-03 -7.1034e-03 -2.4459e-02 -7.1034e-03 -2.4459e-02 -8.1246e-03 -2.5480e-02 -7.1034e-03 -2.3438e-02 2.7470e-02 -7.1034e-03 -7.1034e-03 -8.1246e-03 6.3423e-03 -2.7959e-02 -2.7740e-02 -2.1825e-02 -9.7023e-03
-3.5065e-02 1.2777e-01 1.2650e-01 -2.8136e-02 1.2625e-01 1.2625e-01 1.3539e-01 1.3593e-01 1.3593e-01 -7.8488e-02 1.3593e-01 -6.3192e-02 1.0000e+00 -7.8488e-02 1.3485e-01 1.0000e+00 1.3377e-01 1.3512e-01 1.3512e-01 1.3458e-01 7.3385e-02 1.3485e-01 1.3485e-01 1.3485e-01 1.3485e-01 1.3485e-01 1.3485e-01 1.2751e-01 -6.9242e-02 1.2751e-01 1.2777e-01 1.2751e-01 1.2777e-01 1.2777e-01 1.2726e-01 1.2726e-01 -2.0451e-02 1.2726e-01 1.2726e-01 1.2726e-01 1.2726e-01 1.2726e-01 1.2701e-01 -6.6413e-02 1.2726e-01 -6.7923e-02 -1.2726e-01 -6.7546e-02 -1.2550e-01 -7.6405e-02 -1.2550e-01 -1.2525e-01 -1.2550e-01 -1.1894e-01 -2.4125e-02 -1.2550e-01 -1.2550e-01 -1.2550e-01 -1.2550e-01 -1.2550e-01 -1.2550e-01 -2.4639e-02 -2.4895e-02 -2.4639e-02 -2.4639e-02 -2.4639e-02 -6.6224e-02 -1.9645e-02 1.2806e-02 1.2806e-02 1.3104e-02 -3.6333e-02 1.3104e-02 3.0711e-02 3.0711e-02 1.2122e-02 1.2122e-02 8.8034e-02 8.8276e-02 1.0729e-01 9.7990e-02 9.4434e-02 9.0222e-02 9.4434e-02 9.0222e-02 9.4183e-02 8.9977e-02 9.4434e-02 9.0466e-02 1.0702e-01 9.4434e-02 9.4434e-02 9.4183e-02 9.2934e-02 8.7071e-02 8.8276e-02 8.8518e-02 7.9997e-02
-2.3607e-01 -3.9491e-01 -4.0113e-01 -1.4590e-01 -4.0238e-01 -4.0238e-01 -5.7092e-01 -5.7300e-01 -5.7300e-01 9.9033e-01 -5.7300e-01 -3.2228e-01 -7.8488e-02 1.0000e+00 -5.7765e-01 -7.8488e-02 -5.6914e-01 -5.7649e-01 -5.7649e-01 -5.7442e-01 3.5562e-01 -5.7325e-01 -5.7325e-01 -5.7325e-01 -5.7325e-01 -5.7325e-01 -5.7325e-01 -4.4003e-01 8.7194e-01 -4.4003e-01 -4.3879e-01 -4.4003e-01 -4.3879e-01 -4.3879e-01 -4.3249e-01 -4.3249e-01 -3.1878e-01 -4.3249e-01 -4.3249e-01 -4.3249e-01 -4.2811e-01 -4.2811e-01 -4.2496e-01 -2.8144e-01 -4.2811e-01 -2.9521e-01 4.2811e-01 8.2421e-01 3.8859e-01 -3.4238e-01 3.8859e-01 3.8984e-01 3.8859e-01 3.1770e-01 -2.6843e-01 3.8859e-01 3.8859e-01 3.8859e-01 3.8859e-01 3.8859e-01 3.8859e-01 -2.7061e-01 -2.7170e-01 -2.7061e-01 -2.7061e-01 -2.7061e-01 -2.8037e-01 -2.2207e-01 1.7905e-02 1.7905e-02 2.4260e-01 1.6648e-02 2.4260e-01 2.8314e-01 2.8314e-01 2.5061e-01 2.5061e-01 2.2758e-01 2.2884e-01 2.5914e-01 2.2170e-01 2.4312e-01 2.3896e-01 2.4312e-01 2.3896e-01 2.4184e-01 2.3769e-01 2.4312e-01 2.4023e-01 2.5779e-01 2.4312e-01 2.4312e-01 2.4184e-01 2.3982e-01 2.2255e-01 2.2007e-01 2.2572e-01 1.8950e-01
2.4723e-01 7.3174e-01 7.3841e-01 2.4147e-01 7.4055e-01 7.7650e-01 9.8797e-01 9.9201e-01 9.9201e-01 -5.7765e-01 9.9201e-01 -4.6862e-01 1.3485e-01 -5.7765e-01 1.0000e+00 1.3485e-01 9.9202e-01 9.9800e-01 9.9800e-01 9.9399e-01 5.3968e-01 9.9599e-01 9.9599e-01 9.9599e-01 9.9599e-01 9.9599e-01 9.9599e-01 8.9369e-01 -5.0415e-01 8.8969e-01 8.9157e-01 8.8969e-01 8.9157e-01 8.9157e-01 8.8781e-01 8.8781e-01 5.3770e-01 8.8781e-01 8.8781e-01 8.8781e-01 8.8382e-01 8.8382e-01 8.8195e-01 -4.3520e-01 8.8382e-01 -4.4709e-01 -8.8382e-01 -4.8671e-01 -8.5481e-01 -4.9533e-01 -8.5481e-01 -8.5297e-01 -8.5481e-01 -8.1013e-01 5.0324e-01 -8.5481e-01 -8.5481e-01 -8.5481e-01 -8.5481e-01 -8.5481e-01 -8.5481e-01 5.0200e-01 5.0381e-01 5.0200e-01 5.0200e-01 5.0200e-01 -2.7107e-01 4.1704e-01 -3.0170e-02 -3.0170e-02 -1.5750e-01 -5.6123e-02 -1.4951e-01 -2.2977e-01 -2.2977e-01 -1.4874e-01 -1.4874e-01 -1.1017e-01 -1.0836e-01 -1.9139e-01 -1.4569e-01 -1.5492e-01 -1.3376e-01 -1.5492e-01 -1.3376e-01 -1.5273e-01 -1.3158e-01 -1.5492e-01 -1.3594e-01 -1.9317e-01 -1.5492e-01 -1.5492e-01 -1.5273e-01 -1.6176e-01 -1.1346e-01 -1.1235e-01 -1.2251e-01 -1.0032e-01
-3.5065e-02 1.2777e-01 1.2650e-01 -2.8136e-02 1.2625e-01 1.2625e-01 1.3539e-01 1.3593e-01 1.3593e-01 -7.8488e-02 1.3593e-01 -6.3192e-02 1.0000e+00 -7.8488e-02 1.3485e-01 1.0000e+00 1.3377e-01 1.3512e-01 1.3512e-01 1.3458e-01 7.3385e-02 1.3485e-01 1.3485e-01 1.3485e-01 1.3485e-01 1.3485e-01 1.3485e-01 1.2751e-01 -6.9242e-02 1.2751e-01 1.2777e-01 1.2751e-01 1.2777e-01 1.2777e-01 1.2726e-01 1.2726e-01 -2.0451e-02 1.2726e-01 1.2726e-01 1.2726e-01 1.2726e-01 1.2726e-01 1.2701e-01 -6.6413e-02 1.2726e-01 -6.7923e-02 -1.2726e-01 -6.7546e-02 -1.2550e-01 -7.6405e-02 -1.2550e-01 -1.2525e-01 -1.2550e-01 -1.1894e-01 -2.4125e-02 -1.2550e-01 -1.2550e-01 -1.2550e-01 -1.2550e-01 -1.2550e-01 -1.2550e-01 -2.4639e-02 -2.4895e-02 -2.4639e-02 -2.4639e-02 -2.4639e-02 -6.6224e-02 -1.9645e-02 1.2806e-02 1.2806e-02 1.3104e-02 -3.6333e-02 1.3104e-02 3.0711e-02 3.0711e-02 1.2122e-02 1.2122e-02 8.8034e-02 8.8276e-02 1.0729e-01 9.7990e-02 9.4434e-02 9.0222e-02 9.4434e-02 9.0222e-02 9.4183e-02 8.9977e-02 9.4434e-02 9.0466e-02 1.0702e-01 9.4434e-02 9.4434e-02 9.4183e-02 9.2934e-02 8.7071e-02 8.8276e-02 8.8518e-02 7.9997e-02
2.4338e-01 7.2355e-01 7.3013e-01 2.3948e-01 7.3225e-01 7.6818e-01 9.8003e-01 9.8409e-01 9.8409e-01 -5.6914e-01 9.8409e-01 -4.7240e-01 1.3377e-01 -5.6914e-01 9.9202e-01 1.3377e-01 1.0000e+00 9.9003e-01 9.9003e-01 9.8600e-01 5.3953e-01 9.8801e-01 9.8801e-01 9.8801e-01 9.8801e-01 9.8801e-01 9.8801e-01 8.8536e-01 -4.9428e-01 8.8137e-01 8.8326e-01 8.8137e-01 8.8326e-01 8.8326e-01 8.7948e-01 8.7948e-01 5.3333e-01 8.7948e-01 8.7948e-01 8.7948e-01 8.7549e-01 8.7549e-01 8.7360e-01 -4.3920e-01 8.7549e-01 -4.4646e-01 -8.7549e-01 -4.7657e-01 -8.5837e-01 -4.9549e-01 -8.5837e-01 -8.5650e-01 -8.5837e-01 -8.1328e-01 5.1333e-01 -8.5837e-01 -8.5837e-01 -8.5837e-01 -8.5837e-01 -8.5837e-01 -8.5837e-01 5.1201e-01 5.1378e-01 5.1201e-01 5.1201e-01 5.1201e-01 -2.7517e-01 4.2785e-01 -3.5203e-02 -3.5203e-02 -1.5308e-01 -6.0855e-02 -1.4509e-01 -2.2410e-01 -2.2410e-01 -1.4439e-01 -1.4439e-01 -1.0625e-01 -1.0442e-01 -1.8617e-01 -1.4109e-01 -1.5055e-01 -1.2968e-01 -1.5055e-01 -1.2968e-01 -1.4838e-01 -1.2752e-01 -1.5055e-01 -1.3184e-01 -1.8797e-01 -1.5055e-01 -1.5055e-01 -1.4838e-01 -1.5748e-01 -1.0959e-01 -1.0841e-01 -1.1855e-01 -9.6934e-02
2.4819e-01 7.2980e-01 7.3649e-01 2.4197e-01 7.3864e-01 7.7459e-01 9.8596e-01 9.8998e-01 9.8998e-01 -5.7649e-01 9.8998e-01 -4.6769e-01 1.3512e-01 -5.7649e-01 9.9800e-01 1.3512e-01 9.9003e-01 1.0000e+00 1.0000e+00 9.9600e-01 5.4313e-01 9.9800e-01 9.9800e-01 9.9800e-01 9.9800e-01 9.9800e-01 9.9800e-01 8.9178e-01 -5.0312e-01 8.8779e-01 8.8966e-01 8.8779e-01 8.8966e-01 8.8966e-01 8.8591e-01 8.8591e-01 5.3879e-01 8.8591e-01 8.8591e-01 8.8591e-01 8.8192e-01 8.8192e-01 8.8005e-01 -4.3420e-01 8.8192e-01 -4.4607e-01 -8.8192e-01 -4.8571e-01 -8.5294e-01 -4.9419e-01 -8.5294e-01 -8.5109e-01 -8.5294e-01 -8.0835e-01 5.0438e-01 -8.5294e-01 -8.5294e-01 -8.5294e-01 -8.5294e-01 -8.5294e-01 -8.5294e-01 5.0314e-01 5.0495e-01 5.0314e-01 5.0314e-01 5.0314e-01 -2.7004e-01 4.1810e-01 -2.8911e-02 -2.8911e-02 -1.5561e-01 -5.4939e-02 -1.5162e-01 -2.2814e-01 -2.2814e-01 -1.5083e-01 -1.5083e-01 -1.1216e-01 -1.1034e-01 -1.8967e-01 -1.4384e-01 -1.5302e-01 -1.3179e-01 -1.5302e-01 -1.3179e-01 -1.5083e-01 -1.2961e-01 -1.5302e-01 -1.3397e-01 -1.9145e-01 -1.5302e-01 -1.5302e-01 -1.5083e-01 -1.5984e-01 -1.1542e-01 -1.1434e-01 -1.2450e-01 -1.0218e-01
2.4819e-01 7.2980e-01 7.3649e-01 2.4197e-01 7.3864e-01 7.7459e-01 9.8596e-01 9.8998e-01 9.8998e-01 -5.7649e-01 9.8998e-01 -4.6769e-01 1.3512e-01 -5.7649e-01 9.9800e-01 1.3512e-01 9.9003e-01 1.0000e+00 1.0000e+00 9.9600e-01 5.4313e-01 9.9800e-01 9.9800e-01 9.9800e-01 9.9800e-01 9.9800e-01 9.9800e-01 8.9178e-01 -5.0312e-01 8.8779e-01 8.8966e-01 8.8779e-01 8.8966e-01 8.8966e-01 8.8591e-01 8.8591e-01 5.3879e-01 8.8591e-01 8.8591e-01 8.8591e-01 8.8192e-01 8.8192e-01 8.8005e-01 -4.3420e-01 8.8192e-01 -4.4607e-01 -8.8192e-01 -4.8571e-01 -8.5294e-01 -4.9419e-01 -8.5294e-01 -8.5109e-01 -8.5294e-01 -8.0835e-01 5.0438e-01 -8.5294e-01 -8.5294e-01 -8.5294e-01 -8.5294e-01 -8.5294e-01 -8.5294e-01 5.0314e-01 5.0495e-01 5.0314e-01 5.0314e-01 5.0314e-01 -2.7004e-01 4.1810e-01 -2.8911e-02 -2.8911e-02 -1.5561e-01 -5.4939e-02 -1.5162e-01 -2.2814e-01 -2.2814e-01 -1.5083e-01 -1.5083e-01 -1.1216e-01 -1.1034e-01 -1.8967e-01 -1.4384e-01 -1.5302e-01 -1.3179e-01 -1.5302e-01 -1.3179e-01 -1.5083e-01 -1.2961e-01 -1.5302e-01 -1.3397e-01 -1.9145e-01 -1.5302e-01 -1.5302e-01 -1.5083e-01 -1.5984e-01 -1.1542e-01 -1.1434e-01 -1.2450e-01 -1.0218e-01
2.4626e-01 7.2569e-01 7.3234e-01 2.4097e-01 7.3448e-01 7.7042e-01 9.8197e-01 9.8601e-01 9.8601e-01 -5.7442e-01 9.8601e-01 -4.6956e-01 1.3458e-01 -5.7442e-01 9.9399e-01 1.3458e-01 9.8600e-01 9.9600e-01 9.9600e-01 1.0000e+00 5.4531e-01 9.9800e-01 9.9800e-01 9.9800e-01 9.9800e-01 9.9800e-01 9.9800e-01 8.9160e-01 -5.0518e-01 8.9160e-01 8.8949e-01 8.9160e-01 8.8949e-01 8.8949e-01 8.8572e-01 8.8572e-01 5.3660e-01 8.8572e-01 8.8572e-01 8.8572e-01 8.8173e-01 8.8173e-01 8.7985e-01 -4.3620e-01 8.8173e-01 -4.4811e-01 -8.8173e-01 -4.8299e-01 -8.5270e-01 -4.9648e-01 -8.5270e-01 -8.5085e-01 -8.5270e-01 -8.0792e-01 5.0211e-01 -8.5270e-01 -8.5270e-01 -8.5270e-01 -8.5270e-01 -8.5270e-01 -8.5270e-01 5.0086e-01 5.0266e-01 5.0086e-01 5.0086e-01 5.0086e-01 -2.7209e-01 4.1597e-01 -2.7013e-02 -2.7013e-02 -1.5140e-01 -5.2775e-02 -1.4741e-01 -2.2733e-01 -2.2733e-01 -1.4665e-01 -1.4665e-01 -1.0819e-01 -1.0637e-01 -1.8908e-01 -1.3954e-01 -1.4883e-01 -1.2775e-01 -1.4883e-01 -1.2775e-01 -1.4665e-01 -1.2557e-01 -1.4883e-01 -1.2992e-01 -1.9086e-01 -1.4883e-01 -1.4883e-01 -1.4665e-01 -1.5570e-01 -1.1149e-01 -1.1037e-01 -1.2052e-01 -9.8474e-02
4.2740e-02 4.1609e-01 4.1737e-01 1.2602e-01 4.1853e-01 4.5921e-01 5.3296e-01 5.3533e-01 5.3533e-01 3.5064e-01 5.3533e-01 -8.5554e-01 7.3385e-02 3.5562e-01 5.3968e-01 7.3385e-02 5.3953e-01 5.4313e-01 5.4313e-01 5.4531e-01 1.0000e+00 5.4422e-01 5.4422e-01 5.4422e-01 5.4422e-01 5.4422e-01 5.4422e-01 5.6194e-01 3.3571e-01 5.6194e-01 5.6080e-01 5.6194e-01 5.6080e-01 5.6080e-01 5.6309e-01 5.6309e-01 2.8676e-01 5.6309e-01 5.6309e-01 5.6309e-01 5.6309e-01 5.6309e-01 5.6424e-01 -8.0229e-01 5.6309e-01 -8.2945e-01 -5.6309e-01 3.1142e-01 -5.7118e-01 -9.3023e-01 -5.7118e-01 -5.6783e-01 -5.7118e-01 -5.9439e-01 2.9996e-01 -5.7118e-01 -5.7118e-01 -5.7118e-01 -5.7118e-01 -5.7118e-01 -5.7118e-01 2.9634e-01 2.9728e-01 2.9634e-01 2.9634e-01 2.9634e-01 -6.1549e-01 2.4981e-01 -7.1052e-03 -7.1052e-03 8.4802e-02 -3.8251e-02 8.9324e-02 4.3090e-02 4.3090e-02 9.8566e-02 9.8566e-02 1.1914e-01 1.2247e-01 6.2356e-02 7.6354e-02 8.8343e-02 1.0845e-01 8.8343e-02 1.0845e-01 8.9524e-02 1.0964e-01 8.8343e-02 1.0727e-01 5.8979e-02 8.8343e-02 8.8343e-02 8.9524e-02 7.7351e-02 1.1035e-01 1.0891e-01 1.0321e-01 9.1998e-02
2.4723e-01 7.2775e-01 7.3441e-01 2.4147e-01 7.3655e-01 7.7250e-01 9.8396e-01 9.8799e-01 9.8799e-01 -5.7325e-01 9.8799e-01 -4.6862e-01 1.3485e-01 -5.7325e-01 9.9599e-01 1.3485e-01 9.8801e-01 9.9800e-01 9.9800e-01 9.9800e-01 5.4422e-01 1.0000e+00 1.0000e+00 1.0000e+00 1.0000e+00 1.0000e+00 1.0000e+00 8.9369e-01 -5.0415e-01 8.8969e-01 8.9157e-01 8.8969e-01 8.9157e-01 8.9157e-01 8.8781e-01 8.8781e-01 5.3770e-01 8.8781e-01 8.8781e-01 8.8781e-01 8.8382e-01 8.8382e-01 8.8195e-01 -4.3520e-01 8.8382e-01 -4.4709e-01 -8.8382e-01 -4.8671e-01 -8.5481e-01 -4.9533e-01 -8.5481e-01 -8.5297e-01 -8.5481e-01 -8.1013e-01 5.0324e-01 -8.5481e-01 -8.5481e-01 -8.5481e-01 -8.5481e-01 -8.5481e-01 -8.5481e-01 5.0200e-01 5.0381e-01 5.0200e-01 5.0200e-01 5.0200e-01 -2.7107e-01 4.1704e-01 -2.5754e-02 -2.5754e-02 -1.5351e-01 -5.1590e-02 -1.4951e-01 -2.2977e-01 -2.2977e-01 -1.4874e-01 -1.4874e-01 -1.1017e-01 -1.0836e-01 -1.9139e-01 -1.4169e-01 -1.5093e-01 -1.2977e-01 -1.5093e-01 -1.2977e-01 -1.4874e-01 -1.2759e-01 -1.5093e-01 -1.3195e-01 -1.9317e-01 -1.5093e-01 -1.5093e-01 -1.4874e-01 -1.5777e-01 -1.1346e-01 -1.1235e-01 -1.2251e-01 -1.0032e-01
2.4723e-01 7.2775e-01 7.3441e-01 2.4147e-01 7.3655e-01 7.7250e-01 9.8396e-01 9.8799e-01 9.8799e-01 -5.7325e-01 9.8799e-01 -4.6862e-01 1.3485e-01 -5.7325e-01 9.9599e-01 1.3485e-01 9.8801e-01 9.9800e-01 9.9800e-01 9.9800e-01 5.4422e-01 1.0000e+00 1.0000e+00 1.0000e+00 1.0000e+00 1.0000e+00 1.0000e+00 8.9369e-01 -5.0415e-01 8.8969e-01 8.9157e-01 8.8969e-01 8.9157e-01 8.9157e-01 8.8781e-01 8.8781e-01 5.3770e-01 8.8781e-01 8.8781e-01 8.8781e-01 8.8382e-01 8.8382e-01 8.8195e-01 -4.3520e-01 8.8382e-01 -4.4709e-01 -8.8382e-01 -4.8671e-01 -8.5481e-01 -4.9533e-01 -8.5481e-01 -8.5297e-01 -8.5481e-01 -8.1013e-01 5.0324e-01 -8.5481e-01 -8.5481e-01 -8.5481e-01 -8.5481e-01 -8.5481e-01 -8.5481e-01 5.0200e-01 5.0381e-01 5.0200e-01 5.0200e-01 5.0200e-01 -2.7107e-01 4.1704e-01 -2.5754e-02 -2.5754e-02 -1.5351e-01 -5.1590e-02 -1.4951e-01 -2.2977e-01 -2.2977e-01 -1.4874e-01 -1.4874e-01 -1.1017e-01 -1.0836e-01 -1.9139e-01 -1.4169e-01 -1.5093e-01 -1.2977e-01 -1.5093e-01 -1.2977e-01 -1.4874e-01 -1.2759e-01 -1.5093e-01 -1.3195e-01 -1.9317e-01 -1.5093e-01 -1.5093e-01 -1.4874e-01 -1.5777e-01 -1.1346e-01 -1.1235e-01 -1.2251e-01 -1.0032e-01
2.4723e-01 7.2775e-01 7.3441e-01 2.4147e-01 7.3655e-01 7.7250e-01 9.8396e-01 9.8799e-01 9.8799e-01 -5.7325e-01 9.8799e-01 -4.6862e-01 1.3485e-01 -5.7325e-01 9.9599e-01 1.3485e-01 9.8801e-01 9.9800e-01 9.9800e-01 9.9800e-01 5.4422e-01 1.0000e+00 1.0000e+00 1.0000e+00 1.0000e+00 1.0000e+00 1.0000e+00 8.9369e-01 -5.0415e-01 8.8969e-01 8.9157e-01 8.8969e-01 8.9157e-01 8.9157e-01 8.8781e-01 8.8781e-01 5.3770e-01 8.8781e-01 8.8781e-01 8.8781e-01 8.8382e-01 8.8382e-01 8.8195e-01 -4.3520e-01 8.8382e-01 -4.4709e-01 -8.8382e-01 -4.8671e-01 -8.5481e-01 -4.9533e-01 -8.5481e-01 -8.5297e-01 -8.5481e-01 -8.1013e-01 5.0324e-01 -8.5481e-01 -8.5481e-01 -8.5481e-01 -8.5481e-01 -8.5481e-01 -8.5481e-01 5.0200e-01 5.0381e-01 5.0200e-01 5.0200e-01 5.0200e-01 -2.7107e-01 4.1704e-01 -2.5754e-02 -2.5754e-02 -1.5351e-01 -5.1590e-02 -1.4951e-01 -2.2977e-01 -2.2977e-01 -1.4874e-01 -1.4874e-01 -1.1017e-01 -1.0836e-01 -1.9139e-01 -1.4169e-01 -1.5093e-01 -1.2977e-01 -1.5093e-01 -1.2977e-01 -1.4874e-01 -1.2759e-01 -1.5093e-01 -1.3195e-01 -1.9317e-01 -1.5093e-01 -1.5093e-01 -1.4874e-01 -1.5777e-01 -1.1346e-01 -1.1235e-01 -1.2251e-01 -1.0032e-01
2.4723e-01 7.2775e-01 7.3441e-01 2.4147e-01 7.3655e-01 7.7250e-01 9.8396e-01 9.8799e-01 9.8799e-01 -5.7325e-01 9.8799e-01 -4.6862e-01 1.3485e-01 -5.7325e-01 9.9599e-01 1.3485e-01 9.8801e-01 9.9800e-01 9.9800e-01 9.9800e-01 5.4422e-01 1.0000e+00 1.0000e+00 1.0000e+00 1.0000e+00 1.0000e+00 1.0000e+00 8.9369e-01 -5.0415e-01 8.8969e-01 8.9157e-01 8.8969e-01 8.9157e-01 8.9157e-01 8.8781e-01 8.8781e-01 5.3770e-01 8.8781e-01 8.8781e-01 8.8781e-01 8.8382e-01 8.8382e-01 8.8195e-01 -4.3520e-01 8.8382e-01 -4.4709e-01 -8.8382e-01 -4.8671e-01 -8.5481e-01 -4.9533e-01 -8.5481e-01 -8.5297e-01 -8.5481e-01 -8.1013e-01 5.0324e-01 -8.5481e-01 -8.5481e-01 -8.5481e-01 -8.5481e-01 -8.5481e-01 -8.5481e-01 5.0200e-01 5.0381e-01 5.0200e-01 5.0200e-01 5.0200e-01 -2.7107e-01 4.1704e-01 -2.5754e-02 -2.5754e-02 -1.5351e-01 -5.1590e-02 -1.4951e-01 -2.2977e-01 -2.2977e-01 -1.4874e-01 -1.4874e-01 -1.1017e-01 -1.0836e-01 -1.9139e-01 -1.4169e-01 -1.5093e-01 -1.2977e-01 -1.5093e-01 -1.2977e-01 -1.4874e-01 -1.2759e-01 -1.5093e-01 -1.3195e-01 -1.9317e-01 -1.5093e-01 -1.5093e-01 -1.4874e-01 -1.5777e-01 -1.1346e-01 -1.1235e-01 -1.2251e-01 -1.0032e-01
2.4723e-01 7.2775e-01 7.3441e-01 2.4147e-01 7.3655e-01 7.7250e-01 9.8396e-01 9.8799e-01 9.8799e-01 -5.7325e-01 9.8799e-01 -4.6862e-01 1.3485e-01 -5.7325e-01 9.9599e-01 1.3485e-01 9.8801e-01 9.9800e-01 9.9800e-01 9.9800e-01 5.4422e-01 1.0000e+00 1.0000e+00 1.0000e+00 1.0000e+00 1.0000e+00 1.0000e+00 8.9369e-01 -5.0415e-01 8.8969e-01 8.9157e-01 8.8969e-01 8.9157e-01 8.9157e-01 8.8781e-01 8.8781e-01 5.3770e-01 8.8781e-01 8.8781e-01 8.8781e-01 8.8382e-01 8.8382e-01 8.8195e-01 -4.3520e-01 8.8382e-01 -4.4709e-01 -8.8382e-01 -4.8671e-01 -8.5481e-01 -4.9533e-01 -8.5481e-01 -8.5297e-01 -8.5481e-01 -8.1013e-01 5.0324e-01 -8.5481e-01 -8.5481e-01 -8.5481e-01 -8.5481e-01 -8.5481e-01 -8.5481e-01 5.0200e-01 5.0381e-01 5.0200e-01 5.0200e-01 5.0200e-01 -2.7107e-01 4.1704e-01 -2.5754e-02 -2.5754e-02 -1.5351e-01 -5.1590e-02 -1.4951e-01 -2.2977e-01 -2.2977e-01 -1.4874e-01 -1.4874e-01 -1.1017e-01 -1.0836e-01 -1.9139e-01 -1.4169e-01 -1.5093e-01 -1.2977e-01 -1.5093e-01 -1.2977e-01 -1.4874e-01 -1.2759e-01 -1.5093e-01 -1.3195e-01 -1.9317e-01 -1.5093e-01 -1.5093e-01 -1.4874e-01 -1.5777e-01 -1.1346e-01 -1.1235e-01 -1.2251e-01 -1.0032e-01
2.4723e-01 7.2775e-01 7.3441e-01 2.4147e-01 7.3655e-01 7.7250e-01 9.8396e-01 9.8799e-01 9.8799e-01 -5.7325e-01 9.8799e-01 -4.6862e-01 1.3485e-01 -5.7325e-01 9.9599e-01 1.3485e-01 9.8801e-01 9.9800e-01 9.9800e-01 9.9800e-01 5.4422e-01 1.0000e+00 1.0000e+00 1.0000e+00 1.0000e+00 1.0000e+00 1.0000e+00 8.9369e-01 -5.0415e-01 8.8969e-01 8.9157e-01 8.8969e-01 8.9157e-01 8.9157e-01 8.8781e-01 8.8781e-01 5.3770e-01 8.8781e-01 8.8781e-01 8.8781e-01 8.8382e-01 8.8382e-01 8.8195e-01 -4.3520e-01 8.8382e-01 -4.4709e-01 -8.8382e-01 -4.8671e-01 -8.5481e-01 -4.9533e-01 -8.5481e-01 -8.5297e-01 -8.5481e-01 -8.1013e-01 5.0324e-01 -8.5481e-01 -8.5481e-01 -8.5481e-01 -8.5481e-01 -8.5481e-01 -8.5481e-01 5.0200e-01 5.0381e-01 5.0200e-01 5.0200e-01 5.0200e-01 -2.7107e-01 4.1704e-01 -2.5754e-02 -2.5754e-02 -1.5351e-01 -5.1590e-02 -1.4951e-01 -2.2977e-01 -2.2977e-01 -1.4874e-01 -1.4874e-01 -1.1017e-01 -1.0836e-01 -1.9139e-01 -1.4169e-01 -1.5093e-01 -1.2977e-01 -1.5093e-01 -1.2977e-01 -1.4874e-01 -1.2759e-01 -1.5093e-01 -1.3195e-01 -1.9317e-01 -1.5093e-01 -1.5093e-01 -1.4874e-01 -1.5777e-01 -1.1346e-01 -1.1235e-01 -1.2251e-01 -1.0032e-01
2.2594e-01 6.3967e-01 6.4579e-01 2.1872e-01 6.4782e-01 6.7568e-01 8.8588e-01 8.8609e-01 8.8609e-01 -4.4003e-01 8.8609e-01 -4.9557e-01 1.2751e-01 -4.4003e-01 8.9369e-01 1.2751e-01 8.8536e-01 8.9178e-01 8.9178e-01 8.9160e-01 5.6194e-01 8.9369e-01 8.9369e-01 8.9369e-01 8.9369e-01 8.9369e-01 8.9369e-01 1.0000e+00 -5.4302e-01 9.9602e-01 9.9801e-01 9.9602e-01 9.9801e-01 9.9801e-01 9.9403e-01 9.9403e-01 5.1790e-01 9.9403e-01 9.9403e-01 9.9403e-01 9.9005e-01 9.9005e-01 9.8807e-01 -5.1607e-01 9.9005e-01 -5.2797e-01 -9.9005e-01 -5.2500e-01 -9.6033e-01 -5.7699e-01 -9.6033e-01 -9.5838e-01 -9.6033e-01 -9.1285e-01 4.8212e-01 -9.6033e-01 -9.6033e-01 -9.6033e-01 -9.6033e-01 -9.6033e-01 -9.6033e-01 4.8067e-01 4.8238e-01 4.8067e-01 4.8067e-01 4.8067e-01 -3.0485e-01 4.1300e-01 6.7371e-04 6.7371e-04 -1.2685e-01 -1.2458e-02 -1.1889e-01 -1.7434e-01 -1.7434e-01 -1.1857e-01 -1.1857e-01 -8.2925e-02 -8.1004e-02 -1.3919e-01 -9.3895e-02 -1.0472e-01 -1.0544e-01 -1.0472e-01 -1.0544e-01 -1.0265e-01 -1.0735e-01 -1.0472e-01 -1.0750e-01 -1.4109e-01 -1.0472e-01 -1.0472e-01 -1.0265e-01 -1.1221e-01 -8.6635e-02 -8.4983e-02 -9.4999e-02 -8.0787e-02
-2.0407e-01 -3.5575e-01 -3.6123e-01 -1.2871e-01 -3.6233e-01 -3.5303e-01 -5.0209e-01 -5.0004e-01 -5.0004e-01 8.7194e-01 -5.0004e-01 -2.8908e-01 -6.9242e-02 8.7194e-01 -5.0415e-01 -6.9242e-02 -4.9428e-01 -5.0312e-01 -5.0312e-01 -5.0518e-01 3.3571e-01 -5.0415e-01 -5.0415e-01 -5.0415e-01 -5.0415e-01 -5.0415e-01 -5.0415e-01 -5.4302e-01 1.0000e+00 -5.4302e-01 -5.4194e-01 -5.4302e-01 -5.4194e-01 -5.4194e-01 -5.3479e-01 -5.3479e-01 -2.8123e-01 -5.3479e-01 -5.3479e-01 -5.3479e-01 -5.3014e-01 -5.3014e-01 -5.2657e-01 -2.9825e-01 -5.3014e-01 -3.1072e-01 5.3014e-01 9.4794e-01 4.8660e-01 -3.4952e-01 4.8660e-01 4.8770e-01 4.8660e-01 4.0531e-01 -2.2534e-01 4.8660e-01 4.8660e-01 4.8660e-01 4.8660e-01 4.8660e-01 4.8660e-01 -2.2731e-01 -2.2829e-01 -2.2731e-01 -2.2731e-01 -2.2731e-01 -2.9738e-01 -1.9671e-01 -2.7167e-02 -2.7167e-02 2.1325e-01 -1.9786e-02 2.1325e-01 2.4418e-01 2.4418e-01 2.2267e-01 2.2267e-01 1.9927e-01 2.0038e-01 2.1994e-01 1.8388e-01 2.0985e-01 2.0931e-01 2.0985e-01 2.0931e-01 2.0871e-01 2.0819e-01 2.0985e-01 2.1043e-01 2.1875e-01 2.0985e-01 2.0985e-01 2.0871e-01 2.0771e-01 1.9483e-01 1.9108e-01 1.9684e-01 1.6646e-01
2.2070e-01 6.3569e-01 6.4181e-01 2.1872e-01 6.4384e-01 6.7170e-01 8.8189e-01 8.8209e-01 8.8209e-01 -4.4003e-01 8.8209e-01 -4.9557e-01 1.2751e-01 -4.4003e-01 8.8969e-01 1.2751e-01 8.8137e-01 8.8779e-01 8.8779e-01 8.9160e-01 5.6194e-01 8.8969e-01 8.8969e-01 8.8969e-01 8.8969e-01 8.8969e-01 8.8969e-01 9.9602e-01 -5.4302e-01 1.0000e+00 9.9801e-01 1.0000e+00 9.9801e-01 9.9801e-01 9.9403e-01 9.9403e-01 5.1790e-01 9.9403e-01 9.9403e-01 9.9403e-01 9.9005e-01 9.9005e-01 9.8807e-01 -5.1607e-01 9.9005e-01 -5.2797e-01 -9.9005e-01 -5.2500e-01 -9.6033e-01 -5.7699e-01 -9.6033e-01 -9.5838e-01 -9.6033e-01 -9.0887e-01 4.8212e-01 -9.6033e-01 -9.6033e-01 -9.6033e-01 -9.6033e-01 -9.6033e-01 -9.6033e-01 4.8067e-01 4.8238e-01 4.8067e-01 4.8067e-01 4.8067e-01 -3.0485e-01 4.0800e-01 6.7371e-04 6.7371e-04 -1.2287e-01 -1.2458e-02 -1.1491e-01 -1.7029e-01 -1.7029e-01 -1.1459e-01 -1.1459e-01 -7.8946e-02 -7.7025e-02 -1.3517e-01 -8.9909e-02 -1.0074e-01 -1.0146e-01 -1.0074e-01 -1.0146e-01 -9.8667e-02 -1.0337e-01 -1.0074e-01 -1.0352e-01 -1.3707e-01 -1.0074e-01 -1.0074e-01 -9.8667e-02 -1.0823e-01 -8.2655e-02 -8.1004e-02 -9.1020e-02 -7.6794e-02
2.2163e-01 6.3765e-01 6.4379e-01 2.1919e-01 6.4582e-01 6.7369e-01 8.8376e-01 8.8395e-01 8.8395e-01 -4.3879e-01 8.8395e-01 -4.9458e-01 1.2777e-01 -4.3879e-01 8.9157e-01 1.2777e-01 8.8326e-01 8.8966e-01 8.8966e-01 8.8949e-01 5.6080e-01 8.9157e-01 8.9157e-01 8.9157e-01 8.9157e-01 8.9157e-01 8.9157e-01 9.9801e-01 -5.4194e-01 9.9801e-01 1.0000e+00 9.9801e-01 1.0000e+00 1.0000e+00 9.9603e-01 9.9603e-01 5.1893e-01 9.9603e-01 9.9603e-01 9.9603e-01 9.9205e-01 9.9205e-01 9.9007e-01 -5.1503e-01 9.9205e-01 -5.2691e-01 -9.9205e-01 -5.2866e-01 -9.6235e-01 -5.7580e-01 -9.6235e-01 -9.6040e-01 -9.6235e-01 -9.1100e-01 4.8319e-01 -9.6235e-01 -9.6235e-01 -9.6235e-01 -9.6235e-01 -9.6235e-01 -9.6235e-01 4.8175e-01 4.8346e-01 4.8175e-01 4.8175e-01 4.8175e-01 -3.0380e-01 4.0901e-01 1.9338e-03 1.9338e-03 -1.2495e-01 -1.1269e-02 -1.1699e-01 -1.7269e-01 -1.7269e-01 -1.1665e-01 -1.1665e-01 -8.0906e-02 -7.8988e-02 -1.3745e-01 -9.2032e-02 -1.0280e-01 -1.0345e-01 -1.0280e-01 -1.0345e-01 -1.0073e-01 -1.0537e-01 -1.0280e-01 -1.0552e-01 -1.3935e-01 -1.0280e-01 -1.0280e-01 -1.0073e-01 -1.1028e-01 -8.4599e-02 -8.2968e-02 -9.2989e-02 -7.8626e-02
2.2070e-01 6.3569e-01 6.4181e-01 2.1872e-01 6.4384e-01 6.7170e-01 8.8189e-01 8.8209e-01 8.8209e-01 -4.4003e-01 8.8209e-01 -4.9557e-01 1.2751e-01 -4.4003e-01 8.8969e-01 1.2751e-01 8.8137e-01 8.8779e-01 8.8779e-01 8.9160e-01 5.6194e-01 8.8969e-01 8.8969e-01 8.8969e-01 8.8969e-01 8.8969e-01 8.8969e-01 9.9602e-01 -5.4302e-01 1.0000e+00 9.9801e-01 1.0000e+00 9.9801e-01 9.9801e-01 9.9403e-01 9.9403e-01 5.1790e-01 9.9403e-01 9.9403e-01 9.9403e-01 9.9005e-01 9.9005e-01 9.8807e-01 -5.1607e-01 9.9005e-01 -5.2797e-01 -9.9005e-01 -5.2500e-01 -9.6033e-01 -5.7699e-01 -9.6033e-01 -9.5838e-01 -9.6033e-01 -9.0887e-01 4.8212e-01 -9.6033e-01 -9.6033e-01 -9.6033e-01 -9.6033e-01 -9.6033e-01 -9.6033e-01 4.8067e-01 4.8238e-01 4.8067e-01 4.8067e-01 4.8067e-01 -3.0485e-01 4.0800e-01 6.7371e-04 6.7371e-04 -1.2287e-01 -1.2458e-02 -1.1491e-01 -1.7029e-01 -1.7029e-01 -1.1459e-01 -1.1459e-01 -7.8946e-02 -7.7025e-02 -1.3517e-01 -8.9909e-02 -1.0074e-01 -1.0146e-01 -1.0074e-01 -1.0146e-01 -9.8667e-02 -1.0337e-01 -1.0074e-01 -1.0352e-01 -1.3707e-01 -1.0074e-01 -1.0074e-01 -9.8667e-02 -1.0823e-01 -8.2655e-02 -8.1004e-02 -9.1020e-02 -7.6794e-02
2.2163e-01 6.3765e-01 6.4379e-01 2.1919e-01 6.4582e-01 6.7369e-01 8.8376e-01 8.8395e-01 8.8395e-01 -4.3879e-01 8.8395e-01 -4.9458e-01 1.2777e-01 -4.3879e-01 8.9157e-01 1.2777e-01 8.8326e-01 8.8966e-01 8.8966e-01 8.8949e-01 5.6080e-01 8.9157e-01 8.9157e-01 8.9157e-01 8.9157e-01 8.9157e-01 8.9157e-01 9.9801e-01 -5.4194e-01 9.9801e-01 1.0000e+00 9.9801e-01 1.0000e+00 1.0000e+00 9.9603e-01 9.9603e-01 5.1893e-01 9.9603e-01 9.9603e-01 9.9603e-01 9.9205e-01 9.9205e-01 9.9007e-01 -5.1503e-01 9.9205e-01 -5.2691e-01 -9.9205e-01 -5.2866e-01 -9.6235e-01 -5.7580e-01 -9.6235e-01 -9.6040e-01 -9.6235e-01 -9.1100e-01 4.8319e-01 -9.6235e-01 -9.6235e-01 -9.6235e-01 -9.6235e-01 -9.6235e-01 -9.6235e-01 4.8175e-01 4.8346e-01 4.8175e-01 4.8175e-01 4.8175e-01 -3.0380e-01 4.0901e-01 1.9338e-03 1.9338e-03 -1.2495e-01 -1.1269e-02 -1.1699e-01 -1.7269e-01 -1.7269e-01 -1.1665e-01 -1.1665e-01 -8.0906e-02 -7.8988e-02 -1.3745e-01 -9.2032e-02 -1.0280e-01 -1.0345e-01 -1.0280e-01 -1.0345e-01 -1.0073e-01 -1.0537e-01 -1.0280e-01 -1.0552e-01 -1.3935e-01 -1.0280e-01 -1.0280e-01 -1.0073e-01 -1.1028e-01 -8.4599e-02 -8.2968e-02 -9.2989e-02 -7.8626e-02
2.2163e-01 6.3765e-01 6.4379e-01 2.1919e-01 6.4582e-01 6.7369e-01 8.8376e-01 8.8395e-01 8.8395e-01 -4.3879e-01 8.8395e-01 -4.9458e-01 1.2777e-01 -4.3879e-01 8.9157e-01 1.2777e-01 8.8326e-01 8.8966e-01 8.8966e-01 8.8949e-01 5.6080e-01 8.9157e-01 8.9157e-01 8.9157e-01 8.9157e-01 8.9157e-01 8.9157e-01 9.9801e-01 -5.4194e-01 9.9801e-01 1.0000e+00 9.9801e-01 1.0000e+00 1.0000e+00 9.9603e-01 9.9603e-01 5.1893e-01 9.9603e-01 9.9603e-01 9.9603e-01 9.9205e-01 9.9205e-01 9.9007e-01 -5.1503e-01 9.9205e-01 -5.2691e-01 -9.9205e-01 -5.2866e-01 -9.6235e-01 -5.7580e-01 -9.6235e-01 -9.6040e-01 -9.6235e-01 -9.1100e-01 4.8319e-01 -9.6235e-01 -9.6235e-01 -9.6235e-01 -9.6235e-01 -9.6235e-01 -9.6235e-01 4.8175e-01 4.8346e-01 4.8175e-01 4.8175e-01 4.8175e-01 -3.0380e-01 4.0901e-01 1.9338e-03 1.9338e-03 -1.2495e-01 -1.1269e-02 -1.1699e-01 -1.7269e-01 -1.7269e-01 -1.1665e-01 -1.1665e-01 -8.0906e-02 -7.8988e-02 -1.3745e-01 -9.2032e-02 -1.0280e-01 -1.0345e-01 -1.0280e-01 -1.0345e-01 -1.0073e-01 -1.0537e-01 -1.0280e-01 -1.0552e-01 -1.3935e-01 -1.0280e-01 -1.0280e-01 -1.0073e-01 -1.1028e-01 -8.4599e-02 -8.2968e-02 -9.2989e-02 -7.8626e-02
2.1977e-01 6.4169e-01 6.4779e-01 2.1825e-01 6.4981e-01 6.7767e-01 8.8002e-01 8.8023e-01 8.8023e-01 -4.3249e-01 8.8023e-01 -4.9656e-01 1.2726e-01 -4.3249e-01 8.8781e-01 1.2726e-01 8.7948e-01 8.8591e-01 8.8591e-01 8.8572e-01 5.6309e-01 8.8781e-01 8.8781e-01 8.8781e-01 8.8781e-01 8.8781e-01 8.8781e-01 9.9403e-01 -5.3479e-01 9.9403e-01 9.9603e-01 9.9403e-01 9.9603e-01 9.9603e-01 1.0000e+00 1.0000e+00 5.1687e-01 1.0000e+00 1.0000e+00 1.0000e+00 9.9602e-01 9.9602e-01 9.9403e-01 -5.1711e-01 9.9602e-01 -5.2903e-01 -9.9602e-01 -5.3077e-01 -9.6627e-01 -5.7819e-01 -9.6627e-01 -9.6432e-01 -9.6627e-01 -9.1471e-01 4.8105e-01 -9.6627e-01 -9.6627e-01 -9.6627e-01 -9.6627e-01 -9.6627e-01 -9.6627e-01 4.7960e-01 4.8130e-01 4.7960e-01 4.7960e-01 4.7960e-01 -3.0590e-01 4.0698e-01 3.8145e-03 3.8145e-03 -1.2876e-01 -1.3647e-02 -1.2079e-01 -1.7598e-01 -1.7598e-01 -1.2049e-01 -1.2049e-01 -8.4944e-02 -8.3019e-02 -1.4092e-01 -9.5759e-02 -1.0663e-01 -1.0742e-01 -1.0663e-01 -1.0742e-01 -1.0457e-01 -1.0934e-01 -1.0663e-01 -1.0947e-01 -1.4282e-01 -1.0663e-01 -1.0663e-01 -1.0457e-01 -1.1415e-01 -8.8670e-02 -8.6998e-02 -9.7010e-02 -7.8956e-02
