1.0000e+00 5.4359e-02 6.7124e-02 1.3469e-01 1.9968e-02 6.2763e-02 6.5019e-02 7.0830e-02 7.1291e-02 6.1586e-02 7.1257e-02 -3.7740e-02 -6.2062e-02 -1.2679e-01 -1.2679e-01 -1.1865e-01 -3.4528e-02 -3.4528e-02 -1.1662e-01 8.5915e-02 8.5915e-02 2.6841e-03 8.4382e-02 -1.0658e-01 -1.7618e-02 -8.1620e-03 3.9140e-02 2.5868e-02 3.2366e-02 -2.7188e-02 -2.7188e-02 1.6629e-02 -2.7188e-02 -2.7188e-02 -2.9673e-02 -2.7188e-02 -2.7188e-02 -3.5830e-02 -4.0744e-03 -4.1751e-02 -2.8738e-02 -3.8034e-02 -2.2739e-02 -2.8762e-02
5.4359e-02 1.0000e+00 -2.1351e-01 -2.3233e-01 -3.1144e-01 -3.7321e-01 -2.1570e-01 -3.7635e-01 -3.7025e-01 -2.1260e-01 -3.1108e-01 -6.8866e-01 -8.1437e-01 -3.2721e-01 -3.2721e-01 -3.2542e-01 -5.2655e-01 -5.2655e-01 -3.2634e-01 -1.8668e-01 -1.8668e-01 -5.3906e-01 -1.8130e-01 -3.0509e-01 -5.3765e-01 -5.3489e-01 -2.1365e-01 -1.4054e-01 -1.2992e-01 2.4725e-02 2.4725e-02 -5.4002e-02 2.4725e-02 2.4725e-02 1.2601e-02 2.4725e-02 2.4725e-02 -7.7657e-02 6.8411e-02 -1.2619e-01 -6.9567e-02 -6.8649e-02 -1.2531e-01 -1.0077e-01
6.7124e-02 -2.1351e-01 1.0000e+00 9.1901e-01 6.6786e-01 5.5872e-01 9.8302e-01 5.5409e-01 5.5525e-01 9.5993e-01 6.2999e-01 2.5538e-01 2.0541e-01 -4.0585e-01 -4.0585e-01 -4.0925e-01 2.4894e-01 2.4894e-01 -4.0500e-01 8.7470e-01 8.7470e-01 2.4185e-01 8.6121e-01 -3.8950e-01 2.4263e-01 2.3548e-01 7.1953e-01 4.1928e-02 5.5725e-02 -5.8742e-02 -5.8742e-02 1.0963e-01 -5.8742e-02 -5.8742e-02 -6.4110e-02 -5.8742e-02 -5.8742e-02 8.2782e-02 1.0200e-02 8.5834e-02 8.7504e-03 9.6691e-03 9.3596e-02 1.0411e-01
1.3469e-01 -2.3233e-01 9.1901e-01 1.0000e+00 6.1069e-01 5.9860e-01 9.2198e-01 6.0367e-01 5.9483e-01 8.9936e-01 6.6617e-01 2.5562e-01 2.0350e-01 -4.2391e-01 -4.2391e-01 -4.1272e-01 2.0811e-01 2.0811e-01 -4.0806e-01 8.2082e-01 8.2082e-01 2.4229e-01 8.1432e-01 -3.9526e-01 2.5903e-01 2.6260e-01 6.6644e-01 3.2094e-02 4.0999e-02 -4.4122e-02 -4.4122e-02 1.2057e-01 -4.4122e-02 -4.4122e-02 -3.3370e-02 -4.4122e-02 -4.4122e-02 7.1903e-02 2.0318e-02 9.3247e-02 -1.4772e-03 -5.4313e-03 1.0437e-01 8.7494e-02
1.9968e-02 -3.1144e-01 6.6786e-01 6.1069e-01 1.0000e+00 8.3754e-01 6.8037e-01 8.1764e-01 8.1935e-01 6.6985e-01 9.1587e-01 3.6340e-01 3.0501e-01 -4.5909e-01 -4.5909e-01 -4.6425e-01 1.0953e-01 1.0953e-01 -4.5781e-01 6.0931e-01 6.0931e-01 1.0174e-01 6.0283e-01 -4.9929e-01 9.8563e-02 9.5803e-02 5.0056e-01 1.4189e-01 9.8097e-02 8.3094e-02 8.3094e-02 1.6704e-01 8.3094e-02 8.3094e-02 7.6991e-02 8.3094e-02 8.3094e-02 1.8783e-01 2.2662e-02 1.3560e-01 -1.1421e-02 -1.4318e-02 1.5649e-01 1.2281e-01
6.2763e-02 -3.7321e-01 5.5872e-01 5.9860e-01 8.3754e-01 1.0000e+00 5.6984e-01 9.7113e-01 9.6490e-01 5.5852e-01 8.3720e-01 1.6079e-01 3.4232e-01 -5.4787e-01 -5.4787e-01 -5.4181e-01 -5.7943e-02 -5.7943e-02 -5.3004e-01 5.0512e-01 5.0512e-01 -3.5014e-02 4.9843e-01 -5.7402e-01 -3.3247e-02 -1.9439e-02 3.8812e-01 2.9579e-01 2.5682e-01 7.4145e-02 7.4145e-02 1.5193e-01 7.4145e-02 7.4145e-02 7.9989e-02 7.4145e-02 7.4145e-02 1.7694e-01 3.2598e-02 1.2702e-01 -3.8926e-02 -4.1353e-02 1.3559e-01 6.8255e-02
6.5019e-02 -2.1570e-01 9.8302e-01 9.2198e-01 6.8037e-01 5.6984e-01 1.0000e+00 5.6515e-01 5.6632e-01 9.7671e-01 6.4212e-01 2.5811e-01 2.0752e-01 -4.1549e-01 -4.1549e-01 -4.1893e-01 2.5280e-01 2.5280e-01 -4.1464e-01 8.9321e-01 8.9321e-01 2.4564e-01 8.7965e-01 -3.9892e-01 2.4644e-01 2.3930e-01 7.3573e-01 4.3281e-02 5.7235e-02 -5.9346e-02 -5.9346e-02 1.0750e-01 -5.9346e-02 -5.9346e-02 -6.4769e-02 -5.9346e-02 -5.9346e-02 8.0210e-02 8.7898e-03 8.1836e-02 1.1302e-02 1.2230e-02 8.9373e-02 1.0786e-01
7.0830e-02 -3.7635e-01 5.5409e-01 6.0367e-01 8.1764e-01 9.7113e-01 5.6515e-01 1.0000e+00 9.9381e-01 5.6947e-01 8.5564e-01 1.5095e-01 3.4538e-01 -5.7065e-01 -5.7065e-01 -5.6465e-01 -6.5016e-02 -6.5016e-02 -5.5284e-01 5.1693e-01 5.1693e-01 -4.2328e-02 5.1014e-01 -6.0058e-01 -4.9186e-02 -2.6801e-02 3.9788e-01 3.0016e-01 2.6156e-01 5.6815e-02 5.6815e-02 1.6176e-01 5.6815e-02 5.6815e-02 6.3866e-02 5.6815e-02 5.6815e-02 1.8285e-01 2.9780e-02 1.1777e-01 -3.4799e-02 -4.1255e-02 1.3161e-01 7.0803e-02
7.1291e-02 -3.7025e-01 5.5525e-01 5.9483e-01 8.1935e-01 9.6490e-01 5.6632e-01 9.9381e-01 1.0000e+00 5.7588e-01 8.6170e-01 1.4986e-01 3.4461e-01 -5.7716e-01 -5.7716e-01 -5.7114e-01 -6.6473e-02 -6.6473e-02 -5.5934e-01 5.2346e-01 5.2346e-01 -4.3747e-02 5.1665e-01 -6.0724e-01 -5.0611e-02 -2.8211e-02 4.0400e-01 3.0142e-01 2.6277e-01 5.7095e-02 5.7095e-02 1.6219e-01 5.7095e-02 5.7095e-02 6.4172e-02 5.7095e-02 5.7095e-02 1.8345e-01 3.1510e-02 1.1871e-01 -3.6842e-02 -4.3305e-02 1.3261e-01 7.1638e-02
6.1586e-02 -2.1260e-01 9.5993e-01 8.9936e-01 6.6985e-01 5.5852e-01 9.7671e-01 5.6947e-01 5.7588e-01 1.0000e+00 6.5851e-01 2.6862e-01 2.1102e-01 -4.2279e-01 -4.2279e-01 -4.2628e-01 2.6463e-01 2.6463e-01 -4.2192e-01 9.1915e-01 9.1915e-01 2.5740e-01 9.0551e-01 -4.0579e-01 2.5821e-01 2.5111e-01 7.5831e-01 5.3476e-02 6.7831e-02 -6.0347e-02 -6.0347e-02 1.0404e-01 -6.0347e-02 -6.0347e-02 -6.5862e-02 -6.0347e-02 -6.0347e-02 7.6015e-02 1.3417e-02 7.5306e-02 8.6415e-03 9.5853e-03 8.2477e-02 1.0160e-01
7.1257e-02 -3.1108e-01 6.2999e-01 6.6617e-01 9.1587e-01 8.3720e-01 6.4212e-01 8.5564e-01 8.6170e-01 6.5851e-01 1.0000e+00 3.9325e-01 3.0352e-01 -4.8514e-01 -4.8514e-01 -4.7793e-01 8.2492e-02 8.2492e-02 -4.7116e-01 6.0093e-01 6.0093e-01 1.0959e-01 5.9430e-01 -5.2670e-01 1.2892e-01 1.2606e-01 4.8805e-01 1.3779e-01 9.5999e-02 5.9107e-02 5.9107e-02 2.0368e-01 5.9107e-02 5.9107e-02 6.9319e-02 5.9107e-02 5.9107e-02 1.8987e-01 2.5656e-02 1.4705e-01 -2.7904e-02 -3.0662e-02 1.6547e-01 1.0849e-01
-3.7740e-02 -6.8866e-01 2.5538e-01 2.5562e-01 3.6340e-01 1.6079e-01 2.5811e-01 1.5095e-01 1.4986e-01 2.6862e-01 3.9325e-01 1.0000e+00 7.6685e-01 4.7902e-01 4.7902e-01 4.7855e-01 7.1720e-01 7.1720e-01 4.7332e-01 2.3566e-01 2.3566e-01 7.3303e-01 2.3138e-01 4.6180e-01 7.6095e-01 7.2986e-01 2.7784e-01 -6.7953e-02 -7.9641e-02 -2.0749e-02 -2.0749e-02 7.6138e-02 -2.0749e-02 -2.0749e-02 -6.6725e-03 -2.0749e-02 -2.0749e-02 7.1481e-02 -6.9994e-02 1.2417e-01 6.3811e-02 6.7325e-02 1.3475e-01 1.0429e-01
-6.2062e-02 -8.1437e-01 2.0541e-01 2.0350e-01 3.0501e-01 3.4232e-01 2.0752e-01 3.4538e-01 3.4461e-01 2.1102e-01 3.0352e-01 7.6685e-01 1.0000e+00 4.0021e-01 4.0021e-01 3.8198e-01 5.8937e-01 5.8937e-01 3.8326e-01 1.7826e-01 1.7826e-01 6.0198e-01 1.7265e-01 3.6323e-01 6.0056e-01 5.9768e-01 2.1000e-01 1.3369e-01 1.2345e-01 -2.9108e-02 -2.9108e-02 5.0057e-02 -2.9108e-02 -2.9108e-02 -1.7013e-02 -2.9108e-02 -2.9108e-02 7.1984e-02 -6.2596e-02 1.1644e-01 4.7320e-02 4.6436e-02 1.0085e-01 8.3845e-02
-1.2679e-01 -3.2721e-01 -4.0585e-01 -4.2391e-01 -4.5909e-01 -5.4787e-01 -4.1549e-01 -5.7065e-01 -5.7716e-01 -4.2279e-01 -4.8514e-01 4.7902e-01 4.0021e-01 1.0000e+00 1.0000e+00 9.9202e-01 6.2772e-01 6.2772e-01 9.8196e-01 -4.0463e-01 -4.0463e-01 6.1466e-01 -4.0225e-01 9.3279e-01 6.1184e-01 5.8333e-01 -2.6229e-01 -2.2930e-01 -2.0277e-01 -8.4073e-02 -8.4073e-02 5.2697e-03 -8.4073e-02 -8.4073e-02 -8.2589e-02 -8.4073e-02 -8.4073e-02 -1.3966e-01 -9.0044e-02 -3.5136e-02 8.3668e-02 8.9475e-02 -4.6356e-02 -2.1412e-02
-1.2679e-01 -3.2721e-01 -4.0585e-01 -4.2391e-01 -4.5909e-01 -5.4787e-01 -4.1549e-01 -5.7065e-01 -5.7716e-01 -4.2279e-01 -4.8514e-01 4.7902e-01 4.0021e-01 1.0000e+00 1.0000e+00 9.9202e-01 6.2772e-01 6.2772e-01 9.8196e-01 -4.0463e-01 -4.0463e-01 6.1466e-01 -4.0225e-01 9.3279e-01 6.1184e-01 5.8333e-01 -2.6229e-01 -2.2930e-01 -2.0277e-01 -8.4073e-02 -8.4073e-02 5.2697e-03 -8.4073e-02 -8.4073e-02 -8.2589e-02 -8.4073e-02 -8.4073e-02 -1.3966e-01 -9.0044e-02 -3.5136e-02 8.3668e-02 8.9475e-02 -4.6356e-02 -2.1412e-02
-1.1865e-01 -3.2542e-01 -4.0925e-01 -4.1272e-01 -4.6425e-01 -5.4181e-01 -4.1893e-01 -5.6465e-01 -5.7114e-01 -4.2628e-01 -4.7793e-01 4.7855e-01 3.8198e-01 9.9202e-01 9.9202e-01 1.0000e+00 6.2868e-01 6.2868e-01 9.8602e-01 -4.0793e-01 -4.0793e-01 6.1549e-01 -4.0558e-01 9.3732e-01 6.1269e-01 5.8417e-01 -2.6634e-01 -2.1972e-01 -1.9282e-01 -8.5028e-02 -8.5028e-02 3.8196e-03 -8.5028e-02 -8.5028e-02 -8.3638e-02 -8.5028e-02 -8.5028e-02 -1.4164e-01 -9.6751e-02 -3.8634e-02 7.9635e-02 8.5454e-02 -3.4340e-02 -2.4579e-02
-3.4528e-02 -5.2655e-01 2.4894e-01 2.0811e-01 1.0953e-01 -5.7943e-02 2.5280e-01 -6.5016e-02 -6.6473e-02 2.6463e-01 8.2492e-02 7.1720e-01 5.8937e-01 6.2772e-01 6.2772e-01 6.2868e-01 1.0000e+00 1.0000e+00 6.3914e-01 3.1750e-01 3.1750e-01 9.7993e-01 3.0852e-01 6.0748e-01 9.5063e-01 9.4613e-01 3.7491e-01 -2.7231e-01 -2.3704e-01 -1.4620e-01 -1.4620e-01 6.7979e-02 -1.4620e-01 -1.4620e-01 -1.3438e-01 -1.4620e-01 -1.4620e-01 -1.0100e-01 -1.4882e-01 -6.5024e-02 1.3569e-01 1.3429e-01 -2.6119e-02 4.2635e-02
-3.4528e-02 -5.2655e-01 2.4894e-01 2.0811e-01 1.0953e-01 -5.7943e-02 2.5280e-01 -6.5016e-02 -6.6473e-02 2.6463e-01 8.2492e-02 7.1720e-01 5.8937e-01 6.2772e-01 6.2772e-01 6.2868e-01 1.0000e+00 1.0000e+00 6.3914e-01 3.1750e-01 3.1750e-01 9.7993e-01 3.0852e-01 6.0748e-01 9.5063e-01 9.4613e-01 3.7491e-01 -2.7231e-01 -2.3704e-01 -1.4620e-01 -1.4620e-01 6.7979e-02 -1.4620e-01 -1.4620e-01 -1.3438e-01 -1.4620e-01 -1.4620e-01 -1.0100e-01 -1.4882e-01 -6.5024e-02 1.3569e-01 1.3429e-01 -2.6119e-02 4.2635e-02
-1.1662e-01 -3.2634e-01 -4.0500e-01 -4.0806e-01 -4.5781e-01 -5.3004e-01 -4.1464e-01 -5.5284e-01 -5.5934e-01 -4.2192e-01 -4.7116e-01 4.7332e-01 3.8326e-01 9.8196e-01 9.8196e-01 9.8602e-01 6.3914e-01 6.3914e-01 1.0000e+00 -4.0915e-01 -4.0915e-01 6.2619e-01 -4.0674e-01 9.4680e-01 6.2336e-01 5.9487e-01 -2.6610e-01 -2.0960e-01 -1.8277e-01 -8.3834e-02 -8.3834e-02 5.6326e-03 -8.3834e-02 -8.3834e-02 -8.2327e-02 -8.3834e-02 -8.3834e-02 -1.4734e-01 -9.2415e-02 -3.9667e-02 7.3695e-02 7.9500e-02 -3.4973e-02 -2.6424e-02
8.5915e-02 -1.8668e-01 8.7470e-01 8.2082e-01 6.0931e-01 5.0512e-01 8.9321e-01 5.1693e-01 5.2346e-01 9.1915e-01 6.0093e-01 2.3566e-01 1.7826e-01 -4.0463e-01 -4.0463e-01 -4.0793e-01 3.1750e-01 3.1750e-01 -4.0915e-01 1.0000e+00 1.0000e+00 3.1113e-01 9.8587e-01 -3.8903e-01 3.1183e-01 3.1042e-01 8.0192e-01 -9.7907e-04 1.1709e-02 -5.7125e-02 -5.7125e-02 1.0036e-01 -5.7125e-02 -5.7125e-02 -6.2345e-02 -5.7125e-02 -5.7125e-02 1.0075e-01 -9.2955e-03 1.0432e-02 2.4823e-02 2.5717e-02 2.1581e-02 6.0414e-02
8.5915e-02 -1.8668e-01 8.7470e-01 8.2082e-01 6.0931e-01 5.0512e-01 8.9321e-01 5.1693e-01 5.2346e-01 9.1915e-01 6.0093e-01 2.3566e-01 1.7826e-01 -4.0463e-01 -4.0463e-01 -4.0793e-01 3.1750e-01 3.1750e-01 -4.0915e-01 1.0000e+00 1.0000e+00 3.1113e-01 9.8587e-01 -3.8903e-01 3.1183e-01 3.1042e-01 8.0192e-01 -9.7907e-04 1.1709e-02 -5.7125e-02 -5.7125e-02 1.0036e-01 -5.7125e-02 -5.7125e-02 -6.2345e-02 -5.7125e-02 -5.7125e-02 1.0075e-01 -9.2955e-03 1.0432e-02 2.4823e-02 2.5717e-02 2.1581e-02 6.0414e-02
2.6841e-03 -5.3906e-01 2.4185e-01 2.4229e-01 1.0174e-01 -3.5014e-02 2.4564e-01 -4.2328e-02 -4.3747e-02 2.5740e-01 1.0959e-01 7.3303e-01 6.0198e-01 6.1466e-01 6.1466e-01 6.1549e-01 9.7993e-01 9.7993e-01 6.2619e-01 3.1113e-01 3.1113e-01 1.0000e+00 3.0768e-01 5.9946e-01 9.7053e-01 9.6594e-01 3.6738e-01 -2.8011e-01 -2.4919e-01 -1.3268e-01 -1.3268e-01 8.9194e-02 -1.3268e-01 -1.3268e-01 -1.2237e-01 -1.3268e-01 -1.3268e-01 -1.0669e-01 -1.4454e-01 -5.0914e-02 1.2606e-01 1.2468e-01 -2.4033e-02 4.1484e-02
8.4382e-02 -1.8130e-01 8.6121e-01 8.1432e-01 6.0283e-01 4.9843e-01 8.7965e-01 5.1014e-01 5.1665e-01 9.0551e-01 5.9430e-01 2.3138e-01 1.7265e-01 -4.0225e-01 -4.0225e-01 -4.0558e-01 3.0852e-01 3.0852e-01 -4.0674e-01 9.8587e-01 9.8587e-01 3.0768e-01 1.0000e+00 -3.8645e-01 3.0840e-01 3.0697e-01 7.9536e-01 2.1880e-03 8.7488e-03 -3.6377e-02 -3.6377e-02 9.8935e-02 -3.6377e-02 -3.6377e-02 -4.3346e-02 -3.6377e-02 -3.6377e-02 9.8900e-02 -1.3742e-02 8.8308e-04 3.0010e-02 3.0910e-02 1.2091e-02 5.8021e-02
-1.0658e-01 -3.0509e-01 -3.8950e-01 -3.9526e-01 -4.9929e-01 -5.7402e-01 -3.9892e-01 -6.0058e-01 -6.0724e-01 -4.0579e-01 -5.2670e-01 4.6180e-01 3.6323e-01 9.3279e-01 9.3279e-01 9.3732e-01 6.0748e-01 6.0748e-01 9.4680e-01 -3.8903e-01 -3.8903e-01 5.9946e-01 -3.8645e-01 1.0000e+00 6.0082e-01 5.7233e-01 -2.4590e-01 -1.9640e-01 -1.6582e-01 -6.1895e-02 -6.1895e-02 -1.3404e-01 -6.1895e-02 -6.1895e-02 -7.5852e-02 -6.1895e-02 -6.1895e-02 -1.3514e-01 -7.4797e-02 -2.8618e-02 5.9975e-02 6.5714e-02 -2.2426e-02 -1.8236e-02
-1.7618e-02 -5.3765e-01 2.4263e-01 2.5903e-01 9.8563e-02 -3.3247e-02 2.4644e-01 -4.9186e-02 -5.0611e-02 2.5821e-01 1.2892e-01 7.6095e-01 6.0056e-01 6.1184e-01 6.1184e-01 6.1269e-01 9.5063e-01 9.5063e-01 6.2336e-01 3.1183e-01 3.1183e-01 9.7053e-01 3.0840e-01 6.0082e-01 1.0000e+00 9.6824e-01 3.6821e-01 -2.8362e-01 -2.5286e-01 -1.3230e-01 -1.3230e-01 8.9508e-02 -1.3230e-01 -1.3230e-01 -1.0639e-01 -1.3230e-01 -1.3230e-01 -9.7357e-02 -1.3833e-01 -4.4192e-02 1.2383e-01 1.2670e-01 -2.8591e-02 3.6129e-02
-8.1620e-03 -5.3489e-01 2.3548e-01 2.6260e-01 9.5803e-02 -1.9439e-02 2.3930e-01 -2.6801e-02 -2.8211e-02 2.5111e-01 1.2606e-01 7.2986e-01 5.9768e-01 5.8333e-01 5.8333e-01 5.8417e-01 9.4613e-01 9.4613e-01 5.9487e-01 3.1042e-01 3.1042e-01 9.6594e-01 3.0697e-01 5.7233e-01 9.6824e-01 1.0000e+00 3.6655e-01 -3.0135e-01 -2.7071e-01 -1.3305e-01 -1.3305e-01 1.0099e-01 -1.3305e-01 -1.3305e-01 -1.0715e-01 -1.3305e-01 -1.3305e-01 -1.2475e-01 -1.5077e-01 -5.7648e-02 1.3679e-01 1.3542e-01 -3.6178e-02 4.0670e-02
3.9140e-02 -2.1365e-01 7.1953e-01 6.6644e-01 5.0056e-01 3.8812e-01 7.3573e-01 3.9788e-01 4.0400e-01 7.5831e-01 4.8805e-01 2.7784e-01 2.1000e-01 -2.6229e-01 -2.6229e-01 -2.6634e-01 3.7491e-01 3.7491e-01 -2.6610e-01 8.0192e-01 8.0192e-01 3.6738e-01 7.9536e-01 -2.4590e-01 3.6821e-01 3.6655e-01 1.0000e+00 -7.1722e-02 -5.7969e-02 -6.7453e-02 -6.7453e-02 -4.0798e-04 -6.7453e-02 -6.7453e-02 -7.3617e-02 -6.7453e-02 -6.7453e-02 6.8271e-02 -8.0235e-02 6.3187e-03 9.4689e-02 1.0055e-01 3.7098e-02 6.7580e-02
2.5868e-02 -1.4054e-01 4.1928e-02 3.2094e-02 1.4189e-01 2.9579e-01 4.3281e-02 3.0016e-01 3.0142e-01 5.3476e-02 1.3779e-01 -6.7953e-02 1.3369e-01 -2.2930e-01 -2.2930e-01 -2.1972e-01 -2.7231e-01 -2.7231e-01 -2.0960e-01 -9.7907e-04 -9.7907e-04 -2.8011e-01 2.1880e-03 -1.9640e-01 -2.8362e-01 -3.0135e-01 -7.1722e-02 1.0000e+00 9.4015e-01 1.5001e-01 1.5001e-01 -8.9649e-02 1.5001e-01 1.5001e-01 1.7647e-01 1.5001e-01 1.5001e-01 1.9370e-01 1.6652e-01 1.4458e-01 -1.4014e-01 -1.3902e-01 1.4353e-01 2.6365e-03
3.2366e-02 -1.2992e-01 5.5725e-02 4.0999e-02 9.8097e-02 2.5682e-01 5.7235e-02 2.6156e-01 2.6277e-01 6.7831e-02 9.5999e-02 -7.9641e-02 1.2345e-01 -2.0277e-01 -2.0277e-01 -1.9282e-01 -2.3704e-01 -2.3704e-01 -1.8277e-01 1.1709e-02 1.1709e-02 -2.4919e-01 8.7488e-03 -1.6582e-01 -2.5286e-01 -2.7071e-01 -5.7969e-02 9.4015e-01 1.0000e+00 -5.0962e-02 -5.0962e-02 -8.6087e-02 -5.0962e-02 -5.0962e-02 -4.1554e-02 -5.0962e-02 -5.0962e-02 2.0445e-01 1.5520e-01 1.2768e-01 -1.3322e-01 -1.3213e-01 1.4062e-01 -6.5903e-03
-2.7188e-02 2.4725e-02 -5.8742e-02 -4.4122e-02 8.3094e-02 7.4145e-02 -5.9346e-02 5.6815e-02 5.7095e-02 -6.0347e-02 5.9107e-02 -2.0749e-02 -2.9108e-02 -8.4073e-02 -8.4073e-02 -8.5028e-02 -1.4620e-01 -1.4620e-01 -8.3834e-02 -5.7125e-02 -5.7125e-02 -1.3268e-01 -3.6377e-02 -6.1895e-02 -1.3230e-01 -1.3305e-01 -6.7453e-02 1.5001e-01 -5.0962e-02 1.0000e+00 1.0000e+00 -2.3043e-02 1.0000e+00 1.0000e+00 9.1627e-01 1.0000e+00 1.0000e+00 -3.3137e-02 3.7112e-02 9.4465e-02 -3.1529e-02 -3.1277e-02 6.5980e-02 6.4786e-02
-2.7188e-02 2.4725e-02 -5.8742e-02 -4.4122e-02 8.3094e-02 7.4145e-02 -5.9346e-02 5.6815e-02 5.7095e-02 -6.0347e-02 5.9107e-02 -2.0749e-02 -2.9108e-02 -8.4073e-02 -8.4073e-02 -8.5028e-02 -1.4620e-01 -1.4620e-01 -8.3834e-02 -5.7125e-02 -5.7125e-02 -1.3268e-01 -3.6377e-02 -6.1895e-02 -1.3230e-01 -1.3305e-01 -6.7453e-02 1.5001e-01 -5.0962e-02 1.0000e+00 1.0000e+00 -2.3043e-02 1.0000e+00 1.0000e+00 9.1627e-01 1.0000e+00 1.0000e+00 -3.3137e-02 3.7112e-02 9.4465e-02 -3.1529e-02 -3.1277e-02 6.5980e-02 6.4786e-02
1.6629e-02 -5.4002e-02 1.0963e-01 1.2057e-01 1.6704e-01 1.5193e-01 1.0750e-01 1.6176e-01 1.6219e-01 1.0404e-01 2.0368e-01 7.6138e-02 5.0057e-02 5.2697e-03 5.2697e-03 3.8196e-03 6.7979e-02 6.7979e-02 5.6326e-03 1.0036e-01 1.0036e-01 8.9194e-02 9.8935e-02 -1.3404e-01 8.9508e-02 1.0099e-01 -4.0798e-04 -8.9649e-02 -8.6087e-02 -2.3043e-02 -2.3043e-02 1.0000e+00 -2.3043e-02 -2.3043e-02 -2.5149e-02 -2.3043e-02 -2.3043e-02 -4.7245e-02 -6.1908e-02 -4.9326e-02 2.3018e-02 2.3378e-02 -5.4355e-02 -5.5809e-02
-2.7188e-02 2.4725e-02 -5.8742e-02 -4.4122e-02 8.3094e-02 7.4145e-02 -5.9346e-02 5.6815e-02 5.7095e-02 -6.0347e-02 5.9107e-02 -2.0749e-02 -2.9108e-02 -8.4073e-02 -8.4073e-02 -8.5028e-02 -1.4620e-01 -1.4620e-01 -8.3834e-02 -5.7125e-02 -5.7125e-02 -1.3268e-01 -3.6377e-02 -6.1895e-02 -1.3230e-01 -1.3305e-01 -6.7453e-02 1.5001e-01 -5.0962e-02 1.0000e+00 1.0000e+00 -2.3043e-02 1.0000e+00 1.0000e+00 9.1627e-01 1.0000e+00 1.0000e+00 -3.3137e-02 3.7112e-02 9.4465e-02 -3.1529e-02 -3.1277e-02 6.5980e-02 6.4786e-02
-2.7188e-02 2.4725e-02 -5.8742e-02 -4.4122e-02 8.3094e-02 7.4145e-02 -5.9346e-02 5.6815e-02 5.7095e-02 -6.0347e-02 5.9107e-02 -2.0749e-02 -2.9108e-02 -8.4073e-02 -8.4073e-02 -8.5028e-02 -1.4620e-01 -1.4620e-01 -8.3834e-02 -5.7125e-02 -5.7125e-02 -1.3268e-01 -3.6377e-02 -6.1895e-02 -1.3230e-01 -1.3305e-01 -6.7453e-02 1.5001e-01 -5.0962e-02 1.0000e+00 1.0000e+00 -2.3043e-02 1.0000e+00 1.0000e+00 9.1627e-01 1.0000e+00 1.0000e+00 -3.3137e-02 3.7112e-02 9.4465e-02 -3.1529e-02 -3.1277e-02 6.5980e-02 6.4786e-02
-2.9673e-02 1.2601e-02 -6.4110e-02 -3.3370e-02 7.6991e-02 7.9989e-02 -6.4769e-02 6.3866e-02 6.4172e-02 -6.5862e-02 6.9319e-02 -6.6725e-03 -1.7013e-02 -8.2589e-02 -8.2589e-02 -8.3638e-02 -1.3438e-01 -1.3438e-01 -8.2327e-02 -6.2345e-02 -6.2345e-02 -1.2237e-01 -4.3346e-02 -7.5852e-02 -1.0639e-01 -1.0715e-01 -7.3617e-02 1.7647e-01 -4.1554e-02 9.1627e-01 9.1627e-01 -2.5149e-02 9.1627e-01 9.1627e-01 1.0000e+00 9.1627e-01 9.1627e-01 -3.6165e-02 4.5129e-02 7.7150e-02 -7.0266e-03 -6.7508e-03 5.0482e-02 7.2033e-02
-2.7188e-02 2.4725e-02 -5.8742e-02 -4.4122e-02 8.3094e-02 7.4145e-02 -5.9346e-02 5.6815e-02 5.7095e-02 -6.0347e-02 5.9107e-02 -2.0749e-02 -2.9108e-02 -8.4073e-02 -8.4073e-02 -8.5028e-02 -1.4620e-01 -1.4620e-01 -8.3834e-02 -5.7125e-02 -5.7125e-02 -1.3268e-01 -3.6377e-02 -6.1895e-02 -1.3230e-01 -1.3305e-01 -6.7453e-02 1.5001e-01 -5.0962e-02 1.0000e+00 1.0000e+00 -2.3043e-02 1.0000e+00 1.0000e+00 9.1627e-01 1.0000e+00 1.0000e+00 -3.3137e-02 3.7112e-02 9.4465e-02 -3.1529e-02 -3.1277e-02 6.5980e-02 6.4786e-02
-2.7188e-02 2.4725e-02 -5.8742e-02 -4.4122e-02 8.3094e-02 7.4145e-02 -5.9346e-02 5.6815e-02 5.7095e-02 -6.0347e-02 5.9107e-02 -2.0749e-02 -2.9108e-02 -8.4073e-02 -8.4073e-02 -8.5028e-02 -1.4620e-01 -1.4620e-01 -8.3834e-02 -5.7125e-02 -5.7125e-02 -1.3268e-01 -3.6377e-02 -6.1895e-02 -1.3230e-01 -1.3305e-01 -6.7453e-02 1.5001e-01 -5.0962e-02 1.0000e+00 1.0000e+00 -2.3043e-02 1.0000e+00 1.0000e+00 9.1627e-01 1.0000e+00 1.0000e+00 -3.3137e-02 3.7112e-02 9.4465e-02 -3.1529e-02 -3.1277e-02 6.5980e-02 6.4786e-02
-3.5830e-02 -7.7657e-02 8.2782e-02 7.1903e-02 1.8783e-01 1.7694e-01 8.0210e-02 1.8285e-01 1.8345e-01 7.6015e-02 1.8987e-01 7.1481e-02 7.1984e-02 -1.3966e-01 -1.3966e-01 -1.4164e-01 -1.0100e-01 -1.0100e-01 -1.4734e-01 1.0075e-01 1.0075e-01 -1.0669e-01 9.8900e-02 -1.3514e-01 -9.7357e-02 -1.2475e-01 6.8271e-02 1.9370e-01 2.0445e-01 -3.3137e-02 -3.3137e-02 -4.7245e-02 -3.3137e-02 -3.3137e-02 -3.6165e-02 -3.3137e-02 -3.3137e-02 1.0000e+00 2.9900e-01 5.7958e-01 -2.5199e-01 -2.5147e-01 5.5150e-01 -6.8416e-02
-4.0744e-03 6.8411e-02 1.0200e-02 2.0318e-02 2.2662e-02 3.2598e-02 8.7898e-03 2.9780e-02 3.1510e-02 1.3417e-02 2.5656e-02 -6.9994e-02 -6.2596e-02 -9.0044e-02 -9.0044e-02 -9.6751e-02 -1.4882e-01 -1.4882e-01 -9.2415e-02 -9.2955e-03 -9.2955e-03 -1.4454e-01 -1.3742e-02 -7.4797e-02 -1.3833e-01 -1.5077e-01 -8.0235e-02 1.6652e-01 1.5520e-01 3.7112e-02 3.7112e-02 -6.1908e-02 3.7112e-02 3.7112e-02 4.5129e-02 3.7112e-02 3.7112e-02 2.9900e-01 1.0000e+00 5.2024e-01 -8.1843e-01 -8.2078e-01 4.8319e-01 2.0060e-01
-4.1751e-02 -1.2619e-01 8.5834e-02 9.3247e-02 1.3560e-01 1.2702e-01 8.1836e-02 1.1777e-01 1.1871e-01 7.5306e-02 1.4705e-01 1.2417e-01 1.1644e-01 -3.5136e-02 -3.5136e-02 -3.8634e-02 -6.5024e-02 -6.5024e-02 -3.9667e-02 1.0432e-02 1.0432e-02 -5.0914e-02 8.8308e-04 -2.8618e-02 -4.4192e-02 -5.7648e-02 6.3187e-03 1.4458e-01 1.2768e-01 9.4465e-02 9.4465e-02 -4.9326e-02 9.4465e-02 9.4465e-02 7.7150e-02 9.4465e-02 9.4465e-02 5.7958e-01 5.2024e-01 1.0000e+00 -4.4046e-01 -4.3958e-01 9.1660e-01 3.7157e-01
-2.8738e-02 -6.9567e-02 8.7504e-03 -1.4772e-03 -1.1421e-02 -3.8926e-02 1.1302e-02 -3.4799e-02 -3.6842e-02 8.6415e-03 -2.7904e-02 6.3811e-02 4.7320e-02 8.3668e-02 8.3668e-02 7.9635e-02 1.3569e-01 1.3569e-01 7.3695e-02 2.4823e-02 2.4823e-02 1.2606e-01 3.0010e-02 5.9975e-02 1.2383e-01 1.3679e-01 9.4689e-02 -1.4014e-01 -1.3322e-01 -3.1529e-02 -3.1529e-02 2.3018e-02 -3.1529e-02 -3.1529e-02 -7.0266e-03 -3.1529e-02 -3.1529e-02 -2.5199e-01 -8.1843e-01 -4.4046e-01 1.0000e+00 9.9404e-01 -4.5752e-01 -1.7257e-01
-3.8034e-02 -6.8649e-02 9.6691e-03 -5.4313e-03 -1.4318e-02 -4.1353e-02 1.2230e-02 -4.1255e-02 -4.3305e-02 9.5853e-03 -3.0662e-02 6.7325e-02 4.6436e-02 8.9475e-02 8.9475e-02 8.5454e-02 1.3429e-01 1.3429e-01 7.9500e-02 2.5717e-02 2.5717e-02 1.2468e-01 3.0910e-02 6.5714e-02 1.2670e-01 1.3542e-01 1.0055e-01 -1.3902e-01 -1.3213e-01 -3.1277e-02 -3.1277e-02 2.3378e-02 -3.1277e-02 -3.1277e-02 -6.7508e-03 -3.1277e-02 -3.1277e-02 -2.5147e-01 -8.2078e-01 -4.3958e-01 9.9404e-01 1.0000e+00 -4.6181e-01 -1.7756e-01
-2.2739e-02 -1.2531e-01 9.3596e-02 1.0437e-01 1.5649e-01 1.3559e-01 8.9373e-02 1.3161e-01 1.3261e-01 8.2477e-02 1.6547e-01 1.3475e-01 1.0085e-01 -4.6356e-02 -4.6356e-02 -3.4340e-02 -2.6119e-02 -2.6119e-02 -3.4973e-02 2.1581e-02 2.1581e-02 -2.4033e-02 1.2091e-02 -2.2426e-02 -2.8591e-02 -3.6178e-02 3.7098e-02 1.4353e-01 1.4062e-01 6.5980e-02 6.5980e-02 -5.4355e-02 6.5980e-02 6.5980e-02 5.0482e-02 6.5980e-02 6.5980e-02 5.5150e-01 4.8319e-01 9.1660e-01 -4.5752e-01 -4.6181e-01 1.0000e+00 4.1326e-01
-2.8762e-02 -1.0077e-01 1.0411e-01 8.7494e-02 1.2281e-01 6.8255e-02 1.0786e-01 7.0803e-02 7.1638e-02 1.0160e-01 1.0849e-01 1.0429e-01 8.3845e-02 -2.1412e-02 -2.1412e-02 -2.4579e-02 4.2635e-02 4.2635e-02 -2.6424e-02 6.0414e-02 6.0414e-02 4.1484e-02 5.8021e-02 -1.8236e-02 3.6129e-02 4.0670e-02 6.7580e-02 2.6365e-03 -6.5903e-03 6.4786e-02 6.4786e-02 -5.5809e-02 6.4786e-02 6.4786e-02 7.2033e-02 6.4786e-02 6.4786e-02 -6.8416e-02 2.0060e-01 3.7157e-01 -1.7257e-01 -1.7756e-01 4.1326e-01 1.0000e+00
