1.0000e+00 9.9523e-01 -6.7455e-02 -1.2636e-01 -1.9456e-01 -1.3323e-01 -1.3323e-01 -1.3258e-01 -1.3258e-01 3.8710e-01 1.7612e-01 4.2194e-01 1.4931e-01 1.9296e-01
9.9523e-01 1.0000e+00 -6.7133e-02 -1.2576e-01 -1.9303e-01 -1.3252e-01 -1.3252e-01 -1.3187e-01 -1.3187e-01 3.9035e-01 1.7711e-01 4.2539e-01 1.5003e-01 1.9404e-01
-6.7455e-02 -6.7133e-02 1.0000e+00 -4.5434e-02 -1.1016e-01 -2.1984e-02 -2.1984e-02 -2.1511e-02 -2.1511e-02 -7.0809e-02 -2.1072e-02 -7.6041e-02 -1.0072e-02 -2.1878e-02
-1.2636e-01 -1.2576e-01 -4.5434e-02 1.0000e+00 -2.2999e-01 -1.1497e-01 -1.1497e-01 -1.1433e-01 -1.1433e-01 4.5782e-01 -3.9474e-02 4.3697e-01 -1.8868e-02 -4.0985e-02
-1.9456e-01 -1.9303e-01 -1.1016e-01 -2.2999e-01 1.0000e+00 5.1698e-01 5.1079e-01 5.1458e-01 5.1458e-01 -3.9133e-01 -4.5995e-02 -3.9580e-01 -3.9686e-02 -8.6205e-02
-1.3323e-01 -1.3252e-01 -2.1984e-02 -1.1497e-01 5.1698e-01 1.0000e+00 9.9128e-01 9.9564e-01 9.9564e-01 -2.2331e-01 -4.4466e-02 -2.3297e-01 -2.1254e-02 -4.6168e-02
-1.3323e-01 -1.3252e-01 -2.1984e-02 -1.1497e-01 5.1079e-01 9.9128e-01 1.0000e+00 9.9564e-01 9.9564e-01 -2.2331e-01 -4.4466e-02 -2.3297e-01 -2.1254e-02 -4.6168e-02
-1.3258e-01 -1.3187e-01 -2.1511e-02 -1.1433e-01 5.1458e-01 9.9564e-01 9.9564e-01 1.0000e+00 1.0000e+00 -2.2902e-01 -4.4272e-02 -2.3851e-01 -2.1161e-02 -4.5966e-02
-1.3258e-01 -1.3187e-01 -2.1511e-02 -1.1433e-01 5.1458e-01 9.9564e-01 9.9564e-01 1.0000e+00 1.0000e+00 -2.2902e-01 -4.4272e-02 -2.3851e-01 -2.1161e-02 -4.5966e-02
3.8710e-01 3.9035e-01 -7.0809e-02 4.5782e-01 -3.9133e-01 -2.2331e-01 -2.2331e-01 -2.2902e-01 -2.2902e-01 1.0000e+00 -6.7723e-02 9.5513e-01 9.2399e-02 2.0071e-01
1.7612e-01 1.7711e-01 -2.1072e-02 -3.9474e-02 -4.5995e-02 -4.4466e-02 -4.4466e-02 -4.4272e-02 -4.4272e-02 -6.7723e-02 1.0000e+00 1.8562e-01 -6.2576e-03 -1.3593e-02
4.2194e-01 4.2539e-01 -7.6041e-02 4.3697e-01 -3.9580e-01 -2.3297e-01 -2.3297e-01 -2.3851e-01 -2.3851e-01 9.5513e-01 1.8562e-01 1.0000e+00 8.8723e-02 1.9272e-01
1.4931e-01 1.5003e-01 -1.0072e-02 -1.8868e-02 -3.9686e-02 -2.1254e-02 -2.1254e-02 -2.1161e-02 -2.1161e-02 9.2399e-02 -6.2576e-03 8.8723e-02 1.0000e+00 -6.4971e-03
1.9296e-01 1.9404e-01 -2.1878e-02 -4.0985e-02 -8.6205e-02 -4.6168e-02 -4.6168e-02 -4.5966e-02 -4.5966e-02 2.0071e-01 -1.3593e-02 1.9272e-01 -6.4971e-03 1.0000e+00
