1.0000e+00 5.3634e-02 4.6297e-03 4.4435e-02 4.4435e-02 4.4435e-02 -3.7329e-02 -4.8635e-03 -4.4203e-02 -4.4203e-02 6.4819e-03 3.5232e-02 7.6208e-02 -6.7917e-02 7.6204e-02 3.3643e-03 -1.7595e-02 8.4846e-02
5.3634e-02 1.0000e+00 -1.7911e-02 -6.0562e-02 -6.0562e-02 -6.0562e-02 -1.1680e-03 -6.4402e-03 1.4935e-02 -1.3575e-02 -1.3298e-02 3.9134e-02 5.8561e-03 -6.3447e-02 1.1232e-02 1.0657e-02 -3.4853e-02 2.0627e-02
4.6297e-03 -1.7911e-02 1.0000e+00 7.0770e-02 7.0770e-02 7.0770e-02 1.3208e-01 -2.9436e-02 -2.8954e-02 -2.8954e-02 -9.8698e-03 1.0148e-03 1.9176e-02 -3.3436e-02 -4.8741e-02 -2.9256e-02 3.9636e-02 7.9370e-02
4.4435e-02 -6.0562e-02 7.0770e-02 1.0000e+00 1.0000e+00 1.0000e+00 -1.3984e-03 -7.7712e-02 5.0766e-02 5.0766e-02 3.3471e-02 -1.3499e-02 2.5000e-02 -8.1488e-03 1.2505e-02 1.6178e-02 1.5293e-02 5.2807e-02
4.4435e-02 -6.0562e-02 7.0770e-02 1.0000e+00 1.0000e+00 1.0000e+00 -1.3984e-03 -7.7712e-02 5.0766e-02 5.0766e-02 3.3471e-02 -1.3499e-02 2.5000e-02 -8.1488e-03 1.2505e-02 1.6178e-02 1.5293e-02 5.2807e-02
4.4435e-02 -6.0562e-02 7.0770e-02 1.0000e+00 1.0000e+00 1.0000e+00 -1.3984e-03 -7.7712e-02 5.0766e-02 5.0766e-02 3.3471e-02 -1.3499e-02 2.5000e-02 -8.1488e-03 1.2505e-02 1.6178e-02 1.5293e-02 5.2807e-02
-3.7329e-02 -1.1680e-03 1.3208e-01 -1.3984e-03 -1.3984e-03 -1.3984e-03 1.0000e+00 -2.3997e-01 1.1177e-01 1.1177e-01 -1.0323e-01 -8.0606e-03 -3.3558e-02 6.9890e-02 -8.8189e-02 -3.4479e-02 5.2945e-02 -6.1592e-02
-4.8635e-03 -6.4402e-03 -2.9436e-02 -7.7712e-02 -7.7712e-02 -7.7712e-02 -2.3997e-01 1.0000e+00 8.5476e-02 8.5476e-02 -1.5566e-01 2.2365e-02 4.1564e-02 3.3164e-02 -1.2977e-02 1.0051e-02 -2.9450e-02 -3.2728e-03
-4.4203e-02 1.4935e-02 -2.8954e-02 5.0766e-02 5.0766e-02 5.0766e-02 1.1177e-01 8.5476e-02 1.0000e+00 8.8789e-01 -2.6967e-02 -3.6012e-02 -1.7162e-02 1.0523e-01 -1.6826e-02 -3.7884e-02 -1.2079e-02 -1.0871e-02
-4.4203e-02 -1.3575e-02 -2.8954e-02 5.0766e-02 5.0766e-02 5.0766e-02 1.1177e-01 8.5476e-02 8.8789e-01 1.0000e+00 -2.6967e-02 -3.6012e-02 -1.7162e-02 1.0523e-01 4.3328e-03 -3.7884e-02 -1.2079e-02 -1.0871e-02
6.4819e-03 -1.3298e-02 -9.8698e-03 3.3471e-02 3.3471e-02 3.3471e-02 -1.0323e-01 -1.5566e-01 -2.6967e-02 -2.6967e-02 1.0000e+00 1.8886e-02 3.0307e-02 -5.0610e-02 7.6153e-02 5.1829e-02 2.4416e-02 -3.2475e-02
3.5232e-02 3.9134e-02 1.0148e-03 -1.3499e-02 -1.3499e-02 -1.3499e-02 -8.0606e-03 2.2365e-02 -3.6012e-02 -3.6012e-02 1.8886e-02 1.0000e+00 6.2943e-01 8.5203e-02 4.2322e-01 1.2271e-02 -8.2227e-02 5.4673e-02
7.6208e-02 5.8561e-03 1.9176e-02 2.5000e-02 2.5000e-02 2.5000e-02 -3.3558e-02 4.1564e-02 -1.7162e-02 -1.7162e-02 3.0307e-02 6.2943e-01 1.0000e+00 1.3311e-01 4.0652e-01 -2.1797e-02 -2.1122e-02 4.8694e-02
-6.7917e-02 -6.3447e-02 -3.3436e-02 -8.1488e-03 -8.1488e-03 -8.1488e-03 6.9890e-02 3.3164e-02 1.0523e-01 1.0523e-01 -5.0610e-02 8.5203e-02 1.3311e-01 1.0000e+00 -1.9042e-01 -4.2213e-03 -2.2668e-02 -2.0402e-02
7.6204e-02 1.1232e-02 -4.8741e-02 1.2505e-02 1.2505e-02 1.2505e-02 -8.8189e-02 -1.2977e-02 -1.6826e-02 4.3328e-03 7.6153e-02 4.2322e-01 4.0652e-01 -1.9042e-01 1.0000e+00 -4.9380e-02 -7.2060e-02 1.0714e-01
3.3643e-03 1.0657e-02 -2.9256e-02 1.6178e-02 1.6178e-02 1.6178e-02 -3.4479e-02 1.0051e-02 -3.7884e-02 -3.7884e-02 5.1829e-02 1.2271e-02 -2.1797e-02 -4.2213e-03 -4.9380e-02 1.0000e+00 -5.0690e-02 5.5438e-03
-1.7595e-02 -3.4853e-02 3.9636e-02 1.5293e-02 1.5293e-02 1.5293e-02 5.2945e-02 -2.9450e-02 -1.2079e-02 -1.2079e-02 2.4416e-02 -8.2227e-02 -2.1122e-02 -2.2668e-02 -7.2060e-02 -5.0690e-02 1.0000e+00 -1.4546e-02
8.4846e-02 2.0627e-02 7.9370e-02 5.2807e-02 5.2807e-02 5.2807e-02 -6.1592e-02 -3.2728e-03 -1.0871e-02 -1.0871e-02 -3.2475e-02 5.4673e-02 4.8694e-02 -2.0402e-02 1.0714e-01 5.5438e-03 -1.4546e-02 1.0000e+00
