1.0000e+00 -6.4233e-03 -1.6713e-02 -8.7926e-02 -1.0968e-01 -1.5613e-01 2.9294e-02 -9.9253e-03 -4.1628e-02 -5.8412e-02 -1.2285e-02 1.3078e-01 -3.0363e-02 -1.3609e-02 3.5053e-02 3.7547e-02 9.8581e-03
-6.4233e-03 1.0000e+00 9.9236e-01 3.8166e-01 5.2449e-01 -1.7376e-01 -1.9048e-02 -5.9553e-02 -1.8402e-01 -2.4483e-01 -4.3056e-02 1.2193e-01 9.1063e-03 6.4466e-02 2.3781e-02 -1.7854e-02 -3.8735e-02
-1.6713e-02 9.9236e-01 1.0000e+00 3.8459e-01 5.2853e-01 -1.7834e-01 -1.8903e-02 -6.5678e-02 -1.8896e-01 -2.4953e-01 -4.2477e-02 1.2736e-01 5.4170e-03 6.2796e-02 2.1972e-02 -1.6618e-02 -3.8005e-02
-8.7926e-02 3.8166e-01 3.8459e-01 1.0000e+00 -3.6460e-02 1.0744e-01 -7.2698e-03 5.7955e-02 -1.8823e-01 -2.2339e-01 -2.3783e-02 1.3823e-01 4.2432e-02 5.9376e-03 -2.2693e-02 -1.1614e-02 -2.7560e-02
-1.0968e-01 5.2449e-01 5.2853e-01 -3.6460e-02 1.0000e+00 -1.3643e-01 -9.9905e-03 2.0030e-02 9.0923e-02 6.4049e-02 -3.2684e-02 -6.1000e-02 -1.0025e-01 -1.7798e-02 -3.0426e-02 7.7076e-03 -9.5250e-03
-1.5613e-01 -1.7376e-01 -1.7834e-01 1.0744e-01 -1.3643e-01 1.0000e+00 -1.9112e-02 2.9976e-01 -1.1010e-01 6.6116e-02 6.6058e-02 -1.3965e-01 1.0958e-01 -4.9007e-02 -6.3361e-02 -2.2118e-02 3.2725e-02
2.9294e-02 -1.9048e-02 -1.8903e-02 -7.2698e-03 -9.9905e-03 -1.9112e-02 1.0000e+00 -4.2551e-02 -1.5288e-02 2.7375e-02 -6.5169e-03 6.6384e-03 3.0135e-02 -3.1254e-02 1.5604e-02 8.7429e-02 -7.5519e-03
-9.9253e-03 -5.9553e-02 -6.5678e-02 5.7955e-02 2.0030e-02 2.9976e-01 -4.2551e-02 1.0000e+00 -9.7246e-02 8.0114e-02 1.1139e-01 -3.2705e-01 3.4270e-02 -3.6444e-02 -7.3629e-02 -8.0439e-02 -5.2416e-02
-4.1628e-02 -1.8402e-01 -1.8896e-01 -1.8823e-01 9.0923e-02 -1.1010e-01 -1.5288e-02 -9.7246e-02 1.0000e+00 6.6039e-01 1.0433e-01 -2.5074e-01 -2.6944e-01 1.2831e-02 3.0706e-02 6.0902e-02 -3.2408e-02
-5.8412e-02 -2.4483e-01 -2.4953e-01 -2.2339e-01 6.4049e-02 6.6116e-02 2.7375e-02 8.0114e-02 6.6039e-01 1.0000e+00 8.9557e-02 -5.6701e-01 -2.3137e-01 -5.4674e-02 -2.3050e-02 2.9774e-02 -1.8249e-02
-1.2285e-02 -4.3056e-02 -4.2477e-02 -2.3783e-02 -3.2684e-02 6.6058e-02 -6.5169e-03 1.1139e-01 1.0433e-01 8.9557e-02 1.0000e+00 -1.2590e-01 8.3592e-02 3.0935e-02 2.8950e-02 -3.5114e-02 -2.4706e-02
1.3078e-01 1.2193e-01 1.2736e-01 1.3823e-01 -6.1000e-02 -1.3965e-01 6.6384e-03 -3.2705e-01 -2.5074e-01 -5.6701e-01 -1.2590e-01 1.0000e+00 -9.3922e-02 -6.5059e-04 -7.2851e-03 3.1348e-02 2.5167e-02
-3.0363e-02 9.1063e-03 5.4170e-03 4.2432e-02 -1.0025e-01 1.0958e-01 3.0135e-02 3.4270e-02 -2.6944e-01 -2.3137e-01 8.3592e-02 -9.3922e-02 1.0000e+00 8.0485e-02 1.2953e-01 2.0900e-03 7.5151e-02
-1.3609e-02 6.4466e-02 6.2796e-02 5.9376e-03 -1.7798e-02 -4.9007e-02 -3.1254e-02 -3.6444e-02 1.2831e-02 -5.4674e-02 3.0935e-02 -6.5059e-04 8.0485e-02 1.0000e+00 7.0874e-01 5.4938e-02 -5.4181e-02
3.5053e-02 2.3781e-02 2.1972e-02 -2.2693e-02 -3.0426e-02 -6.3361e-02 1.5604e-02 -7.3629e-02 3.0706e-02 -2.3050e-02 2.8950e-02 -7.2851e-03 1.2953e-01 7.0874e-01 1.0000e+00 1.9061e-01 -6.8878e-02
3.7547e-02 -1.7854e-02 -1.6618e-02 -1.1614e-02 7.7076e-03 -2.2118e-02 8.7429e-02 -8.0439e-02 6.0902e-02 2.9774e-02 -3.5114e-02 3.1348e-02 2.0900e-03 5.4938e-02 1.9061e-01 1.0000e+00 3.9053e-02
9.8581e-03 -3.8735e-02 -3.8005e-02 -2.7560e-02 -9.5250e-03 3.2725e-02 -7.5519e-03 -5.2416e-02 -3.2408e-02 -1.8249e-02 -2.4706e-02 2.5167e-02 7.5151e-02 -5.4181e-02 -6.8878e-02 3.9053e-02 1.0000e+00
