1.0000e+00 5.7467e-01 5.7467e-01 -1.9349e-01 6.3710e-01 -4.1900e-02 -1.9470e-01 3.9019e-01 1.4856e-02 -1.3101e-01 -2.5232e-02 -5.9634e-02 -5.2099e-02 -6.4344e-02 2.8872e-01 -2.2494e-01 -1.1970e-01 -1.1839e-01 -1.1839e-01 1.2605e-02 -8.8567e-02 5.2506e-03 1.0493e-01 2.6720e-01 1.5998e-01 -1.2158e-01 5.9074e-02 9.4755e-02 1.6139e-02 -8.0717e-02 1.6810e-01 -6.8590e-02 1.6111e-01 1.2000e-01 9.7936e-02 -1.3934e-01 1.4924e-01 6.2342e-02 -1.3805e-01 -1.7028e-02 -4.9470e-02 2.2217e-02 1.5702e-01 -2.5065e-02 -2.0997e-02 -2.0997e-02 5.7388e-02 3.0711e-02 9.8205e-02 1.0838e-01 1.5627e-01 -2.0688e-02 6.7738e-02 -1.2279e-01 2.9017e-02 2.7217e-01 -1.0593e-01 4.3372e-03 2.0184e-02 5.5930e-02 -6.2230e-03 2.3422e-01 5.2285e-02 9.5196e-02 1.0761e-01 9.1935e-02 -1.4572e-01 -1.2362e-01 -1.7585e-02 -7.3875e-02 -1.7873e-01 -1.4374e-01 -5.3723e-02 -6.4344e-02 1.5765e-02 4.4904e-02 -7.7527e-02 1.8218e-01 1.0189e-01 2.9097e-02 1.2694e-01 2.2009e-01 4.8278e-02 -2.6935e-02 -1.1634e-01 4.4458e-02 -2.3422e-02 -9.8453e-02 5.5211e-02 8.6845e-02 -6.7635e-02 6.2481e-02 6.7738e-02 6.7738e-02 1.7285e-01 7.1580e-02 7.1580e-02 2.0756e-02 4.0381e-02 6.9312e-02 1.6484e-02 -3.2269e-02 5.1393e-02 -4.0818e-02 -5.7387e-02 -1.8885e-02 7.6011e-02 -1.4083e-03 6.9651e-02 -2.0575e-02 7.2916e-02 2.6646e-02 3.1041e-02 8.5707e-02 -5.4418e-02 5.8505e-02 5.3563e-02 6.4035e-02 1.0953e-02 8.7763e-02 2.1581e-02 6.5305e-02 4.8402e-02 -5.1028e-02 1.1230e-01 -4.7088e-02 -5.1028e-02 -2.6857e-02 -1.2064e-01 1.1260e-03 -1.9344e-03 -1.4871e-02 1.3988e-02 1.9296e-02 4.7642e-02 5.5449e-02 6.2342e-02 3.2590e-02 8.2511e-03 -5.6218e-02 6.2291e-03 -6.1800e-02 -6.0477e-02 5.9176e-02 3.2185e-02 -1.9257e-02 -4.9996e-02 -7.0622e-02 6.5556e-02 2.3862e-02 -5.1348e-02 -2.4151e-02 -2.2562e-02 -2.7298e-02 1.8760e-02 -2.5628e-02 -4.4809e-02 -2.6935e-02 -8.1847e-03 -2.2953e-02 3.5122e-02 1.8317e-02 -1.6716e-02 1.4884e-02
5.7467e-01 1.0000e+00 1.0000e+00 -1.1119e-01 -1.7049e-01 1.0615e-01 2.6604e-02 -4.7208e-02 3.3047e-02 -8.6783e-02 -8.4984e-02 4.2307e-02 -1.3819e-01 -2.2654e-02 -1.6145e-02 -1.9709e-01 -5.4924e-02 -5.4170e-02 -5.4170e-02 -4.5562e-02 -9.5919e-02 3.1717e-02 3.5411e-02 1.3438e-01 -8.7117e-02 -9.5994e-02 -2.0019e-02 -3.5791e-02 1.7628e-02 -6.2828e-02 2.3708e-01 -7.1901e-02 2.3236e-01 1.8175e-01 -2.9292e-02 -1.0446e-01 2.7222e-01 4.6686e-02 -1.0822e-01 8.3736e-03 -4.0326e-02 1.7685e-02 4.2806e-02 -1.9897e-02 -3.1536e-02 -3.1536e-02 7.2365e-02 -2.2324e-02 -3.8860e-02 2.1953e-02 1.1482e-01 -2.7217e-02 3.0577e-02 -9.9614e-02 2.3648e-02 -5.4228e-02 -1.0603e-01 1.5206e-01 1.6878e-01 -8.4714e-02 1.1867e-02 5.0844e-02 -3.0539e-02 8.7739e-02 1.0895e-01 -3.3140e-02 -1.1898e-01 -1.0502e-01 2.8289e-02 -1.0305e-02 -1.4184e-01 -1.1425e-01 -1.4803e-02 -4.7185e-02 -5.1288e-02 -7.8384e-02 -4.1248e-02 -6.0351e-02 7.4287e-02 1.0931e-01 -8.1403e-02 -5.4228e-02 -1.2357e-01 5.2023e-03 -7.1454e-02 3.7191e-02 -8.0712e-02 -6.6345e-02 5.7991e-03 6.2379e-02 -4.8757e-02 -3.9449e-02 5.5956e-02 5.5956e-02 -3.4775e-02 9.9531e-02 9.9531e-02 -8.5687e-02 -2.3846e-02 7.1311e-02 6.1161e-02 -2.4386e-02 -1.6418e-02 4.5696e-02 -9.0523e-02 -3.2964e-02 -3.9416e-02 5.5897e-02 -1.2947e-03 1.6074e-02 1.6142e-03 -3.1836e-02 -2.8746e-02 2.8659e-02 -4.4431e-02 7.0096e-03 2.6251e-02 9.8810e-02 -1.5417e-02 7.9625e-02 -1.1003e-02 1.0381e-01 6.1658e-02 -1.0834e-01 6.2159e-02 -2.3297e-02 -1.0834e-01 -1.3137e-01 -7.2742e-02 -5.7288e-02 -5.6477e-02 -1.6959e-02 -3.0996e-02 -3.2467e-02 -3.0496e-02 -2.4991e-02 2.8289e-02 -3.7140e-02 -6.5704e-02 8.3056e-03 -5.5278e-02 -2.4112e-02 -2.3348e-02 7.3169e-02 8.9047e-03 -2.1562e-02 1.2378e-02 -5.7880e-02 5.5991e-02 -2.2101e-05 -5.0847e-02 -2.0183e-02 -9.6802e-03 -2.4995e-02 -4.6523e-05 -1.7182e-02 -3.0818e-02 -3.8410e-02 5.6262e-02 -3.3523e-02 5.6254e-02 3.8608e-02 -1.3220e-02 -7.5442e-02
5.7467e-01 1.0000e+00 1.0000e+00 -1.1119e-01 -1.7049e-01 1.0615e-01 2.6604e-02 -4.7208e-02 3.3047e-02 -8.6783e-02 -8.4984e-02 4.2307e-02 -1.3819e-01 -2.2654e-02 -1.6145e-02 -1.9709e-01 -5.4924e-02 -5.4170e-02 -5.4170e-02 -4.5562e-02 -9.5919e-02 3.1717e-02 3.5411e-02 1.3438e-01 -8.7117e-02 -9.5994e-02 -2.0019e-02 -3.5791e-02 1.7628e-02 -6.2828e-02 2.3708e-01 -7.1901e-02 2.3236e-01 1.8175e-01 -2.9292e-02 -1.0446e-01 2.7222e-01 4.6686e-02 -1.0822e-01 8.3736e-03 -4.0326e-02 1.7685e-02 4.2806e-02 -1.9897e-02 -3.1536e-02 -3.1536e-02 7.2365e-02 -2.2324e-02 -3.8860e-02 2.1953e-02 1.1482e-01 -2.7217e-02 3.0577e-02 -9.9614e-02 2.3648e-02 -5.4228e-02 -1.0603e-01 1.5206e-01 1.6878e-01 -8.4714e-02 1.1867e-02 5.0844e-02 -3.0539e-02 8.7739e-02 1.0895e-01 -3.3140e-02 -1.1898e-01 -1.0502e-01 2.8289e-02 -1.0305e-02 -1.4184e-01 -1.1425e-01 -1.4803e-02 -4.7185e-02 -5.1288e-02 -7.8384e-02 -4.1248e-02 -6.0351e-02 7.4287e-02 1.0931e-01 -8.1403e-02 -5.4228e-02 -1.2357e-01 5.2023e-03 -7.1454e-02 3.7191e-02 -8.0712e-02 -6.6345e-02 5.7991e-03 6.2379e-02 -4.8757e-02 -3.9449e-02 5.5956e-02 5.5956e-02 -3.4775e-02 9.9531e-02 9.9531e-02 -8.5687e-02 -2.3846e-02 7.1311e-02 6.1161e-02 -2.4386e-02 -1.6418e-02 4.5696e-02 -9.0523e-02 -3.2964e-02 -3.9416e-02 5.5897e-02 -1.2947e-03 1.6074e-02 1.6142e-03 -3.1836e-02 -2.8746e-02 2.8659e-02 -4.4431e-02 7.0096e-03 2.6251e-02 9.8810e-02 -1.5417e-02 7.9625e-02 -1.1003e-02 1.0381e-01 6.1658e-02 -1.0834e-01 6.2159e-02 -2.3297e-02 -1.0834e-01 -1.3137e-01 -7.2742e-02 -5.7288e-02 -5.6477e-02 -1.6959e-02 -3.0996e-02 -3.2467e-02 -3.0496e-02 -2.4991e-02 2.8289e-02 -3.7140e-02 -6.5704e-02 8.3056e-03 -5.5278e-02 -2.4112e-02 -2.3348e-02 7.3169e-02 8.9047e-03 -2.1562e-02 1.2378e-02 -5.7880e-02 5.5991e-02 -2.2101e-05 -5.0847e-02 -2.0183e-02 -9.6802e-03 -2.4995e-02 -4.6523e-05 -1.7182e-02 -3.0818e-02 -3.8410e-02 5.6262e-02 -3.3523e-02 5.6254e-02 3.8608e-02 -1.3220e-02 -7.5442e-02
-1.9349e-01 -1.1119e-01 -1.1119e-01 1.0000e+00 -1.2888e-01 3.3571e-01 2.1490e-01 -1.3682e-01 -5.6047e-02 -6.5602e-02 3.5359e-02 -7.2293e-02 3.6712e-02 -3.5668e-02 -7.6197e-02 1.3775e-01 1.4020e-01 1.4082e-01 1.4082e-01 -3.4441e-02 3.9362e-01 -2.9365e-02 5.3416e-02 -1.4282e-01 -1.2140e-01 2.6187e-01 3.8647e-02 8.6669e-02 -4.4810e-02 -3.9973e-02 -7.1650e-02 2.2290e-02 -7.0461e-02 -5.4645e-02 8.5512e-02 3.7494e-01 -6.3479e-02 -2.5148e-02 -7.6606e-02 -1.2577e-01 -3.0483e-02 6.3129e-02 1.1535e-01 -6.4795e-02 -3.1067e-02 -3.1067e-02 2.4266e-02 1.5552e-02 -6.4846e-02 6.6062e-02 -1.7689e-01 -3.8010e-02 -3.4441e-02 2.3372e-01 -2.0852e-02 -6.2736e-02 2.3661e-01 -8.4587e-02 -7.7638e-02 1.2080e-01 -8.1668e-02 9.9005e-03 -4.9949e-02 -3.3172e-02 -5.1807e-02 -9.8008e-02 -7.2757e-02 -6.0636e-02 -4.8146e-02 -4.8317e-02 -1.5929e-01 -5.9198e-02 -2.8977e-02 -3.5668e-02 -1.1076e-01 9.7495e-02 -5.4178e-02 -8.0494e-02 5.1627e-02 -1.2297e-01 -6.1818e-02 -4.4755e-02 -5.3802e-02 8.3393e-02 -3.3289e-02 2.4538e-01 -1.7490e-02 -2.4512e-02 -1.3614e-02 -4.2047e-02 -7.1469e-03 -6.5769e-02 -3.4441e-02 -3.4441e-02 -6.2440e-03 9.2954e-02 9.2954e-02 -3.7879e-02 -6.3676e-02 -4.0960e-02 1.4330e-01 -7.2017e-03 1.0647e-02 4.7678e-03 -3.2720e-02 -4.0731e-03 -7.7154e-02 8.1275e-02 -1.6438e-02 -9.9407e-03 -1.8741e-02 8.2782e-03 -3.8633e-03 5.4234e-02 -2.4614e-02 -1.6602e-02 4.0260e-02 -1.7156e-02 7.6558e-02 3.9764e-02 1.4695e-02 -4.9200e-02 -4.1986e-02 -3.5013e-02 6.5149e-02 -7.2383e-02 -3.5013e-02 1.6492e-02 8.0158e-03 3.0604e-02 2.3546e-02 1.8883e-01 5.4731e-03 1.1562e-02 -9.8965e-02 -9.9658e-02 -2.1490e-03 -6.8244e-02 -5.5646e-02 2.6949e-01 -1.3085e-02 2.0574e-02 2.1163e-02 -4.1290e-02 -2.2457e-02 -8.8798e-03 -3.9079e-02 -1.5833e-02 -1.2920e-02 -5.6256e-02 -9.6039e-02 -2.7124e-03 2.5229e-02 -2.3797e-02 5.7116e-02 1.7093e-02 -5.8223e-02 2.8870e-02 4.9437e-02 1.0526e-04 -1.2593e-03 -1.0631e-02 -1.2894e-02 -3.2759e-02
6.3710e-01 -1.7049e-01 -1.7049e-01 -1.2888e-01 1.0000e+00 -1.8499e-01 -3.1293e-01 5.4932e-01 3.0012e-03 -7.5709e-02 5.5368e-02 -9.7504e-02 1.0667e-01 -5.4692e-02 3.7336e-01 -6.8964e-02 -6.4712e-02 -6.3837e-02 -6.3837e-02 6.1491e-02 -1.0575e-02 -1.0311e-02 9.5491e-02 1.6158e-01 2.8326e-01 -4.6460e-02 9.1629e-02 1.1874e-01 -3.6003e-03 -3.5639e-02 -6.0971e-02 -2.4127e-02 -5.8943e-02 -6.8211e-02 1.1687e-01 -7.2717e-02 -9.3366e-02 4.2167e-02 -6.1808e-02 -1.6405e-02 -2.0990e-02 -5.5117e-03 1.2032e-01 3.0950e-03 -1.0635e-03 -1.0635e-03 -1.4682e-02 8.1042e-02 1.7135e-01 1.1381e-01 6.6350e-02 4.0480e-03 6.1491e-02 -3.2039e-02 4.6828e-02 3.9609e-01 -1.9112e-02 -1.4832e-01 -1.4544e-01 1.5249e-01 -4.2804e-02 2.6668e-01 9.9467e-02 4.3982e-02 4.8313e-02 1.2324e-01 -6.0605e-02 -4.7055e-02 -4.0685e-02 -6.5797e-02 -1.1296e-01 -6.3919e-02 -4.6450e-02 -3.2596e-02 5.8776e-02 1.0441e-01 -4.9530e-02 2.9213e-01 7.6219e-02 -3.0340e-02 2.4487e-01 3.3132e-01 1.8383e-01 -4.2694e-02 -7.4439e-02 8.8688e-03 3.5768e-02 -5.4220e-02 9.1336e-02 7.1152e-02 -3.5109e-02 1.2309e-01 3.8631e-02 3.8631e-02 2.2575e-01 2.5021e-03 2.5021e-03 9.7059e-02 8.2842e-02 1.6721e-02 -2.1211e-02 -2.2196e-02 9.2644e-02 -6.2941e-02 -5.9789e-04 3.2168e-03 1.2086e-01 -3.0091e-02 8.6565e-02 -2.9601e-02 8.8328e-02 6.2068e-02 3.8742e-02 8.7889e-02 -3.3557e-02 8.4168e-02 4.0035e-02 -1.4992e-03 -6.0400e-03 4.6309e-02 6.0895e-02 3.3880e-02 9.7783e-03 2.9709e-02 9.8384e-02 -2.9356e-02 2.9709e-02 8.3385e-02 -9.0935e-02 6.5275e-02 6.0650e-02 -2.1618e-03 2.8637e-02 6.3254e-02 9.2979e-02 9.7823e-02 1.0845e-01 8.2774e-02 7.6467e-02 -6.9786e-02 6.5052e-02 -4.2178e-02 -4.1297e-02 1.3425e-02 3.5126e-02 3.6483e-02 -5.6552e-02 -1.3557e-02 3.6686e-02 3.1334e-02 -1.7203e-02 -7.0899e-03 9.5257e-03 -2.1776e-02 -2.8735e-04 -2.1934e-02 -1.9913e-02 9.6842e-03 -5.8343e-02 -1.7948e-03 -3.8812e-03 -1.0728e-02 -1.0555e-02 7.1109e-02
-4.1900e-02 1.0615e-01 1.0615e-01 3.3571e-01 -1.8499e-01 1.0000e+00 6.6600e-01 -3.9667e-01 2.2216e-01 -1.5854e-01 4.6039e-02 6.5954e-02 6.4660e-02 -7.4314e-02 -1.4468e-01 -7.9877e-02 3.2726e-01 3.2885e-01 3.2885e-01 -3.5130e-02 1.3391e-01 9.1744e-02 1.9752e-03 -1.4986e-01 -2.0630e-01 1.6195e-01 -1.0643e-01 1.4151e-01 -3.6818e-02 2.9384e-02 1.3093e-02 5.7647e-02 6.2437e-03 4.1079e-02 1.3798e-01 1.7485e-01 5.6038e-02 3.0725e-02 -2.1543e-01 1.9918e-01 -7.8152e-02 -1.3978e-04 2.7965e-01 2.9794e-01 1.5072e-02 1.5072e-02 -3.7414e-02 -1.2257e-02 -2.3389e-01 5.6751e-02 -3.8136e-02 -6.5233e-02 -3.5130e-02 3.6558e-01 -4.0069e-02 -1.4075e-01 -1.2417e-02 -1.0182e-01 -8.0724e-02 1.9382e-01 1.4569e-01 5.2518e-02 -1.1565e-01 -2.9896e-02 -1.4751e-02 8.7884e-02 -1.1898e-01 -8.9257e-02 1.7878e-02 2.0180e-01 -1.0580e-01 -1.0002e-01 2.8368e-02 9.6997e-02 -1.0769e-01 -2.0097e-02 1.8176e-01 -9.3610e-02 1.1296e-01 -2.1696e-04 -1.4328e-01 -1.2067e-01 -2.2462e-01 -6.6806e-03 -1.6747e-01 1.5304e-01 -6.7340e-02 -1.0574e-01 1.6824e-02 2.1096e-02 -7.7897e-02 -1.7099e-01 3.5764e-02 3.5764e-02 -7.2709e-02 9.1396e-02 9.1396e-02 -1.1289e-01 -1.3231e-02 -6.2001e-03 1.1668e-01 1.1038e-01 8.1302e-02 9.3649e-02 -4.8655e-02 -1.0214e-01 5.9283e-02 6.5673e-02 8.5270e-02 -1.2011e-01 8.3441e-02 3.5383e-02 5.0939e-02 6.1793e-03 -7.5358e-02 3.0240e-02 2.3187e-02 -4.5965e-02 1.3043e-03 7.3298e-02 -6.3362e-02 1.1529e-02 -2.1768e-03 -1.0323e-01 3.0354e-02 1.0193e-01 -1.0323e-01 1.1240e-03 -9.4604e-03 8.8420e-02 8.9895e-02 5.3016e-02 -2.4250e-02 5.8938e-02 -4.0737e-03 3.2052e-03 -7.8154e-03 1.5985e-02 2.0188e-02 1.3080e-01 -9.3057e-02 -6.9940e-03 -5.5017e-03 2.8003e-02 -5.7574e-02 1.0363e-02 6.2136e-02 -3.1421e-02 3.6387e-03 -1.3644e-02 -1.0646e-01 1.8041e-02 3.1224e-02 -3.3037e-03 -2.4051e-02 8.1329e-03 -9.5494e-02 -5.7441e-02 -1.6423e-02 2.1881e-02 -1.6081e-02 3.0538e-02 5.4478e-02 -3.8458e-02
-1.9470e-01 2.6604e-02 2.6604e-02 2.1490e-01 -3.1293e-01 6.6600e-01 1.0000e+00 -5.5226e-01 1.5406e-01 -2.4324e-01 5.1665e-02 -5.2825e-02 1.6906e-01 -1.0430e-01 -2.0383e-01 1.6519e-01 2.4052e-01 2.4283e-01 2.4283e-01 -8.1362e-02 7.1782e-02 6.0826e-02 -7.1172e-02 -1.7270e-01 -2.5979e-01 7.9725e-02 8.1799e-02 2.6880e-01 -2.8877e-02 -3.2620e-02 -1.9145e-02 1.5365e-01 -2.3823e-02 5.9806e-02 2.6390e-01 2.2486e-01 -4.7415e-03 -2.4456e-02 1.9955e-01 6.6200e-02 1.7282e-02 -3.8317e-02 1.9636e-01 1.5282e-01 -1.6625e-03 -1.6625e-03 -4.9634e-02 -1.2796e-01 -2.3342e-01 1.5619e-01 1.0139e-01 -9.9768e-02 -8.1362e-02 2.4579e-01 1.7081e-02 -2.0280e-01 -4.9717e-02 2.5468e-01 2.6008e-01 3.9640e-02 1.4904e-01 -6.7568e-02 -1.8032e-01 -5.6859e-02 -6.9519e-02 7.1306e-02 -1.5622e-01 -1.7780e-01 6.2174e-02 1.7294e-01 1.4038e-01 -1.0587e-01 6.3024e-02 6.0729e-02 6.4182e-02 1.4810e-01 8.6696e-02 -1.7020e-01 2.1229e-01 -1.0041e-02 -1.9502e-01 -1.6410e-01 -2.5516e-01 7.4272e-02 1.6258e-01 6.5109e-02 -1.4175e-02 -1.6662e-01 8.9803e-02 -6.6942e-02 3.3976e-02 -7.3621e-03 2.1079e-02 2.1079e-02 -1.1655e-01 3.7712e-02 3.7712e-02 6.2366e-02 7.0790e-02 6.3307e-02 6.7582e-02 8.1402e-02 -6.0369e-02 1.4768e-01 -1.1361e-01 1.4333e-01 -4.0915e-02 -4.7628e-03 -3.5454e-02 9.7568e-02 -3.6306e-02 1.2100e-02 3.0023e-02 -8.7623e-02 1.0489e-01 9.2951e-02 2.1905e-02 -5.5561e-03 -6.5502e-03 4.8817e-02 1.5919e-02 -3.4360e-02 -8.9660e-02 -1.4656e-01 -8.7546e-02 4.9155e-02 -1.4656e-01 3.5808e-02 -4.7990e-02 -3.0182e-02 -2.7889e-02 1.4973e-02 -1.5440e-02 1.1625e-01 6.6027e-02 7.2245e-02 -2.4456e-02 -4.1503e-02 -3.2614e-02 1.0463e-01 -1.3125e-01 1.3769e-01 1.3593e-01 2.7317e-02 -8.5208e-03 1.6439e-02 1.2990e-01 -3.1959e-02 -7.9160e-03 -9.4560e-03 -2.3252e-02 -1.3068e-02 5.3999e-02 3.2502e-02 2.5843e-03 4.9266e-02 7.6337e-02 -3.3306e-02 1.0562e-02 6.2491e-03 9.7879e-04 2.0890e-02 2.2642e-02 -2.1479e-02
3.9019e-01 -4.7208e-02 -4.7208e-02 -1.3682e-01 5.4932e-01 -3.9667e-01 -5.5226e-01 1.0000e+00 -7.6157e-02 -1.0964e-01 -2.5288e-02 -4.4330e-03 1.0535e-01 1.9104e-01 3.7567e-01 -1.8919e-02 -6.4426e-02 -6.3372e-02 -6.3372e-02 1.6132e-01 2.2303e-03 4.8824e-02 1.5324e-01 2.3011e-01 3.8235e-01 -7.1974e-02 1.3740e-01 1.1396e-01 1.6750e-01 -4.7358e-02 -7.6604e-02 -9.7003e-02 -7.4184e-02 -1.1930e-01 1.2613e-01 -1.5948e-01 -1.2002e-01 1.5029e-02 -9.7468e-02 -5.7858e-03 3.5936e-02 8.1327e-02 1.5799e-01 -1.0073e-01 1.1271e-01 1.1271e-01 1.0136e-01 1.4587e-01 2.6986e-01 1.5087e-01 7.2088e-02 1.8997e-01 1.2046e-01 -1.4022e-01 4.2165e-02 3.4760e-01 7.7167e-02 -1.4496e-01 -1.5778e-01 8.7215e-02 -1.1847e-02 1.9561e-01 2.7993e-01 1.0845e-01 6.7496e-02 1.1628e-01 -9.9979e-02 -1.0053e-01 -2.9395e-02 -1.0918e-01 -1.2526e-01 -8.9010e-02 -3.7286e-02 -2.6165e-02 2.6334e-02 1.0012e-01 -2.5192e-02 2.8817e-01 8.5389e-02 9.4041e-02 2.7469e-01 2.6656e-01 2.2120e-01 -3.2221e-02 -8.5088e-02 9.2202e-03 -8.4019e-03 -7.7277e-02 1.0019e-01 1.5839e-01 -4.8716e-02 8.4462e-02 -2.1119e-03 -2.1119e-03 1.6444e-01 4.6162e-02 4.6162e-02 1.7093e-02 3.0370e-02 -2.5278e-02 2.0615e-02 -7.3558e-02 1.1384e-01 -3.4128e-02 1.1020e-02 -9.7341e-02 9.4275e-02 5.5856e-02 1.0754e-01 -4.8666e-02 1.0801e-01 4.8157e-02 -3.2105e-02 1.3688e-01 -3.1598e-02 8.2296e-02 -4.2815e-02 -2.7995e-02 -2.0395e-02 2.6286e-02 1.0180e-01 5.4139e-02 1.0991e-01 1.0042e-01 1.8175e-01 -3.8888e-02 1.0042e-01 8.2052e-02 -6.9105e-02 5.3056e-02 4.9204e-02 -1.2867e-02 2.7173e-02 6.3797e-02 9.1462e-02 9.0402e-02 2.2079e-04 9.4273e-02 9.0414e-02 -6.2142e-02 1.3857e-01 -6.8211e-02 -6.7159e-02 9.7138e-03 5.1904e-02 -6.0457e-02 -8.6994e-02 -3.8394e-02 1.3858e-02 5.1093e-02 3.9471e-02 -2.1119e-03 3.9667e-03 -2.6596e-02 -2.4304e-02 -2.2864e-02 -3.2792e-02 4.9692e-02 -5.2898e-03 2.0297e-02 7.3197e-04 -8.0517e-03 -1.2410e-02 4.7895e-02
1.4856e-02 3.3047e-02 3.3047e-02 -5.6047e-02 3.0012e-03 2.2216e-01 1.5406e-01 -7.6157e-02 1.0000e+00 -8.0493e-02 -9.0378e-02 -1.3091e-01 2.0013e-01 -4.3765e-02 -8.0687e-02 -2.7582e-01 3.3535e-01 3.3616e-01 3.3616e-01 -4.2259e-02 -8.5016e-02 3.7596e-01 -6.6867e-02 -2.2280e-01 -1.4813e-01 -1.3708e-01 -1.7034e-01 7.6734e-02 3.2281e-01 -7.2386e-02 -1.2142e-01 -6.4857e-02 -1.2010e-01 -1.4431e-01 7.5109e-02 -8.2352e-02 -7.5923e-02 -5.9075e-02 -7.6711e-02 3.9424e-01 -7.1314e-03 -4.6519e-02 1.1731e-01 3.4200e-01 1.8275e-01 1.8275e-01 7.7837e-02 -9.5884e-02 -5.6981e-02 -3.3277e-02 6.4071e-02 -4.6638e-02 -4.2259e-02 1.9250e-01 -2.3047e-02 -3.1290e-02 -8.2057e-02 -1.5552e-01 -1.5699e-01 1.9862e-01 2.0682e-01 1.0325e-01 -4.2472e-02 1.5045e-02 -1.0047e-01 1.8385e-01 -9.8631e-02 -8.4612e-02 -5.9075e-02 1.1623e-01 -2.9482e-02 -7.1455e-02 -6.2366e-02 -4.3765e-02 -2.1749e-02 8.3367e-02 -1.7716e-02 -6.2129e-02 9.6213e-02 -7.9103e-02 -6.9090e-02 -3.1290e-02 -9.0502e-02 -1.4505e-02 -8.7445e-02 4.6006e-02 -3.5847e-02 -5.9606e-02 3.7790e-02 9.0731e-02 5.1026e-03 -7.2827e-02 6.5232e-02 6.5232e-02 -2.3047e-02 2.6737e-02 2.6737e-02 -5.7240e-02 -3.1585e-03 -5.7402e-02 -3.6039e-02 6.4586e-02 8.9858e-03 6.4778e-02 -1.9265e-02 -7.0346e-02 3.1056e-02 5.6888e-02 3.7982e-02 -7.1273e-02 2.8792e-02 1.8163e-02 5.4635e-02 -3.2773e-03 -2.3304e-03 5.5890e-02 2.5438e-02 -3.6061e-02 -6.2085e-03 -2.5748e-03 -4.3182e-02 2.0043e-02 -2.7918e-02 -5.5987e-02 2.9624e-02 5.9468e-02 -5.5987e-02 4.1136e-02 -2.5748e-03 6.1276e-02 6.1973e-02 -3.7639e-03 5.0394e-02 5.1915e-02 6.6803e-02 6.6101e-02 -6.3896e-04 1.1042e-01 1.1624e-01 -3.3179e-02 -6.6530e-02 1.7900e-02 1.8621e-02 3.9544e-02 1.3330e-02 -4.1207e-02 4.5436e-03 -7.4123e-04 6.6274e-02 2.8082e-03 -6.4951e-02 3.8359e-02 2.2386e-02 1.5777e-03 3.0689e-02 8.1675e-03 -3.8824e-02 -2.9898e-02 3.1644e-03 -1.5393e-02 5.3327e-03 6.6927e-03 1.7851e-03 8.9796e-03
-1.3101e-01 -8.6783e-02 -8.6783e-02 -6.5602e-02 -7.5709e-02 -1.5854e-01 -2.4324e-01 -1.0964e-01 -8.0493e-02 1.0000e+00 -5.7490e-02 -8.3275e-02 -2.5775e-01 -2.7839e-02 -5.9471e-02 -1.5009e-01 -1.7684e-01 -1.8577e-01 -1.8577e-01 -2.6881e-02 -7.4338e-02 -6.6057e-02 -5.1749e-02 2.7081e-01 -6.2443e-02 -1.0312e-01 1.4972e-01 8.5233e-02 -6.6960e-02 -4.6045e-02 3.9045e-01 -2.8986e-02 3.9324e-01 3.4438e-01 8.4453e-02 -6.9028e-02 5.0515e-01 -3.7578e-02 -5.3714e-02 -1.3740e-01 -2.3792e-02 -2.6625e-02 -2.2726e-01 -9.2110e-02 -5.1202e-02 -5.1202e-02 -4.3134e-02 -6.5409e-02 3.4032e-01 9.2859e-02 1.6040e-01 -2.9667e-02 -2.6881e-02 -1.3058e-01 -4.3731e-02 -4.8965e-02 -8.3779e-02 -5.5579e-02 -4.9857e-02 1.0694e-01 -9.4178e-02 -9.6599e-02 -3.8985e-02 -2.5890e-02 -5.4748e-02 -1.1608e-01 5.2065e-01 5.4935e-01 -3.7578e-02 -8.1757e-02 2.1839e-01 5.9080e-01 4.1776e-02 -2.7839e-02 1.8700e-01 8.0445e-02 5.4858e-03 -2.6996e-02 -2.6168e-01 -8.6119e-02 -4.6499e-02 -2.6625e-02 2.9312e-01 -4.8393e-02 -5.1757e-02 -7.6422e-02 3.4872e-02 6.3707e-01 3.7188e-02 -7.0526e-02 -2.8766e-02 -7.2059e-02 1.2539e-02 1.2539e-02 -4.3731e-02 -1.0677e-01 -1.0677e-01 -6.9913e-02 -1.2925e-01 -4.6641e-02 -7.8421e-02 -8.7362e-02 7.4590e-02 1.2862e-03 3.8407e-01 -6.6407e-02 -3.3342e-02 6.9968e-02 1.0103e-01 -5.3978e-02 1.0842e-01 9.1603e-02 1.7860e-02 1.0661e-01 -5.3681e-02 -1.4223e-02 -5.0210e-02 -1.9681e-02 -2.1520e-02 -2.7119e-02 4.9680e-02 -9.2514e-03 1.4276e-01 3.0856e-01 8.9824e-02 -4.9955e-02 3.0856e-01 7.3759e-02 2.4899e-01 9.3492e-02 9.3909e-02 -4.6071e-02 -5.2138e-02 -1.7271e-01 -1.6710e-01 -1.6771e-01 1.9570e-02 -7.7677e-02 -5.8094e-02 -1.7760e-02 -4.2320e-02 -8.3062e-02 -8.2632e-02 -3.2227e-02 4.2447e-02 1.3397e-02 -1.0968e-01 -4.3592e-02 2.5291e-03 -3.1067e-02 7.7028e-02 1.2539e-02 2.8239e-02 2.1350e-02 4.8839e-02 -4.6045e-02 2.4017e-03 -3.2322e-03 -4.6408e-02 7.3450e-02 -4.8067e-02 3.4110e-02 9.5232e-02 1.1186e-02
-2.5232e-02 -8.4984e-02 -8.4984e-02 3.5359e-02 5.5368e-02 4.6039e-02 5.1665e-02 -2.5288e-02 -9.0378e-02 -5.7490e-02 1.0000e+00 -9.3502e-02 1.5967e-01 -3.1258e-02 -6.6775e-02 2.2156e-01 2.6038e-01 2.6096e-01 2.6096e-01 -3.0183e-02 3.3792e-01 2.8195e-01 -3.8939e-02 -1.5400e-01 -6.9895e-02 2.9260e-01 1.4374e-01 5.7822e-02 -1.3953e-02 1.2247e-02 -1.1070e-01 -5.6870e-02 -1.0985e-01 -1.3042e-01 5.6682e-02 2.2775e-01 -8.2593e-02 1.6398e-01 -7.8663e-02 5.3288e-03 2.5364e-01 -1.4681e-02 -2.8631e-02 -1.0342e-01 1.9907e-02 1.9907e-02 -1.9509e-02 1.8815e-01 -7.2647e-02 3.3112e-02 -2.0805e-01 -3.3310e-02 -3.0183e-02 1.4817e-01 -6.9480e-02 -5.4979e-02 1.3384e-01 5.8410e-02 -1.0648e-02 6.8639e-02 -1.2442e-01 1.1910e-01 -4.3772e-02 -2.9070e-02 3.7107e-02 -1.3705e-01 -5.7745e-02 -4.6575e-02 1.1244e-01 -9.4662e-02 -1.0743e-01 -7.5687e-02 1.2686e-01 3.1087e-03 -3.5405e-02 7.0377e-02 -6.1685e-02 -5.4383e-02 -2.0368e-02 -1.8879e-02 9.4919e-03 -5.4979e-02 5.7554e-03 -1.3604e-02 -3.8269e-02 -5.8329e-02 3.1969e-02 -5.3687e-02 5.1409e-02 9.9076e-02 1.3416e-01 1.4757e-02 5.3721e-03 5.3721e-03 -4.0028e-03 3.7792e-02 3.7792e-02 -6.2975e-03 -4.7361e-03 9.5086e-02 -1.9570e-03 1.1903e-02 -4.0954e-02 4.6456e-02 -6.7866e-02 5.6285e-03 -5.3404e-02 6.7475e-02 -1.0486e-01 4.8607e-02 -1.0681e-01 -3.2225e-02 7.6515e-03 -1.3914e-02 8.1099e-02 4.3968e-02 3.0168e-02 -5.3892e-03 -7.8712e-03 -3.3112e-02 2.9894e-02 5.6885e-02 -2.4673e-02 -7.1017e-02 2.1084e-02 -4.0772e-02 -7.1017e-02 1.1727e-02 -3.3112e-02 5.5356e-02 6.4405e-02 2.4138e-02 -2.3073e-03 4.1641e-02 5.2819e-02 5.2322e-02 1.3821e-01 -2.1011e-02 -2.7677e-02 -4.8236e-02 -1.4205e-03 4.2000e-02 4.2523e-02 -3.6185e-02 -1.9680e-02 1.1597e-01 2.6688e-02 1.8321e-02 5.6541e-02 -4.2511e-02 -4.5236e-02 4.0927e-02 1.0772e-02 -4.1383e-02 3.2280e-02 -3.0384e-02 -2.9447e-02 6.7616e-03 3.9940e-02 -1.0556e-02 2.7713e-02 1.3980e-02 -1.3092e-02 2.9200e-02
-5.9634e-02 4.2307e-02 4.2307e-02 -7.2293e-02 -9.7504e-02 6.5954e-02 -5.2825e-02 -4.4330e-03 -1.3091e-01 -8.3275e-02 -9.3502e-02 1.0000e+00 2.3045e-01 -4.5278e-02 -9.6724e-02 1.4413e-01 7.8780e-02 7.9543e-02 7.9543e-02 8.6399e-03 -8.9877e-02 -1.0744e-01 -8.4165e-02 6.0513e-02 2.5193e-01 1.1674e-01 -1.1174e-01 7.3545e-02 -9.7633e-02 2.0763e-01 -3.3948e-02 -6.7991e-02 -3.2201e-02 -6.5464e-02 7.1823e-02 -1.1652e-01 -1.2866e-01 7.1719e-02 -1.0309e-01 2.7426e-01 -3.8695e-02 -6.4801e-02 4.1961e-02 2.1906e-01 -4.0533e-02 -4.0533e-02 -6.3467e-02 1.6224e-01 -7.6104e-02 8.1173e-02 3.3847e-02 -2.4456e-02 6.1000e-02 1.0582e-01 -1.0064e-01 -7.9638e-02 1.5725e-01 -9.6819e-02 -8.7697e-02 3.1265e-02 1.3996e-01 -8.1912e-02 2.8485e-01 -1.4954e-02 2.8412e-03 1.0470e-01 4.9105e-02 6.6297e-02 5.2742e-02 2.5062e-01 1.0676e-01 -9.8425e-02 6.1690e-02 -1.9972e-02 -7.1309e-02 -2.4141e-01 4.4570e-01 -6.6488e-02 6.8906e-02 2.9859e-01 1.3694e-01 -3.5129e-02 7.4237e-02 5.6258e-02 -5.7897e-03 -5.3478e-02 3.8094e-03 -3.2282e-02 6.3840e-02 -1.2248e-01 2.2418e-03 -8.2933e-02 -1.7540e-02 -1.7540e-02 -4.2174e-03 3.2189e-03 3.2189e-03 -8.1871e-02 8.5610e-02 -6.0347e-02 4.6203e-02 2.2780e-01 1.4509e-01 4.9716e-02 -7.3705e-02 -7.0189e-02 1.9626e-01 -6.6278e-02 1.6545e-01 -8.1682e-02 1.6238e-01 -2.2993e-02 1.2306e-02 -3.3905e-02 -1.0525e-01 6.2461e-02 -5.1297e-02 -2.3032e-02 -2.6247e-02 -3.7514e-02 -7.2702e-02 -2.7718e-02 2.3515e-02 1.9923e-02 -3.6260e-02 2.3658e-01 1.9923e-02 6.5965e-03 -2.0050e-02 7.6671e-02 7.7386e-02 -3.3212e-02 -4.5642e-02 5.0651e-02 6.0434e-02 5.9701e-02 -4.2141e-02 1.6043e-01 1.2728e-01 -1.9664e-02 1.5180e-01 -8.7889e-02 -8.7176e-02 3.5467e-02 -2.8507e-02 -2.8348e-03 9.2519e-03 1.1652e-02 -2.8532e-02 -3.7891e-02 -7.9625e-03 -1.7540e-02 6.5419e-02 -4.0616e-02 -8.6658e-02 -5.9193e-02 5.5273e-03 -1.8723e-02 1.0752e-02 3.8778e-02 2.9671e-02 6.3098e-02 5.4880e-02 1.4324e-02
-5.2099e-02 -1.3819e-01 -1.3819e-01 3.6712e-02 1.0667e-01 6.4660e-02 1.6906e-01 1.0535e-01 2.0013e-01 -2.5775e-01 1.5967e-01 2.3045e-01 1.0000e+00 9.4039e-02 2.0089e-01 5.9623e-01 6.2294e-01 6.2576e-01 6.2576e-01 9.0805e-02 2.0942e-01 1.9250e-01 -2.8024e-01 -2.7648e-01 2.3870e-01 3.1558e-01 3.0548e-01 4.3658e-01 7.4749e-02 1.1336e-01 -4.5037e-01 1.4210e-01 -4.4553e-01 -3.4248e-01 4.3168e-01 2.5588e-01 -4.6547e-01 5.0448e-02 2.0749e-01 3.3874e-01 1.1225e-03 -2.3327e-01 2.3052e-01 2.6395e-01 8.6817e-02 8.6817e-02 -1.5124e-01 6.0943e-02 -4.4483e-02 3.4331e-01 5.2040e-02 5.2260e-02 -1.4720e-02 3.8862e-01 1.3616e-01 1.2554e-01 2.0637e-01 5.3722e-02 5.2882e-02 1.9889e-01 9.0830e-02 6.6988e-02 1.3169e-01 -7.6723e-02 -5.6371e-02 1.6499e-01 -1.0500e-01 -8.2087e-02 8.8693e-02 1.6380e-01 1.4116e-01 -1.0361e-01 9.7672e-02 9.4039e-02 6.8739e-02 2.3478e-01 1.3166e-01 1.4828e-01 2.2655e-01 5.8203e-02 1.9187e-01 9.5636e-02 7.2265e-02 3.2506e-02 1.5626e-01 4.0675e-02 -1.6115e-02 -1.6441e-01 2.6621e-01 -4.0951e-03 6.4236e-02 8.7815e-02 5.5630e-02 5.5630e-02 6.3281e-02 2.3787e-03 2.3787e-03 1.6131e-01 1.1914e-01 -4.0427e-02 4.1871e-02 5.2882e-02 5.8507e-02 1.2201e-01 -5.1987e-02 9.1726e-02 8.8056e-02 1.0396e-03 7.2162e-02 5.3089e-02 6.9937e-02 5.5456e-02 2.9134e-02 -1.2534e-02 1.3285e-01 2.1156e-01 -3.9880e-02 -8.0508e-02 -6.5883e-03 2.7814e-03 1.2246e-01 -2.4275e-02 -6.7184e-02 -5.1587e-03 3.0510e-02 7.7209e-02 -5.1587e-03 1.4012e-01 -7.9342e-02 5.1999e-02 5.0413e-02 4.1752e-02 9.9776e-03 1.4306e-01 1.1273e-01 1.1004e-01 -1.3293e-02 1.1406e-01 1.0693e-01 7.7661e-02 8.5951e-02 5.9196e-02 5.7677e-02 2.0305e-02 -2.1066e-02 -9.4634e-03 -5.8049e-02 -3.0209e-02 1.5241e-02 2.9008e-02 7.1517e-02 3.8042e-02 1.1542e-01 -5.3435e-03 -7.0987e-02 -2.3708e-02 1.1081e-01 2.2432e-02 -2.3278e-02 -2.1723e-02 -3.4320e-03 -3.6986e-02 -4.1346e-02 1.9076e-02
-6.4344e-02 -2.2654e-02 -2.2654e-02 -3.5668e-02 -5.4692e-02 -7.4314e-02 -1.0430e-01 1.9104e-01 -4.3765e-02 -2.7839e-02 -3.1258e-02 -4.5278e-02 9.4039e-02 1.0000e+00 -3.2335e-02 1.4833e-01 1.4239e-01 1.4268e-01 1.4268e-01 -1.4616e-02 -4.0418e-02 -3.5916e-02 -2.8136e-02 -8.2553e-02 -5.9559e-02 -5.6067e-02 8.6736e-02 4.6342e-02 3.2532e-01 -2.5035e-02 4.4641e-03 -2.7539e-02 5.1141e-03 -9.7693e-03 4.5918e-02 -4.5278e-02 2.8720e-02 -2.0431e-02 -3.8092e-02 1.4715e-01 -1.2936e-02 -2.6623e-02 9.4642e-02 -5.0081e-02 4.2940e-01 4.2940e-01 -3.3386e-02 2.6936e-01 -7.9437e-02 5.0488e-02 -1.1251e-01 7.4748e-01 -1.4616e-02 -7.6594e-02 -3.3645e-02 -2.6623e-02 1.9740e-01 -1.3477e-02 -9.8882e-03 4.9914e-02 -5.5375e-02 -4.4803e-02 -2.1196e-02 -1.4077e-02 -9.8267e-03 -6.1647e-02 -4.1326e-02 -3.7135e-02 -2.0431e-02 -5.1501e-02 -9.2387e-02 -3.6650e-02 -2.1570e-02 -1.5136e-02 -4.4463e-02 2.8661e-02 -2.9870e-02 -3.4159e-02 -8.9267e-02 9.9996e-03 -1.4836e-02 -2.6623e-02 -3.8176e-02 -2.6312e-02 -4.3982e-02 -4.1551e-02 -6.2625e-03 -2.5997e-02 1.8107e-02 6.8268e-02 -1.5641e-02 -4.9405e-02 -1.4616e-02 -1.4616e-02 -3.3645e-02 9.2348e-02 9.2348e-02 -6.2811e-02 -6.7546e-02 5.7605e-02 2.0574e-02 -9.8882e-03 -9.5065e-03 1.6620e-02 -3.2863e-02 -1.2596e-02 2.8163e-02 -1.8043e-02 3.8011e-03 -3.2070e-02 2.8159e-03 -1.9241e-02 -2.0817e-02 -5.4950e-02 3.6541e-02 -4.1562e-03 9.0297e-03 6.3112e-02 6.0269e-02 -2.7136e-02 -4.0847e-02 -2.8136e-02 -3.4454e-02 -4.1100e-02 -2.8534e-02 4.6307e-02 -4.1100e-02 -5.5125e-02 -5.0488e-02 -5.4446e-02 -5.4169e-02 -3.4667e-02 5.1095e-02 -3.0649e-02 -1.9134e-02 -1.9410e-02 -2.0431e-02 -9.0007e-03 -3.2017e-03 -2.3358e-02 -2.3010e-02 -6.5777e-03 -6.3323e-03 -1.7522e-02 -9.5298e-03 -8.2812e-03 3.2446e-02 -2.3701e-02 -1.7070e-02 5.6338e-02 -2.1003e-02 5.5400e-02 4.4547e-03 -2.0039e-02 -7.5082e-02 -2.5035e-02 -2.4707e-02 -2.6312e-02 -5.2906e-02 -4.7885e-02 -2.8908e-02 -5.3801e-02 -3.7230e-02 -3.7467e-02
2.8872e-01 -1.6145e-02 -1.6145e-02 -7.6197e-02 3.7336e-01 -1.4468e-01 -2.0383e-01 3.7567e-01 -8.0687e-02 -5.9471e-02 -6.6775e-02 -9.6724e-02 2.0089e-01 -3.2335e-02 1.0000e+00 -2.1799e-01 -2.1891e-01 -2.1845e-01 -2.1845e-01 -3.1223e-02 -8.6344e-02 -7.6725e-02 -6.0106e-02 3.2552e-01 4.1919e-01 -5.5483e-02 1.8529e-01 9.8999e-02 -7.7774e-02 -5.3481e-02 -5.2828e-02 -5.8830e-02 -5.1699e-02 -7.8207e-02 9.8092e-02 -9.6724e-02 -9.8546e-02 -1.8628e-02 -5.2750e-02 -1.5047e-01 -2.7634e-02 -5.6873e-02 1.8545e-01 -9.5406e-02 -5.9471e-02 -5.9471e-02 -7.1321e-02 -5.4461e-02 2.9170e-01 1.0786e-01 1.8063e-01 -3.4458e-02 -3.1223e-02 -1.4560e-01 -5.5983e-02 7.0598e-01 -5.6167e-02 -9.9741e-02 -9.4099e-02 1.6427e-01 -9.3876e-02 2.8377e-01 -4.5281e-02 -3.0072e-02 -3.9882e-02 2.2879e-01 -2.1305e-02 -7.9330e-02 -1.8628e-02 -7.8537e-03 -5.3433e-02 -6.3517e-02 -2.2307e-02 -3.2335e-02 1.4632e-01 5.8032e-02 -6.3811e-02 4.9172e-01 2.7545e-02 -1.1738e-01 3.6231e-01 5.6906e-01 2.4625e-01 -3.6437e-02 -6.8446e-02 -2.2075e-02 7.0831e-02 -3.5548e-02 5.5690e-02 1.4227e-02 -3.3412e-02 1.6681e-01 3.2938e-03 3.2938e-03 3.8897e-01 -2.5954e-02 -2.5954e-02 1.6534e-01 7.2818e-02 -5.4174e-02 -3.0206e-02 -1.1599e-01 9.6809e-02 -2.1742e-01 -3.7770e-02 -7.6913e-02 2.1489e-01 -8.9923e-02 9.4792e-02 -4.6590e-02 1.0074e-01 6.8266e-02 -1.9890e-02 1.1196e-01 -1.3188e-02 2.4035e-02 -6.6747e-02 -2.9875e-02 3.1003e-02 1.1088e-01 1.0847e-01 5.1525e-02 -4.2698e-02 -6.0892e-02 1.2514e-01 -4.6030e-02 -6.0892e-02 5.9189e-02 -6.1807e-02 3.3285e-02 3.3805e-02 -4.3080e-02 5.0999e-02 4.1757e-02 4.5314e-02 4.4792e-02 -1.8628e-02 6.6049e-02 8.0372e-02 -2.7833e-02 -2.6779e-02 -9.5810e-02 -9.5310e-02 7.8434e-02 8.4669e-02 -8.0500e-03 -1.3465e-01 -2.8865e-02 2.2942e-02 1.9595e-01 9.0760e-02 3.2938e-03 5.7007e-03 3.3639e-02 3.0560e-02 2.9291e-02 -1.0889e-02 3.1052e-03 -1.6059e-03 -1.9103e-02 4.6710e-02 1.6344e-02 -3.0824e-02 5.1891e-02
-2.2494e-01 -1.9709e-01 -1.9709e-01 1.3775e-01 -6.8964e-02 -7.9877e-02 1.6519e-01 -1.8919e-02 -2.7582e-01 -1.5009e-01 2.2156e-01 1.4413e-01 5.9623e-01 1.4833e-01 -2.1799e-01 1.0000e+00 3.1794e-01 3.1970e-01 3.1970e-01 1.4323e-01 3.5516e-01 -5.4122e-02 -1.8968e-01 -1.4817e-01 2.2261e-01 4.7440e-01 4.9452e-01 2.9402e-01 -1.2648e-01 2.0393e-01 -2.6632e-01 2.3192e-01 -2.6317e-01 -1.2801e-01 2.9103e-01 3.9379e-01 -2.8637e-01 1.0009e-01 3.3033e-01 -9.3238e-02 4.8960e-02 -1.5991e-01 1.7809e-03 -1.7542e-01 -2.7913e-02 -2.7913e-02 -1.8505e-01 1.8235e-01 -6.9413e-02 2.8853e-01 -1.4346e-01 9.5293e-02 3.9619e-02 1.5545e-01 2.0251e-01 -1.5991e-01 3.6887e-01 2.4105e-01 2.3637e-01 -9.7524e-02 -1.7326e-01 -1.4164e-01 1.9563e-01 -9.4900e-02 -1.1907e-02 -2.1307e-01 6.9897e-02 4.9473e-02 1.5016e-01 -4.0512e-02 1.2579e-01 1.9079e-02 1.6381e-01 1.4833e-01 1.0177e-01 2.8753e-01 -1.2196e-01 -1.8395e-02 1.0471e-01 2.9014e-02 9.7105e-02 -1.3055e-01 6.2003e-02 6.0019e-02 2.6510e-01 6.8189e-03 5.1955e-02 -7.5255e-02 1.9440e-01 -3.2113e-02 1.0477e-01 6.9370e-02 2.2350e-02 2.2350e-02 -9.1660e-02 6.2748e-02 6.2748e-02 1.4101e-01 -2.9121e-02 5.4126e-02 1.0666e-01 -8.6742e-02 -3.8198e-02 1.4151e-01 2.9970e-02 1.9027e-01 -1.7607e-01 9.2125e-02 -3.6708e-02 1.3787e-01 -3.5179e-02 5.7239e-02 7.2370e-03 1.4771e-02 1.7330e-01 1.4283e-01 -2.0910e-02 -4.3846e-02 -1.9855e-02 -3.5108e-02 1.9384e-01 -8.7290e-02 2.4391e-02 1.4026e-01 2.2179e-02 -1.1315e-01 1.4026e-01 7.5935e-02 -6.3093e-03 -4.2729e-02 -4.5170e-02 8.4009e-02 -1.9218e-02 6.1621e-02 1.7617e-02 2.0188e-02 -1.2567e-02 -4.4496e-02 -6.3713e-02 1.1851e-01 1.6952e-01 1.3154e-01 1.2916e-01 -8.9142e-02 -6.4246e-02 1.4110e-02 -5.2926e-02 3.5724e-03 -1.1050e-02 -5.8919e-02 1.0269e-01 2.2350e-02 5.6758e-02 5.1453e-03 -6.4885e-02 -1.3481e-02 1.5830e-01 2.0452e-02 -3.8942e-02 -5.5482e-02 -3.0490e-02 -8.7673e-02 -7.5182e-02 6.2262e-03
-1.1970e-01 -5.4924e-02 -5.4924e-02 1.4020e-01 -6.4712e-02 3.2726e-01 2.4052e-01 -6.4426e-02 3.3535e-01 -1.7684e-01 2.6038e-01 7.8780e-02 6.2294e-01 1.4239e-01 -2.1891e-01 3.1794e-01 1.0000e+00 9.9797e-01 9.9797e-01 1.3749e-01 3.7345e-01 3.3787e-01 -1.9760e-01 -4.0983e-01 -6.9884e-02 3.8900e-01 5.8725e-02 2.7672e-01 2.1695e-01 4.0132e-02 -3.2505e-01 2.3079e-01 -3.2197e-01 -1.8258e-01 2.7341e-01 4.0114e-01 -3.0563e-01 1.1761e-01 -2.6040e-01 4.9443e-01 1.2169e-01 -1.6753e-01 3.3204e-01 4.1934e-01 1.6854e-01 1.6854e-01 -5.9568e-02 6.4694e-02 -1.4781e-01 1.7722e-01 -1.7088e-01 1.0497e-01 3.4578e-02 5.9963e-01 2.1385e-01 -1.6753e-01 9.3212e-02 -1.7045e-01 -2.1269e-01 3.8635e-01 2.7247e-01 4.7889e-02 -1.3685e-01 -2.7695e-02 1.7817e-02 1.9846e-01 -1.2381e-01 -8.6469e-02 1.6734e-01 2.5320e-01 -3.7508e-03 2.1666e-02 1.4385e-01 1.2581e-01 -2.0582e-01 1.3619e-01 2.1089e-01 -2.9429e-02 1.4503e-01 1.1277e-01 -8.8789e-02 -1.3837e-01 -1.1721e-01 5.1020e-02 -1.5041e-01 1.1913e-01 -6.3674e-02 -1.2297e-01 1.5675e-01 1.0783e-01 9.8953e-02 -2.0375e-01 1.7426e-02 1.7426e-02 -9.4137e-02 4.8117e-02 4.8117e-02 -1.0373e-01 -2.5039e-02 3.5316e-02 2.0531e-02 1.4633e-01 9.0243e-02 1.7009e-01 3.5152e-02 -1.0621e-01 5.2747e-02 1.4877e-01 8.4571e-02 -1.0073e-01 8.1644e-02 7.4737e-04 6.1465e-02 -1.1418e-02 -1.0917e-02 1.4460e-01 3.5624e-02 -5.1404e-02 1.3844e-02 -1.7038e-02 -3.9648e-02 -1.2683e-02 -4.0779e-02 -2.1201e-02 5.6938e-02 1.6362e-01 -2.1201e-02 7.6959e-02 -1.7038e-02 1.4214e-01 1.3971e-01 1.1061e-01 4.8260e-03 6.4517e-02 1.5532e-02 1.3712e-02 3.0576e-02 9.1688e-02 9.5577e-02 1.3202e-01 -6.1521e-02 2.2875e-02 2.0555e-02 2.0891e-02 -4.0830e-02 1.7287e-03 1.2818e-02 -1.5011e-02 -1.7901e-03 -2.5094e-02 -3.9662e-02 1.7426e-02 8.4377e-02 -1.4098e-02 -2.1192e-02 -3.1852e-02 -5.9019e-02 -7.9304e-03 -5.9439e-04 3.2604e-02 -9.6064e-03 2.1740e-02 3.5915e-02 -3.3659e-02
-1.1839e-01 -5.4170e-02 -5.4170e-02 1.4082e-01 -6.3837e-02 3.2885e-01 2.4283e-01 -6.3372e-02 3.3616e-01 -1.8577e-01 2.6096e-01 7.9543e-02 6.2576e-01 1.4268e-01 -2.1845e-01 3.1970e-01 9.9797e-01 1.0000e+00 1.0000e+00 1.3777e-01 3.7423e-01 3.3856e-01 -1.9720e-01 -4.1245e-01 -7.4056e-02 3.9003e-01 5.7325e-02 2.7605e-01 2.1761e-01 4.0552e-02 -3.2419e-01 2.3131e-01 -3.2111e-01 -1.8153e-01 2.7274e-01 4.0200e-01 -3.0497e-01 1.1798e-01 -2.6697e-01 4.9580e-01 1.2194e-01 -1.6714e-01 3.3059e-01 4.2028e-01 1.6905e-01 1.6905e-01 -5.9041e-02 5.9035e-02 -1.5096e-01 1.7645e-01 -1.7244e-01 1.0527e-01 3.4827e-02 6.0106e-01 2.1446e-01 -1.6714e-01 9.4098e-02 -1.7487e-01 -2.1731e-01 3.8937e-01 2.7376e-01 4.8960e-02 -1.3654e-01 -2.7473e-02 1.8453e-02 1.9981e-01 -1.2317e-01 -8.5888e-02 1.6772e-01 2.5412e-01 -1.9726e-03 1.4925e-02 1.4424e-01 1.2610e-01 -2.0811e-01 1.3512e-01 2.1144e-01 -3.6677e-02 1.4876e-01 1.1410e-01 -8.8133e-02 -1.3797e-01 -1.2142e-01 5.1465e-02 -1.4973e-01 1.1985e-01 -6.3098e-02 -1.3252e-01 1.5608e-01 1.0912e-01 9.9238e-02 -2.0269e-01 1.7669e-02 1.7669e-02 -9.3615e-02 4.9675e-02 4.9675e-02 -1.0770e-01 -2.7495e-02 3.5741e-02 2.1541e-02 1.4726e-01 9.2592e-02 1.6918e-01 3.5699e-02 -1.1065e-01 5.3701e-02 1.4696e-01 8.6419e-02 -1.0428e-01 8.3506e-02 1.9681e-03 6.1823e-02 -9.7098e-03 -1.4239e-02 1.4389e-01 3.6342e-02 -5.1026e-02 1.4252e-02 -1.6218e-02 -3.7371e-02 -1.2227e-02 -3.9613e-02 -2.0536e-02 5.5008e-02 1.6447e-01 -2.0536e-02 7.5928e-02 -1.6218e-02 1.4473e-01 1.4229e-01 1.1121e-01 5.4380e-03 6.7702e-02 1.8419e-02 1.6605e-02 3.0919e-02 9.3031e-02 9.6854e-02 1.3244e-01 -6.1164e-02 2.4615e-02 2.2291e-02 2.1183e-02 -4.0687e-02 2.3438e-03 1.1195e-02 -1.4628e-02 -1.5118e-03 -2.4519e-02 -4.2927e-02 1.7669e-02 8.3571e-02 -1.3775e-02 -1.9972e-02 -3.1452e-02 -5.8632e-02 -7.5029e-03 2.6976e-04 2.8943e-02 -8.5027e-03 1.9363e-02 3.1692e-02 -3.2712e-02
-1.1839e-01 -5.4170e-02 -5.4170e-02 1.4082e-01 -6.3837e-02 3.2885e-01 2.4283e-01 -6.3372e-02 3.3616e-01 -1.8577e-01 2.6096e-01 7.9543e-02 6.2576e-01 1.4268e-01 -2.1845e-01 3.1970e-01 9.9797e-01 1.0000e+00 1.0000e+00 1.3777e-01 3.7423e-01 3.3856e-01 -1.9720e-01 -4.1245e-01 -7.4056e-02 3.9003e-01 5.7325e-02 2.7605e-01 2.1761e-01 4.0552e-02 -3.2419e-01 2.3131e-01 -3.2111e-01 -1.8153e-01 2.7274e-01 4.0200e-01 -3.0497e-01 1.1798e-01 -2.6697e-01 4.9580e-01 1.2194e-01 -1.6714e-01 3.3059e-01 4.2028e-01 1.6905e-01 1.6905e-01 -5.9041e-02 5.9035e-02 -1.5096e-01 1.7645e-01 -1.7244e-01 1.0527e-01 3.4827e-02 6.0106e-01 2.1446e-01 -1.6714e-01 9.4098e-02 -1.7487e-01 -2.1731e-01 3.8937e-01 2.7376e-01 4.8960e-02 -1.3654e-01 -2.7473e-02 1.8453e-02 1.9981e-01 -1.2317e-01 -8.5888e-02 1.6772e-01 2.5412e-01 -1.9726e-03 1.4925e-02 1.4424e-01 1.2610e-01 -2.0811e-01 1.3512e-01 2.1144e-01 -3.6677e-02 1.4876e-01 1.1410e-01 -8.8133e-02 -1.3797e-01 -1.2142e-01 5.1465e-02 -1.4973e-01 1.1985e-01 -6.3098e-02 -1.3252e-01 1.5608e-01 1.0912e-01 9.9238e-02 -2.0269e-01 1.7669e-02 1.7669e-02 -9.3615e-02 4.9675e-02 4.9675e-02 -1.0770e-01 -2.7495e-02 3.5741e-02 2.1541e-02 1.4726e-01 9.2592e-02 1.6918e-01 3.5699e-02 -1.1065e-01 5.3701e-02 1.4696e-01 8.6419e-02 -1.0428e-01 8.3506e-02 1.9681e-03 6.1823e-02 -9.7098e-03 -1.4239e-02 1.4389e-01 3.6342e-02 -5.1026e-02 1.4252e-02 -1.6218e-02 -3.7371e-02 -1.2227e-02 -3.9613e-02 -2.0536e-02 5.5008e-02 1.6447e-01 -2.0536e-02 7.5928e-02 -1.6218e-02 1.4473e-01 1.4229e-01 1.1121e-01 5.4380e-03 6.7702e-02 1.8419e-02 1.6605e-02 3.0919e-02 9.3031e-02 9.6854e-02 1.3244e-01 -6.1164e-02 2.4615e-02 2.2291e-02 2.1183e-02 -4.0687e-02 2.3438e-03 1.1195e-02 -1.4628e-02 -1.5118e-03 -2.4519e-02 -4.2927e-02 1.7669e-02 8.3571e-02 -1.3775e-02 -1.9972e-02 -3.1452e-02 -5.8632e-02 -7.5029e-03 2.6976e-04 2.8943e-02 -8.5027e-03 1.9363e-02 3.1692e-02 -3.2712e-02
1.2605e-02 -4.5562e-02 -4.5562e-02 -3.4441e-02 6.1491e-02 -3.5130e-02 -8.1362e-02 1.6132e-01 -4.2259e-02 -2.6881e-02 -3.0183e-02 8.6399e-03 9.0805e-02 -1.4616e-02 -3.1223e-02 1.4323e-01 1.3749e-01 1.3777e-01 1.3777e-01 1.0000e+00 3.6161e-01 -3.4680e-02 -2.7168e-02 -9.5917e-02 2.2376e-01 -9.1647e-03 8.3752e-02 4.4748e-02 -3.5154e-02 6.2680e-02 -5.6766e-02 -2.6592e-02 -5.6393e-02 -6.5587e-02 4.4338e-02 -4.3720e-02 -4.4544e-02 -1.9729e-02 -3.6781e-02 1.9564e-01 -1.2491e-02 -2.5707e-02 9.1387e-02 -4.8358e-02 -2.6881e-02 -2.6881e-02 -3.2238e-02 -4.2048e-02 -7.6705e-02 4.8752e-02 -1.2277e-01 -1.5575e-02 -1.4113e-02 1.5299e-01 3.6771e-01 -2.5707e-02 -5.0700e-02 -5.4705e-02 -5.2429e-02 -1.3567e-01 -3.2972e-02 -6.2485e-02 -2.0467e-02 -1.3593e-02 -3.7238e-02 -3.9683e-02 -3.9905e-02 -3.5858e-02 -1.9729e-02 -2.0839e-03 -7.0972e-02 -3.5390e-02 7.8947e-02 -1.4616e-02 -7.2521e-02 4.5108e-02 -2.8843e-02 2.9620e-01 6.4676e-02 1.6453e-01 -4.0339e-02 -2.5707e-02 1.6010e-01 -2.5407e-02 -4.2470e-02 -4.0122e-02 2.7218e-02 -2.5103e-02 4.2470e-02 1.3246e-01 5.2724e-02 -6.6315e-02 -1.4113e-02 -1.4113e-02 -3.2488e-02 -7.3625e-02 -7.3625e-02 -3.9698e-02 -6.2916e-02 -2.4487e-02 -3.8140e-02 -2.9457e-02 5.1409e-02 1.3140e-02 2.7457e-01 -3.1652e-02 -3.3318e-02 7.5648e-02 7.9837e-02 -2.8339e-02 7.8829e-02 6.1754e-02 3.1485e-02 7.0708e-02 -5.2804e-02 1.8436e-02 -1.4753e-02 -2.3214e-02 -2.3858e-02 -4.8752e-02 5.2977e-02 -2.7168e-02 1.2498e-01 2.1443e-01 8.1118e-02 -4.7368e-02 2.1443e-01 4.1671e-02 -2.4592e-02 -6.3038e-02 -6.2765e-02 3.1536e-02 -3.6090e-02 -9.3355e-02 -9.8063e-02 -9.8391e-02 -1.9729e-02 -5.9295e-02 -5.4843e-02 2.3751e-02 -2.2218e-02 8.6301e-02 8.6565e-02 -1.6919e-02 -9.2020e-03 -5.9731e-03 -7.7418e-02 -2.2886e-02 -1.6483e-02 -3.4441e-02 -1.6486e-02 -1.4113e-02 2.5121e-02 3.4128e-02 -1.5251e-02 -2.4174e-02 2.0100e-02 9.9069e-02 4.2440e-02 7.5974e-02 -2.5235e-02 3.1494e-03 3.1223e-02 -1.2863e-02
-8.8567e-02 -9.5919e-02 -9.5919e-02 3.9362e-01 -1.0575e-02 1.3391e-01 7.1782e-02 2.2303e-03 -8.5016e-02 -7.4338e-02 3.3792e-01 -8.9877e-02 2.0942e-01 -4.0418e-02 -8.6344e-02 3.5516e-01 3.7345e-01 3.7423e-01 3.7423e-01 3.6161e-01 1.0000e+00 -4.6057e-02 -7.5132e-02 -2.3782e-01 -5.1830e-03 5.6098e-01 1.9602e-01 1.1359e-01 -3.5614e-02 1.7736e-03 -1.5698e-01 -7.3537e-02 -1.5595e-01 -1.8137e-01 1.1238e-01 6.0309e-01 -1.2318e-01 2.8413e-02 -1.0172e-01 -6.3471e-02 3.2005e-01 -5.4874e-02 2.3885e-01 -9.5331e-02 -5.8765e-02 -5.8765e-02 -6.2624e-02 -1.1628e-01 -8.7063e-02 1.1573e-01 -2.9763e-01 -1.7063e-02 -3.9028e-02 3.5585e-01 6.8259e-02 -5.4874e-02 4.0764e-01 -5.4222e-02 -1.4499e-01 1.2660e-01 -1.6710e-01 -1.0062e-02 -5.6601e-02 -3.7590e-02 9.6696e-02 -1.7588e-01 -8.8141e-02 -8.7044e-02 -5.4558e-02 -9.9878e-02 -1.7601e-01 -4.8861e-02 1.5281e-03 -1.2758e-02 -1.6683e-01 1.5653e-01 -7.9763e-02 5.1838e-02 3.5168e-02 -1.4903e-02 -1.2456e-02 -5.4874e-02 8.2290e-02 -4.6927e-03 -7.5144e-02 2.3185e-01 2.5988e-02 -1.9703e-02 7.5144e-02 2.4079e-02 1.4580e-01 -1.0462e-01 1.8206e-02 1.8206e-02 -2.3967e-02 7.4013e-02 7.4013e-02 -1.0450e-02 -8.5126e-02 1.7056e-02 1.2928e-01 2.1651e-04 6.0875e-02 6.2190e-02 7.3589e-02 -4.3112e-02 -6.5900e-02 1.6212e-01 7.9313e-02 -3.1635e-02 7.6631e-02 8.0101e-02 -1.4829e-02 8.6880e-02 -9.8513e-03 7.1449e-02 -8.7001e-03 -1.0764e-02 3.4870e-03 8.4706e-02 9.9175e-02 -7.5132e-02 -7.9617e-03 5.7570e-02 1.3041e-01 -6.2785e-02 5.7570e-02 4.1886e-02 -1.0740e-02 2.5493e-02 1.9265e-02 2.1563e-01 -2.7485e-02 8.5427e-03 -1.1398e-01 -1.1476e-01 7.6703e-03 -3.2324e-02 -2.4507e-02 3.0350e-01 3.1312e-02 9.6312e-02 9.7002e-02 -4.6789e-02 -2.5448e-02 7.4606e-03 -8.3835e-02 8.8979e-03 3.6720e-03 -5.7641e-02 -6.1104e-04 1.8206e-02 6.9471e-02 -1.1257e-02 3.3213e-02 -1.5383e-02 -3.1245e-02 1.1699e-02 1.5756e-02 1.9097e-02 -2.2179e-02 -4.8956e-03 1.7117e-02 -9.6654e-03
