1.0000e+00 9.9404e-01 1.3416e-01 1.0771e-01 7.4371e-03 1.9958e-03 2.1317e-02 -6.6469e-03 2.9389e-02 1.0961e-02 -1.8510e-02 -1.4894e-02 4.1984e-02 6.6387e-03 -1.4979e-02 2.3495e-02 -1.5131e-02 -1.4798e-03 4.6514e-03 -2.5965e-03 3.1170e-02 1.8128e-02 3.3437e-03 3.3136e-02 3.3136e-02
9.9404e-01 1.0000e+00 1.3445e-01 1.0529e-01 7.6645e-03 7.7105e-03 2.1494e-02 -1.0200e-03 3.9860e-02 1.1127e-02 -1.2418e-02 -1.4582e-02 3.8203e-02 1.2630e-02 -1.4838e-02 2.4133e-02 -1.5820e-02 -7.3092e-04 5.3933e-03 -1.4105e-03 3.1232e-02 1.8432e-02 3.9592e-03 3.3599e-02 3.3599e-02
1.3416e-01 1.3445e-01 1.0000e+00 1.8177e-01 4.3070e-02 8.0144e-02 -1.3387e-02 -2.3899e-02 -4.5790e-02 -1.2516e-02 -5.2890e-02 2.1162e-02 3.8372e-03 -3.9532e-02 -1.0568e-02 -1.2999e-03 2.9899e-02 -1.5115e-02 -1.4313e-02 -1.1947e-02 -4.7166e-03 -2.2872e-02 2.5874e-02 -4.2111e-03 -4.2111e-03
1.0771e-01 1.0529e-01 1.8177e-01 1.0000e+00 4.9396e-02 1.6638e-01 4.0407e-02 1.5875e-01 -3.1785e-02 5.3012e-02 4.2779e-02 -9.1064e-03 9.9333e-03 4.3373e-02 -5.1550e-04 7.4043e-03 -8.1246e-02 6.4816e-02 7.0258e-02 -1.1719e-02 3.8347e-02 -3.8268e-03 1.1822e-01 5.5035e-02 5.5035e-02
7.4371e-03 7.6645e-03 4.3070e-02 4.9396e-02 1.0000e+00 4.5914e-02 -1.0244e-02 6.3971e-02 2.1723e-02 -9.5777e-03 -5.3954e-02 3.9788e-02 -1.7456e-02 -3.4283e-02 -8.0866e-03 -3.6734e-02 -1.0248e-01 6.3627e-02 6.4764e-02 -4.8244e-02 -3.6092e-03 -1.7502e-02 -3.5426e-02 9.2548e-02 9.2548e-02
1.9958e-03 7.7105e-03 8.0144e-02 1.6638e-01 4.5914e-02 1.0000e+00 1.0576e-01 8.6045e-01 -1.1426e-01 -4.6618e-02 2.4348e-01 -1.3471e-02 -2.0066e-01 2.0193e-01 -3.1170e-02 -7.0950e-02 2.6628e-02 3.5521e-02 2.8600e-02 -6.0563e-02 -2.6705e-02 -2.1610e-02 3.7530e-02 7.5477e-02 7.5477e-02
2.1317e-02 2.1494e-02 -1.3387e-02 4.0407e-02 -1.0244e-02 1.0576e-01 1.0000e+00 -6.5541e-02 1.6998e-02 -7.4946e-03 -4.2219e-02 -1.3997e-02 -4.7092e-02 -4.4181e-02 -6.3277e-03 -2.8744e-02 -4.1255e-02 3.4129e-02 3.4910e-02 -5.3405e-02 -2.8242e-03 -1.3695e-02 5.1503e-02 -2.0903e-02 -2.0903e-02
-6.6469e-03 -1.0200e-03 -2.3899e-02 1.5875e-01 6.3971e-02 8.6045e-01 -6.5541e-02 1.0000e+00 -1.4554e-01 -3.6188e-02 3.1978e-01 -5.1080e-03 -1.4711e-01 2.5366e-01 -2.2080e-02 -6.3039e-02 5.1754e-02 4.0379e-02 4.5102e-02 -2.8970e-02 -2.3091e-02 -1.4300e-02 9.5684e-03 8.3431e-02 8.3431e-02
2.9389e-02 3.9860e-02 -4.5790e-02 -3.1785e-02 2.1723e-02 -1.1426e-01 1.6998e-02 -1.4554e-01 1.0000e+00 1.5892e-02 6.1403e-02 2.9681e-02 -1.6347e-01 1.1672e-02 -6.3717e-02 2.3677e-02 7.4341e-02 -9.2927e-02 -9.4726e-02 -3.4709e-02 5.9888e-03 2.9041e-02 -7.5615e-02 1.9825e-02 1.9825e-02
1.0961e-02 1.1127e-02 -1.2516e-02 5.3012e-02 -9.5777e-03 -4.6618e-02 -7.4946e-03 -3.6188e-02 1.5892e-02 1.0000e+00 1.7752e-01 -1.3086e-02 -4.4028e-02 1.6963e-01 -5.9161e-03 -2.6874e-02 2.9030e-02 -3.1531e-02 -3.1242e-02 -2.2750e-02 -2.6405e-03 -1.2804e-02 -2.5917e-02 -1.9543e-02 -1.9543e-02
-1.8510e-02 -1.2418e-02 -5.2890e-02 4.2779e-02 -5.3954e-02 2.4348e-01 -4.2219e-02 3.1978e-01 6.1403e-02 1.7752e-01 1.0000e+00 -7.3718e-02 -1.7297e-01 7.7377e-01 3.3145e-03 -2.7440e-02 5.3782e-03 8.7968e-02 9.1441e-02 -2.9424e-02 -1.4875e-02 6.5789e-02 -7.2527e-05 2.9571e-02 2.9571e-02
-1.4894e-02 -1.4582e-02 2.1162e-02 -9.1064e-03 3.9788e-02 -1.3471e-02 -1.3997e-02 -5.1080e-03 2.9681e-02 -1.3086e-02 -7.3718e-02 1.0000e+00 -8.2227e-02 -6.0731e-02 -1.1049e-02 -5.0190e-02 3.3174e-02 -3.9140e-02 -3.8463e-02 -6.3639e-02 -4.9314e-03 6.3249e-02 -2.5347e-02 -7.0775e-03 -7.0775e-03
4.1984e-02 3.8203e-02 3.8372e-03 9.9333e-03 -1.7456e-02 -2.0066e-01 -4.7092e-02 -1.4711e-01 -1.6347e-01 -4.4028e-02 -1.7297e-01 -8.2227e-02 1.0000e+00 -2.4739e-01 -3.7173e-02 -1.9645e-02 -9.8176e-02 6.6743e-03 9.9128e-03 2.8951e-01 -1.6591e-02 3.2541e-02 -9.1339e-03 5.1563e-02 5.1563e-02
6.6387e-03 1.2630e-02 -3.9532e-02 4.3373e-02 -3.4283e-02 2.0193e-01 -4.4181e-02 2.5366e-01 1.1672e-02 1.6963e-01 7.7377e-01 -6.0731e-02 -2.4739e-01 1.0000e+00 -3.4876e-02 1.3705e-02 4.1665e-02 5.7118e-02 6.0510e-02 -2.6747e-02 -1.5566e-02 2.5072e-02 1.5670e-02 2.0559e-02 2.0559e-02
-1.4979e-02 -1.4838e-02 -1.0568e-02 -5.1550e-04 -8.0866e-03 -3.1170e-02 -6.3277e-03 -2.2080e-02 -6.3717e-02 -5.9161e-03 3.3145e-03 -1.1049e-02 -3.7173e-02 -3.4876e-02 1.0000e+00 2.5876e-02 -2.1151e-02 1.6229e-02 1.6770e-02 -1.0028e-02 -2.2294e-03 8.3760e-02 2.8148e-02 -1.6500e-02 -1.6500e-02
2.3495e-02 2.4133e-02 -1.2999e-03 7.4043e-03 -3.6734e-02 -7.0950e-02 -2.8744e-02 -6.3039e-02 2.3677e-02 -2.6874e-02 -2.7440e-02 -5.0190e-02 -1.9645e-02 1.3705e-02 2.5876e-02 1.0000e+00 1.1134e-01 -6.9162e-02 -6.7694e-02 3.2863e-01 -1.0127e-02 -2.6258e-02 -3.8957e-02 -2.8675e-02 -2.8675e-02
-1.5131e-02 -1.5820e-02 2.9899e-02 -8.1246e-02 -1.0248e-01 2.6628e-02 -4.1255e-02 5.1754e-02 7.4341e-02 2.9030e-02 5.3782e-03 3.3174e-02 -9.8176e-02 4.1665e-02 -2.1151e-02 1.1134e-01 1.0000e+00 -6.5785e-01 -6.6453e-01 1.9956e-01 1.0939e-02 -5.4371e-02 -4.0407e-01 -3.5062e-02 -3.5062e-02
-1.4798e-03 -7.3092e-04 -1.5115e-02 6.4816e-02 6.3627e-02 3.5521e-02 3.4129e-02 4.0379e-02 -9.2927e-02 -3.1531e-02 8.7968e-02 -3.9140e-02 6.6743e-03 5.7118e-02 1.6229e-02 -6.9162e-02 -6.5785e-01 1.0000e+00 9.9084e-01 -2.2468e-01 -1.1882e-02 8.3510e-02 5.3399e-01 7.5386e-02 7.5386e-02
4.6514e-03 5.3933e-03 -1.4313e-02 7.0258e-02 6.4764e-02 2.8600e-02 3.4910e-02 4.5102e-02 -9.4726e-02 -3.1242e-02 9.1441e-02 -3.8463e-02 9.9128e-03 6.0510e-02 1.6770e-02 -6.7694e-02 -6.6453e-01 9.9084e-01 1.0000e+00 -2.2262e-01 -1.1773e-02 8.5019e-02 5.1810e-01 7.7327e-02 7.7327e-02
-2.5965e-03 -1.4105e-03 -1.1947e-02 -1.1719e-02 -4.8244e-02 -6.0563e-02 -5.3405e-02 -2.8970e-02 -3.4709e-02 -2.2750e-02 -2.9424e-02 -6.3639e-02 2.8951e-01 -2.6747e-02 -1.0028e-02 3.2863e-01 1.9956e-01 -2.2468e-01 -2.2262e-01 1.0000e+00 -1.8816e-02 4.4809e-02 -1.2870e-01 2.4022e-02 2.4022e-02
3.1170e-02 3.1232e-02 -4.7166e-03 3.8347e-02 -3.6092e-03 -2.6705e-02 -2.8242e-03 -2.3091e-02 5.9888e-03 -2.6405e-03 -1.4875e-02 -4.9314e-03 -1.6591e-02 -1.5566e-02 -2.2294e-03 -1.0127e-02 1.0939e-02 -1.1882e-02 -1.1773e-02 -1.8816e-02 1.0000e+00 -4.8251e-03 -9.7665e-03 -7.3645e-03 -7.3645e-03
1.8128e-02 1.8432e-02 -2.2872e-02 -3.8268e-03 -1.7502e-02 -2.1610e-02 -1.3695e-02 -1.4300e-02 2.9041e-02 -1.2804e-02 6.5789e-02 6.3249e-02 3.2541e-02 2.5072e-02 8.3760e-02 -2.6258e-02 -5.4371e-02 8.3510e-02 8.5019e-02 4.4809e-02 -4.8251e-03 1.0000e+00 -4.7360e-02 2.4365e-02 2.4365e-02
3.3437e-03 3.9592e-03 2.5874e-02 1.1822e-01 -3.5426e-02 3.7530e-02 5.1503e-02 9.5684e-03 -7.5615e-02 -2.5917e-02 -7.2527e-05 -2.5347e-02 -9.1339e-03 1.5670e-02 2.8148e-02 -3.8957e-02 -4.0407e-01 5.3399e-01 5.1810e-01 -1.2870e-01 -9.7665e-03 -4.7360e-02 1.0000e+00 7.1716e-03 7.1716e-03
3.3136e-02 3.3599e-02 -4.2111e-03 5.5035e-02 9.2548e-02 7.5477e-02 -2.0903e-02 8.3431e-02 1.9825e-02 -1.9543e-02 2.9571e-02 -7.0775e-03 5.1563e-02 2.0559e-02 -1.6500e-02 -2.8675e-02 -3.5062e-02 7.5386e-02 7.7327e-02 2.4022e-02 -7.3645e-03 2.4365e-02 7.1716e-03 1.0000e+00 1.0000e+00
3.3136e-02 3.3599e-02 -4.2111e-03 5.5035e-02 9.2548e-02 7.5477e-02 -2.0903e-02 8.3431e-02 1.9825e-02 -1.9543e-02 2.9571e-02 -7.0775e-03 5.1563e-02 2.0559e-02 -1.6500e-02 -2.8675e-02 -3.5062e-02 7.5386e-02 7.7327e-02 2.4022e-02 -7.3645e-03 2.4365e-02 7.1716e-03 1.0000e+00 1.0000e+00
