1.0000e+00 1.0000e+00 -2.8062e-02 1.6095e-01 -9.3666e-02 -2.1985e-02 2.0120e-01 5.8220e-02 -3.6996e-02 -9.6764e-02 2.2611e-02 -8.6185e-02 -8.4992e-02 -3.4835e-02 -9.7434e-02 -7.7508e-02 -1.2874e-01 5.5949e-02 -2.3780e-02 -1.0788e-01 1.7933e-02 -2.1643e-02 -1.6788e-02 -2.9943e-02 -1.8490e-03 -1.1749e-02 -1.1749e-02
1.0000e+00 1.0000e+00 -2.8062e-02 1.6095e-01 -9.3666e-02 -2.1985e-02 2.0120e-01 5.8220e-02 -3.6996e-02 -9.6764e-02 2.2611e-02 -8.6185e-02 -8.4992e-02 -3.4835e-02 -9.7434e-02 -7.7508e-02 -1.2874e-01 5.5949e-02 -2.3780e-02 -1.0788e-01 1.7933e-02 -2.1643e-02 -1.6788e-02 -2.9943e-02 -1.8490e-03 -1.1749e-02 -1.1749e-02
-2.8062e-02 -2.8062e-02 1.0000e+00 1.7024e-01 1.3463e-01 -2.3255e-02 -2.4537e-02 -9.3333e-02 -3.2549e-03 -1.6178e-02 -1.0245e-01 -8.4668e-02 -1.1963e-01 -3.6846e-02 -1.1932e-01 -9.8855e-02 -7.1360e-02 -1.5425e-02 -4.7244e-02 -7.5484e-02 -7.9178e-03 -1.5008e-02 7.6797e-02 -1.3440e-02 4.4350e-02 6.2749e-02 6.2749e-02
1.6095e-01 1.6095e-01 1.7024e-01 1.0000e+00 3.9148e-02 1.3338e-01 1.2544e-02 9.2016e-02 2.7675e-02 1.2431e-01 2.4641e-02 -3.9837e-03 -1.1976e-02 -2.5512e-03 -9.9350e-03 -4.0037e-02 3.5995e-02 -1.0681e-03 1.4927e-03 -2.2541e-02 1.1022e-02 9.4356e-02 4.5767e-02 -7.2760e-02 -1.3650e-02 -3.3978e-02 -3.3978e-02
-9.3666e-02 -9.3666e-02 1.3463e-01 3.9148e-02 1.0000e+00 2.3472e-01 -1.5987e-02 -2.0941e-01 6.3861e-02 -2.5598e-02 1.0465e-01 9.5120e-02 9.5228e-02 2.3233e-02 8.7071e-02 9.1039e-02 9.0647e-02 -5.1486e-02 -2.3017e-02 4.8682e-02 -1.8323e-02 -1.6660e-02 1.0324e-02 1.0947e-03 -2.6542e-02 5.7126e-02 5.7126e-02
-2.1985e-02 -2.1985e-02 -2.3255e-02 1.3338e-01 2.3472e-01 1.0000e+00 3.4496e-02 6.1941e-02 -4.7293e-02 6.4024e-02 5.3412e-02 5.3865e-02 5.5034e-02 4.4466e-02 5.5327e-02 4.5287e-02 2.9661e-02 -1.2085e-02 -5.7650e-03 1.9857e-02 -3.0005e-03 4.8138e-03 -3.5182e-02 -4.2823e-02 -2.1921e-02 5.6105e-02 5.6105e-02
2.0120e-01 2.0120e-01 -2.4537e-02 1.2544e-02 -1.5987e-02 3.4496e-02 1.0000e+00 6.5357e-02 -4.2644e-03 8.5996e-02 -4.8283e-02 -3.3106e-02 -3.2002e-02 7.4001e-02 -3.1726e-02 -5.7372e-02 5.4066e-02 -1.2751e-02 1.0650e-02 1.6118e-02 5.8084e-02 -3.7827e-02 2.1230e-02 5.3633e-02 -1.1943e-02 7.6046e-04 7.6046e-04
5.8220e-02 5.8220e-02 -9.3333e-02 9.2016e-02 -2.0941e-01 6.1941e-02 6.5357e-02 1.0000e+00 -9.1296e-02 2.9100e-01 1.1073e-02 1.8842e-02 4.4987e-03 3.4031e-02 1.4238e-02 -2.9502e-02 2.5219e-02 1.1563e-02 3.1043e-02 1.0819e-02 1.3810e-02 2.1697e-02 1.4311e-03 -2.7256e-02 -1.0952e-02 -1.5656e-02 -1.5656e-02
-3.6996e-02 -3.6996e-02 -3.2549e-03 2.7675e-02 6.3861e-02 -4.7293e-02 -4.2644e-03 -9.1296e-02 1.0000e+00 2.4868e-01 4.7166e-02 2.6095e-03 5.4452e-03 1.1197e-01 6.1555e-03 -2.3552e-02 2.8258e-02 -3.1371e-02 7.9129e-02 -2.1977e-02 1.4783e-01 7.9669e-02 -3.9126e-02 1.3195e-01 -7.4419e-02 4.4646e-02 4.4646e-02
-9.6764e-02 -9.6764e-02 -1.6178e-02 1.2431e-01 -2.5598e-02 6.4024e-02 8.5996e-02 2.9100e-01 2.4868e-01 1.0000e+00 4.8662e-04 1.5779e-02 1.0065e-02 4.8808e-02 1.2917e-02 -3.5980e-02 -2.7754e-03 -3.1301e-02 1.2222e-01 -2.8993e-03 7.7368e-02 1.0389e-01 -6.5240e-02 3.5210e-02 -6.7531e-02 4.3583e-02 4.3583e-02
2.2611e-02 2.2611e-02 -1.0245e-01 2.4641e-02 1.0465e-01 5.3412e-02 -4.8283e-02 1.1073e-02 4.7166e-02 4.8662e-04 1.0000e+00 8.8284e-01 8.6337e-01 2.2748e-01 8.4533e-01 7.3984e-01 4.9364e-01 -8.4174e-02 -3.3770e-01 2.3702e-01 -5.1377e-03 -1.3776e-01 -2.0425e-01 1.9590e-02 -2.9086e-02 2.3744e-02 2.3744e-02
-8.6185e-02 -8.6185e-02 -8.4668e-02 -3.9837e-03 9.5120e-02 5.3865e-02 -3.3106e-02 1.8842e-02 2.6095e-03 1.5779e-02 8.8284e-01 1.0000e+00 9.7952e-01 2.5417e-01 9.5697e-01 8.3780e-01 6.4872e-01 -7.5334e-02 -3.0010e-01 3.8268e-01 -8.2913e-03 -8.2727e-02 -1.8625e-01 1.3054e-02 -5.8939e-03 -7.0232e-03 -7.0232e-03
-8.4992e-02 -8.4992e-02 -1.1963e-01 -1.1976e-02 9.5228e-02 5.5034e-02 -3.2002e-02 4.4987e-03 5.4452e-03 1.0065e-02 8.6337e-01 9.7952e-01 1.0000e+00 2.5627e-01 9.7740e-01 8.5761e-01 6.5572e-01 -7.4718e-02 -3.1579e-01 3.9302e-01 -5.3426e-03 -9.3649e-02 -1.7613e-01 1.5637e-02 -1.4152e-03 -1.7931e-02 -1.7931e-02
-3.4835e-02 -3.4835e-02 -3.6846e-02 -2.5512e-03 2.3233e-02 4.4466e-02 7.4001e-02 3.4031e-02 1.1197e-01 4.8808e-02 2.2748e-01 2.5417e-01 2.5627e-01 1.0000e+00 2.5679e-01 -1.5383e-01 1.6910e-01 -1.9148e-02 -8.0925e-02 -2.4902e-01 4.9358e-01 -6.1595e-02 -1.5916e-02 6.7047e-02 3.0171e-02 -5.4339e-02 -5.4339e-02
-9.7434e-02 -9.7434e-02 -1.1932e-01 -9.9350e-03 8.7071e-02 5.5327e-02 -3.1726e-02 1.4238e-02 6.1555e-03 1.2917e-02 8.4533e-01 9.5697e-01 9.7740e-01 2.5679e-01 1.0000e+00 8.4232e-01 6.5851e-01 -7.4565e-02 -3.1514e-01 3.7914e-01 -1.0863e-02 -7.7700e-02 -1.7567e-01 1.6284e-02 -2.9357e-04 -2.4056e-02 -2.4056e-02
-7.7508e-02 -7.7508e-02 -9.8855e-02 -4.0037e-02 9.1039e-02 4.5287e-02 -5.7372e-02 -2.9502e-02 -2.3552e-02 -3.5980e-02 7.3984e-01 8.3780e-01 8.5761e-01 -1.5383e-01 8.4232e-01 1.0000e+00 5.6872e-01 -6.4398e-02 -2.7217e-01 5.8557e-01 -2.1800e-01 -1.6157e-01 -1.6170e-01 4.5992e-03 5.8993e-03 1.5809e-02 1.5809e-02
-1.2874e-01 -1.2874e-01 -7.1360e-02 3.5995e-02 9.0647e-02 2.9661e-02 5.4066e-02 2.5219e-02 2.8258e-02 -2.7754e-03 4.9364e-01 6.4872e-01 6.5572e-01 1.6910e-01 6.5851e-01 5.6872e-01 1.0000e+00 -1.1323e-01 1.4488e-01 7.1175e-01 -8.3647e-02 1.7126e-02 1.2239e-01 -4.3120e-03 2.0086e-02 -1.3139e-02 -1.3139e-02
5.5949e-02 5.5949e-02 -1.5425e-02 -1.0681e-03 -5.1486e-02 -1.2085e-02 -1.2751e-02 1.1563e-02 -3.1371e-02 -3.1301e-02 -8.4174e-02 -7.5334e-02 -7.4718e-02 -1.9148e-02 -7.4565e-02 -6.4398e-02 -1.1323e-01 1.0000e+00 -3.3878e-02 -1.0839e-01 -3.2794e-02 -4.5848e-02 -2.3337e-02 -2.8405e-02 2.9413e-02 -2.9580e-02 -2.9580e-02
-2.3780e-02 -2.3780e-02 -4.7244e-02 1.4927e-03 -2.3017e-02 -5.7650e-03 1.0650e-02 3.1043e-02 7.9129e-02 1.2222e-01 -3.3770e-01 -3.0010e-01 -3.1579e-01 -8.0925e-02 -3.1514e-01 -2.7217e-01 1.4488e-01 -3.3878e-02 1.0000e+00 3.1255e-01 7.5279e-02 3.6881e-01 -6.1717e-02 -2.6284e-02 -2.6070e-02 6.0533e-03 6.0533e-03
-1.0788e-01 -1.0788e-01 -7.5484e-02 -2.2541e-02 4.8682e-02 1.9857e-02 1.6118e-02 1.0819e-02 -2.1977e-02 -2.8993e-03 2.3702e-01 3.8268e-01 3.9302e-01 -2.4902e-01 3.7914e-01 5.8557e-01 7.1175e-01 -1.0839e-01 3.1255e-01 1.0000e+00 -2.4284e-01 -1.1161e-02 1.7383e-01 9.2157e-03 2.9193e-02 2.1417e-02 2.1417e-02
1.7933e-02 1.7933e-02 -7.9178e-03 1.1022e-02 -1.8323e-02 -3.0005e-03 5.8084e-02 1.3810e-02 1.4783e-01 7.7368e-02 -5.1377e-03 -8.2913e-03 -5.3426e-03 4.9358e-01 -1.0863e-02 -2.1800e-01 -8.3647e-02 -3.2794e-02 7.5279e-02 -2.4284e-01 1.0000e+00 1.9936e-01 -7.0250e-02 6.5321e-02 7.0008e-03 -2.8011e-02 -2.8011e-02
-2.1643e-02 -2.1643e-02 -1.5008e-02 9.4356e-02 -1.6660e-02 4.8138e-03 -3.7827e-02 2.1697e-02 7.9669e-02 1.0389e-01 -1.3776e-01 -8.2727e-02 -9.3649e-02 -6.1595e-02 -7.7700e-02 -1.6157e-01 1.7126e-02 -4.5848e-02 3.6881e-01 -1.1161e-02 1.9936e-01 1.0000e+00 -1.3348e-01 -4.3464e-02 -1.8693e-02 -2.9346e-02 -2.9346e-02
-1.6788e-02 -1.6788e-02 7.6797e-02 4.5767e-02 1.0324e-02 -3.5182e-02 2.1230e-02 1.4311e-03 -3.9126e-02 -6.5240e-02 -2.0425e-01 -1.8625e-01 -1.7613e-01 -1.5916e-02 -1.7567e-01 -1.6170e-01 1.2239e-01 -2.3337e-02 -6.1717e-02 1.7383e-01 -7.0250e-02 -1.3348e-01 1.0000e+00 1.6208e-02 8.8531e-03 9.5955e-03 9.5955e-03
-2.9943e-02 -2.9943e-02 -1.3440e-02 -7.2760e-02 1.0947e-03 -4.2823e-02 5.3633e-02 -2.7256e-02 1.3195e-01 3.5210e-02 1.9590e-02 1.3054e-02 1.5637e-02 6.7047e-02 1.6284e-02 4.5992e-03 -4.3120e-03 -2.8405e-02 -2.6284e-02 9.2157e-03 6.5321e-02 -4.3464e-02 1.6208e-02 1.0000e+00 -1.1925e-01 1.0357e-01 1.0357e-01
-1.8490e-03 -1.8490e-03 4.4350e-02 -1.3650e-02 -2.6542e-02 -2.1921e-02 -1.1943e-02 -1.0952e-02 -7.4419e-02 -6.7531e-02 -2.9086e-02 -5.8939e-03 -1.4152e-03 3.0171e-02 -2.9357e-04 5.8993e-03 2.0086e-02 2.9413e-02 -2.6070e-02 2.9193e-02 7.0008e-03 -1.8693e-02 8.8531e-03 -1.1925e-01 1.0000e+00 -1.7555e-01 -1.7555e-01
-1.1749e-02 -1.1749e-02 6.2749e-02 -3.3978e-02 5.7126e-02 5.6105e-02 7.6046e-04 -1.5656e-02 4.4646e-02 4.3583e-02 2.3744e-02 -7.0232e-03 -1.7931e-02 -5.4339e-02 -2.4056e-02 1.5809e-02 -1.3139e-02 -2.9580e-02 6.0533e-03 2.1417e-02 -2.8011e-02 -2.9346e-02 9.5955e-03 1.0357e-01 -1.7555e-01 1.0000e+00 1.0000e+00
-1.1749e-02 -1.1749e-02 6.2749e-02 -3.3978e-02 5.7126e-02 5.6105e-02 7.6046e-04 -1.5656e-02 4.4646e-02 4.3583e-02 2.3744e-02 -7.0232e-03 -1.7931e-02 -5.4339e-02 -2.4056e-02 1.5809e-02 -1.3139e-02 -2.9580e-02 6.0533e-03 2.1417e-02 -2.8011e-02 -2.9346e-02 9.5955e-03 1.0357e-01 -1.7555e-01 1.0000e+00 1.0000e+00
