1.0000e+00 6.0270e-01 8.2286e-02 1.9119e-01 -3.4147e-02 -3.5265e-02 2.2782e-01 2.2634e-01 8.0899e-02 -4.4066e-02 9.6904e-02 -7.3454e-03 4.4790e-02
6.0270e-01 1.0000e+00 -3.5367e-02 3.4239e-02 -8.2704e-02 -5.6598e-03 1.6384e-01 1.6901e-01 -7.5132e-04 -5.1060e-02 8.4109e-02 -4.5156e-02 1.2671e-02
8.2286e-02 -3.5367e-02 1.0000e+00 3.3108e-01 1.0657e-01 -2.7488e-01 1.3913e-01 1.3777e-01 1.3093e-02 -9.1177e-02 9.0148e-02 6.7155e-02 6.6215e-02
1.9119e-01 3.4239e-02 3.3108e-01 1.0000e+00 5.6324e-02 -1.0816e-01 1.8388e-01 1.8410e-01 1.0272e-01 -5.2306e-02 1.9681e-01 1.0292e-01 6.8120e-02
-3.4147e-02 -8.2704e-02 1.0657e-01 5.6324e-02 1.0000e+00 -3.4784e-01 -2.1741e-01 -2.1585e-01 -1.0225e-01 6.4484e-03 2.9264e-01 2.1435e-01 5.2572e-02
-3.5265e-02 -5.6598e-03 -2.7488e-01 -1.0816e-01 -3.4784e-01 1.0000e+00 -3.3572e-01 -3.3800e-01 6.2070e-02 2.1132e-01 -2.7006e-01 -1.9838e-01 -9.2826e-02
2.2782e-01 1.6384e-01 1.3913e-01 1.8388e-01 -2.1741e-01 -3.3572e-01 1.0000e+00 9.9433e-01 9.0381e-02 -4.4842e-02 -7.7992e-03 -1.5128e-01 -1.0602e-02
2.2634e-01 1.6901e-01 1.3777e-01 1.8410e-01 -2.1585e-01 -3.3800e-01 9.9433e-01 1.0000e+00 9.2083e-02 -5.0029e-02 -5.5176e-03 -1.5486e-01 -1.2217e-02
8.0899e-02 -7.5132e-04 1.3093e-02 1.0272e-01 -1.0225e-01 6.2070e-02 9.0381e-02 9.2083e-02 1.0000e+00 -2.8119e-01 -1.4421e-01 -1.4391e-01 8.6829e-02
-4.4066e-02 -5.1060e-02 -9.1177e-02 -5.2306e-02 6.4484e-03 2.1132e-01 -4.4842e-02 -5.0029e-02 -2.8119e-01 1.0000e+00 -4.5695e-01 -2.2084e-01 -2.3217e-01
9.6904e-02 8.4109e-02 9.0148e-02 1.9681e-01 2.9264e-01 -2.7006e-01 -7.7992e-03 -5.5176e-03 -1.4421e-01 -4.5695e-01 1.0000e+00 2.7674e-01 1.1848e-01
-7.3454e-03 -4.5156e-02 6.7155e-02 1.0292e-01 2.1435e-01 -1.9838e-01 -1.5128e-01 -1.5486e-01 -1.4391e-01 -2.2084e-01 2.7674e-01 1.0000e+00 1.4017e-01
4.4790e-02 1.2671e-02 6.6215e-02 6.8120e-02 5.2572e-02 -9.2826e-02 -1.0602e-02 -1.2217e-02 8.6829e-02 -2.3217e-01 1.1848e-01 1.4017e-01 1.0000e+00
