1.0000e+00 -2.3776e-02 1.4008e-01 5.7064e-01 -2.5652e-02 -2.4862e-02 -5.5683e-02 -3.1854e-02 -4.1008e-02 1.9126e-01 1.9039e-01 4.7960e-02 4.7960e-02 4.7960e-02 -1.0749e-01 -3.8498e-02 -1.0783e-01 4.7960e-02 4.7960e-02 4.7783e-02 -3.8301e-02 -1.6807e-02 4.9372e-02 -1.6807e-02 -4.4544e-02 -4.7783e-02 7.7212e-02 2.2680e-01 5.9660e-02 -2.9816e-02 2.4389e-01 1.3037e-01 1.3037e-01 2.0037e-02 -1.1553e-02 -2.4594e-02 -2.5391e-02 5.6480e-02 2.0182e-02 6.7873e-02 6.7571e-02 6.7873e-02 2.7375e-02 -5.1422e-02 -5.2987e-02 -3.4625e-02 -1.5503e-02 -1.5266e-02 -3.5088e-02 -3.5088e-02 -4.8859e-02 -1.5028e-02 -4.8605e-02 -2.0358e-02 -2.0583e-02 -1.9678e-02 5.6993e-02 -1.9905e-02 -1.4789e-02 -4.8352e-02 -2.0358e-02 -1.1377e-02 -2.0132e-02 -3.0418e-02 -2.9579e-02 -2.9158e-02 -4.0196e-02 -2.3036e-02 -1.5976e-02 -2.2372e-02 -4.1205e-02 -4.2615e-02 -2.2372e-02 -2.8948e-02 -4.2615e-02 -4.2615e-02 -2.9708e-02 4.4124e-02 1.7844e-02 -1.5976e-02 -5.6181e-02 -5.5911e-02 5.7266e-02 -5.7266e-02 -4.0495e-02 5.7812e-02 5.8362e-02 7.1054e-02 7.0782e-02 7.0782e-02 7.2975e-02 5.9166e-02 7.3530e-02 5.4042e-02 -5.1253e-02 -1.1873e-02 -2.3598e-03 -1.2120e-02 1.3754e-01 -9.8373e-03 -1.4830e-02 -3.2218e-02 1.7312e-01 4.8002e-02 2.8125e-02 1.4722e-01 2.4501e-02 2.4501e-02 7.8633e-03
-2.3776e-02 1.0000e+00 3.4642e-01 -3.6541e-03 8.3999e-01 8.2228e-01 -1.5356e-01 6.2053e-01 -8.0764e-02 -6.0545e-02 -6.0983e-02 -3.6700e-02 -3.6700e-02 -3.6700e-02 5.8035e-03 -6.0411e-02 5.3396e-03 -3.6700e-02 -3.6700e-02 -3.7381e-02 -5.9962e-02 -3.3100e-02 -3.1389e-02 -3.3100e-02 -4.6293e-02 -4.1511e-02 -6.1889e-02 1.8537e-03 2.9177e-02 -2.0671e-02 1.0051e-02 -9.8412e-03 -9.8412e-03 9.0027e-03 2.3488e-02 1.9240e-02 1.5754e-02 1.3589e-02 1.2254e-03 -3.6814e-02 -3.7249e-02 -3.6814e-02 -3.7287e-02 3.1561e-02 1.8916e-02 2.2803e-03 5.5747e-02 5.6350e-02 1.4116e-03 1.4116e-03 5.9345e-03 5.6955e-02 6.3768e-03 -4.5673e-02 -4.6110e-02 -4.4357e-02 -2.2454e-02 -4.4797e-02 5.7563e-02 1.6774e-02 -4.5673e-02 6.6335e-02 -4.5235e-02 5.6228e-02 4.8208e-02 4.9144e-02 6.8034e-02 4.7999e-02 8.8954e-02 -7.1626e-02 -4.5745e-02 -3.8616e-02 -7.1626e-02 -4.9573e-02 -3.8616e-02 -3.8616e-02 -6.3812e-02 -2.4135e-02 -8.3838e-02 -6.0135e-02 3.4789e-03 3.9300e-03 -1.6686e-03 1.6686e-03 -1.8470e-02 -7.5957e-04 1.5214e-04 -1.0626e-02 -1.1068e-02 -1.1068e-02 -1.7599e-02 -3.0557e-02 -1.6719e-02 -7.0704e-03 2.5144e-02 -5.2860e-02 3.3262e-02 -5.3296e-02 1.6635e-02 3.4766e-02 7.0676e-03 6.7568e-02 -4.2285e-02 3.5675e-02 -1.5800e-02 -4.8438e-02 5.1862e-03 5.1862e-03 -2.5575e-02
1.4008e-01 3.4642e-01 1.0000e+00 2.6357e-01 3.5507e-01 3.4233e-01 -4.4801e-01 3.1090e-01 -7.5406e-02 3.6105e-02 4.0686e-02 -1.2108e-01 -1.2108e-01 -1.2108e-01 -1.2067e-01 -1.1158e-01 -1.2209e-01 -1.2108e-01 -1.2108e-01 -1.1690e-01 -1.1009e-01 -7.7638e-02 -9.9857e-02 -7.7638e-02 -7.8031e-02 -8.5520e-02 -6.8788e-03 1.0096e-01 1.2996e-02 -5.7857e-02 1.1251e-01 6.3721e-03 6.3721e-03 2.5198e-02 1.0292e-03 5.3854e-02 5.4320e-02 -1.2072e-02 -3.9700e-02 -4.9205e-02 -4.5582e-02 -4.9205e-02 5.0799e-02 6.4954e-02 6.7027e-02 7.4400e-02 -2.1061e-02 -1.9651e-02 7.2009e-02 7.2009e-02 5.3806e-02 -2.3621e-02 5.5023e-02 7.5156e-02 8.4055e-02 7.9674e-02 -7.2334e-02 8.3382e-02 -1.6819e-02 6.5528e-02 8.0361e-02 -1.9972e-03 8.1869e-02 -8.6074e-03 -1.2905e-02 -2.4309e-02 -2.2680e-02 6.2447e-03 -2.4676e-03 6.1846e-02 5.6011e-02 6.1019e-02 6.1846e-02 6.9460e-02 6.1019e-02 6.1019e-02 4.4025e-02 -5.8344e-02 1.3788e-02 8.8481e-02 3.8131e-02 3.9374e-02 -2.8400e-02 3.3146e-02 2.1489e-02 -3.0643e-02 -4.2413e-02 -2.9743e-02 -3.0980e-02 -3.0980e-02 -2.5743e-02 -2.6063e-02 -2.3249e-02 -3.8616e-02 2.5132e-02 9.9566e-02 -9.0785e-03 1.0341e-01 -2.5323e-02 -3.7156e-03 -6.4830e-02 8.2045e-03 -1.1089e-02 -9.9823e-03 4.0815e-03 -9.2894e-03 3.0356e-03 3.0356e-03 2.7571e-02
5.7064e-01 -3.6541e-03 2.6357e-01 1.0000e+00 -3.7270e-02 -3.6122e-02 -1.3487e-01 -4.6282e-02 1.8388e-02 1.7274e-01 1.7178e-01 -1.7399e-02 -1.7399e-02 -1.7399e-02 -1.4573e-01 -5.5934e-02 -1.4621e-01 -1.7399e-02 -1.7399e-02 -1.7877e-02 -5.5648e-02 -2.4419e-02 3.4126e-03 -2.4419e-02 -6.4718e-02 -6.9424e-02 2.1988e-02 1.7807e-01 -1.9430e-04 -4.3320e-02 1.9422e-01 8.2135e-02 8.2135e-02 4.8587e-02 -1.6785e-02 -3.5733e-02 -3.6891e-02 9.9349e-02 -3.5472e-02 1.0442e-01 1.0397e-01 1.0442e-01 5.6396e-02 -9.3571e-02 -8.2553e-02 -6.8593e-02 -5.5623e-02 -4.0029e-02 -6.9276e-02 -6.9276e-02 -7.6502e-02 -5.5036e-02 -7.6130e-02 -3.2047e-02 -3.2372e-02 -3.1070e-02 8.8431e-02 -3.1397e-02 -5.4742e-02 -4.9319e-02 -3.2047e-02 -5.0572e-02 -3.1722e-02 -2.1227e-02 -4.6263e-02 -4.5656e-02 -6.0648e-02 -6.5072e-02 -4.0978e-02 -3.4945e-02 -4.8673e-02 -2.4031e-02 -3.4945e-02 -1.9010e-02 -2.4031e-02 -2.4031e-02 -4.5511e-02 5.6463e-02 4.3481e-02 -2.5750e-02 -6.0297e-02 -5.9920e-02 6.1812e-02 -6.1812e-02 -7.7282e-02 6.2575e-02 6.3341e-02 6.7691e-02 6.7318e-02 6.7318e-02 7.0323e-02 9.0302e-02 7.1082e-02 8.4100e-02 -7.8759e-02 -4.2022e-03 -2.7666e-02 -4.5834e-03 1.4868e-01 -1.4293e-02 -2.1547e-02 -6.3049e-02 1.7236e-01 2.1356e-02 3.6221e-03 1.4401e-01 1.9491e-04 1.9491e-04 1.6770e-02
-2.5652e-02 8.3999e-01 3.5507e-01 -3.7270e-02 1.0000e+00 9.6920e-01 -1.8814e-01 7.3814e-01 -7.3431e-02 -6.9322e-02 -6.9783e-02 -6.9530e-02 -6.9530e-02 -6.9530e-02 -1.3094e-02 -5.3029e-02 -1.3613e-02 -6.9530e-02 -6.9530e-02 -7.0340e-02 -5.2495e-02 -3.5712e-02 -6.3222e-02 -3.5712e-02 -1.7279e-02 -1.5596e-02 -7.0578e-02 8.0345e-03 1.9873e-02 -2.7828e-02 1.7223e-02 -1.3383e-02 -1.3383e-02 8.8704e-03 6.1799e-02 3.1992e-02 4.8378e-02 4.5313e-03 -9.8679e-03 -2.5570e-02 -2.6052e-02 -2.5570e-02 -2.5314e-02 2.4899e-02 -6.1080e-03 -1.6094e-02 4.5825e-02 4.6453e-02 -2.6124e-02 -2.6124e-02 -2.6271e-02 4.7083e-02 -2.5775e-02 -6.0620e-02 -5.0673e-02 -5.9248e-02 4.0382e-03 -5.9706e-02 4.7716e-02 -1.5985e-02 -6.0620e-02 5.6840e-02 -6.0163e-02 3.6876e-02 2.9615e-02 2.1346e-02 4.0965e-02 3.6517e-02 7.6699e-02 -8.5285e-02 -7.4961e-02 -6.8614e-02 -8.5285e-02 -8.0032e-02 -6.8614e-02 -6.8614e-02 -7.9629e-02 1.6965e-02 -7.1410e-02 -7.3208e-02 -3.0975e-02 -3.0464e-02 3.3028e-02 -3.3028e-02 -3.7221e-02 3.4060e-02 3.5095e-02 2.2898e-02 2.2400e-02 2.2400e-02 1.6993e-02 6.0062e-04 1.7990e-02 2.6911e-02 -1.2314e-02 -6.5594e-02 2.1204e-02 -6.6049e-02 3.3293e-02 8.0195e-02 2.3567e-03 6.2026e-02 -4.5621e-02 6.0125e-02 -2.0807e-02 -5.2260e-02 -1.5532e-03 -1.5532e-03 -3.1402e-02
-2.4862e-02 8.2228e-01 3.4233e-01 -3.6122e-02 9.6920e-01 1.0000e+00 -1.8181e-01 7.6323e-01 -8.4453e-02 -7.8885e-02 -7.9299e-02 -7.7561e-02 -7.7561e-02 -7.7561e-02 -1.2497e-02 -6.4486e-02 -1.3000e-02 -7.7561e-02 -7.7561e-02 -7.8373e-02 -6.4021e-02 -3.4612e-02 -7.1251e-02 -3.4612e-02 -2.5419e-02 -2.2643e-02 -7.2544e-02 1.2526e-02 2.2342e-02 -2.4863e-02 2.1703e-02 -1.8566e-02 -1.8566e-02 3.3471e-03 6.5019e-02 3.6006e-02 5.2960e-02 6.9164e-03 -5.2954e-03 -2.7301e-02 -2.7766e-02 -2.7301e-02 -2.4336e-02 3.4500e-02 -6.8491e-03 -9.8543e-03 5.4611e-02 5.5236e-02 -2.0110e-02 -2.0110e-02 -2.8038e-02 5.5863e-02 -2.7557e-02 -6.5141e-02 -5.4874e-02 -6.3837e-02 4.2894e-03 -6.4272e-02 5.6492e-02 -1.7515e-02 -6.5141e-02 6.5578e-02 -6.4707e-02 3.9391e-02 3.1812e-02 2.3251e-02 4.2328e-02 4.5738e-02 8.6409e-02 -9.0192e-02 -8.6478e-02 -7.9704e-02 -9.0192e-02 -9.0573e-02 -7.9704e-02 -7.9704e-02 -9.3433e-02 1.8994e-02 -8.1139e-02 -7.8790e-02 -3.2082e-02 -3.1586e-02 3.4077e-02 -3.4077e-02 -4.0239e-02 3.5080e-02 3.6087e-02 2.4232e-02 2.3748e-02 2.3748e-02 1.7960e-02 2.5740e-03 1.8928e-02 2.8132e-02 -6.2031e-03 -7.1630e-02 2.6152e-02 -7.2058e-02 3.9098e-02 8.3724e-02 4.2939e-03 6.2826e-02 -4.4216e-02 3.1563e-02 -1.8732e-02 -5.0650e-02 1.2216e-03 1.2216e-03 -3.5609e-02
-5.5683e-02 -1.5356e-01 -4.4801e-01 -1.3487e-01 -1.8814e-01 -1.8181e-01 1.0000e+00 -2.4494e-01 -1.9838e-01 -2.5153e-01 -2.5319e-01 9.9304e-02 9.9304e-02 9.9304e-02 2.6898e-01 -1.9265e-01 2.6740e-01 9.9304e-02 9.9304e-02 9.7259e-02 -1.9072e-01 1.6756e-01 7.2211e-02 1.6756e-01 -2.2669e-01 -2.2958e-01 -1.8952e-01 -1.3799e-01 -2.4628e-01 -1.1758e-01 -1.4464e-01 -2.2891e-01 -2.2891e-01 6.0095e-03 8.1142e-03 -9.4520e-02 -8.4943e-02 -5.0216e-02 1.3688e-01 -3.8640e-02 -4.0434e-02 -3.8640e-02 -8.2692e-02 3.9334e-02 2.0498e-02 4.1148e-02 7.4548e-02 7.6678e-02 4.5932e-02 4.5932e-02 4.3973e-02 7.8814e-02 4.1512e-02 -1.5403e-02 -2.2000e-02 -2.3690e-02 -6.8646e-03 -2.5611e-02 6.6418e-02 3.9053e-02 -2.0081e-02 6.2190e-02 -2.2842e-02 6.1397e-02 6.0131e-02 6.3655e-02 5.7707e-02 6.7752e-02 4.1459e-02 -6.4916e-02 -4.0408e-02 -4.4086e-02 -6.4916e-02 -2.6079e-02 -4.4086e-02 -4.4086e-02 -3.6474e-02 -2.2495e-02 -5.3641e-02 -7.3954e-02 2.0672e-02 1.8178e-02 -2.6422e-02 2.6422e-02 2.3366e-02 -3.1446e-02 -2.3651e-02 -1.0623e-02 -8.1618e-03 -8.1618e-03 -2.5720e-03 -2.8078e-03 9.5103e-04 -5.0422e-03 -2.2663e-02 -7.0693e-02 6.7221e-02 -7.2627e-02 -3.1112e-02 -3.0239e-02 1.4455e-01 5.1864e-02 -3.6537e-02 -1.0529e-02 6.4742e-05 -3.7763e-02 3.5082e-03 3.5082e-03 4.2570e-02
-3.1854e-02 6.2053e-01 3.1090e-01 -4.6282e-02 7.3814e-01 7.6323e-01 -2.4494e-01 1.0000e+00 -1.0820e-01 -1.0737e-01 -1.0788e-01 -1.3703e-01 -1.3703e-01 -1.3703e-01 -3.6514e-02 -8.9671e-02 -3.7177e-02 -1.3703e-01 -1.3703e-01 -1.3816e-01 -8.9104e-02 -4.4347e-02 -1.2822e-01 -4.4347e-02 -4.2807e-02 5.6857e-02 -8.8926e-03 1.2238e-01 5.8811e-02 -3.4557e-02 1.2624e-01 3.4896e-02 3.4896e-02 1.6247e-02 1.4822e-01 9.2039e-02 1.0243e-01 2.8269e-02 2.9433e-02 -3.3695e-03 -3.9945e-03 -3.3695e-03 -1.8994e-02 1.5421e-02 -2.7030e-02 -2.7499e-02 4.8013e-02 4.8779e-02 -3.6199e-02 -3.6199e-02 -4.8030e-02 4.9547e-02 -4.7406e-02 -7.0965e-02 -6.2924e-02 -6.9243e-02 -2.8432e-03 -6.9818e-02 5.0319e-02 -3.9088e-02 -7.0965e-02 6.1437e-02 -7.0392e-02 2.2874e-02 1.7638e-02 1.1182e-02 3.5177e-02 4.9591e-02 7.3083e-02 -8.4599e-02 -7.7447e-02 -7.3529e-02 -9.3121e-02 -8.7883e-02 -7.3529e-02 -7.3529e-02 -8.6586e-02 2.8695e-02 -6.6779e-02 -6.8747e-02 -4.2385e-02 -4.1748e-02 4.4945e-02 -4.4945e-02 -5.0009e-02 4.6232e-02 4.7524e-02 3.2314e-02 3.1693e-02 3.1693e-02 2.8895e-02 1.9693e-02 3.0144e-02 5.2914e-02 -2.2788e-02 -5.8669e-02 3.9353e-02 -5.0175e-02 2.9433e-02 1.8328e-01 -1.1093e-02 6.0819e-02 -5.6652e-02 9.6655e-03 4.1770e-03 -6.4895e-02 -1.9287e-03 -1.9287e-03 -3.5261e-02
-4.1008e-02 -8.0764e-02 -7.5406e-02 1.8388e-02 -7.3431e-02 -8.4453e-02 -1.9838e-01 -1.0820e-01 1.0000e+00 7.8653e-01 7.8319e-01 1.3809e-01 1.3809e-01 1.3809e-01 -4.7590e-01 8.9990e-01 -4.7054e-01 1.3809e-01 1.3809e-01 1.3742e-01 8.9495e-01 -5.7090e-02 1.3524e-01 -5.7090e-02 7.2019e-01 6.2590e-01 3.2014e-01 -6.0857e-02 2.5219e-01 4.7497e-01 -7.3211e-02 3.8931e-01 3.8931e-01 -6.6828e-03 -3.9243e-02 -2.6602e-02 -1.7090e-02 3.7815e-02 -6.2709e-02 7.1204e-03 6.3050e-03 7.1204e-03 -1.1953e-02 -4.3408e-02 2.7968e-02 -2.6095e-03 -3.4513e-02 -2.6408e-02 -4.1119e-03 -4.1119e-03 3.3715e-02 -3.2841e-02 3.4465e-02 -3.0430e-02 -3.1248e-02 -3.5031e-02 -2.2905e-02 -2.8786e-02 -2.4708e-02 4.1496e-02 -2.3389e-02 -1.2513e-02 -2.2559e-02 6.0391e-02 5.7317e-02 5.2649e-02 2.0402e-02 -4.7058e-02 7.1935e-06 4.5764e-02 3.5579e-02 4.9037e-02 5.2721e-02 4.7183e-02 4.9037e-02 4.9037e-02 3.6275e-02 -4.1627e-02 6.9869e-03 2.8954e-02 6.0003e-03 6.7782e-03 -9.2975e-03 2.8779e-03 -9.1702e-03 -7.7390e-03 -1.2615e-02 -1.1994e-02 -1.2760e-02 -1.2760e-02 -3.2051e-02 -1.5579e-02 -3.0536e-02 -3.1294e-02 2.1743e-02 3.0353e-02 -6.3831e-02 2.9392e-02 -5.2985e-02 -3.3416e-02 -2.7486e-02 -6.6449e-02 -8.4453e-03 3.0402e-02 -6.5601e-03 -2.6602e-02 1.6980e-03 1.6980e-03 -8.3449e-03
1.9126e-01 -6.0545e-02 3.6105e-02 1.7274e-01 -6.9322e-02 -7.8885e-02 -2.5153e-01 -1.0737e-01 7.8653e-01 1.0000e+00 9.9594e-01 1.7768e-01 1.7768e-01 1.7768e-01 -6.0763e-01 8.5163e-01 -6.0287e-01 1.7768e-01 1.7768e-01 1.7703e-01 8.4720e-01 -6.2266e-02 1.8291e-01 -6.2266e-02 6.4437e-01 5.5463e-01 4.0467e-01 1.4820e-01 3.3527e-01 4.5266e-01 1.6119e-01 5.1645e-01 5.1645e-01 3.3497e-02 -4.2800e-02 -1.0991e-02 -3.2375e-03 8.5935e-02 -5.1411e-02 6.8761e-02 6.7815e-02 6.8761e-02 1.1440e-02 -1.1089e-01 -2.1074e-02 -5.6832e-02 -6.9920e-02 -6.9060e-02 -5.8503e-02 -5.8503e-02 -1.9254e-02 -6.8198e-02 -1.8405e-02 -4.7902e-02 -4.8775e-02 -5.1903e-02 1.6068e-02 -4.6150e-02 -6.0492e-02 -2.3451e-02 -4.1297e-02 -4.7985e-02 -4.0413e-02 1.1638e-02 2.0857e-02 1.6678e-02 -1.5710e-02 -7.1254e-02 -3.0901e-02 2.2637e-02 1.6019e-02 1.5974e-02 2.9164e-02 1.7521e-02 1.5974e-02 1.5974e-02 2.2822e-02 1.4972e-02 3.8160e-02 9.8324e-03 -4.9503e-02 -4.8616e-02 4.7047e-02 -5.3069e-02 -4.3129e-02 4.8830e-02 5.0620e-02 5.3294e-02 5.2417e-02 5.2417e-02 2.9629e-02 3.1520e-02 3.1367e-02 2.4525e-02 -3.2953e-02 1.9996e-02 -5.7780e-02 1.8971e-02 -1.4925e-02 -3.6445e-02 -3.3470e-02 -1.0592e-01 5.6572e-02 6.0030e-02 -1.7975e-03 4.2426e-02 4.5761e-03 4.5761e-03 -7.5670e-03
1.9039e-01 -6.0983e-02 4.0686e-02 1.7178e-01 -6.9783e-02 -7.9299e-02 -2.5319e-01 -1.0788e-01 7.8319e-01 9.9594e-01 1.0000e+00 1.7841e-01 1.7841e-01 1.7841e-01 -6.0400e-01 8.4817e-01 -5.9927e-01 1.7841e-01 1.7841e-01 1.7775e-01 8.4375e-01 -6.2519e-02 1.8366e-01 -6.2519e-02 6.4135e-01 5.5179e-01 4.0148e-01 1.4690e-01 3.3198e-01 4.5057e-01 1.5991e-01 5.1356e-01 5.1356e-01 3.4584e-02 -4.2975e-02 -1.1595e-02 -3.8841e-03 8.3302e-02 -5.2257e-02 6.6703e-02 6.5754e-02 6.6703e-02 1.3170e-02 -1.0844e-01 -1.8917e-02 -5.4215e-02 -7.1250e-02 -7.0388e-02 -5.5891e-02 -5.5891e-02 -1.7029e-02 -6.9524e-02 -1.6178e-02 -4.2801e-02 -4.3684e-02 -4.6750e-02 1.3993e-02 -4.1027e-02 -6.1835e-02 -2.1204e-02 -3.6215e-02 -4.9304e-02 -3.5320e-02 9.3598e-03 1.8571e-02 1.4413e-02 -1.7702e-02 -7.2723e-02 -3.2352e-02 2.7417e-02 1.9884e-02 1.9780e-02 3.3925e-02 2.1113e-02 1.9780e-02 1.9780e-02 2.7205e-02 1.2670e-02 3.9625e-02 1.5032e-02 -4.7318e-02 -4.6429e-02 4.4887e-02 -5.0892e-02 -4.0674e-02 4.6674e-02 4.8468e-02 5.1025e-02 5.0146e-02 5.0146e-02 2.7461e-02 2.9099e-02 2.9203e-02 2.2376e-02 -3.0365e-02 2.5431e-02 -5.8502e-02 2.4393e-02 -1.5876e-02 -3.6594e-02 -3.3756e-02 -1.0129e-01 5.5853e-02 5.9442e-02 1.2941e-02 4.1667e-02 1.8511e-02 1.8511e-02 -4.9658e-03
4.7960e-02 -3.6700e-02 -1.2108e-01 -1.7399e-02 -6.9530e-02 -7.7561e-02 9.9304e-02 -1.3703e-01 1.3809e-01 1.7768e-01 1.7841e-01 1.0000e+00 1.0000e+00 1.0000e+00 6.6488e-01 1.5294e-01 6.6645e-01 1.0000e+00 1.0000e+00 9.9630e-01 1.5216e-01 6.6769e-02 9.4966e-01 6.6769e-02 -2.5497e-02 -1.2153e-01 -1.0378e-01 -2.3224e-01 -5.8116e-02 5.4092e-02 -2.2106e-01 -8.5210e-02 -8.5210e-02 -9.0415e-02 -1.1053e-01 -2.9484e-02 -3.5073e-02 -9.0417e-02 5.2506e-03 -3.3527e-02 -3.2550e-02 -3.3527e-02 -3.5154e-02 2.9537e-02 1.2402e-02 1.7444e-02 1.5106e-02 7.5939e-03 1.9209e-02 1.9209e-02 2.0371e-02 1.3071e-02 1.9461e-02 4.2084e-02 3.0468e-02 3.9224e-02 -3.3615e-03 4.0180e-02 1.2049e-02 1.2939e-02 4.2084e-02 2.4071e-02 4.1133e-02 -2.2650e-02 -2.0686e-02 -1.1317e-02 -1.2972e-02 5.9517e-02 4.9458e-02 2.5676e-02 -1.9770e-02 -2.4673e-02 3.1892e-02 -2.3402e-02 -2.4673e-02 -2.4673e-02 1.5376e-02 -2.5511e-02 -5.0660e-02 3.6527e-02 2.3486e-02 2.2555e-02 -2.7225e-02 2.7225e-02 5.0771e-02 -2.9104e-02 -3.0988e-02 -3.1385e-02 -3.0460e-02 -3.0460e-02 -3.7893e-02 -6.1828e-02 -2.8381e-02 -3.8829e-02 7.0554e-02 1.9468e-02 3.8337e-03 2.0496e-02 1.3938e-02 -1.1354e-01 5.8917e-02 -2.0731e-02 2.7678e-02 6.8429e-03 -7.6460e-02 2.1392e-02 -9.1554e-02 -9.1554e-02 -3.7140e-02
4.7960e-02 -3.6700e-02 -1.2108e-01 -1.7399e-02 -6.9530e-02 -7.7561e-02 9.9304e-02 -1.3703e-01 1.3809e-01 1.7768e-01 1.7841e-01 1.0000e+00 1.0000e+00 1.0000e+00 6.6488e-01 1.5294e-01 6.6645e-01 1.0000e+00 1.0000e+00 9.9630e-01 1.5216e-01 6.6769e-02 9.4966e-01 6.6769e-02 -2.5497e-02 -1.2153e-01 -1.0378e-01 -2.3224e-01 -5.8116e-02 5.4092e-02 -2.2106e-01 -8.5210e-02 -8.5210e-02 -9.0415e-02 -1.1053e-01 -2.9484e-02 -3.5073e-02 -9.0417e-02 5.2506e-03 -3.3527e-02 -3.2550e-02 -3.3527e-02 -3.5154e-02 2.9537e-02 1.2402e-02 1.7444e-02 1.5106e-02 7.5939e-03 1.9209e-02 1.9209e-02 2.0371e-02 1.3071e-02 1.9461e-02 4.2084e-02 3.0468e-02 3.9224e-02 -3.3615e-03 4.0180e-02 1.2049e-02 1.2939e-02 4.2084e-02 2.4071e-02 4.1133e-02 -2.2650e-02 -2.0686e-02 -1.1317e-02 -1.2972e-02 5.9517e-02 4.9458e-02 2.5676e-02 -1.9770e-02 -2.4673e-02 3.1892e-02 -2.3402e-02 -2.4673e-02 -2.4673e-02 1.5376e-02 -2.5511e-02 -5.0660e-02 3.6527e-02 2.3486e-02 2.2555e-02 -2.7225e-02 2.7225e-02 5.0771e-02 -2.9104e-02 -3.0988e-02 -3.1385e-02 -3.0460e-02 -3.0460e-02 -3.7893e-02 -6.1828e-02 -2.8381e-02 -3.8829e-02 7.0554e-02 1.9468e-02 3.8337e-03 2.0496e-02 1.3938e-02 -1.1354e-01 5.8917e-02 -2.0731e-02 2.7678e-02 6.8429e-03 -7.6460e-02 2.1392e-02 -9.1554e-02 -9.1554e-02 -3.7140e-02
4.7960e-02 -3.6700e-02 -1.2108e-01 -1.7399e-02 -6.9530e-02 -7.7561e-02 9.9304e-02 -1.3703e-01 1.3809e-01 1.7768e-01 1.7841e-01 1.0000e+00 1.0000e+00 1.0000e+00 6.6488e-01 1.5294e-01 6.6645e-01 1.0000e+00 1.0000e+00 9.9630e-01 1.5216e-01 6.6769e-02 9.4966e-01 6.6769e-02 -2.5497e-02 -1.2153e-01 -1.0378e-01 -2.3224e-01 -5.8116e-02 5.4092e-02 -2.2106e-01 -8.5210e-02 -8.5210e-02 -9.0415e-02 -1.1053e-01 -2.9484e-02 -3.5073e-02 -9.0417e-02 5.2506e-03 -3.3527e-02 -3.2550e-02 -3.3527e-02 -3.5154e-02 2.9537e-02 1.2402e-02 1.7444e-02 1.5106e-02 7.5939e-03 1.9209e-02 1.9209e-02 2.0371e-02 1.3071e-02 1.9461e-02 4.2084e-02 3.0468e-02 3.9224e-02 -3.3615e-03 4.0180e-02 1.2049e-02 1.2939e-02 4.2084e-02 2.4071e-02 4.1133e-02 -2.2650e-02 -2.0686e-02 -1.1317e-02 -1.2972e-02 5.9517e-02 4.9458e-02 2.5676e-02 -1.9770e-02 -2.4673e-02 3.1892e-02 -2.3402e-02 -2.4673e-02 -2.4673e-02 1.5376e-02 -2.5511e-02 -5.0660e-02 3.6527e-02 2.3486e-02 2.2555e-02 -2.7225e-02 2.7225e-02 5.0771e-02 -2.9104e-02 -3.0988e-02 -3.1385e-02 -3.0460e-02 -3.0460e-02 -3.7893e-02 -6.1828e-02 -2.8381e-02 -3.8829e-02 7.0554e-02 1.9468e-02 3.8337e-03 2.0496e-02 1.3938e-02 -1.1354e-01 5.8917e-02 -2.0731e-02 2.7678e-02 6.8429e-03 -7.6460e-02 2.1392e-02 -9.1554e-02 -9.1554e-02 -3.7140e-02
-1.0749e-01 5.8035e-03 -1.2067e-01 -1.4573e-01 -1.3094e-02 -1.2497e-02 2.6898e-01 -3.6514e-02 -4.7590e-01 -6.0763e-01 -6.0400e-01 6.6488e-01 6.6488e-01 6.6488e-01 1.0000e+00 -5.3370e-01 9.9764e-01 6.6488e-01 6.6488e-01 6.6242e-01 -5.3097e-01 1.0042e-01 6.2069e-01 1.0042e-01 -5.1794e-01 -5.2615e-01 -3.9708e-01 -2.9907e-01 -3.0783e-01 -3.1047e-01 -2.9998e-01 -4.6773e-01 -4.6773e-01 -9.6851e-02 -5.5981e-02 -1.5682e-02 -2.6066e-02 -1.3509e-01 4.2569e-02 -8.0551e-02 -7.9053e-02 -8.0551e-02 -3.5456e-02 1.0963e-01 2.7552e-02 5.9071e-02 6.4123e-02 5.7468e-02 6.1746e-02 6.1746e-02 3.2592e-02 6.1193e-02 3.1222e-02 6.8854e-02 6.0232e-02 6.9624e-02 -1.6465e-02 6.6005e-02 5.4513e-02 2.9854e-02 6.3826e-02 5.4648e-02 6.2397e-02 -2.4220e-02 -2.9643e-02 -1.8964e-02 4.6104e-03 1.0052e-01 6.1870e-02 2.0198e-03 -2.5007e-02 -2.8936e-02 2.0198e-03 -2.9258e-02 -2.8936e-02 -2.8936e-02 -6.4649e-03 -3.3508e-02 -6.8329e-02 2.0531e-02 6.2579e-02 6.1159e-02 -6.3696e-02 6.8280e-02 7.5182e-02 -6.6555e-02 -6.9423e-02 -7.1784e-02 -7.0378e-02 -7.0378e-02 -5.8968e-02 -7.5182e-02 -5.2688e-02 -5.5830e-02 8.3370e-02 4.5312e-03 4.6364e-02 6.1208e-03 2.1740e-02 -6.3192e-02 7.2269e-02 6.7354e-02 -2.1364e-02 -4.0540e-02 -6.0154e-02 -1.5682e-02 -7.7092e-02 -7.7092e-02 -2.1953e-02
-3.8498e-02 -6.0411e-02 -1.1158e-01 -5.5934e-02 -5.3029e-02 -6.4486e-02 -1.9265e-01 -8.9671e-02 8.9990e-01 8.5163e-01 8.4817e-01 1.5294e-01 1.5294e-01 1.5294e-01 -5.3370e-01 1.0000e+00 -5.2802e-01 1.5294e-01 1.5294e-01 1.5238e-01 9.9489e-01 -5.3596e-02 1.5744e-01 -5.3596e-02 7.7280e-01 6.7504e-01 3.6545e-01 -7.3808e-02 3.1159e-01 5.3504e-01 -6.4931e-02 4.4516e-01 4.4516e-01 2.6207e-03 -3.6841e-02 -1.8657e-02 -8.3713e-03 4.2126e-02 -5.1319e-02 1.3747e-02 1.2975e-02 1.3747e-02 -9.8343e-03 -5.6624e-02 2.5443e-02 -1.2762e-02 -4.4358e-02 -4.3593e-02 -1.4179e-02 -1.4179e-02 3.0149e-02 -4.2826e-02 3.0853e-02 -3.0430e-02 -3.1196e-02 -3.5542e-02 -2.1393e-02 -2.8892e-02 -3.4400e-02 2.4963e-02 -2.3039e-02 -2.3217e-02 -2.2261e-02 4.3760e-02 5.3276e-02 4.8199e-02 1.0788e-02 -3.9504e-02 -7.8987e-03 5.0385e-02 3.3891e-02 3.5299e-02 5.7689e-02 3.5802e-02 3.5299e-02 3.5299e-02 4.3421e-02 -2.3824e-02 1.4370e-02 3.0084e-02 -1.0046e-02 -9.3047e-03 6.2833e-03 -1.3022e-02 -4.6485e-03 7.7684e-03 9.2580e-03 1.1606e-02 1.0872e-02 1.0872e-02 -9.9449e-03 -8.3416e-03 -8.4956e-03 -1.5904e-02 1.2159e-02 2.2018e-02 -6.5187e-02 2.1128e-02 -7.1733e-02 -3.1371e-02 -2.3265e-02 -9.1170e-02 -1.7697e-02 6.0241e-02 1.0909e-03 -3.3600e-02 1.0209e-02 1.0209e-02 -7.9902e-03
-1.0783e-01 5.3396e-03 -1.2209e-01 -1.4621e-01 -1.3613e-02 -1.3000e-02 2.6740e-01 -3.7177e-02 -4.7054e-01 -6.0287e-01 -5.9927e-01 6.6645e-01 6.6645e-01 6.6645e-01 9.9764e-01 -5.2802e-01 1.0000e+00 6.6645e-01 6.6645e-01 6.6398e-01 -5.3223e-01 1.0019e-01 6.2225e-01 1.0019e-01 -5.1308e-01 -5.2759e-01 -3.9440e-01 -3.0002e-01 -3.0547e-01 -3.1136e-01 -3.0089e-01 -4.6924e-01 -4.6924e-01 -9.6038e-02 -5.6262e-02 -1.6182e-02 -2.6592e-02 -1.3704e-01 4.1849e-02 -8.2048e-02 -8.0551e-02 -8.2048e-02 -3.4143e-02 1.1135e-01 2.9179e-02 6.1000e-02 6.3013e-02 5.6355e-02 6.3670e-02 6.3670e-02 3.4280e-02 6.0086e-02 3.2913e-02 7.2710e-02 6.4070e-02 7.3512e-02 -1.8030e-02 6.9879e-02 5.3404e-02 3.1546e-02 6.7678e-02 5.3586e-02 6.6257e-02 -2.5957e-02 -3.1372e-02 -2.0675e-02 3.0583e-03 9.9335e-02 6.0751e-02 5.7242e-03 -2.2041e-02 -2.6020e-02 5.7242e-03 -2.6502e-02 -2.6020e-02 -2.6020e-02 -3.0714e-03 -3.5265e-02 -6.7189e-02 2.4545e-02 6.4197e-02 6.2780e-02 -6.5302e-02 6.9891e-02 7.7033e-02 -6.8157e-02 -7.1021e-02 -7.3467e-02 -7.2063e-02 -7.2063e-02 -6.0615e-02 -7.7033e-02 -5.4322e-02 -5.7470e-02 8.5353e-02 8.7326e-03 4.5728e-02 1.0311e-02 2.1001e-02 -6.3446e-02 7.2044e-02 6.5994e-02 -2.1808e-02 -4.0895e-02 -6.0628e-02 -1.6182e-02 -7.7606e-02 -7.7606e-02 -2.0002e-02
4.7960e-02 -3.6700e-02 -1.2108e-01 -1.7399e-02 -6.9530e-02 -7.7561e-02 9.9304e-02 -1.3703e-01 1.3809e-01 1.7768e-01 1.7841e-01 1.0000e+00 1.0000e+00 1.0000e+00 6.6488e-01 1.5294e-01 6.6645e-01 1.0000e+00 1.0000e+00 9.9630e-01 1.5216e-01 6.6769e-02 9.4966e-01 6.6769e-02 -2.5497e-02 -1.2153e-01 -1.0378e-01 -2.3224e-01 -5.8116e-02 5.4092e-02 -2.2106e-01 -8.5210e-02 -8.5210e-02 -9.0415e-02 -1.1053e-01 -2.9484e-02 -3.5073e-02 -9.0417e-02 5.2506e-03 -3.3527e-02 -3.2550e-02 -3.3527e-02 -3.5154e-02 2.9537e-02 1.2402e-02 1.7444e-02 1.5106e-02 7.5939e-03 1.9209e-02 1.9209e-02 2.0371e-02 1.3071e-02 1.9461e-02 4.2084e-02 3.0468e-02 3.9224e-02 -3.3615e-03 4.0180e-02 1.2049e-02 1.2939e-02 4.2084e-02 2.4071e-02 4.1133e-02 -2.2650e-02 -2.0686e-02 -1.1317e-02 -1.2972e-02 5.9517e-02 4.9458e-02 2.5676e-02 -1.9770e-02 -2.4673e-02 3.1892e-02 -2.3402e-02 -2.4673e-02 -2.4673e-02 1.5376e-02 -2.5511e-02 -5.0660e-02 3.6527e-02 2.3486e-02 2.2555e-02 -2.7225e-02 2.7225e-02 5.0771e-02 -2.9104e-02 -3.0988e-02 -3.1385e-02 -3.0460e-02 -3.0460e-02 -3.7893e-02 -6.1828e-02 -2.8381e-02 -3.8829e-02 7.0554e-02 1.9468e-02 3.8337e-03 2.0496e-02 1.3938e-02 -1.1354e-01 5.8917e-02 -2.0731e-02 2.7678e-02 6.8429e-03 -7.6460e-02 2.1392e-02 -9.1554e-02 -9.1554e-02 -3.7140e-02
4.7960e-02 -3.6700e-02 -1.2108e-01 -1.7399e-02 -6.9530e-02 -7.7561e-02 9.9304e-02 -1.3703e-01 1.3809e-01 1.7768e-01 1.7841e-01 1.0000e+00 1.0000e+00 1.0000e+00 6.6488e-01 1.5294e-01 6.6645e-01 1.0000e+00 1.0000e+00 9.9630e-01 1.5216e-01 6.6769e-02 9.4966e-01 6.6769e-02 -2.5497e-02 -1.2153e-01 -1.0378e-01 -2.3224e-01 -5.8116e-02 5.4092e-02 -2.2106e-01 -8.5210e-02 -8.5210e-02 -9.0415e-02 -1.1053e-01 -2.9484e-02 -3.5073e-02 -9.0417e-02 5.2506e-03 -3.3527e-02 -3.2550e-02 -3.3527e-02 -3.5154e-02 2.9537e-02 1.2402e-02 1.7444e-02 1.5106e-02 7.5939e-03 1.9209e-02 1.9209e-02 2.0371e-02 1.3071e-02 1.9461e-02 4.2084e-02 3.0468e-02 3.9224e-02 -3.3615e-03 4.0180e-02 1.2049e-02 1.2939e-02 4.2084e-02 2.4071e-02 4.1133e-02 -2.2650e-02 -2.0686e-02 -1.1317e-02 -1.2972e-02 5.9517e-02 4.9458e-02 2.5676e-02 -1.9770e-02 -2.4673e-02 3.1892e-02 -2.3402e-02 -2.4673e-02 -2.4673e-02 1.5376e-02 -2.5511e-02 -5.0660e-02 3.6527e-02 2.3486e-02 2.2555e-02 -2.7225e-02 2.7225e-02 5.0771e-02 -2.9104e-02 -3.0988e-02 -3.1385e-02 -3.0460e-02 -3.0460e-02 -3.7893e-02 -6.1828e-02 -2.8381e-02 -3.8829e-02 7.0554e-02 1.9468e-02 3.8337e-03 2.0496e-02 1.3938e-02 -1.1354e-01 5.8917e-02 -2.0731e-02 2.7678e-02 6.8429e-03 -7.6460e-02 2.1392e-02 -9.1554e-02 -9.1554e-02 -3.7140e-02
4.7783e-02 -3.7381e-02 -1.1690e-01 -1.7877e-02 -7.0340e-02 -7.8373e-02 9.7259e-02 -1.3816e-01 1.3742e-01 1.7703e-01 1.7775e-01 9.9630e-01 9.9630e-01 9.9630e-01 6.6242e-01 1.5238e-01 6.6398e-01 9.9630e-01 9.9630e-01 1.0000e+00 1.5160e-01 6.6521e-02 9.5328e-01 6.6521e-02 -2.6663e-02 -1.2302e-01 -1.0597e-01 -2.3366e-01 -6.0485e-02 5.3491e-02 -2.2240e-01 -8.6767e-02 -8.6767e-02 -8.9510e-02 -1.1109e-01 -3.0167e-02 -3.5790e-02 -9.2928e-02 4.3116e-03 -3.5392e-02 -3.4416e-02 -3.5392e-02 -3.3554e-02 3.1645e-02 1.4440e-02 1.9836e-02 1.3677e-02 6.1500e-03 2.1597e-02 2.1597e-02 2.2500e-02 1.1645e-02 2.1592e-02 4.6942e-02 3.5284e-02 4.4114e-02 -5.3120e-03 4.5059e-02 1.0625e-02 1.5058e-02 4.6942e-02 2.2736e-02 4.6001e-02 -2.4857e-02 -2.2869e-02 -1.3468e-02 -1.4955e-02 5.8063e-02 4.8108e-02 3.0381e-02 -1.6074e-02 -2.1046e-02 3.6613e-02 -1.9973e-02 -2.1046e-02 -2.1046e-02 1.9676e-02 -2.7738e-02 -4.9279e-02 4.1625e-02 2.5500e-02 2.4571e-02 -2.9232e-02 2.9232e-02 5.3131e-02 -3.1106e-02 -3.2987e-02 -3.3488e-02 -3.2566e-02 -3.2566e-02 -3.9983e-02 -6.4215e-02 -3.0438e-02 -4.0916e-02 7.3119e-02 2.4777e-02 2.9914e-03 2.5792e-02 1.3021e-02 -1.1407e-01 5.8699e-02 -2.2567e-02 2.7216e-02 6.4633e-03 -7.7176e-02 2.0838e-02 -9.2338e-02 -9.2338e-02 -3.4764e-02
-3.8301e-02 -5.9962e-02 -1.1009e-01 -5.5648e-02 -5.2495e-02 -6.4021e-02 -1.9072e-01 -8.9104e-02 8.9495e-01 8.4720e-01 8.4375e-01 1.5216e-01 1.5216e-01 1.5216e-01 -5.3097e-01 9.9489e-01 -5.3223e-01 1.5216e-01 1.5216e-01 1.5160e-01 1.0000e+00 -5.3322e-02 1.5664e-01 -5.3322e-02 7.6801e-01 6.7915e-01 3.6241e-01 -7.3121e-02 3.0893e-01 5.3806e-01 -6.4271e-02 4.4852e-01 4.4852e-01 1.2977e-03 -3.6652e-02 -1.8016e-02 -7.6658e-03 4.4981e-02 -5.0405e-02 1.5897e-02 1.5127e-02 1.5897e-02 -1.1860e-02 -5.9244e-02 2.3184e-02 -1.5577e-02 -4.2809e-02 -4.2046e-02 -1.6988e-02 -1.6988e-02 2.7825e-02 -4.1281e-02 2.8527e-02 -3.6143e-02 -3.6897e-02 -4.1321e-02 -1.9194e-02 -3.4630e-02 -3.2827e-02 2.2608e-02 -2.8723e-02 -2.1667e-02 -2.7957e-02 4.6464e-02 5.5997e-02 5.0890e-02 1.3127e-02 -3.7775e-02 -6.1942e-03 4.5128e-02 2.9620e-02 3.1101e-02 5.2461e-02 3.1841e-02 3.1101e-02 3.1101e-02 3.8583e-02 -2.1375e-02 1.2653e-02 2.4314e-02 -1.2387e-02 -1.1647e-02 8.5885e-03 -1.5354e-02 -7.2925e-03 1.0069e-02 1.1555e-02 1.4035e-02 1.3303e-02 1.3303e-02 -7.6386e-03 -5.7498e-03 -6.1937e-03 -1.3627e-02 9.3997e-03 1.5917e-02 -6.4447e-02 1.5042e-02 -7.0901e-02 -3.1210e-02 -2.2926e-02 -8.9437e-02 -1.7143e-02 6.0950e-02 1.7114e-03 -3.3019e-02 1.0901e-02 1.0901e-02 -1.0928e-02
-1.6807e-02 -3.3100e-02 -7.7638e-02 -2.4419e-02 -3.5712e-02 -3.4612e-02 1.6756e-01 -4.4347e-02 -5.7090e-02 -6.2266e-02 -6.2519e-02 6.6769e-02 6.6769e-02 6.6769e-02 1.0042e-01 -5.3596e-02 1.0019e-01 6.6769e-02 6.6769e-02 6.6521e-02 -5.3322e-02 1.0000e+00 6.8733e-02 1.0000e+00 -6.2012e-02 -6.6521e-02 -1.0856e-01 -4.7064e-02 -1.2505e-01 -4.1509e-02 -4.4038e-02 -7.5482e-02 -7.5482e-02 -2.3579e-01 -1.6083e-02 -3.0394e-03 -5.0326e-03 -8.7928e-02 2.2345e-01 -7.1165e-02 -7.1430e-02 -7.1165e-02 -1.2759e-01 8.6705e-02 9.9039e-02 1.0528e-01 1.5608e-01 1.5669e-01 1.0472e-01 1.0472e-01 8.9351e-02 1.5730e-01 8.9616e-02 -1.0339e-02 -1.0677e-02 -9.3184e-03 -9.5232e-02 -9.6593e-03 1.5792e-01 8.9881e-02 -1.0339e-02 1.6689e-01 -9.9993e-03 9.7766e-02 9.9212e-02 9.9940e-02 1.1486e-01 1.3757e-01 1.3901e-01 -1.3355e-02 -2.7050e-02 -2.9154e-02 -1.3355e-02 -3.6871e-02 -2.9154e-02 -2.9154e-02 -2.4247e-02 -8.0761e-02 -1.3449e-01 -3.7366e-03 6.7932e-02 6.8205e-02 -5.2770e-02 6.6840e-02 7.1323e-02 -6.6293e-02 -6.5746e-02 -7.2295e-02 -7.2568e-02 -7.2568e-02 -7.0387e-02 -7.1323e-02 -6.9842e-02 -5.6161e-02 8.0668e-02 -1.3811e-02 2.0837e-01 -1.4159e-02 -5.3596e-02 6.1182e-02 5.3122e-01 1.0253e-01 -2.9890e-02 7.0703e-02 -2.9468e-02 -3.4239e-02 -3.1126e-02 -3.1126e-02 -6.1431e-02
4.9372e-02 -3.1389e-02 -9.9857e-02 3.4126e-03 -6.3222e-02 -7.1251e-02 7.2211e-02 -1.2822e-01 1.3524e-01 1.8291e-01 1.8366e-01 9.4966e-01 9.4966e-01 9.4966e-01 6.2069e-01 1.5744e-01 6.2225e-01 9.4966e-01 9.4966e-01 9.5328e-01 1.5664e-01 6.8733e-02 1.0000e+00 6.8733e-02 -1.6381e-02 -1.0993e-01 -9.7945e-02 -2.2121e-01 -5.0458e-02 5.8820e-02 -2.1066e-01 -7.3069e-02 -7.3069e-02 -9.7539e-02 -1.0616e-01 -2.4153e-02 -2.9481e-02 -7.6210e-02 -2.9998e-02 -2.4749e-02 -2.3752e-02 -2.4749e-02 -1.2089e-02 1.8597e-02 2.0187e-03 4.1031e-03 -1.1868e-02 -1.9328e-02 5.9124e-03 5.9124e-03 9.2304e-03 -1.4049e-02 8.3000e-03 4.7269e-02 3.5918e-02 4.4342e-02 6.2803e-03 4.5320e-02 -1.5145e-02 1.8659e-03 4.7269e-02 -4.7213e-03 4.6295e-02 -3.8184e-02 -3.6464e-02 -2.7380e-02 -3.6747e-02 4.0558e-02 2.2005e-02 3.1543e-02 -1.5140e-02 -1.9658e-02 3.7640e-02 -1.7347e-02 -1.9658e-02 -1.9658e-02 2.2786e-02 -8.0936e-03 -2.3897e-02 4.1028e-02 1.3342e-02 1.2391e-02 -1.7160e-02 1.7160e-02 4.3173e-02 -1.9078e-02 -2.1002e-02 -2.0484e-02 -1.9540e-02 -1.9540e-02 -2.7132e-02 -5.4017e-02 -1.7879e-02 -2.8087e-02 6.1239e-02 2.3563e-02 -2.6836e-02 2.4616e-02 2.9642e-02 -1.0944e-01 6.0651e-02 -4.6935e-02 4.5426e-02 9.8166e-03 -1.1383e-01 3.8214e-02 -1.2628e-01 -1.2628e-01 -2.3312e-03
-1.6807e-02 -3.3100e-02 -7.7638e-02 -2.4419e-02 -3.5712e-02 -3.4612e-02 1.6756e-01 -4.4347e-02 -5.7090e-02 -6.2266e-02 -6.2519e-02 6.6769e-02 6.6769e-02 6.6769e-02 1.0042e-01 -5.3596e-02 1.0019e-01 6.6769e-02 6.6769e-02 6.6521e-02 -5.3322e-02 1.0000e+00 6.8733e-02 1.0000e+00 -6.2012e-02 -6.6521e-02 -1.0856e-01 -4.7064e-02 -1.2505e-01 -4.1509e-02 -4.4038e-02 -7.5482e-02 -7.5482e-02 -2.3579e-01 -1.6083e-02 -3.0394e-03 -5.0326e-03 -8.7928e-02 2.2345e-01 -7.1165e-02 -7.1430e-02 -7.1165e-02 -1.2759e-01 8.6705e-02 9.9039e-02 1.0528e-01 1.5608e-01 1.5669e-01 1.0472e-01 1.0472e-01 8.9351e-02 1.5730e-01 8.9616e-02 -1.0339e-02 -1.0677e-02 -9.3184e-03 -9.5232e-02 -9.6593e-03 1.5792e-01 8.9881e-02 -1.0339e-02 1.6689e-01 -9.9993e-03 9.7766e-02 9.9212e-02 9.9940e-02 1.1486e-01 1.3757e-01 1.3901e-01 -1.3355e-02 -2.7050e-02 -2.9154e-02 -1.3355e-02 -3.6871e-02 -2.9154e-02 -2.9154e-02 -2.4247e-02 -8.0761e-02 -1.3449e-01 -3.7366e-03 6.7932e-02 6.8205e-02 -5.2770e-02 6.6840e-02 7.1323e-02 -6.6293e-02 -6.5746e-02 -7.2295e-02 -7.2568e-02 -7.2568e-02 -7.0387e-02 -7.1323e-02 -6.9842e-02 -5.6161e-02 8.0668e-02 -1.3811e-02 2.0837e-01 -1.4159e-02 -5.3596e-02 6.1182e-02 5.3122e-01 1.0253e-01 -2.9890e-02 7.0703e-02 -2.9468e-02 -3.4239e-02 -3.1126e-02 -3.1126e-02 -6.1431e-02
-4.4544e-02 -4.6293e-02 -7.8031e-02 -6.4718e-02 -1.7279e-02 -2.5419e-02 -2.2669e-01 -4.2807e-02 7.2019e-01 6.4437e-01 6.4135e-01 -2.5497e-02 -2.5497e-02 -2.5497e-02 -5.1794e-01 7.7280e-01 -5.1308e-01 -2.5497e-02 -2.5497e-02 -2.6663e-02 7.6801e-01 -6.2012e-02 -1.6381e-02 -6.2012e-02 1.0000e+00 8.5414e-01 4.6232e-01 9.8726e-02 3.6772e-01 5.4512e-01 9.8056e-02 5.6974e-01 5.6974e-01 8.2930e-03 -4.2626e-02 1.6402e-02 2.3441e-02 8.8584e-02 -5.9710e-02 6.4604e-02 6.3665e-02 6.4604e-02 3.3307e-03 -1.0144e-01 -2.3244e-02 -5.9465e-02 -3.4435e-02 -3.3523e-02 -5.5357e-02 -5.5357e-02 -1.5576e-02 -3.2609e-02 -1.4732e-02 -7.2906e-02 -7.3741e-02 -7.7041e-02 1.2119e-02 -7.1230e-02 -2.4830e-02 -1.9800e-02 -6.6282e-02 -1.8560e-02 -6.5436e-02 3.7402e-02 4.6675e-02 4.2498e-02 1.6427e-02 -6.3256e-02 -1.5824e-02 1.1283e-02 -5.8867e-03 1.9016e-04 1.7830e-02 -3.7580e-03 1.9016e-04 1.9016e-04 1.2117e-02 2.3148e-02 2.3232e-02 -1.5824e-02 -6.9770e-02 -6.8872e-02 6.7340e-02 -7.3380e-02 -5.7242e-02 6.9146e-02 7.0959e-02 6.7496e-02 6.6613e-02 6.6613e-02 4.9768e-02 4.5600e-02 5.1526e-02 5.0647e-02 -4.7073e-02 -2.0472e-02 -7.7060e-02 -1.4435e-02 -7.8007e-02 -4.1537e-03 -3.3183e-02 -9.8132e-02 -1.8546e-02 4.0654e-02 -1.6622e-02 -1.0385e-02 -9.4405e-03 -9.4405e-03 -5.0336e-02
-4.7783e-02 -4.1511e-02 -8.5520e-02 -6.9424e-02 -1.5596e-02 -2.2643e-02 -2.2958e-01 5.6857e-02 6.2590e-01 5.5463e-01 5.5179e-01 -1.2153e-01 -1.2153e-01 -1.2153e-01 -5.2615e-01 6.7504e-01 -5.2759e-01 -1.2153e-01 -1.2153e-01 -1.2302e-01 6.7915e-01 -6.6521e-02 -1.0993e-01 -6.6521e-02 8.5414e-01 1.0000e+00 5.4363e-01 3.2069e-01 4.3212e-01 5.2721e-01 3.0418e-01 6.7581e-01 6.7581e-01 2.0643e-02 3.2683e-02 3.0167e-02 2.3400e-02 7.6370e-02 -7.3989e-02 5.3182e-02 5.2190e-02 5.3182e-02 1.5361e-02 -8.8310e-02 -5.4255e-02 -8.5767e-02 -4.6189e-02 -4.5225e-02 -8.2069e-02 -8.2069e-02 -4.5034e-02 -4.4259e-02 -4.4114e-02 -7.8475e-02 -7.9370e-02 -7.5776e-02 3.4043e-02 -7.0354e-02 -3.6757e-02 -5.4449e-02 -7.2168e-02 -2.9424e-02 -7.1262e-02 8.0968e-03 1.7272e-02 1.3468e-02 -2.2587e-03 -6.4271e-02 -3.5143e-02 7.0128e-03 -1.2516e-02 -7.4114e-03 7.0128e-03 -1.9271e-02 -7.4114e-03 -7.4114e-03 4.3022e-03 5.5631e-02 4.2874e-02 -9.2143e-03 -9.4307e-02 -9.3330e-02 9.8235e-02 -9.8235e-02 -8.0842e-02 1.0021e-01 1.0219e-01 9.0224e-02 8.9266e-02 8.9266e-02 7.4177e-02 6.9758e-02 7.6090e-02 9.2240e-02 -6.2155e-02 -1.8112e-02 -8.8700e-02 -1.2486e-02 -3.0441e-02 8.3470e-02 -3.8195e-02 -1.0185e-01 -4.1657e-02 5.0572e-02 -3.9883e-02 -3.3589e-02 -3.2854e-02 -3.2854e-02 -3.6229e-02
7.7212e-02 -6.1889e-02 -6.8788e-03 2.1988e-02 -7.0578e-02 -7.2544e-02 -1.8952e-01 -8.8926e-03 3.2014e-01 4.0467e-01 4.0148e-01 -1.0378e-01 -1.0378e-01 -1.0378e-01 -3.9708e-01 3.6545e-01 -3.9440e-01 -1.0378e-01 -1.0378e-01 -1.0597e-01 3.6241e-01 -1.0856e-01 -9.7945e-02 -1.0856e-01 4.6232e-01 5.4363e-01 1.0000e+00 4.3351e-01 7.9941e-01 3.7401e-01 3.9771e-01 6.5813e-01 6.5813e-01 -3.6087e-02 -1.3870e-02 4.8615e-02 3.7590e-02 1.3961e-01 -8.6713e-02 1.2789e-01 1.3082e-01 1.2789e-01 6.0137e-02 -1.5398e-01 -8.8491e-02 -1.3604e-01 -9.5944e-02 -9.4404e-02 -1.3471e-01 -1.3471e-01 -1.0790e-01 -9.2860e-02 -1.0638e-01 -8.8338e-02 -8.9854e-02 -8.3771e-02 7.1699e-02 -8.5297e-02 -8.6249e-02 -1.1358e-01 -8.8338e-02 -7.9534e-02 -8.6819e-02 -3.7406e-02 -3.1668e-02 -2.8791e-02 -2.9195e-02 -1.0149e-01 -8.3944e-02 -1.9763e-02 -5.5008e-03 -6.9965e-03 -1.9763e-02 -1.8663e-02 -6.9965e-03 -6.9965e-03 -6.8841e-03 9.6627e-02 9.1280e-02 -3.3716e-02 -1.1595e-01 -1.1438e-01 1.1780e-01 -1.1780e-01 -1.1307e-01 1.2096e-01 1.1967e-01 1.0436e-01 1.0282e-01 1.0282e-01 9.3101e-02 1.0018e-01 9.6186e-02 1.2557e-01 -9.8864e-02 -2.5913e-02 -6.7512e-02 -1.7285e-02 8.2004e-02 3.1301e-02 -6.4024e-02 -8.9526e-02 2.9153e-02 2.8950e-02 1.0662e-02 1.8975e-02 1.7250e-02 1.7250e-02 -1.5147e-02
2.2680e-01 1.8537e-03 1.0096e-01 1.7807e-01 8.0345e-03 1.2526e-02 -1.3799e-01 1.2238e-01 -6.0857e-02 1.4820e-01 1.4690e-01 -2.3224e-01 -2.3224e-01 -2.3224e-01 -2.9907e-01 -7.3808e-02 -3.0002e-01 -2.3224e-01 -2.3224e-01 -2.3366e-01 -7.3121e-02 -4.7064e-02 -2.2121e-01 -4.7064e-02 9.8726e-02 3.2069e-01 4.3351e-01 1.0000e+00 3.4028e-01 -6.9502e-02 9.0909e-01 5.7004e-01 5.7004e-01 5.8600e-02 6.9671e-02 6.3858e-02 5.7866e-02 1.1507e-01 -5.8128e-03 1.0712e-01 1.1406e-01 1.0712e-01 4.1149e-02 -1.0160e-01 -1.2063e-01 -1.2734e-01 -2.2262e-02 -2.1564e-02 -1.2150e-01 -1.2150e-01 -1.2399e-01 -2.0864e-02 -1.2329e-01 -9.3934e-02 -9.4516e-02 -9.2183e-02 1.0165e-01 -9.2768e-02 -2.0162e-02 -1.2991e-01 -9.3934e-02 -1.8805e-02 -9.3352e-02 -4.7018e-02 -4.4591e-02 -4.3375e-02 -2.6702e-02 -6.0467e-02 -3.2086e-02 -8.2921e-02 -8.1907e-02 -7.8604e-02 -9.1030e-02 -8.6535e-02 -7.8604e-02 -7.8604e-02 -7.9292e-02 1.1812e-01 3.7469e-02 -7.4258e-02 -1.4427e-01 -1.4352e-01 1.4727e-01 -1.4727e-01 -1.3684e-01 1.4878e-01 1.5030e-01 1.3992e-01 1.3919e-01 1.3919e-01 1.4503e-01 1.4405e-01 1.4651e-01 1.7545e-01 -1.4352e-01 -7.2270e-02 -9.7060e-03 -7.2894e-02 1.1885e-01 9.1904e-02 -4.1530e-02 -4.7823e-02 1.0898e-01 2.9286e-02 -2.1575e-03 1.1363e-01 -2.6411e-02 -2.6411e-02 -1.1732e-02
5.9660e-02 2.9177e-02 1.2996e-02 -1.9430e-04 1.9873e-02 2.2342e-02 -2.4628e-01 5.8811e-02 2.5219e-01 3.3527e-01 3.3198e-01 -5.8116e-02 -5.8116e-02 -5.8116e-02 -3.0783e-01 3.1159e-01 -3.0547e-01 -5.8116e-02 -5.8116e-02 -6.0485e-02 3.0893e-01 -1.2505e-01 -5.0458e-02 -1.2505e-01 3.6772e-01 4.3212e-01 7.9941e-01 3.4028e-01 1.0000e+00 3.3194e-01 3.5216e-01 6.0362e-01 6.0362e-01 -1.3313e-01 -2.7437e-02 7.3409e-03 -3.9801e-03 1.3738e-01 -1.0443e-01 1.5499e-01 1.5750e-01 1.5499e-01 5.5071e-02 -1.8771e-01 -1.0947e-01 -1.5887e-01 -9.6745e-02 -9.4950e-02 -1.5405e-01 -1.5405e-01 -1.2352e-01 -9.3149e-02 -1.2177e-01 -8.6360e-02 -8.3426e-02 -8.1036e-02 1.0206e-01 -8.2815e-02 -8.6468e-02 -1.2842e-01 -8.6360e-02 -7.5496e-02 -8.4590e-02 -5.4332e-02 -4.7745e-02 -4.4443e-02 -2.9994e-02 -3.7788e-02 -6.6456e-02 -2.3039e-02 -1.7100e-02 -2.0437e-02 -2.3039e-02 -4.2790e-02 -2.0437e-02 -2.0437e-02 -1.1514e-02 1.0728e-01 7.6203e-02 -3.2591e-02 -1.0953e-01 -1.0774e-01 1.1243e-01 -1.1243e-01 -9.8274e-02 1.1604e-01 1.1536e-01 8.9709e-02 8.7958e-02 8.7958e-02 7.2264e-02 7.3456e-02 7.5772e-02 1.1232e-01 -7.5850e-02 -9.5822e-03 -8.5672e-02 -6.5894e-03 6.4577e-02 1.8162e-02 -7.9739e-02 -9.0117e-02 1.2695e-02 8.3358e-03 6.3179e-03 7.3409e-03 2.0516e-02 2.0516e-02 -2.9697e-03
-2.9816e-02 -2.0671e-02 -5.7857e-02 -4.3320e-02 -2.7828e-02 -2.4863e-02 -1.1758e-01 -3.4557e-02 4.7497e-01 4.5266e-01 4.5057e-01 5.4092e-02 5.4092e-02 5.4092e-02 -3.1047e-01 5.3504e-01 -3.1136e-01 5.4092e-02 5.4092e-02 5.3491e-02 5.3806e-01 -4.1509e-02 5.8820e-02 -4.1509e-02 5.4512e-01 5.2721e-01 3.7401e-01 -6.9502e-02 3.3194e-01 1.0000e+00 -7.8125e-02 5.4992e-01 5.4992e-01 4.6720e-02 -2.8532e-02 -6.0742e-02 -6.2710e-02 9.1577e-02 -6.9877e-02 1.3116e-01 1.3045e-01 1.3116e-01 2.8122e-02 -1.9874e-01 -1.1235e-01 -1.7098e-01 -1.1826e-01 -1.1780e-01 -1.7217e-01 -1.7217e-01 -1.0233e-01 -1.1734e-01 -1.0171e-01 -7.3092e-02 -7.3619e-02 -7.1508e-02 1.2205e-01 -7.2037e-02 -1.0742e-01 -1.0924e-01 -7.3092e-02 -1.0067e-01 -7.2565e-02 -4.4813e-02 -4.2680e-02 -4.1611e-02 -3.7006e-02 -1.0630e-01 2.7504e-03 -6.8780e-02 -8.9357e-02 -9.2897e-02 -7.7798e-02 -8.9747e-02 -9.2897e-02 -9.2897e-02 -7.7710e-02 9.0814e-02 2.3676e-03 -5.3526e-02 -9.5196e-02 -9.4561e-02 9.7752e-02 -9.7752e-02 -7.3952e-02 9.9038e-02 1.0033e-01 1.0160e-01 1.0098e-01 1.0098e-01 5.6542e-02 4.1874e-02 5.7749e-02 4.0642e-02 -3.1398e-02 -4.3788e-02 -7.1281e-02 -4.4373e-02 -3.2070e-02 1.9983e-02 -3.6628e-02 -1.3529e-01 9.6582e-03 9.7922e-02 -3.1106e-02 -5.3920e-03 -1.4965e-02 -1.4965e-02 4.1150e-02
2.4389e-01 1.0051e-02 1.1251e-01 1.9422e-01 1.7223e-02 2.1703e-02 -1.4464e-01 1.2624e-01 -7.3211e-02 1.6119e-01 1.5991e-01 -2.2106e-01 -2.2106e-01 -2.2106e-01 -2.9998e-01 -6.4931e-02 -3.0089e-01 -2.2106e-01 -2.2106e-01 -2.2240e-01 -6.4271e-02 -4.4038e-02 -2.1066e-01 -4.4038e-02 9.8056e-02 3.0418e-01 3.9771e-01 9.0909e-01 3.5216e-01 -7.8125e-02 1.0000e+00 5.7399e-01 5.7399e-01 4.6362e-02 7.7589e-02 5.8340e-02 5.2774e-02 1.3787e-01 -2.8988e-02 1.2958e-01 1.2883e-01 1.2958e-01 7.0339e-02 -1.2759e-01 -1.3949e-01 -1.5182e-01 -5.7020e-02 -5.6424e-02 -1.4550e-01 -1.4550e-01 -1.4417e-01 -5.5826e-02 -1.4349e-01 -9.5273e-02 -9.5807e-02 -9.3665e-02 1.2628e-01 -9.4202e-02 -5.5227e-02 -1.5056e-01 -9.5273e-02 -4.6676e-02 -9.4738e-02 -6.6254e-02 -6.4028e-02 -6.2913e-02 -4.8755e-02 -6.7476e-02 -6.7125e-02 -1.0006e-01 -8.3059e-02 -7.9039e-02 -1.0006e-01 -8.5491e-02 -7.9039e-02 -7.9039e-02 -8.4714e-02 1.4695e-01 7.1720e-02 -8.4959e-02 -1.7941e-01 -1.7868e-01 1.8235e-01 -1.8235e-01 -1.7536e-01 1.8383e-01 1.8532e-01 1.7577e-01 1.7507e-01 1.7507e-01 1.8076e-01 1.8298e-01 1.8220e-01 2.1286e-01 -1.8457e-01 -8.4588e-02 -3.7842e-02 -8.5143e-02 1.3875e-01 1.0051e-01 -3.8859e-02 -7.4912e-02 1.2253e-01 1.0269e-02 -3.5335e-02 1.4604e-01 -5.8584e-02 -5.8584e-02 -1.6331e-02
