1.0000e+00 9.6035e-02 1.7400e-02 2.8756e-02 1.1621e-02 1.1621e-02 1.4033e-02 1.1621e-02 1.1621e-02 2.3099e-02 -1.6074e-02 1.2826e-02 1.8540e-03 -8.2262e-03 -1.3700e-02 -1.8445e-02 -5.5094e-03 -1.8445e-02 4.2238e-02 -1.8445e-02 4.4086e-02 4.0433e-02 4.2238e-02 4.2238e-02 4.2238e-02 -3.2075e-02 1.6064e-02 1.3376e-02 1.0955e-02 -3.0694e-02 -4.2625e-02 -2.7682e-02 4.9589e-03 5.6780e-03 4.9589e-03 -3.1943e-02 2.4913e-03 7.3048e-03 2.8374e-02 4.4478e-04 7.3048e-03 7.3048e-03 -6.1451e-02 -3.7908e-02 9.7154e-03 9.7154e-03 -4.4294e-02 -4.4294e-02 9.7154e-03 9.7154e-03 -4.4294e-02 -4.4294e-02 -3.7908e-02 -3.7908e-02 3.7908e-02 -3.7908e-02 -4.4294e-02 -4.4873e-02 -3.7332e-02 -4.3715e-02 -4.3479e-02 -4.3715e-02 -4.4294e-02 9.7154e-03 -4.3715e-02 9.7154e-03 -3.9634e-02 -3.8500e-02 -2.0738e-02 -2.0738e-02 -3.9770e-02 -2.8963e-02 -3.9770e-02 -3.9770e-02 -3.9770e-02 -3.9770e-02 -3.9770e-02 -3.9770e-02 -3.9770e-02 -3.9770e-02 -3.9770e-02 -3.1356e-03 -3.9770e-02 -1.9723e-02 6.0722e-02 -3.4443e-02 -3.2579e-02 6.1860e-02 -3.4443e-02 -5.5949e-02 -5.5949e-02 -5.5949e-02 -5.5949e-02 6.2217e-02 -3.3780e-03 -5.1866e-03 -5.1866e-03 5.2382e-02 -7.6480e-03 3.2768e-02 1.6574e-03 3.2187e-02 1.6574e-03 -2.7419e-02 3.0441e-02 3.6000e-02 -3.4508e-02 -1.9931e-02 4.2005e-02 -3.8555e-02 -2.4451e-02 -1.3883e-03 -2.2231e-02 -2.2231e-02 -9.3424e-03 -1.3311e-02 -5.3762e-02 -5.0348e-03 -5.2978e-02 -1.3131e-02 3.1884e-03 -1.1818e-02 -3.8457e-02 2.1296e-02 -2.5151e-02 -3.4579e-03 -4.5038e-03 7.2101e-02 7.8993e-03 7.8993e-03 7.8993e-03 7.8993e-03 7.8993e-03 6.4693e-03 7.1831e-03 -3.5793e-02 7.8993e-03 5.7447e-02 1.5409e-02 2.1402e-02 2.8798e-02 2.8798e-02 4.5459e-02 5.0488e-02 -9.4581e-02 2.2905e-02 9.1616e-02 9.9630e-02 1.0192e-02 2.2061e-02 8.4459e-02 -1.0779e-01 -9.8282e-02 8.2118e-02 -7.2292e-02 -1.0935e-01 3.4917e-02 3.4917e-02 -1.2614e-02 2.0263e-02 -3.1230e-02 2.7972e-02 -2.3163e-02 -5.4745e-04 -5.4745e-04 -5.0518e-02 -7.9860e-03 -4.4636e-02 -4.4636e-02 -6.4876e-03 -1.5180e-02 -8.7303e-03 -8.7303e-03 1.3074e-02 -8.7303e-03 -1.1676e-02 6.0928e-02 6.0928e-02 6.0928e-02 6.0928e-02 2.3878e-02 5.3849e-02 2.3878e-02 2.3878e-02 5.4064e-02
9.6035e-02 1.0000e+00 -9.0347e-02 -6.2358e-02 -9.2730e-02 -9.2730e-02 -8.9611e-02 -9.2730e-02 -9.2730e-02 -6.4595e-02 5.5672e-02 -9.4324e-02 3.9326e-02 3.3719e-02 3.4888e-02 -2.5481e-02 3.0818e-02 -2.5481e-02 3.6514e-02 -2.5481e-02 3.5129e-02 3.7876e-02 3.6514e-02 3.6514e-02 3.6514e-02 1.2187e-02 3.5959e-02 3.8824e-02 3.5683e-02 9.2048e-03 -3.2071e-02 -2.7283e-02 -2.8691e-02 3.7182e-02 -2.8691e-02 1.4066e-02 4.1241e-02 -3.1942e-02 2.8528e-02 2.3971e-02 -4.3995e-02 -4.3995e-02 3.5266e-02 -6.7026e-02 -3.5288e-02 -3.5288e-02 -5.0719e-02 -5.0719e-02 -3.5288e-02 -3.5288e-02 -5.0719e-02 -5.0719e-02 -6.7026e-02 -6.7026e-02 6.7026e-02 -6.7026e-02 -5.0719e-02 -4.9920e-02 -6.7790e-02 -5.1519e-02 9.5417e-03 -5.1519e-02 -5.0719e-02 -3.5288e-02 -5.1519e-02 -3.5288e-02 -7.0949e-02 -6.2394e-02 -4.5737e-02 -4.5737e-02 -6.9758e-02 -6.0788e-02 -6.9758e-02 -6.9758e-02 -6.9758e-02 -6.9758e-02 -6.9758e-02 -6.9758e-02 -6.9758e-02 -6.9758e-02 -6.9758e-02 4.3720e-02 -6.9758e-02 -4.7505e-02 5.3931e-02 -4.7505e-02 -5.1123e-02 5.2311e-02 -4.7505e-02 -1.1364e-02 -1.1364e-02 -1.1364e-02 -1.1364e-02 4.8274e-02 -7.8988e-02 -7.3378e-02 -7.3378e-02 1.6793e-02 -7.0849e-02 7.5404e-02 -5.9207e-02 7.6194e-02 -5.9207e-02 -6.8724e-02 7.2251e-02 -4.4311e-02 -7.3042e-02 1.5256e-02 -2.0976e-02 -9.8953e-02 -5.1863e-02 8.6616e-02 -5.5310e-02 -5.5310e-02 -5.4993e-02 -7.1378e-02 -1.0954e-03 -7.0713e-02 -1.4394e-03 -6.4959e-02 5.4807e-02 -4.0786e-02 4.0744e-02 4.3190e-02 -4.3525e-02 7.1310e-02 5.4880e-02 3.4036e-03 5.2137e-02 5.2137e-02 5.2137e-02 5.2137e-02 5.2137e-02 5.3735e-02 5.2937e-02 7.2686e-02 5.2137e-02 -1.1817e-02 5.3735e-02 5.6907e-02 5.1132e-02 5.1132e-02 -6.2139e-02 2.6733e-02 -1.9468e-02 -6.4046e-02 1.3535e-02 1.4390e-02 -8.8823e-02 -7.9541e-02 -2.8364e-02 3.6079e-02 3.6982e-02 -2.6265e-02 3.3005e-02 3.8777e-02 -1.0619e-02 -1.0619e-02 -2.7191e-02 -4.5276e-02 -1.7451e-02 3.5547e-03 1.8861e-02 4.2916e-02 4.2916e-02 -1.5051e-02 4.8385e-02 -1.9263e-02 -1.9263e-02 4.6670e-02 -4.4092e-02 4.1184e-02 4.1184e-02 -2.9709e-03 4.1184e-02 5.2619e-02 -2.1697e-02 -2.1697e-02 -2.1697e-02 -2.1697e-02 1.8678e-02 -1.8990e-02 1.8678e-02 1.8678e-02 -3.2192e-02
1.7400e-02 -9.0347e-02 1.0000e+00 8.6460e-01 9.9374e-01 9.9374e-01 9.8542e-01 9.9374e-01 9.9374e-01 8.6574e-01 -8.4503e-01 9.8957e-01 1.3672e-01 1.2862e-01 1.3300e-01 -1.7974e-02 1.2924e-01 -1.7974e-02 9.8808e-02 -1.7974e-02 1.0368e-01 1.0371e-01 9.8808e-02 9.8808e-02 9.8808e-02 -3.1257e-02 -6.6506e-02 -6.0928e-02 -2.3924e-03 1.4210e-02 -1.6575e-02 -3.8967e-02 8.0368e-03 -1.4235e-02 8.0368e-03 -3.7837e-02 -1.5263e-02 6.3576e-03 5.4999e-02 4.2142e-02 1.4372e-02 1.4372e-02 -2.6291e-02 -3.9806e-02 -2.7857e-02 -2.7857e-02 -2.6491e-02 -2.6491e-02 -2.7857e-02 -2.7857e-02 -2.6491e-02 -2.6491e-02 -3.9806e-02 -3.9806e-02 3.9806e-02 -3.9806e-02 -2.6491e-02 -2.3864e-02 -3.8212e-02 -2.4847e-02 -4.2955e-02 -2.4847e-02 -2.2219e-02 -2.7857e-02 -2.4847e-02 -2.7857e-02 -4.0452e-02 -5.6902e-02 -1.4669e-02 -1.4669e-02 -4.6871e-02 -4.6871e-02 -4.6871e-02 -4.6871e-02 -4.6871e-02 -4.6871e-02 -4.6871e-02 -4.6871e-02 -4.6871e-02 -4.6871e-02 -4.6871e-02 9.7250e-03 -4.6871e-02 -1.1611e-02 1.9541e-02 -5.2226e-02 -4.6553e-02 1.4253e-02 -5.2226e-02 3.6107e-02 3.6107e-02 3.6107e-02 3.6107e-02 -5.1883e-03 7.5563e-02 -3.0290e-02 -3.0290e-02 2.3607e-02 6.8575e-02 -5.0214e-02 7.2159e-02 -5.1870e-02 7.2159e-02 -1.4700e-02 -6.1049e-02 -5.0041e-02 5.3634e-02 1.4471e-02 -2.6193e-02 5.4628e-02 4.2542e-02 1.5058e-02 3.8165e-02 4.3813e-02 5.4908e-02 4.8576e-02 4.7787e-02 4.7883e-02 3.2985e-02 4.6909e-02 8.0124e-03 4.2121e-02 -8.2297e-03 -5.1237e-02 -3.7430e-02 -5.9666e-02 -4.7883e-02 1.5445e-02 6.2880e-03 6.2880e-03 6.2880e-03 6.2880e-03 6.2880e-03 2.4324e-03 -5.8454e-04 -4.2137e-02 1.3383e-03 -3.6117e-02 1.2299e-02 9.5013e-03 1.0559e-02 1.0559e-02 3.6186e-02 -3.5763e-03 -4.7585e-02 2.7939e-02 4.1841e-02 3.4990e-02 2.1638e-02 2.0184e-02 4.3222e-02 8.3420e-02 8.6596e-02 3.8875e-02 -2.0205e-02 7.6384e-02 -1.6575e-02 -1.6575e-02 -4.0262e-02 -4.5373e-02 -3.4007e-02 -5.3215e-03 -3.7035e-02 3.4277e-02 3.4277e-02 -7.0384e-03 3.0028e-02 -3.4453e-03 -3.4453e-03 2.8964e-02 -7.4353e-03 2.7880e-02 2.7880e-02 5.4936e-02 2.7880e-02 1.4074e-02 2.3232e-02 2.3232e-02 2.3232e-02 2.3232e-02 1.9229e-02 2.3618e-02 1.9229e-02 1.9229e-02 1.3599e-02
2.8756e-02 -6.2358e-02 8.6460e-01 1.0000e+00 8.6325e-01 8.6325e-01 8.5603e-01 8.6325e-01 8.6325e-01 9.9401e-01 -9.6616e-01 8.5964e-01 1.3868e-01 1.2567e-01 1.3751e-01 -2.6286e-02 1.2765e-01 -2.6286e-02 1.6207e-01 -2.6286e-02 1.6819e-01 1.6555e-01 1.6207e-01 1.6207e-01 1.6207e-01 -4.5712e-02 -7.2068e-02 -6.1925e-02 -2.2586e-02 -5.7219e-04 -3.6322e-02 -4.6100e-02 1.6082e-02 -2.1598e-02 1.6082e-02 -5.1834e-02 -2.1145e-02 1.5622e-02 5.5536e-02 2.4528e-02 2.3464e-02 2.3464e-02 -1.4050e-02 -3.4401e-02 -1.6639e-02 -1.6639e-02 -2.6807e-02 -2.6807e-02 -1.6639e-02 -1.6639e-02 -2.6807e-02 -2.6807e-02 -3.4401e-02 -3.4401e-02 3.4401e-02 -3.4401e-02 -2.6807e-02 -2.4521e-02 -3.2563e-02 -2.4911e-02 -3.3845e-02 -2.4911e-02 -2.2626e-02 -1.6639e-02 -2.4911e-02 -1.6639e-02 -3.5870e-02 -6.8146e-02 -4.3475e-03 -4.3475e-03 -5.3612e-02 -5.3612e-02 -5.3612e-02 -5.3612e-02 -5.3612e-02 -5.3612e-02 -5.3612e-02 -5.3612e-02 -5.3612e-02 -5.3612e-02 -5.3612e-02 6.1293e-02 -5.3612e-02 -7.4267e-04 1.2328e-02 -7.2276e-02 -6.5915e-02 7.7409e-03 -7.2276e-02 3.9695e-02 3.9695e-02 3.9695e-02 3.9695e-02 -1.0777e-02 6.3872e-02 -2.7640e-02 -2.7640e-02 3.8104e-02 5.8766e-02 -3.0771e-02 6.2854e-02 -3.2663e-02 6.2854e-02 -1.5218e-02 -4.2464e-02 -4.5712e-02 3.3300e-02 9.9900e-02 -8.9190e-03 3.2373e-02 4.2520e-02 2.9931e-02 3.9381e-02 4.4909e-02 6.2088e-02 4.4016e-02 2.1403e-02 3.8154e-02 4.2846e-02 3.2701e-02 2.9657e-02 3.3067e-02 -3.9327e-03 -3.7592e-02 -2.6260e-02 -4.0103e-02 -3.3003e-02 -3.4713e-03 2.5757e-02 2.5757e-02 2.5757e-02 2.5757e-02 2.5757e-02 2.1257e-02 1.8668e-02 -2.1115e-02 2.0913e-02 -6.2604e-02 3.0912e-02 2.6737e-02 3.1842e-02 3.1842e-02 1.9001e-02 1.3162e-02 -5.6449e-02 2.6733e-02 5.3236e-02 4.6185e-02 1.0814e-02 1.8776e-02 1.3198e-02 9.1877e-02 9.4589e-02 8.5930e-03 -1.9735e-02 8.3809e-02 -2.2365e-02 -2.2365e-02 -5.9555e-02 -5.9094e-02 -5.4696e-02 -2.9446e-02 -5.6580e-02 3.2092e-02 3.2092e-02 -1.8788e-02 2.9006e-02 -1.6170e-02 -1.6170e-02 2.8686e-02 -1.5696e-02 2.6545e-02 2.6545e-02 5.8337e-02 2.6545e-02 2.2008e-02 3.0129e-02 3.0129e-02 3.0129e-02 3.0129e-02 3.4246e-02 2.1830e-02 3.4246e-02 3.4246e-02 1.7579e-02
1.1621e-02 -9.2730e-02 9.9374e-01 8.6325e-01 1.0000e+00 1.0000e+00 9.9163e-01 1.0000e+00 1.0000e+00 8.6846e-01 -8.4786e-01 9.9581e-01 1.2727e-01 1.2012e-01 1.3433e-01 -1.7612e-02 1.2049e-01 -1.7612e-02 9.0513e-02 -1.7612e-02 9.5276e-02 9.5536e-02 9.0513e-02 9.0513e-02 9.0513e-02 -3.0628e-02 -6.4199e-02 -5.8582e-02 -4.6772e-03 1.4874e-02 -1.5704e-02 -4.3371e-02 1.8270e-03 -1.7140e-02 1.8270e-03 -3.9200e-02 -1.8434e-02 1.5956e-05 5.5552e-02 3.6226e-02 8.0420e-03 8.0420e-03 -2.8092e-02 -3.4665e-02 -2.6247e-02 -2.6247e-02 -2.2025e-02 -2.2025e-02 -2.6247e-02 -2.6247e-02 -2.2025e-02 -2.2025e-02 -3.4665e-02 -3.4665e-02 3.4665e-02 -3.4665e-02 -2.2025e-02 -1.9383e-02 -3.3079e-02 -2.0388e-02 -4.0698e-02 -2.0388e-02 -1.7746e-02 -2.6247e-02 -2.0388e-02 -2.6247e-02 -3.5280e-02 -5.4428e-02 -1.3027e-02 -1.3027e-02 -4.4515e-02 -4.4515e-02 -4.4515e-02 -4.4515e-02 -4.4515e-02 -4.4515e-02 -4.4515e-02 -4.4515e-02 -4.4515e-02 -4.4515e-02 -4.4515e-02 1.0467e-02 -4.4515e-02 -9.9781e-03 1.5181e-02 -5.0651e-02 -4.4995e-02 9.8666e-03 -5.0651e-02 3.5156e-02 3.5156e-02 3.5156e-02 3.5156e-02 -9.3416e-03 7.5350e-02 -2.8860e-02 -2.8860e-02 2.1940e-02 7.2714e-02 -5.0920e-02 7.1832e-02 -5.2566e-02 7.1832e-02 -1.3395e-02 -6.1721e-02 -4.9439e-02 5.4381e-02 1.5429e-02 -3.0702e-02 5.5462e-02 4.5246e-02 1.3782e-02 4.0833e-02 4.6490e-02 5.7154e-02 4.5958e-02 4.8983e-02 5.0860e-02 3.7026e-02 4.9864e-02 1.1189e-02 4.4924e-02 -1.7739e-02 -5.4179e-02 -3.6188e-02 -5.7666e-02 -5.0860e-02 1.6294e-02 9.5193e-03 9.5193e-03 9.5193e-03 9.5193e-03 9.5193e-03 5.6771e-03 2.6464e-03 -4.5296e-02 4.5626e-03 -3.7434e-02 1.5558e-02 7.8850e-03 8.9788e-03 8.9788e-03 3.9223e-02 1.0114e-04 -4.6158e-02 3.0663e-02 4.0288e-02 2.8551e-02 2.4625e-02 2.2907e-02 3.4482e-02 8.6222e-02 8.3871e-02 3.0255e-02 -1.8458e-02 7.9206e-02 -1.5704e-02 -1.5704e-02 -3.1161e-02 -3.9991e-02 -2.9245e-02 -7.4316e-03 -3.3636e-02 3.1836e-02 3.1836e-02 -2.7592e-03 2.7517e-02 8.8731e-04 8.8731e-04 2.6407e-02 -2.6362e-03 2.5387e-02 2.5387e-02 5.3780e-02 2.5387e-02 1.1648e-02 1.9642e-02 1.9642e-02 1.9642e-02 1.9642e-02 1.8162e-02 1.9839e-02 1.8162e-02 1.8162e-02 1.0152e-02
1.1621e-02 -9.2730e-02 9.9374e-01 8.6325e-01 1.0000e+00 1.0000e+00 9.9163e-01 1.0000e+00 1.0000e+00 8.6846e-01 -8.4786e-01 9.9581e-01 1.2727e-01 1.2012e-01 1.3433e-01 -1.7612e-02 1.2049e-01 -1.7612e-02 9.0513e-02 -1.7612e-02 9.5276e-02 9.5536e-02 9.0513e-02 9.0513e-02 9.0513e-02 -3.0628e-02 -6.4199e-02 -5.8582e-02 -4.6772e-03 1.4874e-02 -1.5704e-02 -4.3371e-02 1.8270e-03 -1.7140e-02 1.8270e-03 -3.9200e-02 -1.8434e-02 1.5956e-05 5.5552e-02 3.6226e-02 8.0420e-03 8.0420e-03 -2.8092e-02 -3.4665e-02 -2.6247e-02 -2.6247e-02 -2.2025e-02 -2.2025e-02 -2.6247e-02 -2.6247e-02 -2.2025e-02 -2.2025e-02 -3.4665e-02 -3.4665e-02 3.4665e-02 -3.4665e-02 -2.2025e-02 -1.9383e-02 -3.3079e-02 -2.0388e-02 -4.0698e-02 -2.0388e-02 -1.7746e-02 -2.6247e-02 -2.0388e-02 -2.6247e-02 -3.5280e-02 -5.4428e-02 -1.3027e-02 -1.3027e-02 -4.4515e-02 -4.4515e-02 -4.4515e-02 -4.4515e-02 -4.4515e-02 -4.4515e-02 -4.4515e-02 -4.4515e-02 -4.4515e-02 -4.4515e-02 -4.4515e-02 1.0467e-02 -4.4515e-02 -9.9781e-03 1.5181e-02 -5.0651e-02 -4.4995e-02 9.8666e-03 -5.0651e-02 3.5156e-02 3.5156e-02 3.5156e-02 3.5156e-02 -9.3416e-03 7.5350e-02 -2.8860e-02 -2.8860e-02 2.1940e-02 7.2714e-02 -5.0920e-02 7.1832e-02 -5.2566e-02 7.1832e-02 -1.3395e-02 -6.1721e-02 -4.9439e-02 5.4381e-02 1.5429e-02 -3.0702e-02 5.5462e-02 4.5246e-02 1.3782e-02 4.0833e-02 4.6490e-02 5.7154e-02 4.5958e-02 4.8983e-02 5.0860e-02 3.7026e-02 4.9864e-02 1.1189e-02 4.4924e-02 -1.7739e-02 -5.4179e-02 -3.6188e-02 -5.7666e-02 -5.0860e-02 1.6294e-02 9.5193e-03 9.5193e-03 9.5193e-03 9.5193e-03 9.5193e-03 5.6771e-03 2.6464e-03 -4.5296e-02 4.5626e-03 -3.7434e-02 1.5558e-02 7.8850e-03 8.9788e-03 8.9788e-03 3.9223e-02 1.0114e-04 -4.6158e-02 3.0663e-02 4.0288e-02 2.8551e-02 2.4625e-02 2.2907e-02 3.4482e-02 8.6222e-02 8.3871e-02 3.0255e-02 -1.8458e-02 7.9206e-02 -1.5704e-02 -1.5704e-02 -3.1161e-02 -3.9991e-02 -2.9245e-02 -7.4316e-03 -3.3636e-02 3.1836e-02 3.1836e-02 -2.7592e-03 2.7517e-02 8.8731e-04 8.8731e-04 2.6407e-02 -2.6362e-03 2.5387e-02 2.5387e-02 5.3780e-02 2.5387e-02 1.1648e-02 1.9642e-02 1.9642e-02 1.9642e-02 1.9642e-02 1.8162e-02 1.9839e-02 1.8162e-02 1.8162e-02 1.0152e-02
1.4033e-02 -8.9611e-02 9.8542e-01 8.5603e-01 9.9163e-01 9.9163e-01 1.0000e+00 9.9163e-01 9.9163e-01 8.6119e-01 -8.4076e-01 9.8739e-01 1.2911e-01 1.2211e-01 1.3612e-01 -1.7130e-02 1.2243e-01 -1.7130e-02 9.2482e-02 -1.7130e-02 9.7234e-02 9.7535e-02 9.2482e-02 9.2482e-02 9.2482e-02 -2.9789e-02 -6.1116e-02 -5.5447e-02 -5.9882e-03 1.5764e-02 -1.4540e-02 -4.4929e-02 4.1030e-03 -1.4144e-02 4.1030e-03 -4.2400e-02 -1.5752e-02 2.2542e-03 5.7707e-02 3.8636e-02 1.0296e-02 1.0296e-02 -2.3676e-02 -3.6085e-02 -2.4095e-02 -2.4095e-02 -2.4625e-02 -2.4625e-02 -2.4095e-02 -2.4095e-02 -2.4625e-02 -2.4625e-02 -3.6085e-02 -3.6085e-02 3.6085e-02 -3.6085e-02 -2.4625e-02 -2.1960e-02 -3.4513e-02 -2.3003e-02 -3.7680e-02 -2.3003e-02 -2.0337e-02 -2.4095e-02 -2.3003e-02 -2.4095e-02 -3.6651e-02 -5.1122e-02 -1.0832e-02 -1.0832e-02 -4.1366e-02 -4.1366e-02 -4.1366e-02 -4.1366e-02 -4.1366e-02 -4.1366e-02 -4.1366e-02 -4.1366e-02 -4.1366e-02 -4.1366e-02 -4.1366e-02 1.1459e-02 -4.1366e-02 -7.7940e-03 1.7995e-02 -4.8546e-02 -4.2915e-02 1.2632e-02 -4.8546e-02 3.0781e-02 3.0781e-02 3.0781e-02 3.0781e-02 -6.0822e-03 7.2117e-02 -2.6948e-02 -2.6948e-02 1.9710e-02 6.9351e-02 -4.9062e-02 6.8426e-02 -5.0693e-02 6.8426e-02 -1.1650e-02 -5.9814e-02 -6.7484e-02 5.2583e-02 1.6711e-02 -2.7924e-02 5.3788e-02 4.3244e-02 1.8440e-02 3.8739e-02 4.4406e-02 5.3658e-02 4.4279e-02 5.0586e-02 4.4281e-02 3.7961e-02 4.3213e-02 1.5441e-02 3.7704e-02 -1.6152e-02 -4.7465e-02 -3.4530e-02 -5.1570e-02 -4.4281e-02 1.9947e-03 1.3843e-02 1.3843e-02 1.3843e-02 1.3843e-02 1.3843e-02 1.0018e-02 6.9691e-03 -3.9366e-02 8.8764e-03 -3.7612e-02 1.9919e-02 1.2281e-02 1.3402e-02 1.3402e-02 3.2894e-02 5.0210e-03 -5.0730e-02 1.7608e-02 4.4760e-02 3.3013e-02 1.2939e-02 9.8917e-03 3.6279e-02 8.4410e-02 8.2081e-02 3.2064e-02 -2.2949e-02 7.7460e-02 -1.4540e-02 -1.4540e-02 -3.6697e-02 -4.5064e-02 -3.4727e-02 -1.0255e-02 -4.0269e-02 3.5706e-02 3.5706e-02 -8.5865e-03 3.1340e-02 -4.8941e-03 -4.8941e-03 3.0202e-02 -8.0655e-03 2.9219e-02 2.9219e-02 5.8567e-02 2.9219e-02 1.5504e-02 2.6085e-02 2.6085e-02 2.6085e-02 2.6085e-02 2.2992e-02 2.6108e-02 2.2992e-02 2.2992e-02 1.6725e-02
1.1621e-02 -9.2730e-02 9.9374e-01 8.6325e-01 1.0000e+00 1.0000e+00 9.9163e-01 1.0000e+00 1.0000e+00 8.6846e-01 -8.4786e-01 9.9581e-01 1.2727e-01 1.2012e-01 1.3433e-01 -1.7612e-02 1.2049e-01 -1.7612e-02 9.0513e-02 -1.7612e-02 9.5276e-02 9.5536e-02 9.0513e-02 9.0513e-02 9.0513e-02 -3.0628e-02 -6.4199e-02 -5.8582e-02 -4.6772e-03 1.4874e-02 -1.5704e-02 -4.3371e-02 1.8270e-03 -1.7140e-02 1.8270e-03 -3.9200e-02 -1.8434e-02 1.5956e-05 5.5552e-02 3.6226e-02 8.0420e-03 8.0420e-03 -2.8092e-02 -3.4665e-02 -2.6247e-02 -2.6247e-02 -2.2025e-02 -2.2025e-02 -2.6247e-02 -2.6247e-02 -2.2025e-02 -2.2025e-02 -3.4665e-02 -3.4665e-02 3.4665e-02 -3.4665e-02 -2.2025e-02 -1.9383e-02 -3.3079e-02 -2.0388e-02 -4.0698e-02 -2.0388e-02 -1.7746e-02 -2.6247e-02 -2.0388e-02 -2.6247e-02 -3.5280e-02 -5.4428e-02 -1.3027e-02 -1.3027e-02 -4.4515e-02 -4.4515e-02 -4.4515e-02 -4.4515e-02 -4.4515e-02 -4.4515e-02 -4.4515e-02 -4.4515e-02 -4.4515e-02 -4.4515e-02 -4.4515e-02 1.0467e-02 -4.4515e-02 -9.9781e-03 1.5181e-02 -5.0651e-02 -4.4995e-02 9.8666e-03 -5.0651e-02 3.5156e-02 3.5156e-02 3.5156e-02 3.5156e-02 -9.3416e-03 7.5350e-02 -2.8860e-02 -2.8860e-02 2.1940e-02 7.2714e-02 -5.0920e-02 7.1832e-02 -5.2566e-02 7.1832e-02 -1.3395e-02 -6.1721e-02 -4.9439e-02 5.4381e-02 1.5429e-02 -3.0702e-02 5.5462e-02 4.5246e-02 1.3782e-02 4.0833e-02 4.6490e-02 5.7154e-02 4.5958e-02 4.8983e-02 5.0860e-02 3.7026e-02 4.9864e-02 1.1189e-02 4.4924e-02 -1.7739e-02 -5.4179e-02 -3.6188e-02 -5.7666e-02 -5.0860e-02 1.6294e-02 9.5193e-03 9.5193e-03 9.5193e-03 9.5193e-03 9.5193e-03 5.6771e-03 2.6464e-03 -4.5296e-02 4.5626e-03 -3.7434e-02 1.5558e-02 7.8850e-03 8.9788e-03 8.9788e-03 3.9223e-02 1.0114e-04 -4.6158e-02 3.0663e-02 4.0288e-02 2.8551e-02 2.4625e-02 2.2907e-02 3.4482e-02 8.6222e-02 8.3871e-02 3.0255e-02 -1.8458e-02 7.9206e-02 -1.5704e-02 -1.5704e-02 -3.1161e-02 -3.9991e-02 -2.9245e-02 -7.4316e-03 -3.3636e-02 3.1836e-02 3.1836e-02 -2.7592e-03 2.7517e-02 8.8731e-04 8.8731e-04 2.6407e-02 -2.6362e-03 2.5387e-02 2.5387e-02 5.3780e-02 2.5387e-02 1.1648e-02 1.9642e-02 1.9642e-02 1.9642e-02 1.9642e-02 1.8162e-02 1.9839e-02 1.8162e-02 1.8162e-02 1.0152e-02
1.1621e-02 -9.2730e-02 9.9374e-01 8.6325e-01 1.0000e+00 1.0000e+00 9.9163e-01 1.0000e+00 1.0000e+00 8.6846e-01 -8.4786e-01 9.9581e-01 1.2727e-01 1.2012e-01 1.3433e-01 -1.7612e-02 1.2049e-01 -1.7612e-02 9.0513e-02 -1.7612e-02 9.5276e-02 9.5536e-02 9.0513e-02 9.0513e-02 9.0513e-02 -3.0628e-02 -6.4199e-02 -5.8582e-02 -4.6772e-03 1.4874e-02 -1.5704e-02 -4.3371e-02 1.8270e-03 -1.7140e-02 1.8270e-03 -3.9200e-02 -1.8434e-02 1.5956e-05 5.5552e-02 3.6226e-02 8.0420e-03 8.0420e-03 -2.8092e-02 -3.4665e-02 -2.6247e-02 -2.6247e-02 -2.2025e-02 -2.2025e-02 -2.6247e-02 -2.6247e-02 -2.2025e-02 -2.2025e-02 -3.4665e-02 -3.4665e-02 3.4665e-02 -3.4665e-02 -2.2025e-02 -1.9383e-02 -3.3079e-02 -2.0388e-02 -4.0698e-02 -2.0388e-02 -1.7746e-02 -2.6247e-02 -2.0388e-02 -2.6247e-02 -3.5280e-02 -5.4428e-02 -1.3027e-02 -1.3027e-02 -4.4515e-02 -4.4515e-02 -4.4515e-02 -4.4515e-02 -4.4515e-02 -4.4515e-02 -4.4515e-02 -4.4515e-02 -4.4515e-02 -4.4515e-02 -4.4515e-02 1.0467e-02 -4.4515e-02 -9.9781e-03 1.5181e-02 -5.0651e-02 -4.4995e-02 9.8666e-03 -5.0651e-02 3.5156e-02 3.5156e-02 3.5156e-02 3.5156e-02 -9.3416e-03 7.5350e-02 -2.8860e-02 -2.8860e-02 2.1940e-02 7.2714e-02 -5.0920e-02 7.1832e-02 -5.2566e-02 7.1832e-02 -1.3395e-02 -6.1721e-02 -4.9439e-02 5.4381e-02 1.5429e-02 -3.0702e-02 5.5462e-02 4.5246e-02 1.3782e-02 4.0833e-02 4.6490e-02 5.7154e-02 4.5958e-02 4.8983e-02 5.0860e-02 3.7026e-02 4.9864e-02 1.1189e-02 4.4924e-02 -1.7739e-02 -5.4179e-02 -3.6188e-02 -5.7666e-02 -5.0860e-02 1.6294e-02 9.5193e-03 9.5193e-03 9.5193e-03 9.5193e-03 9.5193e-03 5.6771e-03 2.6464e-03 -4.5296e-02 4.5626e-03 -3.7434e-02 1.5558e-02 7.8850e-03 8.9788e-03 8.9788e-03 3.9223e-02 1.0114e-04 -4.6158e-02 3.0663e-02 4.0288e-02 2.8551e-02 2.4625e-02 2.2907e-02 3.4482e-02 8.6222e-02 8.3871e-02 3.0255e-02 -1.8458e-02 7.9206e-02 -1.5704e-02 -1.5704e-02 -3.1161e-02 -3.9991e-02 -2.9245e-02 -7.4316e-03 -3.3636e-02 3.1836e-02 3.1836e-02 -2.7592e-03 2.7517e-02 8.8731e-04 8.8731e-04 2.6407e-02 -2.6362e-03 2.5387e-02 2.5387e-02 5.3780e-02 2.5387e-02 1.1648e-02 1.9642e-02 1.9642e-02 1.9642e-02 1.9642e-02 1.8162e-02 1.9839e-02 1.8162e-02 1.8162e-02 1.0152e-02
2.3099e-02 -6.4595e-02 8.6574e-01 9.9401e-01 8.6846e-01 8.6846e-01 8.6119e-01 8.6846e-01 8.6846e-01 1.0000e+00 -9.7227e-01 8.6482e-01 1.3993e-01 1.2702e-01 1.3870e-01 -2.5922e-02 1.2896e-01 -2.5922e-02 1.6346e-01 -2.5922e-02 1.6957e-01 1.6696e-01 1.6346e-01 1.6346e-01 1.6346e-01 -4.5078e-02 -6.9758e-02 -5.9579e-02 -1.9718e-02 5.7249e-05 -3.5467e-02 -5.0376e-02 2.2634e-03 -2.0400e-02 2.2634e-03 -4.9118e-02 -2.0181e-02 1.5755e-03 6.0163e-02 1.8699e-02 9.4218e-03 9.4218e-03 -1.1785e-02 -3.7433e-02 -3.0940e-02 -3.0940e-02 -2.2417e-02 -2.2417e-02 -3.0940e-02 -3.0940e-02 -2.2417e-02 -2.2417e-02 -3.7433e-02 -3.7433e-02 3.7433e-02 -3.7433e-02 -2.2417e-02 -2.0121e-02 -3.5606e-02 -2.0530e-02 -3.1597e-02 -2.0530e-02 -1.8234e-02 -3.0940e-02 -2.0530e-02 -3.0940e-02 -3.8863e-02 -7.6926e-02 -1.8522e-02 -1.8522e-02 -6.2950e-02 -6.2950e-02 -6.2950e-02 -6.2950e-02 -6.2950e-02 -6.2950e-02 -6.2950e-02 -6.2950e-02 -6.2950e-02 -6.2950e-02 -6.2950e-02 6.2037e-02 -6.2950e-02 -1.5035e-02 8.0453e-03 -7.0702e-02 -6.4363e-02 3.4371e-03 -7.0702e-02 4.3280e-02 4.3280e-02 4.3280e-02 4.3280e-02 -6.2337e-03 6.7913e-02 -4.3778e-02 -4.3778e-02 5.1951e-02 6.2748e-02 -2.7302e-02 6.6819e-02 -2.9181e-02 6.6819e-02 -3.3246e-02 -3.8945e-02 -4.5078e-02 2.9875e-02 1.0087e-01 -6.8466e-03 2.9044e-02 4.5128e-02 2.8678e-02 4.1959e-02 4.7489e-02 6.4241e-02 4.6740e-02 2.2517e-02 4.1017e-02 4.6773e-02 3.5542e-02 3.2768e-02 3.5767e-02 -1.3220e-02 -4.0417e-02 -4.4747e-02 -4.3098e-02 -3.5864e-02 -2.6648e-03 2.8920e-02 2.8920e-02 2.8920e-02 2.8920e-02 2.8920e-02 2.4437e-02 2.1837e-02 -2.4156e-02 2.4075e-02 -5.9230e-02 3.4097e-02 2.9956e-02 3.0299e-02 3.0299e-02 2.1929e-02 1.6769e-02 -5.9758e-02 2.9371e-02 5.6479e-02 4.9433e-02 1.3710e-02 2.1419e-02 1.4471e-02 9.4550e-02 9.7272e-02 9.8785e-03 -2.2006e-02 8.6506e-02 -2.1502e-02 -2.1502e-02 -5.9273e-02 -5.8291e-02 -5.4358e-02 -2.5015e-02 -5.3236e-02 3.4895e-02 3.4895e-02 -1.8831e-02 3.1780e-02 -1.6174e-02 -1.6174e-02 3.1441e-02 -1.5338e-02 2.9327e-02 2.9327e-02 5.7162e-02 2.9327e-02 2.4825e-02 3.0718e-02 3.0718e-02 3.0718e-02 3.0718e-02 3.3195e-02 2.2257e-02 3.3195e-02 3.3195e-02 1.8292e-02
-1.6074e-02 5.5672e-02 -8.4503e-01 -9.6616e-01 -8.4786e-01 -8.4786e-01 -8.4076e-01 -8.4786e-01 -8.4786e-01 -9.7227e-01 1.0000e+00 -8.4430e-01 -1.5616e-01 -1.5090e-01 -1.4499e-01 2.7383e-02 -1.4365e-01 2.7383e-02 -1.6746e-01 2.7383e-02 -1.7371e-01 -1.7079e-01 -1.6746e-01 -1.6746e-01 -1.6746e-01 2.9265e-02 7.8999e-02 6.8960e-02 2.0978e-02 2.4570e-03 3.8890e-02 5.0196e-02 4.3799e-03 1.3126e-02 4.3799e-03 4.7931e-02 1.5944e-02 4.9666e-03 -6.6446e-02 -1.1827e-02 -2.8648e-03 -2.8648e-03 1.6846e-02 1.7253e-02 3.7319e-02 3.7319e-02 -1.7971e-03 -1.7971e-03 3.7319e-02 3.7319e-02 -1.7971e-03 -1.7971e-03 1.7253e-02 1.7253e-02 -1.7253e-02 1.7253e-02 -1.7971e-03 -4.0232e-03 1.5375e-02 -3.7460e-03 3.4564e-02 -3.7460e-03 -5.9723e-03 3.7319e-02 -3.7460e-03 3.7319e-02 1.8845e-02 5.8701e-02 2.4975e-02 2.4975e-02 5.4801e-02 5.4801e-02 5.4801e-02 5.4801e-02 5.4801e-02 5.4801e-02 5.4801e-02 5.4801e-02 5.4801e-02 5.4801e-02 5.4801e-02 -5.9079e-02 5.4801e-02 2.1445e-02 8.5237e-03 5.3194e-02 4.6432e-02 1.2999e-02 5.3194e-02 -5.6179e-02 -5.6179e-02 -5.6179e-02 -5.6179e-02 1.5798e-02 -7.3347e-02 4.9445e-02 4.9445e-02 -4.3030e-02 -6.8532e-02 3.7066e-02 -7.2710e-02 3.8996e-02 -7.2710e-02 3.8357e-02 4.8903e-02 4.7619e-02 -3.9473e-02 -9.7019e-02 1.5126e-02 -3.8272e-02 -5.6626e-02 -1.9742e-02 -5.3751e-02 -5.9271e-02 -6.1990e-02 -5.7138e-02 -1.8070e-02 -5.0163e-02 -4.4164e-02 -4.4860e-02 -3.0122e-02 -4.6362e-02 1.7932e-02 4.9890e-02 4.9715e-02 5.6153e-02 4.5019e-02 5.8872e-03 -2.1125e-02 -2.1125e-02 -2.1125e-02 -2.1125e-02 -2.1125e-02 -1.6561e-02 -1.4010e-02 3.6748e-02 -1.6288e-02 5.8813e-02 -2.6202e-02 -2.1891e-02 -2.2145e-02 -2.2145e-02 -3.5540e-02 -2.0415e-02 6.5475e-02 -2.9682e-02 -6.2665e-02 -5.5566e-02 -1.2328e-02 -1.6272e-02 -2.9093e-02 -1.0558e-01 -1.0820e-01 -2.4233e-02 1.2939e-02 -9.7275e-02 2.4952e-02 2.4952e-02 6.9035e-02 6.5993e-02 5.1390e-02 1.6761e-02 5.0278e-02 -3.9335e-02 -3.9335e-02 1.4443e-02 -3.1198e-02 7.7038e-03 7.7038e-03 -3.0983e-02 8.1169e-03 -2.8689e-02 -2.8689e-02 -5.7246e-02 -2.8689e-02 -2.9140e-02 -3.6585e-02 -3.6585e-02 -3.6585e-02 -3.6585e-02 -4.6539e-02 -2.0554e-02 -4.6539e-02 -4.6539e-02 -2.3616e-02
1.2826e-02 -9.4324e-02 9.8957e-01 8.5964e-01 9.9581e-01 9.9581e-01 9.8739e-01 9.9581e-01 9.9581e-01 8.6482e-01 -8.4430e-01 1.0000e+00 1.1733e-01 1.0113e-01 1.2391e-01 -1.7371e-02 1.0102e-01 -1.7371e-02 8.1710e-02 -1.7371e-02 8.6364e-02 8.6848e-02 8.1710e-02 8.1710e-02 8.1710e-02 -3.0209e-02 -6.2658e-02 -5.7016e-02 -7.9486e-03 1.5319e-02 -1.5123e-02 -4.1983e-02 -4.9661e-03 -1.3581e-02 -4.9661e-03 -3.4620e-02 -1.5019e-02 1.1340e-03 5.4512e-02 3.7429e-02 9.1678e-03 9.1678e-03 -2.7932e-02 -3.1230e-02 -2.5172e-02 -2.5172e-02 -1.9040e-02 -1.9040e-02 -2.5172e-02 -2.5172e-02 -1.9040e-02 -1.9040e-02 -3.1230e-02 -3.1230e-02 3.1230e-02 -3.1230e-02 -1.9040e-02 -1.6390e-02 -2.9650e-02 -1.7408e-02 -4.5366e-02 -1.7408e-02 -1.4757e-02 -2.5172e-02 -1.7408e-02 -2.5172e-02 -3.1825e-02 -5.2776e-02 -1.1930e-02 -1.1930e-02 -4.2942e-02 -4.2942e-02 -4.2942e-02 -4.2942e-02 -4.2942e-02 -4.2942e-02 -4.2942e-02 -4.2942e-02 -4.2942e-02 -4.2942e-02 -4.2942e-02 1.0962e-02 -4.2942e-02 -8.8870e-03 1.2268e-02 -4.9599e-02 -4.3956e-02 6.9356e-03 -4.9599e-02 3.7623e-02 3.7623e-02 3.7623e-02 3.7623e-02 -1.2117e-02 7.8158e-02 -2.7904e-02 -2.7904e-02 2.8756e-02 7.5481e-02 -4.9992e-02 7.4585e-02 -5.1630e-02 7.4585e-02 -1.2523e-02 -6.0768e-02 -4.9037e-02 5.3483e-02 1.6069e-02 -2.9314e-02 5.4625e-02 4.7055e-02 1.1340e-02 4.2618e-02 4.8280e-02 5.8657e-02 4.7846e-02 4.9783e-02 5.2850e-02 3.9726e-02 5.1840e-02 8.3006e-03 4.6798e-02 -1.6946e-02 -5.6147e-02 -3.5359e-02 -5.9752e-02 -5.2850e-02 1.6861e-02 6.7173e-03 6.7173e-03 6.7173e-03 6.7173e-03 6.7173e-03 2.9003e-03 -1.4771e-04 -4.7408e-02 1.7558e-03 -3.9901e-02 1.2791e-02 5.1674e-03 6.2903e-03 6.2903e-03 4.1253e-02 -2.0708e-03 -4.3589e-02 3.2484e-02 3.7616e-02 2.5882e-02 2.6622e-02 2.4727e-02 3.5380e-02 8.8097e-02 8.5750e-02 3.1158e-02 -1.8655e-02 8.1094e-02 -1.5123e-02 -1.5123e-02 -3.3926e-02 -4.2525e-02 -3.1983e-02 -8.8418e-03 -3.6949e-02 3.3769e-02 3.3769e-02 -5.6700e-03 2.9426e-02 -2.0005e-03 -2.0005e-03 2.8302e-02 -5.3482e-03 2.7301e-02 2.7301e-02 5.6170e-02 2.7301e-02 1.3574e-02 2.2860e-02 2.2860e-02 2.2860e-02 2.2860e-02 2.0575e-02 2.2970e-02 2.0575e-02 2.0575e-02 1.3435e-02
1.8540e-03 3.9326e-02 1.3672e-01 1.3868e-01 1.2727e-01 1.2727e-01 1.2911e-01 1.2727e-01 1.2727e-01 1.3993e-01 -1.5616e-01 1.1733e-01 1.0000e+00 9.1369e-01 9.5712e-01 -1.2346e-02 8.8336e-01 -1.2346e-02 8.4211e-01 -1.2346e-02 8.5192e-01 8.3262e-01 8.4211e-01 8.4211e-01 8.4211e-01 -2.1470e-02 -7.6601e-02 -7.7587e-02 -5.3424e-02 -2.0546e-02 -2.8532e-02 -1.2986e-01 -3.3766e-02 -8.5641e-02 -3.3766e-02 -1.1432e-01 -8.9013e-02 -3.2682e-02 1.4522e-01 4.4061e-02 -3.2682e-02 -3.2682e-02 -8.8246e-02 1.6229e-02 -5.2613e-02 -5.2613e-02 4.4451e-02 4.4451e-02 -5.2613e-02 -5.2613e-02 4.4451e-02 4.4451e-02 1.6229e-02 1.6229e-02 -1.6229e-02 1.6229e-02 4.4451e-02 4.4016e-02 1.6628e-02 4.4887e-02 5.8366e-03 4.4887e-02 4.4451e-02 -5.2613e-02 4.4887e-02 -5.2613e-02 1.5033e-02 -5.1742e-02 -5.3027e-02 -5.3027e-02 -4.6368e-02 -4.6368e-02 -4.6368e-02 -4.6368e-02 -4.6368e-02 -4.6368e-02 -4.6368e-02 -4.6368e-02 -4.6368e-02 -4.6368e-02 -4.6368e-02 6.6953e-02 -4.6368e-02 -5.2613e-02 -1.6270e-02 -1.0539e-02 -9.1174e-03 -1.5427e-02 -1.0539e-02 1.5949e-02 1.5949e-02 1.5949e-02 1.5949e-02 7.0802e-03 1.7846e-02 -4.6993e-02 -4.6993e-02 3.3766e-02 8.9888e-03 2.1375e-03 2.1364e-02 1.7389e-03 2.1364e-02 -4.2285e-02 5.4086e-04 -2.1470e-02 -3.3310e-03 5.4441e-03 -1.6585e-02 -6.1034e-03 3.1771e-02 4.9604e-02 3.3634e-02 3.3634e-02 3.1578e-02 3.8721e-02 -6.3367e-03 1.6302e-02 -3.9017e-04 3.6879e-03 6.7374e-02 1.1626e-02 4.4389e-02 -4.7151e-03 -4.1291e-02 -3.5543e-02 -2.6696e-03 -2.6375e-02 3.8227e-02 3.8227e-02 3.8227e-02 3.8227e-02 3.8227e-02 3.7161e-02 3.7693e-02 -1.9145e-02 3.8227e-02 -7.4311e-02 3.7161e-02 4.7749e-02 4.6667e-02 4.6667e-02 1.2093e-02 4.9995e-02 5.6831e-02 5.9987e-04 -5.4186e-02 -4.1912e-02 4.0640e-02 7.1236e-05 -1.5183e-02 8.6810e-02 1.0040e-01 -1.5967e-02 1.3841e-02 8.4597e-02 8.4090e-03 8.4090e-03 -7.4985e-02 -7.0777e-02 -7.6943e-02 -1.7441e-03 -3.7965e-02 6.0987e-02 6.0987e-02 -5.1082e-02 6.2927e-02 -5.2432e-02 -5.2432e-02 6.4238e-02 -5.4005e-02 6.2276e-02 6.2276e-02 2.3022e-02 6.2276e-02 7.3460e-02 4.2987e-02 4.2987e-02 4.2987e-02 4.2987e-02 4.2961e-02 3.7571e-02 4.2961e-02 4.2961e-02 3.8381e-02
-8.2262e-03 3.3719e-02 1.2862e-01 1.2567e-01 1.2012e-01 1.2012e-01 1.2211e-01 1.2012e-01 1.2012e-01 1.2702e-01 -1.5090e-01 1.0113e-01 9.1369e-01 1.0000e+00 8.7452e-01 -1.3512e-02 9.7599e-01 -1.3512e-02 7.9085e-01 -1.3512e-02 7.7669e-01 7.8180e-01 7.9085e-01 7.9085e-01 7.9085e-01 -2.3498e-02 -6.9532e-02 -7.0744e-02 2.1572e-02 2.4252e-02 -3.1227e-02 -1.0566e-01 -2.1667e-02 -6.9342e-02 -2.1667e-02 -1.0448e-01 -7.1012e-02 -3.9383e-02 1.2766e-01 3.0824e-02 -3.9383e-02 -3.9383e-02 -7.7908e-02 3.5337e-02 -5.7583e-02 -5.7583e-02 6.6817e-02 6.6817e-02 -5.7583e-02 -5.7583e-02 6.6817e-02 6.6817e-02 3.5337e-02 3.5337e-02 -3.5337e-02 3.5337e-02 6.6817e-02 6.6328e-02 3.5780e-02 6.7306e-02 -7.5028e-03 6.7306e-02 6.6817e-02 -5.7583e-02 6.7306e-02 -5.7583e-02 3.4011e-02 -2.0757e-02 -5.8035e-02 -5.8035e-02 -2.7696e-02 -2.7696e-02 -2.7696e-02 -2.7696e-02 -2.7696e-02 -2.7696e-02 -2.7696e-02 -2.7696e-02 -2.7696e-02 -2.7696e-02 -2.7696e-02 5.7577e-02 -2.7696e-02 -5.7583e-02 -4.1951e-02 1.9861e-02 2.1856e-02 -4.0994e-02 1.9861e-02 1.6559e-02 1.6559e-02 1.6559e-02 1.6559e-02 8.5980e-03 1.4699e-02 -5.1432e-02 -5.1432e-02 2.8115e-03 -3.5950e-03 -1.1724e-03 7.9196e-03 -1.6104e-03 7.9196e-03 -4.6279e-02 -2.9269e-03 -2.3498e-02 -1.3890e-04 -1.9395e-04 4.3389e-03 -3.1844e-03 1.4554e-02 6.0420e-02 1.6434e-02 1.6434e-02 1.7020e-02 2.0294e-02 -1.2098e-02 -1.1474e-03 -1.2885e-03 -1.2650e-02 8.0180e-02 -4.5340e-03 3.4112e-02 1.1597e-02 -4.5192e-02 -1.5816e-02 1.3694e-02 -2.8867e-02 5.2679e-02 5.2679e-02 5.2679e-02 5.2679e-02 5.2679e-02 5.1477e-02 5.2076e-02 -4.0782e-04 5.2679e-02 -6.5131e-02 5.1477e-02 6.0784e-02 5.9574e-02 5.9574e-02 -5.4481e-03 5.8585e-02 3.6315e-02 -1.4354e-02 -3.3138e-02 -2.1949e-02 2.0985e-02 -1.4896e-02 -2.1163e-02 9.1436e-02 1.0382e-01 -2.1971e-02 2.8824e-02 8.9040e-02 3.6769e-02 3.6769e-02 -5.6769e-02 -5.5306e-02 -7.9932e-02 -5.7596e-03 -3.7515e-02 5.3008e-02 5.3008e-02 -4.3392e-02 5.5040e-02 -4.4842e-02 -4.4842e-02 5.6413e-02 -5.8821e-02 5.4359e-02 5.4359e-02 1.3004e-02 5.4359e-02 6.4325e-02 3.2973e-02 3.2973e-02 3.2973e-02 3.2973e-02 1.9609e-02 2.8853e-02 1.9609e-02 1.9609e-02 3.7967e-02
-1.3700e-02 3.4888e-02 1.3300e-01 1.3751e-01 1.3433e-01 1.3433e-01 1.3612e-01 1.3433e-01 1.3433e-01 1.3870e-01 -1.4499e-01 1.2391e-01 9.5712e-01 8.7452e-01 1.0000e+00 -1.1817e-02 8.9603e-01 -1.1817e-02 8.5440e-01 -1.1817e-02 8.6429e-01 8.4482e-01 8.5440e-01 8.5440e-01 8.5440e-01 -2.0550e-02 -7.3316e-02 -7.4260e-02 -7.5873e-02 -1.9665e-02 -2.7309e-02 -1.2366e-01 -5.1928e-02 -7.4769e-02 -5.1928e-02 -1.0043e-01 -7.8856e-02 -5.1147e-02 1.2976e-01 5.0610e-02 -5.1147e-02 -5.1147e-02 -7.4640e-02 8.6014e-03 -5.0357e-02 -5.0357e-02 3.5380e-02 3.5380e-02 -5.0357e-02 -5.0357e-02 3.5380e-02 3.5380e-02 8.6014e-03 8.6014e-03 -8.6014e-03 8.6014e-03 3.5380e-02 3.4968e-02 8.9813e-03 3.5793e-02 1.2324e-02 3.5793e-02 3.5380e-02 -5.0357e-02 3.5793e-02 -5.0357e-02 7.4635e-03 -4.7012e-02 -5.0753e-02 -5.0753e-02 -4.1771e-02 -4.1771e-02 -4.1771e-02 -4.1771e-02 -4.1771e-02 -4.1771e-02 -4.1771e-02 -4.1771e-02 -4.1771e-02 -4.1771e-02 -4.1771e-02 7.1697e-02 -4.1771e-02 -5.0357e-02 -5.5216e-03 -6.5342e-03 -5.1237e-03 -4.7294e-03 -6.5342e-03 -1.1125e-02 -1.1125e-02 -1.1125e-02 -1.1125e-02 1.9909e-02 5.8213e-03 -4.4978e-02 -4.4978e-02 3.0588e-02 8.2800e-03 1.1829e-02 9.1059e-03 1.1452e-02 9.1059e-03 -4.0472e-02 1.0320e-02 -2.0550e-02 -1.2957e-02 8.1947e-03 -1.1552e-02 -1.5580e-02 2.5097e-02 6.1005e-02 2.6839e-02 2.6839e-02 3.8732e-02 1.8414e-02 -3.5610e-03 1.0614e-02 -1.6734e-03 -2.6364e-03 7.8702e-02 4.7500e-03 4.9504e-02 1.6797e-03 -3.9521e-02 -1.7598e-02 3.5851e-03 -2.5244e-02 4.8496e-02 4.8496e-02 4.8496e-02 4.8496e-02 4.8496e-02 4.7437e-02 4.7965e-02 -1.4634e-02 4.8496e-02 -6.8011e-02 4.7437e-02 4.5344e-02 4.4310e-02 4.4310e-02 6.6657e-03 4.9535e-02 6.3218e-02 7.8548e-03 -6.0783e-02 -6.1132e-02 5.0293e-02 7.3307e-03 -3.9521e-02 8.2683e-02 8.1974e-02 -3.9999e-02 8.1880e-03 8.0568e-02 1.1168e-02 1.1168e-02 -6.5336e-02 -5.9050e-02 -6.7187e-02 -7.4800e-03 -3.0246e-02 4.2434e-02 4.2434e-02 -4.1653e-02 4.4185e-02 -4.2928e-02 -4.2928e-02 4.5367e-02 -4.3295e-02 4.3598e-02 4.3598e-02 7.8915e-03 4.3598e-02 5.5602e-02 3.5017e-02 3.5017e-02 3.5017e-02 3.5017e-02 2.9188e-02 2.8864e-02 2.9188e-02 2.9188e-02 3.0641e-02
-1.8445e-02 -2.5481e-02 -1.7974e-02 -2.6286e-02 -1.7612e-02 -1.7612e-02 -1.7130e-02 -1.7612e-02 -1.7612e-02 -2.5922e-02 2.7383e-02 -1.7371e-02 -1.2346e-02 -1.3512e-02 -1.1817e-02 1.0000e+00 -1.3188e-02 1.0000e+00 -1.3831e-02 1.0000e+00 -1.3672e-02 -1.3987e-02 -1.3831e-02 -1.3831e-02 -1.3831e-02 5.7504e-01 1.6118e-01 1.5913e-01 1.3136e-01 6.0091e-01 -9.2255e-03 -8.9021e-02 -1.7542e-02 -5.5259e-02 -1.7542e-02 -7.1371e-02 -5.3054e-02 -1.7279e-02 8.2308e-02 -1.8062e-02 -1.7279e-02 -1.7279e-02 -6.6141e-02 1.0440e-02 -1.7012e-02 -1.7012e-02 1.9740e-02 1.9740e-02 -1.7012e-02 -1.7012e-02 1.9740e-02 1.9740e-02 1.0440e-02 1.0440e-02 -1.0440e-02 1.0440e-02 1.9740e-02 1.9596e-02 1.0571e-02 1.9884e-02 7.1534e-02 1.9884e-02 1.9740e-02 -1.7012e-02 1.9884e-02 -1.7012e-02 1.0048e-02 -2.6345e-02 -1.7146e-02 -1.7146e-02 -2.4981e-02 -2.4981e-02 -2.4981e-02 -2.4981e-02 -2.4981e-02 -2.4981e-02 -2.4981e-02 -2.4981e-02 -2.4981e-02 -2.4981e-02 -2.4981e-02 -7.5059e-03 -2.4981e-02 -1.7012e-02 -2.1494e-02 -1.7012e-02 -1.6742e-02 -2.1199e-02 -1.7012e-02 3.4303e-02 3.4303e-02 3.4303e-02 3.4303e-02 -2.5303e-02 2.6093e-02 -1.5195e-02 -1.5195e-02 1.7542e-02 2.7055e-02 -1.5111e-02 2.7380e-02 -1.5248e-02 2.7380e-02 -1.3672e-02 -1.5659e-02 -6.9421e-03 1.4702e-02 -9.6646e-03 -2.1911e-02 7.8418e-02 5.9551e-02 -3.5753e-02 6.0540e-02 6.0540e-02 7.8072e-02 1.4011e-01 1.6572e-01 1.3310e-01 -4.1186e-02 1.3399e-01 -3.2648e-02 5.6411e-02 -1.2518e-02 -5.2648e-02 -1.3351e-02 -4.7930e-02 -5.1554e-02 -8.5281e-03 4.3446e-02 4.3446e-02 4.3446e-02 4.3446e-02 4.3446e-02 4.2999e-02 4.3222e-02 -4.6464e-02 4.3446e-02 -3.5947e-02 4.2999e-02 4.2119e-02 4.1684e-02 4.1684e-02 4.9446e-02 3.3568e-02 3.4592e-02 5.8267e-02 -3.3913e-02 -3.4010e-02 5.0225e-02 5.7952e-02 -1.3351e-02 -2.7681e-02 -2.7783e-02 -1.3512e-02 -6.0477e-02 -2.7986e-02 -9.2255e-03 -9.2255e-03 -2.6093e-02 3.0367e-03 -2.6733e-02 -2.9764e-02 -1.4025e-02 -2.9395e-02 -2.9395e-02 -5.5381e-02 -2.9095e-02 -5.5904e-02 -5.5904e-02 -2.8894e-02 -2.6733e-02 -2.9195e-02 -2.9195e-02 -3.6140e-02 -2.9195e-02 -2.9594e-02 4.8206e-02 4.8206e-02 4.8206e-02 4.8206e-02 -7.9205e-04 5.0239e-02 -7.9205e-04 -7.9205e-04 4.6535e-02
-5.5094e-03 3.0818e-02 1.2924e-01 1.2765e-01 1.2049e-01 1.2049e-01 1.2243e-01 1.2049e-01 1.2049e-01 1.2896e-01 -1.4365e-01 1.0102e-01 8.8336e-01 9.7599e-01 8.9603e-01 -1.3188e-02 1.0000e+00 -1.3188e-02 8.1080e-01 -1.3188e-02 7.9629e-01 8.0156e-01 8.1080e-01 8.1080e-01 8.1080e-01 -2.2934e-02 -6.7198e-02 -6.8388e-02 1.4114e-02 2.5842e-02 -3.0477e-02 -9.4033e-02 -1.9394e-02 -6.2207e-02 -1.9394e-02 -9.5596e-02 -6.4262e-02 -3.7550e-02 1.1758e-01 3.4358e-02 -3.7550e-02 -3.7550e-02 -6.9254e-02 2.4415e-02 -5.6200e-02 -5.6200e-02 5.4800e-02 5.4800e-02 -5.6200e-02 -5.6200e-02 5.4800e-02 5.4800e-02 2.4415e-02 2.4415e-02 -2.4415e-02 2.4415e-02 5.4800e-02 5.4330e-02 2.4844e-02 5.5270e-02 -3.9103e-03 5.5270e-02 5.4800e-02 -5.6200e-02 5.5270e-02 -5.6200e-02 2.3130e-02 -1.7079e-02 -5.6642e-02 -5.6642e-02 -2.4388e-02 -2.4388e-02 -2.4388e-02 -2.4388e-02 -2.4388e-02 -2.4388e-02 -2.4388e-02 -2.4388e-02 -2.4388e-02 -2.4388e-02 -2.4388e-02 6.0052e-02 -2.4388e-02 -5.6200e-02 -2.9013e-02 2.2984e-02 2.4981e-02 -2.8097e-02 2.2984e-02 2.2485e-04 2.2485e-04 2.2485e-04 2.2485e-04 2.3479e-02 1.0925e-02 -5.0197e-02 -5.0197e-02 1.1499e-04 -7.9320e-03 1.1784e-03 3.7904e-03 7.5213e-04 3.7904e-03 -4.5168e-02 -5.2932e-04 -2.2934e-02 -2.4549e-03 1.3221e-03 7.8834e-03 -5.4199e-03 5.5123e-03 6.7402e-02 7.2798e-03 7.2798e-03 2.0920e-02 1.1970e-02 -1.0539e-02 -9.2835e-03 -5.7017e-03 -2.1130e-02 8.7118e-02 -1.3510e-02 3.6847e-02 2.0140e-02 -4.4107e-02 -8.6314e-03 2.2112e-02 -2.8174e-02 5.9090e-02 5.9090e-02 5.9090e-02 5.9090e-02 5.9090e-02 5.7892e-02 5.8490e-02 6.8926e-03 5.9090e-02 -6.0940e-02 5.7892e-02 6.7470e-02 6.6263e-02 6.6263e-02 -1.3349e-02 5.4621e-02 4.3487e-02 -1.0322e-02 -4.0475e-02 -2.9000e-02 2.6253e-02 -1.0860e-02 -4.4107e-02 8.4324e-02 9.7039e-02 -4.4640e-02 2.9036e-02 8.2022e-02 3.9047e-02 3.9047e-02 -5.3940e-02 -5.1438e-02 -7.7522e-02 -9.3002e-03 -3.6151e-02 4.5829e-02 4.5829e-02 -4.0916e-02 4.7773e-02 -4.2327e-02 -4.2327e-02 4.9086e-02 -5.5937e-02 4.7121e-02 4.7121e-02 7.4506e-03 4.7121e-02 5.7488e-02 3.1250e-02 3.1250e-02 3.1250e-02 3.1250e-02 1.4476e-02 2.6754e-02 1.4476e-02 1.4476e-02 3.6593e-02
-1.8445e-02 -2.5481e-02 -1.7974e-02 -2.6286e-02 -1.7612e-02 -1.7612e-02 -1.7130e-02 -1.7612e-02 -1.7612e-02 -2.5922e-02 2.7383e-02 -1.7371e-02 -1.2346e-02 -1.3512e-02 -1.1817e-02 1.0000e+00 -1.3188e-02 1.0000e+00 -1.3831e-02 1.0000e+00 -1.3672e-02 -1.3987e-02 -1.3831e-02 -1.3831e-02 -1.3831e-02 5.7504e-01 1.6118e-01 1.5913e-01 1.3136e-01 6.0091e-01 -9.2255e-03 -8.9021e-02 -1.7542e-02 -5.5259e-02 -1.7542e-02 -7.1371e-02 -5.3054e-02 -1.7279e-02 8.2308e-02 -1.8062e-02 -1.7279e-02 -1.7279e-02 -6.6141e-02 1.0440e-02 -1.7012e-02 -1.7012e-02 1.9740e-02 1.9740e-02 -1.7012e-02 -1.7012e-02 1.9740e-02 1.9740e-02 1.0440e-02 1.0440e-02 -1.0440e-02 1.0440e-02 1.9740e-02 1.9596e-02 1.0571e-02 1.9884e-02 7.1534e-02 1.9884e-02 1.9740e-02 -1.7012e-02 1.9884e-02 -1.7012e-02 1.0048e-02 -2.6345e-02 -1.7146e-02 -1.7146e-02 -2.4981e-02 -2.4981e-02 -2.4981e-02 -2.4981e-02 -2.4981e-02 -2.4981e-02 -2.4981e-02 -2.4981e-02 -2.4981e-02 -2.4981e-02 -2.4981e-02 -7.5059e-03 -2.4981e-02 -1.7012e-02 -2.1494e-02 -1.7012e-02 -1.6742e-02 -2.1199e-02 -1.7012e-02 3.4303e-02 3.4303e-02 3.4303e-02 3.4303e-02 -2.5303e-02 2.6093e-02 -1.5195e-02 -1.5195e-02 1.7542e-02 2.7055e-02 -1.5111e-02 2.7380e-02 -1.5248e-02 2.7380e-02 -1.3672e-02 -1.5659e-02 -6.9421e-03 1.4702e-02 -9.6646e-03 -2.1911e-02 7.8418e-02 5.9551e-02 -3.5753e-02 6.0540e-02 6.0540e-02 7.8072e-02 1.4011e-01 1.6572e-01 1.3310e-01 -4.1186e-02 1.3399e-01 -3.2648e-02 5.6411e-02 -1.2518e-02 -5.2648e-02 -1.3351e-02 -4.7930e-02 -5.1554e-02 -8.5281e-03 4.3446e-02 4.3446e-02 4.3446e-02 4.3446e-02 4.3446e-02 4.2999e-02 4.3222e-02 -4.6464e-02 4.3446e-02 -3.5947e-02 4.2999e-02 4.2119e-02 4.1684e-02 4.1684e-02 4.9446e-02 3.3568e-02 3.4592e-02 5.8267e-02 -3.3913e-02 -3.4010e-02 5.0225e-02 5.7952e-02 -1.3351e-02 -2.7681e-02 -2.7783e-02 -1.3512e-02 -6.0477e-02 -2.7986e-02 -9.2255e-03 -9.2255e-03 -2.6093e-02 3.0367e-03 -2.6733e-02 -2.9764e-02 -1.4025e-02 -2.9395e-02 -2.9395e-02 -5.5381e-02 -2.9095e-02 -5.5904e-02 -5.5904e-02 -2.8894e-02 -2.6733e-02 -2.9195e-02 -2.9195e-02 -3.6140e-02 -2.9195e-02 -2.9594e-02 4.8206e-02 4.8206e-02 4.8206e-02 4.8206e-02 -7.9205e-04 5.0239e-02 -7.9205e-04 -7.9205e-04 4.6535e-02
