1.0000e+00 9.6573e-01 9.6114e-01 9.3202e-01 9.3202e-01 9.3656e-01 -4.9915e-01 -5.0871e-01 -1.2821e-01 -4.5340e-01 7.7302e-01 -4.5215e-01 -4.5703e-01 -4.4899e-01 -2.1480e-01 -1.8112e-01 -1.8112e-01 -1.8112e-01 -1.8112e-01 -1.7976e-01 -2.9863e-01 -1.8247e-01 -1.8247e-01 2.1214e-01 1.8247e-01 1.8247e-01 1.8247e-01 1.8652e-01 1.6043e-01 2.0398e-01 2.1447e-01 2.4349e-01 2.0398e-01 1.8112e-01 2.4194e-01 1.7039e-01 1.7039e-01 2.5257e-01 2.5750e-01 -8.6933e-02 1.8443e-01 2.0240e-01 2.0240e-01 9.6992e-02 -4.4598e-02 -4.4598e-02 1.3466e-01 5.0745e-02 5.8195e-02 4.3057e-02 8.3889e-02 -1.1124e-01 4.2239e-02 -1.1643e-01 1.4386e-01 -2.2979e-04 5.4870e-02 4.7309e-02 -5.8377e-02 -7.1183e-02 -1.8908e-02 -2.3065e-02 1.9416e-02 1.9416e-02 4.5847e-02 2.0063e-02 2.0063e-02 1.3361e-02 1.5189e-02 1.5505e-02 2.1125e-02 -1.0142e-03 9.0437e-03 8.9497e-02 -6.3456e-02 3.0998e-02 -2.1692e-02
9.6573e-01 1.0000e+00 9.9077e-01 9.6164e-01 9.6164e-01 9.6620e-01 -5.1851e-01 -5.2767e-01 -1.2572e-01 -4.7338e-01 8.0195e-01 -4.7216e-01 -4.7717e-01 -4.6919e-01 -2.1423e-01 -1.8970e-01 -1.8970e-01 -1.8970e-01 -1.8970e-01 -1.8838e-01 -3.0789e-01 -1.9101e-01 -1.9101e-01 2.1951e-01 1.9101e-01 1.9101e-01 1.9101e-01 1.9494e-01 1.6964e-01 2.2615e-01 2.2193e-01 2.6529e-01 2.2615e-01 1.8970e-01 2.6376e-01 1.7167e-01 1.7167e-01 2.7437e-01 2.8377e-01 -1.1105e-01 1.9256e-01 2.2185e-01 2.2185e-01 1.1582e-01 -4.2618e-02 -4.2618e-02 1.5995e-01 7.0170e-02 7.7762e-02 5.5566e-02 7.7411e-02 -1.3607e-01 6.1895e-02 -1.4122e-01 1.5854e-01 1.8491e-02 7.1889e-02 5.9751e-02 -4.9156e-02 -5.9443e-02 -6.3668e-03 -1.9391e-02 1.4861e-02 1.4861e-02 4.4599e-02 1.7741e-02 1.7741e-02 1.0399e-02 1.2478e-02 1.6429e-02 1.8599e-02 1.0219e-02 1.2117e-02 9.3919e-02 -7.1117e-02 2.2103e-02 -2.1347e-02
9.6114e-01 9.9077e-01 1.0000e+00 9.7077e-01 9.7077e-01 9.6164e-01 -5.1421e-01 -5.2338e-01 -1.2572e-01 -4.6905e-01 8.0646e-01 -4.6783e-01 -4.7284e-01 -4.6486e-01 -2.1423e-01 -1.8970e-01 -1.8970e-01 -1.8970e-01 -1.8970e-01 -1.8838e-01 -3.0789e-01 -1.9101e-01 -1.9101e-01 2.1951e-01 1.9101e-01 1.9101e-01 1.9101e-01 1.9494e-01 1.6964e-01 2.3053e-01 2.2193e-01 2.6973e-01 2.3053e-01 1.8970e-01 2.6819e-01 1.7167e-01 1.7167e-01 2.7881e-01 2.8807e-01 -1.1628e-01 1.9256e-01 2.2185e-01 2.2185e-01 1.1057e-01 -4.2618e-02 -4.2618e-02 1.5382e-01 6.3165e-02 7.0667e-02 5.5566e-02 8.7663e-02 -1.3015e-01 5.4639e-02 -1.3535e-01 1.5854e-01 1.8491e-02 7.1889e-02 5.9751e-02 -4.9156e-02 -5.9443e-02 -6.3668e-03 -1.9391e-02 2.6290e-02 2.6290e-02 5.3173e-02 2.6309e-02 2.6309e-02 1.8980e-02 2.1053e-02 2.5028e-02 2.7170e-02 5.7572e-03 1.2117e-02 8.9607e-02 -7.1117e-02 2.2103e-02 -2.1347e-02
9.3202e-01 9.6164e-01 9.7077e-01 1.0000e+00 1.0000e+00 9.9097e-01 -4.8283e-01 -4.9273e-01 -1.3035e-01 -4.3655e-01 7.7793e-01 -4.3528e-01 -4.4004e-01 -4.3195e-01 -2.1994e-01 -1.9724e-01 -1.9724e-01 -1.9724e-01 -1.9724e-01 -1.9588e-01 -3.1969e-01 -1.9859e-01 -1.9859e-01 2.2827e-01 1.9859e-01 1.9859e-01 1.9859e-01 2.0262e-01 1.7662e-01 2.2292e-01 2.3056e-01 2.6327e-01 2.2292e-01 1.9724e-01 2.6170e-01 1.5891e-01 1.5891e-01 2.7242e-01 3.0205e-01 -1.2419e-01 2.0057e-01 2.1031e-01 2.1031e-01 1.0031e-01 -4.6285e-02 -4.6285e-02 1.4704e-01 6.0023e-02 6.7685e-02 7.3706e-02 8.0705e-02 -1.2282e-01 5.2241e-02 -1.2779e-01 1.5111e-01 1.1282e-02 5.7107e-02 5.0223e-02 -5.2189e-02 -6.0548e-02 -7.5856e-03 -2.6185e-02 2.4899e-02 2.4899e-02 5.3579e-02 2.4458e-02 2.4458e-02 1.8302e-02 1.9915e-02 2.5055e-02 2.5694e-02 -1.7115e-03 3.3264e-03 8.3327e-02 -7.2297e-02 2.7266e-02 -2.1990e-02
9.3202e-01 9.6164e-01 9.7077e-01 1.0000e+00 1.0000e+00 9.9097e-01 -4.8283e-01 -4.9273e-01 -1.3035e-01 -4.3655e-01 7.7793e-01 -4.3528e-01 -4.4004e-01 -4.3195e-01 -2.1994e-01 -1.9724e-01 -1.9724e-01 -1.9724e-01 -1.9724e-01 -1.9588e-01 -3.1969e-01 -1.9859e-01 -1.9859e-01 2.2827e-01 1.9859e-01 1.9859e-01 1.9859e-01 2.0262e-01 1.7662e-01 2.2292e-01 2.3056e-01 2.6327e-01 2.2292e-01 1.9724e-01 2.6170e-01 1.5891e-01 1.5891e-01 2.7242e-01 3.0205e-01 -1.2419e-01 2.0057e-01 2.1031e-01 2.1031e-01 1.0031e-01 -4.6285e-02 -4.6285e-02 1.4704e-01 6.0023e-02 6.7685e-02 7.3706e-02 8.0705e-02 -1.2282e-01 5.2241e-02 -1.2779e-01 1.5111e-01 1.1282e-02 5.7107e-02 5.0223e-02 -5.2189e-02 -6.0548e-02 -7.5856e-03 -2.6185e-02 2.4899e-02 2.4899e-02 5.3579e-02 2.4458e-02 2.4458e-02 1.8302e-02 1.9915e-02 2.5055e-02 2.5694e-02 -1.7115e-03 3.3264e-03 8.3327e-02 -7.2297e-02 2.7266e-02 -2.1990e-02
9.3656e-01 9.6620e-01 9.6164e-01 9.9097e-01 9.9097e-01 1.0000e+00 -4.9134e-01 -5.0122e-01 -1.3035e-01 -4.4511e-01 7.7793e-01 -4.4384e-01 -4.4861e-01 -4.4053e-01 -2.1994e-01 -2.0235e-01 -2.0235e-01 -2.0235e-01 -2.0235e-01 -2.0100e-01 -3.2418e-01 -2.0369e-01 -2.0369e-01 2.3315e-01 2.0369e-01 2.0369e-01 2.0369e-01 2.0770e-01 1.8186e-01 2.2292e-01 2.3546e-01 2.6327e-01 2.2292e-01 2.0235e-01 2.6170e-01 1.6321e-01 1.6321e-01 2.7242e-01 3.0205e-01 -1.1901e-01 2.0560e-01 2.1548e-01 2.1548e-01 1.0550e-01 -4.6285e-02 -4.6285e-02 1.5311e-01 6.6953e-02 7.4705e-02 7.3706e-02 8.0705e-02 -1.2282e-01 5.9419e-02 -1.2779e-01 1.5111e-01 1.1282e-02 5.7107e-02 5.0223e-02 -5.2189e-02 -6.0548e-02 -1.1856e-02 -2.6185e-02 1.9245e-02 1.9245e-02 4.9338e-02 2.0220e-02 2.0220e-02 1.4057e-02 1.5673e-02 2.0801e-02 2.1454e-02 2.7033e-03 7.6837e-03 8.3327e-02 -6.7827e-02 2.2621e-02 -2.1990e-02
-4.9915e-01 -5.1851e-01 -5.1421e-01 -4.8283e-01 -4.8283e-01 -4.9134e-01 1.0000e+00 9.7239e-01 2.2752e-01 9.0051e-01 -6.5365e-01 8.9858e-01 8.9681e-01 9.0317e-01 4.8659e-01 2.7995e-01 2.7995e-01 2.7995e-01 2.7995e-01 2.8259e-01 1.5612e-01 2.8212e-01 2.8212e-01 -3.1322e-01 -2.8212e-01 -2.8212e-01 -2.8212e-01 -2.7426e-01 -3.1095e-01 -2.9598e-01 -3.1362e-01 -3.4077e-01 -2.9598e-01 -2.7995e-01 -3.3833e-01 -1.6303e-01 -1.6303e-01 -3.3570e-01 -4.3552e-01 1.9897e-01 -2.8726e-01 -8.1181e-02 -8.1181e-02 -1.9919e-01 8.1984e-02 8.1984e-02 -7.4101e-02 1.9667e-03 -2.2064e-02 3.8312e-03 -8.5693e-03 7.6482e-02 -7.2007e-03 8.3349e-02 -1.5051e-01 -2.1431e-02 -1.6047e-01 2.6243e-02 4.7580e-02 9.7780e-02 4.1583e-02 1.0785e-02 2.0103e-02 2.0103e-02 -3.2130e-02 -1.1810e-02 -1.1810e-02 -1.5487e-02 -1.0016e-02 1.9563e-03 -1.1096e-02 1.4778e-02 1.9091e-02 -8.3802e-02 6.3949e-02 -4.0244e-03 -2.8780e-02
-5.0871e-01 -5.2767e-01 -5.2338e-01 -4.9273e-01 -4.9273e-01 -5.0122e-01 9.7239e-01 1.0000e+00 2.3063e-01 8.8649e-01 -6.7247e-01 8.8461e-01 8.7898e-01 8.8144e-01 4.7706e-01 2.8371e-01 2.8371e-01 2.8371e-01 2.8371e-01 2.8643e-01 1.7398e-01 2.8581e-01 2.8581e-01 -3.3769e-01 -2.8581e-01 -2.8581e-01 -2.8581e-01 -2.7775e-01 -3.1579e-01 -2.9369e-01 -3.3829e-01 -3.5731e-01 -2.9369e-01 -2.8371e-01 -3.5492e-01 -1.8741e-01 -1.8741e-01 -3.5624e-01 -4.5267e-01 1.9378e-01 -2.9028e-01 -7.1247e-02 -7.1247e-02 -1.9371e-01 7.7636e-02 7.7636e-02 -7.9589e-02 -7.5583e-03 -3.1385e-02 3.6430e-03 -1.4656e-02 8.2760e-02 -1.6296e-02 8.9791e-02 -1.5601e-01 -2.9179e-02 -1.7495e-01 1.7180e-02 4.7259e-02 8.8509e-02 3.8029e-02 3.6757e-03 1.8114e-02 1.8114e-02 -2.1262e-02 -1.5215e-02 -1.5215e-02 -2.1770e-02 -1.2761e-02 -3.5980e-03 -1.4115e-02 1.0438e-02 1.3430e-02 -7.8836e-02 6.4763e-02 -8.9646e-03 -2.9597e-02
-1.2821e-01 -1.2572e-01 -1.2572e-01 -1.3035e-01 -1.3035e-01 -1.3035e-01 2.2752e-01 2.3063e-01 1.0000e+00 2.4994e-01 -1.5702e-01 2.5045e-01 2.5198e-01 2.5353e-01 9.0693e-02 3.0229e-01 3.0229e-01 3.0229e-01 3.0229e-01 3.0330e-01 2.1319e-01 3.0129e-01 3.0129e-01 -2.7357e-01 -3.0129e-01 -3.0129e-01 -3.0129e-01 -2.9831e-01 -3.0619e-01 -1.5690e-01 -2.7529e-01 -1.4620e-01 -1.5690e-01 -3.0229e-01 -1.3661e-01 -1.8635e-01 -1.8635e-01 -1.4511e-01 -1.9483e-01 -5.3730e-02 -2.9250e-01 -8.9356e-02 -8.9356e-02 -8.8608e-02 -3.2356e-02 -3.2356e-02 -4.6774e-02 -5.8144e-02 -5.6757e-02 3.3710e-02 -2.4348e-02 6.6134e-02 -5.4397e-02 6.7392e-02 -2.1126e-02 -1.0748e-02 -8.9792e-02 -3.6991e-02 -1.0785e-02 -4.8158e-03 1.6734e-02 -1.4681e-02 6.9238e-02 6.9238e-02 1.5023e-02 3.7971e-02 3.7971e-02 2.7381e-02 2.3914e-02 2.3829e-02 3.1375e-02 -1.1951e-02 -1.2523e-02 8.7678e-03 -2.3768e-02 7.5346e-03 -6.8259e-03
-4.5340e-01 -4.7338e-01 -4.6905e-01 -4.3655e-01 -4.3655e-01 -4.4511e-01 9.0051e-01 8.8649e-01 2.4994e-01 1.0000e+00 -6.2824e-01 9.9797e-01 9.8784e-01 9.8180e-01 5.3029e-01 2.9978e-01 2.9978e-01 2.9978e-01 2.9978e-01 2.9749e-01 1.2180e-01 3.0206e-01 3.0206e-01 -2.5745e-01 -3.0206e-01 -3.0206e-01 -3.0206e-01 -2.9444e-01 -3.2952e-01 -3.3312e-01 -2.5747e-01 -3.1110e-01 -3.3312e-01 -2.9978e-01 -3.0855e-01 -1.1480e-01 -1.1480e-01 -3.0626e-01 -4.0605e-01 2.2244e-01 -3.0332e-01 -1.5736e-01 -1.5736e-01 -2.3235e-01 -4.7047e-02 -4.7047e-02 -7.0556e-02 6.6680e-03 -1.7967e-02 2.5374e-02 2.8103e-03 8.2327e-02 -1.7406e-02 8.8768e-02 -1.4054e-01 -5.8249e-02 -2.0858e-01 2.9532e-02 5.0181e-02 5.3813e-02 4.4279e-02 -1.1295e-03 4.9139e-02 4.9139e-02 -1.9985e-03 1.1188e-02 1.1188e-02 1.4202e-03 1.1764e-02 2.5613e-02 1.1188e-02 -4.5681e-03 2.5869e-03 -7.0168e-02 5.1058e-02 3.3313e-03 -2.7310e-02
7.7302e-01 8.0195e-01 8.0646e-01 7.7793e-01 7.7793e-01 7.7793e-01 -6.5365e-01 -6.7247e-01 -1.5702e-01 -6.2824e-01 1.0000e+00 -6.2697e-01 -6.2316e-01 -6.1513e-01 -3.4710e-01 -2.3990e-01 -2.3990e-01 -2.3990e-01 -2.3990e-01 -2.3855e-01 -3.7767e-01 -2.4125e-01 -2.4125e-01 2.7120e-01 2.4125e-01 2.4125e-01 2.4125e-01 2.4529e-01 2.1933e-01 2.4479e-01 2.7342e-01 2.8722e-01 2.4479e-01 2.3990e-01 2.8557e-01 1.4646e-01 1.4646e-01 2.9653e-01 3.7494e-01 -1.6769e-01 2.4338e-01 2.4915e-01 2.4915e-01 2.1770e-01 -5.1309e-02 -5.1309e-02 1.6573e-01 6.0068e-02 8.8797e-02 9.7376e-03 8.1421e-02 -1.3398e-01 5.3431e-02 -1.3848e-01 2.1446e-01 9.7250e-02 1.2769e-01 4.4563e-02 -2.0176e-02 -2.9277e-02 4.6841e-02 1.7167e-02 1.3180e-02 1.3180e-02 1.7818e-02 1.2338e-02 1.2338e-02 1.6122e-02 4.5567e-03 -1.3564e-03 9.8920e-03 4.9461e-03 7.9851e-03 9.0500e-02 -6.7545e-02 3.0054e-02 -2.2890e-02
-4.5215e-01 -4.7216e-01 -4.6783e-01 -4.3528e-01 -4.3528e-01 -4.4384e-01 8.9858e-01 8.8461e-01 2.5045e-01 9.9797e-01 -6.2697e-01 1.0000e+00 9.8986e-01 9.8380e-01 5.3142e-01 3.0094e-01 3.0094e-01 3.0094e-01 3.0094e-01 2.9865e-01 1.2326e-01 3.0322e-01 3.0322e-01 -2.5869e-01 -3.0322e-01 -3.0322e-01 -3.0322e-01 -2.9561e-01 -3.3064e-01 -3.3158e-01 -2.5870e-01 -3.0965e-01 -3.3158e-01 -3.0094e-01 -3.0709e-01 -1.1655e-01 -1.1655e-01 -3.0482e-01 -4.0400e-01 2.1864e-01 -3.0451e-01 -1.5636e-01 -1.5636e-01 -2.3138e-01 -4.6761e-02 -4.6761e-02 -6.9759e-02 7.3559e-03 -1.7297e-02 2.6210e-02 3.2510e-03 8.1490e-02 -1.6755e-02 8.7924e-02 -1.4016e-01 -5.7055e-02 -2.0698e-01 3.0189e-02 5.1478e-02 5.4481e-02 4.2516e-02 -9.0385e-03 5.0059e-02 5.0059e-02 9.5957e-05 1.3161e-02 1.3161e-02 3.3135e-03 1.3691e-02 2.7461e-02 1.3134e-02 -3.0629e-03 4.1731e-03 -7.1978e-02 5.2518e-02 2.2770e-04 -2.7255e-02
-4.5703e-01 -4.7717e-01 -4.7284e-01 -4.4004e-01 -4.4004e-01 -4.4861e-01 8.9681e-01 8.7898e-01 2.5198e-01 9.8784e-01 -6.2316e-01 9.8986e-01 1.0000e+00 9.8984e-01 5.3483e-01 2.9957e-01 2.9957e-01 2.9957e-01 2.9957e-01 2.9726e-01 1.2340e-01 3.0187e-01 3.0187e-01 -2.5779e-01 -3.0187e-01 -3.0187e-01 -3.0187e-01 -2.9430e-01 -3.2903e-01 -3.3517e-01 -2.5777e-01 -3.1362e-01 -3.3517e-01 -2.9957e-01 -3.1105e-01 -1.1770e-01 -1.1770e-01 -3.0884e-01 -4.0592e-01 2.2197e-01 -3.0331e-01 -1.5335e-01 -1.5335e-01 -2.2846e-01 -4.5901e-02 -4.5901e-02 -6.7366e-02 9.4222e-03 -1.5286e-02 2.8719e-02 4.5747e-03 7.8979e-02 -1.4799e-02 8.5389e-02 -1.3903e-01 -5.3471e-02 -2.0631e-01 3.2165e-02 5.5374e-02 4.9645e-02 4.1278e-02 -1.5941e-02 4.7458e-02 4.7458e-02 -5.6906e-03 1.1042e-02 1.1042e-02 4.9708e-03 1.1426e-02 2.4937e-02 1.0930e-02 1.4579e-03 8.9375e-03 -7.3367e-02 5.2662e-02 -2.7611e-04 -2.7089e-02
-4.4899e-01 -4.6919e-01 -4.6486e-01 -4.3195e-01 -4.3195e-01 -4.4053e-01 9.0317e-01 8.8144e-01 2.5353e-01 9.8180e-01 -6.1513e-01 9.8380e-01 9.8984e-01 1.0000e+00 5.3827e-01 2.9821e-01 2.9821e-01 2.9821e-01 2.9821e-01 3.0074e-01 1.1500e-01 3.0054e-01 3.0054e-01 -2.5689e-01 -3.0054e-01 -3.0054e-01 -3.0054e-01 -2.9301e-01 -3.2744e-01 -3.3878e-01 -2.5684e-01 -3.1762e-01 -3.3878e-01 -2.9821e-01 -3.1503e-01 -1.1887e-01 -1.1887e-01 -3.1287e-01 -4.0787e-01 2.2532e-01 -3.0212e-01 -1.5035e-01 -1.5035e-01 -2.2555e-01 -4.5041e-02 -4.5041e-02 -6.4971e-02 1.1493e-02 -1.3272e-02 1.9804e-02 5.9009e-03 7.6466e-02 -1.2840e-02 8.2853e-02 -1.3790e-01 -4.9882e-02 -2.0153e-01 3.4146e-02 5.4839e-02 5.1653e-02 4.4095e-02 -1.4421e-02 5.0227e-02 5.0227e-02 -7.4584e-03 8.9184e-03 8.9184e-03 2.5980e-03 9.1576e-03 2.2410e-02 8.7215e-03 1.7928e-03 9.5714e-03 -7.4762e-02 5.7056e-02 3.6323e-03 -2.6924e-02
-2.1480e-01 -2.1423e-01 -2.1423e-01 -2.1994e-01 -2.1994e-01 -2.1994e-01 4.8659e-01 4.7706e-01 9.0693e-02 5.3029e-01 -3.4710e-01 5.3142e-01 5.3483e-01 5.3827e-01 1.0000e+00 -8.1550e-02 -8.1550e-02 -8.1550e-02 -8.1550e-02 -8.0516e-02 -1.1961e-01 -7.6492e-02 -7.6492e-02 7.7461e-02 7.6492e-02 7.6492e-02 7.6492e-02 7.9598e-02 7.2001e-02 -2.6195e-01 7.5434e-02 -2.6284e-01 -2.6195e-01 7.5451e-02 -2.6369e-01 1.2579e-01 1.2579e-01 -2.6027e-01 -3.1077e-01 4.5837e-01 4.9712e-02 -1.4213e-01 -1.4213e-01 -1.1549e-01 -3.8029e-02 -3.8029e-02 -6.7310e-02 -1.6876e-02 -1.2295e-02 9.4329e-02 -1.0631e-01 5.4322e-02 -4.3956e-03 5.7872e-02 -1.0137e-01 -9.2403e-02 -1.6750e-01 2.4815e-02 4.7203e-02 4.0275e-02 7.7320e-02 1.4392e-02 -3.0060e-03 -3.0060e-03 -1.0167e-02 -4.6275e-04 -4.6275e-04 -1.3904e-03 -4.0571e-03 7.0978e-03 -3.8241e-03 5.2232e-02 6.9339e-02 -9.7121e-02 4.5554e-02 7.2983e-03 -1.5320e-02
-1.8112e-01 -1.8970e-01 -1.8970e-01 -1.9724e-01 -1.9724e-01 -2.0235e-01 2.7995e-01 2.8371e-01 3.0229e-01 2.9978e-01 -2.3990e-01 3.0094e-01 2.9957e-01 2.9821e-01 -8.1550e-02 1.0000e+00 1.0000e+00 1.0000e+00 1.0000e+00 9.9711e-01 7.4975e-01 9.9712e-01 9.9712e-01 -9.1803e-01 -9.9712e-01 -9.9712e-01 -9.9712e-01 -9.8858e-01 -9.5059e-01 -4.2923e-01 -9.1736e-01 -4.0352e-01 -4.2923e-01 -9.9422e-01 -3.9943e-01 -6.2113e-01 -6.2113e-01 -3.9593e-01 -5.6916e-01 -2.7661e-01 -9.6626e-01 -2.7743e-01 -2.7743e-01 -1.9951e-01 -6.3178e-02 -6.3178e-02 -9.3056e-02 -5.6219e-02 -8.3452e-02 -1.5801e-01 -9.3533e-02 1.0215e-01 -6.8259e-02 1.0571e-01 -9.9088e-02 3.7189e-02 -6.1532e-02 -1.6100e-02 -1.1718e-02 -3.4142e-02 -2.2617e-02 -4.4806e-02 -3.5276e-02 -3.5276e-02 -6.0621e-02 -4.2163e-02 -4.2163e-02 -4.9849e-02 -5.3481e-02 -4.4709e-02 -4.4362e-02 5.7587e-04 1.8825e-02 -8.6833e-03 6.6148e-03 -1.8606e-02 -1.6786e-02
-1.8112e-01 -1.8970e-01 -1.8970e-01 -1.9724e-01 -1.9724e-01 -2.0235e-01 2.7995e-01 2.8371e-01 3.0229e-01 2.9978e-01 -2.3990e-01 3.0094e-01 2.9957e-01 2.9821e-01 -8.1550e-02 1.0000e+00 1.0000e+00 1.0000e+00 1.0000e+00 9.9711e-01 7.4975e-01 9.9712e-01 9.9712e-01 -9.1803e-01 -9.9712e-01 -9.9712e-01 -9.9712e-01 -9.8858e-01 -9.5059e-01 -4.2923e-01 -9.1736e-01 -4.0352e-01 -4.2923e-01 -9.9422e-01 -3.9943e-01 -6.2113e-01 -6.2113e-01 -3.9593e-01 -5.6916e-01 -2.7661e-01 -9.6626e-01 -2.7743e-01 -2.7743e-01 -1.9951e-01 -6.3178e-02 -6.3178e-02 -9.3056e-02 -5.6219e-02 -8.3452e-02 -1.5801e-01 -9.3533e-02 1.0215e-01 -6.8259e-02 1.0571e-01 -9.9088e-02 3.7189e-02 -6.1532e-02 -1.6100e-02 -1.1718e-02 -3.4142e-02 -2.2617e-02 -4.4806e-02 -3.5276e-02 -3.5276e-02 -6.0621e-02 -4.2163e-02 -4.2163e-02 -4.9849e-02 -5.3481e-02 -4.4709e-02 -4.4362e-02 5.7587e-04 1.8825e-02 -8.6833e-03 6.6148e-03 -1.8606e-02 -1.6786e-02
-1.8112e-01 -1.8970e-01 -1.8970e-01 -1.9724e-01 -1.9724e-01 -2.0235e-01 2.7995e-01 2.8371e-01 3.0229e-01 2.9978e-01 -2.3990e-01 3.0094e-01 2.9957e-01 2.9821e-01 -8.1550e-02 1.0000e+00 1.0000e+00 1.0000e+00 1.0000e+00 9.9711e-01 7.4975e-01 9.9712e-01 9.9712e-01 -9.1803e-01 -9.9712e-01 -9.9712e-01 -9.9712e-01 -9.8858e-01 -9.5059e-01 -4.2923e-01 -9.1736e-01 -4.0352e-01 -4.2923e-01 -9.9422e-01 -3.9943e-01 -6.2113e-01 -6.2113e-01 -3.9593e-01 -5.6916e-01 -2.7661e-01 -9.6626e-01 -2.7743e-01 -2.7743e-01 -1.9951e-01 -6.3178e-02 -6.3178e-02 -9.3056e-02 -5.6219e-02 -8.3452e-02 -1.5801e-01 -9.3533e-02 1.0215e-01 -6.8259e-02 1.0571e-01 -9.9088e-02 3.7189e-02 -6.1532e-02 -1.6100e-02 -1.1718e-02 -3.4142e-02 -2.2617e-02 -4.4806e-02 -3.5276e-02 -3.5276e-02 -6.0621e-02 -4.2163e-02 -4.2163e-02 -4.9849e-02 -5.3481e-02 -4.4709e-02 -4.4362e-02 5.7587e-04 1.8825e-02 -8.6833e-03 6.6148e-03 -1.8606e-02 -1.6786e-02
-1.8112e-01 -1.8970e-01 -1.8970e-01 -1.9724e-01 -1.9724e-01 -2.0235e-01 2.7995e-01 2.8371e-01 3.0229e-01 2.9978e-01 -2.3990e-01 3.0094e-01 2.9957e-01 2.9821e-01 -8.1550e-02 1.0000e+00 1.0000e+00 1.0000e+00 1.0000e+00 9.9711e-01 7.4975e-01 9.9712e-01 9.9712e-01 -9.1803e-01 -9.9712e-01 -9.9712e-01 -9.9712e-01 -9.8858e-01 -9.5059e-01 -4.2923e-01 -9.1736e-01 -4.0352e-01 -4.2923e-01 -9.9422e-01 -3.9943e-01 -6.2113e-01 -6.2113e-01 -3.9593e-01 -5.6916e-01 -2.7661e-01 -9.6626e-01 -2.7743e-01 -2.7743e-01 -1.9951e-01 -6.3178e-02 -6.3178e-02 -9.3056e-02 -5.6219e-02 -8.3452e-02 -1.5801e-01 -9.3533e-02 1.0215e-01 -6.8259e-02 1.0571e-01 -9.9088e-02 3.7189e-02 -6.1532e-02 -1.6100e-02 -1.1718e-02 -3.4142e-02 -2.2617e-02 -4.4806e-02 -3.5276e-02 -3.5276e-02 -6.0621e-02 -4.2163e-02 -4.2163e-02 -4.9849e-02 -5.3481e-02 -4.4709e-02 -4.4362e-02 5.7587e-04 1.8825e-02 -8.6833e-03 6.6148e-03 -1.8606e-02 -1.6786e-02
-1.7976e-01 -1.8838e-01 -1.8838e-01 -1.9588e-01 -1.9588e-01 -2.0100e-01 2.8259e-01 2.8643e-01 3.0330e-01 2.9749e-01 -2.3855e-01 2.9865e-01 2.9726e-01 3.0074e-01 -8.0516e-02 9.9711e-01 9.9711e-01 9.9711e-01 9.9711e-01 1.0000e+00 7.4758e-01 9.9424e-01 9.9424e-01 -9.1537e-01 -9.9424e-01 -9.9424e-01 -9.9424e-01 -9.8572e-01 -9.4741e-01 -4.2797e-01 -9.1468e-01 -4.0233e-01 -4.2797e-01 -9.9132e-01 -3.9823e-01 -6.1932e-01 -6.1932e-01 -3.9474e-01 -5.6750e-01 -2.7581e-01 -9.6344e-01 -2.7663e-01 -2.7663e-01 -1.9859e-01 -6.2921e-02 -6.2921e-02 -9.2229e-02 -5.5491e-02 -8.2781e-02 -1.5727e-01 -9.3159e-02 1.0128e-01 -6.7586e-02 1.0484e-01 -9.8748e-02 3.8696e-02 -5.9657e-02 -1.5351e-02 -1.0206e-02 -3.3418e-02 -1.9937e-02 -4.4269e-02 -3.4250e-02 -3.4250e-02 -6.3022e-02 -4.4680e-02 -4.4680e-02 -5.2478e-02 -5.6076e-02 -4.7402e-02 -4.6918e-02 -2.6255e-03 1.5813e-02 -6.0016e-03 3.2876e-03 -1.7082e-02 -1.6737e-02
-2.9863e-01 -3.0789e-01 -3.0789e-01 -3.1969e-01 -3.1969e-01 -3.2418e-01 1.5612e-01 1.7398e-01 2.1319e-01 1.2180e-01 -3.7767e-01 1.2326e-01 1.2340e-01 1.1500e-01 -1.1961e-01 7.4975e-01 7.4975e-01 7.4975e-01 7.4975e-01 7.4758e-01 1.0000e+00 7.5192e-01 7.5192e-01 -8.1184e-01 -7.5192e-01 -7.5192e-01 -7.5192e-01 -7.4327e-01 -7.1715e-01 -8.4558e-02 -8.1238e-01 -1.6984e-01 -8.4558e-02 -7.4975e-01 -1.6685e-01 -4.6790e-01 -4.6790e-01 -1.6573e-01 -4.0227e-01 -3.6893e-01 -7.2139e-01 -2.2104e-01 -2.2104e-01 -2.6473e-01 8.1075e-02 8.1075e-02 -1.6226e-01 -1.0452e-01 -1.3375e-01 -2.0275e-01 -1.2512e-01 1.5278e-01 -1.1055e-01 1.5163e-01 -1.1656e-01 -1.3231e-02 2.5731e-02 -6.3550e-02 -4.8688e-02 -4.4150e-02 -1.0301e-01 -5.6780e-02 -7.8391e-02 -7.8391e-02 -3.5981e-02 -3.0123e-02 -3.0123e-02 -3.1438e-02 -3.4278e-02 -2.8585e-02 -2.8681e-02 1.6383e-02 3.3321e-02 -3.7864e-02 3.5980e-02 -5.7677e-02 4.4444e-02
-1.8247e-01 -1.9101e-01 -1.9101e-01 -1.9859e-01 -1.9859e-01 -2.0369e-01 2.8212e-01 2.8581e-01 3.0129e-01 3.0206e-01 -2.4125e-01 3.0322e-01 3.0187e-01 3.0054e-01 -7.6492e-02 9.9712e-01 9.9712e-01 9.9712e-01 9.9712e-01 9.9424e-01 7.5192e-01 1.0000e+00 1.0000e+00 -9.2068e-01 -1.0000e+00 -1.0000e+00 -1.0000e+00 -9.9144e-01 -9.5376e-01 -4.3049e-01 -9.2004e-01 -4.0471e-01 -4.3049e-01 -9.9712e-01 -4.0063e-01 -6.2295e-01 -6.2295e-01 -3.9712e-01 -5.7083e-01 -2.7741e-01 -9.6908e-01 -2.7823e-01 -2.7823e-01 -2.0043e-01 -6.3434e-02 -6.3434e-02 -9.3880e-02 -5.6946e-02 -8.4122e-02 -1.5874e-01 -9.3906e-02 1.0301e-01 -6.8931e-02 1.0658e-01 -9.9428e-02 4.1101e-02 -5.8524e-02 -1.6847e-02 -1.3226e-02 -3.4865e-02 -2.0467e-02 -4.5342e-02 -3.6298e-02 -3.6298e-02 -5.8228e-02 -4.4441e-02 -4.4441e-02 -5.2023e-02 -5.5685e-02 -4.6829e-02 -4.6605e-02 -1.2193e-03 1.6906e-02 -6.5379e-03 4.8829e-03 -2.0125e-02 -1.6834e-02
-1.8247e-01 -1.9101e-01 -1.9101e-01 -1.9859e-01 -1.9859e-01 -2.0369e-01 2.8212e-01 2.8581e-01 3.0129e-01 3.0206e-01 -2.4125e-01 3.0322e-01 3.0187e-01 3.0054e-01 -7.6492e-02 9.9712e-01 9.9712e-01 9.9712e-01 9.9712e-01 9.9424e-01 7.5192e-01 1.0000e+00 1.0000e+00 -9.2068e-01 -1.0000e+00 -1.0000e+00 -1.0000e+00 -9.9144e-01 -9.5376e-01 -4.3049e-01 -9.2004e-01 -4.0471e-01 -4.3049e-01 -9.9712e-01 -4.0063e-01 -6.2295e-01 -6.2295e-01 -3.9712e-01 -5.7083e-01 -2.7741e-01 -9.6908e-01 -2.7823e-01 -2.7823e-01 -2.0043e-01 -6.3434e-02 -6.3434e-02 -9.3880e-02 -5.6946e-02 -8.4122e-02 -1.5874e-01 -9.3906e-02 1.0301e-01 -6.8931e-02 1.0658e-01 -9.9428e-02 4.1101e-02 -5.8524e-02 -1.6847e-02 -1.3226e-02 -3.4865e-02 -2.0467e-02 -4.5342e-02 -3.6298e-02 -3.6298e-02 -5.8228e-02 -4.4441e-02 -4.4441e-02 -5.2023e-02 -5.5685e-02 -4.6829e-02 -4.6605e-02 -1.2193e-03 1.6906e-02 -6.5379e-03 4.8829e-03 -2.0125e-02 -1.6834e-02
2.1214e-01 2.1951e-01 2.1951e-01 2.2827e-01 2.2827e-01 2.3315e-01 -3.1322e-01 -3.3769e-01 -2.7357e-01 -2.5745e-01 2.7120e-01 -2.5869e-01 -2.5779e-01 -2.5689e-01 7.7461e-02 -9.1803e-01 -9.1803e-01 -9.1803e-01 -9.1803e-01 -9.1537e-01 -8.1184e-01 -9.2068e-01 -9.2068e-01 1.0000e+00 9.2068e-01 9.2068e-01 9.2068e-01 9.1216e-01 8.7811e-01 3.2789e-01 9.9472e-01 4.3547e-01 3.2789e-01 9.1803e-01 4.3168e-01 6.7260e-01 6.7260e-01 4.2786e-01 6.1603e-01 3.0131e-01 8.9013e-01 1.3453e-01 1.3453e-01 2.1629e-01 -1.1697e-01 -1.1697e-01 1.0473e-01 7.0488e-02 9.6032e-02 1.5427e-01 1.0495e-01 -1.1540e-01 8.0683e-02 -1.1925e-01 8.6626e-02 -8.0850e-02 4.2521e-02 3.0490e-02 2.6194e-02 8.9142e-03 3.2749e-02 4.1672e-02 5.3517e-02 5.3517e-02 5.8617e-02 5.4929e-02 5.4929e-02 5.9469e-02 6.4062e-02 5.2596e-02 5.6048e-02 -4.5838e-03 -1.8490e-02 1.8851e-02 -2.2903e-02 1.3525e-02 1.8284e-02
1.8247e-01 1.9101e-01 1.9101e-01 1.9859e-01 1.9859e-01 2.0369e-01 -2.8212e-01 -2.8581e-01 -3.0129e-01 -3.0206e-01 2.4125e-01 -3.0322e-01 -3.0187e-01 -3.0054e-01 7.6492e-02 -9.9712e-01 -9.9712e-01 -9.9712e-01 -9.9712e-01 -9.9424e-01 -7.5192e-01 -1.0000e+00 -1.0000e+00 9.2068e-01 1.0000e+00 1.0000e+00 1.0000e+00 9.9144e-01 9.5376e-01 4.3049e-01 9.2004e-01 4.0471e-01 4.3049e-01 9.9712e-01 4.0063e-01 6.2295e-01 6.2295e-01 3.9712e-01 5.7083e-01 2.7741e-01 9.6908e-01 2.7823e-01 2.7823e-01 2.0043e-01 6.3434e-02 6.3434e-02 9.3880e-02 5.6946e-02 8.4122e-02 1.5874e-01 9.3906e-02 -1.0301e-01 6.8931e-02 -1.0658e-01 9.9428e-02 -4.1101e-02 5.8524e-02 1.6847e-02 1.3226e-02 3.4865e-02 2.0467e-02 4.5342e-02 3.6298e-02 3.6298e-02 5.8228e-02 4.4441e-02 4.4441e-02 5.2023e-02 5.5685e-02 4.6829e-02 4.6605e-02 1.2193e-03 -1.6906e-02 6.5379e-03 -4.8829e-03 2.0125e-02 1.6834e-02
1.8247e-01 1.9101e-01 1.9101e-01 1.9859e-01 1.9859e-01 2.0369e-01 -2.8212e-01 -2.8581e-01 -3.0129e-01 -3.0206e-01 2.4125e-01 -3.0322e-01 -3.0187e-01 -3.0054e-01 7.6492e-02 -9.9712e-01 -9.9712e-01 -9.9712e-01 -9.9712e-01 -9.9424e-01 -7.5192e-01 -1.0000e+00 -1.0000e+00 9.2068e-01 1.0000e+00 1.0000e+00 1.0000e+00 9.9144e-01 9.5376e-01 4.3049e-01 9.2004e-01 4.0471e-01 4.3049e-01 9.9712e-01 4.0063e-01 6.2295e-01 6.2295e-01 3.9712e-01 5.7083e-01 2.7741e-01 9.6908e-01 2.7823e-01 2.7823e-01 2.0043e-01 6.3434e-02 6.3434e-02 9.3880e-02 5.6946e-02 8.4122e-02 1.5874e-01 9.3906e-02 -1.0301e-01 6.8931e-02 -1.0658e-01 9.9428e-02 -4.1101e-02 5.8524e-02 1.6847e-02 1.3226e-02 3.4865e-02 2.0467e-02 4.5342e-02 3.6298e-02 3.6298e-02 5.8228e-02 4.4441e-02 4.4441e-02 5.2023e-02 5.5685e-02 4.6829e-02 4.6605e-02 1.2193e-03 -1.6906e-02 6.5379e-03 -4.8829e-03 2.0125e-02 1.6834e-02
1.8247e-01 1.9101e-01 1.9101e-01 1.9859e-01 1.9859e-01 2.0369e-01 -2.8212e-01 -2.8581e-01 -3.0129e-01 -3.0206e-01 2.4125e-01 -3.0322e-01 -3.0187e-01 -3.0054e-01 7.6492e-02 -9.9712e-01 -9.9712e-01 -9.9712e-01 -9.9712e-01 -9.9424e-01 -7.5192e-01 -1.0000e+00 -1.0000e+00 9.2068e-01 1.0000e+00 1.0000e+00 1.0000e+00 9.9144e-01 9.5376e-01 4.3049e-01 9.2004e-01 4.0471e-01 4.3049e-01 9.9712e-01 4.0063e-01 6.2295e-01 6.2295e-01 3.9712e-01 5.7083e-01 2.7741e-01 9.6908e-01 2.7823e-01 2.7823e-01 2.0043e-01 6.3434e-02 6.3434e-02 9.3880e-02 5.6946e-02 8.4122e-02 1.5874e-01 9.3906e-02 -1.0301e-01 6.8931e-02 -1.0658e-01 9.9428e-02 -4.1101e-02 5.8524e-02 1.6847e-02 1.3226e-02 3.4865e-02 2.0467e-02 4.5342e-02 3.6298e-02 3.6298e-02 5.8228e-02 4.4441e-02 4.4441e-02 5.2023e-02 5.5685e-02 4.6829e-02 4.6605e-02 1.2193e-03 -1.6906e-02 6.5379e-03 -4.8829e-03 2.0125e-02 1.6834e-02
1.8652e-01 1.9494e-01 1.9494e-01 2.0262e-01 2.0262e-01 2.0770e-01 -2.7426e-01 -2.7775e-01 -2.9831e-01 -2.9444e-01 2.4529e-01 -2.9561e-01 -2.9430e-01 -2.9301e-01 7.9598e-02 -9.8858e-01 -9.8858e-01 -9.8858e-01 -9.8858e-01 -9.8572e-01 -7.4327e-01 -9.9144e-01 -9.9144e-01 9.1216e-01 9.9144e-01 9.9144e-01 9.9144e-01 1.0000e+00 9.4559e-01 4.3428e-01 9.1155e-01 4.0827e-01 4.3428e-01 9.8858e-01 4.0422e-01 6.2840e-01 6.2840e-01 4.0068e-01 5.6149e-01 2.7980e-01 9.6056e-01 2.8063e-01 2.8063e-01 2.0318e-01 6.4201e-02 6.4201e-02 9.6343e-02 5.9114e-02 8.6122e-02 1.6093e-01 9.5024e-02 -1.0558e-01 7.0938e-02 -1.0917e-01 1.0045e-01 -5.2763e-02 4.9560e-02 1.9074e-02 7.2162e-03 3.7020e-02 1.8857e-02 4.6942e-02 2.6636e-02 2.6636e-02 5.5866e-02 4.1706e-02 4.1706e-02 4.8963e-02 5.2724e-02 4.3588e-02 4.3759e-02 6.5706e-03 -1.1188e-02 9.7340e-03 -4.7448e-03 2.4654e-02 1.6979e-02
1.6043e-01 1.6964e-01 1.6964e-01 1.7662e-01 1.7662e-01 1.8186e-01 -3.1095e-01 -3.1579e-01 -3.0619e-01 -3.2952e-01 2.1933e-01 -3.3064e-01 -3.2903e-01 -3.2744e-01 7.2001e-02 -9.5059e-01 -9.5059e-01 -9.5059e-01 -9.5059e-01 -9.4741e-01 -7.1715e-01 -9.5376e-01 -9.5376e-01 8.7811e-01 9.5376e-01 9.5376e-01 9.5376e-01 9.4559e-01 1.0000e+00 4.1023e-01 8.7709e-01 3.8563e-01 4.1023e-01 9.5059e-01 3.8646e-01 5.9379e-01 5.9379e-01 3.7803e-01 5.4408e-01 2.6458e-01 9.2385e-01 2.6536e-01 2.6536e-01 1.8555e-01 5.9295e-02 5.9295e-02 8.7487e-02 4.5080e-02 7.3219e-02 1.5387e-01 8.7875e-02 -1.0257e-01 5.7974e-02 -1.0594e-01 9.3949e-02 -4.7549e-03 8.7912e-02 1.3014e-02 1.0183e-02 2.3044e-02 2.1098e-02 5.7198e-02 2.6116e-02 2.6116e-02 5.8184e-02 4.6445e-02 4.6445e-02 5.5804e-02 5.8938e-02 5.1571e-02 4.9216e-02 1.2742e-02 -7.9617e-03 -1.2702e-02 1.3370e-02 2.2168e-02 1.6056e-02
2.0398e-01 2.2615e-01 2.3053e-01 2.2292e-01 2.2292e-01 2.2292e-01 -2.9598e-01 -2.9369e-01 -1.5690e-01 -3.3312e-01 2.4479e-01 -3.3158e-01 -3.3517e-01 -3.3878e-01 -2.6195e-01 -4.2923e-01 -4.2923e-01 -4.2923e-01 -4.2923e-01 -4.2797e-01 -8.4558e-02 -4.3049e-01 -4.3049e-01 3.2789e-01 4.3049e-01 4.3049e-01 4.3049e-01 4.3428e-01 4.1023e-01 1.0000e+00 3.3439e-01 9.4093e-01 1.0000e+00 4.3412e-01 9.3874e-01 5.7423e-01 5.7423e-01 9.3072e-01 6.2610e-01 -4.0919e-01 4.4183e-01 6.3905e-01 6.3905e-01 -1.1979e-01 1.0003e-01 1.0003e-01 3.4205e-01 2.5250e-01 2.7727e-01 -1.9702e-03 2.0031e-01 -3.2328e-01 2.2853e-01 -3.3081e-01 2.3556e-01 9.1383e-02 8.1742e-02 1.5294e-01 -1.4700e-02 -3.7036e-02 -7.2701e-02 -3.7208e-02 3.6606e-04 3.6606e-04 6.3407e-02 3.6520e-02 3.6520e-02 4.0612e-02 3.5716e-02 3.9043e-02 3.1649e-02 2.6824e-02 1.1491e-02 3.1966e-02 -1.3116e-02 5.8642e-03 3.8665e-02
2.1447e-01 2.2193e-01 2.2193e-01 2.3056e-01 2.3056e-01 2.3546e-01 -3.1362e-01 -3.3829e-01 -2.7529e-01 -2.5747e-01 2.7342e-01 -2.5870e-01 -2.5777e-01 -2.5684e-01 7.5434e-02 -9.1736e-01 -9.1736e-01 -9.1736e-01 -9.1736e-01 -9.1468e-01 -8.1238e-01 -9.2004e-01 -9.2004e-01 9.9472e-01 9.2004e-01 9.2004e-01 9.2004e-01 9.1155e-01 8.7709e-01 3.3439e-01 1.0000e+00 4.4260e-01 3.3439e-01 9.2290e-01 4.3879e-01 6.7829e-01 6.7829e-01 4.3502e-01 6.2192e-01 2.9971e-01 8.9500e-01 1.3809e-01 1.3809e-01 2.1448e-01 -1.1797e-01 -1.1797e-01 1.0972e-01 6.9106e-02 9.4743e-02 1.5279e-01 1.0422e-01 -1.2643e-01 7.9396e-02 -1.3017e-01 8.5896e-02 -8.3833e-02 3.8854e-02 2.9087e-02 2.8398e-02 7.4456e-03 3.6894e-02 4.0615e-02 5.7717e-02 5.7717e-02 6.3179e-02 5.9761e-02 5.9761e-02 6.4504e-02 6.9031e-02 5.7751e-02 6.0948e-02 -3.2542e-03 -1.7440e-02 1.8367e-02 -2.1422e-02 1.5624e-02 1.8188e-02
2.4349e-01 2.6529e-01 2.6973e-01 2.6327e-01 2.6327e-01 2.6327e-01 -3.4077e-01 -3.5731e-01 -1.4620e-01 -3.1110e-01 2.8722e-01 -3.0965e-01 -3.1362e-01 -3.1762e-01 -2.6284e-01 -4.0352e-01 -4.0352e-01 -4.0352e-01 -4.0352e-01 -4.0233e-01 -1.6984e-01 -4.0471e-01 -4.0471e-01 4.3547e-01 4.0471e-01 4.0471e-01 4.0471e-01 4.0827e-01 3.8563e-01 9.4093e-01 4.4260e-01 1.0000e+00 9.4093e-01 4.0848e-01 9.9787e-01 6.5253e-01 6.5253e-01 9.8935e-01 6.9929e-01 -3.8394e-01 4.1538e-01 5.3358e-01 5.3358e-01 -1.0062e-01 -5.8495e-02 -5.8495e-02 3.6527e-01 2.6970e-01 2.9441e-01 -7.7826e-04 2.1620e-01 -3.4772e-01 2.4427e-01 -3.5568e-01 2.3076e-01 5.4151e-02 6.9067e-02 1.6733e-01 -4.0651e-03 -6.0201e-02 -6.0091e-02 -3.9815e-02 2.1792e-02 2.1792e-02 6.8853e-02 5.0257e-02 5.0257e-02 5.2050e-02 4.8026e-02 4.8814e-02 4.4491e-02 2.0493e-02 7.9593e-03 4.5559e-02 -3.1154e-02 3.9690e-03 4.1093e-02
2.0398e-01 2.2615e-01 2.3053e-01 2.2292e-01 2.2292e-01 2.2292e-01 -2.9598e-01 -2.9369e-01 -1.5690e-01 -3.3312e-01 2.4479e-01 -3.3158e-01 -3.3517e-01 -3.3878e-01 -2.6195e-01 -4.2923e-01 -4.2923e-01 -4.2923e-01 -4.2923e-01 -4.2797e-01 -8.4558e-02 -4.3049e-01 -4.3049e-01 3.2789e-01 4.3049e-01 4.3049e-01 4.3049e-01 4.3428e-01 4.1023e-01 1.0000e+00 3.3439e-01 9.4093e-01 1.0000e+00 4.3412e-01 9.3874e-01 5.7423e-01 5.7423e-01 9.3072e-01 6.2610e-01 -4.0919e-01 4.4183e-01 6.3905e-01 6.3905e-01 -1.1979e-01 1.0003e-01 1.0003e-01 3.4205e-01 2.5250e-01 2.7727e-01 -1.9702e-03 2.0031e-01 -3.2328e-01 2.2853e-01 -3.3081e-01 2.3556e-01 9.1383e-02 8.1742e-02 1.5294e-01 -1.4700e-02 -3.7036e-02 -7.2701e-02 -3.7208e-02 3.6606e-04 3.6606e-04 6.3407e-02 3.6520e-02 3.6520e-02 4.0612e-02 3.5716e-02 3.9043e-02 3.1649e-02 2.6824e-02 1.1491e-02 3.1966e-02 -1.3116e-02 5.8642e-03 3.8665e-02
1.8112e-01 1.8970e-01 1.8970e-01 1.9724e-01 1.9724e-01 2.0235e-01 -2.7995e-01 -2.8371e-01 -3.0229e-01 -2.9978e-01 2.3990e-01 -3.0094e-01 -2.9957e-01 -2.9821e-01 7.5451e-02 -9.9422e-01 -9.9422e-01 -9.9422e-01 -9.9422e-01 -9.9132e-01 -7.4975e-01 -9.9712e-01 -9.9712e-01 9.1803e-01 9.9712e-01 9.9712e-01 9.9712e-01 9.8858e-01 9.5059e-01 4.3412e-01 9.2290e-01 4.0848e-01 4.3412e-01 1.0000e+00 4.0439e-01 6.2599e-01 6.2599e-01 4.0090e-01 5.7397e-01 2.7661e-01 9.7195e-01 2.7743e-01 2.7743e-01 1.9951e-01 6.3178e-02 6.3178e-02 9.3056e-02 5.6219e-02 8.3452e-02 1.5801e-01 9.3533e-02 -1.0877e-01 6.8259e-02 -1.1228e-01 9.9088e-02 -4.2611e-02 5.6647e-02 1.6100e-02 1.7005e-02 3.4142e-02 2.2617e-02 4.4806e-02 3.5276e-02 3.5276e-02 6.0621e-02 4.6958e-02 4.6958e-02 5.4651e-02 5.8279e-02 4.9521e-02 4.9159e-02 4.4183e-03 -1.3896e-02 3.8571e-03 -1.5582e-03 1.8606e-02 1.6786e-02
2.4194e-01 2.6376e-01 2.6819e-01 2.6170e-01 2.6170e-01 2.6170e-01 -3.3833e-01 -3.5492e-01 -1.3661e-01 -3.0855e-01 2.8557e-01 -3.0709e-01 -3.1105e-01 -3.1503e-01 -2.6369e-01 -3.9943e-01 -3.9943e-01 -3.9943e-01 -3.9943e-01 -3.9823e-01 -1.6685e-01 -4.0063e-01 -4.0063e-01 4.3168e-01 4.0063e-01 4.0063e-01 4.0063e-01 4.0422e-01 3.8646e-01 9.3874e-01 4.3879e-01 9.9787e-01 9.3874e-01 4.0439e-01 1.0000e+00 6.4976e-01 6.4976e-01 9.8724e-01 6.9669e-01 -3.8479e-01 4.1140e-01 5.3221e-01 5.3221e-01 -1.0164e-01 -5.8771e-02 -5.8771e-02 3.6423e-01 2.6885e-01 2.9356e-01 -1.6253e-03 2.1563e-01 -3.4665e-01 2.4347e-01 -3.5460e-01 2.3020e-01 5.2882e-02 6.7337e-02 1.6657e-01 -5.3750e-03 -6.0836e-02 -5.8241e-02 -4.0316e-02 2.0853e-02 2.0853e-02 6.6671e-02 4.8213e-02 4.8213e-02 5.0084e-02 4.6031e-02 4.6903e-02 4.2478e-02 1.8940e-02 6.3320e-03 4.3225e-02 -2.8277e-02 7.1448e-03 4.1005e-02
1.7039e-01 1.7167e-01 1.7167e-01 1.5891e-01 1.5891e-01 1.6321e-01 -1.6303e-01 -1.8741e-01 -1.8635e-01 -1.1480e-01 1.4646e-01 -1.1655e-01 -1.1770e-01 -1.1887e-01 1.2579e-01 -6.2113e-01 -6.2113e-01 -6.2113e-01 -6.2113e-01 -6.1932e-01 -4.6790e-01 -6.2295e-01 -6.2295e-01 6.7260e-01 6.2295e-01 6.2295e-01 6.2295e-01 6.2840e-01 5.9379e-01 5.7423e-01 6.7829e-01 6.5253e-01 5.7423e-01 6.2599e-01 6.4976e-01 1.0000e+00 1.0000e+00 6.4419e-01 2.2601e-01 4.4187e-01 5.9623e-01 3.0068e-01 3.0068e-01 -2.3495e-01 -1.2081e-01 -1.2081e-01 2.1335e-01 1.5842e-01 1.8544e-01 2.2443e-01 1.1857e-01 -2.1391e-01 1.5485e-01 -2.1921e-01 1.3715e-01 -1.1199e-01 -1.4243e-01 8.1633e-02 9.1943e-03 -1.1859e-02 -1.6206e-02 4.9668e-03 2.8555e-02 2.8555e-02 6.3746e-02 5.1599e-02 5.1599e-02 5.4144e-02 5.5534e-02 5.8814e-02 5.1874e-02 2.0368e-02 2.0382e-02 2.1617e-02 -8.9973e-03 2.9086e-02 2.6814e-02
1.7039e-01 1.7167e-01 1.7167e-01 1.5891e-01 1.5891e-01 1.6321e-01 -1.6303e-01 -1.8741e-01 -1.8635e-01 -1.1480e-01 1.4646e-01 -1.1655e-01 -1.1770e-01 -1.1887e-01 1.2579e-01 -6.2113e-01 -6.2113e-01 -6.2113e-01 -6.2113e-01 -6.1932e-01 -4.6790e-01 -6.2295e-01 -6.2295e-01 6.7260e-01 6.2295e-01 6.2295e-01 6.2295e-01 6.2840e-01 5.9379e-01 5.7423e-01 6.7829e-01 6.5253e-01 5.7423e-01 6.2599e-01 6.4976e-01 1.0000e+00 1.0000e+00 6.4419e-01 2.2601e-01 4.4187e-01 5.9623e-01 3.0068e-01 3.0068e-01 -2.3495e-01 -1.2081e-01 -1.2081e-01 2.1335e-01 1.5842e-01 1.8544e-01 2.2443e-01 1.1857e-01 -2.1391e-01 1.5485e-01 -2.1921e-01 1.3715e-01 -1.1199e-01 -1.4243e-01 8.1633e-02 9.1943e-03 -1.1859e-02 -1.6206e-02 4.9668e-03 2.8555e-02 2.8555e-02 6.3746e-02 5.1599e-02 5.1599e-02 5.4144e-02 5.5534e-02 5.8814e-02 5.1874e-02 2.0368e-02 2.0382e-02 2.1617e-02 -8.9973e-03 2.9086e-02 2.6814e-02
2.5257e-01 2.7437e-01 2.7881e-01 2.7242e-01 2.7242e-01 2.7242e-01 -3.3570e-01 -3.5624e-01 -1.4511e-01 -3.0626e-01 2.9653e-01 -3.0482e-01 -3.0884e-01 -3.1287e-01 -2.6027e-01 -3.9593e-01 -3.9593e-01 -3.9593e-01 -3.9593e-01 -3.9474e-01 -1.6573e-01 -3.9712e-01 -3.9712e-01 4.2786e-01 3.9712e-01 3.9712e-01 3.9712e-01 4.0068e-01 3.7803e-01 9.3072e-01 4.3502e-01 9.8935e-01 9.3072e-01 4.0090e-01 9.8724e-01 6.4419e-01 6.4419e-01 1.0000e+00 7.0300e-01 -3.9648e-01 4.0780e-01 5.3770e-01 5.3770e-01 -9.7588e-02 -5.7668e-02 -5.7668e-02 3.5659e-01 2.7227e-01 2.9698e-01 1.7686e-03 2.1791e-01 -3.2817e-01 2.4670e-01 -3.3635e-01 2.3244e-01 5.7969e-02 7.4270e-02 1.6960e-01 -4.6730e-03 -5.8293e-02 -6.1501e-02 -3.8311e-02 1.9117e-02 1.9117e-02 7.1290e-02 4.4033e-02 4.4033e-02 4.5572e-02 4.1646e-02 4.2144e-02 3.8169e-02 1.2279e-02 1.3484e-04 5.2579e-02 -3.1107e-02 -1.0602e-03 4.1357e-02
2.5750e-01 2.8377e-01 2.8807e-01 3.0205e-01 3.0205e-01 3.0205e-01 -4.3552e-01 -4.5267e-01 -1.9483e-01 -4.0605e-01 3.7494e-01 -4.0400e-01 -4.0592e-01 -4.0787e-01 -3.1077e-01 -5.6916e-01 -5.6916e-01 -5.6916e-01 -5.6916e-01 -5.6750e-01 -4.0227e-01 -5.7083e-01 -5.7083e-01 6.1603e-01 5.7083e-01 5.7083e-01 5.7083e-01 5.6149e-01 5.4408e-01 6.2610e-01 6.2192e-01 6.9929e-01 6.2610e-01 5.7397e-01 6.9669e-01 2.2601e-01 2.2601e-01 7.0300e-01 1.0000e+00 -5.6068e-01 5.8580e-01 3.4230e-01 3.4230e-01 3.2432e-01 -3.8593e-02 -3.8593e-02 2.2894e-01 1.6651e-01 1.8592e-01 -8.7821e-02 1.8385e-01 -2.2091e-01 1.5425e-01 -2.2679e-01 1.6361e-01 9.4154e-02 2.4653e-01 1.0848e-01 1.1028e-02 -3.8180e-02 -1.1419e-02 -6.7180e-03 4.0321e-02 4.0321e-02 5.6699e-02 4.7372e-02 4.7372e-02 5.0465e-02 4.9217e-02 3.6675e-02 4.2460e-02 -6.9538e-03 -3.1080e-02 4.1384e-02 -3.9773e-02 -1.6254e-02 2.9245e-02
-8.6933e-02 -1.1105e-01 -1.1628e-01 -1.2419e-01 -1.2419e-01 -1.1901e-01 1.9897e-01 1.9378e-01 -5.3730e-02 2.2244e-01 -1.6769e-01 2.1864e-01 2.2197e-01 2.2532e-01 4.5837e-01 -2.7661e-01 -2.7661e-01 -2.7661e-01 -2.7661e-01 -2.7581e-01 -3.6893e-01 -2.7741e-01 -2.7741e-01 3.0131e-01 2.7741e-01 2.7741e-01 2.7741e-01 2.7980e-01 2.6458e-01 -4.0919e-01 2.9971e-01 -3.8394e-01 -4.0919e-01 2.7661e-01 -3.8479e-01 4.4187e-01 4.4187e-01 -3.9648e-01 -5.6068e-01 1.0000e+00 2.3269e-01 -2.7100e-01 -2.7100e-01 -1.6832e-01 -7.7725e-02 -7.7725e-02 -1.6290e-01 -1.2978e-01 -1.2632e-01 2.6855e-01 -1.1379e-01 1.3545e-01 -1.0397e-01 1.3865e-01 -1.0850e-01 -2.0335e-01 -2.5926e-01 -1.0141e-01 1.6593e-02 5.4388e-02 5.2924e-02 5.1131e-02 1.1907e-02 1.1907e-02 -2.2716e-03 5.4772e-03 5.4772e-03 6.7244e-03 1.3032e-02 1.6385e-02 1.2717e-02 5.0308e-03 1.9424e-02 -3.0997e-02 2.5804e-02 3.6323e-02 -1.6397e-02
1.8443e-01 1.9256e-01 1.9256e-01 2.0057e-01 2.0057e-01 2.0560e-01 -2.8726e-01 -2.9028e-01 -2.9250e-01 -3.0332e-01 2.4338e-01 -3.0451e-01 -3.0331e-01 -3.0212e-01 4.9712e-02 -9.6626e-01 -9.6626e-01 -9.6626e-01 -9.6626e-01 -9.6344e-01 -7.2139e-01 -9.6908e-01 -9.6908e-01 8.9013e-01 9.6908e-01 9.6908e-01 9.6908e-01 9.6056e-01 9.2385e-01 4.4183e-01 8.9500e-01 4.1538e-01 4.4183e-01 9.7195e-01 4.1140e-01 5.9623e-01 5.9623e-01 4.0780e-01 5.8580e-01 2.3269e-01 1.0000e+00 2.8543e-01 2.8543e-01 1.9710e-01 4.9593e-02 4.9593e-02 1.0122e-01 6.3404e-02 9.0086e-02 1.6528e-01 9.7250e-02 -1.1719e-01 7.4911e-02 -1.2076e-01 1.0248e-01 -3.8407e-02 6.0751e-02 1.5402e-02 2.6592e-02 3.3246e-02 3.4710e-02 5.0108e-02 3.9073e-02 3.9073e-02 6.0668e-02 4.5761e-02 4.5761e-02 5.2395e-02 5.6343e-02 4.6682e-02 4.7600e-02 -2.5415e-03 -1.9324e-02 2.0791e-02 -2.4387e-02 2.8418e-02 1.7270e-02
2.0240e-01 2.2185e-01 2.2185e-01 2.1031e-01 2.1031e-01 2.1548e-01 -8.1181e-02 -7.1247e-02 -8.9356e-02 -1.5736e-01 2.4915e-01 -1.5636e-01 -1.5335e-01 -1.5035e-01 -1.4213e-01 -2.7743e-01 -2.7743e-01 -2.7743e-01 -2.7743e-01 -2.7663e-01 -2.2104e-01 -2.7823e-01 -2.7823e-01 1.3453e-01 2.7823e-01 2.7823e-01 2.7823e-01 2.8063e-01 2.6536e-01 6.3905e-01 1.3809e-01 5.3358e-01 6.3905e-01 2.7743e-01 5.3221e-01 3.0068e-01 3.0068e-01 5.3770e-01 3.4230e-01 -2.7100e-01 2.8543e-01 1.0000e+00 1.0000e+00 5.6258e-02 1.5416e-01 1.5416e-01 5.5163e-01 4.2479e-01 4.5952e-01 -1.1155e-01 3.2700e-01 -4.8676e-01 3.8833e-01 -4.9203e-01 -7.2452e-02 1.6304e-01 2.0910e-02 2.9600e-01 5.7802e-02 2.0494e-02 3.5429e-02 -1.0534e-02 -8.6193e-03 -8.6193e-03 2.4328e-02 3.0908e-03 3.0908e-03 -5.2883e-03 -8.7293e-03 -1.0206e-02 -1.3911e-02 3.8571e-02 1.7478e-02 3.9568e-02 8.6699e-03 2.4060e-02 -1.6446e-02
2.0240e-01 2.2185e-01 2.2185e-01 2.1031e-01 2.1031e-01 2.1548e-01 -8.1181e-02 -7.1247e-02 -8.9356e-02 -1.5736e-01 2.4915e-01 -1.5636e-01 -1.5335e-01 -1.5035e-01 -1.4213e-01 -2.7743e-01 -2.7743e-01 -2.7743e-01 -2.7743e-01 -2.7663e-01 -2.2104e-01 -2.7823e-01 -2.7823e-01 1.3453e-01 2.7823e-01 2.7823e-01 2.7823e-01 2.8063e-01 2.6536e-01 6.3905e-01 1.3809e-01 5.3358e-01 6.3905e-01 2.7743e-01 5.3221e-01 3.0068e-01 3.0068e-01 5.3770e-01 3.4230e-01 -2.7100e-01 2.8543e-01 1.0000e+00 1.0000e+00 5.6258e-02 1.5416e-01 1.5416e-01 5.5163e-01 4.2479e-01 4.5952e-01 -1.1155e-01 3.2700e-01 -4.8676e-01 3.8833e-01 -4.9203e-01 -7.2452e-02 1.6304e-01 2.0910e-02 2.9600e-01 5.7802e-02 2.0494e-02 3.5429e-02 -1.0534e-02 -8.6193e-03 -8.6193e-03 2.4328e-02 3.0908e-03 3.0908e-03 -5.2883e-03 -8.7293e-03 -1.0206e-02 -1.3911e-02 3.8571e-02 1.7478e-02 3.9568e-02 8.6699e-03 2.4060e-02 -1.6446e-02
9.6992e-02 1.1582e-01 1.1057e-01 1.0031e-01 1.0031e-01 1.0550e-01 -1.9919e-01 -1.9371e-01 -8.8608e-02 -2.3235e-01 2.1770e-01 -2.3138e-01 -2.2846e-01 -2.2555e-01 -1.1549e-01 -1.9951e-01 -1.9951e-01 -1.9951e-01 -1.9951e-01 -1.9859e-01 -2.6473e-01 -2.0043e-01 -2.0043e-01 2.1629e-01 2.0043e-01 2.0043e-01 2.0043e-01 2.0318e-01 1.8555e-01 -1.1979e-01 2.1448e-01 -1.0062e-01 -1.1979e-01 1.9951e-01 -1.0164e-01 -2.3495e-01 -2.3495e-01 -9.7588e-02 3.2432e-01 -1.6832e-01 1.9710e-01 5.6258e-02 5.6258e-02 1.0000e+00 3.8962e-02 3.8962e-02 1.6530e-01 2.5282e-01 2.5314e-01 -1.8591e-01 -1.0180e-01 -1.3424e-01 2.4287e-01 -1.4231e-01 -8.3848e-02 1.8855e-01 3.1263e-01 1.9042e-01 6.6470e-02 5.5271e-02 7.0480e-02 4.1642e-02 3.8997e-02 3.8997e-02 -9.4798e-03 -6.7301e-03 -6.7301e-03 -1.0472e-02 -8.9722e-03 -3.5094e-02 -1.4123e-02 6.8636e-03 1.3628e-03 5.9753e-03 -3.3997e-02 5.9546e-03 -1.6348e-02
-4.4598e-02 -4.2618e-02 -4.2618e-02 -4.6285e-02 -4.6285e-02 -4.6285e-02 8.1984e-02 7.7636e-02 -3.2356e-02 -4.7047e-02 -5.1309e-02 -4.6761e-02 -4.5901e-02 -4.5041e-02 -3.8029e-02 -6.3178e-02 -6.3178e-02 -6.3178e-02 -6.3178e-02 -6.2921e-02 8.1075e-02 -6.3434e-02 -6.3434e-02 -1.1697e-01 6.3434e-02 6.3434e-02 6.3434e-02 6.4201e-02 5.9295e-02 1.0003e-01 -1.1797e-01 -5.8495e-02 1.0003e-01 6.3178e-02 -5.8771e-02 -1.2081e-01 -1.2081e-01 -5.7668e-02 -3.8593e-02 -7.7725e-02 4.9593e-02 1.5416e-01 1.5416e-01 3.8962e-02 1.0000e+00 1.0000e+00 -6.0866e-02 -5.1044e-02 -5.0226e-02 -2.3017e-02 -3.2731e-02 6.4057e-02 -4.8845e-02 6.4784e-02 -3.1210e-02 1.5588e-01 9.8652e-02 -4.8285e-02 2.4526e-02 1.1337e-01 6.3614e-02 1.8966e-02 -6.7427e-02 -6.7427e-02 -4.7063e-02 -2.4218e-02 -2.4218e-02 -1.8301e-02 -4.7879e-02 -4.1452e-02 -4.9347e-02 4.3665e-02 3.5761e-02 -4.4726e-02 6.4506e-02 2.2424e-02 -4.7166e-03
