1.0000e+00 -1.4960e-01 -5.9659e-02 -3.3334e-03 1.9877e-02 -3.8454e-02 -3.7781e-02 -2.0360e-02 2.0425e-02 6.9208e-02 1.9884e-02 9.5649e-03 -8.2476e-03 3.7752e-02 -5.8919e-02
-1.4960e-01 1.0000e+00 -8.1747e-02 -9.1982e-02 5.6847e-02 -7.0101e-02 6.5053e-02 -4.3497e-02 -4.9648e-02 -5.8053e-02 -6.0839e-02 3.9938e-02 2.3204e-02 -1.6525e-02 4.9031e-02
-5.9659e-02 -8.1747e-02 1.0000e+00 -3.8878e-02 -9.9898e-03 -1.3785e-02 8.2928e-02 6.9328e-02 -1.3367e-02 -1.9962e-02 -2.5938e-02 -3.0772e-02 -1.7461e-02 -6.6433e-03 -2.5768e-02
-3.3334e-03 -9.1982e-02 -3.8878e-02 1.0000e+00 -3.5131e-02 9.3775e-02 -6.3005e-02 -4.9320e-02 -4.7007e-02 -5.3525e-02 2.9490e-02 -1.6522e-02 -4.2497e-02 -2.3362e-02 -1.1313e-02
1.9877e-02 5.6847e-02 -9.9898e-03 -3.5131e-02 1.0000e+00 -1.2457e-02 7.7269e-03 1.2750e-03 -1.2079e-02 -1.8038e-02 -3.8180e-02 -1.2448e-02 -1.5778e-02 -6.0030e-03 -2.3285e-02
-3.8454e-02 -7.0101e-02 -1.3785e-02 9.3775e-02 -1.2457e-02 1.0000e+00 1.2725e-01 -9.1397e-02 -1.6667e-02 -2.4891e-02 -1.6958e-02 -7.2030e-02 -2.1773e-02 -8.2837e-03 1.2269e-03
-3.7781e-02 6.5053e-02 8.2928e-02 -6.3005e-02 7.7269e-03 1.2725e-01 1.0000e+00 1.1275e-01 9.1596e-02 -5.4506e-02 -6.2910e-02 -6.0274e-02 -4.8029e-02 -3.3490e-02 2.2799e-02
-2.0360e-02 -4.3497e-02 6.9328e-02 -4.9320e-02 1.2750e-03 -9.1397e-02 1.1275e-01 1.0000e+00 -3.9395e-03 1.2203e-01 1.4041e-01 -3.2653e-03 4.1561e-02 -4.4045e-02 -3.3371e-02
2.0425e-02 -4.9648e-02 -1.3367e-02 -4.7007e-02 -1.2079e-02 -1.6667e-02 9.1596e-02 -3.9395e-03 1.0000e+00 -2.4136e-02 3.9967e-02 2.9260e-02 2.8052e-02 -8.0323e-03 -3.1156e-02
6.9208e-02 -5.8053e-02 -1.9962e-02 -5.3525e-02 -1.8038e-02 -2.4891e-02 -5.4506e-02 1.2203e-01 -2.4136e-02 1.0000e+00 6.7872e-02 1.2501e-02 -3.1529e-02 -1.1996e-02 3.9649e-04
1.9884e-02 -6.0839e-02 -2.5938e-02 2.9490e-02 -3.8180e-02 -1.6958e-02 -6.2910e-02 1.4041e-01 3.9967e-02 6.7872e-02 1.0000e+00 -4.3384e-02 -2.6243e-02 9.7854e-02 8.7074e-02
9.5649e-03 3.9938e-02 -3.0772e-02 -1.6522e-02 -1.2448e-02 -7.2030e-02 -6.0274e-02 -3.2653e-03 2.9260e-02 1.2501e-02 -4.3384e-02 1.0000e+00 7.6673e-02 6.1939e-02 -6.0779e-02
-8.2476e-03 2.3204e-02 -1.7461e-02 -4.2497e-02 -1.5778e-02 -2.1773e-02 -4.8029e-02 4.1561e-02 2.8052e-02 -3.1529e-02 -2.6243e-02 7.6673e-02 1.0000e+00 -1.0493e-02 -4.0700e-02
3.7752e-02 -1.6525e-02 -6.6433e-03 -2.3362e-02 -6.0030e-03 -8.2837e-03 -3.3490e-02 -4.4045e-02 -8.0323e-03 -1.1996e-02 9.7854e-02 6.1939e-02 -1.0493e-02 1.0000e+00 -1.5485e-02
-5.8919e-02 4.9031e-02 -2.5768e-02 -1.1313e-02 -2.3285e-02 1.2269e-03 2.2799e-02 -3.3371e-02 -3.1156e-02 3.9649e-04 8.7074e-02 -6.0779e-02 -4.0700e-02 -1.5485e-02 1.0000e+00
