1.0000e+00 1.6889e-01 -3.9244e-02 2.8808e-01 -3.1778e-02 7.2858e-02 -5.3943e-02 -9.1767e-02
1.6889e-01 1.0000e+00 2.7666e-01 -1.8870e-01 -1.3507e-01 1.5454e-01 -6.0894e-02 -4.0748e-02
-3.9244e-02 2.7666e-01 1.0000e+00 -1.1877e-01 -4.0573e-02 1.1686e-01 6.3858e-02 1.0482e-01
2.8808e-01 -1.8870e-01 -1.1877e-01 1.0000e+00 -9.6174e-02 -2.1609e-01 2.4666e-02 -1.1718e-01
-3.1778e-02 -1.3507e-01 -4.0573e-02 -9.6174e-02 1.0000e+00 1.0340e-01 -1.5465e-02 -7.7502e-02
7.2858e-02 1.5454e-01 1.1686e-01 -2.1609e-01 1.0340e-01 1.0000e+00 2.7616e-02 -3.3612e-03
-5.3943e-02 -6.0894e-02 6.3858e-02 2.4666e-02 -1.5465e-02 2.7616e-02 1.0000e+00 -1.4902e-01
-9.1767e-02 -4.0748e-02 1.0482e-01 -1.1718e-01 -7.7502e-02 -3.3612e-03 -1.4902e-01 1.0000e+00
