1.0000e+00 1.3776e-02 4.6518e-04 -1.1462e-02 5.7915e-02 -9.4024e-03 7.7176e-02 3.2390e-02 1.1521e-02 2.3255e-02 5.4361e-02 5.4361e-02 4.2584e-02 1.0725e-02 2.7188e-02 1.5733e-02 7.7955e-04 1.4361e-02 1.6127e-02 -2.2415e-02 5.9782e-02 -1.2584e-02 -1.2584e-02 -1.2048e-02 1.5268e-01 -3.7653e-02 1.1392e-01 -1.6606e-02 7.4307e-02 4.8141e-02 7.4914e-02 7.4914e-02 -7.9825e-03 -1.6690e-02 5.3266e-02 5.3266e-02 4.0086e-02 5.3266e-02 2.5169e-02 -1.2824e-02 -2.3935e-02 -1.4192e-02
1.3776e-02 1.0000e+00 9.1035e-01 -8.5162e-01 -1.7404e-01 -8.2757e-01 -2.4405e-01 -1.7886e-01 -9.9398e-02 1.9121e-01 -3.4210e-01 -3.4210e-01 -1.2172e-01 2.2292e-02 -3.4751e-01 -7.3535e-03 -7.3753e-02 -2.9970e-01 -2.3300e-01 -2.0540e-01 -1.6470e-01 -4.0727e-03 -4.0727e-03 -1.9829e-03 -1.8457e-01 -1.0340e-01 -1.9815e-01 -1.2952e-01 -8.7983e-04 -1.8301e-03 2.7371e-03 2.7371e-03 1.1869e-02 1.3930e-02 -4.3094e-02 -4.3094e-02 2.8898e-03 -4.3094e-02 2.7147e-02 -1.4155e-02 -6.4631e-02 -2.2863e-02
4.6518e-04 9.1035e-01 1.0000e+00 -9.2546e-01 -1.6889e-01 -9.0292e-01 -2.3659e-01 -2.4897e-01 -1.5755e-01 1.8405e-01 -3.9162e-01 -3.9162e-01 -1.3289e-01 7.0755e-03 -3.9957e-01 6.0553e-03 -8.3306e-02 -3.4755e-01 -2.5828e-01 -1.9821e-01 -2.0447e-01 2.2097e-02 2.2097e-02 2.4055e-02 -1.7741e-01 -1.0270e-01 -1.9097e-01 -1.2449e-01 1.1952e-03 5.6861e-03 1.9167e-03 1.9167e-03 1.8930e-02 1.7029e-02 -5.3003e-02 -5.3003e-02 -2.0717e-02 -5.3003e-02 2.9856e-02 -1.1437e-02 -5.4347e-02 -1.9758e-02
-1.1462e-02 -8.5162e-01 -9.2546e-01 1.0000e+00 1.7764e-01 9.7668e-01 2.4926e-01 2.7963e-01 1.9387e-01 -1.8265e-01 4.1279e-01 4.1279e-01 1.4591e-01 1.7546e-02 4.2967e-01 -2.5481e-02 1.0376e-01 3.7435e-01 2.4628e-01 2.1041e-01 2.2735e-01 -1.8894e-02 -1.8894e-02 -2.1078e-02 1.7621e-01 9.9772e-02 1.7558e-01 1.3301e-01 -2.9448e-02 -1.0414e-02 -1.4740e-02 -1.4740e-02 -2.0549e-02 -2.6477e-02 5.7432e-02 5.7432e-02 1.7665e-02 5.7432e-02 -3.5180e-02 1.6016e-02 5.7263e-02 2.4993e-02
5.7915e-02 -1.7404e-01 -1.6889e-01 1.7764e-01 1.0000e+00 1.8092e-01 -1.6437e-02 2.6150e-01 1.2808e-01 1.8115e-02 1.7448e-01 1.7448e-01 1.0328e-01 -4.2276e-02 1.8382e-01 4.4702e-02 9.4592e-02 1.6642e-01 9.4782e-02 -1.7461e-02 1.3023e-01 -1.0328e-01 -1.0328e-01 -1.0287e-01 -1.8434e-02 -4.5385e-02 -1.7791e-02 -1.2936e-02 -3.6464e-02 -2.9627e-02 -3.0057e-02 -3.0057e-02 -5.0901e-02 -5.5465e-02 -2.8310e-02 -2.8310e-02 -3.9605e-02 -2.8310e-02 -6.9355e-02 -9.9898e-03 -3.7216e-02 -1.1055e-02
-9.4024e-03 -8.2757e-01 -9.0292e-01 9.7668e-01 1.8092e-01 1.0000e+00 2.5400e-01 2.8857e-01 2.0876e-01 -1.8705e-01 4.2614e-01 4.2614e-01 1.6352e-01 2.4143e-02 4.4268e-01 -3.2519e-02 1.2249e-01 3.8783e-01 2.3405e-01 2.1496e-01 2.4232e-01 -3.3303e-03 -3.3303e-03 -5.5965e-03 1.8060e-01 1.0758e-01 1.7986e-01 1.3617e-01 -2.4158e-02 2.7706e-03 -1.6352e-03 -1.6352e-03 -1.2979e-02 -1.8265e-02 7.1373e-02 7.1373e-02 3.0793e-02 7.1373e-02 -2.9908e-02 1.7681e-02 2.7073e-02 2.6901e-02
7.7176e-02 -2.4405e-01 -2.3659e-01 2.4926e-01 -1.6437e-02 2.5400e-01 1.0000e+00 -6.2857e-02 -1.1505e-01 2.6934e-02 2.4469e-01 2.4469e-01 1.5356e-01 -6.2857e-02 2.5820e-01 6.6465e-02 1.4064e-01 2.3302e-01 1.2783e-01 -2.5962e-02 1.8030e-01 1.2007e-01 1.2007e-01 1.2070e-01 5.4703e-01 -4.9578e-02 5.2794e-01 3.4513e-02 1.3516e-01 1.8052e-01 1.7714e-01 1.7714e-01 9.0408e-02 9.1160e-02 1.6548e-01 1.6548e-01 9.9087e-02 1.6548e-01 5.2771e-02 -1.4853e-02 -3.4625e-02 -1.6437e-02
3.2390e-02 -1.7886e-01 -2.4897e-01 2.7963e-01 2.6150e-01 2.8857e-01 -6.2857e-02 1.0000e+00 4.7223e-01 6.9272e-02 5.8926e-01 5.8926e-01 3.3749e-01 -1.2017e-01 5.1635e-01 1.3904e-01 2.3465e-01 4.7103e-01 3.0470e-01 -3.1231e-02 4.1573e-01 -2.4558e-01 -2.4558e-01 -2.4400e-01 -7.0492e-02 4.7453e-02 -6.8032e-02 -2.5770e-02 -1.1161e-01 -9.1293e-02 -9.3205e-02 -9.3205e-02 -1.1409e-01 -1.2859e-01 -7.3938e-02 -7.3938e-02 -9.0507e-02 -7.3938e-02 -1.4649e-01 2.2800e-02 2.2037e-02 1.2957e-02
1.1521e-02 -9.9398e-02 -1.5755e-01 1.9387e-01 1.2808e-01 2.0876e-01 -1.1505e-01 4.7223e-01 1.0000e+00 1.4143e-01 3.3061e-01 3.3520e-01 -1.0186e-01 3.9610e-01 3.0644e-01 -3.9406e-01 -7.4885e-03 4.5093e-01 7.1592e-02 2.0230e-01 3.1174e-01 -2.1033e-01 -2.1033e-01 -2.1114e-01 -9.6256e-02 4.6747e-02 -1.0193e-01 8.2974e-02 -4.2423e-02 -2.1672e-02 -1.9914e-02 -1.9914e-02 -8.7309e-02 -9.9048e-02 -8.3772e-02 -8.3772e-02 -7.5720e-02 -8.3772e-02 -5.1985e-02 8.1097e-03 5.8675e-03 1.1140e-02
2.3255e-02 1.9121e-01 1.8405e-01 -1.8265e-01 1.8115e-02 -1.8705e-01 2.6934e-02 6.9272e-02 1.4143e-01 1.0000e+00 -2.8590e-01 -2.8590e-01 -1.6923e-01 6.9272e-02 -2.5985e-01 -5.6748e-02 -9.5254e-02 -2.4638e-01 -1.5531e-01 2.8612e-02 -1.8908e-01 -1.1598e-01 -1.1598e-01 -1.1667e-01 -1.4443e-01 -1.2157e-01 -1.8755e-01 2.1196e-02 2.1366e-02 4.8547e-02 4.9251e-02 4.9251e-02 3.7960e-02 1.8904e-02 2.2723e-02 2.2723e-02 2.8877e-02 2.2723e-02 -4.1461e-02 1.6369e-02 4.3182e-03 1.8115e-02
5.4361e-02 -3.4210e-01 -3.9162e-01 4.1279e-01 1.7448e-01 4.2614e-01 2.4469e-01 5.8926e-01 3.3061e-01 -2.8590e-01 1.0000e+00 9.9491e-01 5.8743e-01 -2.3580e-01 9.0745e-01 2.4371e-01 4.4265e-01 7.4467e-01 4.3019e-01 -1.0008e-01 6.2216e-01 -1.9162e-01 -1.9162e-01 -1.8924e-01 1.7196e-01 1.9101e-01 1.8510e-01 -5.5586e-02 -2.0130e-02 -6.1476e-03 -2.0975e-03 -2.0975e-03 -9.1061e-02 -6.7248e-02 7.9239e-03 7.9239e-03 -2.9312e-02 7.9239e-03 -7.4616e-02 3.8265e-02 -5.9833e-03 2.3126e-02
5.4361e-02 -3.4210e-01 -3.9162e-01 4.1279e-01 1.7448e-01 4.2614e-01 2.4469e-01 5.8926e-01 3.3520e-01 -2.8590e-01 9.9491e-01 1.0000e+00 5.9193e-01 -2.2930e-01 9.0745e-01 2.3747e-01 4.3812e-01 7.4467e-01 4.3019e-01 -1.0008e-01 6.2216e-01 -1.8712e-01 -1.8712e-01 -1.8474e-01 1.7196e-01 1.9101e-01 1.8510e-01 -5.5586e-02 -2.0130e-02 -6.1476e-03 -2.0975e-03 -2.0975e-03 -9.6794e-02 -7.2696e-02 -1.0328e-03 -1.0328e-03 -3.6129e-02 -1.0328e-03 -7.9508e-02 3.8265e-02 -5.9833e-03 2.3126e-02
4.2584e-02 -1.2172e-01 -1.3289e-01 1.4591e-01 1.0328e-01 1.6352e-01 1.5356e-01 3.3749e-01 -1.0186e-01 -1.6923e-01 5.8743e-01 5.9193e-01 1.0000e+00 -3.8061e-01 5.2494e-01 3.9969e-01 7.9991e-01 3.5198e-01 -1.4180e-01 -1.6907e-01 1.6658e-01 1.6936e-01 1.6936e-01 1.7342e-01 6.7002e-02 1.0157e-01 8.1587e-02 -9.2438e-02 -4.4745e-02 -5.0744e-02 -4.2736e-02 -4.2736e-02 -9.2318e-02 -8.4123e-02 -4.8183e-03 -4.8183e-03 2.0384e-02 -4.8183e-03 -1.0481e-01 2.9975e-02 -3.1620e-02 7.6785e-03
1.0725e-02 2.2292e-02 7.0755e-03 1.7546e-02 -4.2276e-02 2.4143e-02 -6.2857e-02 -1.2017e-01 3.9610e-01 6.9272e-02 -2.3580e-01 -2.2930e-01 -3.8061e-01 1.0000e+00 -2.2998e-01 -7.4632e-01 -4.4693e-01 -2.4767e-01 -4.3448e-01 4.1303e-01 -3.0700e-01 2.4273e-01 2.4273e-01 2.3861e-01 -1.9839e-02 -7.0944e-02 -3.3114e-02 2.1120e-01 -5.5941e-02 -3.6285e-02 -3.8868e-02 -3.8868e-02 1.0395e-02 -1.0280e-02 -5.1058e-02 -5.1058e-02 -6.4388e-02 -5.1058e-02 2.2211e-02 -7.7009e-03 -1.4485e-02 1.2957e-02
2.7188e-02 -3.4751e-01 -3.9957e-01 4.2967e-01 1.8382e-01 4.4268e-01 2.5820e-01 5.1635e-01 3.0644e-01 -2.5985e-01 9.0745e-01 9.0745e-01 5.2494e-01 -2.2998e-01 1.0000e+00 2.3678e-01 5.0067e-01 8.1851e-01 4.3215e-01 -9.4991e-02 6.2350e-01 -1.6047e-01 -1.6047e-01 -1.5820e-01 1.7091e-01 2.1584e-01 1.8364e-01 -5.1341e-02 -1.9552e-02 6.6922e-03 1.1035e-02 1.1035e-02 -8.2835e-02 -6.7000e-02 1.1361e-02 1.1361e-02 1.2927e-03 1.1361e-02 -5.6145e-02 4.3632e-02 -1.9141e-02 2.8572e-02
1.5733e-02 -7.3535e-03 6.0553e-03 -2.5481e-02 4.4702e-02 -3.2519e-02 6.6465e-02 1.3904e-01 -3.9406e-01 -5.6748e-02 2.4371e-01 2.3747e-01 3.9969e-01 -7.4632e-01 2.3678e-01 1.0000e+00 4.6702e-01 2.5638e-01 4.5497e-01 -3.9062e-01 3.3197e-01 -1.3462e-01 -1.3462e-01 -1.3632e-01 -6.6148e-03 1.0005e-01 4.8047e-03 -1.9826e-01 5.8260e-02 6.6921e-02 6.9304e-02 6.9304e-02 8.7185e-03 3.0270e-02 3.7494e-02 3.7494e-02 3.4607e-02 3.7494e-02 -7.8691e-03 1.1075e-02 2.7604e-02 1.8155e-02
7.7955e-04 -7.3753e-02 -8.3306e-02 1.0376e-01 9.4592e-02 1.2249e-01 1.4064e-01 2.3465e-01 -7.4885e-03 -9.5254e-02 4.4265e-01 4.3812e-01 7.9991e-01 -4.4693e-01 5.0067e-01 4.6702e-01 1.0000e+00 5.4182e-01 -1.0347e-01 -1.8460e-01 2.5190e-01 1.2387e-01 1.2387e-01 1.2830e-01 4.0191e-02 1.0811e-01 5.4993e-02 -1.0376e-01 2.1377e-02 3.1410e-02 3.7795e-02 3.7795e-02 -7.9331e-02 -5.8316e-02 -1.2602e-02 -1.2602e-02 1.7664e-02 -1.2602e-02 -4.5969e-02 2.1780e-02 -4.3859e-02 -1.5288e-03
1.4361e-02 -2.9970e-01 -3.4755e-01 3.7435e-01 1.6642e-01 3.8783e-01 2.3302e-01 4.7103e-01 4.5093e-01 -2.4638e-01 7.4467e-01 7.4467e-01 3.5198e-01 -2.4767e-01 8.1851e-01 2.5638e-01 5.4182e-01 1.0000e+00 5.6068e-01 -1.0492e-01 7.6900e-01 -2.6391e-01 -2.6391e-01 -2.6142e-01 1.4808e-01 2.2340e-01 1.6075e-01 -5.9565e-02 5.1121e-02 1.0025e-01 1.0261e-01 1.0261e-01 -5.3268e-02 -4.5225e-02 -1.2273e-02 -1.2273e-02 -2.4432e-02 -1.2273e-02 -4.8513e-03 1.0109e-02 -1.3663e-02 -2.9248e-03
1.6127e-02 -2.3300e-01 -2.5828e-01 2.4628e-01 9.4782e-02 2.3405e-01 1.2783e-01 3.0470e-01 7.1592e-02 -1.5531e-01 4.3019e-01 4.3019e-01 -1.4180e-01 -4.3448e-01 4.3215e-01 4.5497e-01 -1.0347e-01 5.6068e-01 1.0000e+00 -1.8423e-01 7.1556e-01 -5.1391e-01 -5.1391e-01 -5.1354e-01 9.9288e-02 1.7487e-01 1.0392e-01 -8.7003e-02 8.6633e-02 1.0853e-01 1.0643e-01 1.0643e-01 2.8679e-02 3.4776e-02 4.3671e-02 4.3671e-02 -5.8244e-03 4.3671e-02 1.6240e-02 7.3852e-04 5.8530e-02 -1.3183e-03
-2.2415e-02 -2.0540e-01 -1.9821e-01 2.1041e-01 -1.7461e-02 2.1496e-01 -2.5962e-02 -3.1231e-02 2.0230e-01 2.8612e-02 -1.0008e-01 -1.0008e-01 -1.6907e-01 4.1303e-01 -9.4991e-02 -3.9062e-01 -1.8460e-01 -1.0492e-01 -1.8423e-01 1.0000e+00 -1.3408e-01 1.6907e-01 1.6907e-01 1.6974e-01 -2.9116e-02 -7.1684e-02 -2.8100e-02 5.3783e-01 -1.7854e-02 -2.3233e-02 -2.4200e-02 -2.4200e-02 -1.9799e-03 1.8223e-03 4.2863e-03 4.2863e-03 1.2029e-02 4.2863e-03 2.4276e-02 -1.5778e-02 -1.1663e-04 -1.7461e-02
5.9782e-02 -1.6470e-01 -2.0447e-01 2.2735e-01 1.3023e-01 2.4232e-01 1.8030e-01 4.1573e-01 3.1174e-01 -1.8908e-01 6.2216e-01 6.2216e-01 1.6658e-01 -3.0700e-01 6.2350e-01 3.3197e-01 2.5190e-01 7.6900e-01 7.1556e-01 -1.3408e-01 1.0000e+00 -3.5779e-01 -3.5779e-01 -3.5460e-01 1.2149e-01 1.2659e-01 1.2302e-01 -8.2553e-02 4.1913e-02 9.9698e-02 1.0010e-01 1.0010e-01 -3.8242e-02 -2.1804e-02 -2.2966e-02 -2.2966e-02 -5.7516e-02 -2.2966e-02 -1.0455e-02 9.6829e-03 1.8112e-02 -6.6678e-03
-1.2584e-02 -4.0727e-03 2.2097e-02 -1.8894e-02 -1.0328e-01 -3.3303e-03 1.2007e-01 -2.4558e-01 -2.1033e-01 -1.1598e-01 -1.9162e-01 -1.8712e-01 1.6936e-01 2.4273e-01 -1.6047e-01 -1.3462e-01 1.2387e-01 -2.6391e-01 -5.1391e-01 1.6907e-01 -3.5779e-01 1.0000e+00 1.0000e+00 9.9603e-01 1.6680e-01 -2.6551e-01 1.6017e-01 9.2438e-02 -3.8756e-02 -2.5425e-02 -3.2504e-02 -3.2504e-02 5.1758e-02 6.9668e-02 -1.1022e-02 -1.1022e-02 1.5782e-02 -1.1022e-02 5.2902e-02 1.2259e-02 1.2568e-05 3.0562e-02
-1.2584e-02 -4.0727e-03 2.2097e-02 -1.8894e-02 -1.0328e-01 -3.3303e-03 1.2007e-01 -2.4558e-01 -2.1033e-01 -1.1598e-01 -1.9162e-01 -1.8712e-01 1.6936e-01 2.4273e-01 -1.6047e-01 -1.3462e-01 1.2387e-01 -2.6391e-01 -5.1391e-01 1.6907e-01 -3.5779e-01 1.0000e+00 1.0000e+00 9.9603e-01 1.6680e-01 -2.6551e-01 1.6017e-01 9.2438e-02 -3.8756e-02 -2.5425e-02 -3.2504e-02 -3.2504e-02 5.1758e-02 6.9668e-02 -1.1022e-02 -1.1022e-02 1.5782e-02 -1.1022e-02 5.2902e-02 1.2259e-02 1.2568e-05 3.0562e-02
-1.2048e-02 -1.9829e-03 2.4055e-02 -2.1078e-02 -1.0287e-01 -5.5965e-03 1.2070e-01 -2.4400e-01 -2.1114e-01 -1.1667e-01 -1.8924e-01 -1.8474e-01 1.7342e-01 2.3861e-01 -1.5820e-01 -1.3632e-01 1.2830e-01 -2.6142e-01 -5.1354e-01 1.6974e-01 -3.5460e-01 9.9603e-01 9.9603e-01 1.0000e+00 1.6751e-01 -2.6382e-01 1.6086e-01 9.2934e-02 -3.7380e-02 -2.4306e-02 -3.1370e-02 -3.1370e-02 5.3687e-02 7.1772e-02 -9.9524e-03 -9.9524e-03 1.7282e-02 -9.9524e-03 5.5529e-02 1.2638e-02 1.4203e-03 3.0982e-02
1.5268e-01 -1.8457e-01 -1.7741e-01 1.7621e-01 -1.8434e-02 1.8060e-01 5.4703e-01 -7.0492e-02 -9.6256e-02 -1.4443e-01 1.7196e-01 1.7196e-01 6.7002e-02 -1.9839e-02 1.7091e-01 -6.6148e-03 4.0191e-02 1.4808e-01 9.9288e-02 -2.9116e-02 1.2149e-01 1.6680e-01 1.6680e-01 1.6751e-01 1.0000e+00 -5.9616e-02 9.2958e-01 -2.1570e-02 1.0910e-01 1.5208e-01 1.4891e-01 1.4891e-01 7.9038e-02 7.7451e-02 1.1575e-01 1.1575e-01 5.7974e-02 1.1575e-01 3.6931e-02 -1.6657e-02 -2.4896e-02 -1.8434e-02
-3.7653e-02 -1.0340e-01 -1.0270e-01 9.9772e-02 -4.5385e-02 1.0758e-01 -4.9578e-02 4.7453e-02 4.6747e-02 -1.2157e-01 1.9101e-01 1.9101e-01 1.0157e-01 -7.0944e-02 2.1584e-01 1.0005e-01 1.0811e-01 2.2340e-01 1.7487e-01 -7.1684e-02 1.2659e-01 -2.6551e-01 -2.6551e-01 -2.6382e-01 -5.9616e-02 1.0000e+00 -7.3037e-02 -5.3105e-02 1.2389e-01 1.2954e-01 1.3505e-01 1.3505e-01 4.8775e-02 5.6961e-02 1.5583e-01 1.5583e-01 9.4147e-02 1.5583e-01 3.0298e-02 -4.1011e-02 -3.9870e-02 -4.5385e-02
1.1392e-01 -1.9815e-01 -1.9097e-01 1.7558e-01 -1.7791e-02 1.7986e-01 5.2794e-01 -6.8032e-02 -1.0193e-01 -1.8755e-01 1.8510e-01 1.8510e-01 8.1587e-02 -3.3114e-02 1.8364e-01 4.8047e-03 5.4993e-02 1.6075e-01 1.0392e-01 -2.8100e-02 1.2302e-01 1.6017e-01 1.6017e-01 1.6086e-01 9.2958e-01 -7.3037e-02 1.0000e+00 -2.0817e-02 9.7488e-02 1.3751e-01 1.3456e-01 1.3456e-01 5.6762e-02 5.7176e-02 9.8868e-02 9.8868e-02 4.6180e-02 9.8868e-02 3.3012e-02 -1.6076e-02 -2.1465e-02 -1.7791e-02
-1.6606e-02 -1.2952e-01 -1.2449e-01 1.3301e-01 -1.2936e-02 1.3617e-01 3.4513e-02 -2.5770e-02 8.2974e-02 2.1196e-02 -5.5586e-02 -5.5586e-02 -9.2438e-02 2.1120e-01 -5.1341e-02 -1.9826e-01 -1.0376e-01 -5.9565e-02 -8.7003e-02 5.3783e-01 -8.2553e-02 9.2438e-02 9.2438e-02 9.2934e-02 -2.1570e-02 -5.3105e-02 -2.0817e-02 1.0000e+00 -4.2666e-02 -3.4667e-02 -3.5170e-02 -3.5170e-02 -5.9559e-02 -6.4900e-02 -3.3125e-02 -3.3125e-02 -4.6342e-02 -3.3125e-02 -6.3307e-02 -1.1689e-02 -1.7470e-02 -1.2936e-02
7.4307e-02 -8.7983e-04 1.1952e-03 -2.9448e-02 -3.6464e-02 -2.4158e-02 1.3516e-01 -1.1161e-01 -4.2423e-02 2.1366e-02 -2.0130e-02 -2.0130e-02 -4.4745e-02 -5.5941e-02 -1.9552e-02 5.8260e-02 2.1377e-02 5.1121e-02 8.6633e-02 -1.7854e-02 4.1913e-02 -3.8756e-02 -3.8756e-02 -3.7380e-02 1.0910e-01 1.2389e-01 9.7488e-02 -4.2666e-02 1.0000e+00 8.1252e-01 8.2431e-01 8.2431e-01 3.5612e-01 3.1505e-01 5.4616e-01 5.4616e-01 3.7555e-01 5.4616e-01 3.5809e-01 1.0346e-01 9.9651e-03 8.7046e-02
4.8141e-02 -1.8301e-03 5.6861e-03 -1.0414e-02 -2.9627e-02 2.7706e-03 1.8052e-01 -9.1293e-02 -2.1672e-02 4.8547e-02 -6.1476e-03 -6.1476e-03 -5.0744e-02 -3.6285e-02 6.6922e-03 6.6921e-02 3.1410e-02 1.0025e-01 1.0853e-01 -2.3233e-02 9.9698e-02 -2.5425e-02 -2.5425e-02 -2.4306e-02 1.5208e-01 1.2954e-01 1.3751e-01 -3.4667e-02 8.1252e-01 1.0000e+00 9.8570e-01 9.8570e-01 3.4904e-01 3.1271e-01 4.8533e-01 4.8533e-01 3.2096e-01 4.8533e-01 3.6919e-01 -2.6772e-02 2.1324e-02 6.9883e-03
7.4914e-02 2.7371e-03 1.9167e-03 -1.4740e-02 -3.0057e-02 -1.6352e-03 1.7714e-01 -9.3205e-02 -1.9914e-02 4.9251e-02 -2.0975e-03 -2.0975e-03 -4.2736e-02 -3.8868e-02 1.1035e-02 6.9304e-02 3.7795e-02 1.0261e-01 1.0643e-01 -2.4200e-02 1.0010e-01 -3.2504e-02 -3.2504e-02 -3.1370e-02 1.4891e-01 1.3505e-01 1.3456e-01 -3.5170e-02 8.2431e-01 9.8570e-01 1.0000e+00 1.0000e+00 3.4115e-01 3.0493e-01 4.7740e-01 4.7740e-01 3.3702e-01 4.7740e-01 3.7610e-01 -2.7161e-02 1.8401e-02 6.1121e-03
7.4914e-02 2.7371e-03 1.9167e-03 -1.4740e-02 -3.0057e-02 -1.6352e-03 1.7714e-01 -9.3205e-02 -1.9914e-02 4.9251e-02 -2.0975e-03 -2.0975e-03 -4.2736e-02 -3.8868e-02 1.1035e-02 6.9304e-02 3.7795e-02 1.0261e-01 1.0643e-01 -2.4200e-02 1.0010e-01 -3.2504e-02 -3.2504e-02 -3.1370e-02 1.4891e-01 1.3505e-01 1.3456e-01 -3.5170e-02 8.2431e-01 9.8570e-01 1.0000e+00 1.0000e+00 3.4115e-01 3.0493e-01 4.7740e-01 4.7740e-01 3.3702e-01 4.7740e-01 3.7610e-01 -2.7161e-02 1.8401e-02 6.1121e-03
-7.9825e-03 1.1869e-02 1.8930e-02 -2.0549e-02 -5.0901e-02 -1.2979e-02 9.0408e-02 -1.1409e-01 -8.7309e-02 3.7960e-02 -9.1061e-02 -9.6794e-02 -9.2318e-02 1.0395e-02 -8.2835e-02 8.7185e-03 -7.9331e-02 -5.3268e-02 2.8679e-02 -1.9799e-03 -3.8242e-02 5.1758e-02 5.1758e-02 5.3687e-02 7.9038e-02 4.8775e-02 5.6762e-02 -5.9559e-02 3.5612e-01 3.4904e-01 3.4115e-01 3.4115e-01 1.0000e+00 9.1156e-01 5.3599e-01 5.3599e-01 6.0905e-01 5.3599e-01 7.0083e-01 8.8592e-02 1.2680e-01 9.5333e-02
-1.6690e-02 1.3930e-02 1.7029e-02 -2.6477e-02 -5.5465e-02 -1.8265e-02 9.1160e-02 -1.2859e-01 -9.9048e-02 1.8904e-02 -6.7248e-02 -7.2696e-02 -8.4123e-02 -1.0280e-02 -6.7000e-02 3.0270e-02 -5.8316e-02 -4.5225e-02 3.4776e-02 1.8223e-03 -2.1804e-02 6.9668e-02 6.9668e-02 7.1772e-02 7.7451e-02 5.6961e-02 5.7176e-02 -6.4900e-02 3.1505e-01 3.1271e-01 3.0493e-01 3.0493e-01 9.1156e-01 1.0000e+00 5.0081e-01 5.0081e-01 5.5341e-01 5.0081e-01 7.5781e-01 7.7786e-02 1.0429e-01 8.3508e-02
5.3266e-02 -4.3094e-02 -5.3003e-02 5.7432e-02 -2.8310e-02 7.1373e-02 1.6548e-01 -7.3938e-02 -8.3772e-02 2.2723e-02 7.9239e-03 -1.0328e-03 -4.8183e-03 -5.1058e-02 1.1361e-02 3.7494e-02 -1.2602e-02 -1.2273e-02 4.3671e-02 4.2863e-03 -2.2966e-02 -1.1022e-02 -1.1022e-02 -9.9524e-03 1.1575e-01 1.5583e-01 9.8868e-02 -3.3125e-02 5.4616e-01 4.8533e-01 4.7740e-01 4.7740e-01 5.3599e-01 5.0081e-01 1.0000e+00 1.0000e+00 7.1480e-01 1.0000e+00 4.0819e-01 1.4262e-01 5.5759e-02 1.2399e-01
5.3266e-02 -4.3094e-02 -5.3003e-02 5.7432e-02 -2.8310e-02 7.1373e-02 1.6548e-01 -7.3938e-02 -8.3772e-02 2.2723e-02 7.9239e-03 -1.0328e-03 -4.8183e-03 -5.1058e-02 1.1361e-02 3.7494e-02 -1.2602e-02 -1.2273e-02 4.3671e-02 4.2863e-03 -2.2966e-02 -1.1022e-02 -1.1022e-02 -9.9524e-03 1.1575e-01 1.5583e-01 9.8868e-02 -3.3125e-02 5.4616e-01 4.8533e-01 4.7740e-01 4.7740e-01 5.3599e-01 5.0081e-01 1.0000e+00 1.0000e+00 7.1480e-01 1.0000e+00 4.0819e-01 1.4262e-01 5.5759e-02 1.2399e-01
4.0086e-02 2.8898e-03 -2.0717e-02 1.7665e-02 -3.9605e-02 3.0793e-02 9.9087e-02 -9.0507e-02 -7.5720e-02 2.8877e-02 -2.9312e-02 -3.6129e-02 2.0384e-02 -6.4388e-02 1.2927e-03 3.4607e-02 1.7664e-02 -2.4432e-02 -5.8244e-03 1.2029e-02 -5.7516e-02 1.5782e-02 1.5782e-02 1.7282e-02 5.7974e-02 9.4147e-02 4.6180e-02 -4.6342e-02 3.7555e-01 3.2096e-01 3.3702e-01 3.3702e-01 6.0905e-01 5.5341e-01 7.1480e-01 7.1480e-01 1.0000e+00 7.1480e-01 5.6450e-01 9.2222e-02 5.8281e-02 7.6301e-02
5.3266e-02 -4.3094e-02 -5.3003e-02 5.7432e-02 -2.8310e-02 7.1373e-02 1.6548e-01 -7.3938e-02 -8.3772e-02 2.2723e-02 7.9239e-03 -1.0328e-03 -4.8183e-03 -5.1058e-02 1.1361e-02 3.7494e-02 -1.2602e-02 -1.2273e-02 4.3671e-02 4.2863e-03 -2.2966e-02 -1.1022e-02 -1.1022e-02 -9.9524e-03 1.1575e-01 1.5583e-01 9.8868e-02 -3.3125e-02 5.4616e-01 4.8533e-01 4.7740e-01 4.7740e-01 5.3599e-01 5.0081e-01 1.0000e+00 1.0000e+00 7.1480e-01 1.0000e+00 4.0819e-01 1.4262e-01 5.5759e-02 1.2399e-01
2.5169e-02 2.7147e-02 2.9856e-02 -3.5180e-02 -6.9355e-02 -2.9908e-02 5.2771e-02 -1.4649e-01 -5.1985e-02 -4.1461e-02 -7.4616e-02 -7.9508e-02 -1.0481e-01 2.2211e-02 -5.6145e-02 -7.8691e-03 -4.5969e-02 -4.8513e-03 1.6240e-02 2.4276e-02 -1.0455e-02 5.2902e-02 5.2902e-02 5.5529e-02 3.6931e-02 3.0298e-02 3.3012e-02 -6.3307e-02 3.5809e-01 3.6919e-01 3.7610e-01 3.7610e-01 7.0083e-01 7.5781e-01 4.0819e-01 4.0819e-01 5.6450e-01 4.0819e-01 1.0000e+00 5.2169e-02 8.9684e-02 7.6218e-02
-1.2824e-02 -1.4155e-02 -1.1437e-02 1.6016e-02 -9.9898e-03 1.7681e-02 -1.4853e-02 2.2800e-02 8.1097e-03 1.6369e-02 3.8265e-02 3.8265e-02 2.9975e-02 -7.7009e-03 4.3632e-02 1.1075e-02 2.1780e-02 1.0109e-02 7.3852e-04 -1.5778e-02 9.6829e-03 1.2259e-02 1.2259e-02 1.2638e-02 -1.6657e-02 -4.1011e-02 -1.6076e-02 -1.1689e-02 1.0346e-01 -2.6772e-02 -2.7161e-02 -2.7161e-02 8.8592e-02 7.7786e-02 1.4262e-01 1.4262e-01 9.2222e-02 1.4262e-01 5.2169e-02 1.0000e+00 -3.3629e-02 7.0060e-01
-2.3935e-02 -6.4631e-02 -5.4347e-02 5.7263e-02 -3.7216e-02 2.7073e-02 -3.4625e-02 2.2037e-02 5.8675e-03 4.3182e-03 -5.9833e-03 -5.9833e-03 -3.1620e-02 -1.4485e-02 -1.9141e-02 2.7604e-02 -4.3859e-02 -1.3663e-02 5.8530e-02 -1.1663e-04 1.8112e-02 1.2568e-05 1.2568e-05 1.4203e-03 -2.4896e-02 -3.9870e-02 -2.1465e-02 -1.7470e-02 9.9651e-03 2.1324e-02 1.8401e-02 1.8401e-02 1.2680e-01 1.0429e-01 5.5759e-02 5.5759e-02 5.8281e-02 5.5759e-02 8.9684e-02 -3.3629e-02 1.0000e+00 2.3562e-02
-1.4192e-02 -2.2863e-02 -1.9758e-02 2.4993e-02 -1.1055e-02 2.6901e-02 -1.6437e-02 1.2957e-02 1.1140e-02 1.8115e-02 2.3126e-02 2.3126e-02 7.6785e-03 1.2957e-02 2.8572e-02 1.8155e-02 -1.5288e-03 -2.9248e-03 -1.3183e-03 -1.7461e-02 -6.6678e-03 3.0562e-02 3.0562e-02 3.0982e-02 -1.8434e-02 -4.5385e-02 -1.7791e-02 -1.2936e-02 8.7046e-02 6.9883e-03 6.1121e-03 6.1121e-03 9.5333e-02 8.3508e-02 1.2399e-01 1.2399e-01 7.6301e-02 1.2399e-01 7.6218e-02 7.0060e-01 2.3562e-02 1.0000e+00
