1.0000e+00 1.2889e-01 6.7250e-02 1.2181e-01 7.1795e-03 1.0366e-02 -2.4935e-01 1.0188e-01 2.0559e-02 1.0714e-01 4.7095e-02
1.2889e-01 1.0000e+00 -3.7802e-02 -6.3647e-02 -1.9419e-02 -1.5803e-01 -1.2811e-01 -5.5657e-02 1.7879e-02 -3.6441e-02 6.3624e-03
6.7250e-02 -3.7802e-02 1.0000e+00 -2.2043e-02 -1.5444e-02 1.4609e-01 -6.1062e-02 -3.2475e-02 1.0121e-01 -3.3859e-02 2.4403e-02
1.2181e-01 -6.3647e-02 -2.2043e-02 1.0000e+00 -2.6003e-02 2.6618e-01 -1.0281e-01 6.4400e-03 -6.6328e-02 1.9941e-03 -3.7645e-02
7.1795e-03 -1.9419e-02 -1.5444e-02 -2.6003e-02 1.0000e+00 1.1445e-01 -7.2033e-02 -3.8310e-02 -6.5554e-02 -3.9942e-02 1.3465e-02
1.0366e-02 -1.5803e-01 1.4609e-01 2.6618e-01 1.1445e-01 1.0000e+00 -3.6524e-01 -6.7696e-02 -7.7817e-02 -5.7164e-02 1.1245e-01
-2.4935e-01 -1.2811e-01 -6.1062e-02 -1.0281e-01 -7.2033e-02 -3.6524e-01 1.0000e+00 -7.8583e-02 -1.1303e-01 -6.9969e-02 -6.6139e-02
1.0188e-01 -5.5657e-02 -3.2475e-02 6.4400e-03 -3.8310e-02 -6.7696e-02 -7.8583e-02 1.0000e+00 -1.3785e-01 9.4524e-01 -5.5462e-02
2.0559e-02 1.7879e-02 1.0121e-01 -6.6328e-02 -6.5554e-02 -7.7817e-02 -1.1303e-01 -1.3785e-01 1.0000e+00 -1.4372e-01 1.2012e-01
1.0714e-01 -3.6441e-02 -3.3859e-02 1.9941e-03 -3.9942e-02 -5.7164e-02 -6.9969e-02 9.4524e-01 -1.4372e-01 1.0000e+00 -5.7824e-02
4.7095e-02 6.3624e-03 2.4403e-02 -3.7645e-02 1.3465e-02 1.1245e-01 -6.6139e-02 -5.5462e-02 1.2012e-01 -5.7824e-02 1.0000e+00
