1.0000e+00 8.1906e-02 -3.3218e-02 -2.3016e-02 -5.3793e-02 2.4036e-02 3.0487e-02 3.6158e-02 3.2388e-02
8.1906e-02 1.0000e+00 -1.1152e-01 2.0683e-02 -6.7244e-02 8.4794e-02 -1.9401e-02 7.6154e-02 7.0054e-02
-3.3218e-02 -1.1152e-01 1.0000e+00 -7.4338e-03 5.4449e-02 -2.7374e-02 3.2972e-02 2.3873e-02 1.7245e-02
-2.3016e-02 2.0683e-02 -7.4338e-03 1.0000e+00 1.0125e-01 -5.5141e-02 7.4351e-03 -1.3197e-02 -3.8774e-02
-5.3793e-02 -6.7244e-02 5.4449e-02 1.0125e-01 1.0000e+00 -3.8560e-01 -1.0438e-01 -1.1396e-01 -1.1982e-01
2.4036e-02 8.4794e-02 -2.7374e-02 -5.5141e-02 -3.8560e-01 1.0000e+00 -1.0011e-01 -4.1454e-02 -1.0860e-02
3.0487e-02 -1.9401e-02 3.2972e-02 7.4351e-03 -1.0438e-01 -1.0011e-01 1.0000e+00 6.5689e-02 6.1131e-02
3.6158e-02 7.6154e-02 2.3873e-02 -1.3197e-02 -1.1396e-01 -4.1454e-02 6.5689e-02 1.0000e+00 9.5927e-01
3.2388e-02 7.0054e-02 1.7245e-02 -3.8774e-02 -1.1982e-01 -1.0860e-02 6.1131e-02 9.5927e-01 1.0000e+00
