1.0000e+00 -2.2578e-01 -2.2783e-01 -2.2673e-01 -2.2728e-01 2.3715e-01 -2.0374e-01 -2.0422e-01 2.9536e-01 2.9207e-01 -2.0057e-01 2.9773e-01 2.8078e-01 -2.0171e-01 2.1556e-01 2.1702e-01 2.0730e-01 2.0730e-01 -1.4382e-01 -1.5097e-01 -1.4728e-01 -1.6116e-01 -1.5597e-01 -1.5247e-01 -1.5247e-01 -1.5368e-01 -1.5368e-01 -1.4959e-01 -1.4837e-01 -1.4429e-01 -1.4429e-01 -1.4429e-01 -1.4307e-01 1.8892e-01 1.4340e-01 1.4340e-01 1.8772e-01 4.8787e-02 1.2834e-01 1.3327e-01 1.3474e-01 1.3474e-01 1.6643e-03 1.2834e-01 1.2993e-01 1.3283e-01 1.2817e-01 -4.9696e-02 1.3138e-01 9.0945e-02 1.2993e-01 1.3138e-01 1.0879e-01 -5.6493e-02 6.8602e-02 1.8081e-01 -5.4902e-02 6.7391e-02 1.0817e-01 6.6179e-02 6.7391e-02 6.8602e-02 6.8602e-02 7.0754e-02 -5.6493e-02 7.0754e-02 6.3478e-02 6.3478e-02 -6.1056e-02 -2.3979e-02 9.0561e-02 7.9013e-02 -1.5915e-02 -2.7809e-02 -3.5144e-02 -1.4575e-02 -1.7625e-02 -1.7625e-02 -3.8042e-02 -3.8042e-02 -7.2099e-03 -5.4363e-03 -2.7809e-02 -2.7809e-02 -7.2099e-03
-2.2578e-01 1.0000e+00 9.8588e-01 9.8872e-01 7.3000e-01 -2.8896e-01 6.6158e-01 6.4971e-01 -4.7152e-01 -4.7513e-01 6.5309e-01 -4.6926e-01 -4.9452e-01 6.2104e-01 -2.7633e-01 -2.7810e-01 -2.7812e-01 -2.7812e-01 5.1243e-01 4.9554e-01 4.9905e-01 1.6240e-01 1.5690e-01 1.0235e-01 1.0235e-01 1.0091e-01 1.0091e-01 1.0509e-01 1.0091e-01 9.9480e-02 9.9480e-02 9.9480e-02 1.0091e-01 -1.9767e-01 -4.9101e-02 -4.9101e-02 -2.0350e-01 -1.1811e-01 -4.4534e-02 -4.4534e-02 -4.3385e-02 -4.3385e-02 4.6075e-02 -4.4534e-02 -5.4786e-02 -5.2522e-02 -1.8853e-02 6.9857e-02 -5.3655e-02 8.8370e-03 -5.4786e-02 -5.3655e-02 -8.3979e-03 7.0108e-02 4.3538e-02 -6.8480e-02 7.1894e-02 4.2449e-02 3.2010e-02 4.6205e-02 4.7292e-02 4.8378e-02 4.8378e-02 4.6205e-02 7.0108e-02 4.6205e-02 4.4526e-02 4.4526e-02 7.8090e-02 1.0107e-01 -4.5396e-02 2.3043e-02 1.0629e-01 7.4355e-02 7.2798e-02 9.3845e-02 9.7545e-02 9.7545e-02 6.9825e-02 6.9825e-02 1.0198e-01 1.0391e-01 7.4355e-02 7.4355e-02 1.0198e-01
-2.2783e-01 9.8588e-01 1.0000e+00 9.9716e-01 7.4307e-01 -2.8609e-01 6.5446e-01 6.4236e-01 -4.6622e-01 -4.6987e-01 6.4578e-01 -4.6399e-01 -4.8903e-01 6.2885e-01 -2.7329e-01 -2.7512e-01 -2.7507e-01 -2.7507e-01 5.1914e-01 4.8176e-01 4.8532e-01 1.7275e-01 1.6722e-01 1.0672e-01 1.0672e-01 1.1093e-01 1.1093e-01 1.1513e-01 1.1093e-01 1.0950e-01 1.0950e-01 1.0950e-01 1.0529e-01 -2.1032e-01 -5.9756e-02 -5.9756e-02 -2.1140e-01 -1.2577e-01 -4.5435e-02 -4.0190e-02 -3.9046e-02 -3.9046e-02 3.8876e-02 -4.0190e-02 -5.0391e-02 -5.3346e-02 -1.8737e-02 7.3934e-02 -5.4468e-02 9.4884e-03 -5.0391e-02 -4.9265e-02 -6.5647e-03 6.6399e-02 4.7694e-02 -6.5696e-02 6.8160e-02 4.6617e-02 3.3334e-02 5.0407e-02 5.1483e-02 4.7694e-02 4.7694e-02 5.0407e-02 7.3290e-02 5.0407e-02 4.3937e-02 4.3937e-02 7.4641e-02 1.0245e-01 -4.5717e-02 2.5106e-02 1.0272e-01 7.2183e-02 7.0732e-02 9.0311e-02 9.3964e-02 9.3964e-02 6.7789e-02 6.7789e-02 9.8214e-02 1.0012e-01 7.2183e-02 7.2183e-02 9.8214e-02
-2.2673e-01 9.8872e-01 9.9716e-01 1.0000e+00 7.4030e-01 -2.8514e-01 6.5209e-01 6.3990e-01 -4.6446e-01 -4.6811e-01 6.4333e-01 -4.6223e-01 -4.8720e-01 6.2639e-01 -2.7227e-01 -2.7412e-01 -2.7405e-01 -2.7405e-01 5.1603e-01 4.8408e-01 4.8764e-01 1.6884e-01 1.6331e-01 1.0819e-01 1.0819e-01 1.0676e-01 1.0676e-01 1.1098e-01 1.0676e-01 1.0533e-01 1.0533e-01 1.0533e-01 1.0676e-01 -2.0821e-01 -5.6767e-02 -5.6767e-02 -2.1405e-01 -1.2463e-01 -4.3986e-02 -4.3986e-02 -4.2850e-02 -4.2850e-02 4.0237e-02 -4.3986e-02 -5.4123e-02 -5.1884e-02 -1.7031e-02 6.9522e-02 -5.3005e-02 1.1347e-02 -5.4123e-02 -5.3005e-02 -4.3580e-03 6.7456e-02 4.5842e-02 -6.4763e-02 6.9217e-02 4.4767e-02 3.5390e-02 4.8567e-02 4.9640e-02 5.0713e-02 5.0713e-02 4.8567e-02 6.7456e-02 4.8567e-02 4.6999e-02 4.6999e-02 7.5739e-02 1.0291e-01 -4.4133e-02 2.7389e-02 1.0383e-01 7.3464e-02 7.2029e-02 9.1415e-02 9.5065e-02 9.5065e-02 6.9089e-02 6.9089e-02 9.9297e-02 1.0120e-01 7.3464e-02 7.3464e-02 9.9297e-02
-2.2728e-01 7.3000e-01 7.4307e-01 7.4030e-01 1.0000e+00 -3.4640e-01 8.3406e-01 8.4485e-01 -6.1121e-01 -6.0995e-01 8.4288e-01 -6.0869e-01 -6.3698e-01 8.1690e-01 -3.3551e-01 -3.3675e-01 -3.3743e-01 -3.3743e-01 7.1145e-01 6.4311e-01 6.4120e-01 3.4937e-01 3.4416e-01 2.9493e-01 2.9493e-01 2.9839e-01 2.9839e-01 3.0184e-01 2.9839e-01 2.9652e-01 2.9652e-01 2.9652e-01 2.9306e-01 -3.4915e-01 -2.1567e-01 -2.1567e-01 -3.4138e-01 -1.5611e-01 -8.8228e-02 -7.8321e-02 -8.2034e-02 -8.2034e-02 4.9296e-02 -7.8321e-02 -8.4533e-02 -8.6984e-02 -4.8699e-02 6.9273e-02 -8.8214e-02 -1.3029e-02 -8.4533e-02 -8.3300e-02 -2.1948e-02 5.7482e-02 2.4910e-02 -7.8503e-02 5.9402e-02 2.3692e-02 2.2613e-03 2.7070e-02 2.8287e-02 2.4910e-02 2.4910e-02 2.7070e-02 6.3990e-02 2.7070e-02 3.3578e-02 3.3578e-02 6.3509e-02 1.3862e-01 -4.6501e-02 2.4847e-02 7.8986e-02 2.1918e-02 1.9813e-02 6.6618e-02 7.0499e-02 7.0499e-02 2.2348e-02 2.2348e-02 7.5830e-02 7.7852e-02 2.7600e-02 2.7600e-02 7.5830e-02
2.3715e-01 -2.8896e-01 -2.8609e-01 -2.8514e-01 -3.4640e-01 1.0000e+00 -4.1341e-01 -4.0598e-01 5.6283e-01 5.6396e-01 -4.0691e-01 5.6508e-01 5.3167e-01 -3.7870e-01 9.1322e-01 9.1774e-01 9.0334e-01 9.0334e-01 -3.2265e-01 -3.4703e-01 -3.4799e-01 -1.5213e-01 -1.5213e-01 -1.2796e-01 -1.2796e-01 -1.2916e-01 -1.2916e-01 -1.3035e-01 -1.2916e-01 -1.3035e-01 -1.3035e-01 -1.3035e-01 -1.2916e-01 1.5399e-01 1.5571e-01 1.5571e-01 1.5282e-01 -1.5695e-01 1.7423e-01 1.7423e-01 1.7570e-01 1.7570e-01 -5.7775e-02 1.7423e-01 1.6610e-01 1.6899e-01 1.3739e-01 4.7717e-02 1.6754e-01 1.0585e-01 1.6610e-01 1.6258e-01 7.4231e-02 2.0237e-02 9.2234e-02 1.7166e-01 1.5404e-02 9.5719e-02 9.7836e-02 9.4560e-02 9.1073e-02 9.2234e-02 9.2234e-02 9.4560e-02 1.3657e-02 9.4560e-02 9.6913e-02 9.6913e-02 8.1637e-03 -3.8753e-02 1.4158e-01 9.4414e-02 -2.4196e-02 -4.8236e-02 -4.9439e-02 -2.2509e-02 -2.5823e-02 -2.5823e-02 -5.2185e-02 -5.2185e-02 -2.2616e-02 -2.0951e-02 -4.8236e-02 -4.8236e-02 -2.2616e-02
-2.0374e-01 6.6158e-01 6.5446e-01 6.5209e-01 8.3406e-01 -4.1341e-01 1.0000e+00 9.8204e-01 -7.3028e-01 -7.3305e-01 9.8428e-01 -7.2736e-01 -7.6445e-01 8.8247e-01 -4.0981e-01 -4.0545e-01 -4.1199e-01 -4.1199e-01 7.4313e-01 7.8299e-01 7.8535e-01 3.9683e-01 3.9191e-01 3.4202e-01 3.4202e-01 3.4487e-01 3.4487e-01 3.4772e-01 3.4487e-01 3.4270e-01 3.4270e-01 3.4270e-01 3.3985e-01 -3.1510e-01 -2.1990e-01 -2.1990e-01 -3.0804e-01 -1.0703e-01 -8.7469e-02 -7.8137e-02 -8.1351e-02 -8.1351e-02 6.5366e-02 -7.8137e-02 -9.1139e-02 -9.2900e-02 -6.5914e-02 5.2749e-02 -9.4333e-02 -3.5151e-02 -9.1139e-02 -8.9704e-02 -4.0958e-02 3.2281e-02 -1.3186e-02 -1.1364e-01 3.4402e-02 -1.4616e-02 -1.8053e-02 -1.1717e-02 -1.0287e-02 -1.3186e-02 -1.3186e-02 -1.1717e-02 3.8412e-02 -1.1717e-02 -7.2945e-03 -7.2945e-03 3.5811e-02 1.3081e-01 -7.1852e-02 5.8104e-03 6.5149e-02 2.0551e-02 6.3337e-03 5.2455e-02 5.0673e-02 5.0673e-02 1.3397e-02 1.3397e-02 7.0202e-02 6.6223e-02 2.5903e-02 2.5903e-02 7.0202e-02
-2.0422e-01 6.4971e-01 6.4236e-01 6.3990e-01 8.4485e-01 -4.0598e-01 9.8204e-01 1.0000e+00 -7.2132e-01 -7.1989e-01 9.9772e-01 -7.1845e-01 -7.5072e-01 8.8164e-01 -4.0210e-01 -3.9782e-01 -4.0425e-01 -4.0425e-01 7.5820e-01 7.6661e-01 7.6440e-01 3.9423e-01 3.8928e-01 3.3831e-01 3.3831e-01 3.4123e-01 3.4123e-01 3.4414e-01 3.4123e-01 3.3910e-01 3.3910e-01 3.3910e-01 3.3617e-01 -3.1669e-01 -2.1685e-01 -2.1685e-01 -3.0956e-01 -1.0809e-01 -9.1246e-02 -8.1855e-02 -8.5130e-02 -8.5130e-02 6.4957e-02 -8.1855e-02 -9.4578e-02 -9.6430e-02 -6.7338e-02 5.1708e-02 -9.7832e-02 -3.5384e-02 -9.4578e-02 -9.3174e-02 -4.2440e-02 3.3136e-02 -1.3988e-02 -1.0695e-01 3.5224e-02 -1.5393e-02 -1.2480e-02 -1.2441e-02 -1.1037e-02 -1.3988e-02 -1.3988e-02 -1.2441e-02 3.9306e-02 -1.2441e-02 -3.4142e-03 -3.4142e-03 3.0968e-02 1.3381e-01 -6.5004e-02 1.3361e-02 5.9978e-02 1.2876e-02 4.1892e-03 4.1266e-02 4.5476e-02 4.5476e-02 6.0755e-03 6.0755e-03 5.8439e-02 6.0652e-02 1.8262e-02 1.8262e-02 5.8439e-02
2.9536e-01 -4.7152e-01 -4.6622e-01 -4.6446e-01 -6.1121e-01 5.6283e-01 -7.3028e-01 -7.2132e-01 1.0000e+00 9.9801e-01 -7.1871e-01 9.9602e-01 9.3686e-01 -6.8205e-01 5.5947e-01 5.4903e-01 5.5796e-01 5.5796e-01 -5.8307e-01 -6.2186e-01 -6.1921e-01 -3.6252e-01 -3.5789e-01 -3.2185e-01 -3.2185e-01 -3.2383e-01 -3.2383e-01 -3.2582e-01 -3.2383e-01 -3.2110e-01 -3.2110e-01 -3.2110e-01 -3.1911e-01 5.0654e-01 4.5653e-01 4.5653e-01 5.0050e-01 1.5472e-01 1.0341e-01 9.9019e-02 1.0142e-01 1.0142e-01 -4.7374e-02 9.9019e-02 9.9383e-02 1.0414e-01 5.9268e-02 -2.5125e-02 1.0176e-01 2.6751e-02 9.9383e-02 9.7405e-02 4.5332e-02 -3.3546e-02 1.8296e-02 1.2073e-01 -3.6403e-02 2.0243e-02 3.4550e-02 1.8118e-02 1.6171e-02 1.8296e-02 1.8296e-02 1.8118e-02 -3.9314e-02 1.8118e-02 2.1668e-02 2.1668e-02 -4.2284e-02 -1.0153e-01 1.0265e-01 2.4787e-02 -1.1740e-01 -5.6150e-02 -3.3769e-02 -9.6686e-02 -9.6991e-02 -9.6991e-02 -3.8849e-02 -3.8849e-02 -1.2148e-01 -1.1878e-01 -5.6150e-02 -5.6150e-02 -1.2148e-01
2.9207e-01 -4.7513e-01 -4.6987e-01 -4.6811e-01 -6.0995e-01 5.6396e-01 -7.3305e-01 -7.1989e-01 9.9801e-01 1.0000e+00 -7.2153e-01 9.9403e-01 9.3895e-01 -6.8487e-01 5.6062e-01 5.5017e-01 5.5912e-01 5.5912e-01 -5.8181e-01 -6.2050e-01 -6.2218e-01 -3.6597e-01 -3.6135e-01 -3.2546e-01 -3.2546e-01 -3.2744e-01 -3.2744e-01 -3.2941e-01 -3.2744e-01 -3.2470e-01 -3.2470e-01 -3.2470e-01 -3.2271e-01 5.0853e-01 4.5906e-01 4.5906e-01 5.0249e-01 1.5583e-01 1.0028e-01 9.5890e-02 9.8286e-02 9.8286e-02 -4.6283e-02 9.5890e-02 9.6321e-02 1.0107e-01 5.6532e-02 -2.4076e-02 9.8691e-02 2.4178e-02 9.6321e-02 9.4336e-02 4.3190e-02 -3.2746e-02 1.6684e-02 1.2158e-01 -3.5606e-02 1.8635e-02 3.6222e-02 1.6513e-02 1.4563e-02 1.6684e-02 1.6684e-02 1.6513e-02 -3.8513e-02 1.6513e-02 2.0083e-02 2.0083e-02 -4.1461e-02 -1.0127e-01 1.0402e-01 2.6659e-02 -1.2238e-01 -6.0204e-02 -3.7761e-02 -1.0161e-01 -1.0195e-01 -1.0195e-01 -4.2816e-02 -4.2816e-02 -1.2656e-01 -1.2389e-01 -6.0204e-02 -6.0204e-02 -1.2656e-01
-2.0057e-01 6.5309e-01 6.4578e-01 6.4333e-01 8.4288e-01 -4.0691e-01 9.8428e-01 9.9772e-01 -7.1871e-01 -7.2153e-01 1.0000e+00 -7.1583e-01 -7.5243e-01 8.8400e-01 -4.0307e-01 -3.9877e-01 -4.0521e-01 -4.0521e-01 7.5629e-01 7.6459e-01 7.6702e-01 3.9764e-01 3.9269e-01 3.4193e-01 3.4193e-01 3.4484e-01 3.4484e-01 3.4774e-01 3.4484e-01 3.4270e-01 3.4270e-01 3.4270e-01 3.3979e-01 -3.1862e-01 -2.1943e-01 -2.1943e-01 -3.1149e-01 -1.0920e-01 -8.7837e-02 -7.8454e-02 -8.1718e-02 -8.1718e-02 6.3743e-02 -7.8454e-02 -9.1238e-02 -9.3072e-02 -6.4365e-02 5.0547e-02 -9.4481e-02 -3.2607e-02 -9.1238e-02 -8.9827e-02 -4.0120e-02 3.2258e-02 -1.2256e-02 -1.0779e-01 3.4347e-02 -1.3663e-02 -1.4260e-02 -1.0717e-02 -9.3105e-03 -1.2256e-02 -1.2256e-02 -1.0717e-02 3.8423e-02 -1.0717e-02 -1.7187e-03 -1.7187e-03 3.0066e-02 1.3343e-01 -6.6431e-02 1.1346e-02 6.5265e-02 1.7204e-02 8.4564e-03 4.6502e-02 5.0752e-02 5.0752e-02 1.0315e-02 1.0315e-02 6.3842e-02 6.6076e-02 2.2585e-02 2.2585e-02 6.3842e-02
2.9773e-01 -4.6926e-01 -4.6399e-01 -4.6223e-01 -6.0869e-01 5.6508e-01 -7.2736e-01 -7.1845e-01 9.9602e-01 9.9403e-01 -7.1583e-01 1.0000e+00 9.3305e-01 -6.7918e-01 5.6178e-01 5.4229e-01 5.5132e-01 5.5132e-01 -5.8055e-01 -6.1914e-01 -6.1648e-01 -3.6943e-01 -3.6481e-01 -3.2908e-01 -3.2908e-01 -3.3104e-01 -3.3104e-01 -3.3301e-01 -3.3104e-01 -3.2829e-01 -3.2829e-01 -3.2829e-01 -3.2632e-01 5.1052e-01 4.6160e-01 4.6160e-01 5.0449e-01 1.5694e-01 9.7151e-02 9.2763e-02 9.5150e-02 9.5150e-02 -4.5193e-02 9.2763e-02 9.3260e-02 9.7989e-02 5.3797e-02 -2.3027e-02 9.5622e-02 2.1605e-02 9.3260e-02 9.1268e-02 4.1048e-02 -3.1946e-02 1.5073e-02 1.2243e-01 -3.4809e-02 1.7026e-02 3.7893e-02 1.4908e-02 1.2955e-02 1.5073e-02 1.5073e-02 1.4908e-02 -3.7713e-02 1.4908e-02 1.8497e-02 1.8497e-02 -4.0637e-02 -1.0100e-01 9.6904e-02 2.0557e-02 -1.1579e-01 -5.4189e-02 -3.1780e-02 -9.5061e-02 -9.5380e-02 -9.5380e-02 -3.6847e-02 -3.6847e-02 -1.1990e-01 -1.1721e-01 -5.4189e-02 -5.4189e-02 -1.1990e-01
2.8078e-01 -4.9452e-01 -4.8903e-01 -4.8720e-01 -6.3698e-01 5.3167e-01 -7.6445e-01 -7.5072e-01 9.3686e-01 9.3895e-01 -7.5243e-01 9.3305e-01 1.0000e+00 -7.3281e-01 5.3681e-01 5.2658e-01 5.3517e-01 5.3517e-01 -6.2688e-01 -6.6710e-01 -6.6884e-01 -3.3063e-01 -3.2599e-01 -2.8757e-01 -2.8757e-01 -2.8971e-01 -2.8971e-01 -2.9184e-01 -2.8971e-01 -2.8711e-01 -2.8711e-01 -2.8711e-01 -2.8497e-01 4.9498e-01 4.3497e-01 4.3497e-01 4.8884e-01 1.8871e-01 9.5831e-02 9.1429e-02 9.3918e-02 9.3918e-02 -7.6081e-03 9.1429e-02 9.9808e-02 1.0475e-01 5.9687e-02 -4.1343e-02 1.0228e-01 2.4782e-02 9.9808e-02 9.7912e-02 3.2312e-02 -4.3835e-02 -2.4180e-03 1.1461e-01 -4.6615e-02 -5.5605e-04 2.1315e-02 -2.7774e-03 -4.6392e-03 -2.4180e-03 -2.4180e-03 -2.7774e-03 -4.9619e-02 -2.7774e-03 -3.8600e-03 -3.8600e-03 -4.1847e-02 -1.0688e-01 9.2190e-02 7.2459e-03 -1.2203e-01 -5.5680e-02 -3.3741e-02 -1.0156e-01 -1.0167e-01 -1.0167e-01 -3.9033e-02 -3.9033e-02 -1.2560e-01 -1.2279e-01 -5.5680e-02 -5.5680e-02 -1.2560e-01
-2.0171e-01 6.2104e-01 6.2885e-01 6.2639e-01 8.1690e-01 -3.7870e-01 8.8247e-01 8.8164e-01 -6.8205e-01 -6.8487e-01 8.8400e-01 -6.7918e-01 -7.3281e-01 1.0000e+00 -4.0882e-01 -4.0454e-01 -4.1097e-01 -4.1097e-01 8.5501e-01 7.8114e-01 7.8354e-01 4.8006e-01 4.7512e-01 4.2641e-01 4.2641e-01 4.2918e-01 4.2918e-01 4.3195e-01 4.2918e-01 4.2691e-01 4.2691e-01 4.2691e-01 4.2414e-01 -4.0133e-01 -3.0109e-01 -3.0109e-01 -3.9422e-01 -1.7993e-01 -1.0319e-01 -9.3810e-02 -9.7083e-02 -9.7083e-02 5.7477e-02 -9.3810e-02 -1.0649e-01 -1.0834e-01 -7.0328e-02 5.9706e-02 -1.0974e-01 -3.8618e-02 -1.0649e-01 -1.0509e-01 -4.2067e-02 3.7540e-02 -1.0526e-02 -9.7004e-02 3.9651e-02 -1.1936e-02 -1.1722e-02 -8.9957e-03 -7.5868e-03 -1.0526e-02 -1.0526e-02 -8.9957e-03 4.3700e-02 -8.9957e-03 -2.6020e-05 -2.6020e-05 5.3305e-02 1.3305e-01 -8.1459e-02 -1.6218e-02 6.4365e-02 2.1525e-02 1.2717e-02 4.5606e-02 4.9860e-02 4.9860e-02 1.4547e-02 1.4547e-02 6.2961e-02 6.5197e-02 2.6902e-02 2.6902e-02 6.2961e-02
2.1556e-01 -2.7633e-01 -2.7329e-01 -2.7227e-01 -3.3551e-01 9.1322e-01 -4.0981e-01 -4.0210e-01 5.5947e-01 5.6062e-01 -4.0307e-01 5.6178e-01 5.3681e-01 -4.0882e-01 1.0000e+00 9.7462e-01 9.8991e-01 9.8991e-01 -3.6272e-01 -3.9180e-01 -3.9275e-01 -1.7873e-01 -1.7873e-01 -1.5466e-01 -1.5466e-01 -1.5586e-01 -1.5586e-01 -1.5705e-01 -1.5586e-01 -1.5705e-01 -1.5705e-01 -1.5705e-01 -1.5586e-01 1.8301e-01 2.0362e-01 2.0362e-01 1.8181e-01 -1.5194e-01 1.6771e-01 1.6771e-01 1.6921e-01 1.6921e-01 -6.9326e-02 1.6771e-01 1.5928e-01 1.6223e-01 1.3352e-01 2.4453e-02 1.6075e-01 1.0111e-01 1.5928e-01 1.5585e-01 8.8441e-02 1.1011e-02 9.5509e-02 1.5983e-01 6.2742e-03 9.8909e-02 8.6889e-02 9.7720e-02 9.4319e-02 9.5509e-02 9.5509e-02 9.7720e-02 4.5104e-03 9.7720e-02 9.5178e-02 9.5178e-02 -7.5462e-03 -4.1137e-02 1.5777e-01 8.5628e-02 -3.9369e-02 -5.8654e-02 -2.6294e-02 1.0149e-03 -1.9903e-03 -1.9903e-03 -2.9201e-02 -2.9201e-02 -3.7723e-02 -3.6060e-02 -5.8654e-02 -5.8654e-02 -3.7723e-02
2.1702e-01 -2.7810e-01 -2.7512e-01 -2.7412e-01 -3.3675e-01 9.1774e-01 -4.0545e-01 -3.9782e-01 5.4903e-01 5.5017e-01 -3.9877e-01 5.4229e-01 5.2658e-01 -4.0454e-01 9.7462e-01 1.0000e+00 9.8489e-01 9.8489e-01 -3.6405e-01 -3.9268e-01 -3.9361e-01 -1.6920e-01 -1.6920e-01 -1.4512e-01 -1.4512e-01 -1.4631e-01 -1.4631e-01 -1.4751e-01 -1.4631e-01 -1.4751e-01 -1.4751e-01 -1.4751e-01 -1.4631e-01 1.7057e-01 1.9297e-01 1.9297e-01 1.6938e-01 -1.7923e-01 1.8917e-01 1.8917e-01 1.9068e-01 1.9068e-01 -9.6888e-02 1.8917e-01 1.8070e-01 1.8366e-01 1.5494e-01 2.9312e-02 1.8218e-01 1.2254e-01 1.8070e-01 1.7725e-01 1.0629e-01 1.4674e-02 1.1633e-01 1.6452e-01 9.8989e-03 1.1977e-01 9.4889e-02 1.1860e-01 1.1516e-01 1.1633e-01 1.1633e-01 1.1860e-01 8.1419e-03 1.1860e-01 1.1621e-01 1.1621e-01 -3.8674e-03 -4.0187e-02 1.7922e-01 1.0356e-01 -3.5962e-02 -5.4513e-02 -5.5813e-02 -3.4296e-02 -3.7580e-02 -3.7580e-02 -5.8580e-02 -5.8580e-02 -3.4383e-02 -3.2728e-02 -5.4513e-02 -5.4513e-02 -3.4383e-02
2.0730e-01 -2.7812e-01 -2.7507e-01 -2.7405e-01 -3.3743e-01 9.0334e-01 -4.1199e-01 -4.0425e-01 5.5796e-01 5.5912e-01 -4.0521e-01 5.5132e-01 5.3517e-01 -4.1097e-01 9.8991e-01 9.8489e-01 1.0000e+00 1.0000e+00 -3.6964e-01 -3.9871e-01 -3.9965e-01 -1.7567e-01 -1.7567e-01 -1.5143e-01 -1.5143e-01 -1.5263e-01 -1.5263e-01 -1.5384e-01 -1.5263e-01 -1.5384e-01 -1.5384e-01 -1.5384e-01 -1.5263e-01 1.8248e-01 2.0198e-01 2.0198e-01 1.8127e-01 -1.5411e-01 1.7927e-01 1.7927e-01 1.8079e-01 1.8079e-01 -7.1609e-02 1.7927e-01 1.7067e-01 1.7365e-01 1.4406e-01 2.2042e-02 1.7216e-01 1.1128e-01 1.7067e-01 1.6726e-01 9.3044e-02 9.1933e-03 9.8909e-02 1.5751e-01 4.4748e-03 1.0229e-01 8.2920e-02 1.0110e-01 9.7714e-02 9.8909e-02 9.8909e-02 1.0110e-01 2.7077e-03 1.0110e-01 9.8518e-02 9.8518e-02 -9.3729e-03 -4.1611e-02 1.6861e-01 9.0180e-02 -4.1062e-02 -6.0713e-02 -2.8462e-02 -7.9464e-04 -3.7779e-03 -3.7779e-03 -3.1377e-02 -3.1377e-02 -3.9382e-02 -3.7716e-02 -6.0713e-02 -6.0713e-02 -3.9382e-02
2.0730e-01 -2.7812e-01 -2.7507e-01 -2.7405e-01 -3.3743e-01 9.0334e-01 -4.1199e-01 -4.0425e-01 5.5796e-01 5.5912e-01 -4.0521e-01 5.5132e-01 5.3517e-01 -4.1097e-01 9.8991e-01 9.8489e-01 1.0000e+00 1.0000e+00 -3.6964e-01 -3.9871e-01 -3.9965e-01 -1.7567e-01 -1.7567e-01 -1.5143e-01 -1.5143e-01 -1.5263e-01 -1.5263e-01 -1.5384e-01 -1.5263e-01 -1.5384e-01 -1.5384e-01 -1.5384e-01 -1.5263e-01 1.8248e-01 2.0198e-01 2.0198e-01 1.8127e-01 -1.5411e-01 1.7927e-01 1.7927e-01 1.8079e-01 1.8079e-01 -7.1609e-02 1.7927e-01 1.7067e-01 1.7365e-01 1.4406e-01 2.2042e-02 1.7216e-01 1.1128e-01 1.7067e-01 1.6726e-01 9.3044e-02 9.1933e-03 9.8909e-02 1.5751e-01 4.4748e-03 1.0229e-01 8.2920e-02 1.0110e-01 9.7714e-02 9.8909e-02 9.8909e-02 1.0110e-01 2.7077e-03 1.0110e-01 9.8518e-02 9.8518e-02 -9.3729e-03 -4.1611e-02 1.6861e-01 9.0180e-02 -4.1062e-02 -6.0713e-02 -2.8462e-02 -7.9464e-04 -3.7779e-03 -3.7779e-03 -3.1377e-02 -3.1377e-02 -3.9382e-02 -3.7716e-02 -6.0713e-02 -6.0713e-02 -3.9382e-02
-1.4382e-01 5.1243e-01 5.1914e-01 5.1603e-01 7.1145e-01 -3.2265e-01 7.4313e-01 7.5820e-01 -5.8307e-01 -5.8181e-01 7.5629e-01 -5.8055e-01 -6.2688e-01 8.5501e-01 -3.6272e-01 -3.6405e-01 -3.6964e-01 -3.6964e-01 1.0000e+00 9.1243e-01 9.1025e-01 5.7506e-01 5.6986e-01 5.1554e-01 5.1554e-01 5.1865e-01 5.1865e-01 5.2175e-01 5.1865e-01 5.1644e-01 5.1644e-01 5.1644e-01 5.1333e-01 -3.6189e-01 -3.0433e-01 -3.0433e-01 -3.5863e-01 -1.6875e-01 -8.0997e-02 -7.1113e-02 -7.4800e-02 -7.4800e-02 7.3370e-02 -7.1113e-02 -8.2358e-02 -8.4781e-02 -2.8314e-02 3.9561e-02 -8.6019e-02 -6.2756e-02 -8.2358e-02 -8.1117e-02 -4.8532e-02 3.6080e-03 -4.0256e-02 -8.0268e-02 5.3734e-03 -4.1509e-02 -1.9708e-02 -3.8176e-02 -3.6924e-02 -4.0256e-02 -4.0256e-02 -3.8176e-02 1.0101e-02 -3.8176e-02 -2.7319e-02 -2.7319e-02 1.6984e-02 1.2355e-02 -4.4730e-02 -1.9836e-02 1.8399e-02 -1.4339e-02 -2.1765e-02 6.5634e-03 1.0101e-02 1.0101e-02 -1.9104e-02 -1.9104e-02 2.0983e-02 2.2838e-02 -8.6713e-03 -8.6713e-03 2.0983e-02
-1.5097e-01 4.9554e-01 4.8176e-01 4.8408e-01 6.4311e-01 -3.4703e-01 7.8299e-01 7.6661e-01 -6.2186e-01 -6.2050e-01 7.6459e-01 -6.1914e-01 -6.6710e-01 7.8114e-01 -3.9180e-01 -3.9268e-01 -3.9871e-01 -3.9871e-01 9.1243e-01 1.0000e+00 9.9764e-01 5.4849e-01 5.4345e-01 4.9839e-01 4.9839e-01 4.9609e-01 4.9609e-01 4.9894e-01 4.9609e-01 4.9380e-01 4.9380e-01 4.9380e-01 4.9609e-01 -3.1500e-01 -2.7401e-01 -2.7401e-01 -3.1632e-01 -1.1492e-01 -8.3024e-02 -7.8241e-02 -8.1672e-02 -8.1672e-02 9.1032e-02 -7.8241e-02 -9.0357e-02 -8.7679e-02 -2.6287e-02 3.9778e-02 -8.9019e-02 -6.3509e-02 -9.0357e-02 -8.9019e-02 -4.8674e-02 7.9966e-03 -4.2227e-02 -1.0693e-01 9.9133e-03 -4.3578e-02 -2.2817e-02 -4.0490e-02 -3.9140e-02 -3.7792e-02 -3.7792e-02 -4.0490e-02 7.9966e-03 -4.0490e-02 -2.6363e-02 -2.6363e-02 1.9524e-02 3.4119e-03 -5.3044e-02 -1.7355e-02 3.5129e-02 -2.9558e-03 -1.6518e-02 2.9187e-02 2.6851e-02 2.6851e-02 -8.8795e-03 -8.8795e-03 4.5291e-02 4.0941e-02 2.5305e-03 2.5305e-03 4.5291e-02
-1.4728e-01 4.9905e-01 4.8532e-01 4.8764e-01 6.4120e-01 -3.4799e-01 7.8535e-01 7.6440e-01 -6.1921e-01 -6.2218e-01 7.6702e-01 -6.1648e-01 -6.6884e-01 7.8354e-01 -3.9275e-01 -3.9361e-01 -3.9965e-01 -3.9965e-01 9.1025e-01 9.9764e-01 1.0000e+00 5.5177e-01 5.4674e-01 5.0189e-01 5.0189e-01 4.9958e-01 4.9958e-01 5.0242e-01 4.9958e-01 4.9729e-01 4.9729e-01 4.9729e-01 4.9958e-01 -3.1693e-01 -2.7656e-01 -2.7656e-01 -3.1825e-01 -1.1603e-01 -7.9550e-02 -7.4771e-02 -7.8190e-02 -7.8190e-02 8.9764e-02 -7.4771e-02 -8.6948e-02 -8.4257e-02 -2.3289e-02 3.8601e-02 -8.5603e-02 -6.0650e-02 -8.6948e-02 -8.5603e-02 -4.6300e-02 7.1215e-03 -4.0434e-02 -1.0777e-01 9.0400e-03 -4.1787e-02 -2.4618e-02 -3.8706e-02 -3.7354e-02 -3.6003e-02 -3.6003e-02 -3.8706e-02 7.1215e-03 -3.8706e-02 -2.4614e-02 -2.4614e-02 1.8613e-02 3.1332e-03 -5.4501e-02 -1.9380e-02 4.0530e-02 1.4656e-03 -1.2153e-02 3.4526e-02 3.2237e-02 3.2237e-02 -4.5485e-03 -4.5485e-03 5.0800e-02 4.6478e-02 6.9468e-03 6.9468e-03 5.0800e-02
-1.6116e-01 1.6240e-01 1.7275e-01 1.6884e-01 3.4937e-01 -1.5213e-01 3.9683e-01 3.9423e-01 -3.6252e-01 -3.6597e-01 3.9764e-01 -3.6943e-01 -3.3063e-01 4.8006e-01 -1.7873e-01 -1.6920e-01 -1.7567e-01 -1.7567e-01 5.7506e-01 5.4849e-01 5.5177e-01 1.0000e+00 9.9463e-01 9.4605e-01 9.4605e-01 9.4876e-01 9.4876e-01 9.4599e-01 9.4327e-01 9.4051e-01 9.4051e-01 9.4051e-01 9.3779e-01 -5.0107e-01 -6.5249e-01 -6.5249e-01 -4.9299e-01 -2.1840e-01 -6.3407e-02 -5.3220e-02 -5.7121e-02 -5.7121e-02 1.2538e-02 -5.3220e-02 -4.8759e-02 -5.1428e-02 -1.3047e-02 8.6751e-02 -5.2619e-02 -4.5630e-02 -4.8759e-02 -4.7565e-02 -3.5478e-02 3.2606e-02 -1.5494e-02 -5.8632e-02 3.4353e-02 -1.1935e-02 -4.8685e-02 -1.3101e-02 -1.1935e-02 -1.5494e-02 -1.5494e-02 -1.3101e-02 3.9299e-02 -1.3101e-02 -1.0640e-02 -1.0640e-02 4.0346e-02 1.9782e-02 -4.6968e-02 -4.2267e-02 2.0927e-02 -1.6813e-02 -1.7970e-02 1.5839e-02 1.9220e-02 1.9220e-02 -1.4969e-02 -1.4969e-02 2.2808e-02 2.4560e-02 -1.0971e-02 -1.0971e-02 2.2808e-02
-1.5597e-01 1.5690e-01 1.6722e-01 1.6331e-01 3.4416e-01 -1.5213e-01 3.9191e-01 3.8928e-01 -3.5789e-01 -3.6135e-01 3.9269e-01 -3.6481e-01 -3.2599e-01 4.7512e-01 -1.7873e-01 -1.6920e-01 -1.7567e-01 -1.7567e-01 5.6986e-01 5.4345e-01 5.4674e-01 9.9463e-01 1.0000e+00 9.5154e-01 9.5154e-01 9.5424e-01 9.5424e-01 9.5146e-01 9.4876e-01 9.4599e-01 9.4599e-01 9.4599e-01 9.4327e-01 -5.0569e-01 -6.5727e-01 -6.5727e-01 -4.9761e-01 -2.2380e-01 -6.3407e-02 -5.3220e-02 -5.7121e-02 -5.7121e-02 1.8029e-02 -5.3220e-02 -4.8759e-02 -5.1428e-02 -1.3047e-02 8.1145e-02 -5.2619e-02 -4.5630e-02 -4.8759e-02 -4.7565e-02 -3.5478e-02 2.5913e-02 -2.0217e-02 -5.8632e-02 2.7640e-02 -1.6660e-02 -4.8685e-02 -1.7829e-02 -1.6660e-02 -2.0217e-02 -2.0217e-02 -1.7829e-02 3.2606e-02 -1.7829e-02 -1.5380e-02 -1.5380e-02 3.3789e-02 1.9782e-02 -4.6968e-02 -4.2267e-02 1.4214e-02 -2.2656e-02 -2.3757e-02 9.1858e-03 1.2527e-02 1.2527e-02 -2.0735e-02 -2.0735e-02 1.5989e-02 1.7720e-02 -1.6813e-02 -1.6813e-02 1.5989e-02
-1.5247e-01 1.0235e-01 1.0672e-01 1.0819e-01 2.9493e-01 -1.2796e-01 3.4202e-01 3.3831e-01 -3.2185e-01 -3.2546e-01 3.4193e-01 -3.2908e-01 -2.8757e-01 4.2641e-01 -1.5466e-01 -1.4512e-01 -1.5143e-01 -1.5143e-01 5.1554e-01 4.9839e-01 5.0189e-01 9.4605e-01 9.5154e-01 1.0000e+00 1.0000e+00 9.9720e-01 9.9720e-01 9.9441e-01 9.9159e-01 9.8881e-01 9.8881e-01 9.8881e-01 9.9159e-01 -5.5441e-01 -7.0181e-01 -7.0181e-01 -5.5079e-01 -2.1879e-01 -6.6824e-02 -6.1612e-02 -6.5694e-02 -6.5694e-02 2.2237e-02 -6.1612e-02 -5.6244e-02 -5.3975e-02 -1.5582e-02 5.7035e-02 -5.5110e-02 -4.6714e-02 -5.6244e-02 -5.5110e-02 -2.4802e-02 2.7961e-02 -1.2617e-02 -5.6479e-02 2.9623e-02 -8.8970e-03 -3.7193e-02 -1.0012e-02 -8.8970e-03 -7.7833e-03 -7.7833e-03 -1.0012e-02 2.7961e-02 -1.0012e-02 -2.1699e-03 -2.1699e-03 3.6738e-02 -1.2732e-02 -5.2012e-02 -4.0777e-02 2.1442e-03 -3.4536e-02 -3.5084e-02 -2.5649e-03 5.6507e-04 5.6507e-04 -3.1763e-02 -3.1763e-02 3.2114e-03 4.8290e-03 -2.8557e-02 -2.8557e-02 3.2114e-03
-1.5247e-01 1.0235e-01 1.0672e-01 1.0819e-01 2.9493e-01 -1.2796e-01 3.4202e-01 3.3831e-01 -3.2185e-01 -3.2546e-01 3.4193e-01 -3.2908e-01 -2.8757e-01 4.2641e-01 -1.5466e-01 -1.4512e-01 -1.5143e-01 -1.5143e-01 5.1554e-01 4.9839e-01 5.0189e-01 9.4605e-01 9.5154e-01 1.0000e+00 1.0000e+00 9.9720e-01 9.9720e-01 9.9441e-01 9.9159e-01 9.8881e-01 9.8881e-01 9.8881e-01 9.9159e-01 -5.5441e-01 -7.0181e-01 -7.0181e-01 -5.5079e-01 -2.1879e-01 -6.6824e-02 -6.1612e-02 -6.5694e-02 -6.5694e-02 2.2237e-02 -6.1612e-02 -5.6244e-02 -5.3975e-02 -1.5582e-02 5.7035e-02 -5.5110e-02 -4.6714e-02 -5.6244e-02 -5.5110e-02 -2.4802e-02 2.7961e-02 -1.2617e-02 -5.6479e-02 2.9623e-02 -8.8970e-03 -3.7193e-02 -1.0012e-02 -8.8970e-03 -7.7833e-03 -7.7833e-03 -1.0012e-02 2.7961e-02 -1.0012e-02 -2.1699e-03 -2.1699e-03 3.6738e-02 -1.2732e-02 -5.2012e-02 -4.0777e-02 2.1442e-03 -3.4536e-02 -3.5084e-02 -2.5649e-03 5.6507e-04 5.6507e-04 -3.1763e-02 -3.1763e-02 3.2114e-03 4.8290e-03 -2.8557e-02 -2.8557e-02 3.2114e-03
-1.5368e-01 1.0091e-01 1.1093e-01 1.0676e-01 2.9839e-01 -1.2916e-01 3.4487e-01 3.4123e-01 -3.2383e-01 -3.2744e-01 3.4484e-01 -3.3104e-01 -2.8971e-01 4.2918e-01 -1.5586e-01 -1.4631e-01 -1.5263e-01 -1.5263e-01 5.1865e-01 4.9609e-01 4.9958e-01 9.4876e-01 9.5424e-01 9.9720e-01 9.9720e-01 1.0000e+00 1.0000e+00 9.9721e-01 9.9440e-01 9.9161e-01 9.9161e-01 9.9161e-01 9.8880e-01 -5.5599e-01 -7.0380e-01 -7.0380e-01 -5.4766e-01 -2.1979e-01 -6.8228e-02 -5.7819e-02 -6.1887e-02 -6.1887e-02 2.0915e-02 -5.7819e-02 -5.2538e-02 -5.5424e-02 -1.7278e-02 6.1435e-02 -5.6562e-02 -4.8470e-02 -5.2538e-02 -5.1398e-02 -2.6961e-02 2.6974e-02 -1.0688e-02 -5.7420e-02 2.8638e-02 -6.9782e-03 -3.9122e-02 -8.0953e-03 -6.9782e-03 -1.0688e-02 -1.0688e-02 -8.0953e-03 3.3812e-02 -8.0953e-03 -5.1324e-03 -5.1324e-03 3.5710e-02 -1.3013e-02 -5.3575e-02 -4.2939e-02 1.2000e-03 -3.5640e-02 -3.6206e-02 -3.5138e-03 -3.8068e-04 -3.8068e-04 -3.2898e-02 -3.2898e-02 2.2854e-03 3.9046e-03 -2.9671e-02 -2.9671e-02 2.2854e-03
-1.5368e-01 1.0091e-01 1.1093e-01 1.0676e-01 2.9839e-01 -1.2916e-01 3.4487e-01 3.4123e-01 -3.2383e-01 -3.2744e-01 3.4484e-01 -3.3104e-01 -2.8971e-01 4.2918e-01 -1.5586e-01 -1.4631e-01 -1.5263e-01 -1.5263e-01 5.1865e-01 4.9609e-01 4.9958e-01 9.4876e-01 9.5424e-01 9.9720e-01 9.9720e-01 1.0000e+00 1.0000e+00 9.9721e-01 9.9440e-01 9.9161e-01 9.9161e-01 9.9161e-01 9.8880e-01 -5.5599e-01 -7.0380e-01 -7.0380e-01 -5.4766e-01 -2.1979e-01 -6.8228e-02 -5.7819e-02 -6.1887e-02 -6.1887e-02 2.0915e-02 -5.7819e-02 -5.2538e-02 -5.5424e-02 -1.7278e-02 6.1435e-02 -5.6562e-02 -4.8470e-02 -5.2538e-02 -5.1398e-02 -2.6961e-02 2.6974e-02 -1.0688e-02 -5.7420e-02 2.8638e-02 -6.9782e-03 -3.9122e-02 -8.0953e-03 -6.9782e-03 -1.0688e-02 -1.0688e-02 -8.0953e-03 3.3812e-02 -8.0953e-03 -5.1324e-03 -5.1324e-03 3.5710e-02 -1.3013e-02 -5.3575e-02 -4.2939e-02 1.2000e-03 -3.5640e-02 -3.6206e-02 -3.5138e-03 -3.8068e-04 -3.8068e-04 -3.2898e-02 -3.2898e-02 2.2854e-03 3.9046e-03 -2.9671e-02 -2.9671e-02 2.2854e-03
-1.4959e-01 1.0509e-01 1.1513e-01 1.1098e-01 3.0184e-01 -1.3035e-01 3.4772e-01 3.4414e-01 -3.2582e-01 -3.2941e-01 3.4774e-01 -3.3301e-01 -2.9184e-01 4.3195e-01 -1.5705e-01 -1.4751e-01 -1.5384e-01 -1.5384e-01 5.2175e-01 4.9894e-01 5.0242e-01 9.4599e-01 9.5146e-01 9.9441e-01 9.9441e-01 9.9721e-01 9.9721e-01 1.0000e+00 9.9721e-01 9.9441e-01 9.9441e-01 9.9441e-01 9.9161e-01 -5.5756e-01 -7.0579e-01 -7.0579e-01 -5.4926e-01 -2.2079e-01 -6.9629e-02 -5.9236e-02 -6.3293e-02 -6.3293e-02 2.5200e-02 -5.9236e-02 -5.3995e-02 -5.6870e-02 -1.8970e-02 6.0103e-02 -5.8009e-02 -5.0222e-02 -5.3995e-02 -5.2853e-02 -2.9114e-02 2.5990e-02 -1.3585e-02 -5.8358e-02 2.7655e-02 -9.8862e-03 -4.1046e-02 -1.1008e-02 -9.8862e-03 -1.3585e-02 -1.3585e-02 -1.1008e-02 3.2818e-02 -1.1008e-02 -8.0860e-03 -8.0860e-03 3.4685e-02 -1.3293e-02 -5.5133e-02 -4.5094e-02 2.5871e-04 -3.6742e-02 -3.7326e-02 -4.4598e-03 -1.3236e-03 -1.3236e-03 -3.4029e-02 -3.4029e-02 1.3623e-03 2.9830e-03 -3.0782e-02 -3.0782e-02 1.3623e-03
-1.4837e-01 1.0091e-01 1.1093e-01 1.0676e-01 2.9839e-01 -1.2916e-01 3.4487e-01 3.4123e-01 -3.2383e-01 -3.2744e-01 3.4484e-01 -3.3104e-01 -2.8971e-01 4.2918e-01 -1.5586e-01 -1.4631e-01 -1.5263e-01 -1.5263e-01 5.1865e-01 4.9609e-01 4.9958e-01 9.4327e-01 9.4876e-01 9.9159e-01 9.9159e-01 9.9440e-01 9.9440e-01 9.9721e-01 1.0000e+00 9.9721e-01 9.9721e-01 9.9721e-01 9.9440e-01 -5.6071e-01 -7.0868e-01 -7.0868e-01 -5.5238e-01 -2.2531e-01 -6.8228e-02 -5.7819e-02 -6.1887e-02 -6.1887e-02 2.6526e-02 -5.7819e-02 -5.2538e-02 -5.5424e-02 -1.7278e-02 6.1435e-02 -5.6562e-02 -4.8470e-02 -5.2538e-02 -5.1398e-02 -2.6961e-02 2.0135e-02 -1.5514e-02 -5.7420e-02 2.1778e-02 -1.1806e-02 -3.9122e-02 -1.2926e-02 -1.1806e-02 -1.5514e-02 -1.5514e-02 -1.2926e-02 2.6974e-02 -1.2926e-02 -9.9759e-03 -9.9759e-03 2.9010e-02 -1.3013e-02 -5.3575e-02 -4.2939e-02 1.2000e-03 -3.5640e-02 -3.6206e-02 -3.5138e-03 -3.8068e-04 -3.8068e-04 -3.2898e-02 -3.2898e-02 2.2854e-03 3.9046e-03 -2.9671e-02 -2.9671e-02 2.2854e-03
-1.4429e-01 9.9480e-02 1.0950e-01 1.0533e-01 2.9652e-01 -1.3035e-01 3.4270e-01 3.3910e-01 -3.2110e-01 -3.2470e-01 3.4270e-01 -3.2829e-01 -2.8711e-01 4.2691e-01 -1.5705e-01 -1.4751e-01 -1.5384e-01 -1.5384e-01 5.1644e-01 4.9380e-01 4.9729e-01 9.4051e-01 9.4599e-01 9.8881e-01 9.8881e-01 9.9161e-01 9.9161e-01 9.9441e-01 9.9721e-01 1.0000e+00 1.0000e+00 1.0000e+00 9.9721e-01 -5.6228e-01 -7.1066e-01 -7.1066e-01 -5.5397e-01 -2.2630e-01 -6.4432e-02 -5.4039e-02 -5.8091e-02 -5.8091e-02 2.5200e-02 -5.4039e-02 -4.8845e-02 -5.1709e-02 -1.4019e-02 6.0103e-02 -5.2853e-02 -4.5354e-02 -4.8845e-02 -4.7698e-02 -2.4389e-02 1.9161e-02 -1.3585e-02 -5.1915e-02 2.0806e-02 -9.8862e-03 -3.6263e-02 -1.1008e-02 -9.8862e-03 -1.3585e-02 -1.3585e-02 -1.1008e-02 2.5990e-02 -1.1008e-02 -8.0860e-03 -8.0860e-03 2.7996e-02 -1.3293e-02 -5.0107e-02 -4.0373e-02 2.5871e-04 -3.6742e-02 -3.7326e-02 -4.4598e-03 -1.3236e-03 -1.3236e-03 -3.4029e-02 -3.4029e-02 1.3623e-03 2.9830e-03 -3.0782e-02 -3.0782e-02 1.3623e-03
-1.4429e-01 9.9480e-02 1.0950e-01 1.0533e-01 2.9652e-01 -1.3035e-01 3.4270e-01 3.3910e-01 -3.2110e-01 -3.2470e-01 3.4270e-01 -3.2829e-01 -2.8711e-01 4.2691e-01 -1.5705e-01 -1.4751e-01 -1.5384e-01 -1.5384e-01 5.1644e-01 4.9380e-01 4.9729e-01 9.4051e-01 9.4599e-01 9.8881e-01 9.8881e-01 9.9161e-01 9.9161e-01 9.9441e-01 9.9721e-01 1.0000e+00 1.0000e+00 1.0000e+00 9.9721e-01 -5.6228e-01 -7.1066e-01 -7.1066e-01 -5.5397e-01 -2.2630e-01 -6.4432e-02 -5.4039e-02 -5.8091e-02 -5.8091e-02 2.5200e-02 -5.4039e-02 -4.8845e-02 -5.1709e-02 -1.4019e-02 6.0103e-02 -5.2853e-02 -4.5354e-02 -4.8845e-02 -4.7698e-02 -2.4389e-02 1.9161e-02 -1.3585e-02 -5.1915e-02 2.0806e-02 -9.8862e-03 -3.6263e-02 -1.1008e-02 -9.8862e-03 -1.3585e-02 -1.3585e-02 -1.1008e-02 2.5990e-02 -1.1008e-02 -8.0860e-03 -8.0860e-03 2.7996e-02 -1.3293e-02 -5.0107e-02 -4.0373e-02 2.5871e-04 -3.6742e-02 -3.7326e-02 -4.4598e-03 -1.3236e-03 -1.3236e-03 -3.4029e-02 -3.4029e-02 1.3623e-03 2.9830e-03 -3.0782e-02 -3.0782e-02 1.3623e-03
-1.4429e-01 9.9480e-02 1.0950e-01 1.0533e-01 2.9652e-01 -1.3035e-01 3.4270e-01 3.3910e-01 -3.2110e-01 -3.2470e-01 3.4270e-01 -3.2829e-01 -2.8711e-01 4.2691e-01 -1.5705e-01 -1.4751e-01 -1.5384e-01 -1.5384e-01 5.1644e-01 4.9380e-01 4.9729e-01 9.4051e-01 9.4599e-01 9.8881e-01 9.8881e-01 9.9161e-01 9.9161e-01 9.9441e-01 9.9721e-01 1.0000e+00 1.0000e+00 1.0000e+00 9.9721e-01 -5.6228e-01 -7.1066e-01 -7.1066e-01 -5.5397e-01 -2.2630e-01 -6.4432e-02 -5.4039e-02 -5.8091e-02 -5.8091e-02 2.5200e-02 -5.4039e-02 -4.8845e-02 -5.1709e-02 -1.4019e-02 6.0103e-02 -5.2853e-02 -4.5354e-02 -4.8845e-02 -4.7698e-02 -2.4389e-02 1.9161e-02 -1.3585e-02 -5.1915e-02 2.0806e-02 -9.8862e-03 -3.6263e-02 -1.1008e-02 -9.8862e-03 -1.3585e-02 -1.3585e-02 -1.1008e-02 2.5990e-02 -1.1008e-02 -8.0860e-03 -8.0860e-03 2.7996e-02 -1.3293e-02 -5.0107e-02 -4.0373e-02 2.5871e-04 -3.6742e-02 -3.7326e-02 -4.4598e-03 -1.3236e-03 -1.3236e-03 -3.4029e-02 -3.4029e-02 1.3623e-03 2.9830e-03 -3.0782e-02 -3.0782e-02 1.3623e-03
-1.4307e-01 1.0091e-01 1.0529e-01 1.0676e-01 2.9306e-01 -1.2916e-01 3.3985e-01 3.3617e-01 -3.1911e-01 -3.2271e-01 3.3979e-01 -3.2632e-01 -2.8497e-01 4.2414e-01 -1.5586e-01 -1.4631e-01 -1.5263e-01 -1.5263e-01 5.1333e-01 4.9609e-01 4.9958e-01 9.3779e-01 9.4327e-01 9.9159e-01 9.9159e-01 9.8880e-01 9.8880e-01 9.9161e-01 9.9440e-01 9.9721e-01 9.9721e-01 9.9721e-01 1.0000e+00 -5.6071e-01 -7.0868e-01 -7.0868e-01 -5.5710e-01 -2.2531e-01 -6.3024e-02 -5.7819e-02 -6.1887e-02 -6.1887e-02 2.6526e-02 -5.7819e-02 -5.2538e-02 -5.0256e-02 -1.2321e-02 5.5707e-02 -5.1398e-02 -4.3595e-02 -5.2538e-02 -5.1398e-02 -2.2229e-02 2.0135e-02 -1.5514e-02 -5.0967e-02 2.1778e-02 -1.1806e-02 -3.4332e-02 -1.2926e-02 -1.1806e-02 -1.0688e-02 -1.0688e-02 -1.2926e-02 2.0135e-02 -1.2926e-02 -5.1324e-03 -5.1324e-03 2.9010e-02 -1.3013e-02 -4.8541e-02 -3.8210e-02 1.2000e-03 -3.5640e-02 -3.6206e-02 -3.5138e-03 -3.8068e-04 -3.8068e-04 -3.2898e-02 -3.2898e-02 2.2854e-03 3.9046e-03 -2.9671e-02 -2.9671e-02 2.2854e-03
1.8892e-01 -1.9767e-01 -2.1032e-01 -2.0821e-01 -3.4915e-01 1.5399e-01 -3.1510e-01 -3.1669e-01 5.0654e-01 5.0853e-01 -3.1862e-01 5.1052e-01 4.9498e-01 -4.0133e-01 1.8301e-01 1.7057e-01 1.8248e-01 1.8248e-01 -3.6189e-01 -3.1500e-01 -3.1693e-01 -5.0107e-01 -5.0569e-01 -5.5441e-01 -5.5441e-01 -5.5599e-01 -5.5599e-01 -5.5756e-01 -5.6071e-01 -5.6228e-01 -5.6228e-01 -5.6228e-01 -5.6071e-01 1.0000e+00 7.8298e-01 7.8298e-01 9.9006e-01 4.0065e-01 7.9072e-02 6.5914e-02 6.8229e-02 6.8229e-02 4.6074e-02 7.0300e-02 7.1384e-02 7.1626e-02 3.4831e-02 -9.9435e-02 7.3680e-02 1.2337e-02 7.1384e-02 7.3680e-02 3.5606e-02 -9.3116e-02 -2.9495e-02 8.2062e-02 -9.6220e-02 -3.1591e-02 7.8820e-02 -2.9618e-02 -3.1591e-02 -2.9495e-02 -2.9495e-02 -2.9618e-02 -9.8879e-02 -2.9618e-02 -2.9991e-02 -2.9991e-02 -9.4520e-02 -8.2512e-02 4.7036e-02 3.5293e-02 -1.1356e-01 -3.9370e-02 -2.6836e-02 -9.8425e-02 -9.8879e-02 -9.8879e-02 -2.6854e-02 -2.6854e-02 -1.1206e-01 -1.1529e-01 -3.9370e-02 -3.9370e-02 -1.1206e-01
1.4340e-01 -4.9101e-02 -5.9756e-02 -5.6767e-02 -2.1567e-01 1.5571e-01 -2.1990e-01 -2.1685e-01 4.5653e-01 4.5906e-01 -2.1943e-01 4.6160e-01 4.3497e-01 -3.0109e-01 2.0362e-01 1.9297e-01 2.0198e-01 2.0198e-01 -3.0433e-01 -2.7401e-01 -2.7656e-01 -6.5249e-01 -6.5727e-01 -7.0181e-01 -7.0181e-01 -7.0380e-01 -7.0380e-01 -7.0579e-01 -7.0868e-01 -7.1066e-01 -7.1066e-01 -7.1066e-01 -7.0868e-01 7.8298e-01 1.0000e+00 1.0000e+00 7.8044e-01 3.1462e-01 5.7836e-02 4.8774e-02 5.1664e-02 5.1664e-02 6.0273e-02 4.8774e-02 4.5484e-02 4.6708e-02 2.3488e-02 -6.7429e-02 4.8343e-02 -1.3130e-02 4.5484e-02 4.3848e-02 -1.4235e-02 -1.2192e-02 -1.9982e-02 4.3828e-02 -1.4462e-02 -2.2623e-02 2.4427e-02 -2.1061e-02 -2.2623e-02 -1.9982e-02 -1.9982e-02 -2.1061e-02 -1.8146e-02 -2.1061e-02 -1.5879e-02 -1.5879e-02 -1.4183e-02 4.8943e-02 5.5194e-02 3.2409e-03 -4.4323e-02 2.0181e-02 2.9610e-02 -3.1370e-02 -3.0055e-02 -3.0055e-02 2.8204e-02 2.8204e-02 -3.8157e-02 -4.0553e-02 2.0181e-02 2.0181e-02 -3.8157e-02
1.4340e-01 -4.9101e-02 -5.9756e-02 -5.6767e-02 -2.1567e-01 1.5571e-01 -2.1990e-01 -2.1685e-01 4.5653e-01 4.5906e-01 -2.1943e-01 4.6160e-01 4.3497e-01 -3.0109e-01 2.0362e-01 1.9297e-01 2.0198e-01 2.0198e-01 -3.0433e-01 -2.7401e-01 -2.7656e-01 -6.5249e-01 -6.5727e-01 -7.0181e-01 -7.0181e-01 -7.0380e-01 -7.0380e-01 -7.0579e-01 -7.0868e-01 -7.1066e-01 -7.1066e-01 -7.1066e-01 -7.0868e-01 7.8298e-01 1.0000e+00 1.0000e+00 7.8044e-01 3.1462e-01 5.7836e-02 4.8774e-02 5.1664e-02 5.1664e-02 6.0273e-02 4.8774e-02 4.5484e-02 4.6708e-02 2.3488e-02 -6.7429e-02 4.8343e-02 -1.3130e-02 4.5484e-02 4.3848e-02 -1.4235e-02 -1.2192e-02 -1.9982e-02 4.3828e-02 -1.4462e-02 -2.2623e-02 2.4427e-02 -2.1061e-02 -2.2623e-02 -1.9982e-02 -1.9982e-02 -2.1061e-02 -1.8146e-02 -2.1061e-02 -1.5879e-02 -1.5879e-02 -1.4183e-02 4.8943e-02 5.5194e-02 3.2409e-03 -4.4323e-02 2.0181e-02 2.9610e-02 -3.1370e-02 -3.0055e-02 -3.0055e-02 2.8204e-02 2.8204e-02 -3.8157e-02 -4.0553e-02 2.0181e-02 2.0181e-02 -3.8157e-02
1.8772e-01 -2.0350e-01 -2.1140e-01 -2.1405e-01 -3.4138e-01 1.5282e-01 -3.0804e-01 -3.0956e-01 5.0050e-01 5.0249e-01 -3.1149e-01 5.0449e-01 4.8884e-01 -3.9422e-01 1.8181e-01 1.6938e-01 1.8127e-01 1.8127e-01 -3.5863e-01 -3.1632e-01 -3.1825e-01 -4.9299e-01 -4.9761e-01 -5.5079e-01 -5.5079e-01 -5.4766e-01 -5.4766e-01 -5.4926e-01 -5.5238e-01 -5.5397e-01 -5.5397e-01 -5.5397e-01 -5.5710e-01 9.9006e-01 7.8044e-01 7.8044e-01 1.0000e+00 3.9490e-01 7.3421e-02 6.4649e-02 6.6967e-02 6.6967e-02 4.4991e-02 6.9035e-02 7.0091e-02 6.5984e-02 2.9205e-02 -9.0831e-02 6.8039e-02 6.6895e-03 7.0091e-02 7.2391e-02 3.3757e-02 -9.3917e-02 -2.7887e-02 7.5763e-02 -9.7018e-02 -2.9987e-02 7.7151e-02 -2.8017e-02 -2.9987e-02 -3.1954e-02 -3.1954e-02 -2.8017e-02 -9.3917e-02 -2.8017e-02 -3.2492e-02 -3.2492e-02 -9.5344e-02 -8.2768e-02 4.1413e-02 3.3421e-02 -1.1436e-01 -4.0347e-02 -2.7828e-02 -9.9233e-02 -9.9680e-02 -9.9680e-02 -2.7852e-02 -2.7852e-02 -1.1284e-01 -1.1607e-01 -4.0347e-02 -4.0347e-02 -1.1284e-01
4.8787e-02 -1.1811e-01 -1.2577e-01 -1.2463e-01 -1.5611e-01 -1.5695e-01 -1.0703e-01 -1.0809e-01 1.5472e-01 1.5583e-01 -1.0920e-01 1.5694e-01 1.8871e-01 -1.7993e-01 -1.5194e-01 -1.7923e-01 -1.5411e-01 -1.5411e-01 -1.6875e-01 -1.1492e-01 -1.1603e-01 -2.1840e-01 -2.2380e-01 -2.1879e-01 -2.1879e-01 -2.1979e-01 -2.1979e-01 -2.2079e-01 -2.2531e-01 -2.2630e-01 -2.2630e-01 -2.2630e-01 -2.2531e-01 4.0065e-01 3.1462e-01 3.1462e-01 3.9490e-01 1.0000e+00 -1.1798e-01 -1.2824e-01 -1.3227e-01 -1.3227e-01 9.0858e-02 -1.2824e-01 -1.3303e-01 -1.3593e-01 -1.4635e-01 -7.0230e-02 -1.3193e-01 -1.4264e-01 -1.3303e-01 -1.3193e-01 -7.6198e-02 -3.6645e-02 -1.0586e-01 -7.3061e-02 -3.5130e-02 -1.0705e-01 -4.8682e-02 -1.0825e-01 -1.0705e-01 -1.0586e-01 -1.0586e-01 -1.0825e-01 -3.6645e-02 -1.0825e-01 -1.1543e-01 -1.1543e-01 -4.7019e-02 -7.1549e-02 -1.5828e-01 -1.0150e-01 -8.2450e-02 1.8188e-02 4.5969e-02 -5.3048e-02 -5.0124e-02 -5.0124e-02 4.3005e-02 4.3005e-02 -8.2352e-02 -8.0959e-02 1.8188e-02 1.8188e-02 -8.2352e-02
1.2834e-01 -4.4534e-02 -4.5435e-02 -4.3986e-02 -8.8228e-02 1.7423e-01 -8.7469e-02 -9.1246e-02 1.0341e-01 1.0028e-01 -8.7837e-02 9.7151e-02 9.5831e-02 -1.0319e-01 1.6771e-01 1.8917e-01 1.7927e-01 1.7927e-01 -8.0997e-02 -8.3024e-02 -7.9550e-02 -6.3407e-02 -6.3407e-02 -6.6824e-02 -6.6824e-02 -6.8228e-02 -6.8228e-02 -6.9629e-02 -6.8228e-02 -6.4432e-02 -6.4432e-02 -6.4432e-02 -6.3024e-02 7.9072e-02 5.7836e-02 5.7836e-02 7.3421e-02 -1.1798e-01 1.0000e+00 9.8549e-01 9.8306e-01 9.8306e-01 -3.3787e-01 9.9033e-01 9.7388e-01 9.7373e-01 8.6610e-01 -3.3555e-01 9.7620e-01 8.1951e-01 9.7388e-01 9.7140e-01 5.8427e-01 -2.1732e-01 4.3994e-01 6.3972e-01 -2.2251e-01 4.3884e-01 5.3569e-01 4.3773e-01 4.3884e-01 4.3994e-01 4.3994e-01 4.3773e-01 -2.2368e-01 4.3773e-01 4.1762e-01 4.1762e-01 -2.2551e-01 -8.1103e-02 7.6756e-01 5.8058e-01 -1.9702e-01 -1.7418e-01 -1.8596e-01 -1.9442e-01 -1.9826e-01 -1.9826e-01 -1.8296e-01 -1.8296e-01 -1.8428e-01 -1.8949e-01 -1.7418e-01 -1.7418e-01 -1.8428e-01
1.3327e-01 -4.4534e-02 -4.0190e-02 -4.3986e-02 -7.8321e-02 1.7423e-01 -7.8137e-02 -8.1855e-02 9.9019e-02 9.5890e-02 -7.8454e-02 9.2763e-02 9.1429e-02 -9.3810e-02 1.6771e-01 1.8917e-01 1.7927e-01 1.7927e-01 -7.1113e-02 -7.8241e-02 -7.4771e-02 -5.3220e-02 -5.3220e-02 -6.1612e-02 -6.1612e-02 -5.7819e-02 -5.7819e-02 -5.9236e-02 -5.7819e-02 -5.4039e-02 -5.4039e-02 -5.4039e-02 -5.7819e-02 6.5914e-02 4.8774e-02 4.8774e-02 6.4649e-02 -1.2824e-01 9.8549e-01 1.0000e+00 9.9758e-01 9.9758e-01 -3.4830e-01 9.9516e-01 9.7388e-01 9.7373e-01 8.6610e-01 -3.2491e-01 9.7140e-01 8.1498e-01 9.7388e-01 9.7140e-01 5.7988e-01 -2.1732e-01 4.3994e-01 6.3972e-01 -2.2251e-01 4.3884e-01 5.2679e-01 4.3773e-01 4.3884e-01 4.3546e-01 4.3546e-01 4.3773e-01 -2.1097e-01 4.3773e-01 4.1312e-01 4.1312e-01 -2.2551e-01 -8.1103e-02 7.6756e-01 5.7619e-01 -1.9702e-01 -1.7418e-01 -1.8596e-01 -1.9442e-01 -1.9826e-01 -1.9826e-01 -1.8296e-01 -1.8296e-01 -1.8428e-01 -1.8949e-01 -1.7418e-01 -1.7418e-01 -1.8428e-01
