1.0000e+00 -4.6683e-02 -3.7056e-02 -3.1060e-02 -3.1984e-02 -3.1060e-02 8.8055e-03 1.2910e-02 4.0694e-02 -1.1175e-02 -1.7770e-02 -3.1177e-02 -4.7942e-02 5.6471e-03 7.8500e-03 -2.5949e-02 -2.5550e-03
-4.6683e-02 1.0000e+00 -4.9454e-02 -4.1452e-02 -6.3883e-02 -4.1452e-02 4.8112e-02 3.2218e-02 8.6776e-03 -1.9152e-02 -2.3715e-02 -1.6271e-02 -2.0185e-02 -3.2460e-02 2.0782e-02 -3.4631e-02 2.9714e-03
-3.7056e-02 -4.9454e-02 1.0000e+00 -3.2904e-02 -4.0216e-02 -3.2904e-02 -1.2995e-01 -1.3410e-01 8.5102e-02 1.0307e-01 -1.8825e-02 5.4977e-02 5.1280e-02 -2.1368e-02 2.6662e-02 -2.7490e-02 -6.2021e-03
-3.1060e-02 -4.1452e-02 -3.2904e-02 1.0000e+00 -7.8832e-02 -2.7579e-02 -6.0258e-02 -4.0440e-02 2.4634e-02 8.5627e-03 -1.5778e-02 -1.0102e-02 -1.0539e-02 1.3643e-02 -3.7979e-02 -2.3041e-02 -3.0101e-02
-3.1984e-02 -6.3883e-02 -4.0216e-02 -7.8832e-02 1.0000e+00 -7.8832e-02 1.8878e-01 1.2814e-01 -2.6241e-02 -5.2279e-03 -1.7851e-02 -2.3597e-02 -5.6479e-02 2.6384e-02 -1.4107e-02 2.8387e-02 -1.2935e-02
-3.1060e-02 -4.1452e-02 -3.2904e-02 -2.7579e-02 -7.8832e-02 1.0000e+00 6.9049e-02 8.0799e-02 -3.5516e-02 -1.1467e-01 -1.5778e-02 -2.4335e-02 5.5067e-02 2.6398e-02 -9.6777e-03 -2.3041e-02 -3.0101e-02
8.8055e-03 4.8112e-02 -1.2995e-01 -6.0258e-02 1.8878e-01 6.9049e-02 1.0000e+00 8.6464e-01 -2.9408e-01 -2.1195e-01 6.9096e-02 -2.0561e-01 -6.0347e-02 -1.7370e-02 2.2080e-02 3.9494e-02 2.4645e-02
1.2910e-02 3.2218e-02 -1.3410e-01 -4.0440e-02 1.2814e-01 8.0799e-02 8.6464e-01 1.0000e+00 -3.2965e-01 -3.1455e-01 6.1640e-02 -2.5665e-01 -3.1762e-02 -2.4369e-02 1.8143e-02 4.2034e-02 1.8349e-02
4.0694e-02 8.6776e-03 8.5102e-02 2.4634e-02 -2.6241e-02 -3.5516e-02 -2.9408e-01 -3.2965e-01 1.0000e+00 1.4304e-01 -2.0319e-02 2.2569e-01 -7.6169e-02 -1.8436e-03 -4.8910e-02 6.0339e-03 -3.8765e-02
-1.1175e-02 -1.9152e-02 1.0307e-01 8.5627e-03 -5.2279e-03 -1.1467e-01 -2.1195e-01 -3.1455e-01 1.4304e-01 1.0000e+00 -1.0086e-01 2.0529e-01 -4.5806e-02 1.6381e-02 -2.2828e-02 1.3656e-02 1.1868e-02
-1.7770e-02 -2.3715e-02 -1.8825e-02 -1.5778e-02 -1.7851e-02 -1.5778e-02 6.9096e-02 6.1640e-02 -2.0319e-02 -1.0086e-01 1.0000e+00 1.1636e-01 -6.6084e-02 -5.0575e-02 -2.1728e-02 -1.3182e-02 -1.7221e-02
-3.1177e-02 -1.6271e-02 5.4977e-02 -1.0102e-02 -2.3597e-02 -2.4335e-02 -2.0561e-01 -2.5665e-01 2.2569e-01 2.0529e-01 1.1636e-01 1.0000e+00 -3.5090e-01 3.3416e-01 -7.8592e-02 -2.9093e-02 2.6840e-02
-4.7942e-02 -2.0185e-02 5.1280e-02 -1.0539e-02 -5.6479e-02 5.5067e-02 -6.0347e-02 -3.1762e-02 -7.6169e-02 -4.5806e-02 -6.6084e-02 -3.5090e-01 1.0000e+00 -3.7659e-01 -1.2979e-01 -3.4191e-02 -5.2370e-03
5.6471e-03 -3.2460e-02 -2.1368e-02 1.3643e-02 2.6384e-02 2.6398e-02 -1.7370e-02 -2.4369e-02 -1.8436e-03 1.6381e-02 -5.0575e-02 3.3416e-01 -3.7659e-01 1.0000e+00 -5.1123e-02 4.5612e-02 -3.2531e-02
7.8500e-03 2.0782e-02 2.6662e-02 -3.7979e-02 -1.4107e-02 -9.6777e-03 2.2080e-02 1.8143e-02 -4.8910e-02 -2.2828e-02 -2.1728e-02 -7.8592e-02 -1.2979e-01 -5.1123e-02 1.0000e+00 -3.1730e-02 -1.5389e-02
-2.5949e-02 -3.4631e-02 -2.7490e-02 -2.3041e-02 2.8387e-02 -2.3041e-02 3.9494e-02 4.2034e-02 6.0339e-03 1.3656e-02 -1.3182e-02 -2.9093e-02 -3.4191e-02 4.5612e-02 -3.1730e-02 1.0000e+00 -2.5149e-02
-2.5550e-03 2.9714e-03 -6.2021e-03 -3.0101e-02 -1.2935e-02 -3.0101e-02 2.4645e-02 1.8349e-02 -3.8765e-02 1.1868e-02 -1.7221e-02 2.6840e-02 -5.2370e-03 -3.2531e-02 -1.5389e-02 -2.5149e-02 1.0000e+00
