1.0000e+00 7.0039e-01 -3.9762e-01 -3.8198e-01 -3.9762e-01 -3.8867e-01 -3.8072e-01 -3.8072e-01 -3.8072e-01 -3.8072e-01 -3.8198e-01 -3.8198e-01 -3.7755e-01 -3.8198e-01 -3.8072e-01 -3.8072e-01 -3.8813e-01 -3.8072e-01 -3.8198e-01 -3.8072e-01 -3.8072e-01 -3.5057e-01 -3.5709e-01 -3.5709e-01 -3.5931e-01 -2.4815e-01 -2.9945e-01 -3.5381e-01 -4.3051e-01 -4.1513e-01 -4.1513e-01 -4.2028e-01 -4.1513e-01 -4.2028e-01 -4.2285e-01 -4.2285e-01 -4.2285e-01 -3.9669e-01 -4.2285e-01 -4.2163e-01 -4.2028e-01 -4.2285e-01 -4.2285e-01 -4.3051e-01 -4.3051e-01 -4.1456e-01 -4.2574e-01 -4.2306e-01 -4.1259e-01 -4.0978e-01 -4.1216e-01 2.2378e-01 1.5563e-01 -4.6270e-02 -1.9272e-01 -1.5250e-02 -6.9276e-02 -1.8217e-02 2.7617e-02 -4.1417e-02 3.7045e-02 1.0430e-02 8.3709e-03 2.0059e-02 2.0059e-02 2.0059e-02 1.0094e-02 1.6869e-02 4.1991e-02 1.9378e-02 1.8171e-02 9.2885e-03 -1.1835e-02 3.5911e-02 1.2676e-02 1.9138e-02
7.0039e-01 1.0000e+00 -5.1454e-01 -5.3988e-01 -5.1454e-01 -5.3431e-01 -5.4679e-01 -5.4679e-01 -5.4679e-01 -5.4679e-01 -5.3988e-01 -5.3988e-01 -5.4270e-01 -5.3988e-01 -5.4679e-01 -5.4679e-01 -5.4679e-01 -5.4679e-01 -5.3988e-01 -5.4679e-01 -5.4679e-01 -5.1309e-01 -5.0730e-01 -5.0730e-01 -5.1181e-01 -3.5771e-01 -4.2450e-01 -5.0310e-01 -5.6541e-01 -5.5424e-01 -5.5424e-01 -5.4862e-01 -5.5424e-01 -5.4862e-01 -5.5984e-01 -5.5984e-01 -5.5984e-01 -5.1848e-01 -5.5390e-01 -5.5640e-01 -5.4862e-01 -5.5984e-01 -5.5984e-01 -5.6541e-01 -5.6541e-01 -5.5551e-01 -5.2872e-01 -5.2549e-01 -5.1039e-01 -5.3234e-01 -5.2947e-01 3.1933e-01 2.2596e-01 -5.2689e-02 -1.5508e-01 -1.3521e-02 -7.6947e-02 -6.5417e-02 -1.7892e-02 -6.9726e-02 -5.9329e-03 -3.9740e-02 7.1777e-03 3.7168e-02 3.7168e-02 3.7168e-02 7.8244e-03 2.5224e-02 1.9595e-02 -4.0321e-03 2.1756e-02 1.5903e-02 -1.3729e-02 4.6870e-02 4.9866e-03 3.7622e-02
-3.9762e-01 -5.1454e-01 1.0000e+00 9.5306e-01 1.0000e+00 9.6299e-01 9.2932e-01 9.2932e-01 9.2932e-01 9.2932e-01 9.5306e-01 9.5306e-01 9.2475e-01 9.5306e-01 9.2932e-01 9.2932e-01 9.1884e-01 9.2932e-01 9.5306e-01 9.2932e-01 9.2932e-01 8.8756e-01 8.9714e-01 8.9714e-01 8.7824e-01 7.2544e-01 7.8401e-01 8.4904e-01 6.7184e-01 6.7310e-01 6.7310e-01 6.7836e-01 6.7310e-01 6.7836e-01 6.7697e-01 6.7697e-01 6.7697e-01 6.2055e-01 6.7697e-01 6.6930e-01 6.7836e-01 6.7697e-01 6.7697e-01 6.7184e-01 6.7184e-01 6.4978e-01 6.9754e-01 6.9472e-01 6.7893e-01 6.2756e-01 6.2985e-01 -1.5377e-01 -1.1125e-01 1.4264e-01 2.4983e-01 6.4474e-02 1.2889e-01 -5.2680e-03 -5.4743e-02 9.9291e-03 -5.7093e-02 -3.4813e-02 -6.0488e-03 -2.4414e-02 -2.4414e-02 -2.4414e-02 -3.7032e-03 -2.5936e-02 3.3365e-02 2.8268e-02 -9.3442e-04 -7.1021e-03 -6.6626e-03 -3.5828e-02 1.0989e-02 5.8136e-03
-3.8198e-01 -5.3988e-01 9.5306e-01 1.0000e+00 9.5306e-01 9.8968e-01 9.7510e-01 9.7510e-01 9.7510e-01 9.7510e-01 1.0000e+00 1.0000e+00 9.7030e-01 1.0000e+00 9.7510e-01 9.7510e-01 9.6501e-01 9.7510e-01 1.0000e+00 9.7510e-01 9.7510e-01 9.3781e-01 9.4792e-01 9.4792e-01 9.2798e-01 7.6681e-01 8.3042e-01 9.0117e-01 7.1194e-01 7.1412e-01 7.1412e-01 7.0211e-01 7.1412e-01 7.0211e-01 7.1736e-01 7.1736e-01 7.1736e-01 6.5778e-01 7.1736e-01 7.0927e-01 7.0211e-01 7.1736e-01 7.1736e-01 7.1194e-01 7.1194e-01 6.8865e-01 6.5936e-01 6.5661e-01 6.4146e-01 6.5838e-01 6.6079e-01 -1.6248e-01 -1.2111e-01 1.5368e-01 2.3771e-01 8.1065e-02 1.2490e-01 -1.5962e-02 -6.2009e-02 -1.0848e-03 -4.0527e-02 -3.6437e-02 -1.3821e-02 -3.0931e-02 -3.0931e-02 -3.0931e-02 -1.1395e-02 -1.7647e-02 3.4588e-02 3.1111e-02 -4.8088e-03 -2.6615e-03 8.9469e-03 -4.4829e-02 5.9835e-03 5.2002e-03
-3.9762e-01 -5.1454e-01 1.0000e+00 9.5306e-01 1.0000e+00 9.6299e-01 9.2932e-01 9.2932e-01 9.2932e-01 9.2932e-01 9.5306e-01 9.5306e-01 9.2475e-01 9.5306e-01 9.2932e-01 9.2932e-01 9.1884e-01 9.2932e-01 9.5306e-01 9.2932e-01 9.2932e-01 8.8756e-01 8.9714e-01 8.9714e-01 8.7824e-01 7.2544e-01 7.8401e-01 8.4904e-01 6.7184e-01 6.7310e-01 6.7310e-01 6.7836e-01 6.7310e-01 6.7836e-01 6.7697e-01 6.7697e-01 6.7697e-01 6.2055e-01 6.7697e-01 6.6930e-01 6.7836e-01 6.7697e-01 6.7697e-01 6.7184e-01 6.7184e-01 6.4978e-01 6.9754e-01 6.9472e-01 6.7893e-01 6.2756e-01 6.2985e-01 -1.5377e-01 -1.1125e-01 1.4264e-01 2.4983e-01 6.4474e-02 1.2889e-01 -5.2680e-03 -5.4743e-02 9.9291e-03 -5.7093e-02 -3.4813e-02 -6.0488e-03 -2.4414e-02 -2.4414e-02 -2.4414e-02 -3.7032e-03 -2.5936e-02 3.3365e-02 2.8268e-02 -9.3442e-04 -7.1021e-03 -6.6626e-03 -3.5828e-02 1.0989e-02 5.8136e-03
-3.8867e-01 -5.3431e-01 9.6299e-01 9.8968e-01 9.6299e-01 1.0000e+00 9.6503e-01 9.6503e-01 9.6503e-01 9.6503e-01 9.8968e-01 9.8968e-01 9.6029e-01 9.8968e-01 9.6503e-01 9.6503e-01 9.5486e-01 9.6503e-01 9.8968e-01 9.6503e-01 9.6503e-01 9.2679e-01 9.3678e-01 9.3678e-01 9.1707e-01 7.5774e-01 8.2025e-01 8.8975e-01 7.0315e-01 7.0514e-01 7.0514e-01 7.1063e-01 7.0514e-01 7.1063e-01 7.0851e-01 7.0851e-01 7.0851e-01 6.4962e-01 7.0851e-01 7.0051e-01 7.1063e-01 7.0851e-01 7.0851e-01 7.0315e-01 7.0315e-01 6.8013e-01 6.6747e-01 6.6470e-01 6.4941e-01 6.5822e-01 6.6062e-01 -1.6583e-01 -1.1896e-01 1.5127e-01 2.3316e-01 7.8283e-02 1.1747e-01 -1.3653e-02 -5.8779e-02 1.2907e-03 -3.7308e-02 -3.4057e-02 -1.0434e-02 -2.6505e-02 -2.6505e-02 -2.6505e-02 -8.0173e-03 -1.5657e-02 3.1959e-02 2.9753e-02 -2.0230e-03 2.1432e-04 5.5787e-03 -4.2879e-02 7.0618e-03 4.6115e-03
-3.8072e-01 -5.4679e-01 9.2932e-01 9.7510e-01 9.2932e-01 9.6503e-01 1.0000e+00 1.0000e+00 1.0000e+00 1.0000e+00 9.7510e-01 9.7510e-01 9.9508e-01 9.7510e-01 1.0000e+00 1.0000e+00 9.9011e-01 1.0000e+00 9.7510e-01 1.0000e+00 1.0000e+00 9.3452e-01 9.2414e-01 9.2414e-01 9.4483e-01 7.6288e-01 8.1776e-01 9.2934e-01 6.9967e-01 6.9342e-01 6.9342e-01 6.8169e-01 6.9342e-01 6.8169e-01 7.0508e-01 7.0508e-01 7.0508e-01 6.4561e-01 7.0508e-01 6.9700e-01 6.8169e-01 7.0508e-01 7.0508e-01 6.9967e-01 6.9967e-01 6.9304e-01 6.3996e-01 6.3723e-01 6.2240e-01 6.7975e-01 6.7394e-01 -1.7085e-01 -1.1843e-01 1.2313e-01 2.2663e-01 8.4309e-02 1.1718e-01 -2.6369e-03 -4.8209e-02 1.2420e-02 -3.3526e-02 -2.4535e-02 3.7171e-04 -2.1916e-02 -2.1916e-02 -2.1916e-02 2.9279e-03 -1.9188e-02 3.7555e-02 3.1193e-02 1.4010e-02 1.5509e-02 9.5910e-03 -3.9735e-02 3.3641e-03 -2.8189e-03
-3.8072e-01 -5.4679e-01 9.2932e-01 9.7510e-01 9.2932e-01 9.6503e-01 1.0000e+00 1.0000e+00 1.0000e+00 1.0000e+00 9.7510e-01 9.7510e-01 9.9508e-01 9.7510e-01 1.0000e+00 1.0000e+00 9.9011e-01 1.0000e+00 9.7510e-01 1.0000e+00 1.0000e+00 9.3452e-01 9.2414e-01 9.2414e-01 9.4483e-01 7.6288e-01 8.1776e-01 9.2934e-01 6.9967e-01 6.9342e-01 6.9342e-01 6.8169e-01 6.9342e-01 6.8169e-01 7.0508e-01 7.0508e-01 7.0508e-01 6.4561e-01 7.0508e-01 6.9700e-01 6.8169e-01 7.0508e-01 7.0508e-01 6.9967e-01 6.9967e-01 6.9304e-01 6.3996e-01 6.3723e-01 6.2240e-01 6.7975e-01 6.7394e-01 -1.7085e-01 -1.1843e-01 1.2313e-01 2.2663e-01 8.4309e-02 1.1718e-01 -2.6369e-03 -4.8209e-02 1.2420e-02 -3.3526e-02 -2.4535e-02 3.7171e-04 -2.1916e-02 -2.1916e-02 -2.1916e-02 2.9279e-03 -1.9188e-02 3.7555e-02 3.1193e-02 1.4010e-02 1.5509e-02 9.5910e-03 -3.9735e-02 3.3641e-03 -2.8189e-03
-3.8072e-01 -5.4679e-01 9.2932e-01 9.7510e-01 9.2932e-01 9.6503e-01 1.0000e+00 1.0000e+00 1.0000e+00 1.0000e+00 9.7510e-01 9.7510e-01 9.9508e-01 9.7510e-01 1.0000e+00 1.0000e+00 9.9011e-01 1.0000e+00 9.7510e-01 1.0000e+00 1.0000e+00 9.3452e-01 9.2414e-01 9.2414e-01 9.4483e-01 7.6288e-01 8.1776e-01 9.2934e-01 6.9967e-01 6.9342e-01 6.9342e-01 6.8169e-01 6.9342e-01 6.8169e-01 7.0508e-01 7.0508e-01 7.0508e-01 6.4561e-01 7.0508e-01 6.9700e-01 6.8169e-01 7.0508e-01 7.0508e-01 6.9967e-01 6.9967e-01 6.9304e-01 6.3996e-01 6.3723e-01 6.2240e-01 6.7975e-01 6.7394e-01 -1.7085e-01 -1.1843e-01 1.2313e-01 2.2663e-01 8.4309e-02 1.1718e-01 -2.6369e-03 -4.8209e-02 1.2420e-02 -3.3526e-02 -2.4535e-02 3.7171e-04 -2.1916e-02 -2.1916e-02 -2.1916e-02 2.9279e-03 -1.9188e-02 3.7555e-02 3.1193e-02 1.4010e-02 1.5509e-02 9.5910e-03 -3.9735e-02 3.3641e-03 -2.8189e-03
-3.8072e-01 -5.4679e-01 9.2932e-01 9.7510e-01 9.2932e-01 9.6503e-01 1.0000e+00 1.0000e+00 1.0000e+00 1.0000e+00 9.7510e-01 9.7510e-01 9.9508e-01 9.7510e-01 1.0000e+00 1.0000e+00 9.9011e-01 1.0000e+00 9.7510e-01 1.0000e+00 1.0000e+00 9.3452e-01 9.2414e-01 9.2414e-01 9.4483e-01 7.6288e-01 8.1776e-01 9.2934e-01 6.9967e-01 6.9342e-01 6.9342e-01 6.8169e-01 6.9342e-01 6.8169e-01 7.0508e-01 7.0508e-01 7.0508e-01 6.4561e-01 7.0508e-01 6.9700e-01 6.8169e-01 7.0508e-01 7.0508e-01 6.9967e-01 6.9967e-01 6.9304e-01 6.3996e-01 6.3723e-01 6.2240e-01 6.7975e-01 6.7394e-01 -1.7085e-01 -1.1843e-01 1.2313e-01 2.2663e-01 8.4309e-02 1.1718e-01 -2.6369e-03 -4.8209e-02 1.2420e-02 -3.3526e-02 -2.4535e-02 3.7171e-04 -2.1916e-02 -2.1916e-02 -2.1916e-02 2.9279e-03 -1.9188e-02 3.7555e-02 3.1193e-02 1.4010e-02 1.5509e-02 9.5910e-03 -3.9735e-02 3.3641e-03 -2.8189e-03
-3.8198e-01 -5.3988e-01 9.5306e-01 1.0000e+00 9.5306e-01 9.8968e-01 9.7510e-01 9.7510e-01 9.7510e-01 9.7510e-01 1.0000e+00 1.0000e+00 9.7030e-01 1.0000e+00 9.7510e-01 9.7510e-01 9.6501e-01 9.7510e-01 1.0000e+00 9.7510e-01 9.7510e-01 9.3781e-01 9.4792e-01 9.4792e-01 9.2798e-01 7.6681e-01 8.3042e-01 9.0117e-01 7.1194e-01 7.1412e-01 7.1412e-01 7.0211e-01 7.1412e-01 7.0211e-01 7.1736e-01 7.1736e-01 7.1736e-01 6.5778e-01 7.1736e-01 7.0927e-01 7.0211e-01 7.1736e-01 7.1736e-01 7.1194e-01 7.1194e-01 6.8865e-01 6.5936e-01 6.5661e-01 6.4146e-01 6.5838e-01 6.6079e-01 -1.6248e-01 -1.2111e-01 1.5368e-01 2.3771e-01 8.1065e-02 1.2490e-01 -1.5962e-02 -6.2009e-02 -1.0848e-03 -4.0527e-02 -3.6437e-02 -1.3821e-02 -3.0931e-02 -3.0931e-02 -3.0931e-02 -1.1395e-02 -1.7647e-02 3.4588e-02 3.1111e-02 -4.8088e-03 -2.6615e-03 8.9469e-03 -4.4829e-02 5.9835e-03 5.2002e-03
-3.8198e-01 -5.3988e-01 9.5306e-01 1.0000e+00 9.5306e-01 9.8968e-01 9.7510e-01 9.7510e-01 9.7510e-01 9.7510e-01 1.0000e+00 1.0000e+00 9.7030e-01 1.0000e+00 9.7510e-01 9.7510e-01 9.6501e-01 9.7510e-01 1.0000e+00 9.7510e-01 9.7510e-01 9.3781e-01 9.4792e-01 9.4792e-01 9.2798e-01 7.6681e-01 8.3042e-01 9.0117e-01 7.1194e-01 7.1412e-01 7.1412e-01 7.0211e-01 7.1412e-01 7.0211e-01 7.1736e-01 7.1736e-01 7.1736e-01 6.5778e-01 7.1736e-01 7.0927e-01 7.0211e-01 7.1736e-01 7.1736e-01 7.1194e-01 7.1194e-01 6.8865e-01 6.5936e-01 6.5661e-01 6.4146e-01 6.5838e-01 6.6079e-01 -1.6248e-01 -1.2111e-01 1.5368e-01 2.3771e-01 8.1065e-02 1.2490e-01 -1.5962e-02 -6.2009e-02 -1.0848e-03 -4.0527e-02 -3.6437e-02 -1.3821e-02 -3.0931e-02 -3.0931e-02 -3.0931e-02 -1.1395e-02 -1.7647e-02 3.4588e-02 3.1111e-02 -4.8088e-03 -2.6615e-03 8.9469e-03 -4.4829e-02 5.9835e-03 5.2002e-03
-3.7755e-01 -5.4270e-01 9.2475e-01 9.7030e-01 9.2475e-01 9.6029e-01 9.9508e-01 9.9508e-01 9.9508e-01 9.9508e-01 9.7030e-01 9.7030e-01 1.0000e+00 9.7030e-01 9.9508e-01 9.9508e-01 9.8523e-01 9.9508e-01 9.7030e-01 9.9508e-01 9.9508e-01 9.2989e-01 9.1956e-01 9.1956e-01 9.4015e-01 7.5867e-01 8.1347e-01 9.2473e-01 7.0409e-01 6.9797e-01 6.9797e-01 6.8634e-01 6.9797e-01 6.8634e-01 7.0953e-01 7.0953e-01 7.0953e-01 6.4971e-01 7.0953e-01 7.0141e-01 6.8634e-01 7.0953e-01 7.0953e-01 7.0409e-01 7.0409e-01 6.9727e-01 6.4496e-01 6.4221e-01 6.2747e-01 6.8398e-01 6.7821e-01 -1.7250e-01 -1.1951e-01 1.2444e-01 2.2448e-01 8.9200e-02 1.1568e-01 5.6291e-03 -4.2637e-02 2.0821e-02 -2.7725e-02 -1.6920e-02 -1.3257e-03 -2.4100e-02 -2.4100e-02 -2.4100e-02 1.2351e-03 -1.6858e-02 3.5395e-02 2.8636e-02 1.2588e-02 1.4046e-02 1.1222e-02 -4.0707e-02 2.8526e-03 -5.6414e-03
-3.8198e-01 -5.3988e-01 9.5306e-01 1.0000e+00 9.5306e-01 9.8968e-01 9.7510e-01 9.7510e-01 9.7510e-01 9.7510e-01 1.0000e+00 1.0000e+00 9.7030e-01 1.0000e+00 9.7510e-01 9.7510e-01 9.6501e-01 9.7510e-01 1.0000e+00 9.7510e-01 9.7510e-01 9.3781e-01 9.4792e-01 9.4792e-01 9.2798e-01 7.6681e-01 8.3042e-01 9.0117e-01 7.1194e-01 7.1412e-01 7.1412e-01 7.0211e-01 7.1412e-01 7.0211e-01 7.1736e-01 7.1736e-01 7.1736e-01 6.5778e-01 7.1736e-01 7.0927e-01 7.0211e-01 7.1736e-01 7.1736e-01 7.1194e-01 7.1194e-01 6.8865e-01 6.5936e-01 6.5661e-01 6.4146e-01 6.5838e-01 6.6079e-01 -1.6248e-01 -1.2111e-01 1.5368e-01 2.3771e-01 8.1065e-02 1.2490e-01 -1.5962e-02 -6.2009e-02 -1.0848e-03 -4.0527e-02 -3.6437e-02 -1.3821e-02 -3.0931e-02 -3.0931e-02 -3.0931e-02 -1.1395e-02 -1.7647e-02 3.4588e-02 3.1111e-02 -4.8088e-03 -2.6615e-03 8.9469e-03 -4.4829e-02 5.9835e-03 5.2002e-03
-3.8072e-01 -5.4679e-01 9.2932e-01 9.7510e-01 9.2932e-01 9.6503e-01 1.0000e+00 1.0000e+00 1.0000e+00 1.0000e+00 9.7510e-01 9.7510e-01 9.9508e-01 9.7510e-01 1.0000e+00 1.0000e+00 9.9011e-01 1.0000e+00 9.7510e-01 1.0000e+00 1.0000e+00 9.3452e-01 9.2414e-01 9.2414e-01 9.4483e-01 7.6288e-01 8.1776e-01 9.2934e-01 6.9967e-01 6.9342e-01 6.9342e-01 6.8169e-01 6.9342e-01 6.8169e-01 7.0508e-01 7.0508e-01 7.0508e-01 6.4561e-01 7.0508e-01 6.9700e-01 6.8169e-01 7.0508e-01 7.0508e-01 6.9967e-01 6.9967e-01 6.9304e-01 6.3996e-01 6.3723e-01 6.2240e-01 6.7975e-01 6.7394e-01 -1.7085e-01 -1.1843e-01 1.2313e-01 2.2663e-01 8.4309e-02 1.1718e-01 -2.6369e-03 -4.8209e-02 1.2420e-02 -3.3526e-02 -2.4535e-02 3.7171e-04 -2.1916e-02 -2.1916e-02 -2.1916e-02 2.9279e-03 -1.9188e-02 3.7555e-02 3.1193e-02 1.4010e-02 1.5509e-02 9.5910e-03 -3.9735e-02 3.3641e-03 -2.8189e-03
-3.8072e-01 -5.4679e-01 9.2932e-01 9.7510e-01 9.2932e-01 9.6503e-01 1.0000e+00 1.0000e+00 1.0000e+00 1.0000e+00 9.7510e-01 9.7510e-01 9.9508e-01 9.7510e-01 1.0000e+00 1.0000e+00 9.9011e-01 1.0000e+00 9.7510e-01 1.0000e+00 1.0000e+00 9.3452e-01 9.2414e-01 9.2414e-01 9.4483e-01 7.6288e-01 8.1776e-01 9.2934e-01 6.9967e-01 6.9342e-01 6.9342e-01 6.8169e-01 6.9342e-01 6.8169e-01 7.0508e-01 7.0508e-01 7.0508e-01 6.4561e-01 7.0508e-01 6.9700e-01 6.8169e-01 7.0508e-01 7.0508e-01 6.9967e-01 6.9967e-01 6.9304e-01 6.3996e-01 6.3723e-01 6.2240e-01 6.7975e-01 6.7394e-01 -1.7085e-01 -1.1843e-01 1.2313e-01 2.2663e-01 8.4309e-02 1.1718e-01 -2.6369e-03 -4.8209e-02 1.2420e-02 -3.3526e-02 -2.4535e-02 3.7171e-04 -2.1916e-02 -2.1916e-02 -2.1916e-02 2.9279e-03 -1.9188e-02 3.7555e-02 3.1193e-02 1.4010e-02 1.5509e-02 9.5910e-03 -3.9735e-02 3.3641e-03 -2.8189e-03
-3.8813e-01 -5.4679e-01 9.1884e-01 9.6501e-01 9.1884e-01 9.5486e-01 9.9011e-01 9.9011e-01 9.9011e-01 9.9011e-01 9.6501e-01 9.6501e-01 9.8523e-01 9.6501e-01 9.9011e-01 9.9011e-01 1.0000e+00 9.9011e-01 9.6501e-01 9.9011e-01 9.9011e-01 9.3452e-01 9.2414e-01 9.2414e-01 9.4483e-01 7.6288e-01 8.1776e-01 9.2934e-01 6.9967e-01 6.9342e-01 6.9342e-01 6.8169e-01 6.9342e-01 6.8169e-01 7.0508e-01 7.0508e-01 7.0508e-01 6.4561e-01 7.0508e-01 6.9700e-01 6.8169e-01 7.0508e-01 7.0508e-01 6.9967e-01 6.9967e-01 6.9304e-01 6.3996e-01 6.3723e-01 6.2240e-01 6.7975e-01 6.7394e-01 -1.7743e-01 -1.1843e-01 1.2313e-01 2.3553e-01 8.4309e-02 1.1718e-01 -2.6369e-03 -5.5437e-02 1.2420e-02 -4.0949e-02 -3.3388e-02 -7.1071e-03 -2.8513e-02 -2.8513e-02 -2.8513e-02 -4.5860e-03 -1.9188e-02 3.7555e-02 2.4728e-02 1.4010e-02 1.5509e-02 9.5910e-03 -3.9735e-02 3.3641e-03 -2.8189e-03
-3.8072e-01 -5.4679e-01 9.2932e-01 9.7510e-01 9.2932e-01 9.6503e-01 1.0000e+00 1.0000e+00 1.0000e+00 1.0000e+00 9.7510e-01 9.7510e-01 9.9508e-01 9.7510e-01 1.0000e+00 1.0000e+00 9.9011e-01 1.0000e+00 9.7510e-01 1.0000e+00 1.0000e+00 9.3452e-01 9.2414e-01 9.2414e-01 9.4483e-01 7.6288e-01 8.1776e-01 9.2934e-01 6.9967e-01 6.9342e-01 6.9342e-01 6.8169e-01 6.9342e-01 6.8169e-01 7.0508e-01 7.0508e-01 7.0508e-01 6.4561e-01 7.0508e-01 6.9700e-01 6.8169e-01 7.0508e-01 7.0508e-01 6.9967e-01 6.9967e-01 6.9304e-01 6.3996e-01 6.3723e-01 6.2240e-01 6.7975e-01 6.7394e-01 -1.7085e-01 -1.1843e-01 1.2313e-01 2.2663e-01 8.4309e-02 1.1718e-01 -2.6369e-03 -4.8209e-02 1.2420e-02 -3.3526e-02 -2.4535e-02 3.7171e-04 -2.1916e-02 -2.1916e-02 -2.1916e-02 2.9279e-03 -1.9188e-02 3.7555e-02 3.1193e-02 1.4010e-02 1.5509e-02 9.5910e-03 -3.9735e-02 3.3641e-03 -2.8189e-03
-3.8198e-01 -5.3988e-01 9.5306e-01 1.0000e+00 9.5306e-01 9.8968e-01 9.7510e-01 9.7510e-01 9.7510e-01 9.7510e-01 1.0000e+00 1.0000e+00 9.7030e-01 1.0000e+00 9.7510e-01 9.7510e-01 9.6501e-01 9.7510e-01 1.0000e+00 9.7510e-01 9.7510e-01 9.3781e-01 9.4792e-01 9.4792e-01 9.2798e-01 7.6681e-01 8.3042e-01 9.0117e-01 7.1194e-01 7.1412e-01 7.1412e-01 7.0211e-01 7.1412e-01 7.0211e-01 7.1736e-01 7.1736e-01 7.1736e-01 6.5778e-01 7.1736e-01 7.0927e-01 7.0211e-01 7.1736e-01 7.1736e-01 7.1194e-01 7.1194e-01 6.8865e-01 6.5936e-01 6.5661e-01 6.4146e-01 6.5838e-01 6.6079e-01 -1.6248e-01 -1.2111e-01 1.5368e-01 2.3771e-01 8.1065e-02 1.2490e-01 -1.5962e-02 -6.2009e-02 -1.0848e-03 -4.0527e-02 -3.6437e-02 -1.3821e-02 -3.0931e-02 -3.0931e-02 -3.0931e-02 -1.1395e-02 -1.7647e-02 3.4588e-02 3.1111e-02 -4.8088e-03 -2.6615e-03 8.9469e-03 -4.4829e-02 5.9835e-03 5.2002e-03
-3.8072e-01 -5.4679e-01 9.2932e-01 9.7510e-01 9.2932e-01 9.6503e-01 1.0000e+00 1.0000e+00 1.0000e+00 1.0000e+00 9.7510e-01 9.7510e-01 9.9508e-01 9.7510e-01 1.0000e+00 1.0000e+00 9.9011e-01 1.0000e+00 9.7510e-01 1.0000e+00 1.0000e+00 9.3452e-01 9.2414e-01 9.2414e-01 9.4483e-01 7.6288e-01 8.1776e-01 9.2934e-01 6.9967e-01 6.9342e-01 6.9342e-01 6.8169e-01 6.9342e-01 6.8169e-01 7.0508e-01 7.0508e-01 7.0508e-01 6.4561e-01 7.0508e-01 6.9700e-01 6.8169e-01 7.0508e-01 7.0508e-01 6.9967e-01 6.9967e-01 6.9304e-01 6.3996e-01 6.3723e-01 6.2240e-01 6.7975e-01 6.7394e-01 -1.7085e-01 -1.1843e-01 1.2313e-01 2.2663e-01 8.4309e-02 1.1718e-01 -2.6369e-03 -4.8209e-02 1.2420e-02 -3.3526e-02 -2.4535e-02 3.7171e-04 -2.1916e-02 -2.1916e-02 -2.1916e-02 2.9279e-03 -1.9188e-02 3.7555e-02 3.1193e-02 1.4010e-02 1.5509e-02 9.5910e-03 -3.9735e-02 3.3641e-03 -2.8189e-03
-3.8072e-01 -5.4679e-01 9.2932e-01 9.7510e-01 9.2932e-01 9.6503e-01 1.0000e+00 1.0000e+00 1.0000e+00 1.0000e+00 9.7510e-01 9.7510e-01 9.9508e-01 9.7510e-01 1.0000e+00 1.0000e+00 9.9011e-01 1.0000e+00 9.7510e-01 1.0000e+00 1.0000e+00 9.3452e-01 9.2414e-01 9.2414e-01 9.4483e-01 7.6288e-01 8.1776e-01 9.2934e-01 6.9967e-01 6.9342e-01 6.9342e-01 6.8169e-01 6.9342e-01 6.8169e-01 7.0508e-01 7.0508e-01 7.0508e-01 6.4561e-01 7.0508e-01 6.9700e-01 6.8169e-01 7.0508e-01 7.0508e-01 6.9967e-01 6.9967e-01 6.9304e-01 6.3996e-01 6.3723e-01 6.2240e-01 6.7975e-01 6.7394e-01 -1.7085e-01 -1.1843e-01 1.2313e-01 2.2663e-01 8.4309e-02 1.1718e-01 -2.6369e-03 -4.8209e-02 1.2420e-02 -3.3526e-02 -2.4535e-02 3.7171e-04 -2.1916e-02 -2.1916e-02 -2.1916e-02 2.9279e-03 -1.9188e-02 3.7555e-02 3.1193e-02 1.4010e-02 1.5509e-02 9.5910e-03 -3.9735e-02 3.3641e-03 -2.8189e-03
-3.5057e-01 -5.1309e-01 8.8756e-01 9.3781e-01 8.8756e-01 9.2679e-01 9.3452e-01 9.3452e-01 9.3452e-01 9.3452e-01 9.3781e-01 9.3781e-01 9.2989e-01 9.3781e-01 9.3452e-01 9.3452e-01 9.3452e-01 9.3452e-01 9.3781e-01 9.3452e-01 9.3452e-01 1.0000e+00 9.8951e-01 9.8951e-01 9.8968e-01 8.0288e-01 8.6879e-01 9.6326e-01 7.2061e-01 7.2277e-01 7.2277e-01 7.1063e-01 7.2277e-01 7.1063e-01 7.2605e-01 7.2605e-01 7.2605e-01 6.6624e-01 7.2605e-01 7.1792e-01 7.1063e-01 7.2605e-01 7.2605e-01 7.2061e-01 7.2061e-01 7.1431e-01 6.6747e-01 6.6470e-01 6.4941e-01 6.8374e-01 6.8620e-01 -1.7934e-01 -1.2715e-01 1.4377e-01 2.3316e-01 9.2905e-02 1.3874e-01 -1.3653e-02 -6.6210e-02 1.2907e-03 -5.2571e-02 -4.3159e-02 -1.0434e-02 -2.6505e-02 -2.6505e-02 -2.6505e-02 -8.0173e-03 -2.0728e-03 4.6110e-02 2.9753e-02 6.7490e-03 8.8385e-03 1.3341e-02 -3.2746e-02 7.0618e-03 1.7570e-02
-3.5709e-01 -5.0730e-01 8.9714e-01 9.4792e-01 8.9714e-01 9.3678e-01 9.2414e-01 9.2414e-01 9.2414e-01 9.2414e-01 9.4792e-01 9.4792e-01 9.1956e-01 9.4792e-01 9.2414e-01 9.2414e-01 9.2414e-01 9.2414e-01 9.4792e-01 9.2414e-01 9.2414e-01 9.8951e-01 1.0000e+00 1.0000e+00 9.7930e-01 8.1232e-01 8.7852e-01 9.5236e-01 7.2950e-01 7.3164e-01 7.3164e-01 7.1938e-01 7.3164e-01 7.1938e-01 7.3497e-01 7.3497e-01 7.3497e-01 6.7490e-01 7.3497e-01 7.2680e-01 7.1938e-01 7.3497e-01 7.3497e-01 7.2950e-01 7.2950e-01 7.0601e-01 6.7578e-01 6.7300e-01 6.5757e-01 6.7528e-01 6.7771e-01 -1.7606e-01 -1.2504e-01 1.5640e-01 2.3779e-01 9.7580e-02 1.4209e-01 -1.1306e-02 -7.0488e-02 3.7058e-03 -4.9430e-02 -4.0819e-02 -2.2498e-02 -3.5687e-02 -3.5687e-02 -3.5687e-02 -2.0164e-02 -6.7878e-03 4.3559e-02 2.8376e-02 8.0891e-04 3.1379e-03 1.7810e-02 -4.0901e-02 8.1589e-03 1.7081e-02
-3.5709e-01 -5.0730e-01 8.9714e-01 9.4792e-01 8.9714e-01 9.3678e-01 9.2414e-01 9.2414e-01 9.2414e-01 9.2414e-01 9.4792e-01 9.4792e-01 9.1956e-01 9.4792e-01 9.2414e-01 9.2414e-01 9.2414e-01 9.2414e-01 9.4792e-01 9.2414e-01 9.2414e-01 9.8951e-01 1.0000e+00 1.0000e+00 9.7930e-01 8.1232e-01 8.7852e-01 9.5236e-01 7.2950e-01 7.3164e-01 7.3164e-01 7.1938e-01 7.3164e-01 7.1938e-01 7.3497e-01 7.3497e-01 7.3497e-01 6.7490e-01 7.3497e-01 7.2680e-01 7.1938e-01 7.3497e-01 7.3497e-01 7.2950e-01 7.2950e-01 7.0601e-01 6.7578e-01 6.7300e-01 6.5757e-01 6.7528e-01 6.7771e-01 -1.7606e-01 -1.2504e-01 1.5640e-01 2.3779e-01 9.7580e-02 1.4209e-01 -1.1306e-02 -7.0488e-02 3.7058e-03 -4.9430e-02 -4.0819e-02 -2.2498e-02 -3.5687e-02 -3.5687e-02 -3.5687e-02 -2.0164e-02 -6.7878e-03 4.3559e-02 2.8376e-02 8.0891e-04 3.1379e-03 1.7810e-02 -4.0901e-02 8.1589e-03 1.7081e-02
-3.5931e-01 -5.1181e-01 8.7824e-01 9.2798e-01 8.7824e-01 9.1707e-01 9.4483e-01 9.4483e-01 9.4483e-01 9.4483e-01 9.2798e-01 9.2798e-01 9.4015e-01 9.2798e-01 9.4483e-01 9.4483e-01 9.4483e-01 9.4483e-01 9.2798e-01 9.4483e-01 9.4483e-01 9.8968e-01 9.7930e-01 9.7930e-01 1.0000e+00 8.1158e-01 8.5931e-01 9.7408e-01 7.2060e-01 7.1412e-01 7.1412e-01 7.0211e-01 7.1412e-01 7.0211e-01 7.2606e-01 7.2606e-01 7.2606e-01 6.6602e-01 7.2606e-01 7.1790e-01 7.0211e-01 7.2606e-01 7.2606e-01 7.2060e-01 7.2060e-01 7.1407e-01 6.5936e-01 6.5661e-01 6.4146e-01 6.9213e-01 6.9462e-01 -1.8259e-01 -1.2111e-01 1.3136e-01 2.2863e-01 9.5568e-02 1.3545e-01 -6.3004e-03 -6.2009e-02 8.7468e-03 -4.8096e-02 -3.6437e-02 -6.1942e-03 -2.4203e-02 -2.4203e-02 -2.4203e-02 -3.7324e-03 -4.1722e-03 4.8624e-02 3.1111e-02 1.2593e-02 1.4447e-02 1.6646e-02 -3.4778e-02 5.9835e-03 1.1627e-02
-2.4815e-01 -3.5771e-01 7.2544e-01 7.6681e-01 7.2544e-01 7.5774e-01 7.6288e-01 7.6288e-01 7.6288e-01 7.6288e-01 7.6681e-01 7.6681e-01 7.5867e-01 7.6681e-01 7.6288e-01 7.6288e-01 7.6288e-01 7.6288e-01 7.6681e-01 7.6288e-01 7.6288e-01 8.0288e-01 8.1232e-01 8.1232e-01 8.1158e-01 1.0000e+00 7.0337e-01 7.8944e-01 5.7551e-01 5.7062e-01 5.7062e-01 5.6055e-01 5.7062e-01 5.6055e-01 5.8063e-01 5.8063e-01 5.8063e-01 5.2393e-01 5.8063e-01 5.7297e-01 5.6055e-01 5.8063e-01 5.8063e-01 5.7551e-01 5.7551e-01 5.5339e-01 5.2468e-01 5.2209e-01 5.0910e-01 5.3399e-01 5.3631e-01 -2.2734e-01 -1.6235e-01 1.9377e-01 1.9031e-01 3.2017e-02 8.7579e-02 -2.4489e-02 -8.9645e-02 -9.9421e-03 -6.6685e-02 -4.8828e-02 -2.9024e-02 -3.5624e-02 -3.5624e-02 -3.5624e-02 -2.6157e-02 -3.6442e-02 5.2343e-02 1.0397e-02 -9.9652e-03 -1.0175e-02 4.3365e-02 -7.2259e-02 -1.3453e-02 -6.4045e-03
-2.9945e-01 -4.2450e-01 7.8401e-01 8.3042e-01 7.8401e-01 8.2025e-01 8.1776e-01 8.1776e-01 8.1776e-01 8.1776e-01 8.3042e-01 8.3042e-01 8.1347e-01 8.3042e-01 8.1776e-01 8.1776e-01 8.1776e-01 8.1776e-01 8.3042e-01 8.1776e-01 8.1776e-01 8.6879e-01 8.7852e-01 8.7852e-01 8.5931e-01 7.0337e-01 1.0000e+00 8.6387e-01 6.4250e-01 6.4490e-01 6.4490e-01 6.3382e-01 6.4490e-01 6.3382e-01 6.4775e-01 6.4775e-01 6.4775e-01 5.8994e-01 6.4775e-01 6.3991e-01 6.3382e-01 6.4775e-01 6.4775e-01 6.4250e-01 6.4250e-01 6.1993e-01 5.9444e-01 5.9177e-01 5.7768e-01 6.0723e-01 6.0169e-01 -2.2303e-01 -1.2439e-01 1.4662e-01 2.0027e-01 1.4536e-01 1.3819e-01 1.8929e-02 -3.4073e-02 4.3472e-02 -3.8308e-03 1.1120e-02 1.4922e-02 -5.0759e-03 -5.0759e-03 -5.0759e-03 1.7707e-02 -1.5424e-02 5.6695e-02 3.6414e-02 2.8896e-02 2.9341e-02 -6.1097e-03 -1.4278e-02 -3.0005e-03 2.2169e-02
-3.5381e-01 -5.0310e-01 8.4904e-01 9.0117e-01 8.4904e-01 8.8975e-01 9.2934e-01 9.2934e-01 9.2934e-01 9.2934e-01 9.0117e-01 9.0117e-01 9.2473e-01 9.0117e-01 9.2934e-01 9.2934e-01 9.2934e-01 9.2934e-01 9.0117e-01 9.2934e-01 9.2934e-01 9.6326e-01 9.5236e-01 9.5236e-01 9.7408e-01 7.8944e-01 8.6387e-01 1.0000e+00 7.3379e-01 7.2718e-01 7.2718e-01 7.1498e-01 7.2718e-01 7.1498e-01 7.3929e-01 7.3929e-01 7.3929e-01 6.7888e-01 7.3929e-01 7.3108e-01 7.1498e-01 7.3929e-01 7.3929e-01 7.3379e-01 7.3379e-01 7.2732e-01 6.7160e-01 6.6882e-01 6.5347e-01 7.1368e-01 7.0764e-01 -1.9806e-01 -1.3432e-01 1.3499e-01 2.3546e-01 1.0991e-01 1.4041e-01 -2.7030e-03 -4.9684e-02 2.2399e-02 -3.5680e-02 -2.3713e-02 -8.7192e-03 -2.4265e-02 -2.4265e-02 -2.4265e-02 -6.3078e-03 -1.8061e-02 5.5496e-02 3.2404e-02 2.5812e-02 2.7650e-02 1.1669e-02 -3.1719e-02 7.6080e-03 2.0579e-02
-4.3051e-01 -5.6541e-01 6.7184e-01 7.1194e-01 6.7184e-01 7.0315e-01 6.9967e-01 6.9967e-01 6.9967e-01 6.9967e-01 7.1194e-01 7.1194e-01 7.0409e-01 7.1194e-01 6.9967e-01 6.9967e-01 6.9967e-01 6.9967e-01 7.1194e-01 6.9967e-01 6.9967e-01 7.2061e-01 7.2950e-01 7.2950e-01 7.2060e-01 5.7551e-01 6.4250e-01 7.3379e-01 1.0000e+00 9.8539e-01 9.8539e-01 9.7806e-01 9.8539e-01 9.7806e-01 9.9271e-01 9.9271e-01 9.9271e-01 9.1279e-01 9.8538e-01 9.8184e-01 9.7806e-01 9.9271e-01 9.9271e-01 1.0000e+00 1.0000e+00 9.6842e-01 9.5222e-01 9.4842e-01 9.2962e-01 9.3332e-01 9.3660e-01 -2.8502e-01 -1.9453e-01 2.2604e-01 2.8420e-01 9.5410e-02 1.2613e-01 -4.3964e-03 -3.2529e-02 1.0543e-02 -2.6415e-02 -3.1355e-02 -2.7802e-02 -3.1525e-02 -3.1525e-02 -3.1525e-02 -1.8331e-02 -4.2940e-03 3.3929e-02 4.9301e-03 -2.9984e-03 -3.9639e-03 2.1729e-02 -5.7066e-02 -1.3060e-03 -1.6288e-02
-4.1513e-01 -5.5424e-01 6.7310e-01 7.1412e-01 6.7310e-01 7.0514e-01 6.9342e-01 6.9342e-01 6.9342e-01 6.9342e-01 7.1412e-01 7.1412e-01 6.9797e-01 7.1412e-01 6.9342e-01 6.9342e-01 6.9342e-01 6.9342e-01 7.1412e-01 6.9342e-01 6.9342e-01 7.2277e-01 7.3164e-01 7.3164e-01 7.1412e-01 5.7062e-01 6.4490e-01 7.2718e-01 9.8539e-01 1.0000e+00 1.0000e+00 9.9256e-01 1.0000e+00 9.9256e-01 9.9263e-01 9.9263e-01 9.9263e-01 9.1311e-01 9.8524e-01 9.8182e-01 9.9256e-01 9.9263e-01 9.9263e-01 9.8539e-01 9.8539e-01 9.5428e-01 9.6634e-01 9.6251e-01 9.4351e-01 9.1899e-01 9.2221e-01 -2.7988e-01 -1.9808e-01 2.3477e-01 2.9153e-01 1.0289e-01 1.3107e-01 -1.6750e-02 -4.5347e-02 -2.0433e-03 -3.9994e-02 -5.0173e-02 -2.2179e-02 -2.3952e-02 -2.3952e-02 -2.3952e-02 -1.2663e-02 -6.4658e-03 2.9360e-02 2.2614e-03 1.7348e-03 8.8168e-04 1.6144e-02 -5.3732e-02 4.1654e-04 -6.5914e-03
-4.1513e-01 -5.5424e-01 6.7310e-01 7.1412e-01 6.7310e-01 7.0514e-01 6.9342e-01 6.9342e-01 6.9342e-01 6.9342e-01 7.1412e-01 7.1412e-01 6.9797e-01 7.1412e-01 6.9342e-01 6.9342e-01 6.9342e-01 6.9342e-01 7.1412e-01 6.9342e-01 6.9342e-01 7.2277e-01 7.3164e-01 7.3164e-01 7.1412e-01 5.7062e-01 6.4490e-01 7.2718e-01 9.8539e-01 1.0000e+00 1.0000e+00 9.9256e-01 1.0000e+00 9.9256e-01 9.9263e-01 9.9263e-01 9.9263e-01 9.1311e-01 9.8524e-01 9.8182e-01 9.9256e-01 9.9263e-01 9.9263e-01 9.8539e-01 9.8539e-01 9.5428e-01 9.6634e-01 9.6251e-01 9.4351e-01 9.1899e-01 9.2221e-01 -2.7988e-01 -1.9808e-01 2.3477e-01 2.9153e-01 1.0289e-01 1.3107e-01 -1.6750e-02 -4.5347e-02 -2.0433e-03 -3.9994e-02 -5.0173e-02 -2.2179e-02 -2.3952e-02 -2.3952e-02 -2.3952e-02 -1.2663e-02 -6.4658e-03 2.9360e-02 2.2614e-03 1.7348e-03 8.8168e-04 1.6144e-02 -5.3732e-02 4.1654e-04 -6.5914e-03
-4.2028e-01 -5.4862e-01 6.7836e-01 7.0211e-01 6.7836e-01 7.1063e-01 6.8169e-01 6.8169e-01 6.8169e-01 6.8169e-01 7.0211e-01 7.0211e-01 6.8634e-01 7.0211e-01 6.8169e-01 6.8169e-01 6.8169e-01 6.8169e-01 7.0211e-01 6.8169e-01 6.8169e-01 7.1063e-01 7.1938e-01 7.1938e-01 7.0211e-01 5.6055e-01 6.3382e-01 7.1498e-01 9.7806e-01 9.9256e-01 9.9256e-01 1.0000e+00 9.9256e-01 1.0000e+00 9.8525e-01 9.8525e-01 9.8525e-01 9.0632e-01 9.7781e-01 9.7451e-01 1.0000e+00 9.8525e-01 9.8525e-01 9.7806e-01 9.7806e-01 9.4717e-01 9.7359e-01 9.6975e-01 9.5064e-01 9.1899e-01 9.2221e-01 -2.8302e-01 -1.9644e-01 2.3287e-01 2.8752e-01 1.0049e-01 1.2457e-01 -1.4768e-02 -4.2412e-02 -3.3394e-05 -3.7191e-02 -4.8161e-02 -1.9326e-02 -2.0110e-02 -2.0110e-02 -2.0110e-02 -9.7863e-03 -4.6911e-03 2.7044e-02 9.0696e-04 4.1375e-03 3.3414e-03 1.3311e-02 -5.2044e-02 1.2909e-03 -7.1599e-03
-4.1513e-01 -5.5424e-01 6.7310e-01 7.1412e-01 6.7310e-01 7.0514e-01 6.9342e-01 6.9342e-01 6.9342e-01 6.9342e-01 7.1412e-01 7.1412e-01 6.9797e-01 7.1412e-01 6.9342e-01 6.9342e-01 6.9342e-01 6.9342e-01 7.1412e-01 6.9342e-01 6.9342e-01 7.2277e-01 7.3164e-01 7.3164e-01 7.1412e-01 5.7062e-01 6.4490e-01 7.2718e-01 9.8539e-01 1.0000e+00 1.0000e+00 9.9256e-01 1.0000e+00 9.9256e-01 9.9263e-01 9.9263e-01 9.9263e-01 9.1311e-01 9.8524e-01 9.8182e-01 9.9256e-01 9.9263e-01 9.9263e-01 9.8539e-01 9.8539e-01 9.5428e-01 9.6634e-01 9.6251e-01 9.4351e-01 9.1899e-01 9.2221e-01 -2.7988e-01 -1.9808e-01 2.3477e-01 2.9153e-01 1.0289e-01 1.3107e-01 -1.6750e-02 -4.5347e-02 -2.0433e-03 -3.9994e-02 -5.0173e-02 -2.2179e-02 -2.3952e-02 -2.3952e-02 -2.3952e-02 -1.2663e-02 -6.4658e-03 2.9360e-02 2.2614e-03 1.7348e-03 8.8168e-04 1.6144e-02 -5.3732e-02 4.1654e-04 -6.5914e-03
-4.2028e-01 -5.4862e-01 6.7836e-01 7.0211e-01 6.7836e-01 7.1063e-01 6.8169e-01 6.8169e-01 6.8169e-01 6.8169e-01 7.0211e-01 7.0211e-01 6.8634e-01 7.0211e-01 6.8169e-01 6.8169e-01 6.8169e-01 6.8169e-01 7.0211e-01 6.8169e-01 6.8169e-01 7.1063e-01 7.1938e-01 7.1938e-01 7.0211e-01 5.6055e-01 6.3382e-01 7.1498e-01 9.7806e-01 9.9256e-01 9.9256e-01 1.0000e+00 9.9256e-01 1.0000e+00 9.8525e-01 9.8525e-01 9.8525e-01 9.0632e-01 9.7781e-01 9.7451e-01 1.0000e+00 9.8525e-01 9.8525e-01 9.7806e-01 9.7806e-01 9.4717e-01 9.7359e-01 9.6975e-01 9.5064e-01 9.1899e-01 9.2221e-01 -2.8302e-01 -1.9644e-01 2.3287e-01 2.8752e-01 1.0049e-01 1.2457e-01 -1.4768e-02 -4.2412e-02 -3.3394e-05 -3.7191e-02 -4.8161e-02 -1.9326e-02 -2.0110e-02 -2.0110e-02 -2.0110e-02 -9.7863e-03 -4.6911e-03 2.7044e-02 9.0696e-04 4.1375e-03 3.3414e-03 1.3311e-02 -5.2044e-02 1.2909e-03 -7.1599e-03
-4.2285e-01 -5.5984e-01 6.7697e-01 7.1736e-01 6.7697e-01 7.0851e-01 7.0508e-01 7.0508e-01 7.0508e-01 7.0508e-01 7.1736e-01 7.1736e-01 7.0953e-01 7.1736e-01 7.0508e-01 7.0508e-01 7.0508e-01 7.0508e-01 7.1736e-01 7.0508e-01 7.0508e-01 7.2605e-01 7.3497e-01 7.3497e-01 7.2606e-01 5.8063e-01 6.4775e-01 7.3929e-01 9.9271e-01 9.9263e-01 9.9263e-01 9.8525e-01 9.9263e-01 9.8525e-01 1.0000e+00 1.0000e+00 1.0000e+00 9.1989e-01 9.9264e-01 9.8910e-01 9.8525e-01 1.0000e+00 1.0000e+00 9.9271e-01 9.9271e-01 9.6136e-01 9.5922e-01 9.5541e-01 9.3651e-01 9.2616e-01 9.2942e-01 -2.8245e-01 -1.9286e-01 2.3038e-01 2.8784e-01 9.9126e-02 1.2858e-01 -2.3715e-03 -3.5788e-02 1.2595e-02 -2.9969e-02 -3.6899e-02 -2.5004e-02 -2.7757e-02 -2.7757e-02 -2.7757e-02 -1.5511e-02 -8.2229e-03 3.1655e-02 3.6023e-03 -6.4361e-04 -1.5532e-03 1.8950e-02 -5.5406e-02 -4.4899e-04 -1.1464e-02
-4.2285e-01 -5.5984e-01 6.7697e-01 7.1736e-01 6.7697e-01 7.0851e-01 7.0508e-01 7.0508e-01 7.0508e-01 7.0508e-01 7.1736e-01 7.1736e-01 7.0953e-01 7.1736e-01 7.0508e-01 7.0508e-01 7.0508e-01 7.0508e-01 7.1736e-01 7.0508e-01 7.0508e-01 7.2605e-01 7.3497e-01 7.3497e-01 7.2606e-01 5.8063e-01 6.4775e-01 7.3929e-01 9.9271e-01 9.9263e-01 9.9263e-01 9.8525e-01 9.9263e-01 9.8525e-01 1.0000e+00 1.0000e+00 1.0000e+00 9.1989e-01 9.9264e-01 9.8910e-01 9.8525e-01 1.0000e+00 1.0000e+00 9.9271e-01 9.9271e-01 9.6136e-01 9.5922e-01 9.5541e-01 9.3651e-01 9.2616e-01 9.2942e-01 -2.8245e-01 -1.9286e-01 2.3038e-01 2.8784e-01 9.9126e-02 1.2858e-01 -2.3715e-03 -3.5788e-02 1.2595e-02 -2.9969e-02 -3.6899e-02 -2.5004e-02 -2.7757e-02 -2.7757e-02 -2.7757e-02 -1.5511e-02 -8.2229e-03 3.1655e-02 3.6023e-03 -6.4361e-04 -1.5532e-03 1.8950e-02 -5.5406e-02 -4.4899e-04 -1.1464e-02
-4.2285e-01 -5.5984e-01 6.7697e-01 7.1736e-01 6.7697e-01 7.0851e-01 7.0508e-01 7.0508e-01 7.0508e-01 7.0508e-01 7.1736e-01 7.1736e-01 7.0953e-01 7.1736e-01 7.0508e-01 7.0508e-01 7.0508e-01 7.0508e-01 7.1736e-01 7.0508e-01 7.0508e-01 7.2605e-01 7.3497e-01 7.3497e-01 7.2606e-01 5.8063e-01 6.4775e-01 7.3929e-01 9.9271e-01 9.9263e-01 9.9263e-01 9.8525e-01 9.9263e-01 9.8525e-01 1.0000e+00 1.0000e+00 1.0000e+00 9.1989e-01 9.9264e-01 9.8910e-01 9.8525e-01 1.0000e+00 1.0000e+00 9.9271e-01 9.9271e-01 9.6136e-01 9.5922e-01 9.5541e-01 9.3651e-01 9.2616e-01 9.2942e-01 -2.8245e-01 -1.9286e-01 2.3038e-01 2.8784e-01 9.9126e-02 1.2858e-01 -2.3715e-03 -3.5788e-02 1.2595e-02 -2.9969e-02 -3.6899e-02 -2.5004e-02 -2.7757e-02 -2.7757e-02 -2.7757e-02 -1.5511e-02 -8.2229e-03 3.1655e-02 3.6023e-03 -6.4361e-04 -1.5532e-03 1.8950e-02 -5.5406e-02 -4.4899e-04 -1.1464e-02
-3.9669e-01 -5.1848e-01 6.2055e-01 6.5778e-01 6.2055e-01 6.4962e-01 6.4561e-01 6.4561e-01 6.4561e-01 6.4561e-01 6.5778e-01 6.5778e-01 6.4971e-01 6.5778e-01 6.4561e-01 6.4561e-01 6.4561e-01 6.4561e-01 6.5778e-01 6.4561e-01 6.4561e-01 6.6624e-01 6.7490e-01 6.7490e-01 6.6602e-01 5.2393e-01 5.8994e-01 6.7888e-01 9.1279e-01 9.1311e-01 9.1311e-01 9.0632e-01 9.1311e-01 9.0632e-01 9.1989e-01 9.1989e-01 9.1989e-01 1.0000e+00 9.1293e-01 9.0928e-01 9.0632e-01 9.1989e-01 9.1989e-01 9.1279e-01 9.1279e-01 8.8222e-01 8.8238e-01 8.7867e-01 8.6087e-01 8.4871e-01 8.5188e-01 -3.0725e-01 -1.9954e-01 2.3522e-01 2.5448e-01 8.0234e-02 1.1788e-01 5.4443e-03 -3.9998e-02 2.0689e-02 -3.1906e-02 -3.1545e-02 4.0307e-03 -1.1620e-02 -1.1620e-02 -1.1620e-02 1.3588e-02 4.2467e-03 4.0863e-02 2.9332e-02 2.1231e-02 1.8859e-02 1.9915e-02 -5.0395e-02 6.2132e-03 -2.5421e-02
-4.2285e-01 -5.5390e-01 6.7697e-01 7.1736e-01 6.7697e-01 7.0851e-01 7.0508e-01 7.0508e-01 7.0508e-01 7.0508e-01 7.1736e-01 7.1736e-01 7.0953e-01 7.1736e-01 7.0508e-01 7.0508e-01 7.0508e-01 7.0508e-01 7.1736e-01 7.0508e-01 7.0508e-01 7.2605e-01 7.3497e-01 7.3497e-01 7.2606e-01 5.8063e-01 6.4775e-01 7.3929e-01 9.8538e-01 9.8524e-01 9.8524e-01 9.7781e-01 9.8524e-01 9.7781e-01 9.9264e-01 9.9264e-01 9.9264e-01 9.1293e-01 1.0000e+00 9.8180e-01 9.7781e-01 9.9264e-01 9.9264e-01 9.8538e-01 9.8538e-01 9.5419e-01 9.5165e-01 9.4785e-01 9.2893e-01 9.1903e-01 9.2227e-01 -2.7679e-01 -1.8599e-01 2.2409e-01 2.9552e-01 9.9126e-02 1.1966e-01 -1.0542e-02 -4.2021e-02 4.2809e-03 -3.6370e-02 -4.4534e-02 -2.5004e-02 -2.7757e-02 -2.7757e-02 -2.7757e-02 -1.5511e-02 -8.2229e-03 3.7590e-02 9.1776e-03 6.7141e-03 5.6806e-03 1.2439e-02 -4.6906e-02 -4.4899e-04 -1.1464e-02
-4.2163e-01 -5.5640e-01 6.6930e-01 7.0927e-01 6.6930e-01 7.0051e-01 6.9700e-01 6.9700e-01 6.9700e-01 6.9700e-01 7.0927e-01 7.0927e-01 7.0141e-01 7.0927e-01 6.9700e-01 6.9700e-01 6.9700e-01 6.9700e-01 7.0927e-01 6.9700e-01 6.9700e-01 7.1792e-01 7.2680e-01 7.2680e-01 7.1790e-01 5.7297e-01 6.3991e-01 7.3108e-01 9.8184e-01 9.8182e-01 9.8182e-01 9.7451e-01 9.8182e-01 9.7451e-01 9.8910e-01 9.8910e-01 9.8910e-01 9.0928e-01 9.8180e-01 1.0000e+00 9.7451e-01 9.8910e-01 9.8910e-01 9.8184e-01 9.8184e-01 9.5061e-01 9.4877e-01 9.4497e-01 9.2622e-01 9.1565e-01 9.1889e-01 -2.8629e-01 -1.9536e-01 2.2702e-01 2.8240e-01 9.3568e-02 1.2491e-01 -5.4014e-03 -4.0193e-02 9.5242e-03 -3.4182e-02 -3.9972e-02 -2.9192e-02 -2.7749e-02 -2.7749e-02 -2.7749e-02 -1.9731e-02 -7.9993e-03 2.6222e-02 -2.7121e-03 -4.1672e-03 -5.1605e-03 1.6645e-02 -4.9454e-02 -1.7313e-03 -1.8683e-02
-4.2028e-01 -5.4862e-01 6.7836e-01 7.0211e-01 6.7836e-01 7.1063e-01 6.8169e-01 6.8169e-01 6.8169e-01 6.8169e-01 7.0211e-01 7.0211e-01 6.8634e-01 7.0211e-01 6.8169e-01 6.8169e-01 6.8169e-01 6.8169e-01 7.0211e-01 6.8169e-01 6.8169e-01 7.1063e-01 7.1938e-01 7.1938e-01 7.0211e-01 5.6055e-01 6.3382e-01 7.1498e-01 9.7806e-01 9.9256e-01 9.9256e-01 1.0000e+00 9.9256e-01 1.0000e+00 9.8525e-01 9.8525e-01 9.8525e-01 9.0632e-01 9.7781e-01 9.7451e-01 1.0000e+00 9.8525e-01 9.8525e-01 9.7806e-01 9.7806e-01 9.4717e-01 9.7359e-01 9.6975e-01 9.5064e-01 9.1899e-01 9.2221e-01 -2.8302e-01 -1.9644e-01 2.3287e-01 2.8752e-01 1.0049e-01 1.2457e-01 -1.4768e-02 -4.2412e-02 -3.3394e-05 -3.7191e-02 -4.8161e-02 -1.9326e-02 -2.0110e-02 -2.0110e-02 -2.0110e-02 -9.7863e-03 -4.6911e-03 2.7044e-02 9.0696e-04 4.1375e-03 3.3414e-03 1.3311e-02 -5.2044e-02 1.2909e-03 -7.1599e-03
-4.2285e-01 -5.5984e-01 6.7697e-01 7.1736e-01 6.7697e-01 7.0851e-01 7.0508e-01 7.0508e-01 7.0508e-01 7.0508e-01 7.1736e-01 7.1736e-01 7.0953e-01 7.1736e-01 7.0508e-01 7.0508e-01 7.0508e-01 7.0508e-01 7.1736e-01 7.0508e-01 7.0508e-01 7.2605e-01 7.3497e-01 7.3497e-01 7.2606e-01 5.8063e-01 6.4775e-01 7.3929e-01 9.9271e-01 9.9263e-01 9.9263e-01 9.8525e-01 9.9263e-01 9.8525e-01 1.0000e+00 1.0000e+00 1.0000e+00 9.1989e-01 9.9264e-01 9.8910e-01 9.8525e-01 1.0000e+00 1.0000e+00 9.9271e-01 9.9271e-01 9.6136e-01 9.5922e-01 9.5541e-01 9.3651e-01 9.2616e-01 9.2942e-01 -2.8245e-01 -1.9286e-01 2.3038e-01 2.8784e-01 9.9126e-02 1.2858e-01 -2.3715e-03 -3.5788e-02 1.2595e-02 -2.9969e-02 -3.6899e-02 -2.5004e-02 -2.7757e-02 -2.7757e-02 -2.7757e-02 -1.5511e-02 -8.2229e-03 3.1655e-02 3.6023e-03 -6.4361e-04 -1.5532e-03 1.8950e-02 -5.5406e-02 -4.4899e-04 -1.1464e-02
-4.2285e-01 -5.5984e-01 6.7697e-01 7.1736e-01 6.7697e-01 7.0851e-01 7.0508e-01 7.0508e-01 7.0508e-01 7.0508e-01 7.1736e-01 7.1736e-01 7.0953e-01 7.1736e-01 7.0508e-01 7.0508e-01 7.0508e-01 7.0508e-01 7.1736e-01 7.0508e-01 7.0508e-01 7.2605e-01 7.3497e-01 7.3497e-01 7.2606e-01 5.8063e-01 6.4775e-01 7.3929e-01 9.9271e-01 9.9263e-01 9.9263e-01 9.8525e-01 9.9263e-01 9.8525e-01 1.0000e+00 1.0000e+00 1.0000e+00 9.1989e-01 9.9264e-01 9.8910e-01 9.8525e-01 1.0000e+00 1.0000e+00 9.9271e-01 9.9271e-01 9.6136e-01 9.5922e-01 9.5541e-01 9.3651e-01 9.2616e-01 9.2942e-01 -2.8245e-01 -1.9286e-01 2.3038e-01 2.8784e-01 9.9126e-02 1.2858e-01 -2.3715e-03 -3.5788e-02 1.2595e-02 -2.9969e-02 -3.6899e-02 -2.5004e-02 -2.7757e-02 -2.7757e-02 -2.7757e-02 -1.5511e-02 -8.2229e-03 3.1655e-02 3.6023e-03 -6.4361e-04 -1.5532e-03 1.8950e-02 -5.5406e-02 -4.4899e-04 -1.1464e-02
-4.3051e-01 -5.6541e-01 6.7184e-01 7.1194e-01 6.7184e-01 7.0315e-01 6.9967e-01 6.9967e-01 6.9967e-01 6.9967e-01 7.1194e-01 7.1194e-01 7.0409e-01 7.1194e-01 6.9967e-01 6.9967e-01 6.9967e-01 6.9967e-01 7.1194e-01 6.9967e-01 6.9967e-01 7.2061e-01 7.2950e-01 7.2950e-01 7.2060e-01 5.7551e-01 6.4250e-01 7.3379e-01 1.0000e+00 9.8539e-01 9.8539e-01 9.7806e-01 9.8539e-01 9.7806e-01 9.9271e-01 9.9271e-01 9.9271e-01 9.1279e-01 9.8538e-01 9.8184e-01 9.7806e-01 9.9271e-01 9.9271e-01 1.0000e+00 1.0000e+00 9.6842e-01 9.5222e-01 9.4842e-01 9.2962e-01 9.3332e-01 9.3660e-01 -2.8502e-01 -1.9453e-01 2.2604e-01 2.8420e-01 9.5410e-02 1.2613e-01 -4.3964e-03 -3.2529e-02 1.0543e-02 -2.6415e-02 -3.1355e-02 -2.7802e-02 -3.1525e-02 -3.1525e-02 -3.1525e-02 -1.8331e-02 -4.2940e-03 3.3929e-02 4.9301e-03 -2.9984e-03 -3.9639e-03 2.1729e-02 -5.7066e-02 -1.3060e-03 -1.6288e-02
-4.3051e-01 -5.6541e-01 6.7184e-01 7.1194e-01 6.7184e-01 7.0315e-01 6.9967e-01 6.9967e-01 6.9967e-01 6.9967e-01 7.1194e-01 7.1194e-01 7.0409e-01 7.1194e-01 6.9967e-01 6.9967e-01 6.9967e-01 6.9967e-01 7.1194e-01 6.9967e-01 6.9967e-01 7.2061e-01 7.2950e-01 7.2950e-01 7.2060e-01 5.7551e-01 6.4250e-01 7.3379e-01 1.0000e+00 9.8539e-01 9.8539e-01 9.7806e-01 9.8539e-01 9.7806e-01 9.9271e-01 9.9271e-01 9.9271e-01 9.1279e-01 9.8538e-01 9.8184e-01 9.7806e-01 9.9271e-01 9.9271e-01 1.0000e+00 1.0000e+00 9.6842e-01 9.5222e-01 9.4842e-01 9.2962e-01 9.3332e-01 9.3660e-01 -2.8502e-01 -1.9453e-01 2.2604e-01 2.8420e-01 9.5410e-02 1.2613e-01 -4.3964e-03 -3.2529e-02 1.0543e-02 -2.6415e-02 -3.1355e-02 -2.7802e-02 -3.1525e-02 -3.1525e-02 -3.1525e-02 -1.8331e-02 -4.2940e-03 3.3929e-02 4.9301e-03 -2.9984e-03 -3.9639e-03 2.1729e-02 -5.7066e-02 -1.3060e-03 -1.6288e-02
-4.1456e-01 -5.5551e-01 6.4978e-01 6.8865e-01 6.4978e-01 6.8013e-01 6.9304e-01 6.9304e-01 6.9304e-01 6.9304e-01 6.8865e-01 6.8865e-01 6.9727e-01 6.8865e-01 6.9304e-01 6.9304e-01 6.9304e-01 6.9304e-01 6.8865e-01 6.9304e-01 6.9304e-01 7.1431e-01 7.0601e-01 7.0601e-01 7.1407e-01 5.5339e-01 6.1993e-01 7.2732e-01 9.6842e-01 9.5428e-01 9.5428e-01 9.4717e-01 9.5428e-01 9.4717e-01 9.6136e-01 9.6136e-01 9.6136e-01 8.8222e-01 9.5419e-01 9.5061e-01 9.4717e-01 9.6136e-01 9.6136e-01 9.6842e-01 9.6842e-01 1.0000e+00 9.2216e-01 9.1839e-01 9.0003e-01 9.6528e-01 9.6866e-01 -2.9643e-01 -2.0197e-01 1.8573e-01 2.6843e-01 9.7101e-02 1.2415e-01 -1.3275e-02 -3.3441e-02 1.5536e-03 -3.2675e-02 -3.3103e-02 -2.1239e-02 -2.5896e-02 -2.5896e-02 -2.5896e-02 -1.1770e-02 -3.7235e-03 2.9466e-02 2.6073e-03 1.0116e-03 -4.4125e-04 1.4897e-02 -3.9542e-02 -5.0631e-03 -3.2151e-02
