1.0000e+00 -2.1104e-01 -5.5558e-01 -6.3794e-01 5.5813e-01 6.2987e-01 6.2786e-01 -3.7307e-01 -3.7307e-01 -2.8785e-01 9.1096e-02 3.8655e-01 6.6357e-02 7.5824e-02 1.1632e-01 1.0391e-01 -3.5546e-03 1.0008e-01 -5.5946e-02 -2.3467e-02 -2.3467e-02 -2.1569e-02 -5.6848e-03 -3.8028e-03 -4.5958e-02 -4.5958e-02 -4.5958e-02 -4.9536e-02 -1.7367e-02 -4.8375e-02 -4.5958e-02 -4.5958e-02 -4.5958e-02 -4.5958e-02 -4.5958e-02 -4.5958e-02 5.8256e-02 -4.4899e-02 1.0700e-02 -7.7277e-03 -9.9260e-03 -6.1993e-02 -6.1993e-02 -6.1993e-02 -6.1993e-02 -6.1993e-02 4.1681e-02 -5.9243e-02 -5.9243e-02 4.7981e-02 -5.9243e-02 -1.7437e-02 -1.9871e-02 -1.9456e-02 1.8029e-02 -4.9658e-03 -1.9456e-02 -1.9682e-02 5.4618e-03 5.4618e-03 -5.4618e-03 -5.4618e-03 -5.4618e-03 -1.6044e-02 -5.4618e-03 -5.4618e-03 -1.1837e-02 -5.4618e-03 -5.4618e-03 -1.6044e-02 -1.3019e-02 -2.0659e-02 1.3888e-02 9.5590e-03 -8.1076e-03 -3.1004e-02 -4.8943e-02 -3.6902e-02
-2.1104e-01 1.0000e+00 2.3210e-01 3.4831e-01 -2.3161e-01 -3.4409e-01 -3.4339e-01 -7.2764e-02 -7.2764e-02 -4.5094e-02 -1.1954e-01 -1.4477e-01 4.4129e-02 3.2757e-02 -4.3434e-02 -3.6732e-02 -3.6650e-02 1.8661e-02 2.6568e-02 2.8343e-02 2.8343e-02 2.7708e-02 2.5176e-02 2.4545e-02 2.4939e-02 2.4939e-02 2.4939e-02 6.4109e-03 -8.8893e-03 2.5751e-02 2.4939e-02 2.4939e-02 2.4939e-02 2.4939e-02 2.4939e-02 2.4939e-02 4.3255e-02 7.6134e-02 1.5201e-02 3.2167e-02 3.1565e-02 2.3469e-02 2.3469e-02 2.3469e-02 2.3469e-02 2.3469e-02 -2.4420e-02 2.2558e-02 2.2558e-02 3.1039e-02 2.2558e-02 2.7060e-02 1.8279e-02 1.9940e-02 4.0935e-02 3.3842e-02 1.9940e-02 3.8545e-02 -4.2043e-02 -4.2043e-02 4.2043e-02 4.2043e-02 4.2043e-02 2.1331e-02 4.2043e-02 4.2043e-02 1.9910e-02 4.2043e-02 4.2043e-02 2.1331e-02 4.1245e-02 2.1331e-02 6.6178e-02 -2.7311e-03 1.6353e-02 2.9614e-03 4.5263e-02 3.5723e-02
-5.5558e-01 2.3210e-01 1.0000e+00 6.6636e-01 -9.8519e-01 -6.6211e-01 -6.5520e-01 4.0408e-01 4.0408e-01 2.9790e-01 2.0364e-01 -7.2636e-01 -1.8137e-01 -1.8984e-01 -2.2438e-01 -2.0705e-01 2.8185e-02 -1.4621e-01 -1.9761e-02 -4.4482e-02 -4.4482e-02 -4.7116e-02 -4.4822e-02 -4.3185e-02 -2.0966e-02 -2.0966e-02 -2.0966e-02 -1.4682e-02 -9.9104e-03 -1.7729e-02 -2.0966e-02 -2.0966e-02 -2.0966e-02 -2.0966e-02 -2.0966e-02 -2.0966e-02 -2.7660e-02 4.9573e-02 3.7317e-02 2.3107e-02 2.4660e-02 9.0121e-02 9.0121e-02 9.0121e-02 9.0121e-02 9.0121e-02 6.6980e-03 8.6229e-02 8.6229e-02 3.0580e-03 8.6229e-02 4.7302e-02 4.5358e-02 5.7819e-02 -2.5122e-03 2.5722e-02 5.7819e-02 3.0573e-03 -4.5646e-02 -4.5646e-02 4.5646e-02 4.5646e-02 4.5646e-02 4.1748e-02 3.0564e-02 3.0564e-02 3.5757e-02 3.0564e-02 3.0564e-02 4.1748e-02 3.2407e-02 4.1748e-02 3.2638e-02 -1.5234e-02 2.2089e-02 -1.1846e-02 -7.2469e-03 -5.8375e-03
-6.3794e-01 3.4831e-01 6.6636e-01 1.0000e+00 -6.6080e-01 -9.8381e-01 -9.7774e-01 5.4738e-01 5.4738e-01 4.0032e-01 1.9140e-02 -4.7787e-01 -1.1256e-01 -1.2317e-01 -1.6209e-01 -1.5423e-01 2.7614e-02 -1.2736e-01 1.2553e-02 5.1815e-02 5.1815e-02 5.0009e-02 5.1187e-02 4.9389e-02 2.9764e-03 2.9764e-03 2.9764e-03 1.2027e-02 9.7086e-03 5.1680e-03 2.9764e-03 2.9764e-03 2.9764e-03 2.9764e-03 2.9764e-03 2.9764e-03 1.1458e-02 1.9364e-02 -2.9519e-02 2.9605e-02 3.1936e-02 5.2664e-02 5.2664e-02 5.2664e-02 5.2664e-02 5.2664e-02 -8.3513e-02 5.0092e-02 5.0092e-02 -4.0464e-02 5.0092e-02 2.3896e-02 2.0871e-02 2.5494e-02 -4.3961e-02 -4.5021e-02 2.5494e-02 6.8287e-03 -7.0926e-03 -7.0926e-03 7.0926e-03 7.0926e-03 7.0926e-03 -9.4814e-03 7.0926e-03 7.0926e-03 -1.3375e-02 7.0926e-03 7.0926e-03 -9.4814e-03 9.9253e-03 -9.4814e-03 1.5515e-02 -1.2481e-02 1.4034e-02 1.4540e-02 4.0385e-02 2.0243e-02
5.5813e-01 -2.3161e-01 -9.8519e-01 -6.6080e-01 1.0000e+00 6.6897e-01 6.6205e-01 -3.9846e-01 -3.9846e-01 -2.9701e-01 -2.0273e-01 7.3254e-01 1.8204e-01 1.9050e-01 2.3374e-01 2.1690e-01 -2.7947e-02 1.3936e-01 1.5464e-02 4.1751e-02 4.1751e-02 4.4393e-02 4.2121e-02 4.4756e-02 2.1960e-02 2.1960e-02 2.1960e-02 1.5750e-02 1.1083e-02 1.8719e-02 2.1960e-02 2.1960e-02 2.1960e-02 2.1960e-02 2.1960e-02 2.1960e-02 2.1760e-02 -4.9155e-02 -3.6546e-02 -2.9530e-02 -3.1078e-02 -9.5187e-02 -9.5187e-02 -9.5187e-02 -9.5187e-02 -9.5187e-02 -1.0602e-02 -9.1273e-02 -9.1273e-02 -2.2110e-03 -9.1273e-02 -5.1812e-02 -4.9883e-02 -6.2383e-02 -2.9078e-03 -3.0755e-02 -6.2383e-02 -2.8432e-03 5.4670e-02 5.4670e-02 -5.4670e-02 -5.4670e-02 -5.4670e-02 -5.0069e-02 -3.9580e-02 -3.9580e-02 -4.4043e-02 -3.9580e-02 -3.9580e-02 -5.0069e-02 -4.1403e-02 -5.0069e-02 -2.6453e-02 1.5576e-02 -2.0251e-02 1.3883e-02 8.2979e-03 6.7459e-03
6.2987e-01 -3.4409e-01 -6.6211e-01 -9.8381e-01 6.6897e-01 1.0000e+00 9.9391e-01 -5.4742e-01 -5.4742e-01 -3.9838e-01 -1.3158e-02 4.8565e-01 1.0790e-01 1.1834e-01 1.6481e-01 1.5677e-01 -4.2656e-02 1.3069e-01 -6.7895e-03 -4.2743e-02 -4.2743e-02 -4.0921e-02 -4.2019e-02 -4.4382e-02 -2.3461e-03 -2.3461e-03 -2.3461e-03 -1.0703e-02 -7.5075e-03 -4.5632e-03 -2.3461e-03 -2.3461e-03 -2.3461e-03 -2.3461e-03 -2.3461e-03 -2.3461e-03 -5.5573e-03 -1.6721e-02 3.4108e-02 -3.0853e-02 -3.3155e-02 -5.9114e-02 -5.9114e-02 -5.9114e-02 -5.9114e-02 -5.9114e-02 8.4825e-02 -5.6493e-02 -5.6493e-02 4.5376e-02 -5.6493e-02 -2.8963e-02 -2.5987e-02 -3.0689e-02 4.8441e-02 4.9866e-02 -3.0689e-02 -5.5490e-03 5.7774e-03 5.7774e-03 -5.7774e-03 -5.7774e-03 -5.7774e-03 1.1771e-02 -5.7774e-03 -5.7774e-03 1.5707e-02 -5.7774e-03 -5.7774e-03 1.1771e-02 -8.5778e-03 1.1771e-02 -1.4687e-02 1.4422e-02 -1.1222e-02 -1.4633e-02 -3.4159e-02 -1.4887e-02
6.2786e-01 -3.4339e-01 -6.5520e-01 -9.7774e-01 6.6205e-01 9.9391e-01 1.0000e+00 -5.4596e-01 -5.4596e-01 -3.9723e-01 -1.7224e-02 4.8695e-01 1.0843e-01 1.1886e-01 1.6526e-01 1.5719e-01 -4.2396e-02 1.3125e-01 -5.8311e-03 -4.1235e-02 -4.1235e-02 -3.9410e-02 -4.0495e-02 -4.2854e-02 -1.3826e-03 -1.3826e-03 -1.3826e-03 -4.7380e-03 -1.6906e-03 -3.6023e-03 -1.3826e-03 -1.3826e-03 -1.3826e-03 -1.3826e-03 -1.3826e-03 -1.3826e-03 -1.1345e-02 -1.6281e-02 3.4872e-02 -2.5001e-02 -2.7300e-02 -5.2542e-02 -5.2542e-02 -5.2542e-02 -5.2542e-02 -5.2542e-02 8.5857e-02 -4.9935e-02 -4.9935e-02 4.6194e-02 -4.9935e-02 -2.2727e-02 -1.9742e-02 -2.4425e-02 4.9187e-02 5.0672e-02 -2.4425e-02 -5.3363e-03 4.7380e-03 4.7380e-03 -4.7380e-03 -4.7380e-03 -4.7380e-03 1.2926e-02 -4.7380e-03 -4.7380e-03 1.6867e-02 -4.7380e-03 -4.7380e-03 1.2926e-02 -7.5346e-03 1.2926e-02 -8.6116e-03 1.4745e-02 -9.4086e-03 -1.6657e-02 -3.8082e-02 -1.9433e-02
-3.7307e-01 -7.2764e-02 4.0408e-01 5.4738e-01 -3.9846e-01 -5.4742e-01 -5.4596e-01 1.0000e+00 1.0000e+00 7.7697e-01 -2.5266e-01 -3.8971e-01 -1.7081e-01 -1.6800e-01 -1.5188e-01 -1.4089e-01 6.4552e-02 -1.2693e-01 5.7720e-02 9.2749e-02 9.2749e-02 9.1353e-02 7.2171e-02 7.5330e-02 4.8594e-02 4.8594e-02 4.8594e-02 1.4026e-02 4.8814e-02 4.4736e-02 4.8594e-02 4.8594e-02 4.8594e-02 4.8594e-02 4.8594e-02 4.8594e-02 -5.7654e-02 -2.3643e-02 -3.4143e-02 -2.2429e-02 -1.9328e-02 2.8840e-02 2.8840e-02 2.8840e-02 2.8840e-02 2.8840e-02 -5.8998e-02 2.6929e-02 2.6929e-02 -3.8612e-02 2.6929e-02 -6.9026e-03 -1.0998e-02 -7.6316e-03 -6.6386e-02 -5.8360e-02 -7.6316e-03 -4.6914e-02 -1.4026e-02 -1.4026e-02 1.4026e-02 1.4026e-02 1.4026e-02 1.0824e-02 1.4026e-02 8.6769e-03 2.8087e-03 8.6769e-03 8.6769e-03 1.0824e-02 1.2430e-02 1.0824e-02 1.0607e-02 -2.2685e-02 1.8862e-02 1.9507e-02 2.0464e-02 2.2119e-02
-3.7307e-01 -7.2764e-02 4.0408e-01 5.4738e-01 -3.9846e-01 -5.4742e-01 -5.4596e-01 1.0000e+00 1.0000e+00 7.7697e-01 -2.5266e-01 -3.8971e-01 -1.7081e-01 -1.6800e-01 -1.5188e-01 -1.4089e-01 6.4552e-02 -1.2693e-01 5.7720e-02 9.2749e-02 9.2749e-02 9.1353e-02 7.2171e-02 7.5330e-02 4.8594e-02 4.8594e-02 4.8594e-02 1.4026e-02 4.8814e-02 4.4736e-02 4.8594e-02 4.8594e-02 4.8594e-02 4.8594e-02 4.8594e-02 4.8594e-02 -5.7654e-02 -2.3643e-02 -3.4143e-02 -2.2429e-02 -1.9328e-02 2.8840e-02 2.8840e-02 2.8840e-02 2.8840e-02 2.8840e-02 -5.8998e-02 2.6929e-02 2.6929e-02 -3.8612e-02 2.6929e-02 -6.9026e-03 -1.0998e-02 -7.6316e-03 -6.6386e-02 -5.8360e-02 -7.6316e-03 -4.6914e-02 -1.4026e-02 -1.4026e-02 1.4026e-02 1.4026e-02 1.4026e-02 1.0824e-02 1.4026e-02 8.6769e-03 2.8087e-03 8.6769e-03 8.6769e-03 1.0824e-02 1.2430e-02 1.0824e-02 1.0607e-02 -2.2685e-02 1.8862e-02 1.9507e-02 2.0464e-02 2.2119e-02
-2.8785e-01 -4.5094e-02 2.9790e-01 4.0032e-01 -2.9701e-01 -3.9838e-01 -3.9723e-01 7.7697e-01 7.7697e-01 1.0000e+00 -2.5270e-01 -3.6234e-01 -1.4218e-01 -1.4004e-01 -1.2782e-01 -1.1956e-01 9.8733e-02 -1.0651e-01 -9.8725e-02 2.1302e-03 2.1302e-03 1.0670e-03 -8.2718e-03 -9.3256e-03 -1.0093e-01 -1.0093e-01 -1.0093e-01 -1.2042e-01 -8.6121e-02 -9.9830e-02 -1.0093e-01 -1.0093e-01 -1.0093e-01 -1.0093e-01 -1.0093e-01 -1.0093e-01 -3.5094e-02 -5.1548e-02 -2.1971e-02 3.5423e-03 2.5178e-03 -2.7401e-02 -2.7401e-02 -2.7401e-02 -2.7401e-02 -2.7401e-02 -3.1462e-02 -2.8771e-02 -2.8771e-02 -3.8427e-02 -2.8771e-02 -4.6314e-02 -5.1564e-02 -4.9092e-02 -7.5333e-02 -5.5385e-02 -4.9092e-02 -3.0282e-02 -2.3769e-02 -2.3769e-02 2.3769e-02 2.3769e-02 2.3769e-02 3.3146e-02 2.3769e-02 1.7761e-02 2.5065e-02 1.7761e-02 1.7761e-02 2.7484e-02 2.2482e-02 3.3146e-02 -1.8890e-03 -3.7085e-02 1.1347e-02 1.7342e-02 1.6863e-02 1.9425e-02
9.1096e-02 -1.1954e-01 2.0364e-01 1.9140e-02 -2.0273e-01 -1.3158e-02 -1.7224e-02 -2.5266e-01 -2.5266e-01 -2.5270e-01 1.0000e+00 -3.5415e-01 -9.8140e-02 -9.5570e-02 -8.0528e-02 -6.9953e-02 -1.9374e-02 -9.9995e-02 -1.7050e-01 -1.5321e-01 -1.5321e-01 -1.5413e-01 -1.3699e-01 -1.3793e-01 -1.6589e-01 -1.6589e-01 -1.6589e-01 -1.6286e-01 -1.6419e-01 -1.6497e-01 -1.6589e-01 -1.6589e-01 -1.6589e-01 -1.6589e-01 -1.6589e-01 -1.6589e-01 -6.0133e-03 1.3557e-01 1.2353e-01 -9.7022e-03 -1.0687e-02 -6.5794e-02 -6.5794e-02 -6.5794e-02 -6.5794e-02 -6.5794e-02 6.8765e-02 -5.9870e-02 -5.9870e-02 1.0080e-01 -5.9870e-02 -5.3471e-02 -5.2293e-02 -4.3255e-02 9.3280e-02 7.0103e-02 -4.3255e-02 2.0376e-02 -5.8258e-02 -5.8258e-02 5.8258e-02 5.8258e-02 5.8258e-02 2.2274e-02 5.2116e-02 5.2116e-02 1.9954e-02 5.2116e-02 5.2116e-02 2.2274e-02 5.0825e-02 2.2274e-02 -4.4381e-02 -1.4437e-03 -1.5972e-03 -1.7640e-02 -4.5252e-03 1.9562e-02
3.8655e-01 -1.4477e-01 -7.2636e-01 -4.7787e-01 7.3254e-01 4.8565e-01 4.8695e-01 -3.8971e-01 -3.8971e-01 -3.6234e-01 -3.5415e-01 1.0000e+00 2.5662e-01 2.6559e-01 3.1207e-01 2.8740e-01 -3.6351e-02 2.2723e-01 7.9825e-02 1.0055e-01 1.0055e-01 1.0337e-01 1.0155e-01 1.0001e-01 7.5837e-02 7.5837e-02 7.5837e-02 3.5650e-02 -1.2842e-02 7.7826e-02 7.5837e-02 7.5837e-02 7.5837e-02 7.5837e-02 7.5837e-02 7.5837e-02 3.6090e-02 -1.3179e-02 -6.3776e-02 -1.5375e-02 -1.6806e-02 -9.5597e-02 -9.5597e-02 -9.5597e-02 -9.5597e-02 -9.5597e-02 -2.6034e-02 -9.7353e-02 -9.7353e-02 -2.3610e-02 -9.7353e-02 -7.2978e-02 -7.1254e-02 -8.4545e-02 -5.2937e-03 -2.3694e-02 -8.4545e-02 5.2553e-03 5.6968e-02 5.6968e-02 -5.6968e-02 -5.6968e-02 -5.6968e-02 -5.0095e-02 -4.1532e-02 -3.6386e-02 -3.8741e-02 -3.6386e-02 -3.6386e-02 -5.0095e-02 -3.8070e-02 -5.0095e-02 -1.5703e-02 2.1297e-03 -5.5785e-03 1.5529e-02 2.7402e-02 1.2762e-02
6.6357e-02 4.4129e-02 -1.8137e-01 -1.1256e-01 1.8204e-01 1.0790e-01 1.0843e-01 -1.7081e-01 -1.7081e-01 -1.4218e-01 -9.8140e-02 2.5662e-01 1.0000e+00 9.8496e-01 8.9900e-01 8.4088e-01 -3.4159e-02 -2.5471e-02 -1.3034e-02 1.9565e-01 1.9565e-01 2.0300e-01 2.0823e-01 2.0754e-01 -1.4396e-02 -1.4396e-02 -1.4396e-02 -3.0002e-02 -3.2356e-02 -1.3716e-02 -1.4396e-02 -1.4396e-02 -1.4396e-02 -1.4396e-02 -1.4396e-02 -1.4396e-02 5.1729e-02 -6.0081e-02 -3.7984e-02 2.2223e-02 2.1663e-02 -8.0448e-02 -8.0448e-02 -8.0448e-02 -8.0448e-02 -8.0448e-02 -2.4358e-02 -8.1002e-02 -8.1002e-02 -4.9354e-02 -8.1002e-02 -8.6188e-02 -8.5654e-02 -8.4580e-02 -3.5159e-02 -3.6404e-02 -8.4580e-02 7.8880e-03 3.9457e-02 3.9457e-02 -3.9457e-02 -3.9457e-02 -3.9457e-02 -3.5327e-02 -3.9457e-02 -3.0002e-02 -2.7618e-02 -3.0002e-02 -3.0002e-02 -3.5327e-02 -3.0626e-02 -3.5327e-02 1.1270e-03 -2.0921e-02 1.3350e-02 -1.2666e-02 -1.7965e-02 -7.6999e-03
7.5824e-02 3.2757e-02 -1.8984e-01 -1.2317e-01 1.9050e-01 1.1834e-01 1.1886e-01 -1.6800e-01 -1.6800e-01 -1.4004e-01 -9.5570e-02 2.6559e-01 9.8496e-01 1.0000e+00 9.1272e-01 8.5372e-01 -3.3645e-02 -2.3493e-02 -9.4833e-03 2.0403e-01 2.0403e-01 2.1149e-01 2.1684e-01 2.1615e-01 -1.0839e-02 -1.0839e-02 -1.0839e-02 -2.6357e-02 -2.8334e-02 -1.0162e-02 -1.0839e-02 -1.0839e-02 -1.0839e-02 -1.0839e-02 -1.0839e-02 -1.0839e-02 4.5683e-02 -5.9177e-02 -3.5471e-02 2.1670e-02 2.1119e-02 -7.8308e-02 -7.8308e-02 -7.8308e-02 -7.8308e-02 -7.8308e-02 -3.0050e-02 -7.8857e-02 -7.8857e-02 -4.6769e-02 -7.8857e-02 -8.3744e-02 -8.3215e-02 -8.2152e-02 -3.2663e-02 -3.3687e-02 -8.2152e-02 8.8129e-03 3.5937e-02 3.5937e-02 -3.5937e-02 -3.5937e-02 -3.5937e-02 -3.1285e-02 -3.5937e-02 -2.6357e-02 -2.3451e-02 -2.6357e-02 -2.6357e-02 -3.1285e-02 -2.6977e-02 -3.1285e-02 4.9609e-03 -1.9922e-02 1.2713e-02 -1.2909e-02 -2.3858e-02 -4.3525e-03
1.1632e-01 -4.3434e-02 -2.2438e-01 -1.6209e-01 2.3374e-01 1.6481e-01 1.6526e-01 -1.5188e-01 -1.5188e-01 -1.2782e-01 -8.0528e-02 3.1207e-01 8.9900e-01 9.1272e-01 1.0000e+00 9.3535e-01 -3.0709e-02 -1.1669e-02 -6.4389e-02 1.7613e-01 1.7613e-01 1.7551e-01 1.8182e-01 1.8120e-01 -6.5397e-02 -6.5397e-02 -6.5397e-02 -7.7109e-02 -7.3107e-02 -6.4894e-02 -6.5397e-02 -6.5397e-02 -6.5397e-02 -6.5397e-02 -6.5397e-02 -6.5397e-02 7.7879e-02 -5.4013e-02 -3.3096e-02 4.8228e-02 4.7719e-02 -7.7859e-02 -7.7859e-02 -7.7859e-02 -7.7859e-02 -7.7859e-02 -1.8332e-02 -7.8341e-02 -7.8341e-02 -4.3371e-02 -7.8341e-02 -8.0590e-02 -8.0116e-02 -7.9166e-02 -1.7761e-02 -1.7459e-02 -7.9166e-02 1.4436e-02 2.5242e-02 2.5242e-02 -2.5242e-02 -2.5242e-02 -2.5242e-02 -1.6822e-02 -2.5242e-02 -1.4869e-02 -8.1709e-03 -1.4869e-02 -1.4869e-02 -1.6822e-02 -1.5451e-02 -1.6822e-02 2.8119e-02 -1.3994e-02 4.6762e-03 -1.0211e-02 -3.3416e-02 -1.8534e-02
1.0391e-01 -3.6732e-02 -2.0705e-01 -1.5423e-01 2.1690e-01 1.5677e-01 1.5719e-01 -1.4089e-01 -1.4089e-01 -1.1956e-01 -6.9953e-02 2.8740e-01 8.4088e-01 8.5372e-01 9.3535e-01 1.0000e+00 -2.8723e-02 -5.2587e-02 -7.6497e-02 1.8222e-01 1.8222e-01 1.8162e-01 1.7925e-01 1.7866e-01 -7.7373e-02 -7.7373e-02 -7.7373e-02 -8.7612e-02 -8.0598e-02 -7.6935e-02 -7.7373e-02 -7.7373e-02 -7.7373e-02 -7.7373e-02 -7.7373e-02 -7.7373e-02 9.1930e-02 -5.0521e-02 -2.3017e-02 5.2305e-02 5.1827e-02 -6.9783e-02 -6.9783e-02 -6.9783e-02 -6.9783e-02 -6.9783e-02 -3.5618e-02 -7.0244e-02 -7.0244e-02 -3.3027e-02 -7.0244e-02 -7.1155e-02 -7.0702e-02 -6.9794e-02 -6.9574e-03 -5.6836e-03 -6.9794e-02 1.8625e-02 2.1558e-02 2.1558e-02 -2.1558e-02 -2.1558e-02 -2.1558e-02 -1.0107e-02 -2.1558e-02 -2.1558e-02 -1.1151e-02 -2.1558e-02 -2.1558e-02 -1.0107e-02 -2.2089e-02 -1.0107e-02 4.5203e-02 -9.7320e-03 6.2101e-03 -1.5639e-02 -4.1590e-02 -1.7954e-02
-3.5546e-03 -3.6650e-02 2.8185e-02 2.7614e-02 -2.7947e-02 -4.2656e-02 -4.2396e-02 6.4552e-02 6.4552e-02 9.8733e-02 -1.9374e-02 -3.6351e-02 -3.4159e-02 -3.3645e-02 -3.0709e-02 -2.8723e-02 1.0000e+00 -3.6407e-02 -5.8595e-02 -9.1644e-02 -9.1644e-02 -9.1843e-02 -9.2639e-02 -9.2838e-02 -5.8981e-02 -5.8981e-02 -5.8981e-02 -6.3572e-02 -6.9995e-02 -5.8788e-02 -5.8981e-02 -5.8981e-02 -5.8981e-02 -5.8981e-02 -5.8981e-02 -5.8981e-02 -1.0979e-01 -2.6623e-02 9.9310e-02 2.1534e-02 2.1284e-02 4.3394e-02 4.3394e-02 4.3394e-02 4.3394e-02 4.3394e-02 5.4737e-02 4.2921e-02 4.2921e-02 8.8425e-02 4.2921e-02 3.0481e-02 3.0875e-02 3.1669e-02 -4.6554e-02 -5.0285e-02 3.1669e-02 -1.2936e-02 -9.7317e-02 -9.7317e-02 9.7317e-02 9.7317e-02 9.7317e-02 8.0697e-02 9.7317e-02 7.7206e-02 6.1016e-02 7.7206e-02 7.7206e-02 6.1742e-02 7.6774e-02 6.1742e-02 -3.9346e-02 -2.0039e-02 -4.4936e-02 4.2235e-02 -2.2306e-02 -9.8882e-03
1.0008e-01 1.8661e-02 -1.4621e-01 -1.2736e-01 1.3936e-01 1.3069e-01 1.3125e-01 -1.2693e-01 -1.2693e-01 -1.0651e-01 -9.9995e-02 2.2723e-01 -2.5471e-02 -2.3493e-02 -1.1669e-02 -5.2587e-02 -3.6407e-02 1.0000e+00 6.0251e-01 3.8964e-01 3.8964e-01 3.8878e-01 3.8539e-01 3.8455e-01 5.9852e-01 5.9852e-01 5.9852e-01 5.5477e-01 5.0313e-01 6.0051e-01 5.9852e-01 5.9852e-01 5.9852e-01 5.9852e-01 5.9852e-01 5.9852e-01 1.7336e-01 -6.4035e-02 -4.8651e-02 6.5024e-02 6.4419e-02 -7.9222e-02 -7.9222e-02 -7.9222e-02 -7.9222e-02 -7.9222e-02 9.2640e-02 -7.9832e-02 -7.9832e-02 6.3752e-02 -7.9832e-02 -1.9415e-02 -1.8680e-02 -2.6926e-02 1.6396e-01 1.6070e-01 -2.6926e-02 -3.1114e-02 -9.7914e-02 -9.7914e-02 9.7914e-02 9.7914e-02 9.7914e-02 1.1643e-01 1.1583e-01 1.2479e-01 1.2318e-01 1.2479e-01 1.2479e-01 1.1643e-01 1.2385e-01 1.1643e-01 5.9076e-02 4.3897e-02 5.0458e-03 -8.0188e-03 1.1299e-02 2.7645e-02
-5.5946e-02 2.6568e-02 -1.9761e-02 1.2553e-02 1.5464e-02 -6.7895e-03 -5.8311e-03 5.7720e-02 5.7720e-02 -9.8725e-02 -1.7050e-01 7.9825e-02 -1.3034e-02 -9.4833e-03 -6.4389e-02 -7.6497e-02 -5.8595e-02 6.0251e-01 1.0000e+00 6.3937e-01 6.3937e-01 6.3799e-01 6.1652e-01 6.1517e-01 9.7375e-01 9.7375e-01 9.7375e-01 9.0287e-01 8.2521e-01 9.7039e-01 9.7375e-01 9.7375e-01 9.7375e-01 9.7375e-01 9.7375e-01 9.7375e-01 5.7659e-02 -9.0674e-02 -1.1477e-01 1.0220e-02 1.4415e-02 8.3172e-02 8.3172e-02 8.3172e-02 8.3172e-02 8.3172e-02 -3.2978e-02 8.1585e-02 8.1585e-02 -8.5461e-03 8.1585e-02 8.6854e-02 8.8307e-02 7.7603e-02 7.5067e-02 6.1238e-02 7.7603e-02 -2.5454e-02 -5.0428e-03 -5.0428e-03 5.0428e-03 5.0428e-03 5.0428e-03 3.5057e-03 1.7600e-02 2.3878e-02 7.2158e-03 2.3878e-02 2.3878e-02 9.4230e-03 3.5214e-02 1.5340e-02 7.8734e-02 1.9249e-02 7.5245e-02 -5.1601e-02 4.7690e-02 3.9359e-02
-2.3467e-02 2.8343e-02 -4.4482e-02 5.1815e-02 4.1751e-02 -4.2743e-02 -4.1235e-02 9.2749e-02 9.2749e-02 2.1302e-03 -1.5321e-01 1.0055e-01 1.9565e-01 2.0403e-01 1.7613e-01 1.8222e-01 -9.1644e-02 3.8964e-01 6.3937e-01 1.0000e+00 1.0000e+00 9.9784e-01 9.7199e-01 9.6988e-01 6.2230e-01 6.2230e-01 6.2230e-01 5.5123e-01 4.6930e-01 6.2015e-01 6.2230e-01 6.2230e-01 6.2230e-01 6.2230e-01 6.2230e-01 6.2230e-01 3.2624e-01 -1.4112e-01 -1.5706e-01 1.5765e-01 1.6030e-01 -4.9694e-02 -4.9694e-02 -4.9694e-02 -4.9694e-02 -4.9694e-02 -1.2991e-01 -4.5752e-02 -4.5752e-02 -8.4930e-02 -4.5752e-02 -5.5373e-02 -5.3538e-02 -6.0891e-02 -6.0443e-03 -2.5995e-02 -6.0891e-02 6.1344e-02 2.8766e-02 2.8766e-02 -2.8766e-02 -2.8766e-02 -2.8766e-02 -4.1101e-02 -1.8591e-02 -1.3503e-02 -3.9623e-02 -1.3503e-02 -1.3503e-02 -3.6306e-02 -5.1345e-03 -3.1511e-02 5.1379e-02 9.4371e-03 7.1164e-02 -3.6171e-02 3.9623e-03 1.9521e-02
-2.3467e-02 2.8343e-02 -4.4482e-02 5.1815e-02 4.1751e-02 -4.2743e-02 -4.1235e-02 9.2749e-02 9.2749e-02 2.1302e-03 -1.5321e-01 1.0055e-01 1.9565e-01 2.0403e-01 1.7613e-01 1.8222e-01 -9.1644e-02 3.8964e-01 6.3937e-01 1.0000e+00 1.0000e+00 9.9784e-01 9.7199e-01 9.6988e-01 6.2230e-01 6.2230e-01 6.2230e-01 5.5123e-01 4.6930e-01 6.2015e-01 6.2230e-01 6.2230e-01 6.2230e-01 6.2230e-01 6.2230e-01 6.2230e-01 3.2624e-01 -1.4112e-01 -1.5706e-01 1.5765e-01 1.6030e-01 -4.9694e-02 -4.9694e-02 -4.9694e-02 -4.9694e-02 -4.9694e-02 -1.2991e-01 -4.5752e-02 -4.5752e-02 -8.4930e-02 -4.5752e-02 -5.5373e-02 -5.3538e-02 -6.0891e-02 -6.0443e-03 -2.5995e-02 -6.0891e-02 6.1344e-02 2.8766e-02 2.8766e-02 -2.8766e-02 -2.8766e-02 -2.8766e-02 -4.1101e-02 -1.8591e-02 -1.3503e-02 -3.9623e-02 -1.3503e-02 -1.3503e-02 -3.6306e-02 -5.1345e-03 -3.1511e-02 5.1379e-02 9.4371e-03 7.1164e-02 -3.6171e-02 3.9623e-03 1.9521e-02
-2.1569e-02 2.7708e-02 -4.7116e-02 5.0009e-02 4.4393e-02 -4.0921e-02 -3.9410e-02 9.1353e-02 9.1353e-02 1.0670e-03 -1.5413e-01 1.0337e-01 2.0300e-01 2.1149e-01 1.7551e-01 1.8162e-01 -9.1843e-02 3.8878e-01 6.3799e-01 9.9784e-01 9.9784e-01 1.0000e+00 9.7415e-01 9.7203e-01 6.2092e-01 6.2092e-01 6.2092e-01 5.4982e-01 4.6783e-01 6.1877e-01 6.2092e-01 6.2092e-01 6.2092e-01 6.2092e-01 6.2092e-01 6.2092e-01 3.2782e-01 -1.4148e-01 -1.5776e-01 1.5986e-01 1.6251e-01 -5.0511e-02 -5.0511e-02 -5.0511e-02 -5.0511e-02 -5.0511e-02 -1.3092e-01 -4.6575e-02 -4.6575e-02 -8.5735e-02 -4.6575e-02 -5.6288e-02 -5.4450e-02 -6.1792e-02 -6.8252e-03 -2.6827e-02 -6.1792e-02 6.1088e-02 2.9820e-02 2.9820e-02 -2.9820e-02 -2.9820e-02 -2.9820e-02 -4.2271e-02 -1.9651e-02 -1.4566e-02 -4.0801e-02 -1.4566e-02 -1.4566e-02 -3.7479e-02 -6.2060e-03 -3.2687e-02 5.0334e-02 9.0935e-03 7.3420e-02 -3.8201e-02 2.9012e-03 1.8593e-02
-5.6848e-03 2.5176e-02 -4.4822e-02 5.1187e-02 4.2121e-02 -4.2019e-02 -4.0495e-02 7.2171e-02 7.2171e-02 -8.2718e-03 -1.3699e-01 1.0155e-01 2.0823e-01 2.1684e-01 1.8182e-01 1.7925e-01 -9.2639e-02 3.8539e-01 6.1652e-01 9.7199e-01 9.7199e-01 9.7415e-01 1.0000e+00 9.9785e-01 6.3137e-01 6.3137e-01 6.3137e-01 5.5943e-01 4.7161e-01 6.2928e-01 6.3137e-01 6.3137e-01 6.3137e-01 6.3137e-01 6.3137e-01 6.3137e-01 3.4670e-01 -1.4293e-01 -1.4823e-01 1.7702e-01 1.7963e-01 -4.7864e-02 -4.7864e-02 -4.7864e-02 -4.7864e-02 -4.7864e-02 -1.3998e-01 -4.3968e-02 -4.3968e-02 -9.4807e-02 -4.3968e-02 -5.4466e-02 -5.2607e-02 -5.9880e-02 -1.6189e-02 -3.6051e-02 -5.9880e-02 6.0071e-02 3.9096e-02 3.9096e-02 -3.9096e-02 -3.9096e-02 -3.9096e-02 -5.1720e-02 -2.8951e-02 -2.3879e-02 -5.0266e-02 -2.3879e-02 -2.3879e-02 -4.6940e-02 -1.5543e-02 -4.2159e-02 4.6168e-02 7.7238e-03 7.4103e-02 -4.2164e-02 -6.4383e-03 9.2965e-03
-3.8028e-03 2.4545e-02 -4.3185e-02 4.9389e-02 4.4756e-02 -4.4382e-02 -4.2854e-02 7.5330e-02 7.5330e-02 -9.3256e-03 -1.3793e-01 1.0001e-01 2.0754e-01 2.1615e-01 1.8120e-01 1.7866e-01 -9.2838e-02 3.8455e-01 6.1517e-01 9.6988e-01 9.6988e-01 9.7203e-01 9.9785e-01 1.0000e+00 6.3531e-01 6.3531e-01 6.3531e-01 5.6310e-01 4.7497e-01 6.3323e-01 6.3531e-01 6.3531e-01 6.3531e-01 6.3531e-01 6.3531e-01 6.3531e-01 3.4409e-01 -1.4329e-01 -1.4894e-01 1.7506e-01 1.7767e-01 -4.8681e-02 -4.8681e-02 -4.8681e-02 -4.8681e-02 -4.8681e-02 -1.4098e-01 -4.4790e-02 -4.4790e-02 -9.5606e-02 -4.4790e-02 -5.5379e-02 -5.3518e-02 -6.0780e-02 -1.6962e-02 -3.6874e-02 -6.0780e-02 5.9818e-02 4.0141e-02 4.0141e-02 -4.0141e-02 -4.0141e-02 -4.0141e-02 -5.2882e-02 -3.0002e-02 -2.4933e-02 -5.1435e-02 -2.4933e-02 -2.4933e-02 -4.8104e-02 -1.6605e-02 -4.3326e-02 5.0370e-02 7.3824e-03 7.6352e-02 -4.4186e-02 -7.4899e-03 8.3786e-03
-4.5958e-02 2.4939e-02 -2.0966e-02 2.9764e-03 2.1960e-02 -2.3461e-03 -1.3826e-03 4.8594e-02 4.8594e-02 -1.0093e-01 -1.6589e-01 7.5837e-02 -1.4396e-02 -1.0839e-02 -6.5397e-02 -7.7373e-02 -5.8981e-02 5.9852e-01 9.7375e-01 6.2230e-01 6.2230e-01 6.2092e-01 6.3137e-01 6.3531e-01 1.0000e+00 1.0000e+00 1.0000e+00 9.2778e-01 8.4264e-01 9.9673e-01 1.0000e+00 1.0000e+00 1.0000e+00 1.0000e+00 1.0000e+00 1.0000e+00 7.2126e-02 -9.1404e-02 -1.0106e-01 1.5858e-02 2.0025e-02 9.5308e-02 9.5308e-02 9.5308e-02 9.5308e-02 9.5308e-02 -4.1714e-02 9.3677e-02 9.3677e-02 -1.7840e-02 9.3677e-02 9.7649e-02 9.9135e-02 8.8553e-02 6.5124e-02 5.1620e-02 8.8553e-02 -2.5886e-02 3.8660e-03 3.8660e-03 -3.8660e-03 -3.8660e-03 -3.8660e-03 -5.3423e-03 8.6393e-03 1.4892e-02 -1.6475e-03 1.4892e-02 1.4892e-02 5.5063e-04 2.6184e-02 6.4436e-03 8.8843e-02 1.8339e-02 8.5720e-02 -6.1538e-02 4.4890e-02 3.0043e-02
-4.5958e-02 2.4939e-02 -2.0966e-02 2.9764e-03 2.1960e-02 -2.3461e-03 -1.3826e-03 4.8594e-02 4.8594e-02 -1.0093e-01 -1.6589e-01 7.5837e-02 -1.4396e-02 -1.0839e-02 -6.5397e-02 -7.7373e-02 -5.8981e-02 5.9852e-01 9.7375e-01 6.2230e-01 6.2230e-01 6.2092e-01 6.3137e-01 6.3531e-01 1.0000e+00 1.0000e+00 1.0000e+00 9.2778e-01 8.4264e-01 9.9673e-01 1.0000e+00 1.0000e+00 1.0000e+00 1.0000e+00 1.0000e+00 1.0000e+00 7.2126e-02 -9.1404e-02 -1.0106e-01 1.5858e-02 2.0025e-02 9.5308e-02 9.5308e-02 9.5308e-02 9.5308e-02 9.5308e-02 -4.1714e-02 9.3677e-02 9.3677e-02 -1.7840e-02 9.3677e-02 9.7649e-02 9.9135e-02 8.8553e-02 6.5124e-02 5.1620e-02 8.8553e-02 -2.5886e-02 3.8660e-03 3.8660e-03 -3.8660e-03 -3.8660e-03 -3.8660e-03 -5.3423e-03 8.6393e-03 1.4892e-02 -1.6475e-03 1.4892e-02 1.4892e-02 5.5063e-04 2.6184e-02 6.4436e-03 8.8843e-02 1.8339e-02 8.5720e-02 -6.1538e-02 4.4890e-02 3.0043e-02
-4.5958e-02 2.4939e-02 -2.0966e-02 2.9764e-03 2.1960e-02 -2.3461e-03 -1.3826e-03 4.8594e-02 4.8594e-02 -1.0093e-01 -1.6589e-01 7.5837e-02 -1.4396e-02 -1.0839e-02 -6.5397e-02 -7.7373e-02 -5.8981e-02 5.9852e-01 9.7375e-01 6.2230e-01 6.2230e-01 6.2092e-01 6.3137e-01 6.3531e-01 1.0000e+00 1.0000e+00 1.0000e+00 9.2778e-01 8.4264e-01 9.9673e-01 1.0000e+00 1.0000e+00 1.0000e+00 1.0000e+00 1.0000e+00 1.0000e+00 7.2126e-02 -9.1404e-02 -1.0106e-01 1.5858e-02 2.0025e-02 9.5308e-02 9.5308e-02 9.5308e-02 9.5308e-02 9.5308e-02 -4.1714e-02 9.3677e-02 9.3677e-02 -1.7840e-02 9.3677e-02 9.7649e-02 9.9135e-02 8.8553e-02 6.5124e-02 5.1620e-02 8.8553e-02 -2.5886e-02 3.8660e-03 3.8660e-03 -3.8660e-03 -3.8660e-03 -3.8660e-03 -5.3423e-03 8.6393e-03 1.4892e-02 -1.6475e-03 1.4892e-02 1.4892e-02 5.5063e-04 2.6184e-02 6.4436e-03 8.8843e-02 1.8339e-02 8.5720e-02 -6.1538e-02 4.4890e-02 3.0043e-02
-4.9536e-02 6.4109e-03 -1.4682e-02 1.2027e-02 1.5750e-02 -1.0703e-02 -4.7380e-03 1.4026e-02 1.4026e-02 -1.2042e-01 -1.6286e-01 3.5650e-02 -3.0002e-02 -2.6357e-02 -7.7109e-02 -8.7612e-02 -6.3572e-02 5.5477e-01 9.0287e-01 5.5123e-01 5.5123e-01 5.4982e-01 5.5943e-01 5.6310e-01 9.2778e-01 9.2778e-01 9.2778e-01 1.0000e+00 9.0823e-01 9.2474e-01 9.2778e-01 9.2778e-01 9.2778e-01 9.2778e-01 9.2778e-01 9.2778e-01 9.6049e-04 -1.0002e-01 -1.0460e-01 3.6183e-02 4.0045e-02 1.6462e-01 1.6462e-01 1.6462e-01 1.6462e-01 1.6462e-01 -1.7395e-02 1.6269e-01 1.6269e-01 -2.7450e-02 1.6269e-01 2.0836e-01 2.1020e-01 2.0093e-01 4.7476e-02 3.2391e-02 2.0093e-01 -3.0893e-02 4.0397e-03 4.0397e-03 -4.0397e-03 -4.0397e-03 -4.0397e-03 -1.0672e-02 7.9131e-03 1.3890e-02 -7.3935e-03 1.3890e-02 1.3890e-02 -5.0391e-03 2.4541e-02 5.9350e-04 6.8682e-02 8.0012e-03 5.3706e-02 -6.7988e-02 1.9061e-02 9.4976e-03
-1.7367e-02 -8.8893e-03 -9.9104e-03 9.7086e-03 1.1083e-02 -7.5075e-03 -1.6906e-03 4.8814e-02 4.8814e-02 -8.6121e-02 -1.6419e-01 -1.2842e-02 -3.2356e-02 -2.8334e-02 -7.3107e-02 -8.0598e-02 -6.9995e-02 5.0313e-01 8.2521e-01 4.6930e-01 4.6930e-01 4.6783e-01 4.7161e-01 4.7497e-01 8.4264e-01 8.4264e-01 8.4264e-01 9.0823e-01 1.0000e+00 8.3988e-01 8.4264e-01 8.4264e-01 8.4264e-01 8.4264e-01 8.4264e-01 8.4264e-01 -2.0301e-02 -1.1193e-01 -1.2265e-01 3.3519e-02 3.7026e-02 2.0331e-01 2.0331e-01 2.0331e-01 2.0331e-01 2.0331e-01 -2.9797e-02 2.0112e-01 2.0112e-01 -4.5480e-02 2.0112e-01 2.3512e-01 2.3716e-01 2.2895e-01 2.9268e-02 1.1803e-02 2.2895e-01 -1.5342e-02 -2.3585e-02 -2.3585e-02 2.3585e-02 2.3585e-02 2.3585e-02 1.4015e-02 3.4927e-02 4.0598e-02 1.6701e-02 4.0598e-02 4.0598e-02 1.9359e-02 4.4804e-02 1.9359e-02 7.9492e-02 -5.2159e-03 6.8434e-02 -8.6858e-02 -4.9273e-03 -1.9430e-02
-4.8375e-02 2.5751e-02 -1.7729e-02 5.1680e-03 1.8719e-02 -4.5632e-03 -3.6023e-03 4.4736e-02 4.4736e-02 -9.9830e-02 -1.6497e-01 7.7826e-02 -1.3716e-02 -1.0162e-02 -6.4894e-02 -7.6935e-02 -5.8788e-02 6.0051e-01 9.7039e-01 6.2015e-01 6.2015e-01 6.1877e-01 6.2928e-01 6.3323e-01 9.9673e-01 9.9673e-01 9.9673e-01 9.2474e-01 8.3988e-01 1.0000e+00 9.9673e-01 9.9673e-01 9.9673e-01 9.9673e-01 9.9673e-01 9.9673e-01 7.5244e-02 -9.1039e-02 -1.0028e-01 1.3045e-02 1.7226e-02 8.9252e-02 8.9252e-02 8.9252e-02 8.9252e-02 8.9252e-02 -4.0456e-02 8.7643e-02 8.7643e-02 -1.6819e-02 8.7643e-02 9.2262e-02 9.3732e-02 8.3089e-02 6.6225e-02 5.2771e-02 8.3089e-02 -2.5670e-02 2.5535e-03 2.5535e-03 -2.5535e-03 -2.5535e-03 -2.5535e-03 -3.8800e-03 9.9775e-03 1.6243e-02 -1.6978e-04 1.6243e-02 1.6243e-02 2.0251e-03 2.7562e-02 7.9302e-03 9.0275e-02 1.8793e-02 8.3062e-02 -5.9135e-02 4.6287e-02 3.1232e-02
-4.5958e-02 2.4939e-02 -2.0966e-02 2.9764e-03 2.1960e-02 -2.3461e-03 -1.3826e-03 4.8594e-02 4.8594e-02 -1.0093e-01 -1.6589e-01 7.5837e-02 -1.4396e-02 -1.0839e-02 -6.5397e-02 -7.7373e-02 -5.8981e-02 5.9852e-01 9.7375e-01 6.2230e-01 6.2230e-01 6.2092e-01 6.3137e-01 6.3531e-01 1.0000e+00 1.0000e+00 1.0000e+00 9.2778e-01 8.4264e-01 9.9673e-01 1.0000e+00 1.0000e+00 1.0000e+00 1.0000e+00 1.0000e+00 1.0000e+00 7.2126e-02 -9.1404e-02 -1.0106e-01 1.5858e-02 2.0025e-02 9.5308e-02 9.5308e-02 9.5308e-02 9.5308e-02 9.5308e-02 -4.1714e-02 9.3677e-02 9.3677e-02 -1.7840e-02 9.3677e-02 9.7649e-02 9.9135e-02 8.8553e-02 6.5124e-02 5.1620e-02 8.8553e-02 -2.5886e-02 3.8660e-03 3.8660e-03 -3.8660e-03 -3.8660e-03 -3.8660e-03 -5.3423e-03 8.6393e-03 1.4892e-02 -1.6475e-03 1.4892e-02 1.4892e-02 5.5063e-04 2.6184e-02 6.4436e-03 8.8843e-02 1.8339e-02 8.5720e-02 -6.1538e-02 4.4890e-02 3.0043e-02
-4.5958e-02 2.4939e-02 -2.0966e-02 2.9764e-03 2.1960e-02 -2.3461e-03 -1.3826e-03 4.8594e-02 4.8594e-02 -1.0093e-01 -1.6589e-01 7.5837e-02 -1.4396e-02 -1.0839e-02 -6.5397e-02 -7.7373e-02 -5.8981e-02 5.9852e-01 9.7375e-01 6.2230e-01 6.2230e-01 6.2092e-01 6.3137e-01 6.3531e-01 1.0000e+00 1.0000e+00 1.0000e+00 9.2778e-01 8.4264e-01 9.9673e-01 1.0000e+00 1.0000e+00 1.0000e+00 1.0000e+00 1.0000e+00 1.0000e+00 7.2126e-02 -9.1404e-02 -1.0106e-01 1.5858e-02 2.0025e-02 9.5308e-02 9.5308e-02 9.5308e-02 9.5308e-02 9.5308e-02 -4.1714e-02 9.3677e-02 9.3677e-02 -1.7840e-02 9.3677e-02 9.7649e-02 9.9135e-02 8.8553e-02 6.5124e-02 5.1620e-02 8.8553e-02 -2.5886e-02 3.8660e-03 3.8660e-03 -3.8660e-03 -3.8660e-03 -3.8660e-03 -5.3423e-03 8.6393e-03 1.4892e-02 -1.6475e-03 1.4892e-02 1.4892e-02 5.5063e-04 2.6184e-02 6.4436e-03 8.8843e-02 1.8339e-02 8.5720e-02 -6.1538e-02 4.4890e-02 3.0043e-02
-4.5958e-02 2.4939e-02 -2.0966e-02 2.9764e-03 2.1960e-02 -2.3461e-03 -1.3826e-03 4.8594e-02 4.8594e-02 -1.0093e-01 -1.6589e-01 7.5837e-02 -1.4396e-02 -1.0839e-02 -6.5397e-02 -7.7373e-02 -5.8981e-02 5.9852e-01 9.7375e-01 6.2230e-01 6.2230e-01 6.2092e-01 6.3137e-01 6.3531e-01 1.0000e+00 1.0000e+00 1.0000e+00 9.2778e-01 8.4264e-01 9.9673e-01 1.0000e+00 1.0000e+00 1.0000e+00 1.0000e+00 1.0000e+00 1.0000e+00 7.2126e-02 -9.1404e-02 -1.0106e-01 1.5858e-02 2.0025e-02 9.5308e-02 9.5308e-02 9.5308e-02 9.5308e-02 9.5308e-02 -4.1714e-02 9.3677e-02 9.3677e-02 -1.7840e-02 9.3677e-02 9.7649e-02 9.9135e-02 8.8553e-02 6.5124e-02 5.1620e-02 8.8553e-02 -2.5886e-02 3.8660e-03 3.8660e-03 -3.8660e-03 -3.8660e-03 -3.8660e-03 -5.3423e-03 8.6393e-03 1.4892e-02 -1.6475e-03 1.4892e-02 1.4892e-02 5.5063e-04 2.6184e-02 6.4436e-03 8.8843e-02 1.8339e-02 8.5720e-02 -6.1538e-02 4.4890e-02 3.0043e-02
-4.5958e-02 2.4939e-02 -2.0966e-02 2.9764e-03 2.1960e-02 -2.3461e-03 -1.3826e-03 4.8594e-02 4.8594e-02 -1.0093e-01 -1.6589e-01 7.5837e-02 -1.4396e-02 -1.0839e-02 -6.5397e-02 -7.7373e-02 -5.8981e-02 5.9852e-01 9.7375e-01 6.2230e-01 6.2230e-01 6.2092e-01 6.3137e-01 6.3531e-01 1.0000e+00 1.0000e+00 1.0000e+00 9.2778e-01 8.4264e-01 9.9673e-01 1.0000e+00 1.0000e+00 1.0000e+00 1.0000e+00 1.0000e+00 1.0000e+00 7.2126e-02 -9.1404e-02 -1.0106e-01 1.5858e-02 2.0025e-02 9.5308e-02 9.5308e-02 9.5308e-02 9.5308e-02 9.5308e-02 -4.1714e-02 9.3677e-02 9.3677e-02 -1.7840e-02 9.3677e-02 9.7649e-02 9.9135e-02 8.8553e-02 6.5124e-02 5.1620e-02 8.8553e-02 -2.5886e-02 3.8660e-03 3.8660e-03 -3.8660e-03 -3.8660e-03 -3.8660e-03 -5.3423e-03 8.6393e-03 1.4892e-02 -1.6475e-03 1.4892e-02 1.4892e-02 5.5063e-04 2.6184e-02 6.4436e-03 8.8843e-02 1.8339e-02 8.5720e-02 -6.1538e-02 4.4890e-02 3.0043e-02
-4.5958e-02 2.4939e-02 -2.0966e-02 2.9764e-03 2.1960e-02 -2.3461e-03 -1.3826e-03 4.8594e-02 4.8594e-02 -1.0093e-01 -1.6589e-01 7.5837e-02 -1.4396e-02 -1.0839e-02 -6.5397e-02 -7.7373e-02 -5.8981e-02 5.9852e-01 9.7375e-01 6.2230e-01 6.2230e-01 6.2092e-01 6.3137e-01 6.3531e-01 1.0000e+00 1.0000e+00 1.0000e+00 9.2778e-01 8.4264e-01 9.9673e-01 1.0000e+00 1.0000e+00 1.0000e+00 1.0000e+00 1.0000e+00 1.0000e+00 7.2126e-02 -9.1404e-02 -1.0106e-01 1.5858e-02 2.0025e-02 9.5308e-02 9.5308e-02 9.5308e-02 9.5308e-02 9.5308e-02 -4.1714e-02 9.3677e-02 9.3677e-02 -1.7840e-02 9.3677e-02 9.7649e-02 9.9135e-02 8.8553e-02 6.5124e-02 5.1620e-02 8.8553e-02 -2.5886e-02 3.8660e-03 3.8660e-03 -3.8660e-03 -3.8660e-03 -3.8660e-03 -5.3423e-03 8.6393e-03 1.4892e-02 -1.6475e-03 1.4892e-02 1.4892e-02 5.5063e-04 2.6184e-02 6.4436e-03 8.8843e-02 1.8339e-02 8.5720e-02 -6.1538e-02 4.4890e-02 3.0043e-02
-4.5958e-02 2.4939e-02 -2.0966e-02 2.9764e-03 2.1960e-02 -2.3461e-03 -1.3826e-03 4.8594e-02 4.8594e-02 -1.0093e-01 -1.6589e-01 7.5837e-02 -1.4396e-02 -1.0839e-02 -6.5397e-02 -7.7373e-02 -5.8981e-02 5.9852e-01 9.7375e-01 6.2230e-01 6.2230e-01 6.2092e-01 6.3137e-01 6.3531e-01 1.0000e+00 1.0000e+00 1.0000e+00 9.2778e-01 8.4264e-01 9.9673e-01 1.0000e+00 1.0000e+00 1.0000e+00 1.0000e+00 1.0000e+00 1.0000e+00 7.2126e-02 -9.1404e-02 -1.0106e-01 1.5858e-02 2.0025e-02 9.5308e-02 9.5308e-02 9.5308e-02 9.5308e-02 9.5308e-02 -4.1714e-02 9.3677e-02 9.3677e-02 -1.7840e-02 9.3677e-02 9.7649e-02 9.9135e-02 8.8553e-02 6.5124e-02 5.1620e-02 8.8553e-02 -2.5886e-02 3.8660e-03 3.8660e-03 -3.8660e-03 -3.8660e-03 -3.8660e-03 -5.3423e-03 8.6393e-03 1.4892e-02 -1.6475e-03 1.4892e-02 1.4892e-02 5.5063e-04 2.6184e-02 6.4436e-03 8.8843e-02 1.8339e-02 8.5720e-02 -6.1538e-02 4.4890e-02 3.0043e-02
5.8256e-02 4.3255e-02 -2.7660e-02 1.1458e-02 2.1760e-02 -5.5573e-03 -1.1345e-02 -5.7654e-02 -5.7654e-02 -3.5094e-02 -6.0133e-03 3.6090e-02 5.1729e-02 4.5683e-02 7.7879e-02 9.1930e-02 -1.0979e-01 1.7336e-01 5.7659e-02 3.2624e-01 3.2624e-01 3.2782e-01 3.4670e-01 3.4409e-01 7.2126e-02 7.2126e-02 7.2126e-02 9.6049e-04 -2.0301e-02 7.5244e-02 7.2126e-02 7.2126e-02 7.2126e-02 7.2126e-02 7.2126e-02 7.2126e-02 1.0000e+00 -2.5147e-01 -2.5588e-01 3.3984e-01 3.4149e-01 -1.5705e-02 -1.5705e-02 -1.5705e-02 -1.5705e-02 -1.5705e-02 -2.1595e-01 -1.3224e-02 -1.3224e-02 -1.7906e-01 -1.3224e-02 1.4796e-04 -2.1185e-03 -1.2036e-02 -1.2387e-01 -1.6497e-01 -1.2036e-02 5.1812e-02 2.8619e-02 2.8619e-02 -2.8619e-02 -2.8619e-02 -2.8619e-02 -4.7451e-02 -1.8759e-02 -1.8759e-02 -4.3383e-02 -1.8759e-02 -1.8759e-02 -4.2805e-02 -2.1554e-02 -4.7451e-02 5.8792e-02 5.1465e-02 3.9929e-02 -2.8661e-02 2.4477e-03 2.0538e-02
-4.4899e-02 7.6134e-02 4.9573e-02 1.9364e-02 -4.9155e-02 -1.6721e-02 -1.6281e-02 -2.3643e-02 -2.3643e-02 -5.1548e-02 1.3557e-01 -1.3179e-02 -6.0081e-02 -5.9177e-02 -5.4013e-02 -5.0521e-02 -2.6623e-02 -6.4035e-02 -9.0674e-02 -1.4112e-01 -1.4112e-01 -1.4148e-01 -1.4293e-01 -1.4329e-01 -9.1404e-02 -9.1404e-02 -9.1404e-02 -1.0002e-01 -1.1193e-01 -9.1039e-02 -9.1404e-02 -9.1404e-02 -9.1404e-02 -9.1404e-02 -9.1404e-02 -9.1404e-02 -2.5147e-01 1.0000e+00 3.3236e-01 -6.8531e-02 -6.8949e-02 -6.0983e-02 -6.0983e-02 -6.0983e-02 -6.0983e-02 -6.0983e-02 2.0132e-01 -6.1420e-02 -6.1420e-02 2.9167e-01 -6.1420e-02 -6.0816e-02 -6.0385e-02 -4.6717e-02 2.9584e-01 2.6856e-01 -4.6717e-02 -2.2753e-02 -1.8296e-01 -1.8296e-01 1.8296e-01 1.8296e-01 1.8296e-01 1.5305e-01 1.8296e-01 1.8296e-01 1.5165e-01 1.8296e-01 1.8296e-01 1.5305e-01 1.8212e-01 1.5305e-01 -8.2630e-03 -4.9406e-03 -1.6820e-03 6.9601e-03 3.2010e-02 3.4681e-02
1.0700e-02 1.5201e-02 3.7317e-02 -2.9519e-02 -3.6546e-02 3.4108e-02 3.4872e-02 -3.4143e-02 -3.4143e-02 -2.1971e-02 1.2353e-01 -6.3776e-02 -3.7984e-02 -3.5471e-02 -3.3096e-02 -2.3017e-02 9.9310e-02 -4.8651e-02 -1.1477e-01 -1.5706e-01 -1.5706e-01 -1.5776e-01 -1.4823e-01 -1.4894e-01 -1.0106e-01 -1.0106e-01 -1.0106e-01 -1.0460e-01 -1.2265e-01 -1.0028e-01 -1.0106e-01 -1.0106e-01 -1.0106e-01 -1.0106e-01 -1.0106e-01 -1.0106e-01 -2.5588e-01 3.3236e-01 1.0000e+00 -3.4587e-01 -3.4657e-01 -1.5745e-01 -1.5745e-01 -1.5745e-01 -1.5745e-01 -1.5745e-01 7.1803e-01 -1.5809e-01 -1.5809e-01 8.2217e-01 -1.5809e-01 -8.2150e-02 -8.1323e-02 -7.1771e-02 6.3310e-01 6.8022e-01 -7.1771e-02 1.5896e-01 -4.9848e-01 -4.9848e-01 4.9848e-01 4.9848e-01 4.9848e-01 5.1062e-01 4.9121e-01 4.8395e-01 5.0068e-01 4.8395e-01 4.8395e-01 5.0377e-01 4.8218e-01 5.0377e-01 -3.0566e-02 1.1955e-02 1.6205e-02 -8.0243e-03 -6.4298e-03 -1.5470e-03
-7.7277e-03 3.2167e-02 2.3107e-02 2.9605e-02 -2.9530e-02 -3.0853e-02 -2.5001e-02 -2.2429e-02 -2.2429e-02 3.5423e-03 -9.7022e-03 -1.5375e-02 2.2223e-02 2.1670e-02 4.8228e-02 5.2305e-02 2.1534e-02 6.5024e-02 1.0220e-02 1.5765e-01 1.5765e-01 1.5986e-01 1.7702e-01 1.7506e-01 1.5858e-02 1.5858e-02 1.5858e-02 3.6183e-02 3.3519e-02 1.3045e-02 1.5858e-02 1.5858e-02 1.5858e-02 1.5858e-02 1.5858e-02 1.5858e-02 3.3984e-01 -6.8531e-02 -3.4587e-01 1.0000e+00 9.9799e-01 4.5523e-01 4.5523e-01 4.5523e-01 4.5523e-01 4.5523e-01 -3.9944e-01 4.5707e-01 4.5707e-01 -3.7141e-01 4.5707e-01 3.9832e-01 3.9630e-01 3.8691e-01 -2.6724e-01 -2.6419e-01 3.8691e-01 -5.5945e-02 1.4523e-01 1.4523e-01 -1.4523e-01 -1.4523e-01 -1.4523e-01 -1.8034e-01 -1.3542e-01 -1.3542e-01 -1.7476e-01 -1.3542e-01 -1.3542e-01 -1.7572e-01 -1.3738e-01 -1.8034e-01 2.0990e-01 -2.0219e-02 -2.9317e-02 -1.7071e-02 -1.3998e-02 -6.4788e-03
-9.9260e-03 3.1565e-02 2.4660e-02 3.1936e-02 -3.1078e-02 -3.3155e-02 -2.7300e-02 -1.9328e-02 -1.9328e-02 2.5178e-03 -1.0687e-02 -1.6806e-02 2.1663e-02 2.1119e-02 4.7719e-02 5.1827e-02 2.1284e-02 6.4419e-02 1.4415e-02 1.6030e-01 1.6030e-01 1.6251e-01 1.7963e-01 1.7767e-01 2.0025e-02 2.0025e-02 2.0025e-02 4.0045e-02 3.7026e-02 1.7226e-02 2.0025e-02 2.0025e-02 2.0025e-02 2.0025e-02 2.0025e-02 2.0025e-02 3.4149e-01 -6.8949e-02 -3.4657e-01 9.9799e-01 1.0000e+00 4.5432e-01 4.5432e-01 4.5432e-01 4.5432e-01 4.5432e-01 -4.0040e-01 4.5616e-01 4.5616e-01 -3.7216e-01 4.5616e-01 3.9732e-01 3.9530e-01 3.8593e-01 -2.6794e-01 -2.6495e-01 3.8593e-01 -5.6144e-02 1.4623e-01 1.4623e-01 -1.4623e-01 -1.4623e-01 -1.4623e-01 -1.8146e-01 -1.3643e-01 -1.3643e-01 -1.7589e-01 -1.3643e-01 -1.3643e-01 -1.7684e-01 -1.3838e-01 -1.8146e-01 2.0888e-01 -2.0540e-02 -3.1113e-02 -1.5048e-02 -1.5016e-02 -7.3598e-03
-6.1993e-02 2.3469e-02 9.0121e-02 5.2664e-02 -9.5187e-02 -5.9114e-02 -5.2542e-02 2.8840e-02 2.8840e-02 -2.7401e-02 -6.5794e-02 -9.5597e-02 -8.0448e-02 -7.8308e-02 -7.7859e-02 -6.9783e-02 4.3394e-02 -7.9222e-02 8.3172e-02 -4.9694e-02 -4.9694e-02 -5.0511e-02 -4.7864e-02 -4.8681e-02 9.5308e-02 9.5308e-02 9.5308e-02 1.6462e-01 2.0331e-01 8.9252e-02 9.5308e-02 9.5308e-02 9.5308e-02 9.5308e-02 9.5308e-02 9.5308e-02 -1.5705e-02 -6.0983e-02 -1.5745e-01 4.5523e-01 4.5432e-01 1.0000e+00 1.0000e+00 1.0000e+00 1.0000e+00 1.0000e+00 -2.1498e-01 9.9597e-01 9.9597e-01 -1.6908e-01 9.9597e-01 8.8624e-01 8.8182e-01 8.7295e-01 -1.4608e-01 -1.5895e-01 8.7295e-01 -4.2975e-02 9.3671e-03 9.3671e-03 -9.3671e-03 -9.3671e-03 -9.3671e-03 -3.8886e-02 -9.3671e-03 -9.3671e-03 -4.0656e-02 -9.3671e-03 -9.3671e-03 -3.2327e-02 -1.0345e-02 -3.8886e-02 3.9734e-01 4.9788e-03 -4.8835e-02 -7.2909e-03 -1.2429e-02 -2.6703e-02
-6.1993e-02 2.3469e-02 9.0121e-02 5.2664e-02 -9.5187e-02 -5.9114e-02 -5.2542e-02 2.8840e-02 2.8840e-02 -2.7401e-02 -6.5794e-02 -9.5597e-02 -8.0448e-02 -7.8308e-02 -7.7859e-02 -6.9783e-02 4.3394e-02 -7.9222e-02 8.3172e-02 -4.9694e-02 -4.9694e-02 -5.0511e-02 -4.7864e-02 -4.8681e-02 9.5308e-02 9.5308e-02 9.5308e-02 1.6462e-01 2.0331e-01 8.9252e-02 9.5308e-02 9.5308e-02 9.5308e-02 9.5308e-02 9.5308e-02 9.5308e-02 -1.5705e-02 -6.0983e-02 -1.5745e-01 4.5523e-01 4.5432e-01 1.0000e+00 1.0000e+00 1.0000e+00 1.0000e+00 1.0000e+00 -2.1498e-01 9.9597e-01 9.9597e-01 -1.6908e-01 9.9597e-01 8.8624e-01 8.8182e-01 8.7295e-01 -1.4608e-01 -1.5895e-01 8.7295e-01 -4.2975e-02 9.3671e-03 9.3671e-03 -9.3671e-03 -9.3671e-03 -9.3671e-03 -3.8886e-02 -9.3671e-03 -9.3671e-03 -4.0656e-02 -9.3671e-03 -9.3671e-03 -3.2327e-02 -1.0345e-02 -3.8886e-02 3.9734e-01 4.9788e-03 -4.8835e-02 -7.2909e-03 -1.2429e-02 -2.6703e-02
-6.1993e-02 2.3469e-02 9.0121e-02 5.2664e-02 -9.5187e-02 -5.9114e-02 -5.2542e-02 2.8840e-02 2.8840e-02 -2.7401e-02 -6.5794e-02 -9.5597e-02 -8.0448e-02 -7.8308e-02 -7.7859e-02 -6.9783e-02 4.3394e-02 -7.9222e-02 8.3172e-02 -4.9694e-02 -4.9694e-02 -5.0511e-02 -4.7864e-02 -4.8681e-02 9.5308e-02 9.5308e-02 9.5308e-02 1.6462e-01 2.0331e-01 8.9252e-02 9.5308e-02 9.5308e-02 9.5308e-02 9.5308e-02 9.5308e-02 9.5308e-02 -1.5705e-02 -6.0983e-02 -1.5745e-01 4.5523e-01 4.5432e-01 1.0000e+00 1.0000e+00 1.0000e+00 1.0000e+00 1.0000e+00 -2.1498e-01 9.9597e-01 9.9597e-01 -1.6908e-01 9.9597e-01 8.8624e-01 8.8182e-01 8.7295e-01 -1.4608e-01 -1.5895e-01 8.7295e-01 -4.2975e-02 9.3671e-03 9.3671e-03 -9.3671e-03 -9.3671e-03 -9.3671e-03 -3.8886e-02 -9.3671e-03 -9.3671e-03 -4.0656e-02 -9.3671e-03 -9.3671e-03 -3.2327e-02 -1.0345e-02 -3.8886e-02 3.9734e-01 4.9788e-03 -4.8835e-02 -7.2909e-03 -1.2429e-02 -2.6703e-02
