1.0000e+00 9.5723e-01 3.4241e-01 -2.4505e-02 3.7794e-01 3.8470e-01 3.7422e-01 8.8342e-02 8.0357e-02 -4.2996e-01 4.4607e-01 8.4560e-02 7.9428e-02 8.4560e-02 7.3795e-02 4.3141e-02 4.0941e-02 6.6047e-02 -4.8875e-03 3.2011e-02 3.7144e-02 7.2488e-02 4.3927e-02 8.9887e-03 -4.3002e-02 4.9194e-02 2.5919e-02 2.4742e-02 5.1303e-02 1.8220e-02
9.5723e-01 1.0000e+00 3.2108e-01 -3.1291e-02 3.5649e-01 3.6131e-01 3.5691e-01 8.6878e-02 8.5653e-02 -4.4149e-01 4.3111e-01 7.0598e-02 6.5555e-02 7.0598e-02 5.9336e-02 3.4969e-02 3.2820e-02 5.1560e-02 -9.4747e-04 1.7047e-02 1.9597e-02 5.7108e-02 4.2889e-02 5.2388e-03 8.7543e-04 4.6774e-02 1.2843e-02 1.1916e-02 5.0090e-02 1.5320e-02
3.4241e-01 3.2108e-01 1.0000e+00 2.2910e-01 9.2861e-01 9.0139e-01 8.4830e-01 2.4719e-01 2.0810e-01 -3.5760e-01 7.1373e-01 1.9008e-01 2.5648e-01 1.9008e-01 1.1790e-01 1.0754e-01 9.0237e-02 1.1188e-01 2.8833e-03 1.5706e-01 7.5375e-02 1.1033e-01 6.6860e-02 4.3668e-02 7.6683e-03 1.8019e-02 5.8234e-02 6.1208e-02 7.8087e-02 -2.8084e-02
-2.4505e-02 -3.1291e-02 2.2910e-01 1.0000e+00 2.2286e-01 2.0782e-01 1.9706e-01 4.9228e-01 8.8211e-01 -9.4069e-02 7.6999e-02 8.0151e-01 6.8201e-01 7.9212e-01 2.5971e-01 2.5174e-01 2.4852e-01 2.7386e-01 3.4670e-02 4.7969e-01 1.8027e-01 2.0767e-01 2.1894e-01 -2.1100e-03 -7.7757e-02 3.1660e-01 1.5695e-01 1.6562e-01 -1.4655e-02 7.3623e-02
3.7794e-01 3.5649e-01 9.2861e-01 2.2286e-01 1.0000e+00 9.3252e-01 8.1202e-01 2.6693e-01 2.0244e-01 -3.5755e-01 7.3609e-01 1.8490e-01 2.4950e-01 1.8490e-01 1.1830e-01 1.2385e-01 1.0643e-01 1.0122e-01 2.9986e-02 1.0438e-01 9.1847e-02 1.2919e-01 6.5040e-02 5.3585e-02 1.3276e-03 2.4776e-02 9.5712e-02 9.9314e-02 7.5961e-02 -1.9245e-02
3.8470e-01 3.6131e-01 9.0139e-01 2.0782e-01 9.3252e-01 1.0000e+00 8.4182e-01 2.4537e-01 1.8878e-01 -3.8551e-01 7.6466e-01 1.7243e-01 2.3266e-01 1.7243e-01 1.6211e-01 1.4495e-01 1.2719e-01 1.4642e-01 1.5941e-02 1.4605e-01 1.3587e-01 1.4491e-01 6.0651e-02 2.6142e-02 -1.4729e-02 1.3171e-02 5.8150e-02 6.2959e-02 7.0835e-02 -1.5577e-02
3.7422e-01 3.5691e-01 8.4830e-01 1.9706e-01 8.1202e-01 8.4182e-01 1.0000e+00 3.0400e-01 1.7121e-01 -4.0804e-01 8.4283e-01 1.5514e-01 2.1390e-01 1.5514e-01 9.5610e-02 8.2253e-02 6.4164e-02 9.1632e-02 -5.0042e-03 1.2799e-01 5.9023e-02 7.7935e-02 5.7510e-02 2.4867e-02 -1.7031e-02 4.3857e-03 3.7868e-02 4.3634e-02 6.7167e-02 -1.8962e-02
8.8342e-02 8.6878e-02 2.4719e-01 4.9228e-01 2.6693e-01 2.4537e-01 3.0400e-01 1.0000e+00 5.7147e-01 -1.4778e-01 3.2154e-01 5.2090e-01 7.0682e-01 5.2090e-01 3.7154e-01 4.0521e-01 4.0470e-01 3.5579e-01 1.2285e-01 3.5478e-01 3.2408e-01 3.3617e-01 1.6707e-01 6.3101e-02 -1.2324e-01 1.9521e-01 1.9027e-01 1.9928e-01 7.8045e-03 2.5576e-02
8.0357e-02 8.5653e-02 2.0810e-01 8.8211e-01 2.0244e-01 1.8878e-01 1.7121e-01 5.7147e-01 1.0000e+00 -8.5449e-02 1.8591e-01 9.0330e-01 7.7898e-01 8.9322e-01 3.1489e-01 3.2367e-01 3.2593e-01 3.2905e-01 5.9142e-02 5.4758e-01 2.5372e-01 2.8290e-01 2.4302e-01 3.0413e-02 -6.5089e-02 3.6919e-01 2.0854e-01 2.1661e-01 -6.4045e-03 4.9011e-02
-4.2996e-01 -4.4149e-01 -3.5760e-01 -9.4069e-02 -3.5755e-01 -3.8551e-01 -4.0804e-01 -1.4778e-01 -8.5449e-02 1.0000e+00 -3.9187e-01 -7.8047e-02 -1.0531e-01 -7.8047e-02 -9.1414e-02 1.0047e-02 1.1428e-02 -8.7319e-02 8.5995e-02 -4.7046e-02 1.2383e-01 5.1561e-02 -2.7453e-02 1.3465e-01 -2.7580e-02 -4.9422e-02 2.7428e-02 3.2163e-02 -3.2063e-02 -5.1683e-02
4.4607e-01 4.3111e-01 7.1373e-01 7.6999e-02 7.3609e-01 7.6466e-01 8.4283e-01 3.2154e-01 1.8591e-01 -3.9187e-01 1.0000e+00 1.6981e-01 2.2913e-01 1.6981e-01 1.3910e-01 1.5400e-01 1.5102e-01 1.2317e-01 6.3267e-02 1.4324e-01 1.5269e-01 1.6769e-01 5.9731e-02 5.5199e-02 2.0688e-02 2.2753e-02 6.2894e-02 6.8009e-02 6.9760e-02 -3.8109e-02
8.4560e-02 7.0598e-02 1.9008e-01 8.0151e-01 1.8490e-01 1.7243e-01 1.5514e-01 5.2090e-01 9.0330e-01 -7.8047e-02 1.6981e-01 1.0000e+00 7.4110e-01 9.8918e-01 3.5381e-01 3.1965e-01 3.2828e-01 3.7584e-01 2.0521e-02 5.9637e-01 2.6171e-01 2.8807e-01 2.6778e-01 -4.6578e-03 -7.9474e-02 3.9273e-01 1.9573e-01 2.0312e-01 1.3169e-03 3.3384e-02
7.9428e-02 6.5555e-02 2.5648e-01 6.8201e-01 2.4950e-01 2.3266e-01 2.1390e-01 7.0682e-01 7.7898e-01 -1.0531e-01 2.2913e-01 7.4110e-01 1.0000e+00 7.4110e-01 2.7378e-01 4.0349e-01 4.0627e-01 2.8935e-01 1.8701e-01 5.2269e-01 3.2496e-01 3.6081e-01 2.3819e-01 1.5365e-01 -9.3568e-02 3.0184e-01 2.7320e-01 2.8319e-01 1.4177e-02 3.5891e-02
8.4560e-02 7.0598e-02 1.9008e-01 7.9212e-01 1.8490e-01 1.7243e-01 1.5514e-01 5.2090e-01 8.9322e-01 -7.8047e-02 1.6981e-01 9.8918e-01 7.4110e-01 1.0000e+00 3.5381e-01 3.1965e-01 3.2828e-01 3.7584e-01 2.0521e-02 6.0728e-01 2.6171e-01 2.8807e-01 2.6778e-01 -4.6578e-03 -7.9474e-02 3.9273e-01 1.8911e-01 1.9648e-01 1.3169e-03 3.9942e-02
7.3795e-02 5.9336e-02 1.1790e-01 2.5971e-01 1.1830e-01 1.6211e-01 9.5610e-02 3.7154e-01 3.1489e-01 -9.1414e-02 1.3910e-01 3.5381e-01 2.7378e-01 3.5381e-01 1.0000e+00 5.1152e-01 4.9572e-01 9.5387e-01 -3.2158e-01 6.2240e-01 4.1948e-01 4.3743e-01 2.2133e-01 -3.4012e-01 -1.3741e-01 3.1680e-01 8.1556e-02 8.7774e-02 1.3152e-02 -1.8829e-03
4.3141e-02 3.4969e-02 1.0754e-01 2.5174e-01 1.2385e-01 1.4495e-01 8.2253e-02 4.0521e-01 3.2367e-01 1.0047e-02 1.5400e-01 3.1965e-01 4.0349e-01 3.1965e-01 5.1152e-01 1.0000e+00 9.7813e-01 5.1939e-01 5.9977e-01 3.4214e-01 8.0925e-01 8.6899e-01 1.2167e-01 4.7993e-01 -9.5078e-02 1.7041e-01 2.9382e-01 3.1033e-01 3.9833e-02 -4.9528e-02
4.0941e-02 3.2820e-02 9.0237e-02 2.4852e-01 1.0643e-01 1.2719e-01 6.4164e-02 4.0470e-01 3.2593e-01 1.1428e-02 1.5102e-01 3.2828e-01 4.0627e-01 3.2828e-01 4.9572e-01 9.7813e-01 1.0000e+00 5.1288e-01 6.1686e-01 3.4418e-01 8.1637e-01 8.7953e-01 1.2239e-01 4.8407e-01 -1.0128e-01 1.7171e-01 2.9907e-01 3.1547e-01 2.6056e-02 -5.9433e-02
6.6047e-02 5.1560e-02 1.1188e-01 2.7386e-01 1.0122e-01 1.4642e-01 9.1632e-02 3.5579e-01 3.2905e-01 -8.7319e-02 1.2317e-01 3.7584e-01 2.8935e-01 3.7584e-01 9.5387e-01 5.1939e-01 5.1288e-01 1.0000e+00 -3.2240e-01 6.4077e-01 4.3517e-01 4.6097e-01 2.2786e-01 -3.3442e-01 -1.4257e-01 3.1536e-01 8.9336e-02 9.5188e-02 1.6734e-02 1.2829e-02
-4.8875e-03 -9.4747e-04 2.8833e-03 3.4670e-02 2.9986e-02 1.5941e-02 -5.0042e-03 1.2285e-01 5.9142e-02 8.5995e-02 6.3267e-02 2.0521e-02 1.8701e-01 2.0521e-02 -3.2158e-01 5.9977e-01 6.1686e-01 -3.2240e-01 1.0000e+00 -2.1003e-01 5.1429e-01 5.7195e-01 -7.4690e-02 8.3732e-01 1.0135e-02 -1.0210e-01 2.5855e-01 2.7198e-01 1.0004e-02 -7.7801e-02
3.2011e-02 1.7047e-02 1.5706e-01 4.7969e-01 1.0438e-01 1.4605e-01 1.2799e-01 3.5478e-01 5.4758e-01 -4.7046e-02 1.4324e-01 5.9637e-01 5.2269e-01 6.0728e-01 6.2240e-01 3.4214e-01 3.4418e-01 6.4077e-01 -2.1003e-01 1.0000e+00 2.8514e-01 3.1096e-01 3.5561e-01 -2.2764e-01 -9.1358e-02 4.1375e-01 1.7649e-01 1.8375e-01 -2.2052e-02 1.3882e-02
3.7144e-02 1.9597e-02 7.5375e-02 1.8027e-01 9.1847e-02 1.3587e-01 5.9023e-02 3.2408e-01 2.5372e-01 1.2383e-01 1.5269e-01 2.6171e-01 3.2496e-01 2.6171e-01 4.1948e-01 8.0925e-01 8.1637e-01 4.3517e-01 5.1429e-01 2.8514e-01 1.0000e+00 9.0487e-01 1.0140e-01 5.6432e-01 -1.3843e-01 1.3332e-01 2.7199e-01 2.9232e-01 1.1760e-04 -4.5553e-02
7.2488e-02 5.7108e-02 1.1033e-01 2.0767e-01 1.2919e-01 1.4491e-01 7.7935e-02 3.3617e-01 2.8290e-01 5.1561e-02 1.6769e-01 2.8807e-01 3.6081e-01 2.8807e-01 4.3743e-01 8.6899e-01 8.7953e-01 4.6097e-01 5.7195e-01 3.1096e-01 9.0487e-01 1.0000e+00 1.1058e-01 6.1715e-01 -1.2146e-01 1.5034e-01 3.3591e-01 3.5451e-01 1.2008e-02 -3.8442e-02
4.3927e-02 4.2889e-02 6.6860e-02 2.1894e-01 6.5040e-02 6.0651e-02 5.7510e-02 1.6707e-01 2.4302e-01 -2.7453e-02 5.9731e-02 2.6778e-01 2.3819e-01 2.6778e-01 2.2133e-01 1.2167e-01 1.2239e-01 2.2786e-01 -7.4690e-02 3.5561e-01 1.0140e-01 1.1058e-01 1.0000e+00 -8.0952e-02 -3.2488e-02 -2.5407e-02 1.0212e-01 1.0481e-01 -1.6483e-02 -1.7916e-02
8.9887e-03 5.2388e-03 4.3668e-02 -2.1100e-03 5.3585e-02 2.6142e-02 2.4867e-02 6.3101e-02 3.0413e-02 1.3465e-01 5.5199e-02 -4.6578e-03 1.5365e-01 -4.6578e-03 -3.4012e-01 4.7993e-01 4.8407e-01 -3.3442e-01 8.3732e-01 -2.2764e-01 5.6432e-01 6.1715e-01 -8.0952e-02 1.0000e+00 -1.6524e-03 -1.2484e-01 2.4748e-01 2.6194e-01 1.5302e-02 -4.6007e-02
-4.3002e-02 8.7543e-04 7.6683e-03 -7.7757e-02 1.3276e-03 -1.4729e-02 -1.7031e-02 -1.2324e-01 -6.5089e-02 -2.7580e-02 2.0688e-02 -7.9474e-02 -9.3568e-02 -7.9474e-02 -1.3741e-01 -9.5078e-02 -1.0128e-01 -1.4257e-01 1.0135e-02 -9.1358e-02 -1.3843e-01 -1.2146e-01 -3.2488e-02 -1.6524e-03 1.0000e+00 -5.8486e-02 -1.2778e-01 -1.2265e-01 4.8156e-02 -1.7802e-02
4.9194e-02 4.6774e-02 1.8019e-02 3.1660e-01 2.4776e-02 1.3171e-02 4.3857e-03 1.9521e-01 3.6919e-01 -4.9422e-02 2.2753e-02 3.9273e-01 3.0184e-01 3.9273e-01 3.1680e-01 1.7041e-01 1.7171e-01 3.1536e-01 -1.0210e-01 4.1375e-01 1.3332e-01 1.5034e-01 -2.5407e-02 -1.2484e-01 -5.8486e-02 1.0000e+00 9.8315e-02 1.0291e-01 -2.9673e-02 8.5792e-02
2.5919e-02 1.2843e-02 5.8234e-02 1.5695e-01 9.5712e-02 5.8150e-02 3.7868e-02 1.9027e-01 2.0854e-01 2.7428e-02 6.2894e-02 1.9573e-01 2.7320e-01 1.8911e-01 8.1556e-02 2.9382e-01 2.9907e-01 8.9336e-02 2.5855e-01 1.7649e-01 2.7199e-01 3.3591e-01 1.0212e-01 2.4748e-01 -1.2778e-01 9.8315e-02 1.0000e+00 9.7988e-01 7.0819e-02 -6.3126e-02
2.4742e-02 1.1916e-02 6.1208e-02 1.6562e-01 9.9314e-02 6.2959e-02 4.3634e-02 1.9928e-01 2.1661e-01 3.2163e-02 6.8009e-02 2.0312e-01 2.8319e-01 1.9648e-01 8.7774e-02 3.1033e-01 3.1547e-01 9.5188e-02 2.7198e-01 1.8375e-01 2.9232e-01 3.5451e-01 1.0481e-01 2.6194e-01 -1.2265e-01 1.0291e-01 9.7988e-01 1.0000e+00 7.3824e-02 -5.9129e-02
5.1303e-02 5.0090e-02 7.8087e-02 -1.4655e-02 7.5961e-02 7.0835e-02 6.7167e-02 7.8045e-03 -6.4045e-03 -3.2063e-02 6.9760e-02 1.3169e-03 1.4177e-02 1.3169e-03 1.3152e-02 3.9833e-02 2.6056e-02 1.6734e-02 1.0004e-02 -2.2052e-02 1.1760e-04 1.2008e-02 -1.6483e-02 1.5302e-02 4.8156e-02 -2.9673e-02 7.0819e-02 7.3824e-02 1.0000e+00 -8.4060e-03
1.8220e-02 1.5320e-02 -2.8084e-02 7.3623e-02 -1.9245e-02 -1.5577e-02 -1.8962e-02 2.5576e-02 4.9011e-02 -5.1683e-02 -3.8109e-02 3.3384e-02 3.5891e-02 3.9942e-02 -1.8829e-03 -4.9528e-02 -5.9433e-02 1.2829e-02 -7.7801e-02 1.3882e-02 -4.5553e-02 -3.8442e-02 -1.7916e-02 -4.6007e-02 -1.7802e-02 8.5792e-02 -6.3126e-02 -5.9129e-02 -8.4060e-03 1.0000e+00
