1.0000e+00 9.9018e-01 1.0000e+00 9.8361e-01 1.0000e+00 -9.9017e-01 -9.9346e-01 2.6630e-01 -9.0615e-01 -9.0900e-01 -9.0900e-01 -9.0900e-01 -9.0900e-01 -9.0965e-01 -9.1250e-01 -9.0683e-01 2.7008e-01 -8.9850e-01 -7.3218e-01 -9.0965e-01 2.6706e-01 -9.1250e-01 -9.1250e-01 -9.1250e-01 -9.1250e-01 2.7612e-01 -9.1250e-01 -9.1250e-01 -9.1250e-01 -9.1250e-01 -8.1346e-01 -9.0965e-01 -9.1250e-01 -9.1250e-01 2.7461e-01 -9.0965e-01 -9.0965e-01 -9.1250e-01 -8.9914e-01 -9.1250e-01 -9.1250e-01 -9.0551e-01 -9.0900e-01 -9.0900e-01 2.7116e-01 -9.0551e-01 -9.0900e-01 -9.0900e-01 -9.0201e-01 -9.0900e-01 2.7116e-01 4.5549e-02 -9.1187e-01 -9.1187e-01 -9.1187e-01 -9.1187e-01 -9.1187e-01 9.5432e-02 -9.1187e-01 2.6887e-01 3.0783e-01 3.0783e-01 -8.7270e-01 -8.7270e-01 -8.7270e-01 3.0783e-01 -7.7095e-01 3.0315e-01 -8.6917e-01 3.0315e-01 -8.6917e-01 3.0315e-01 3.0315e-01 3.1870e-01 3.0315e-01 3.0783e-01 -7.7466e-01 -7.7466e-01 -7.7836e-01 -7.7466e-01 -7.7466e-01 2.6506e-01 -7.7466e-01 3.0783e-01 3.0783e-01 -7.7466e-01 3.0783e-01 -7.7466e-01 2.6582e-01 2.6082e-01 -7.7095e-01 1.8300e-01 -3.0315e-01 -3.0315e-01 -3.0160e-01 -3.0160e-01 -3.0005e-01 -3.0005e-01 9.1404e-02 -2.4572e-01 -3.0679e-01 -3.0519e-01 -2.1477e-01 -2.2792e-01 1.0134e-01 1.0992e-03 1.0992e-03 1.0992e-03
9.9018e-01 1.0000e+00 9.9018e-01 9.9337e-01 9.9018e-01 -9.8023e-01 -9.8359e-01 2.6341e-01 -9.1568e-01 -9.1854e-01 -9.1854e-01 -9.1854e-01 -9.1854e-01 -9.1922e-01 -9.2206e-01 -9.1639e-01 2.6715e-01 -9.0794e-01 -7.4007e-01 -9.1922e-01 2.6415e-01 -9.2206e-01 -9.2206e-01 -9.2206e-01 -9.2206e-01 2.7313e-01 -9.2206e-01 -9.2206e-01 -9.2206e-01 -9.2206e-01 -8.2210e-01 -9.1922e-01 -9.2206e-01 -9.2206e-01 2.7164e-01 -9.1922e-01 -9.1922e-01 -9.2206e-01 -9.0860e-01 -9.2206e-01 -9.2206e-01 -9.1501e-01 -9.1854e-01 -9.1854e-01 2.6812e-01 -9.1501e-01 -9.1854e-01 -9.1854e-01 -9.1148e-01 -9.1854e-01 2.6812e-01 4.5101e-02 -9.2142e-01 -9.2142e-01 -9.2142e-01 -9.2142e-01 -9.2142e-01 9.4140e-02 -9.2142e-01 2.6586e-01 3.0446e-01 3.0446e-01 -8.8184e-01 -8.8184e-01 -8.8184e-01 3.0446e-01 -7.7909e-01 2.9973e-01 -8.7827e-01 2.9973e-01 -8.7827e-01 2.9973e-01 2.9973e-01 3.1514e-01 2.9973e-01 3.0446e-01 -7.8283e-01 -7.8283e-01 -7.7957e-01 -7.8283e-01 -7.8283e-01 2.6209e-01 -7.8283e-01 3.0446e-01 3.0446e-01 -7.8283e-01 3.0446e-01 -7.8283e-01 2.6284e-01 2.5780e-01 -7.7909e-01 1.8066e-01 -2.9973e-01 -2.9973e-01 -2.9820e-01 -2.9820e-01 -2.9666e-01 -2.9666e-01 9.0308e-02 -2.5968e-01 -3.1911e-01 -3.1754e-01 -2.2862e-01 -2.4138e-01 9.9502e-02 -1.4085e-03 -1.4085e-03 -1.4085e-03
1.0000e+00 9.9018e-01 1.0000e+00 9.8361e-01 1.0000e+00 -9.9017e-01 -9.9346e-01 2.6630e-01 -9.0615e-01 -9.0900e-01 -9.0900e-01 -9.0900e-01 -9.0900e-01 -9.0965e-01 -9.1250e-01 -9.0683e-01 2.7008e-01 -8.9850e-01 -7.3218e-01 -9.0965e-01 2.6706e-01 -9.1250e-01 -9.1250e-01 -9.1250e-01 -9.1250e-01 2.7612e-01 -9.1250e-01 -9.1250e-01 -9.1250e-01 -9.1250e-01 -8.1346e-01 -9.0965e-01 -9.1250e-01 -9.1250e-01 2.7461e-01 -9.0965e-01 -9.0965e-01 -9.1250e-01 -8.9914e-01 -9.1250e-01 -9.1250e-01 -9.0551e-01 -9.0900e-01 -9.0900e-01 2.7116e-01 -9.0551e-01 -9.0900e-01 -9.0900e-01 -9.0201e-01 -9.0900e-01 2.7116e-01 4.5549e-02 -9.1187e-01 -9.1187e-01 -9.1187e-01 -9.1187e-01 -9.1187e-01 9.5432e-02 -9.1187e-01 2.6887e-01 3.0783e-01 3.0783e-01 -8.7270e-01 -8.7270e-01 -8.7270e-01 3.0783e-01 -7.7095e-01 3.0315e-01 -8.6917e-01 3.0315e-01 -8.6917e-01 3.0315e-01 3.0315e-01 3.1870e-01 3.0315e-01 3.0783e-01 -7.7466e-01 -7.7466e-01 -7.7836e-01 -7.7466e-01 -7.7466e-01 2.6506e-01 -7.7466e-01 3.0783e-01 3.0783e-01 -7.7466e-01 3.0783e-01 -7.7466e-01 2.6582e-01 2.6082e-01 -7.7095e-01 1.8300e-01 -3.0315e-01 -3.0315e-01 -3.0160e-01 -3.0160e-01 -3.0005e-01 -3.0005e-01 9.1404e-02 -2.4572e-01 -3.0679e-01 -3.0519e-01 -2.1477e-01 -2.2792e-01 1.0134e-01 1.0992e-03 1.0992e-03 1.0992e-03
9.8361e-01 9.9337e-01 9.8361e-01 1.0000e+00 9.8361e-01 -9.8684e-01 -9.7700e-01 2.7323e-01 -9.2215e-01 -9.2501e-01 -9.2501e-01 -9.2501e-01 -9.2501e-01 -9.2571e-01 -9.2856e-01 -9.2287e-01 2.7687e-01 -9.1434e-01 -7.4542e-01 -9.2571e-01 2.7396e-01 -9.2856e-01 -9.2856e-01 -9.2856e-01 -9.2856e-01 2.8271e-01 -9.2856e-01 -9.2856e-01 -9.2856e-01 -9.2856e-01 -8.2796e-01 -9.2571e-01 -9.2856e-01 -9.2856e-01 2.8125e-01 -9.2571e-01 -9.2571e-01 -9.2856e-01 -9.1503e-01 -9.2856e-01 -9.2856e-01 -9.2146e-01 -9.2501e-01 -9.2501e-01 2.7766e-01 -9.2146e-01 -9.2501e-01 -9.2501e-01 -9.1790e-01 -9.2501e-01 2.7766e-01 4.4802e-02 -9.2789e-01 -9.2789e-01 -9.2789e-01 -9.2789e-01 -9.2789e-01 1.1557e-01 -9.2789e-01 2.7545e-01 3.1324e-01 3.1324e-01 -8.8805e-01 -8.8805e-01 -8.8805e-01 3.1324e-01 -7.8461e-01 3.0847e-01 -8.8446e-01 3.0847e-01 -8.8446e-01 3.0847e-01 3.0847e-01 3.2362e-01 3.0847e-01 3.1324e-01 -7.8838e-01 -7.8838e-01 -7.8512e-01 -7.8838e-01 -7.8838e-01 2.7177e-01 -7.8838e-01 3.1324e-01 3.1324e-01 -7.8838e-01 3.1324e-01 -7.8838e-01 2.7250e-01 2.6742e-01 -7.8461e-01 1.9281e-01 -3.0847e-01 -3.0847e-01 -3.0697e-01 -3.0697e-01 -3.0546e-01 -3.0546e-01 8.9575e-02 -2.6910e-01 -3.2742e-01 -3.2588e-01 -2.3797e-01 -2.5046e-01 9.8268e-02 -3.0980e-03 -3.0980e-03 -3.0980e-03
1.0000e+00 9.9018e-01 1.0000e+00 9.8361e-01 1.0000e+00 -9.9017e-01 -9.9346e-01 2.6630e-01 -9.0615e-01 -9.0900e-01 -9.0900e-01 -9.0900e-01 -9.0900e-01 -9.0965e-01 -9.1250e-01 -9.0683e-01 2.7008e-01 -8.9850e-01 -7.3218e-01 -9.0965e-01 2.6706e-01 -9.1250e-01 -9.1250e-01 -9.1250e-01 -9.1250e-01 2.7612e-01 -9.1250e-01 -9.1250e-01 -9.1250e-01 -9.1250e-01 -8.1346e-01 -9.0965e-01 -9.1250e-01 -9.1250e-01 2.7461e-01 -9.0965e-01 -9.0965e-01 -9.1250e-01 -8.9914e-01 -9.1250e-01 -9.1250e-01 -9.0551e-01 -9.0900e-01 -9.0900e-01 2.7116e-01 -9.0551e-01 -9.0900e-01 -9.0900e-01 -9.0201e-01 -9.0900e-01 2.7116e-01 4.5549e-02 -9.1187e-01 -9.1187e-01 -9.1187e-01 -9.1187e-01 -9.1187e-01 9.5432e-02 -9.1187e-01 2.6887e-01 3.0783e-01 3.0783e-01 -8.7270e-01 -8.7270e-01 -8.7270e-01 3.0783e-01 -7.7095e-01 3.0315e-01 -8.6917e-01 3.0315e-01 -8.6917e-01 3.0315e-01 3.0315e-01 3.1870e-01 3.0315e-01 3.0783e-01 -7.7466e-01 -7.7466e-01 -7.7836e-01 -7.7466e-01 -7.7466e-01 2.6506e-01 -7.7466e-01 3.0783e-01 3.0783e-01 -7.7466e-01 3.0783e-01 -7.7466e-01 2.6582e-01 2.6082e-01 -7.7095e-01 1.8300e-01 -3.0315e-01 -3.0315e-01 -3.0160e-01 -3.0160e-01 -3.0005e-01 -3.0005e-01 9.1404e-02 -2.4572e-01 -3.0679e-01 -3.0519e-01 -2.1477e-01 -2.2792e-01 1.0134e-01 1.0992e-03 1.0992e-03 1.0992e-03
-9.9017e-01 -9.8023e-01 -9.9017e-01 -9.8684e-01 -9.9017e-01 1.0000e+00 9.9017e-01 -2.7700e-01 9.1566e-01 9.1216e-01 9.1216e-01 9.1216e-01 9.1216e-01 9.1916e-01 9.1566e-01 9.1632e-01 -2.8069e-01 9.0163e-01 7.3479e-01 9.1282e-01 -2.7774e-01 9.1566e-01 9.1566e-01 9.1566e-01 9.1566e-01 -2.8661e-01 9.1566e-01 9.1566e-01 9.1566e-01 9.1566e-01 8.1632e-01 9.1282e-01 9.1566e-01 9.1566e-01 -2.8513e-01 9.1282e-01 9.1282e-01 9.1566e-01 9.0227e-01 9.1566e-01 9.1566e-01 9.0865e-01 9.1216e-01 9.1216e-01 -2.8161e-01 9.0865e-01 9.1216e-01 9.1216e-01 9.0514e-01 9.1216e-01 -2.8161e-01 -4.5400e-02 9.1503e-01 9.1503e-01 9.1503e-01 9.1503e-01 9.1503e-01 -1.1711e-01 9.1503e-01 -2.7937e-01 -3.1766e-01 -3.1766e-01 8.7573e-01 8.7573e-01 8.7573e-01 -3.1766e-01 7.7364e-01 -3.1295e-01 8.7218e-01 -3.1295e-01 8.7218e-01 -3.1295e-01 -3.1295e-01 -3.2829e-01 -3.1295e-01 -3.1766e-01 7.7736e-01 7.7736e-01 7.8108e-01 7.7736e-01 7.7736e-01 -2.7564e-01 7.7736e-01 -3.1766e-01 -3.1766e-01 7.7736e-01 -3.1766e-01 7.7736e-01 -2.7639e-01 -2.7136e-01 7.7364e-01 -1.9583e-01 3.1295e-01 3.1295e-01 3.1142e-01 3.1142e-01 3.0990e-01 3.0990e-01 -9.1039e-02 2.5606e-01 3.1622e-01 3.1464e-01 2.2509e-01 2.3802e-01 -1.0073e-01 -2.6677e-04 -2.6677e-04 -2.6677e-04
-9.9346e-01 -9.8359e-01 -9.9346e-01 -9.7700e-01 -9.9346e-01 9.9017e-01 1.0000e+00 -2.7212e-01 9.1250e-01 9.0900e-01 9.0900e-01 9.0900e-01 9.0900e-01 9.1598e-01 9.1250e-01 9.1315e-01 -2.7586e-01 8.9850e-01 7.3218e-01 9.0965e-01 -2.7287e-01 9.1250e-01 9.1250e-01 9.1250e-01 9.1250e-01 -2.8185e-01 9.1250e-01 9.1250e-01 9.1250e-01 9.1250e-01 8.1346e-01 9.0965e-01 9.1250e-01 9.1250e-01 -2.8035e-01 9.0965e-01 9.0965e-01 9.1250e-01 8.9914e-01 9.1250e-01 9.1250e-01 9.0551e-01 9.0900e-01 9.0900e-01 -2.7688e-01 9.0551e-01 9.0900e-01 9.0900e-01 9.0201e-01 9.0900e-01 -2.7688e-01 -4.5549e-02 9.1187e-01 9.1187e-01 9.1187e-01 9.1187e-01 9.1187e-01 -9.5432e-02 9.1187e-01 -2.7461e-01 -3.1330e-01 -3.1330e-01 8.7270e-01 8.7270e-01 8.7270e-01 -3.1330e-01 7.7095e-01 -3.0860e-01 8.6917e-01 -3.0860e-01 8.6917e-01 -3.0860e-01 -3.0860e-01 -3.2408e-01 -3.0860e-01 -3.1330e-01 7.7466e-01 7.7466e-01 7.7836e-01 7.7466e-01 7.7466e-01 -2.7084e-01 7.7466e-01 -3.1330e-01 -3.1330e-01 7.7466e-01 -3.1330e-01 7.7466e-01 -2.7159e-01 -2.6658e-01 7.7095e-01 -1.8979e-01 3.0860e-01 3.0860e-01 3.0706e-01 3.0706e-01 3.0553e-01 3.0553e-01 -9.1404e-02 2.5142e-01 3.1213e-01 3.1053e-01 2.2048e-01 2.3354e-01 -1.0134e-01 -1.0992e-03 -1.0992e-03 -1.0992e-03
2.6630e-01 2.6341e-01 2.6630e-01 2.7323e-01 2.6630e-01 -2.7700e-01 -2.7212e-01 1.0000e+00 -2.9852e-01 -2.9760e-01 -2.9760e-01 -2.9760e-01 -2.9760e-01 -2.9944e-01 -2.9852e-01 -3.0035e-01 9.8723e-01 -2.9484e-01 -2.4302e-01 -2.9381e-01 9.9742e-01 -2.9852e-01 -2.9852e-01 -2.9852e-01 -2.9852e-01 9.6744e-01 -2.9852e-01 -2.9852e-01 -2.9852e-01 -2.9852e-01 -2.6849e-01 -2.9944e-01 -2.9852e-01 -2.9852e-01 9.5699e-01 -2.9381e-01 -2.9381e-01 -2.9852e-01 -2.9102e-01 -2.9852e-01 -2.9852e-01 -2.9668e-01 -2.9760e-01 -2.9760e-01 9.6502e-01 -2.9668e-01 -2.9760e-01 -2.9760e-01 -2.9576e-01 -2.9760e-01 9.6502e-01 -5.6236e-02 -2.9668e-01 -2.9668e-01 -2.9668e-01 -2.9668e-01 -2.9668e-01 4.1406e-01 -2.9668e-01 9.1104e-01 8.0241e-01 8.0241e-01 -2.8468e-01 -2.8468e-01 -2.8468e-01 8.0241e-01 -2.5645e-01 8.0050e-01 -2.8376e-01 8.0050e-01 -2.8376e-01 8.0050e-01 8.0050e-01 7.6372e-01 8.0050e-01 8.0241e-01 -2.5740e-01 -2.5740e-01 -2.5836e-01 -2.5740e-01 -2.5740e-01 9.1794e-01 -2.5740e-01 8.0241e-01 8.0241e-01 -2.5740e-01 8.0241e-01 -2.5740e-01 9.2065e-01 9.0798e-01 -2.5645e-01 6.6192e-01 -7.9079e-01 -7.9079e-01 -7.8975e-01 -7.8975e-01 -7.9845e-01 -7.9845e-01 3.5463e-01 -8.7440e-01 -7.1916e-01 -7.2255e-01 -8.2538e-01 -7.8565e-01 -4.9772e-02 -4.7374e-02 -4.7374e-02 -4.7374e-02
-9.0615e-01 -9.1568e-01 -9.0615e-01 -9.2215e-01 -9.0615e-01 9.1566e-01 9.1250e-01 -2.9852e-01 1.0000e+00 9.9692e-01 9.9692e-01 9.9692e-01 9.9692e-01 9.9694e-01 9.9385e-01 9.9389e-01 -3.0238e-01 9.8149e-01 8.3548e-01 9.9080e-01 -2.9929e-01 9.9385e-01 9.9385e-01 9.9385e-01 9.9385e-01 -3.0857e-01 9.9385e-01 9.9385e-01 9.9385e-01 9.9385e-01 9.0636e-01 9.9080e-01 9.9385e-01 9.9385e-01 -3.0702e-01 9.9080e-01 9.9080e-01 9.9385e-01 9.8150e-01 9.9385e-01 9.9385e-01 9.8768e-01 9.9076e-01 9.9076e-01 -3.0379e-01 9.8768e-01 9.9076e-01 9.9076e-01 9.8459e-01 9.9076e-01 -3.0379e-01 -4.7918e-02 9.8768e-01 9.8768e-01 9.8768e-01 9.8768e-01 9.8768e-01 -1.2360e-01 9.8768e-01 -3.0145e-01 -3.4154e-01 -3.4154e-01 9.4733e-01 9.4733e-01 9.4733e-01 -3.4154e-01 8.5907e-01 -3.3704e-01 9.4421e-01 -3.3704e-01 9.4421e-01 -3.3704e-01 -3.3704e-01 -3.5314e-01 -3.3704e-01 -3.4154e-01 8.6228e-01 8.6228e-01 8.5874e-01 8.6228e-01 8.6228e-01 -2.9755e-01 8.6228e-01 -3.4154e-01 -3.4154e-01 8.6228e-01 -3.4154e-01 8.6228e-01 -2.9833e-01 -2.9353e-01 8.5907e-01 -2.1507e-01 3.3704e-01 3.3704e-01 3.3544e-01 3.3544e-01 3.3384e-01 3.3384e-01 -9.7177e-02 2.9587e-01 3.5774e-01 3.5609e-01 2.6579e-01 2.7895e-01 -6.8479e-02 -1.3987e-02 -1.3987e-02 -1.3987e-02
-9.0900e-01 -9.1854e-01 -9.0900e-01 -9.2501e-01 -9.0900e-01 9.1216e-01 9.0900e-01 -2.9760e-01 9.9692e-01 1.0000e+00 1.0000e+00 1.0000e+00 1.0000e+00 9.9387e-01 9.9692e-01 9.9084e-01 -3.0145e-01 9.8453e-01 8.3808e-01 9.9387e-01 -2.9837e-01 9.9692e-01 9.9692e-01 9.9692e-01 9.9692e-01 -3.0762e-01 9.9692e-01 9.9692e-01 9.9692e-01 9.9692e-01 9.0918e-01 9.9387e-01 9.9692e-01 9.9692e-01 -3.0607e-01 9.9387e-01 9.9387e-01 9.9692e-01 9.8455e-01 9.9692e-01 9.9692e-01 9.9073e-01 9.9383e-01 9.9383e-01 -3.0283e-01 9.9073e-01 9.9383e-01 9.9383e-01 9.8763e-01 9.9383e-01 -3.0283e-01 -4.7771e-02 9.9073e-01 9.9073e-01 9.9073e-01 9.9073e-01 9.9073e-01 -1.2322e-01 9.9073e-01 -3.0050e-01 -3.4046e-01 -3.4046e-01 9.5026e-01 9.5026e-01 9.5026e-01 -3.4046e-01 8.6172e-01 -3.3595e-01 9.4713e-01 -3.3595e-01 9.4713e-01 -3.3595e-01 -3.3595e-01 -3.5200e-01 -3.3595e-01 -3.4046e-01 8.6494e-01 8.6494e-01 8.6139e-01 8.6494e-01 8.6494e-01 -2.9661e-01 8.6494e-01 -3.4046e-01 -3.4046e-01 8.6494e-01 -3.4046e-01 8.6494e-01 -2.9739e-01 -2.9257e-01 8.6172e-01 -2.1435e-01 3.3595e-01 3.3595e-01 3.3436e-01 3.3436e-01 3.3277e-01 3.3277e-01 -9.6820e-02 2.9488e-01 3.5656e-01 3.5492e-01 2.6475e-01 2.7788e-01 -6.7810e-02 -1.3204e-02 -1.3204e-02 -1.3204e-02
-9.0900e-01 -9.1854e-01 -9.0900e-01 -9.2501e-01 -9.0900e-01 9.1216e-01 9.0900e-01 -2.9760e-01 9.9692e-01 1.0000e+00 1.0000e+00 1.0000e+00 1.0000e+00 9.9387e-01 9.9692e-01 9.9084e-01 -3.0145e-01 9.8453e-01 8.3808e-01 9.9387e-01 -2.9837e-01 9.9692e-01 9.9692e-01 9.9692e-01 9.9692e-01 -3.0762e-01 9.9692e-01 9.9692e-01 9.9692e-01 9.9692e-01 9.0918e-01 9.9387e-01 9.9692e-01 9.9692e-01 -3.0607e-01 9.9387e-01 9.9387e-01 9.9692e-01 9.8455e-01 9.9692e-01 9.9692e-01 9.9073e-01 9.9383e-01 9.9383e-01 -3.0283e-01 9.9073e-01 9.9383e-01 9.9383e-01 9.8763e-01 9.9383e-01 -3.0283e-01 -4.7771e-02 9.9073e-01 9.9073e-01 9.9073e-01 9.9073e-01 9.9073e-01 -1.2322e-01 9.9073e-01 -3.0050e-01 -3.4046e-01 -3.4046e-01 9.5026e-01 9.5026e-01 9.5026e-01 -3.4046e-01 8.6172e-01 -3.3595e-01 9.4713e-01 -3.3595e-01 9.4713e-01 -3.3595e-01 -3.3595e-01 -3.5200e-01 -3.3595e-01 -3.4046e-01 8.6494e-01 8.6494e-01 8.6139e-01 8.6494e-01 8.6494e-01 -2.9661e-01 8.6494e-01 -3.4046e-01 -3.4046e-01 8.6494e-01 -3.4046e-01 8.6494e-01 -2.9739e-01 -2.9257e-01 8.6172e-01 -2.1435e-01 3.3595e-01 3.3595e-01 3.3436e-01 3.3436e-01 3.3277e-01 3.3277e-01 -9.6820e-02 2.9488e-01 3.5656e-01 3.5492e-01 2.6475e-01 2.7788e-01 -6.7810e-02 -1.3204e-02 -1.3204e-02 -1.3204e-02
-9.0900e-01 -9.1854e-01 -9.0900e-01 -9.2501e-01 -9.0900e-01 9.1216e-01 9.0900e-01 -2.9760e-01 9.9692e-01 1.0000e+00 1.0000e+00 1.0000e+00 1.0000e+00 9.9387e-01 9.9692e-01 9.9084e-01 -3.0145e-01 9.8453e-01 8.3808e-01 9.9387e-01 -2.9837e-01 9.9692e-01 9.9692e-01 9.9692e-01 9.9692e-01 -3.0762e-01 9.9692e-01 9.9692e-01 9.9692e-01 9.9692e-01 9.0918e-01 9.9387e-01 9.9692e-01 9.9692e-01 -3.0607e-01 9.9387e-01 9.9387e-01 9.9692e-01 9.8455e-01 9.9692e-01 9.9692e-01 9.9073e-01 9.9383e-01 9.9383e-01 -3.0283e-01 9.9073e-01 9.9383e-01 9.9383e-01 9.8763e-01 9.9383e-01 -3.0283e-01 -4.7771e-02 9.9073e-01 9.9073e-01 9.9073e-01 9.9073e-01 9.9073e-01 -1.2322e-01 9.9073e-01 -3.0050e-01 -3.4046e-01 -3.4046e-01 9.5026e-01 9.5026e-01 9.5026e-01 -3.4046e-01 8.6172e-01 -3.3595e-01 9.4713e-01 -3.3595e-01 9.4713e-01 -3.3595e-01 -3.3595e-01 -3.5200e-01 -3.3595e-01 -3.4046e-01 8.6494e-01 8.6494e-01 8.6139e-01 8.6494e-01 8.6494e-01 -2.9661e-01 8.6494e-01 -3.4046e-01 -3.4046e-01 8.6494e-01 -3.4046e-01 8.6494e-01 -2.9739e-01 -2.9257e-01 8.6172e-01 -2.1435e-01 3.3595e-01 3.3595e-01 3.3436e-01 3.3436e-01 3.3277e-01 3.3277e-01 -9.6820e-02 2.9488e-01 3.5656e-01 3.5492e-01 2.6475e-01 2.7788e-01 -6.7810e-02 -1.3204e-02 -1.3204e-02 -1.3204e-02
-9.0900e-01 -9.1854e-01 -9.0900e-01 -9.2501e-01 -9.0900e-01 9.1216e-01 9.0900e-01 -2.9760e-01 9.9692e-01 1.0000e+00 1.0000e+00 1.0000e+00 1.0000e+00 9.9387e-01 9.9692e-01 9.9084e-01 -3.0145e-01 9.8453e-01 8.3808e-01 9.9387e-01 -2.9837e-01 9.9692e-01 9.9692e-01 9.9692e-01 9.9692e-01 -3.0762e-01 9.9692e-01 9.9692e-01 9.9692e-01 9.9692e-01 9.0918e-01 9.9387e-01 9.9692e-01 9.9692e-01 -3.0607e-01 9.9387e-01 9.9387e-01 9.9692e-01 9.8455e-01 9.9692e-01 9.9692e-01 9.9073e-01 9.9383e-01 9.9383e-01 -3.0283e-01 9.9073e-01 9.9383e-01 9.9383e-01 9.8763e-01 9.9383e-01 -3.0283e-01 -4.7771e-02 9.9073e-01 9.9073e-01 9.9073e-01 9.9073e-01 9.9073e-01 -1.2322e-01 9.9073e-01 -3.0050e-01 -3.4046e-01 -3.4046e-01 9.5026e-01 9.5026e-01 9.5026e-01 -3.4046e-01 8.6172e-01 -3.3595e-01 9.4713e-01 -3.3595e-01 9.4713e-01 -3.3595e-01 -3.3595e-01 -3.5200e-01 -3.3595e-01 -3.4046e-01 8.6494e-01 8.6494e-01 8.6139e-01 8.6494e-01 8.6494e-01 -2.9661e-01 8.6494e-01 -3.4046e-01 -3.4046e-01 8.6494e-01 -3.4046e-01 8.6494e-01 -2.9739e-01 -2.9257e-01 8.6172e-01 -2.1435e-01 3.3595e-01 3.3595e-01 3.3436e-01 3.3436e-01 3.3277e-01 3.3277e-01 -9.6820e-02 2.9488e-01 3.5656e-01 3.5492e-01 2.6475e-01 2.7788e-01 -6.7810e-02 -1.3204e-02 -1.3204e-02 -1.3204e-02
-9.0965e-01 -9.1922e-01 -9.0965e-01 -9.2571e-01 -9.0965e-01 9.1916e-01 9.1598e-01 -2.9944e-01 9.9694e-01 9.9387e-01 9.9387e-01 9.9387e-01 9.9387e-01 1.0000e+00 9.9694e-01 9.9695e-01 -3.0331e-01 9.8466e-01 8.3967e-01 9.9387e-01 -3.0021e-01 9.9694e-01 9.9694e-01 9.9694e-01 9.9694e-01 -3.0951e-01 9.9694e-01 9.9694e-01 9.9694e-01 9.9694e-01 9.1004e-01 9.9387e-01 9.9694e-01 9.9694e-01 -3.0796e-01 9.9387e-01 9.9387e-01 9.9694e-01 9.8464e-01 9.9694e-01 9.9694e-01 9.9080e-01 9.9387e-01 9.9387e-01 -3.0475e-01 9.9080e-01 9.9387e-01 9.9387e-01 9.8773e-01 9.9387e-01 -3.0475e-01 -4.8066e-02 9.9080e-01 9.9080e-01 9.9080e-01 9.9080e-01 9.9080e-01 -1.2398e-01 9.9080e-01 -3.0241e-01 -3.4261e-01 -3.4261e-01 9.5073e-01 9.5073e-01 9.5073e-01 -3.4261e-01 8.5644e-01 -3.3813e-01 9.4764e-01 -3.3813e-01 9.4764e-01 -3.3813e-01 -3.3813e-01 -3.5427e-01 -3.3813e-01 -3.4261e-01 8.5964e-01 8.5964e-01 8.5610e-01 8.5964e-01 8.5964e-01 -2.9850e-01 8.5964e-01 -3.4261e-01 -3.4261e-01 8.5964e-01 -3.4261e-01 8.5964e-01 -2.9928e-01 -2.9448e-01 8.5644e-01 -2.1580e-01 3.3813e-01 3.3813e-01 3.3652e-01 3.3652e-01 3.3492e-01 3.3492e-01 -9.7534e-02 2.9686e-01 3.5891e-01 3.5727e-01 2.6682e-01 2.8002e-01 -6.9147e-02 -1.4768e-02 -1.4768e-02 -1.4768e-02
-9.1250e-01 -9.2206e-01 -9.1250e-01 -9.2856e-01 -9.1250e-01 9.1566e-01 9.1250e-01 -2.9852e-01 9.9385e-01 9.9692e-01 9.9692e-01 9.9692e-01 9.9692e-01 9.9694e-01 1.0000e+00 9.9389e-01 -3.0238e-01 9.8769e-01 8.4227e-01 9.9694e-01 -2.9929e-01 1.0000e+00 1.0000e+00 1.0000e+00 1.0000e+00 -3.0857e-01 1.0000e+00 1.0000e+00 1.0000e+00 1.0000e+00 9.1284e-01 9.9694e-01 1.0000e+00 1.0000e+00 -3.0702e-01 9.9694e-01 9.9694e-01 1.0000e+00 9.8768e-01 1.0000e+00 1.0000e+00 9.9385e-01 9.9692e-01 9.9692e-01 -3.0379e-01 9.9385e-01 9.9692e-01 9.9692e-01 9.9077e-01 9.9692e-01 -3.0379e-01 -4.7918e-02 9.9385e-01 9.9385e-01 9.9385e-01 9.9385e-01 9.9385e-01 -1.2360e-01 9.9385e-01 -3.0145e-01 -3.4154e-01 -3.4154e-01 9.5366e-01 9.5366e-01 9.5366e-01 -3.4154e-01 8.5907e-01 -3.3704e-01 9.5055e-01 -3.3704e-01 9.5055e-01 -3.3704e-01 -3.3704e-01 -3.5314e-01 -3.3704e-01 -3.4154e-01 8.6228e-01 8.6228e-01 8.5874e-01 8.6228e-01 8.6228e-01 -2.9755e-01 8.6228e-01 -3.4154e-01 -3.4154e-01 8.6228e-01 -3.4154e-01 8.6228e-01 -2.9833e-01 -2.9353e-01 8.5907e-01 -2.1507e-01 3.3704e-01 3.3704e-01 3.3544e-01 3.3544e-01 3.3384e-01 3.3384e-01 -9.7177e-02 2.9587e-01 3.5774e-01 3.5609e-01 2.6579e-01 2.7895e-01 -6.8479e-02 -1.3987e-02 -1.3987e-02 -1.3987e-02
-9.0683e-01 -9.1639e-01 -9.0683e-01 -9.2287e-01 -9.0683e-01 9.1632e-01 9.1315e-01 -3.0035e-01 9.9389e-01 9.9084e-01 9.9084e-01 9.9084e-01 9.9084e-01 9.9695e-01 9.9389e-01 1.0000e+00 -3.0424e-01 9.8165e-01 8.3709e-01 9.9083e-01 -3.0113e-01 9.9389e-01 9.9389e-01 9.9389e-01 9.9389e-01 -3.1046e-01 9.9389e-01 9.9389e-01 9.9389e-01 9.9389e-01 9.0725e-01 9.9083e-01 9.9389e-01 9.9389e-01 -3.0891e-01 9.9083e-01 9.9083e-01 9.9389e-01 9.8163e-01 9.9389e-01 9.9389e-01 9.8778e-01 9.9084e-01 9.9084e-01 -3.0571e-01 9.8778e-01 9.9084e-01 9.9084e-01 9.8472e-01 9.9084e-01 -3.0571e-01 -4.8213e-02 9.8778e-01 9.8778e-01 9.8778e-01 9.8778e-01 9.8778e-01 -1.2436e-01 9.8778e-01 -3.0336e-01 -3.4369e-01 -3.4369e-01 9.4783e-01 9.4783e-01 9.4783e-01 -3.4369e-01 8.5382e-01 -3.3922e-01 9.4474e-01 -3.3922e-01 9.4474e-01 -3.3922e-01 -3.3922e-01 -3.5541e-01 -3.3922e-01 -3.4369e-01 8.5701e-01 8.5701e-01 8.5347e-01 8.5701e-01 8.5701e-01 -2.9944e-01 8.5701e-01 -3.4369e-01 -3.4369e-01 8.5701e-01 -3.4369e-01 8.5701e-01 -3.0022e-01 -2.9544e-01 8.5382e-01 -2.1652e-01 3.3922e-01 3.3922e-01 3.3761e-01 3.3761e-01 3.3600e-01 3.3600e-01 -9.7891e-02 2.9785e-01 3.6009e-01 3.5844e-01 2.6785e-01 2.8109e-01 -6.9813e-02 -1.5546e-02 -1.5546e-02 -1.5546e-02
2.7008e-01 2.6715e-01 2.7008e-01 2.7687e-01 2.7008e-01 -2.8069e-01 -2.7586e-01 9.8723e-01 -3.0238e-01 -3.0145e-01 -3.0145e-01 -3.0145e-01 -3.0145e-01 -3.0331e-01 -3.0238e-01 -3.0424e-01 1.0000e+00 -2.9866e-01 -2.4641e-01 -2.9771e-01 9.8978e-01 -3.0238e-01 -3.0238e-01 -3.0238e-01 -3.0238e-01 9.5970e-01 -3.0238e-01 -3.0238e-01 -3.0238e-01 -3.0238e-01 -2.7208e-01 -3.0331e-01 -3.0238e-01 -3.0238e-01 9.4937e-01 -2.9771e-01 -2.9771e-01 -3.0238e-01 -2.9489e-01 -3.0238e-01 -3.0238e-01 -3.0052e-01 -3.0145e-01 -3.0145e-01 9.5727e-01 -3.0052e-01 -3.0145e-01 -3.0145e-01 -2.9959e-01 -3.0145e-01 9.5727e-01 -5.6964e-02 -3.0052e-01 -3.0052e-01 -3.0052e-01 -3.0052e-01 -3.0052e-01 4.0877e-01 -3.0052e-01 9.0370e-01 7.9459e-01 7.9459e-01 -2.8837e-01 -2.8837e-01 -2.8837e-01 7.9459e-01 -2.5977e-01 7.9267e-01 -2.8743e-01 7.9267e-01 -2.8743e-01 7.9267e-01 7.9267e-01 7.5569e-01 7.9267e-01 7.9459e-01 -2.6074e-01 -2.6074e-01 -2.6170e-01 -2.6074e-01 -2.6074e-01 9.1067e-01 -2.6074e-01 7.9459e-01 7.9459e-01 -2.6074e-01 7.9459e-01 -2.6074e-01 9.1334e-01 9.0073e-01 -2.5977e-01 6.5879e-01 -7.8302e-01 -7.8302e-01 -7.8203e-01 -7.8203e-01 -7.9072e-01 -7.9072e-01 3.5002e-01 -8.6712e-01 -7.1115e-01 -7.1455e-01 -8.1846e-01 -7.7861e-01 -5.3086e-02 -5.0766e-02 -5.0766e-02 -5.0766e-02
-8.9850e-01 -9.0794e-01 -8.9850e-01 -9.1434e-01 -8.9850e-01 9.0163e-01 8.9850e-01 -2.9484e-01 9.8149e-01 9.8453e-01 9.8453e-01 9.8453e-01 9.8453e-01 9.8466e-01 9.8769e-01 9.8165e-01 -2.9866e-01 1.0000e+00 8.2546e-01 9.8466e-01 -2.9560e-01 9.8769e-01 9.8769e-01 9.8769e-01 9.8769e-01 -3.0477e-01 9.8769e-01 9.8769e-01 9.8769e-01 9.8769e-01 8.9815e-01 9.8466e-01 9.8769e-01 9.8769e-01 -3.0324e-01 9.8466e-01 9.8466e-01 9.8769e-01 9.7515e-01 9.8769e-01 9.8769e-01 9.8137e-01 9.8453e-01 9.8453e-01 -2.9994e-01 9.8137e-01 9.8453e-01 9.8453e-01 9.7820e-01 9.8453e-01 -2.9994e-01 -4.7328e-02 9.8137e-01 9.8137e-01 9.8137e-01 9.8137e-01 9.8137e-01 -1.2208e-01 9.8137e-01 -2.9763e-01 -3.3723e-01 -3.3723e-01 9.4004e-01 9.4004e-01 9.4004e-01 -3.3723e-01 8.6978e-01 -3.3268e-01 9.3684e-01 -3.3268e-01 9.3684e-01 -3.3268e-01 -3.3268e-01 -3.4858e-01 -3.3268e-01 -3.3723e-01 8.7303e-01 8.7303e-01 8.6948e-01 8.7303e-01 8.7303e-01 -2.9378e-01 8.7303e-01 -3.3723e-01 -3.3723e-01 8.7303e-01 -3.3723e-01 8.7303e-01 -2.9455e-01 -2.8969e-01 8.6978e-01 -2.1216e-01 3.3268e-01 3.3268e-01 3.3110e-01 3.3110e-01 3.2952e-01 3.2952e-01 -9.5744e-02 2.9190e-01 3.5303e-01 3.5140e-01 2.6164e-01 2.7466e-01 -7.4348e-02 -1.0837e-02 -1.0837e-02 -1.0837e-02
-7.3218e-01 -7.4007e-01 -7.3218e-01 -7.4542e-01 -7.3218e-01 7.3479e-01 7.3218e-01 -2.4302e-01 8.3548e-01 8.3808e-01 8.3808e-01 8.3808e-01 8.3808e-01 8.3967e-01 8.4227e-01 8.3709e-01 -2.4641e-01 8.2546e-01 1.0000e+00 8.3967e-01 -2.4370e-01 8.4227e-01 8.4227e-01 8.4227e-01 8.4227e-01 -2.5182e-01 8.4227e-01 8.4227e-01 8.4227e-01 8.4227e-01 7.3052e-01 8.3967e-01 8.4227e-01 8.4227e-01 -2.5046e-01 8.3967e-01 8.3967e-01 8.4227e-01 8.2706e-01 8.4227e-01 8.4227e-01 8.4070e-01 8.4489e-01 8.4489e-01 -2.4636e-01 8.4070e-01 8.4489e-01 8.3808e-01 8.2967e-01 8.3808e-01 -2.4636e-01 -4.1011e-02 8.3388e-01 8.3388e-01 8.3388e-01 8.3388e-01 8.3388e-01 -1.0579e-01 8.3388e-01 -2.4431e-01 -2.7929e-01 -2.7929e-01 8.6248e-01 8.6248e-01 8.6248e-01 -2.7929e-01 7.3414e-01 -2.7413e-01 8.5834e-01 -2.7413e-01 8.5834e-01 -2.7413e-01 -2.7413e-01 -2.8812e-01 -2.7413e-01 -2.7929e-01 7.3857e-01 7.3857e-01 7.3554e-01 7.3857e-01 7.3857e-01 -2.4089e-01 7.3857e-01 -2.7929e-01 -2.7929e-01 7.3857e-01 -2.7929e-01 7.3857e-01 -2.4158e-01 -2.3609e-01 7.3414e-01 -1.6624e-01 2.7413e-01 2.7413e-01 2.7274e-01 2.7274e-01 2.7135e-01 2.7135e-01 -8.0190e-02 2.4299e-01 2.9659e-01 2.9518e-01 2.1031e-01 2.2789e-01 -4.4713e-02 -2.1713e-03 -2.1713e-03 -2.1713e-03
-9.0965e-01 -9.1922e-01 -9.0965e-01 -9.2571e-01 -9.0965e-01 9.1282e-01 9.0965e-01 -2.9381e-01 9.9080e-01 9.9387e-01 9.9387e-01 9.9387e-01 9.9387e-01 9.9387e-01 9.9694e-01 9.9083e-01 -2.9771e-01 9.8466e-01 8.3967e-01 1.0000e+00 -2.9459e-01 9.9694e-01 9.9694e-01 9.9694e-01 9.9694e-01 -3.0397e-01 9.9694e-01 9.9694e-01 9.9694e-01 9.9694e-01 9.1004e-01 9.9387e-01 9.9694e-01 9.9694e-01 -3.0241e-01 9.9387e-01 9.9387e-01 9.9694e-01 9.8464e-01 9.9694e-01 9.9694e-01 9.9080e-01 9.9387e-01 9.9387e-01 -2.9922e-01 9.9080e-01 9.9387e-01 9.9387e-01 9.8773e-01 9.9387e-01 -2.9922e-01 -4.8066e-02 9.9080e-01 9.9080e-01 9.9080e-01 9.9080e-01 9.9080e-01 -1.2398e-01 9.9080e-01 -2.9685e-01 -3.3733e-01 -3.3733e-01 9.5073e-01 9.5073e-01 9.5073e-01 -3.3733e-01 8.5644e-01 -3.3285e-01 9.4764e-01 -3.3285e-01 9.4764e-01 -3.3285e-01 -3.3285e-01 -3.4907e-01 -3.3285e-01 -3.3733e-01 8.5964e-01 8.5964e-01 8.5610e-01 8.5964e-01 8.5964e-01 -2.9291e-01 8.5964e-01 -3.3733e-01 -3.3733e-01 8.5964e-01 -3.3733e-01 8.5964e-01 -2.9370e-01 -2.8891e-01 8.5644e-01 -2.0923e-01 3.3285e-01 3.3285e-01 3.3124e-01 3.3124e-01 3.2962e-01 3.2962e-01 -9.7534e-02 2.9135e-01 3.5375e-01 3.5210e-01 2.6129e-01 2.7459e-01 -6.9147e-02 -1.4768e-02 -1.4768e-02 -1.4768e-02
2.6706e-01 2.6415e-01 2.6706e-01 2.7396e-01 2.6706e-01 -2.7774e-01 -2.7287e-01 9.9742e-01 -2.9929e-01 -2.9837e-01 -2.9837e-01 -2.9837e-01 -2.9837e-01 -3.0021e-01 -2.9929e-01 -3.0113e-01 9.8978e-01 -2.9560e-01 -2.4370e-01 -2.9459e-01 1.0000e+00 -2.9929e-01 -2.9929e-01 -2.9929e-01 -2.9929e-01 9.6994e-01 -2.9929e-01 -2.9929e-01 -2.9929e-01 -2.9929e-01 -2.6921e-01 -3.0021e-01 -2.9929e-01 -2.9929e-01 9.5953e-01 -2.9459e-01 -2.9459e-01 -2.9929e-01 -2.9179e-01 -2.9929e-01 -2.9929e-01 -2.9745e-01 -2.9837e-01 -2.9837e-01 9.6751e-01 -2.9745e-01 -2.9837e-01 -2.9837e-01 -2.9653e-01 -2.9837e-01 9.6751e-01 -5.6382e-02 -2.9745e-01 -2.9745e-01 -2.9745e-01 -2.9745e-01 -2.9745e-01 4.1299e-01 -2.9745e-01 9.1363e-01 8.0471e-01 8.0471e-01 -2.8542e-01 -2.8542e-01 -2.8542e-01 8.0471e-01 -2.5711e-01 8.0279e-01 -2.8449e-01 8.0279e-01 -2.8449e-01 8.0279e-01 8.0279e-01 7.6592e-01 8.0279e-01 8.0471e-01 -2.5807e-01 -2.5807e-01 -2.5903e-01 -2.5807e-01 -2.5807e-01 9.2057e-01 -2.5807e-01 8.0471e-01 8.0471e-01 -2.5807e-01 8.0471e-01 -2.5807e-01 9.2327e-01 9.1061e-01 -2.5711e-01 6.6611e-01 -7.9310e-01 -7.9310e-01 -7.9207e-01 -7.9207e-01 -8.0078e-01 -8.0078e-01 3.5370e-01 -8.7697e-01 -7.2133e-01 -7.2473e-01 -8.2804e-01 -7.8822e-01 -5.0437e-02 -4.8055e-02 -4.8055e-02 -4.8055e-02
-9.1250e-01 -9.2206e-01 -9.1250e-01 -9.2856e-01 -9.1250e-01 9.1566e-01 9.1250e-01 -2.9852e-01 9.9385e-01 9.9692e-01 9.9692e-01 9.9692e-01 9.9692e-01 9.9694e-01 1.0000e+00 9.9389e-01 -3.0238e-01 9.8769e-01 8.4227e-01 9.9694e-01 -2.9929e-01 1.0000e+00 1.0000e+00 1.0000e+00 1.0000e+00 -3.0857e-01 1.0000e+00 1.0000e+00 1.0000e+00 1.0000e+00 9.1284e-01 9.9694e-01 1.0000e+00 1.0000e+00 -3.0702e-01 9.9694e-01 9.9694e-01 1.0000e+00 9.8768e-01 1.0000e+00 1.0000e+00 9.9385e-01 9.9692e-01 9.9692e-01 -3.0379e-01 9.9385e-01 9.9692e-01 9.9692e-01 9.9077e-01 9.9692e-01 -3.0379e-01 -4.7918e-02 9.9385e-01 9.9385e-01 9.9385e-01 9.9385e-01 9.9385e-01 -1.2360e-01 9.9385e-01 -3.0145e-01 -3.4154e-01 -3.4154e-01 9.5366e-01 9.5366e-01 9.5366e-01 -3.4154e-01 8.5907e-01 -3.3704e-01 9.5055e-01 -3.3704e-01 9.5055e-01 -3.3704e-01 -3.3704e-01 -3.5314e-01 -3.3704e-01 -3.4154e-01 8.6228e-01 8.6228e-01 8.5874e-01 8.6228e-01 8.6228e-01 -2.9755e-01 8.6228e-01 -3.4154e-01 -3.4154e-01 8.6228e-01 -3.4154e-01 8.6228e-01 -2.9833e-01 -2.9353e-01 8.5907e-01 -2.1507e-01 3.3704e-01 3.3704e-01 3.3544e-01 3.3544e-01 3.3384e-01 3.3384e-01 -9.7177e-02 2.9587e-01 3.5774e-01 3.5609e-01 2.6579e-01 2.7895e-01 -6.8479e-02 -1.3987e-02 -1.3987e-02 -1.3987e-02
-9.1250e-01 -9.2206e-01 -9.1250e-01 -9.2856e-01 -9.1250e-01 9.1566e-01 9.1250e-01 -2.9852e-01 9.9385e-01 9.9692e-01 9.9692e-01 9.9692e-01 9.9692e-01 9.9694e-01 1.0000e+00 9.9389e-01 -3.0238e-01 9.8769e-01 8.4227e-01 9.9694e-01 -2.9929e-01 1.0000e+00 1.0000e+00 1.0000e+00 1.0000e+00 -3.0857e-01 1.0000e+00 1.0000e+00 1.0000e+00 1.0000e+00 9.1284e-01 9.9694e-01 1.0000e+00 1.0000e+00 -3.0702e-01 9.9694e-01 9.9694e-01 1.0000e+00 9.8768e-01 1.0000e+00 1.0000e+00 9.9385e-01 9.9692e-01 9.9692e-01 -3.0379e-01 9.9385e-01 9.9692e-01 9.9692e-01 9.9077e-01 9.9692e-01 -3.0379e-01 -4.7918e-02 9.9385e-01 9.9385e-01 9.9385e-01 9.9385e-01 9.9385e-01 -1.2360e-01 9.9385e-01 -3.0145e-01 -3.4154e-01 -3.4154e-01 9.5366e-01 9.5366e-01 9.5366e-01 -3.4154e-01 8.5907e-01 -3.3704e-01 9.5055e-01 -3.3704e-01 9.5055e-01 -3.3704e-01 -3.3704e-01 -3.5314e-01 -3.3704e-01 -3.4154e-01 8.6228e-01 8.6228e-01 8.5874e-01 8.6228e-01 8.6228e-01 -2.9755e-01 8.6228e-01 -3.4154e-01 -3.4154e-01 8.6228e-01 -3.4154e-01 8.6228e-01 -2.9833e-01 -2.9353e-01 8.5907e-01 -2.1507e-01 3.3704e-01 3.3704e-01 3.3544e-01 3.3544e-01 3.3384e-01 3.3384e-01 -9.7177e-02 2.9587e-01 3.5774e-01 3.5609e-01 2.6579e-01 2.7895e-01 -6.8479e-02 -1.3987e-02 -1.3987e-02 -1.3987e-02
-9.1250e-01 -9.2206e-01 -9.1250e-01 -9.2856e-01 -9.1250e-01 9.1566e-01 9.1250e-01 -2.9852e-01 9.9385e-01 9.9692e-01 9.9692e-01 9.9692e-01 9.9692e-01 9.9694e-01 1.0000e+00 9.9389e-01 -3.0238e-01 9.8769e-01 8.4227e-01 9.9694e-01 -2.9929e-01 1.0000e+00 1.0000e+00 1.0000e+00 1.0000e+00 -3.0857e-01 1.0000e+00 1.0000e+00 1.0000e+00 1.0000e+00 9.1284e-01 9.9694e-01 1.0000e+00 1.0000e+00 -3.0702e-01 9.9694e-01 9.9694e-01 1.0000e+00 9.8768e-01 1.0000e+00 1.0000e+00 9.9385e-01 9.9692e-01 9.9692e-01 -3.0379e-01 9.9385e-01 9.9692e-01 9.9692e-01 9.9077e-01 9.9692e-01 -3.0379e-01 -4.7918e-02 9.9385e-01 9.9385e-01 9.9385e-01 9.9385e-01 9.9385e-01 -1.2360e-01 9.9385e-01 -3.0145e-01 -3.4154e-01 -3.4154e-01 9.5366e-01 9.5366e-01 9.5366e-01 -3.4154e-01 8.5907e-01 -3.3704e-01 9.5055e-01 -3.3704e-01 9.5055e-01 -3.3704e-01 -3.3704e-01 -3.5314e-01 -3.3704e-01 -3.4154e-01 8.6228e-01 8.6228e-01 8.5874e-01 8.6228e-01 8.6228e-01 -2.9755e-01 8.6228e-01 -3.4154e-01 -3.4154e-01 8.6228e-01 -3.4154e-01 8.6228e-01 -2.9833e-01 -2.9353e-01 8.5907e-01 -2.1507e-01 3.3704e-01 3.3704e-01 3.3544e-01 3.3544e-01 3.3384e-01 3.3384e-01 -9.7177e-02 2.9587e-01 3.5774e-01 3.5609e-01 2.6579e-01 2.7895e-01 -6.8479e-02 -1.3987e-02 -1.3987e-02 -1.3987e-02
-9.1250e-01 -9.2206e-01 -9.1250e-01 -9.2856e-01 -9.1250e-01 9.1566e-01 9.1250e-01 -2.9852e-01 9.9385e-01 9.9692e-01 9.9692e-01 9.9692e-01 9.9692e-01 9.9694e-01 1.0000e+00 9.9389e-01 -3.0238e-01 9.8769e-01 8.4227e-01 9.9694e-01 -2.9929e-01 1.0000e+00 1.0000e+00 1.0000e+00 1.0000e+00 -3.0857e-01 1.0000e+00 1.0000e+00 1.0000e+00 1.0000e+00 9.1284e-01 9.9694e-01 1.0000e+00 1.0000e+00 -3.0702e-01 9.9694e-01 9.9694e-01 1.0000e+00 9.8768e-01 1.0000e+00 1.0000e+00 9.9385e-01 9.9692e-01 9.9692e-01 -3.0379e-01 9.9385e-01 9.9692e-01 9.9692e-01 9.9077e-01 9.9692e-01 -3.0379e-01 -4.7918e-02 9.9385e-01 9.9385e-01 9.9385e-01 9.9385e-01 9.9385e-01 -1.2360e-01 9.9385e-01 -3.0145e-01 -3.4154e-01 -3.4154e-01 9.5366e-01 9.5366e-01 9.5366e-01 -3.4154e-01 8.5907e-01 -3.3704e-01 9.5055e-01 -3.3704e-01 9.5055e-01 -3.3704e-01 -3.3704e-01 -3.5314e-01 -3.3704e-01 -3.4154e-01 8.6228e-01 8.6228e-01 8.5874e-01 8.6228e-01 8.6228e-01 -2.9755e-01 8.6228e-01 -3.4154e-01 -3.4154e-01 8.6228e-01 -3.4154e-01 8.6228e-01 -2.9833e-01 -2.9353e-01 8.5907e-01 -2.1507e-01 3.3704e-01 3.3704e-01 3.3544e-01 3.3544e-01 3.3384e-01 3.3384e-01 -9.7177e-02 2.9587e-01 3.5774e-01 3.5609e-01 2.6579e-01 2.7895e-01 -6.8479e-02 -1.3987e-02 -1.3987e-02 -1.3987e-02
2.7612e-01 2.7313e-01 2.7612e-01 2.8271e-01 2.7612e-01 -2.8661e-01 -2.8185e-01 9.6744e-01 -3.0857e-01 -3.0762e-01 -3.0762e-01 -3.0762e-01 -3.0762e-01 -3.0951e-01 -3.0857e-01 -3.1046e-01 9.5970e-01 -3.0477e-01 -2.5182e-01 -3.0397e-01 9.6994e-01 -3.0857e-01 -3.0857e-01 -3.0857e-01 -3.0857e-01 1.0000e+00 -3.0857e-01 -3.0857e-01 -3.0857e-01 -3.0857e-01 -2.7782e-01 -3.0951e-01 -3.0857e-01 -3.0857e-01 9.8996e-01 -3.0397e-01 -3.0397e-01 -3.0857e-01 -3.0109e-01 -3.0857e-01 -3.0857e-01 -3.0667e-01 -3.0762e-01 -3.0762e-01 9.9750e-01 -3.0667e-01 -3.0762e-01 -3.0762e-01 -3.0572e-01 -3.0762e-01 9.9750e-01 -5.8129e-02 -3.0667e-01 -3.0667e-01 -3.0667e-01 -3.0667e-01 -3.0667e-01 4.0058e-01 -3.0667e-01 9.4471e-01 8.3228e-01 8.3228e-01 -2.9427e-01 -2.9427e-01 -2.9427e-01 8.3228e-01 -2.6508e-01 8.3030e-01 -2.9331e-01 8.3030e-01 -2.9331e-01 8.3030e-01 8.3030e-01 7.9224e-01 8.3030e-01 8.3228e-01 -2.6607e-01 -2.6607e-01 -2.6706e-01 -2.6607e-01 -2.6607e-01 9.5212e-01 -2.6607e-01 8.3228e-01 8.3228e-01 -2.6607e-01 8.3228e-01 -2.6607e-01 9.5466e-01 9.4206e-01 -2.6508e-01 7.1589e-01 -8.2074e-01 -8.2074e-01 -8.1991e-01 -8.1991e-01 -8.2867e-01 -8.2867e-01 3.4289e-01 -9.0781e-01 -7.4732e-01 -7.5083e-01 -8.5989e-01 -8.1896e-01 -5.8325e-02 -5.6127e-02 -5.6127e-02 -5.6127e-02
-9.1250e-01 -9.2206e-01 -9.1250e-01 -9.2856e-01 -9.1250e-01 9.1566e-01 9.1250e-01 -2.9852e-01 9.9385e-01 9.9692e-01 9.9692e-01 9.9692e-01 9.9692e-01 9.9694e-01 1.0000e+00 9.9389e-01 -3.0238e-01 9.8769e-01 8.4227e-01 9.9694e-01 -2.9929e-01 1.0000e+00 1.0000e+00 1.0000e+00 1.0000e+00 -3.0857e-01 1.0000e+00 1.0000e+00 1.0000e+00 1.0000e+00 9.1284e-01 9.9694e-01 1.0000e+00 1.0000e+00 -3.0702e-01 9.9694e-01 9.9694e-01 1.0000e+00 9.8768e-01 1.0000e+00 1.0000e+00 9.9385e-01 9.9692e-01 9.9692e-01 -3.0379e-01 9.9385e-01 9.9692e-01 9.9692e-01 9.9077e-01 9.9692e-01 -3.0379e-01 -4.7918e-02 9.9385e-01 9.9385e-01 9.9385e-01 9.9385e-01 9.9385e-01 -1.2360e-01 9.9385e-01 -3.0145e-01 -3.4154e-01 -3.4154e-01 9.5366e-01 9.5366e-01 9.5366e-01 -3.4154e-01 8.5907e-01 -3.3704e-01 9.5055e-01 -3.3704e-01 9.5055e-01 -3.3704e-01 -3.3704e-01 -3.5314e-01 -3.3704e-01 -3.4154e-01 8.6228e-01 8.6228e-01 8.5874e-01 8.6228e-01 8.6228e-01 -2.9755e-01 8.6228e-01 -3.4154e-01 -3.4154e-01 8.6228e-01 -3.4154e-01 8.6228e-01 -2.9833e-01 -2.9353e-01 8.5907e-01 -2.1507e-01 3.3704e-01 3.3704e-01 3.3544e-01 3.3544e-01 3.3384e-01 3.3384e-01 -9.7177e-02 2.9587e-01 3.5774e-01 3.5609e-01 2.6579e-01 2.7895e-01 -6.8479e-02 -1.3987e-02 -1.3987e-02 -1.3987e-02
-9.1250e-01 -9.2206e-01 -9.1250e-01 -9.2856e-01 -9.1250e-01 9.1566e-01 9.1250e-01 -2.9852e-01 9.9385e-01 9.9692e-01 9.9692e-01 9.9692e-01 9.9692e-01 9.9694e-01 1.0000e+00 9.9389e-01 -3.0238e-01 9.8769e-01 8.4227e-01 9.9694e-01 -2.9929e-01 1.0000e+00 1.0000e+00 1.0000e+00 1.0000e+00 -3.0857e-01 1.0000e+00 1.0000e+00 1.0000e+00 1.0000e+00 9.1284e-01 9.9694e-01 1.0000e+00 1.0000e+00 -3.0702e-01 9.9694e-01 9.9694e-01 1.0000e+00 9.8768e-01 1.0000e+00 1.0000e+00 9.9385e-01 9.9692e-01 9.9692e-01 -3.0379e-01 9.9385e-01 9.9692e-01 9.9692e-01 9.9077e-01 9.9692e-01 -3.0379e-01 -4.7918e-02 9.9385e-01 9.9385e-01 9.9385e-01 9.9385e-01 9.9385e-01 -1.2360e-01 9.9385e-01 -3.0145e-01 -3.4154e-01 -3.4154e-01 9.5366e-01 9.5366e-01 9.5366e-01 -3.4154e-01 8.5907e-01 -3.3704e-01 9.5055e-01 -3.3704e-01 9.5055e-01 -3.3704e-01 -3.3704e-01 -3.5314e-01 -3.3704e-01 -3.4154e-01 8.6228e-01 8.6228e-01 8.5874e-01 8.6228e-01 8.6228e-01 -2.9755e-01 8.6228e-01 -3.4154e-01 -3.4154e-01 8.6228e-01 -3.4154e-01 8.6228e-01 -2.9833e-01 -2.9353e-01 8.5907e-01 -2.1507e-01 3.3704e-01 3.3704e-01 3.3544e-01 3.3544e-01 3.3384e-01 3.3384e-01 -9.7177e-02 2.9587e-01 3.5774e-01 3.5609e-01 2.6579e-01 2.7895e-01 -6.8479e-02 -1.3987e-02 -1.3987e-02 -1.3987e-02
-9.1250e-01 -9.2206e-01 -9.1250e-01 -9.2856e-01 -9.1250e-01 9.1566e-01 9.1250e-01 -2.9852e-01 9.9385e-01 9.9692e-01 9.9692e-01 9.9692e-01 9.9692e-01 9.9694e-01 1.0000e+00 9.9389e-01 -3.0238e-01 9.8769e-01 8.4227e-01 9.9694e-01 -2.9929e-01 1.0000e+00 1.0000e+00 1.0000e+00 1.0000e+00 -3.0857e-01 1.0000e+00 1.0000e+00 1.0000e+00 1.0000e+00 9.1284e-01 9.9694e-01 1.0000e+00 1.0000e+00 -3.0702e-01 9.9694e-01 9.9694e-01 1.0000e+00 9.8768e-01 1.0000e+00 1.0000e+00 9.9385e-01 9.9692e-01 9.9692e-01 -3.0379e-01 9.9385e-01 9.9692e-01 9.9692e-01 9.9077e-01 9.9692e-01 -3.0379e-01 -4.7918e-02 9.9385e-01 9.9385e-01 9.9385e-01 9.9385e-01 9.9385e-01 -1.2360e-01 9.9385e-01 -3.0145e-01 -3.4154e-01 -3.4154e-01 9.5366e-01 9.5366e-01 9.5366e-01 -3.4154e-01 8.5907e-01 -3.3704e-01 9.5055e-01 -3.3704e-01 9.5055e-01 -3.3704e-01 -3.3704e-01 -3.5314e-01 -3.3704e-01 -3.4154e-01 8.6228e-01 8.6228e-01 8.5874e-01 8.6228e-01 8.6228e-01 -2.9755e-01 8.6228e-01 -3.4154e-01 -3.4154e-01 8.6228e-01 -3.4154e-01 8.6228e-01 -2.9833e-01 -2.9353e-01 8.5907e-01 -2.1507e-01 3.3704e-01 3.3704e-01 3.3544e-01 3.3544e-01 3.3384e-01 3.3384e-01 -9.7177e-02 2.9587e-01 3.5774e-01 3.5609e-01 2.6579e-01 2.7895e-01 -6.8479e-02 -1.3987e-02 -1.3987e-02 -1.3987e-02
-9.1250e-01 -9.2206e-01 -9.1250e-01 -9.2856e-01 -9.1250e-01 9.1566e-01 9.1250e-01 -2.9852e-01 9.9385e-01 9.9692e-01 9.9692e-01 9.9692e-01 9.9692e-01 9.9694e-01 1.0000e+00 9.9389e-01 -3.0238e-01 9.8769e-01 8.4227e-01 9.9694e-01 -2.9929e-01 1.0000e+00 1.0000e+00 1.0000e+00 1.0000e+00 -3.0857e-01 1.0000e+00 1.0000e+00 1.0000e+00 1.0000e+00 9.1284e-01 9.9694e-01 1.0000e+00 1.0000e+00 -3.0702e-01 9.9694e-01 9.9694e-01 1.0000e+00 9.8768e-01 1.0000e+00 1.0000e+00 9.9385e-01 9.9692e-01 9.9692e-01 -3.0379e-01 9.9385e-01 9.9692e-01 9.9692e-01 9.9077e-01 9.9692e-01 -3.0379e-01 -4.7918e-02 9.9385e-01 9.9385e-01 9.9385e-01 9.9385e-01 9.9385e-01 -1.2360e-01 9.9385e-01 -3.0145e-01 -3.4154e-01 -3.4154e-01 9.5366e-01 9.5366e-01 9.5366e-01 -3.4154e-01 8.5907e-01 -3.3704e-01 9.5055e-01 -3.3704e-01 9.5055e-01 -3.3704e-01 -3.3704e-01 -3.5314e-01 -3.3704e-01 -3.4154e-01 8.6228e-01 8.6228e-01 8.5874e-01 8.6228e-01 8.6228e-01 -2.9755e-01 8.6228e-01 -3.4154e-01 -3.4154e-01 8.6228e-01 -3.4154e-01 8.6228e-01 -2.9833e-01 -2.9353e-01 8.5907e-01 -2.1507e-01 3.3704e-01 3.3704e-01 3.3544e-01 3.3544e-01 3.3384e-01 3.3384e-01 -9.7177e-02 2.9587e-01 3.5774e-01 3.5609e-01 2.6579e-01 2.7895e-01 -6.8479e-02 -1.3987e-02 -1.3987e-02 -1.3987e-02
-8.1346e-01 -8.2210e-01 -8.1346e-01 -8.2796e-01 -8.1346e-01 8.1632e-01 8.1346e-01 -2.6849e-01 9.0636e-01 9.0918e-01 9.0918e-01 9.0918e-01 9.0918e-01 9.1004e-01 9.1284e-01 9.0725e-01 -2.7208e-01 8.9815e-01 7.3052e-01 9.1004e-01 -2.6921e-01 9.1284e-01 9.1284e-01 9.1284e-01 9.1284e-01 -2.7782e-01 9.1284e-01 9.1284e-01 9.1284e-01 9.1284e-01 1.0000e+00 9.1004e-01 9.1284e-01 9.1284e-01 -2.7638e-01 9.1004e-01 9.1004e-01 9.1284e-01 9.1851e-01 9.1284e-01 9.1284e-01 9.0550e-01 9.0918e-01 9.0918e-01 -2.7269e-01 9.0550e-01 9.0918e-01 9.0918e-01 9.0183e-01 9.0918e-01 -2.7269e-01 -4.4052e-02 9.0550e-01 9.0550e-01 9.0550e-01 9.0550e-01 9.0550e-01 -1.0236e-01 9.0550e-01 -2.7052e-01 -3.0769e-01 -3.0769e-01 8.5730e-01 8.5730e-01 8.5730e-01 -3.0769e-01 7.4167e-01 -3.0285e-01 8.5355e-01 -3.0285e-01 8.5355e-01 -3.0285e-01 -3.0285e-01 -3.1776e-01 -3.0285e-01 -3.0769e-01 7.4565e-01 7.4565e-01 7.4251e-01 7.4565e-01 7.4565e-01 -2.6690e-01 7.4565e-01 -3.0769e-01 -3.0769e-01 7.4565e-01 -3.0769e-01 7.4565e-01 -2.6762e-01 -2.6246e-01 7.4167e-01 -1.8902e-01 3.0285e-01 3.0285e-01 3.0137e-01 3.0137e-01 2.9989e-01 2.9989e-01 -7.5130e-02 2.6396e-01 3.2134e-01 3.1983e-01 2.3255e-01 2.4486e-01 -5.9357e-02 -1.9088e-02 -1.9088e-02 -1.9088e-02
-9.0965e-01 -9.1922e-01 -9.0965e-01 -9.2571e-01 -9.0965e-01 9.1282e-01 9.0965e-01 -2.9944e-01 9.9080e-01 9.9387e-01 9.9387e-01 9.9387e-01 9.9387e-01 9.9387e-01 9.9694e-01 9.9083e-01 -3.0331e-01 9.8466e-01 8.3967e-01 9.9387e-01 -3.0021e-01 9.9694e-01 9.9694e-01 9.9694e-01 9.9694e-01 -3.0951e-01 9.9694e-01 9.9694e-01 9.9694e-01 9.9694e-01 9.1004e-01 1.0000e+00 9.9694e-01 9.9694e-01 -3.0796e-01 9.9387e-01 9.9387e-01 9.9694e-01 9.8464e-01 9.9694e-01 9.9694e-01 9.9080e-01 9.9387e-01 9.9387e-01 -3.0475e-01 9.9080e-01 9.9387e-01 9.9387e-01 9.8773e-01 9.9387e-01 -3.0475e-01 -4.8066e-02 9.9080e-01 9.9080e-01 9.9080e-01 9.9080e-01 9.9080e-01 -1.2398e-01 9.9080e-01 -3.0241e-01 -3.4261e-01 -3.4261e-01 9.5073e-01 9.5073e-01 9.5073e-01 -3.4261e-01 8.5644e-01 -3.3813e-01 9.4764e-01 -3.3813e-01 9.4764e-01 -3.3813e-01 -3.3813e-01 -3.5427e-01 -3.3813e-01 -3.4261e-01 8.5964e-01 8.5964e-01 8.5610e-01 8.5964e-01 8.5964e-01 -2.9850e-01 8.5964e-01 -3.4261e-01 -3.4261e-01 8.5964e-01 -3.4261e-01 8.5964e-01 -2.9928e-01 -2.9448e-01 8.5644e-01 -2.1580e-01 3.3813e-01 3.3813e-01 3.3652e-01 3.3652e-01 3.3492e-01 3.3492e-01 -9.7534e-02 2.9686e-01 3.5891e-01 3.5727e-01 2.6682e-01 2.8002e-01 -6.9147e-02 -1.4768e-02 -1.4768e-02 -1.4768e-02
