1.0000e+00 6.3952e-01 -3.0563e-02 7.1707e-01 -3.4760e-02 -4.6955e-02 -1.8637e-02 -4.7521e-02 -4.7332e-02 -4.7332e-02 -4.7521e-02 -4.7521e-02 -4.7144e-02 -5.4494e-02 -3.6250e-02 -4.7332e-02 -5.2297e-03 -5.2297e-03 -4.7372e-03 -5.7296e-03 -4.6765e-02 -5.7296e-03 3.8909e-03 -5.5933e-02 -3.7730e-03 -8.2724e-02 -6.6271e-02 7.6181e-02 -1.4356e-02 -1.4656e-02 -1.4656e-02 -1.4656e-02 1.4746e-03 -3.0680e-02 1.4746e-03 -5.2010e-02 1.4746e-03 1.4746e-03 1.4746e-03 -1.5113e-03 -1.0995e-03 -3.5045e-03 4.9836e-02 -2.5330e-02 -3.5045e-03 -3.5045e-03 -6.5797e-02 -3.1142e-03 2.6879e-02 6.6322e-02
6.3952e-01 1.0000e+00 -3.2863e-02 8.9308e-01 -3.7376e-02 -5.0488e-02 -2.0039e-02 -2.7942e-02 -2.7675e-02 -2.7675e-02 -2.7942e-02 -2.7942e-02 -2.7406e-02 -3.7467e-02 -1.4547e-03 -5.0895e-02 3.2600e-02 3.2600e-02 3.2863e-02 3.2335e-02 -5.0285e-02 3.2335e-02 3.7854e-02 -6.2893e-02 3.3386e-02 -9.1494e-02 -7.3897e-02 5.1051e-02 -4.4848e-02 -4.5063e-02 -4.5063e-02 -4.5063e-02 -3.4667e-02 -5.7626e-02 -3.4667e-02 -5.8731e-02 -3.4667e-02 -3.4667e-02 -3.4667e-02 -6.2625e-03 -5.8461e-03 -3.7615e-02 3.7961e-02 -2.7236e-02 -3.7615e-02 -3.7615e-02 -3.2790e-02 -3.7376e-02 -9.0612e-03 5.2409e-02
-3.0563e-02 -3.2863e-02 1.0000e+00 -2.9350e-02 7.9327e-01 -9.8268e-02 -4.3509e-02 -9.9686e-02 -9.9214e-02 -9.9214e-02 -9.9686e-02 -9.9686e-02 -9.8742e-02 -1.1695e-01 -7.1103e-03 -5.4067e-02 -5.8942e-01 -5.8942e-01 -5.6826e-01 -5.4605e-01 -5.2258e-02 -5.4605e-01 -4.8519e-01 -2.7634e-02 -5.2691e-01 -7.3745e-02 -4.7606e-02 3.2828e-02 3.1151e-01 3.2189e-01 3.2189e-01 3.2189e-01 4.4399e-01 3.3157e-01 4.4399e-01 -5.1852e-02 4.4399e-01 4.4399e-01 4.4399e-01 4.1914e-01 4.2251e-01 2.1777e-01 -2.1440e-01 -5.9135e-02 2.1777e-01 2.1777e-01 -3.3675e-02 2.1988e-01 2.1363e-01 3.5377e-02
7.1707e-01 8.9308e-01 -2.9350e-02 1.0000e+00 -3.3379e-02 -4.5090e-02 -1.7897e-02 -1.9785e-02 -1.9531e-02 -1.9531e-02 -1.9785e-02 -1.9785e-02 -1.9277e-02 -2.8744e-02 -3.3065e-02 -4.5453e-02 2.9114e-02 2.9114e-02 2.9350e-02 2.8877e-02 -4.4908e-02 2.8877e-02 3.3806e-02 -7.2134e-02 2.9816e-02 -9.6485e-02 -8.1314e-02 9.0383e-02 -4.0053e-02 -4.0245e-02 -4.0245e-02 -4.0245e-02 -3.0960e-02 -5.1465e-02 -3.0960e-02 -6.8742e-02 -3.0960e-02 -3.0960e-02 -3.0960e-02 -3.2514e-02 -3.2295e-02 -3.3593e-02 6.6886e-02 -2.4324e-02 -3.3593e-02 -3.3593e-02 -4.1996e-02 -3.3379e-02 -1.6107e-03 6.3688e-02
-3.4760e-02 -3.7376e-02 7.9327e-01 -3.3379e-02 1.0000e+00 -1.2467e-01 -4.9483e-02 -1.2617e-01 -1.2567e-01 -1.2567e-01 -1.2617e-01 -1.2617e-01 -1.2517e-01 -1.4469e-01 -2.1306e-02 -2.4491e-02 -7.4231e-01 -7.4231e-01 -7.2159e-01 -7.0521e-01 -2.2115e-02 -7.0521e-01 -6.4404e-01 -4.3637e-02 -6.8115e-01 -1.0098e-01 -7.5339e-02 6.0495e-02 4.3352e-01 4.4207e-01 4.4207e-01 4.4207e-01 5.9895e-01 4.1597e-01 5.9895e-01 -7.0835e-02 5.9895e-01 5.9895e-01 5.9895e-01 5.6687e-01 5.7121e-01 3.4172e-01 -2.7374e-01 -6.7254e-02 3.4172e-01 3.4172e-01 -4.2372e-02 3.4463e-01 3.3605e-01 3.6054e-02
-4.6955e-02 -5.0488e-02 -9.8268e-02 -4.5090e-02 -1.2467e-01 1.0000e+00 3.9691e-01 9.8809e-01 9.8401e-01 9.8401e-01 9.8010e-01 9.8010e-01 9.8796e-01 8.5436e-01 6.8247e-01 6.7954e-01 1.0874e-01 1.0874e-01 9.8268e-02 8.4831e-02 5.5150e-01 9.6344e-02 -4.6342e-03 3.0430e-01 5.5375e-02 2.2187e-01 3.0593e-01 -3.2005e-01 -4.4048e-02 -4.5150e-02 -4.5150e-02 -4.5150e-02 -1.8062e-02 -3.0124e-02 -1.8062e-02 2.7198e-01 -1.8062e-02 -1.8062e-02 -1.8062e-02 3.4586e-02 3.6290e-02 3.6484e-02 2.0421e-02 -9.0849e-02 3.6484e-02 3.6484e-02 2.0935e-01 2.7969e-02 2.3201e-02 -1.5351e-01
-1.8637e-02 -2.0039e-02 -4.3509e-02 -1.7897e-02 -4.9483e-02 3.9691e-01 1.0000e+00 3.9218e-01 3.9374e-01 3.9374e-01 3.9218e-01 3.9218e-01 3.9532e-01 3.4200e-01 2.8994e-01 2.3412e-01 4.3160e-02 4.3160e-02 4.3509e-02 4.2809e-02 2.3752e-01 4.2809e-02 5.0116e-02 2.0714e-01 4.4201e-02 1.4758e-01 1.8079e-01 -1.7247e-01 -5.9376e-02 -5.9660e-02 -5.9660e-02 -5.9660e-02 -4.5897e-02 2.1562e-02 -4.5897e-02 1.3495e-01 -4.5897e-02 -4.5897e-02 -4.5897e-02 8.9946e-02 9.1055e-02 2.4147e-01 -1.1242e-01 -3.6059e-02 2.4147e-01 2.4147e-01 3.6804e-02 2.2081e-01 2.1565e-01 -4.9977e-02
-4.7521e-02 -2.7942e-02 -9.9686e-02 -1.9785e-02 -1.2617e-01 9.8809e-01 3.9218e-01 1.0000e+00 9.9604e-01 9.9604e-01 9.9208e-01 9.9208e-01 9.9206e-01 8.5759e-01 6.8633e-01 6.7031e-01 1.1005e-01 1.1005e-01 9.9686e-02 8.6327e-02 5.4339e-01 9.7741e-02 -2.0047e-03 2.9620e-01 5.7191e-02 2.1826e-01 3.0298e-01 -3.1042e-01 -3.8023e-02 -3.9163e-02 -3.9163e-02 -3.9163e-02 -2.0281e-02 -3.3812e-02 -2.0281e-02 2.6441e-01 -2.0281e-02 -2.0281e-02 -2.0281e-02 3.1802e-02 3.3509e-02 3.3601e-02 2.5373e-02 -9.1945e-02 3.3601e-02 3.3601e-02 2.0923e-01 2.5174e-02 2.0398e-02 -1.5380e-01
-4.7332e-02 -2.7675e-02 -9.9214e-02 -1.9531e-02 -1.2567e-01 9.8401e-01 3.9374e-01 9.9604e-01 1.0000e+00 1.0000e+00 9.9604e-01 9.9604e-01 9.9601e-01 8.6134e-01 6.8969e-01 6.7336e-01 1.0962e-01 1.0962e-01 9.9214e-02 8.5830e-02 5.4607e-01 9.7277e-02 -2.8762e-03 2.9888e-01 5.6588e-02 2.2135e-01 3.0591e-01 -3.1361e-01 -3.7104e-02 -3.8242e-02 -3.8242e-02 -3.8242e-02 -1.9545e-02 -3.2589e-02 -1.9545e-02 2.6691e-01 -1.9545e-02 -1.9545e-02 -1.9545e-02 3.2724e-02 3.4430e-02 3.4556e-02 3.0067e-02 -9.1580e-02 3.4556e-02 3.4556e-02 2.1144e-01 2.6100e-02 2.1327e-02 -1.5587e-01
-4.7332e-02 -2.7675e-02 -9.9214e-02 -1.9531e-02 -1.2567e-01 9.8401e-01 3.9374e-01 9.9604e-01 1.0000e+00 1.0000e+00 9.9604e-01 9.9604e-01 9.9601e-01 8.6134e-01 6.8969e-01 6.7336e-01 1.0962e-01 1.0962e-01 9.9214e-02 8.5830e-02 5.4607e-01 9.7277e-02 -2.8762e-03 2.9888e-01 5.6588e-02 2.2135e-01 3.0591e-01 -3.1361e-01 -3.7104e-02 -3.8242e-02 -3.8242e-02 -3.8242e-02 -1.9545e-02 -3.2589e-02 -1.9545e-02 2.6691e-01 -1.9545e-02 -1.9545e-02 -1.9545e-02 3.2724e-02 3.4430e-02 3.4556e-02 3.0067e-02 -9.1580e-02 3.4556e-02 3.4556e-02 2.1144e-01 2.6100e-02 2.1327e-02 -1.5587e-01
-4.7521e-02 -2.7942e-02 -9.9686e-02 -1.9785e-02 -1.2617e-01 9.8010e-01 3.9218e-01 9.9208e-01 9.9604e-01 9.9604e-01 1.0000e+00 1.0000e+00 9.9206e-01 8.6481e-01 6.9329e-01 6.7825e-01 1.1005e-01 1.1005e-01 9.9686e-02 8.6327e-02 5.4339e-01 9.7741e-02 -2.0047e-03 2.9620e-01 5.7191e-02 2.1826e-01 3.0298e-01 -3.1042e-01 -3.8023e-02 -3.9163e-02 -3.9163e-02 -3.9163e-02 -2.0281e-02 -3.3812e-02 -2.0281e-02 2.6441e-01 -2.0281e-02 -2.0281e-02 -2.0281e-02 3.1802e-02 3.3509e-02 3.3601e-02 3.1691e-02 -9.1945e-02 3.3601e-02 3.3601e-02 2.0923e-01 2.5174e-02 2.0398e-02 -1.5380e-01
-4.7521e-02 -2.7942e-02 -9.9686e-02 -1.9785e-02 -1.2617e-01 9.8010e-01 3.9218e-01 9.9208e-01 9.9604e-01 9.9604e-01 1.0000e+00 1.0000e+00 9.9206e-01 8.6481e-01 6.9329e-01 6.7825e-01 1.1005e-01 1.1005e-01 9.9686e-02 8.6327e-02 5.4339e-01 9.7741e-02 -2.0047e-03 2.9620e-01 5.7191e-02 2.1826e-01 3.0298e-01 -3.1042e-01 -3.8023e-02 -3.9163e-02 -3.9163e-02 -3.9163e-02 -2.0281e-02 -3.3812e-02 -2.0281e-02 2.6441e-01 -2.0281e-02 -2.0281e-02 -2.0281e-02 3.1802e-02 3.3509e-02 3.3601e-02 3.1691e-02 -9.1945e-02 3.3601e-02 3.3601e-02 2.0923e-01 2.5174e-02 2.0398e-02 -1.5380e-01
-4.7144e-02 -2.7406e-02 -9.8742e-02 -1.9277e-02 -1.2517e-01 9.8796e-01 3.9532e-01 9.9206e-01 9.9601e-01 9.9601e-01 9.9206e-01 9.9206e-01 1.0000e+00 8.6512e-01 6.9308e-01 6.7644e-01 1.0918e-01 1.0918e-01 9.8742e-02 8.5331e-02 5.4877e-01 9.6811e-02 -3.7527e-03 3.0158e-01 5.5983e-02 2.1876e-01 3.0297e-01 -3.1682e-01 -4.4951e-02 -4.6055e-02 -4.6055e-02 -4.6055e-02 -1.8806e-02 -3.1360e-02 -1.8806e-02 2.6944e-01 -1.8806e-02 -1.8806e-02 -1.8806e-02 3.3652e-02 3.5357e-02 3.5517e-02 2.8435e-02 -9.1215e-02 3.5517e-02 3.5517e-02 2.1366e-01 2.7031e-02 2.2261e-02 -1.5794e-01
-5.4494e-02 -3.7467e-02 -1.1695e-01 -2.8744e-02 -1.4469e-01 8.5436e-01 3.4200e-01 8.5759e-01 8.6134e-01 8.6134e-01 8.6481e-01 8.6481e-01 8.6512e-01 1.0000e+00 6.2764e-01 5.7862e-01 1.2620e-01 1.2620e-01 1.1695e-01 1.0434e-01 4.5605e-01 1.1476e-01 2.8109e-02 2.7336e-01 7.8589e-02 1.7568e-01 2.6335e-01 -3.3890e-01 -7.0164e-02 -7.1374e-02 -7.1374e-02 -7.1374e-02 -3.6115e-02 -6.9762e-02 -3.6115e-02 2.4872e-01 -3.6115e-02 -3.6115e-02 -3.6115e-02 9.6352e-03 1.1440e-02 2.8384e-02 7.4384e-03 -4.4770e-02 2.8384e-02 2.8384e-02 1.9421e-01 2.1030e-02 1.5676e-02 -1.4295e-01
-3.6250e-02 -1.4547e-03 -7.1103e-03 -3.3065e-02 -2.1306e-02 6.8247e-01 2.8994e-01 6.8633e-01 6.8969e-01 6.8969e-01 6.9329e-01 6.9329e-01 6.9308e-01 6.2764e-01 1.0000e+00 4.8745e-01 5.4868e-02 5.4868e-02 4.6630e-02 3.3168e-02 4.1156e-01 4.3188e-02 -1.9148e-02 2.6822e-01 1.1005e-02 1.6053e-01 2.4780e-01 -3.0056e-01 -3.9525e-02 -4.0943e-02 -4.0943e-02 -4.0943e-02 -1.4445e-03 -1.3234e-02 -1.4445e-03 2.2489e-01 -1.4445e-03 -1.4445e-03 -1.4445e-03 3.9957e-02 4.2048e-02 3.8673e-02 -1.2768e-02 3.9403e-02 3.8673e-02 3.8673e-02 2.0981e-01 4.0692e-02 3.4702e-02 -1.4303e-01
-4.7332e-02 -5.0895e-02 -5.4067e-02 -4.5453e-02 -2.4491e-02 6.7954e-01 2.3412e-01 6.7031e-01 6.7336e-01 6.7336e-01 6.7825e-01 6.7825e-01 6.7644e-01 5.7862e-01 4.8745e-01 1.0000e+00 1.0962e-01 1.0962e-01 9.9214e-02 8.5830e-02 8.4338e-01 9.7277e-02 -1.1301e-01 4.3996e-01 5.6588e-02 3.2919e-01 4.1185e-01 -3.6523e-01 -7.2087e-02 -7.3097e-02 -7.3097e-02 -7.3097e-02 -1.9545e-02 -1.2783e-01 -1.9545e-02 4.5467e-01 -1.9545e-02 -1.9545e-02 -1.9545e-02 -2.9331e-02 -2.7978e-02 -2.5832e-02 1.1243e-01 -9.1580e-02 -2.5832e-02 -2.5832e-02 3.4819e-01 -4.4727e-02 -4.8396e-02 -2.8559e-01
-5.2297e-03 3.2600e-02 -5.8942e-01 2.9114e-02 -7.4231e-01 1.0874e-01 4.3160e-02 1.1005e-01 1.0962e-01 1.0962e-01 1.1005e-01 1.1005e-01 1.0918e-01 1.2620e-01 5.4868e-02 1.0962e-01 1.0000e+00 1.0000e+00 9.7588e-01 9.5921e-01 1.0830e-01 9.5921e-01 8.1835e-01 1.6521e-01 9.1292e-01 2.1649e-01 1.7931e-01 -1.6069e-01 -6.1460e-01 -6.2398e-01 -6.2398e-01 -6.2398e-01 -8.1734e-01 -4.9255e-01 -8.1734e-01 1.2114e-01 -8.1734e-01 -8.1734e-01 -8.1734e-01 -7.7740e-01 -7.8279e-01 -5.2206e-01 3.4489e-01 5.8661e-02 -5.2206e-01 -5.2206e-01 1.0592e-01 -5.2578e-01 -5.1479e-01 -1.0733e-01
-5.2297e-03 3.2600e-02 -5.8942e-01 2.9114e-02 -7.4231e-01 1.0874e-01 4.3160e-02 1.1005e-01 1.0962e-01 1.0962e-01 1.1005e-01 1.1005e-01 1.0918e-01 1.2620e-01 5.4868e-02 1.0962e-01 1.0000e+00 1.0000e+00 9.7588e-01 9.5921e-01 1.0830e-01 9.5921e-01 8.1835e-01 1.6521e-01 9.1292e-01 2.1649e-01 1.7931e-01 -1.6069e-01 -6.1460e-01 -6.2398e-01 -6.2398e-01 -6.2398e-01 -8.1734e-01 -4.9255e-01 -8.1734e-01 1.2114e-01 -8.1734e-01 -8.1734e-01 -8.1734e-01 -7.7740e-01 -7.8279e-01 -5.2206e-01 3.4489e-01 5.8661e-02 -5.2206e-01 -5.2206e-01 1.0592e-01 -5.2578e-01 -5.1479e-01 -1.0733e-01
-4.7372e-03 3.2863e-02 -5.6826e-01 2.9350e-02 -7.2159e-01 9.8268e-02 4.3509e-02 9.9686e-02 9.9214e-02 9.9214e-02 9.9686e-02 9.9686e-02 9.8742e-02 1.1695e-01 4.6630e-02 9.9214e-02 9.7588e-01 9.7588e-01 1.0000e+00 9.6770e-01 1.0918e-01 9.8391e-01 8.2561e-01 1.5799e-01 9.2126e-01 2.1849e-01 1.7267e-01 -1.5472e-01 -6.2126e-01 -6.3052e-01 -6.3052e-01 -6.3052e-01 -8.2580e-01 -4.8725e-01 -8.2580e-01 1.1392e-01 -8.2580e-01 -8.2580e-01 -8.2580e-01 -7.8546e-01 -7.9091e-01 -5.4572e-01 3.4904e-01 5.9135e-02 -5.4572e-01 -5.4572e-01 1.0748e-01 -5.3524e-01 -5.2408e-01 -1.0889e-01
-5.7296e-03 3.2335e-02 -5.4605e-01 2.8877e-02 -7.0521e-01 8.4831e-02 4.2809e-02 8.6327e-02 8.5830e-02 8.5830e-02 8.6327e-02 8.6327e-02 8.5331e-02 1.0434e-01 3.3168e-02 8.5830e-02 9.5921e-01 9.5921e-01 9.6770e-01 1.0000e+00 9.5876e-02 9.8355e-01 8.3982e-01 1.6373e-01 9.5252e-01 2.2264e-01 1.7759e-01 -1.7499e-01 -6.4559e-01 -6.5495e-01 -6.5495e-01 -6.5495e-01 -8.5528e-01 -5.0848e-01 -8.5528e-01 1.1947e-01 -8.5528e-01 -8.5528e-01 -8.5528e-01 -8.1386e-01 -8.1945e-01 -5.4147e-01 3.3160e-01 5.8184e-02 -5.4147e-01 -5.4147e-01 1.0435e-01 -5.4529e-01 -5.3402e-01 -1.0575e-01
-4.6765e-02 -5.0285e-02 -5.2258e-02 -4.4908e-02 -2.2115e-02 5.5150e-01 2.3752e-01 5.4339e-01 5.4607e-01 5.4607e-01 5.4339e-01 5.4339e-01 5.4877e-01 4.5605e-01 4.1156e-01 8.4338e-01 1.0830e-01 1.0830e-01 1.0918e-01 9.5876e-02 1.0000e+00 1.0742e-01 -1.0650e-01 5.1739e-01 6.5994e-02 4.1392e-01 4.8699e-01 -4.2744e-01 -5.1961e-02 -5.3030e-02 -5.3030e-02 -5.3030e-02 -1.7314e-02 -1.2494e-01 -1.7314e-02 5.2704e-01 -1.7314e-02 -1.7314e-02 -1.7314e-02 -2.7064e-02 -3.6207e-02 -4.3753e-02 1.0822e-01 -9.0483e-02 -4.3753e-02 -4.3753e-02 3.8235e-01 -6.2936e-02 -6.6269e-02 -3.0607e-01
-5.7296e-03 3.2335e-02 -5.4605e-01 2.8877e-02 -7.0521e-01 9.6344e-02 4.2809e-02 9.7741e-02 9.7277e-02 9.7277e-02 9.7741e-02 9.7741e-02 9.6811e-02 1.1476e-01 4.3188e-02 9.7277e-02 9.5921e-01 9.5921e-01 9.8391e-01 9.8355e-01 1.0742e-01 1.0000e+00 8.3982e-01 1.5492e-01 9.3652e-01 2.1448e-01 1.6914e-01 -1.6675e-01 -6.3302e-01 -6.4243e-01 -6.4243e-01 -6.4243e-01 -8.3979e-01 -4.9795e-01 -8.3979e-01 1.1048e-01 -8.3979e-01 -8.3979e-01 -8.3979e-01 -7.9900e-01 -8.0450e-01 -5.5594e-01 3.4071e-01 5.8184e-02 -5.5594e-01 -5.5594e-01 1.0435e-01 -5.4529e-01 -5.3402e-01 -1.0575e-01
3.8909e-03 3.7854e-02 -4.8519e-01 3.3806e-02 -6.4404e-01 -4.6342e-03 5.0116e-02 -2.0047e-03 -2.8762e-03 -2.8762e-03 -2.0047e-03 -2.0047e-03 -3.7527e-03 2.8109e-02 -1.9148e-02 -1.1301e-01 8.1835e-01 8.1835e-01 8.2561e-01 8.3982e-01 -1.0650e-01 8.3982e-01 1.0000e+00 1.6988e-02 7.9801e-01 9.8996e-02 5.0199e-02 -5.1262e-02 -5.2531e-01 -5.3340e-01 -5.3340e-01 -5.3340e-01 -7.1260e-01 -3.9909e-01 -7.1260e-01 1.1595e-02 -7.1260e-01 -7.1260e-01 -7.1260e-01 -6.7582e-01 -6.8079e-01 -4.4981e-01 2.5064e-01 6.8115e-02 -4.4981e-01 -4.4981e-01 2.1444e-02 -4.5330e-01 -4.4299e-01 -2.3473e-02
-5.5933e-02 -6.2893e-02 -2.7634e-02 -7.2134e-02 -4.3637e-02 3.0430e-01 2.0714e-01 2.9620e-01 2.9888e-01 2.9888e-01 2.9620e-01 2.9620e-01 3.0158e-01 2.7336e-01 2.6822e-01 4.3996e-01 1.6521e-01 1.6521e-01 1.5799e-01 1.6373e-01 5.1739e-01 1.5492e-01 1.6988e-02 1.0000e+00 1.7816e-01 7.3888e-01 8.7351e-01 -7.8927e-01 -2.3259e-01 -2.3376e-01 -2.3376e-01 -2.3376e-01 -1.7669e-01 -1.7213e-01 -1.7669e-01 8.9033e-01 -1.7669e-01 -1.7669e-01 -1.7669e-01 -1.3853e-01 -1.4492e-01 2.4002e-02 1.1183e-01 2.5507e-01 2.4002e-02 2.4002e-02 6.0016e-01 1.8686e-02 1.1465e-02 -5.1836e-01
-3.7730e-03 3.3386e-02 -5.2691e-01 2.9816e-02 -6.8115e-01 5.5375e-02 4.4201e-02 5.7191e-02 5.6588e-02 5.6588e-02 5.7191e-02 5.7191e-02 5.5983e-02 7.8589e-02 1.1005e-02 5.6588e-02 9.1292e-01 9.1292e-01 9.2126e-01 9.5252e-01 6.5994e-02 9.3652e-01 7.9801e-01 1.7816e-01 1.0000e+00 2.3830e-01 1.9260e-01 -1.9116e-01 -6.8331e-01 -6.9216e-01 -6.9216e-01 -6.9216e-01 -9.0278e-01 -5.3840e-01 -9.0278e-01 1.3479e-01 -9.0278e-01 -9.0278e-01 -9.0278e-01 -8.5921e-01 -8.6510e-01 -5.7812e-01 3.5723e-01 6.0075e-02 -5.7812e-01 -5.7812e-01 1.1965e-01 -5.6802e-01 -5.5630e-01 -1.2104e-01
-8.2724e-02 -9.1494e-02 -7.3745e-02 -9.6485e-02 -1.0098e-01 2.2187e-01 1.4758e-01 2.1826e-01 2.2135e-01 2.2135e-01 2.1826e-01 2.1826e-01 2.1876e-01 1.7568e-01 1.6053e-01 3.2919e-01 2.1649e-01 2.1649e-01 2.1849e-01 2.2264e-01 4.1392e-01 2.1448e-01 9.8996e-02 7.3888e-01 2.3830e-01 1.0000e+00 8.2180e-01 -5.4036e-01 -3.3495e-02 -3.6075e-02 -3.6075e-02 -3.6075e-02 -2.3976e-01 1.5238e-01 -2.3976e-01 6.8125e-01 -2.3976e-01 -2.3976e-01 -2.3976e-01 -2.0828e-01 -2.1365e-01 -5.3372e-02 -7.0302e-02 1.7610e-01 -5.3372e-02 -5.3372e-02 4.3217e-01 -5.7726e-02 -6.6095e-02 -3.5510e-01
-6.6271e-02 -7.3897e-02 -4.7606e-02 -8.1314e-02 -7.5339e-02 3.0593e-01 1.8079e-01 3.0298e-01 3.0591e-01 3.0591e-01 3.0298e-01 3.0298e-01 3.0297e-01 2.6335e-01 2.4780e-01 4.1185e-01 1.7931e-01 1.7931e-01 1.7267e-01 1.7759e-01 4.8699e-01 1.6914e-01 5.0199e-02 8.7351e-01 1.9260e-01 8.2180e-01 1.0000e+00 -7.0899e-01 2.0949e-02 1.8594e-02 1.8594e-02 1.8594e-02 -2.0853e-01 -2.2217e-01 -2.0853e-01 8.3152e-01 -2.0853e-01 -2.0853e-01 -2.0853e-01 -1.7316e-01 -1.7142e-01 -3.2223e-03 1.7905e-01 2.2033e-01 -3.2223e-03 -3.2223e-03 5.5575e-01 -8.0688e-03 -1.5754e-02 -4.8138e-01
7.6181e-02 5.1051e-02 3.2828e-02 9.0383e-02 6.0495e-02 -3.2005e-01 -1.7247e-01 -3.1042e-01 -3.1361e-01 -3.1361e-01 -3.1042e-01 -3.1042e-01 -3.1682e-01 -3.3890e-01 -3.0056e-01 -3.6523e-01 -1.6069e-01 -1.6069e-01 -1.5472e-01 -1.7499e-01 -4.2744e-01 -1.6675e-01 -5.1262e-02 -7.8927e-01 -1.9116e-01 -5.4036e-01 -7.0899e-01 1.0000e+00 2.9986e-01 3.0130e-01 3.0130e-01 3.0130e-01 2.3179e-01 2.5871e-01 2.3179e-01 -7.6057e-01 2.3179e-01 2.3179e-01 2.3179e-01 1.9130e-01 1.8936e-01 1.2375e-02 -6.7392e-02 -1.9232e-01 1.2375e-02 1.2375e-02 -5.1153e-01 -1.2354e-02 -3.4787e-03 4.3847e-01
-1.4356e-02 -4.4848e-02 3.1151e-01 -4.0053e-02 4.3352e-01 -4.4048e-02 -5.9376e-02 -3.8023e-02 -3.7104e-02 -3.7104e-02 -3.8023e-02 -3.8023e-02 -4.4951e-02 -7.0164e-02 -3.9525e-02 -7.2087e-02 -6.1460e-01 -6.1460e-01 -6.2126e-01 -6.4559e-01 -5.1961e-02 -6.3302e-01 -5.2531e-01 -2.3259e-01 -6.8331e-01 -3.3495e-02 2.0949e-02 2.9986e-01 1.0000e+00 9.9523e-01 9.9523e-01 9.9523e-01 7.6116e-01 4.1635e-01 7.6116e-01 -2.2806e-01 7.6116e-01 7.6116e-01 7.6116e-01 7.2095e-01 7.1497e-01 4.1888e-01 -2.3019e-01 -8.0700e-02 4.1888e-01 4.1888e-01 -2.0963e-01 4.1130e-01 4.0104e-01 2.1130e-01
-1.4656e-02 -4.5063e-02 3.2189e-01 -4.0245e-02 4.4207e-01 -4.5150e-02 -5.9660e-02 -3.9163e-02 -3.8242e-02 -3.8242e-02 -3.9163e-02 -3.9163e-02 -4.6055e-02 -7.1374e-02 -4.0943e-02 -7.3097e-02 -6.2398e-01 -6.2398e-01 -6.3052e-01 -6.5495e-01 -5.3030e-02 -6.4243e-01 -5.3340e-01 -2.3376e-01 -6.9216e-01 -3.6075e-02 1.8594e-02 3.0130e-01 9.9523e-01 1.0000e+00 1.0000e+00 1.0000e+00 7.6930e-01 4.2140e-01 7.6930e-01 -2.2916e-01 7.6930e-01 7.6930e-01 7.6930e-01 7.2872e-01 7.2283e-01 4.1641e-01 -2.3441e-01 -8.1087e-02 4.1641e-01 4.1641e-01 -2.1063e-01 4.0887e-01 3.9863e-01 2.1231e-01
-1.4656e-02 -4.5063e-02 3.2189e-01 -4.0245e-02 4.4207e-01 -4.5150e-02 -5.9660e-02 -3.9163e-02 -3.8242e-02 -3.8242e-02 -3.9163e-02 -3.9163e-02 -4.6055e-02 -7.1374e-02 -4.0943e-02 -7.3097e-02 -6.2398e-01 -6.2398e-01 -6.3052e-01 -6.5495e-01 -5.3030e-02 -6.4243e-01 -5.3340e-01 -2.3376e-01 -6.9216e-01 -3.6075e-02 1.8594e-02 3.0130e-01 9.9523e-01 1.0000e+00 1.0000e+00 1.0000e+00 7.6930e-01 4.2140e-01 7.6930e-01 -2.2916e-01 7.6930e-01 7.6930e-01 7.6930e-01 7.2872e-01 7.2283e-01 4.1641e-01 -2.3441e-01 -8.1087e-02 4.1641e-01 4.1641e-01 -2.1063e-01 4.0887e-01 3.9863e-01 2.1231e-01
-1.4656e-02 -4.5063e-02 3.2189e-01 -4.0245e-02 4.4207e-01 -4.5150e-02 -5.9660e-02 -3.9163e-02 -3.8242e-02 -3.8242e-02 -3.9163e-02 -3.9163e-02 -4.6055e-02 -7.1374e-02 -4.0943e-02 -7.3097e-02 -6.2398e-01 -6.2398e-01 -6.3052e-01 -6.5495e-01 -5.3030e-02 -6.4243e-01 -5.3340e-01 -2.3376e-01 -6.9216e-01 -3.6075e-02 1.8594e-02 3.0130e-01 9.9523e-01 1.0000e+00 1.0000e+00 1.0000e+00 7.6930e-01 4.2140e-01 7.6930e-01 -2.2916e-01 7.6930e-01 7.6930e-01 7.6930e-01 7.2872e-01 7.2283e-01 4.1641e-01 -2.3441e-01 -8.1087e-02 4.1641e-01 4.1641e-01 -2.1063e-01 4.0887e-01 3.9863e-01 2.1231e-01
1.4746e-03 -3.4667e-02 4.4399e-01 -3.0960e-02 5.9895e-01 -1.8062e-02 -4.5897e-02 -2.0281e-02 -1.9545e-02 -1.9545e-02 -2.0281e-02 -2.0281e-02 -1.8806e-02 -3.6115e-02 -1.4445e-03 -1.9545e-02 -8.1734e-01 -8.1734e-01 -8.2580e-01 -8.5528e-01 -1.7314e-02 -8.3979e-01 -7.1260e-01 -1.7669e-01 -9.0278e-01 -2.3976e-01 -2.0853e-01 2.3179e-01 7.6116e-01 7.6930e-01 7.6930e-01 7.6930e-01 1.0000e+00 6.0158e-01 1.0000e+00 -1.7629e-01 1.0000e+00 1.0000e+00 1.0000e+00 9.5222e-01 9.4459e-01 5.5392e-01 -3.8572e-01 -6.2380e-02 5.5392e-01 5.5392e-01 -1.6204e-01 5.4418e-01 5.3273e-01 1.6333e-01
-3.0680e-02 -5.7626e-02 3.3157e-01 -5.1465e-02 4.1597e-01 -3.0124e-02 2.1562e-02 -3.3812e-02 -3.2589e-02 -3.2589e-02 -3.3812e-02 -3.3812e-02 -3.1360e-02 -6.9762e-02 -1.3234e-02 -1.2783e-01 -4.9255e-01 -4.9255e-01 -4.8725e-01 -5.0848e-01 -1.2494e-01 -4.9795e-01 -3.9909e-01 -1.7213e-01 -5.3840e-01 1.5238e-01 -2.2217e-01 2.5871e-01 4.1635e-01 4.2140e-01 4.2140e-01 4.2140e-01 6.0158e-01 1.0000e+00 6.0158e-01 -2.9305e-01 6.0158e-01 6.0158e-01 6.0158e-01 6.2226e-01 6.1795e-01 3.4732e-01 -6.5291e-01 -1.0369e-01 3.4732e-01 3.4732e-01 -2.6336e-01 3.5084e-01 3.4043e-01 2.6554e-01
1.4746e-03 -3.4667e-02 4.4399e-01 -3.0960e-02 5.9895e-01 -1.8062e-02 -4.5897e-02 -2.0281e-02 -1.9545e-02 -1.9545e-02 -2.0281e-02 -2.0281e-02 -1.8806e-02 -3.6115e-02 -1.4445e-03 -1.9545e-02 -8.1734e-01 -8.1734e-01 -8.2580e-01 -8.5528e-01 -1.7314e-02 -8.3979e-01 -7.1260e-01 -1.7669e-01 -9.0278e-01 -2.3976e-01 -2.0853e-01 2.3179e-01 7.6116e-01 7.6930e-01 7.6930e-01 7.6930e-01 1.0000e+00 6.0158e-01 1.0000e+00 -1.7629e-01 1.0000e+00 1.0000e+00 1.0000e+00 9.5222e-01 9.4459e-01 5.5392e-01 -3.8572e-01 -6.2380e-02 5.5392e-01 5.5392e-01 -1.6204e-01 5.4418e-01 5.3273e-01 1.6333e-01
-5.2010e-02 -5.8731e-02 -5.1852e-02 -6.8742e-02 -7.0835e-02 2.7198e-01 1.3495e-01 2.6441e-01 2.6691e-01 2.6691e-01 2.6441e-01 2.6441e-01 2.6944e-01 2.4872e-01 2.2489e-01 4.5467e-01 1.2114e-01 1.2114e-01 1.1392e-01 1.1947e-01 5.2704e-01 1.1048e-01 1.1595e-02 8.9033e-01 1.3479e-01 6.8125e-01 8.3152e-01 -7.6057e-01 -2.2806e-01 -2.2916e-01 -2.2916e-01 -2.2916e-01 -1.7629e-01 -2.9305e-01 -1.7629e-01 1.0000e+00 -1.7629e-01 -1.7629e-01 -1.7629e-01 -1.8514e-01 -1.8389e-01 -9.4314e-03 2.1660e-01 2.7004e-01 -9.4314e-03 -9.4314e-03 6.8894e-01 -2.3143e-02 -2.9386e-02 -6.1057e-01
1.4746e-03 -3.4667e-02 4.4399e-01 -3.0960e-02 5.9895e-01 -1.8062e-02 -4.5897e-02 -2.0281e-02 -1.9545e-02 -1.9545e-02 -2.0281e-02 -2.0281e-02 -1.8806e-02 -3.6115e-02 -1.4445e-03 -1.9545e-02 -8.1734e-01 -8.1734e-01 -8.2580e-01 -8.5528e-01 -1.7314e-02 -8.3979e-01 -7.1260e-01 -1.7669e-01 -9.0278e-01 -2.3976e-01 -2.0853e-01 2.3179e-01 7.6116e-01 7.6930e-01 7.6930e-01 7.6930e-01 1.0000e+00 6.0158e-01 1.0000e+00 -1.7629e-01 1.0000e+00 1.0000e+00 1.0000e+00 9.5222e-01 9.4459e-01 5.5392e-01 -3.8572e-01 -6.2380e-02 5.5392e-01 5.5392e-01 -1.6204e-01 5.4418e-01 5.3273e-01 1.6333e-01
1.4746e-03 -3.4667e-02 4.4399e-01 -3.0960e-02 5.9895e-01 -1.8062e-02 -4.5897e-02 -2.0281e-02 -1.9545e-02 -1.9545e-02 -2.0281e-02 -2.0281e-02 -1.8806e-02 -3.6115e-02 -1.4445e-03 -1.9545e-02 -8.1734e-01 -8.1734e-01 -8.2580e-01 -8.5528e-01 -1.7314e-02 -8.3979e-01 -7.1260e-01 -1.7669e-01 -9.0278e-01 -2.3976e-01 -2.0853e-01 2.3179e-01 7.6116e-01 7.6930e-01 7.6930e-01 7.6930e-01 1.0000e+00 6.0158e-01 1.0000e+00 -1.7629e-01 1.0000e+00 1.0000e+00 1.0000e+00 9.5222e-01 9.4459e-01 5.5392e-01 -3.8572e-01 -6.2380e-02 5.5392e-01 5.5392e-01 -1.6204e-01 5.4418e-01 5.3273e-01 1.6333e-01
1.4746e-03 -3.4667e-02 4.4399e-01 -3.0960e-02 5.9895e-01 -1.8062e-02 -4.5897e-02 -2.0281e-02 -1.9545e-02 -1.9545e-02 -2.0281e-02 -2.0281e-02 -1.8806e-02 -3.6115e-02 -1.4445e-03 -1.9545e-02 -8.1734e-01 -8.1734e-01 -8.2580e-01 -8.5528e-01 -1.7314e-02 -8.3979e-01 -7.1260e-01 -1.7669e-01 -9.0278e-01 -2.3976e-01 -2.0853e-01 2.3179e-01 7.6116e-01 7.6930e-01 7.6930e-01 7.6930e-01 1.0000e+00 6.0158e-01 1.0000e+00 -1.7629e-01 1.0000e+00 1.0000e+00 1.0000e+00 9.5222e-01 9.4459e-01 5.5392e-01 -3.8572e-01 -6.2380e-02 5.5392e-01 5.5392e-01 -1.6204e-01 5.4418e-01 5.3273e-01 1.6333e-01
-1.5113e-03 -6.2625e-03 4.1914e-01 -3.2514e-02 5.6687e-01 3.4586e-02 8.9946e-02 3.1802e-02 3.2724e-02 3.2724e-02 3.1802e-02 3.1802e-02 3.3652e-02 9.6352e-03 3.9957e-02 -2.9331e-02 -7.7740e-01 -7.7740e-01 -7.8546e-01 -8.1386e-01 -2.7064e-02 -7.9900e-01 -6.7582e-01 -1.3853e-01 -8.5921e-01 -2.0828e-01 -1.7316e-01 1.9130e-01 7.2095e-01 7.2872e-01 7.2872e-01 7.2872e-01 9.5222e-01 6.2226e-01 9.5222e-01 -1.8514e-01 9.5222e-01 9.5222e-01 9.5222e-01 1.0000e+00 9.9327e-01 6.0202e-01 -4.1208e-01 -6.5511e-02 6.0202e-01 6.0202e-01 -1.7017e-01 5.9315e-01 5.8078e-01 1.7153e-01
-1.0995e-03 -5.8461e-03 4.2251e-01 -3.2295e-02 5.7121e-01 3.6290e-02 9.1055e-02 3.3509e-02 3.4430e-02 3.4430e-02 3.3509e-02 3.3509e-02 3.5357e-02 1.1440e-02 4.2048e-02 -2.7978e-02 -7.8279e-01 -7.8279e-01 -7.9091e-01 -8.1945e-01 -3.6207e-02 -8.0450e-01 -6.8079e-01 -1.4492e-01 -8.6510e-01 -2.1365e-01 -1.7142e-01 1.8936e-01 7.1497e-01 7.2283e-01 7.2283e-01 7.2283e-01 9.4459e-01 6.1795e-01 9.4459e-01 -1.8389e-01 9.4459e-01 9.4459e-01 9.4459e-01 9.9327e-01 1.0000e+00 6.0657e-01 -4.0839e-01 -6.5070e-02 6.0657e-01 6.0657e-01 -1.6902e-01 5.9764e-01 5.8522e-01 1.7037e-01
-3.5045e-03 -3.7615e-02 2.1777e-01 -3.3593e-02 3.4172e-01 3.6484e-02 2.4147e-01 3.3601e-02 3.4556e-02 3.4556e-02 3.3601e-02 3.3601e-02 3.5517e-02 2.8384e-02 3.8673e-02 -2.5832e-02 -5.2206e-01 -5.2206e-01 -5.4572e-01 -5.4147e-01 -4.3753e-02 -5.5594e-01 -4.4981e-01 2.4002e-02 -5.7812e-01 -5.3372e-02 -3.2223e-03 1.2375e-02 4.1888e-01 4.1641e-01 4.1641e-01 4.1641e-01 5.5392e-01 3.4732e-01 5.5392e-01 -9.4314e-03 5.5392e-01 5.5392e-01 5.5392e-01 6.0202e-01 6.0657e-01 1.0000e+00 -5.0225e-01 -6.7685e-02 1.0000e+00 1.0000e+00 -1.7582e-01 8.6580e-01 8.6166e-01 1.1167e-01
4.9836e-02 3.7961e-02 -2.1440e-01 6.6886e-02 -2.7374e-01 2.0421e-02 -1.1242e-01 2.5373e-02 3.0067e-02 3.0067e-02 3.1691e-02 3.1691e-02 2.8435e-02 7.4384e-03 -1.2768e-02 1.1243e-01 3.4489e-01 3.4489e-01 3.4904e-01 3.3160e-01 1.0822e-01 3.4071e-01 2.5064e-01 1.1183e-01 3.5723e-01 -7.0302e-02 1.7905e-01 -6.7392e-02 -2.3019e-01 -2.3441e-01 -2.3441e-01 -2.3441e-01 -3.8572e-01 -6.5291e-01 -3.8572e-01 2.1660e-01 -3.8572e-01 -3.8572e-01 -3.8572e-01 -4.1208e-01 -4.0839e-01 -5.0225e-01 1.0000e+00 1.3476e-01 -5.0225e-01 -5.0225e-01 3.5006e-01 -4.2663e-01 -4.2147e-01 -3.1159e-01
-2.5330e-02 -2.7236e-02 -5.9135e-02 -2.4324e-02 -6.7254e-02 -9.0849e-02 -3.6059e-02 -9.1945e-02 -9.1580e-02 -9.1580e-02 -9.1945e-02 -9.1945e-02 -9.1215e-02 -4.4770e-02 3.9403e-02 -9.1580e-02 5.8661e-02 5.8661e-02 5.9135e-02 5.8184e-02 -9.0483e-02 5.8184e-02 6.8115e-02 2.5507e-01 6.0075e-02 1.7610e-01 2.2033e-01 -1.9232e-01 -8.0700e-02 -8.1087e-02 -8.1087e-02 -8.1087e-02 -6.2380e-02 -1.0369e-01 -6.2380e-02 2.7004e-01 -6.2380e-02 -6.2380e-02 -6.2380e-02 -6.5511e-02 -6.5070e-02 -6.7685e-02 1.3476e-01 1.0000e+00 -6.7685e-02 -6.7685e-02 3.8497e-01 -6.7254e-02 -6.8542e-02 -3.7107e-01
-3.5045e-03 -3.7615e-02 2.1777e-01 -3.3593e-02 3.4172e-01 3.6484e-02 2.4147e-01 3.3601e-02 3.4556e-02 3.4556e-02 3.3601e-02 3.3601e-02 3.5517e-02 2.8384e-02 3.8673e-02 -2.5832e-02 -5.2206e-01 -5.2206e-01 -5.4572e-01 -5.4147e-01 -4.3753e-02 -5.5594e-01 -4.4981e-01 2.4002e-02 -5.7812e-01 -5.3372e-02 -3.2223e-03 1.2375e-02 4.1888e-01 4.1641e-01 4.1641e-01 4.1641e-01 5.5392e-01 3.4732e-01 5.5392e-01 -9.4314e-03 5.5392e-01 5.5392e-01 5.5392e-01 6.0202e-01 6.0657e-01 1.0000e+00 -5.0225e-01 -6.7685e-02 1.0000e+00 1.0000e+00 -1.7582e-01 8.6580e-01 8.6166e-01 1.1167e-01
-3.5045e-03 -3.7615e-02 2.1777e-01 -3.3593e-02 3.4172e-01 3.6484e-02 2.4147e-01 3.3601e-02 3.4556e-02 3.4556e-02 3.3601e-02 3.3601e-02 3.5517e-02 2.8384e-02 3.8673e-02 -2.5832e-02 -5.2206e-01 -5.2206e-01 -5.4572e-01 -5.4147e-01 -4.3753e-02 -5.5594e-01 -4.4981e-01 2.4002e-02 -5.7812e-01 -5.3372e-02 -3.2223e-03 1.2375e-02 4.1888e-01 4.1641e-01 4.1641e-01 4.1641e-01 5.5392e-01 3.4732e-01 5.5392e-01 -9.4314e-03 5.5392e-01 5.5392e-01 5.5392e-01 6.0202e-01 6.0657e-01 1.0000e+00 -5.0225e-01 -6.7685e-02 1.0000e+00 1.0000e+00 -1.7582e-01 8.6580e-01 8.6166e-01 1.1167e-01
-6.5797e-02 -3.2790e-02 -3.3675e-02 -4.1996e-02 -4.2372e-02 2.0935e-01 3.6804e-02 2.0923e-01 2.1144e-01 2.1144e-01 2.0923e-01 2.0923e-01 2.1366e-01 1.9421e-01 2.0981e-01 3.4819e-01 1.0592e-01 1.0592e-01 1.0748e-01 1.0435e-01 3.8235e-01 1.0435e-01 2.1444e-02 6.0016e-01 1.1965e-01 4.3217e-01 5.5575e-01 -5.1153e-01 -2.0963e-01 -2.1063e-01 -2.1063e-01 -2.1063e-01 -1.6204e-01 -2.6336e-01 -1.6204e-01 6.8894e-01 -1.6204e-01 -1.6204e-01 -1.6204e-01 -1.7017e-01 -1.6902e-01 -1.7582e-01 3.5006e-01 3.8497e-01 -1.7582e-01 -1.7582e-01 1.0000e+00 -1.3335e-01 -1.3734e-01 -8.6484e-01
-3.1142e-03 -3.7376e-02 2.1988e-01 -3.3379e-02 3.4463e-01 2.7969e-02 2.2081e-01 2.5174e-02 2.6100e-02 2.6100e-02 2.5174e-02 2.5174e-02 2.7031e-02 2.1030e-02 4.0692e-02 -4.4727e-02 -5.2578e-01 -5.2578e-01 -5.3524e-01 -5.4529e-01 -6.2936e-02 -5.4529e-01 -4.5330e-01 1.8686e-02 -5.6802e-01 -5.7726e-02 -8.0688e-03 -1.2354e-02 4.1130e-01 4.0887e-01 4.0887e-01 4.0887e-01 5.4418e-01 3.5084e-01 5.4418e-01 -2.3143e-02 5.4418e-01 5.4418e-01 5.4418e-01 5.9315e-01 5.9764e-01 8.6580e-01 -4.2663e-01 -6.7254e-02 8.6580e-01 8.6580e-01 -1.3335e-01 1.0000e+00 9.8120e-01 1.7609e-01
2.6879e-02 -9.0612e-03 2.1363e-01 -1.6107e-03 3.3605e-01 2.3201e-02 2.1565e-01 2.0398e-02 2.1327e-02 2.1327e-02 2.0398e-02 2.0398e-02 2.2261e-02 1.5676e-02 3.4702e-02 -4.8396e-02 -5.1479e-01 -5.1479e-01 -5.2408e-01 -5.3402e-01 -6.6269e-02 -5.3402e-01 -4.4299e-01 1.1465e-02 -5.5630e-01 -6.6095e-02 -1.5754e-02 -3.4787e-03 4.0104e-01 3.9863e-01 3.9863e-01 3.9863e-01 5.3273e-01 3.4043e-01 5.3273e-01 -2.9386e-02 5.3273e-01 5.3273e-01 5.3273e-01 5.8078e-01 5.8522e-01 8.6166e-01 -4.2147e-01 -6.8542e-02 8.6166e-01 8.6166e-01 -1.3734e-01 9.8120e-01 1.0000e+00 1.7947e-01
6.6322e-02 5.2409e-02 3.5377e-02 6.3688e-02 3.6054e-02 -1.5351e-01 -4.9977e-02 -1.5380e-01 -1.5587e-01 -1.5587e-01 -1.5380e-01 -1.5380e-01 -1.5794e-01 -1.4295e-01 -1.4303e-01 -2.8559e-01 -1.0733e-01 -1.0733e-01 -1.0889e-01 -1.0575e-01 -3.0607e-01 -1.0575e-01 -2.3473e-02 -5.1836e-01 -1.2104e-01 -3.5510e-01 -4.8138e-01 4.3847e-01 2.1130e-01 2.1231e-01 2.1231e-01 2.1231e-01 1.6333e-01 2.6554e-01 1.6333e-01 -6.1057e-01 1.6333e-01 1.6333e-01 1.6333e-01 1.7153e-01 1.7037e-01 1.1167e-01 -3.1159e-01 -3.7107e-01 1.1167e-01 1.1167e-01 -8.6484e-01 1.7609e-01 1.7947e-01 1.0000e+00
