1.0000e+00 7.8430e-03 2.2143e-01 -1.8402e-02 -4.2166e-02 1.8068e-01 -1.3015e-01 1.4286e-02 -9.9082e-03 -3.6077e-02 1.6187e-01 3.1325e-02 1.5113e-02 -2.3676e-02 6.1816e-02 6.4138e-02 3.4438e-02 -7.9656e-03 -2.0730e-02 -4.9960e-02 -1.4828e-02 -5.5515e-03 -5.4218e-02 -2.4501e-02 -3.4495e-02 4.2259e-03 -4.0994e-02 3.9268e-02 -1.7782e-02 -2.9851e-03
7.8430e-03 1.0000e+00 -1.0832e-01 1.3549e-01 -8.1554e-02 -8.6249e-02 1.7342e-01 8.7302e-02 1.8291e-01 3.2920e-02 9.3906e-02 -6.7977e-02 4.5517e-02 -2.2048e-02 5.5289e-02 5.7810e-02 3.6094e-02 -9.5550e-02 -4.4946e-02 -8.1203e-04 -1.6658e-02 -9.2388e-02 2.9535e-03 -4.7387e-02 -1.0589e-01 4.1811e-02 -3.9680e-02 3.1533e-03 -2.5391e-02 -3.9243e-02
2.2143e-01 -1.0832e-01 1.0000e+00 -5.8610e-02 -4.7031e-02 9.7792e-02 -1.3874e-01 3.1188e-02 7.0945e-03 -2.0034e-02 4.7073e-02 -2.1240e-03 -3.4079e-02 -2.7277e-02 -4.1099e-03 -2.1338e-03 3.0039e-02 3.1012e-02 2.8782e-02 -3.4386e-02 -1.5317e-02 4.2180e-02 -2.8833e-02 1.7382e-02 1.0565e-02 8.1317e-03 -1.3389e-02 4.6142e-02 3.0362e-02 5.7314e-02
-1.8402e-02 1.3549e-01 -5.8610e-02 1.0000e+00 -9.3478e-02 -7.0654e-02 1.6845e-01 1.4006e-02 3.6796e-01 -5.2669e-03 -6.7318e-02 2.0090e-02 -4.7310e-02 -3.1764e-02 -4.8839e-02 -4.7359e-02 2.5615e-02 1.3005e-02 4.2763e-02 -1.3228e-02 -1.3646e-02 -2.5411e-02 -2.9099e-02 5.4360e-02 -4.7989e-02 1.2382e-01 -2.7609e-02 -1.9000e-02 -4.0085e-02 -3.2147e-02
-4.2166e-02 -8.1554e-02 -4.7031e-02 -9.3478e-02 1.0000e+00 -7.0654e-02 1.4637e-01 3.5485e-02 -8.2731e-02 -1.0439e-01 -8.0100e-02 1.2527e-01 1.4400e-01 -4.8962e-02 2.5176e-01 2.5511e-01 -3.5160e-02 -2.9657e-02 -1.4209e-01 -5.9354e-02 -1.3646e-02 -5.4005e-02 -6.3007e-02 -1.3749e-01 -2.6615e-02 -1.0778e-01 -6.3742e-02 -2.0279e-01 -4.0085e-02 -3.2147e-02
1.8068e-01 -8.6249e-02 9.7792e-02 -7.0654e-02 -7.0654e-02 1.0000e+00 -2.5414e-01 -5.0108e-02 -5.6037e-02 -7.8500e-02 2.0676e-01 7.5617e-02 2.8958e-02 -6.1664e-03 9.3200e-02 9.5128e-02 -4.1887e-02 3.9862e-02 -3.3053e-02 -6.5028e-02 -1.0314e-02 4.6797e-02 -6.7389e-02 -3.0119e-02 3.5213e-02 -7.8764e-02 -6.0138e-02 6.7657e-02 -3.0298e-02 -2.4298e-02
-1.3015e-01 1.7342e-01 -1.3874e-01 1.6845e-01 1.4637e-01 -2.5414e-01 1.0000e+00 4.3260e-01 2.3915e-01 4.6584e-02 -3.3180e-02 -2.5824e-02 9.0172e-02 1.6774e-02 6.4780e-02 6.0706e-02 2.1869e-02 -1.1014e-01 -1.0278e-01 9.1271e-02 3.4261e-02 -1.3565e-01 1.0813e-01 -1.1582e-01 -1.3460e-01 2.9738e-02 1.0434e-01 -5.7039e-02 4.8408e-03 4.1133e-02
1.4286e-02 8.7302e-02 3.1188e-02 1.4006e-02 3.5485e-02 -5.0108e-02 4.3260e-01 1.0000e+00 2.7691e-01 2.3454e-02 2.1244e-01 4.2116e-03 2.0986e-01 8.5811e-02 2.0116e-01 2.0310e-01 8.1257e-02 -2.0066e-01 -1.7845e-01 5.3405e-02 -5.2716e-03 -1.6886e-01 4.7297e-02 -1.8283e-01 -1.5597e-01 -6.6485e-03 5.9759e-02 -7.2859e-02 -7.7195e-03 1.6456e-02
-9.9082e-03 1.8291e-01 7.0945e-03 3.6796e-01 -8.2731e-02 -5.6037e-02 2.3915e-01 2.7691e-01 1.0000e+00 -1.0319e-02 -4.4300e-02 -3.7700e-02 -1.2620e-01 -3.3547e-02 -8.2874e-02 -8.1573e-02 6.3210e-02 4.4267e-02 1.3063e-01 -9.6125e-02 -1.3905e-02 -6.3319e-03 -8.8011e-02 1.2510e-01 1.1708e-02 1.4038e-01 -1.0177e-01 -7.4772e-02 -1.3687e-02 9.0339e-04
-3.6077e-02 3.2920e-02 -2.0034e-02 -5.2669e-03 -1.0439e-01 -7.8500e-02 4.6584e-02 2.3454e-02 -1.0319e-02 1.0000e+00 -1.3943e-01 -5.0046e-01 -1.9257e-01 -8.2630e-03 -1.3531e-01 -1.4069e-01 1.6983e-01 -2.4886e-01 1.9244e-01 -1.2777e-01 3.4748e-02 -2.1771e-01 -1.2495e-01 1.9084e-01 -2.0284e-01 4.0190e-01 -1.2553e-01 6.0667e-02 7.2750e-02 -2.9381e-03
1.6187e-01 9.3906e-02 4.7073e-02 -6.7318e-02 -8.0100e-02 2.0676e-01 -3.3180e-02 2.1244e-01 -4.4300e-02 -1.3943e-01 1.0000e+00 1.6448e-01 4.9797e-01 -4.8449e-02 6.2965e-01 6.3534e-01 8.7497e-02 -2.8356e-01 -3.9822e-01 -8.1622e-02 -1.3559e-02 -2.5948e-01 -8.4802e-02 -3.8341e-01 -2.8080e-01 -5.6423e-02 -8.7131e-02 9.2364e-02 -3.9830e-02 -3.1942e-02
3.1325e-02 -6.7977e-02 -2.1240e-03 2.0090e-02 1.2527e-01 7.5617e-02 -2.5824e-02 4.2116e-03 -3.7700e-02 -5.0046e-01 1.6448e-01 1.0000e+00 3.3485e-01 -3.6371e-01 2.3623e-01 2.3423e-01 -1.7575e-01 5.0684e-01 -2.7500e-01 1.4656e-01 2.6554e-02 4.0441e-01 1.5305e-01 -2.6402e-01 3.3034e-01 -6.0363e-01 1.1771e-01 -6.5773e-02 -1.3261e-01 -1.3322e-01
1.5113e-02 4.5517e-02 -3.4079e-02 -4.7310e-02 1.4400e-01 2.8958e-02 9.0172e-02 2.0986e-01 -1.2620e-01 -1.9257e-01 4.9797e-01 3.3485e-01 1.0000e+00 -1.2179e-01 7.0549e-01 6.9951e-01 -9.2476e-03 -5.6040e-01 -9.0949e-01 5.3001e-01 7.9303e-02 -4.8864e-01 5.4017e-01 -8.9634e-01 -5.4390e-01 -2.3904e-01 4.4648e-01 -9.2450e-02 -1.9658e-02 -3.6813e-02
-2.3676e-02 -2.2048e-02 -2.7277e-02 -3.1764e-02 -4.8962e-02 -6.1664e-03 1.6774e-02 8.5811e-02 -3.3547e-02 -8.2630e-03 -4.8449e-02 -3.6371e-01 -1.2179e-01 1.0000e+00 -8.5920e-02 -8.5193e-02 -3.9223e-02 -2.0764e-01 1.1947e-01 -7.4655e-02 -9.6581e-03 -1.1771e-01 -7.6592e-02 8.7278e-02 5.8483e-02 1.1144e-02 -7.0688e-02 -1.0563e-01 8.3555e-02 1.1597e-01
6.1816e-02 5.5289e-02 -4.1099e-03 -4.8839e-02 2.5176e-01 9.3200e-02 6.4780e-02 2.0116e-01 -8.2874e-02 -1.3531e-01 6.2965e-01 2.3623e-01 7.0549e-01 -8.5920e-02 1.0000e+00 9.9153e-01 -7.1969e-02 -3.9864e-01 -6.5754e-01 -1.0878e-01 1.1241e-01 -3.4627e-01 -6.6825e-02 -6.5495e-01 -3.8832e-01 -1.8544e-01 -8.0610e-02 -2.1361e-01 1.5400e-02 -1.3879e-02
6.4138e-02 5.7810e-02 -2.1338e-03 -4.7359e-02 2.5511e-01 9.5128e-02 6.0706e-02 2.0310e-01 -8.1573e-02 -1.4069e-01 6.3534e-01 2.3423e-01 6.9951e-01 -8.5193e-02 9.9153e-01 1.0000e+00 -7.1360e-02 -3.9526e-01 -6.6486e-01 -1.0744e-01 -1.7571e-02 -3.4317e-01 -8.3719e-02 -6.4860e-01 -3.9621e-01 -1.8328e-01 -7.9206e-02 -2.1730e-01 1.6261e-02 -1.3352e-02
3.4438e-02 3.6094e-02 3.0039e-02 2.5615e-02 -3.5160e-02 -4.1887e-02 2.1869e-02 8.1257e-02 6.3210e-02 1.6983e-01 8.7497e-02 -1.7575e-01 -9.2476e-03 -3.9223e-02 -7.1969e-02 -7.1360e-02 1.0000e+00 -1.8198e-01 1.0007e-01 -6.2533e-02 -8.0899e-03 -1.5200e-01 -6.4156e-02 1.0146e-01 -1.7048e-01 2.7906e-01 -5.9211e-02 7.3482e-02 -2.3764e-02 -1.9058e-02
-7.9656e-03 -9.5550e-02 3.1012e-02 1.3005e-02 -2.9657e-02 3.9862e-02 -1.1014e-01 -2.0066e-01 4.4267e-02 -2.4886e-01 -2.8356e-01 5.0684e-01 -5.6040e-01 -2.0764e-01 -3.9864e-01 -3.9526e-01 -1.8198e-01 1.0000e+00 5.4959e-01 -3.3992e-01 -4.4810e-02 8.1392e-01 -3.4272e-01 5.4798e-01 7.8664e-01 -3.8155e-01 -2.9429e-01 1.6120e-03 -1.1620e-01 -8.6446e-02
-2.0730e-02 -4.4946e-02 2.8782e-02 4.2763e-02 -1.4209e-01 -3.3053e-02 -1.0278e-01 -1.7845e-01 1.3063e-01 1.9244e-01 -3.9822e-01 -2.7500e-01 -9.0949e-01 1.1947e-01 -6.5754e-01 -6.6486e-01 1.0007e-01 5.4959e-01 1.0000e+00 -6.2489e-01 2.4641e-02 4.8823e-01 -6.1124e-01 9.6978e-01 5.5544e-01 3.0863e-01 -5.4394e-01 9.3310e-02 1.7702e-02 3.5458e-02
-4.9960e-02 -8.1203e-04 -3.4386e-02 -1.3228e-02 -5.9354e-02 -6.5028e-02 9.1271e-02 5.3405e-02 -9.6125e-02 -1.2777e-01 -8.1622e-02 1.4656e-01 5.3001e-01 -7.4655e-02 -1.0878e-01 -1.0744e-01 -6.2533e-02 -3.3992e-01 -6.2489e-01 1.0000e+00 -1.5398e-02 -3.0451e-01 9.5420e-01 -6.0121e-01 -3.4184e-01 -1.8878e-01 8.4856e-01 1.2134e-01 -4.5231e-02 -3.6274e-02
-1.4828e-02 -1.6658e-02 -1.5317e-02 -1.3646e-02 -1.3646e-02 -1.0314e-02 3.4261e-02 -5.2716e-03 -1.3905e-02 3.4748e-02 -1.3559e-02 2.6554e-02 7.9303e-02 -9.6581e-03 1.1241e-01 -1.7571e-02 -8.0899e-03 -4.4810e-02 2.4641e-02 -1.5398e-02 1.0000e+00 -4.0234e-02 1.2610e-01 -7.9736e-02 4.1878e-02 -2.5393e-02 -1.4580e-02 1.8094e-02 -5.8516e-03 -4.6928e-03
-5.5515e-03 -9.2388e-02 4.2180e-02 -2.5411e-02 -5.4005e-02 4.6797e-02 -1.3565e-01 -1.6886e-01 -6.3319e-03 -2.1771e-01 -2.5948e-01 4.0441e-01 -4.8864e-01 -1.1771e-01 -3.4627e-01 -3.4317e-01 -1.5200e-01 8.1392e-01 4.8823e-01 -3.0451e-01 -4.0234e-02 1.0000e+00 -3.1907e-01 5.0458e-01 7.4567e-01 -3.4545e-01 -2.6061e-01 -4.2136e-02 -1.0268e-01 -7.5562e-02
-5.4218e-02 2.9535e-03 -2.8833e-02 -2.9099e-02 -6.3007e-02 -6.7389e-02 1.0813e-01 4.7297e-02 -8.8011e-02 -1.2495e-01 -8.4802e-02 1.5305e-01 5.4017e-01 -7.6592e-02 -6.6825e-02 -8.3719e-02 -6.4156e-02 -3.4272e-01 -6.1124e-01 9.5420e-01 1.2610e-01 -3.1907e-01 1.0000e+00 -6.3234e-01 -3.3923e-01 -2.0137e-01 8.5868e-01 1.2534e-01 -4.6405e-02 -3.7216e-02
-2.4501e-02 -4.7387e-02 1.7382e-02 5.4360e-02 -1.3749e-01 -3.0119e-02 -1.1582e-01 -1.8283e-01 1.2510e-01 1.9084e-01 -3.8341e-01 -2.6402e-01 -8.9634e-01 8.7278e-02 -6.5495e-01 -6.4860e-01 1.0146e-01 5.4798e-01 9.6978e-01 -6.0121e-01 -7.9736e-02 5.0458e-01 -6.3234e-01 1.0000e+00 5.5917e-01 3.1846e-01 -5.3619e-01 1.0800e-01 -3.5182e-02 -3.0854e-02
-3.4495e-02 -1.0589e-01 1.0565e-02 -4.7989e-02 -2.6615e-02 3.5213e-02 -1.3460e-01 -1.5597e-01 1.1708e-02 -2.0284e-01 -2.8080e-01 3.3034e-01 -5.4390e-01 5.8483e-02 -3.8832e-01 -3.9621e-01 -1.7048e-01 7.8664e-01 5.5544e-01 -3.4184e-01 4.1878e-02 7.4567e-01 -3.3923e-01 5.5917e-01 1.0000e+00 -5.4610e-01 -3.0766e-01 -4.2815e-02 -1.2428e-01 -9.2904e-02
4.2259e-03 4.1811e-02 8.1317e-03 1.2382e-01 -1.0778e-01 -7.8764e-02 2.9738e-02 -6.6485e-03 1.4038e-01 4.0190e-01 -5.6423e-02 -6.0363e-01 -2.3904e-01 1.1144e-02 -1.8544e-01 -1.8328e-01 2.7906e-01 -3.8155e-01 3.0863e-01 -1.8878e-01 -2.5393e-02 -3.4545e-01 -2.0137e-01 3.1846e-01 -5.4610e-01 1.0000e+00 -1.8585e-01 1.7087e-01 1.0484e-01 7.3614e-02
-4.0994e-02 -3.9680e-02 -1.3389e-02 -2.7609e-02 -6.3742e-02 -6.0138e-02 1.0434e-01 5.9759e-02 -1.0177e-01 -1.2553e-01 -8.7131e-02 1.1771e-01 4.4648e-01 -7.0688e-02 -8.0610e-02 -7.9206e-02 -5.9211e-02 -2.9429e-01 -5.4394e-01 8.4856e-01 -1.4580e-02 -2.6061e-01 8.5868e-01 -5.3619e-01 -3.0766e-01 -1.8585e-01 1.0000e+00 1.3243e-01 -4.2828e-02 -3.4347e-02
3.9268e-02 3.1533e-03 4.6142e-02 -1.9000e-02 -2.0279e-01 6.7657e-02 -5.7039e-02 -7.2859e-02 -7.4772e-02 6.0667e-02 9.2364e-02 -6.5773e-02 -9.2450e-02 -1.0563e-01 -2.1361e-01 -2.1730e-01 7.3482e-02 1.6120e-03 9.3310e-02 1.2134e-01 1.8094e-02 -4.2136e-02 1.2534e-01 1.0800e-01 -4.2815e-02 1.7087e-01 1.3243e-01 1.0000e+00 -2.5695e-01 -2.0445e-01
-1.7782e-02 -2.5391e-02 3.0362e-02 -4.0085e-02 -4.0085e-02 -3.0298e-02 4.8408e-03 -7.7195e-03 -1.3687e-02 7.2750e-02 -3.9830e-02 -1.3261e-01 -1.9658e-02 8.3555e-02 1.5400e-02 1.6261e-02 -2.3764e-02 -1.1620e-01 1.7702e-02 -4.5231e-02 -5.8516e-03 -1.0268e-01 -4.6405e-02 -3.5182e-02 -1.2428e-01 1.0484e-01 -4.2828e-02 -2.5695e-01 1.0000e+00 8.0197e-01
-2.9851e-03 -3.9243e-02 5.7314e-02 -3.2147e-02 -3.2147e-02 -2.4298e-02 4.1133e-02 1.6456e-02 9.0339e-04 -2.9381e-03 -3.1942e-02 -1.3322e-01 -3.6813e-02 1.1597e-01 -1.3879e-02 -1.3352e-02 -1.9058e-02 -8.6446e-02 3.5458e-02 -3.6274e-02 -4.6928e-03 -7.5562e-02 -3.7216e-02 -3.0854e-02 -9.2904e-02 7.3614e-02 -3.4347e-02 -2.0445e-01 8.0197e-01 1.0000e+00
