1.0000e+00 9.9051e-01 -2.5559e-02 8.4123e-02 8.4123e-02 8.4123e-02 2.2783e-01 8.3417e-02 8.1296e-02 7.7225e-02 7.7225e-02 7.6511e-02 7.6511e-02 7.6511e-02 7.6511e-02 7.7225e-02 7.6511e-02 7.5081e-02 7.4365e-02 7.4365e-02 -1.4543e-02 3.6953e-02 3.3516e-02 2.9904e-02 8.0431e-02 6.6621e-02 6.3696e-02 5.9848e-02 2.3987e-02 -3.0055e-02 -3.2432e-02 -3.0846e-02 -3.0846e-02 -3.0846e-02 -3.0055e-02 -3.2432e-02 -3.1638e-02 -3.0055e-02 -3.0846e-02 -3.1638e-02 -3.0846e-02 -5.1885e-03 -3.1638e-02 -3.1638e-02 -2.6625e-02 -3.3434e-02 -1.7858e-02 4.1607e-02 2.3672e-02 -2.6748e-02 -4.1994e-02 -2.4794e-02 4.2369e-02 2.1724e-02 2.0167e-02 -6.0538e-02 3.6009e-02 1.5434e-02 -5.8193e-02 3.5684e-02 1.3568e-02 1.1113e-02 -6.0538e-02 2.4844e-02 4.1029e-02 -6.3910e-02 -4.6531e-02 -2.5567e-02 -6.0538e-02 -4.7255e-02 -1.1806e-02 -4.7255e-02 -2.4844e-02 -4.6531e-02 -4.4359e-02 -4.6531e-02 -3.2901e-02 -6.0538e-02 -2.4844e-02 2.4844e-02 4.6531e-02 4.6531e-02 8.2332e-02 2.4844e-02 2.4844e-02 1.6003e-02 4.6531e-02 -6.0538e-02 4.6531e-02 4.5807e-02 -5.9376e-02 4.5807e-02 3.4647e-02 3.4647e-02 1.2211e-02 -6.7236e-02 -7.0887e-02 -7.0156e-02 -7.0156e-02 -6.6507e-02 -3.0604e-02 -9.2299e-02 -3.0604e-02 -9.3794e-02 -6.6507e-02 -6.7236e-02 -9.0062e-02 -9.3794e-02 -6.8695e-02 -6.6507e-02 -6.9426e-02 -7.0156e-02 -7.1619e-02 -3.1327e-02 -6.6507e-02 -6.7236e-02 -7.0156e-02 7.8553e-02 -6.7236e-02 -2.9881e-02 -7.0156e-02 6.9426e-02 -6.6507e-02 7.1619e-02 6.9426e-02 7.1619e-02 6.5778e-02 5.6330e-02 5.9981e-02 5.0877e-02 5.4526e-02 5.0877e-02 5.8519e-02 -5.3796e-02 -5.3796e-02 -3.4772e-02 -2.5980e-02 -2.4534e-02 -2.4534e-02 5.8917e-02 5.8917e-02 5.5988e-02 -2.7122e-02 1.8165e-02 2.4111e-02
9.9051e-01 1.0000e+00 -2.7489e-02 8.1412e-02 8.1412e-02 8.1412e-02 2.2560e-01 8.0697e-02 7.8548e-02 7.4284e-02 7.4284e-02 7.3560e-02 7.3560e-02 7.3560e-02 7.3560e-02 7.4284e-02 7.3560e-02 7.2110e-02 7.1384e-02 7.1384e-02 -4.8278e-03 3.4343e-02 3.3005e-02 2.9357e-02 8.0263e-02 6.3384e-02 6.0416e-02 5.6661e-02 4.2951e-02 -2.5493e-02 -2.7883e-02 -2.6288e-02 -2.6288e-02 -2.6288e-02 -2.5493e-02 -2.7883e-02 -2.7085e-02 -2.5493e-02 -2.6288e-02 -2.7085e-02 -2.6288e-02 -6.0019e-03 -2.7085e-02 -2.7085e-02 -2.8559e-02 -2.8809e-02 -1.9767e-02 3.8768e-02 2.1554e-02 -2.7802e-02 -4.3107e-02 -1.9261e-02 4.0545e-02 1.9889e-02 1.8331e-02 -6.1117e-02 3.5626e-02 1.4746e-02 -5.8750e-02 3.5193e-02 9.9936e-03 7.5000e-03 -6.1117e-02 2.4249e-02 3.7865e-02 -6.4522e-02 -4.6144e-02 -2.4979e-02 -6.1117e-02 -4.6875e-02 -1.1083e-02 -4.6875e-02 -2.4249e-02 -4.6144e-02 -4.3952e-02 -4.6144e-02 -3.2173e-02 -6.1117e-02 -2.4249e-02 2.4249e-02 4.6144e-02 4.6144e-02 8.0303e-02 2.4249e-02 2.4249e-02 1.6786e-02 4.6144e-02 -6.1117e-02 4.6144e-02 4.5414e-02 -5.9944e-02 4.5414e-02 3.4042e-02 3.4042e-02 1.1385e-02 -6.6944e-02 -7.0630e-02 -6.9892e-02 -6.9892e-02 -6.6208e-02 -2.9533e-02 -9.2243e-02 -2.9533e-02 -9.3752e-02 -6.6208e-02 -6.6944e-02 -8.9985e-02 -9.3752e-02 -6.8417e-02 -6.6208e-02 -6.9154e-02 -6.9892e-02 -7.1368e-02 -3.0263e-02 -6.6208e-02 -6.6944e-02 -6.9892e-02 7.6280e-02 -6.6944e-02 -2.8803e-02 -6.9892e-02 6.9154e-02 -6.6208e-02 7.1368e-02 6.9154e-02 7.1368e-02 6.5472e-02 5.6142e-02 5.9827e-02 5.0740e-02 5.4424e-02 5.0740e-02 5.8352e-02 -5.3686e-02 -5.3686e-02 -3.3957e-02 -2.5290e-02 -2.3829e-02 -2.3829e-02 5.8857e-02 5.8857e-02 5.5900e-02 -2.6338e-02 1.7600e-02 2.3132e-02
-2.5559e-02 -2.7489e-02 1.0000e+00 1.8515e-01 1.8515e-01 1.8515e-01 -3.2778e-02 1.8456e-01 1.8279e-01 1.7391e-01 1.7391e-01 1.7332e-01 1.7332e-01 1.7332e-01 1.7332e-01 1.7391e-01 1.7332e-01 1.7214e-01 1.7154e-01 1.7154e-01 -4.0783e-02 -5.4321e-02 1.1076e-01 1.1384e-01 1.7526e-01 1.1726e-01 1.1471e-01 1.1726e-01 9.4510e-03 8.7077e-02 8.5087e-02 8.6415e-02 8.6415e-02 8.6415e-02 8.7077e-02 8.5087e-02 8.5751e-02 8.7077e-02 8.6415e-02 8.5751e-02 9.3256e-02 4.6877e-02 9.2598e-02 9.2598e-02 -5.0731e-03 8.2907e-02 -6.8556e-03 -5.1437e-02 -5.3526e-02 -3.7201e-02 -3.5633e-02 9.2856e-02 -4.3836e-02 -4.3659e-02 -4.4712e-02 -1.7392e-02 1.1891e-01 1.1335e-01 -1.3650e-02 1.1279e-01 7.5026e-02 8.7829e-02 -1.7392e-02 1.2851e-01 9.8551e-02 -2.2574e-02 -1.3590e-01 -1.2918e-01 -1.7392e-02 -1.3659e-01 -1.1650e-01 -1.3659e-01 -1.2851e-01 -1.3590e-01 -1.3385e-01 -1.3590e-01 -1.3097e-01 -1.7392e-02 -1.2851e-01 1.2851e-01 1.3590e-01 1.3590e-01 -5.1419e-02 1.2851e-01 1.2851e-01 1.8421e-01 1.3590e-01 -1.7392e-02 1.3590e-01 1.3522e-01 -1.5553e-02 1.3522e-01 1.1895e-01 1.1895e-01 1.1118e-01 1.0838e-01 1.0499e-01 1.0566e-01 1.0566e-01 1.0906e-01 1.5519e-01 1.0487e-01 1.5519e-01 1.0353e-01 1.0906e-01 1.0838e-01 1.0687e-01 1.0353e-01 1.0702e-01 1.0906e-01 1.0634e-01 1.0566e-01 1.0431e-01 1.5446e-01 1.0906e-01 1.0838e-01 1.0566e-01 -4.5755e-02 1.0838e-01 1.5593e-01 1.0566e-01 -1.0634e-01 1.0906e-01 -1.0431e-01 -1.0634e-01 -1.0431e-01 -1.0974e-01 -1.0702e-01 -1.0363e-01 -1.0634e-01 -1.0295e-01 -1.0634e-01 -1.0499e-01 1.0363e-01 1.0363e-01 1.3206e-01 1.4144e-01 1.4286e-01 1.4286e-01 -9.2437e-02 -9.2437e-02 -8.8686e-02 1.3348e-01 -2.4383e-02 -2.0216e-02
8.4123e-02 8.1412e-02 1.8515e-01 1.0000e+00 1.0000e+00 1.0000e+00 6.7885e-02 9.9778e-01 9.9113e-01 9.5809e-01 9.5809e-01 9.4236e-01 9.4236e-01 9.4236e-01 9.4236e-01 9.4005e-01 9.3785e-01 9.3344e-01 9.2671e-01 9.2671e-01 -2.9921e-01 2.3497e-01 3.3418e-01 3.4567e-01 2.6332e-01 2.9772e-01 2.9128e-01 2.8850e-01 -1.0863e-01 9.9992e-02 1.0028e-01 1.0157e-01 1.0157e-01 1.0157e-01 1.0445e-01 1.0028e-01 1.0316e-01 1.0445e-01 1.0157e-01 1.0316e-01 1.0157e-01 -3.9807e-02 1.0316e-01 1.0316e-01 -2.2062e-01 1.1591e-01 -2.4023e-01 -3.1721e-01 -2.3990e-01 -2.0952e-01 -1.7016e-01 1.7384e-01 -2.1996e-01 -1.9278e-01 -1.8875e-01 -1.0240e-01 1.8236e-01 1.4726e-01 -7.4931e-02 1.7422e-01 -6.3686e-02 -5.4169e-02 -7.6390e-02 1.4951e-01 -3.7171e-02 -7.2409e-02 -1.7381e-01 -1.5228e-01 -6.3387e-02 -1.7659e-01 -1.4610e-01 -1.7659e-01 -1.4951e-01 -1.7381e-01 -1.6967e-01 -1.7381e-01 -1.4554e-01 -6.3387e-02 -1.4951e-01 1.4951e-01 1.7381e-01 1.7381e-01 -1.5591e-01 1.4951e-01 1.4951e-01 2.3078e-01 1.7381e-01 -6.3387e-02 1.7381e-01 1.7523e-01 -6.9038e-02 1.7523e-01 1.5072e-01 1.5072e-01 1.3241e-01 1.1105e-01 1.0558e-01 1.0835e-01 1.0835e-01 1.1382e-01 1.7685e-01 1.2206e-01 1.7685e-01 1.2074e-01 1.1382e-01 1.1105e-01 1.2616e-01 1.2074e-01 1.0970e-01 1.1382e-01 1.0692e-01 1.0835e-01 1.0280e-01 1.7399e-01 1.1382e-01 1.1105e-01 1.0414e-01 -1.6848e-01 1.1105e-01 1.7971e-01 1.0835e-01 -1.0692e-01 1.1382e-01 -1.0280e-01 -1.0692e-01 -1.0280e-01 -1.1660e-01 -1.1811e-01 -1.0844e-01 -1.1533e-01 -1.0987e-01 -1.1533e-01 -1.1399e-01 1.0844e-01 1.1685e-01 1.7918e-01 1.8193e-01 1.8758e-01 1.8758e-01 -1.0585e-01 -1.0585e-01 -1.0853e-01 1.8484e-01 -9.2678e-03 -8.5670e-02
8.4123e-02 8.1412e-02 1.8515e-01 1.0000e+00 1.0000e+00 1.0000e+00 6.7885e-02 9.9778e-01 9.9113e-01 9.5809e-01 9.5809e-01 9.4236e-01 9.4236e-01 9.4236e-01 9.4236e-01 9.4005e-01 9.3785e-01 9.3344e-01 9.2671e-01 9.2671e-01 -2.9921e-01 2.3497e-01 3.3418e-01 3.4567e-01 2.6332e-01 2.9772e-01 2.9128e-01 2.8850e-01 -1.0863e-01 9.9992e-02 1.0028e-01 1.0157e-01 1.0157e-01 1.0157e-01 1.0445e-01 1.0028e-01 1.0316e-01 1.0445e-01 1.0157e-01 1.0316e-01 1.0157e-01 -3.9807e-02 1.0316e-01 1.0316e-01 -2.2062e-01 1.1591e-01 -2.4023e-01 -3.1721e-01 -2.3990e-01 -2.0952e-01 -1.7016e-01 1.7384e-01 -2.1996e-01 -1.9278e-01 -1.8875e-01 -1.0240e-01 1.8236e-01 1.4726e-01 -7.4931e-02 1.7422e-01 -6.3686e-02 -5.4169e-02 -7.6390e-02 1.4951e-01 -3.7171e-02 -7.2409e-02 -1.7381e-01 -1.5228e-01 -6.3387e-02 -1.7659e-01 -1.4610e-01 -1.7659e-01 -1.4951e-01 -1.7381e-01 -1.6967e-01 -1.7381e-01 -1.4554e-01 -6.3387e-02 -1.4951e-01 1.4951e-01 1.7381e-01 1.7381e-01 -1.5591e-01 1.4951e-01 1.4951e-01 2.3078e-01 1.7381e-01 -6.3387e-02 1.7381e-01 1.7523e-01 -6.9038e-02 1.7523e-01 1.5072e-01 1.5072e-01 1.3241e-01 1.1105e-01 1.0558e-01 1.0835e-01 1.0835e-01 1.1382e-01 1.7685e-01 1.2206e-01 1.7685e-01 1.2074e-01 1.1382e-01 1.1105e-01 1.2616e-01 1.2074e-01 1.0970e-01 1.1382e-01 1.0692e-01 1.0835e-01 1.0280e-01 1.7399e-01 1.1382e-01 1.1105e-01 1.0414e-01 -1.6848e-01 1.1105e-01 1.7971e-01 1.0835e-01 -1.0692e-01 1.1382e-01 -1.0280e-01 -1.0692e-01 -1.0280e-01 -1.1660e-01 -1.1811e-01 -1.0844e-01 -1.1533e-01 -1.0987e-01 -1.1533e-01 -1.1399e-01 1.0844e-01 1.1685e-01 1.7918e-01 1.8193e-01 1.8758e-01 1.8758e-01 -1.0585e-01 -1.0585e-01 -1.0853e-01 1.8484e-01 -9.2678e-03 -8.5670e-02
8.4123e-02 8.1412e-02 1.8515e-01 1.0000e+00 1.0000e+00 1.0000e+00 6.7885e-02 9.9778e-01 9.9113e-01 9.5809e-01 9.5809e-01 9.4236e-01 9.4236e-01 9.4236e-01 9.4236e-01 9.4005e-01 9.3785e-01 9.3344e-01 9.2671e-01 9.2671e-01 -2.9921e-01 2.3497e-01 3.3418e-01 3.4567e-01 2.6332e-01 2.9772e-01 2.9128e-01 2.8850e-01 -1.0863e-01 9.9992e-02 1.0028e-01 1.0157e-01 1.0157e-01 1.0157e-01 1.0445e-01 1.0028e-01 1.0316e-01 1.0445e-01 1.0157e-01 1.0316e-01 1.0157e-01 -3.9807e-02 1.0316e-01 1.0316e-01 -2.2062e-01 1.1591e-01 -2.4023e-01 -3.1721e-01 -2.3990e-01 -2.0952e-01 -1.7016e-01 1.7384e-01 -2.1996e-01 -1.9278e-01 -1.8875e-01 -1.0240e-01 1.8236e-01 1.4726e-01 -7.4931e-02 1.7422e-01 -6.3686e-02 -5.4169e-02 -7.6390e-02 1.4951e-01 -3.7171e-02 -7.2409e-02 -1.7381e-01 -1.5228e-01 -6.3387e-02 -1.7659e-01 -1.4610e-01 -1.7659e-01 -1.4951e-01 -1.7381e-01 -1.6967e-01 -1.7381e-01 -1.4554e-01 -6.3387e-02 -1.4951e-01 1.4951e-01 1.7381e-01 1.7381e-01 -1.5591e-01 1.4951e-01 1.4951e-01 2.3078e-01 1.7381e-01 -6.3387e-02 1.7381e-01 1.7523e-01 -6.9038e-02 1.7523e-01 1.5072e-01 1.5072e-01 1.3241e-01 1.1105e-01 1.0558e-01 1.0835e-01 1.0835e-01 1.1382e-01 1.7685e-01 1.2206e-01 1.7685e-01 1.2074e-01 1.1382e-01 1.1105e-01 1.2616e-01 1.2074e-01 1.0970e-01 1.1382e-01 1.0692e-01 1.0835e-01 1.0280e-01 1.7399e-01 1.1382e-01 1.1105e-01 1.0414e-01 -1.6848e-01 1.1105e-01 1.7971e-01 1.0835e-01 -1.0692e-01 1.1382e-01 -1.0280e-01 -1.0692e-01 -1.0280e-01 -1.1660e-01 -1.1811e-01 -1.0844e-01 -1.1533e-01 -1.0987e-01 -1.1533e-01 -1.1399e-01 1.0844e-01 1.1685e-01 1.7918e-01 1.8193e-01 1.8758e-01 1.8758e-01 -1.0585e-01 -1.0585e-01 -1.0853e-01 1.8484e-01 -9.2678e-03 -8.5670e-02
2.2783e-01 2.2560e-01 -3.2778e-02 6.7885e-02 6.7885e-02 6.7885e-02 1.0000e+00 6.7735e-02 6.7283e-02 6.5040e-02 6.5040e-02 6.4891e-02 6.4891e-02 6.4891e-02 6.4891e-02 6.5040e-02 6.4891e-02 6.4594e-02 6.4446e-02 6.4446e-02 -2.7736e-02 -3.6277e-02 9.0942e-02 9.0041e-02 8.0504e-02 3.8350e-02 3.7671e-02 3.8350e-02 -1.4853e-02 -1.1178e-01 -1.1264e-01 -1.1207e-01 -1.1207e-01 -1.1207e-01 -1.1178e-01 -1.1264e-01 -1.1235e-01 -1.1178e-01 -1.1207e-01 -1.1235e-01 -1.1207e-01 -1.3182e-02 -1.1235e-01 -1.1235e-01 -3.2949e-02 -1.1066e-01 -3.1565e-02 1.9979e-01 2.6285e-01 -1.9334e-02 -2.1956e-02 -8.7546e-02 3.3883e-01 3.0594e-01 3.0357e-01 -1.5778e-02 -7.5801e-02 -8.3139e-02 -1.5167e-02 -7.7542e-02 -1.3878e-01 -1.3998e-01 -1.5778e-02 -8.0504e-02 -1.2598e-01 -1.6657e-02 7.4655e-02 8.0304e-02 -1.5778e-02 7.4465e-02 8.4171e-02 7.4465e-02 8.0504e-02 7.4655e-02 7.5227e-02 7.4655e-02 3.9350e-02 -1.5778e-02 8.0504e-02 -8.0504e-02 -7.4655e-02 -7.4655e-02 3.5927e-01 -8.0504e-02 -8.0504e-02 -8.2091e-02 -7.4655e-02 -1.5778e-02 -7.4655e-02 -7.4846e-02 -1.5476e-02 -7.4846e-02 -7.9507e-02 -7.9507e-02 -8.5844e-02 -7.6959e-02 -7.7932e-02 -7.7737e-02 -7.7737e-02 -7.6765e-02 -6.1445e-02 -8.3757e-02 -6.1445e-02 -8.4171e-02 -7.6765e-02 -7.6959e-02 -8.3139e-02 -8.4171e-02 -7.7347e-02 -7.6765e-02 -7.7542e-02 -7.7737e-02 -7.8128e-02 -6.1619e-02 -7.6765e-02 -7.6959e-02 -7.7737e-02 3.0125e-01 -7.6959e-02 -6.1271e-02 -7.7737e-02 7.7542e-02 -7.6765e-02 7.8128e-02 7.7542e-02 7.8128e-02 7.6572e-02 7.7347e-02 9.9459e-02 9.8670e-02 9.9658e-02 9.8670e-02 9.9064e-02 -9.9459e-02 -9.9459e-02 -8.6685e-02 -8.7558e-02 -8.7208e-02 -8.7208e-02 1.0086e-01 1.0086e-01 1.0006e-01 -8.6338e-02 -6.7149e-03 -1.2457e-02
8.3417e-02 8.0697e-02 1.8456e-01 9.9778e-01 9.9778e-01 9.9778e-01 6.7735e-02 1.0000e+00 9.9333e-01 9.6022e-01 9.6022e-01 9.4448e-01 9.4448e-01 9.4448e-01 9.4448e-01 9.4217e-01 9.3996e-01 9.3554e-01 9.2881e-01 9.2881e-01 -3.0004e-01 2.3434e-01 3.3223e-01 3.4370e-01 2.6155e-01 2.9929e-01 2.9283e-01 2.9007e-01 -1.0904e-01 1.0155e-01 1.0183e-01 1.0313e-01 1.0313e-01 1.0313e-01 1.0601e-01 1.0183e-01 1.0471e-01 1.0601e-01 1.0313e-01 1.0471e-01 1.0313e-01 -4.0127e-02 1.0471e-01 1.0471e-01 -2.2151e-01 1.1749e-01 -2.4110e-01 -3.1830e-01 -2.4074e-01 -2.1010e-01 -1.7077e-01 1.7156e-01 -2.2064e-01 -1.9350e-01 -1.8947e-01 -1.0282e-01 1.8035e-01 1.4506e-01 -7.5321e-02 1.7216e-01 -6.2506e-02 -5.2992e-02 -7.6795e-02 1.4737e-01 -3.5859e-02 -7.2831e-02 -1.7181e-01 -1.5014e-01 -6.3782e-02 -1.7460e-01 -1.4387e-01 -1.7460e-01 -1.4737e-01 -1.7181e-01 -1.6766e-01 -1.7181e-01 -1.4337e-01 -6.3782e-02 -1.4737e-01 1.4737e-01 1.7181e-01 1.7181e-01 -1.5651e-01 1.4737e-01 1.4737e-01 2.2913e-01 1.7181e-01 -6.3782e-02 1.7181e-01 1.7323e-01 -6.9430e-02 1.7323e-01 1.4860e-01 1.4860e-01 1.3013e-01 1.0895e-01 1.0346e-01 1.0624e-01 1.0624e-01 1.1174e-01 1.7515e-01 1.1983e-01 1.7515e-01 1.1850e-01 1.1174e-01 1.0895e-01 1.2394e-01 1.1850e-01 1.0760e-01 1.1174e-01 1.0481e-01 1.0624e-01 1.0068e-01 1.7228e-01 1.1174e-01 1.0895e-01 1.0203e-01 -1.6918e-01 1.0895e-01 1.7801e-01 1.0624e-01 -1.0481e-01 1.1174e-01 -1.0068e-01 -1.0481e-01 -1.0068e-01 -1.1452e-01 -1.1601e-01 -1.0631e-01 -1.1323e-01 -1.0774e-01 -1.1323e-01 -1.1188e-01 1.0631e-01 1.1474e-01 1.7739e-01 1.8013e-01 1.8579e-01 1.8579e-01 -1.0369e-01 -1.0369e-01 -1.0639e-01 1.8306e-01 -9.4231e-03 -8.6007e-02
8.1296e-02 7.8548e-02 1.8279e-01 9.9113e-01 9.9113e-01 9.9113e-01 6.7283e-02 9.9333e-01 1.0000e+00 9.5310e-01 9.5310e-01 9.3730e-01 9.3730e-01 9.3730e-01 9.3730e-01 9.3501e-01 9.3277e-01 9.3737e-01 9.3061e-01 9.3061e-01 -3.0254e-01 2.3244e-01 3.3479e-01 3.3778e-01 2.6044e-01 2.9942e-01 2.9289e-01 2.9018e-01 -1.1027e-01 1.0625e-01 1.0650e-01 1.0783e-01 1.0783e-01 1.0783e-01 1.0625e-01 1.0650e-01 1.0940e-01 1.0625e-01 1.0336e-01 1.0940e-01 1.0336e-01 -4.1093e-02 1.0940e-01 1.0940e-01 -2.1738e-01 1.1781e-01 -2.4373e-01 -3.2162e-01 -2.3597e-01 -2.1184e-01 -1.6300e-01 1.6895e-01 -2.2269e-01 -1.7909e-01 -1.8340e-01 -1.0410e-01 1.7851e-01 1.5114e-01 -7.6497e-02 1.7019e-01 -5.8960e-02 -4.9454e-02 -7.8014e-02 1.4938e-01 -3.6567e-02 -4.9318e-02 -1.6582e-01 -1.5217e-01 -6.4973e-02 -1.6862e-01 -1.4565e-01 -1.6862e-01 -1.4938e-01 -1.6582e-01 -1.7005e-01 -1.6582e-01 -1.4530e-01 -6.4973e-02 -1.4938e-01 1.4938e-01 1.6582e-01 1.6582e-01 -1.5833e-01 1.4938e-01 1.4938e-01 2.2417e-01 1.6582e-01 -6.4973e-02 1.6582e-01 1.6723e-01 -7.0613e-02 1.6723e-01 1.4223e-01 1.4223e-01 1.3178e-01 1.0267e-01 1.0131e-01 1.0411e-01 1.0411e-01 1.0547e-01 1.7002e-01 1.1734e-01 1.7002e-01 1.1598e-01 1.0547e-01 1.0267e-01 1.1727e-01 1.1598e-01 1.0550e-01 1.0547e-01 1.0270e-01 1.0411e-01 1.0695e-01 1.6714e-01 1.0547e-01 1.0267e-01 9.9896e-02 -1.7131e-01 1.0689e-01 1.7291e-01 1.0411e-01 -1.0270e-01 1.0547e-01 -1.0695e-01 -1.0270e-01 -1.0695e-01 -1.0827e-01 -1.0972e-01 -1.0415e-01 -1.0692e-01 -1.0557e-01 -1.0692e-01 -1.0553e-01 1.0837e-01 1.0837e-01 1.7201e-01 1.7470e-01 1.8039e-01 1.8039e-01 -1.0565e-01 -1.0565e-01 -1.0841e-01 1.7772e-01 2.0079e-02 -8.7026e-02
7.7225e-02 7.4284e-02 1.7391e-01 9.5809e-01 9.5809e-01 9.5809e-01 6.5040e-02 9.6022e-01 9.5310e-01 1.0000e+00 1.0000e+00 9.8398e-01 9.8398e-01 9.8398e-01 9.8398e-01 9.8170e-01 9.7940e-01 9.7480e-01 9.6791e-01 9.6791e-01 -3.1546e-01 2.2298e-01 3.3949e-01 3.5074e-01 2.9348e-01 3.1900e-01 3.1217e-01 3.0965e-01 -1.1658e-01 1.2564e-01 1.2573e-01 1.2718e-01 1.2718e-01 1.2718e-01 1.3016e-01 1.2573e-01 1.2872e-01 1.3016e-01 1.2718e-01 1.2872e-01 1.2718e-01 -4.6018e-02 1.2872e-01 1.2872e-01 -2.3793e-01 1.4206e-01 -2.5724e-01 -3.3866e-01 -2.5631e-01 -2.2086e-01 -1.8204e-01 1.9456e-01 -2.3324e-01 -2.0672e-01 -2.0271e-01 -1.1064e-01 2.0345e-01 1.6492e-01 -8.2508e-02 1.9447e-01 -5.5725e-02 -4.1389e-02 -8.4249e-02 1.6821e-01 -2.1350e-02 -8.0585e-02 -1.9525e-01 -1.7110e-01 -7.1054e-02 -1.9815e-01 -1.6334e-01 -1.9815e-01 -1.6821e-01 -1.9525e-01 -1.9081e-01 -1.9525e-01 -1.6372e-01 -7.1054e-02 -1.6821e-01 1.6821e-01 1.9525e-01 1.9525e-01 -1.5804e-01 1.6821e-01 1.6821e-01 2.4229e-01 1.9525e-01 -7.1054e-02 1.9525e-01 1.9661e-01 -7.6659e-02 1.9661e-01 1.6984e-01 1.6984e-01 1.4883e-01 1.3060e-01 1.2465e-01 1.2755e-01 1.2755e-01 1.3350e-01 1.8723e-01 1.3911e-01 1.8723e-01 1.3762e-01 1.3350e-01 1.3060e-01 1.4350e-01 1.3762e-01 1.2908e-01 1.3350e-01 1.2618e-01 1.2755e-01 1.2176e-01 1.8425e-01 1.3350e-01 1.3060e-01 1.2328e-01 -1.7395e-01 1.3060e-01 1.9022e-01 1.2755e-01 -1.2618e-01 1.3350e-01 -1.2176e-01 -1.2618e-01 -1.2176e-01 -1.3640e-01 -1.3761e-01 -1.2740e-01 -1.3471e-01 -1.2877e-01 -1.3471e-01 -1.3319e-01 1.2740e-01 1.3594e-01 1.8341e-01 1.8580e-01 1.9169e-01 1.9169e-01 -1.1995e-01 -1.1995e-01 -1.2298e-01 1.8931e-01 -1.2269e-02 -7.5704e-02
7.7225e-02 7.4284e-02 1.7391e-01 9.5809e-01 9.5809e-01 9.5809e-01 6.5040e-02 9.6022e-01 9.5310e-01 1.0000e+00 1.0000e+00 9.8398e-01 9.8398e-01 9.8398e-01 9.8398e-01 9.8170e-01 9.7940e-01 9.7480e-01 9.6791e-01 9.6791e-01 -3.1546e-01 2.2298e-01 3.3949e-01 3.5074e-01 2.9348e-01 3.1900e-01 3.1217e-01 3.0965e-01 -1.1658e-01 1.2564e-01 1.2573e-01 1.2718e-01 1.2718e-01 1.2718e-01 1.3016e-01 1.2573e-01 1.2872e-01 1.3016e-01 1.2718e-01 1.2872e-01 1.2718e-01 -4.6018e-02 1.2872e-01 1.2872e-01 -2.3793e-01 1.4206e-01 -2.5724e-01 -3.3866e-01 -2.5631e-01 -2.2086e-01 -1.8204e-01 1.9456e-01 -2.3324e-01 -2.0672e-01 -2.0271e-01 -1.1064e-01 2.0345e-01 1.6492e-01 -8.2508e-02 1.9447e-01 -5.5725e-02 -4.1389e-02 -8.4249e-02 1.6821e-01 -2.1350e-02 -8.0585e-02 -1.9525e-01 -1.7110e-01 -7.1054e-02 -1.9815e-01 -1.6334e-01 -1.9815e-01 -1.6821e-01 -1.9525e-01 -1.9081e-01 -1.9525e-01 -1.6372e-01 -7.1054e-02 -1.6821e-01 1.6821e-01 1.9525e-01 1.9525e-01 -1.5804e-01 1.6821e-01 1.6821e-01 2.4229e-01 1.9525e-01 -7.1054e-02 1.9525e-01 1.9661e-01 -7.6659e-02 1.9661e-01 1.6984e-01 1.6984e-01 1.4883e-01 1.3060e-01 1.2465e-01 1.2755e-01 1.2755e-01 1.3350e-01 1.8723e-01 1.3911e-01 1.8723e-01 1.3762e-01 1.3350e-01 1.3060e-01 1.4350e-01 1.3762e-01 1.2908e-01 1.3350e-01 1.2618e-01 1.2755e-01 1.2176e-01 1.8425e-01 1.3350e-01 1.3060e-01 1.2328e-01 -1.7395e-01 1.3060e-01 1.9022e-01 1.2755e-01 -1.2618e-01 1.3350e-01 -1.2176e-01 -1.2618e-01 -1.2176e-01 -1.3640e-01 -1.3761e-01 -1.2740e-01 -1.3471e-01 -1.2877e-01 -1.3471e-01 -1.3319e-01 1.2740e-01 1.3594e-01 1.8341e-01 1.8580e-01 1.9169e-01 1.9169e-01 -1.1995e-01 -1.1995e-01 -1.2298e-01 1.8931e-01 -1.2269e-02 -7.5704e-02
7.6511e-02 7.3560e-02 1.7332e-01 9.4236e-01 9.4236e-01 9.4236e-01 6.4891e-02 9.4448e-01 9.3730e-01 9.8398e-01 9.8398e-01 1.0000e+00 1.0000e+00 1.0000e+00 1.0000e+00 9.9771e-01 9.9542e-01 9.9083e-01 9.8394e-01 9.8394e-01 -3.3221e-01 2.2235e-01 3.5036e-01 3.6160e-01 3.0456e-01 3.3000e-01 3.2320e-01 3.1128e-01 -1.1701e-01 1.2726e-01 1.2734e-01 1.2879e-01 1.2879e-01 1.2879e-01 1.3178e-01 1.2734e-01 1.3033e-01 1.3178e-01 1.2879e-01 1.3033e-01 1.2879e-01 -4.6352e-02 1.3033e-01 1.3033e-01 -2.3887e-01 1.4371e-01 -2.5816e-01 -3.3982e-01 -2.2758e-01 -1.7779e-01 -1.4377e-01 1.7935e-01 -1.9733e-01 -1.7392e-01 -1.7013e-01 -5.8261e-02 1.9717e-01 1.7557e-01 -2.8075e-02 1.8814e-01 -4.4714e-02 -2.5412e-02 -3.1848e-02 1.8318e-01 -2.4722e-02 -3.0834e-02 -1.9326e-01 -1.8608e-01 -1.8641e-02 -1.9617e-01 -1.7399e-01 -1.9617e-01 -1.8318e-01 -1.9326e-01 -1.8881e-01 -1.9326e-01 -1.7867e-01 -1.8641e-02 -1.8318e-01 1.8318e-01 1.9326e-01 1.9326e-01 -1.5867e-01 1.8318e-01 1.8318e-01 2.4065e-01 1.9326e-01 -1.8641e-02 1.9326e-01 1.9462e-01 -2.3266e-02 1.9462e-01 1.6344e-01 1.6344e-01 1.5944e-01 1.4132e-01 1.3535e-01 1.3825e-01 1.3825e-01 1.4422e-01 1.8553e-01 1.4116e-01 1.8553e-01 1.3965e-01 1.4422e-01 1.4132e-01 1.4556e-01 1.3965e-01 1.3978e-01 1.4422e-01 1.3688e-01 1.3825e-01 1.3245e-01 1.8254e-01 1.4422e-01 1.4132e-01 1.3398e-01 -1.7468e-01 1.4132e-01 1.8852e-01 1.3825e-01 -1.3688e-01 1.4422e-01 -1.3245e-01 -1.3688e-01 -1.3245e-01 -1.4713e-01 -1.4833e-01 -1.3809e-01 -1.4543e-01 -1.3946e-01 -1.4543e-01 -1.4389e-01 1.3809e-01 1.4664e-01 1.9876e-01 2.0112e-01 2.0703e-01 2.0703e-01 -1.3061e-01 -1.3061e-01 -1.3366e-01 2.0468e-01 -1.2430e-02 -7.6047e-02
7.6511e-02 7.3560e-02 1.7332e-01 9.4236e-01 9.4236e-01 9.4236e-01 6.4891e-02 9.4448e-01 9.3730e-01 9.8398e-01 9.8398e-01 1.0000e+00 1.0000e+00 1.0000e+00 1.0000e+00 9.9771e-01 9.9542e-01 9.9083e-01 9.8394e-01 9.8394e-01 -3.3221e-01 2.2235e-01 3.5036e-01 3.6160e-01 3.0456e-01 3.3000e-01 3.2320e-01 3.1128e-01 -1.1701e-01 1.2726e-01 1.2734e-01 1.2879e-01 1.2879e-01 1.2879e-01 1.3178e-01 1.2734e-01 1.3033e-01 1.3178e-01 1.2879e-01 1.3033e-01 1.2879e-01 -4.6352e-02 1.3033e-01 1.3033e-01 -2.3887e-01 1.4371e-01 -2.5816e-01 -3.3982e-01 -2.2758e-01 -1.7779e-01 -1.4377e-01 1.7935e-01 -1.9733e-01 -1.7392e-01 -1.7013e-01 -5.8261e-02 1.9717e-01 1.7557e-01 -2.8075e-02 1.8814e-01 -4.4714e-02 -2.5412e-02 -3.1848e-02 1.8318e-01 -2.4722e-02 -3.0834e-02 -1.9326e-01 -1.8608e-01 -1.8641e-02 -1.9617e-01 -1.7399e-01 -1.9617e-01 -1.8318e-01 -1.9326e-01 -1.8881e-01 -1.9326e-01 -1.7867e-01 -1.8641e-02 -1.8318e-01 1.8318e-01 1.9326e-01 1.9326e-01 -1.5867e-01 1.8318e-01 1.8318e-01 2.4065e-01 1.9326e-01 -1.8641e-02 1.9326e-01 1.9462e-01 -2.3266e-02 1.9462e-01 1.6344e-01 1.6344e-01 1.5944e-01 1.4132e-01 1.3535e-01 1.3825e-01 1.3825e-01 1.4422e-01 1.8553e-01 1.4116e-01 1.8553e-01 1.3965e-01 1.4422e-01 1.4132e-01 1.4556e-01 1.3965e-01 1.3978e-01 1.4422e-01 1.3688e-01 1.3825e-01 1.3245e-01 1.8254e-01 1.4422e-01 1.4132e-01 1.3398e-01 -1.7468e-01 1.4132e-01 1.8852e-01 1.3825e-01 -1.3688e-01 1.4422e-01 -1.3245e-01 -1.3688e-01 -1.3245e-01 -1.4713e-01 -1.4833e-01 -1.3809e-01 -1.4543e-01 -1.3946e-01 -1.4543e-01 -1.4389e-01 1.3809e-01 1.4664e-01 1.9876e-01 2.0112e-01 2.0703e-01 2.0703e-01 -1.3061e-01 -1.3061e-01 -1.3366e-01 2.0468e-01 -1.2430e-02 -7.6047e-02
7.6511e-02 7.3560e-02 1.7332e-01 9.4236e-01 9.4236e-01 9.4236e-01 6.4891e-02 9.4448e-01 9.3730e-01 9.8398e-01 9.8398e-01 1.0000e+00 1.0000e+00 1.0000e+00 1.0000e+00 9.9771e-01 9.9542e-01 9.9083e-01 9.8394e-01 9.8394e-01 -3.3221e-01 2.2235e-01 3.5036e-01 3.6160e-01 3.0456e-01 3.3000e-01 3.2320e-01 3.1128e-01 -1.1701e-01 1.2726e-01 1.2734e-01 1.2879e-01 1.2879e-01 1.2879e-01 1.3178e-01 1.2734e-01 1.3033e-01 1.3178e-01 1.2879e-01 1.3033e-01 1.2879e-01 -4.6352e-02 1.3033e-01 1.3033e-01 -2.3887e-01 1.4371e-01 -2.5816e-01 -3.3982e-01 -2.2758e-01 -1.7779e-01 -1.4377e-01 1.7935e-01 -1.9733e-01 -1.7392e-01 -1.7013e-01 -5.8261e-02 1.9717e-01 1.7557e-01 -2.8075e-02 1.8814e-01 -4.4714e-02 -2.5412e-02 -3.1848e-02 1.8318e-01 -2.4722e-02 -3.0834e-02 -1.9326e-01 -1.8608e-01 -1.8641e-02 -1.9617e-01 -1.7399e-01 -1.9617e-01 -1.8318e-01 -1.9326e-01 -1.8881e-01 -1.9326e-01 -1.7867e-01 -1.8641e-02 -1.8318e-01 1.8318e-01 1.9326e-01 1.9326e-01 -1.5867e-01 1.8318e-01 1.8318e-01 2.4065e-01 1.9326e-01 -1.8641e-02 1.9326e-01 1.9462e-01 -2.3266e-02 1.9462e-01 1.6344e-01 1.6344e-01 1.5944e-01 1.4132e-01 1.3535e-01 1.3825e-01 1.3825e-01 1.4422e-01 1.8553e-01 1.4116e-01 1.8553e-01 1.3965e-01 1.4422e-01 1.4132e-01 1.4556e-01 1.3965e-01 1.3978e-01 1.4422e-01 1.3688e-01 1.3825e-01 1.3245e-01 1.8254e-01 1.4422e-01 1.4132e-01 1.3398e-01 -1.7468e-01 1.4132e-01 1.8852e-01 1.3825e-01 -1.3688e-01 1.4422e-01 -1.3245e-01 -1.3688e-01 -1.3245e-01 -1.4713e-01 -1.4833e-01 -1.3809e-01 -1.4543e-01 -1.3946e-01 -1.4543e-01 -1.4389e-01 1.3809e-01 1.4664e-01 1.9876e-01 2.0112e-01 2.0703e-01 2.0703e-01 -1.3061e-01 -1.3061e-01 -1.3366e-01 2.0468e-01 -1.2430e-02 -7.6047e-02
7.6511e-02 7.3560e-02 1.7332e-01 9.4236e-01 9.4236e-01 9.4236e-01 6.4891e-02 9.4448e-01 9.3730e-01 9.8398e-01 9.8398e-01 1.0000e+00 1.0000e+00 1.0000e+00 1.0000e+00 9.9771e-01 9.9542e-01 9.9083e-01 9.8394e-01 9.8394e-01 -3.3221e-01 2.2235e-01 3.5036e-01 3.6160e-01 3.0456e-01 3.3000e-01 3.2320e-01 3.1128e-01 -1.1701e-01 1.2726e-01 1.2734e-01 1.2879e-01 1.2879e-01 1.2879e-01 1.3178e-01 1.2734e-01 1.3033e-01 1.3178e-01 1.2879e-01 1.3033e-01 1.2879e-01 -4.6352e-02 1.3033e-01 1.3033e-01 -2.3887e-01 1.4371e-01 -2.5816e-01 -3.3982e-01 -2.2758e-01 -1.7779e-01 -1.4377e-01 1.7935e-01 -1.9733e-01 -1.7392e-01 -1.7013e-01 -5.8261e-02 1.9717e-01 1.7557e-01 -2.8075e-02 1.8814e-01 -4.4714e-02 -2.5412e-02 -3.1848e-02 1.8318e-01 -2.4722e-02 -3.0834e-02 -1.9326e-01 -1.8608e-01 -1.8641e-02 -1.9617e-01 -1.7399e-01 -1.9617e-01 -1.8318e-01 -1.9326e-01 -1.8881e-01 -1.9326e-01 -1.7867e-01 -1.8641e-02 -1.8318e-01 1.8318e-01 1.9326e-01 1.9326e-01 -1.5867e-01 1.8318e-01 1.8318e-01 2.4065e-01 1.9326e-01 -1.8641e-02 1.9326e-01 1.9462e-01 -2.3266e-02 1.9462e-01 1.6344e-01 1.6344e-01 1.5944e-01 1.4132e-01 1.3535e-01 1.3825e-01 1.3825e-01 1.4422e-01 1.8553e-01 1.4116e-01 1.8553e-01 1.3965e-01 1.4422e-01 1.4132e-01 1.4556e-01 1.3965e-01 1.3978e-01 1.4422e-01 1.3688e-01 1.3825e-01 1.3245e-01 1.8254e-01 1.4422e-01 1.4132e-01 1.3398e-01 -1.7468e-01 1.4132e-01 1.8852e-01 1.3825e-01 -1.3688e-01 1.4422e-01 -1.3245e-01 -1.3688e-01 -1.3245e-01 -1.4713e-01 -1.4833e-01 -1.3809e-01 -1.4543e-01 -1.3946e-01 -1.4543e-01 -1.4389e-01 1.3809e-01 1.4664e-01 1.9876e-01 2.0112e-01 2.0703e-01 2.0703e-01 -1.3061e-01 -1.3061e-01 -1.3366e-01 2.0468e-01 -1.2430e-02 -7.6047e-02
7.7225e-02 7.4284e-02 1.7391e-01 9.4005e-01 9.4005e-01 9.4005e-01 6.5040e-02 9.4217e-01 9.3501e-01 9.8170e-01 9.8170e-01 9.9771e-01 9.9771e-01 9.9771e-01 9.9771e-01 1.0000e+00 9.9771e-01 9.9314e-01 9.8627e-01 9.8627e-01 -3.3132e-01 2.2298e-01 3.4803e-01 3.6355e-01 3.0630e-01 3.2835e-01 3.2156e-01 3.1432e-01 -1.1658e-01 1.2564e-01 1.2573e-01 1.2718e-01 1.2718e-01 1.2718e-01 1.3469e-01 1.2573e-01 1.2872e-01 1.3469e-01 1.3171e-01 1.2872e-01 1.3171e-01 -4.6018e-02 1.2872e-01 1.2872e-01 -2.3793e-01 1.4657e-01 -2.5724e-01 -3.3866e-01 -2.3411e-01 -1.7721e-01 -1.5288e-01 1.7734e-01 -1.9664e-01 -1.7319e-01 -1.7773e-01 -5.7858e-02 1.9918e-01 1.7348e-01 -2.7712e-02 1.9020e-01 -4.5920e-02 -2.6624e-02 -4.4663e-02 1.8104e-01 -2.1350e-02 -4.2972e-02 -1.9525e-01 -1.8392e-01 -3.1467e-02 -1.9815e-01 -1.7192e-01 -1.9815e-01 -1.8104e-01 -1.9525e-01 -1.9081e-01 -1.9525e-01 -1.7655e-01 -3.1467e-02 -1.8104e-01 1.8104e-01 1.9525e-01 1.9525e-01 -1.5804e-01 1.8104e-01 1.8104e-01 2.4229e-01 1.9525e-01 -3.1467e-02 1.9525e-01 1.9661e-01 -3.6339e-02 1.9661e-01 1.6556e-01 1.6556e-01 1.5742e-01 1.4340e-01 1.3319e-01 1.3609e-01 1.3609e-01 1.4630e-01 1.8723e-01 1.3911e-01 1.8723e-01 1.3762e-01 1.4630e-01 1.4340e-01 1.4778e-01 1.3762e-01 1.3761e-01 1.4630e-01 1.3471e-01 1.3609e-01 1.3030e-01 1.8425e-01 1.4630e-01 1.4340e-01 1.3182e-01 -1.7395e-01 1.4340e-01 1.9022e-01 1.3609e-01 -1.3471e-01 1.4630e-01 -1.3030e-01 -1.3471e-01 -1.3030e-01 -1.4920e-01 -1.5041e-01 -1.3594e-01 -1.4752e-01 -1.3731e-01 -1.4752e-01 -1.4173e-01 1.4021e-01 1.4875e-01 2.0054e-01 2.0292e-01 2.0881e-01 2.0881e-01 -1.2849e-01 -1.2849e-01 -1.3153e-01 2.0645e-01 -4.2593e-02 -7.5704e-02
7.6511e-02 7.3560e-02 1.7332e-01 9.3785e-01 9.3785e-01 9.3785e-01 6.4891e-02 9.3996e-01 9.3277e-01 9.7940e-01 9.7940e-01 9.9542e-01 9.9542e-01 9.9542e-01 9.9542e-01 9.9771e-01 1.0000e+00 9.9083e-01 9.8394e-01 9.8394e-01 -3.3221e-01 2.2235e-01 3.4609e-01 3.6160e-01 3.0456e-01 3.2532e-01 3.1850e-01 3.1128e-01 -1.1701e-01 1.2273e-01 1.2280e-01 1.2427e-01 1.2427e-01 1.2427e-01 1.3178e-01 1.2280e-01 1.2580e-01 1.3178e-01 1.2879e-01 1.2580e-01 1.2879e-01 -4.6352e-02 1.2580e-01 1.2580e-01 -2.3887e-01 1.4371e-01 -2.5816e-01 -3.3982e-01 -2.3499e-01 -1.7779e-01 -1.5350e-01 1.7504e-01 -1.9733e-01 -1.7392e-01 -1.7847e-01 -5.8261e-02 1.9717e-01 1.7128e-01 -2.8075e-02 1.8814e-01 -4.9621e-02 -3.0338e-02 -4.5054e-02 1.7890e-01 -2.4722e-02 -4.3382e-02 -1.9326e-01 -1.8180e-01 -3.1848e-02 -1.9617e-01 -1.6970e-01 -1.9617e-01 -1.7890e-01 -1.9326e-01 -1.8881e-01 -1.9326e-01 -1.7439e-01 -3.1848e-02 -1.7890e-01 1.7890e-01 1.9326e-01 1.9326e-01 -1.4903e-01 1.7890e-01 1.7890e-01 2.4065e-01 1.9326e-01 -3.1848e-02 1.9326e-01 1.9462e-01 -3.6717e-02 1.9462e-01 1.6344e-01 1.6344e-01 1.5514e-01 1.4132e-01 1.3108e-01 1.3398e-01 1.3398e-01 1.4422e-01 1.8553e-01 1.3687e-01 1.8553e-01 1.3536e-01 1.4422e-01 1.4132e-01 1.4556e-01 1.3536e-01 1.3551e-01 1.4422e-01 1.3261e-01 1.3398e-01 1.2817e-01 1.8254e-01 1.4422e-01 1.4132e-01 1.2971e-01 -1.6640e-01 1.4132e-01 1.8852e-01 1.3398e-01 -1.3261e-01 1.4422e-01 -1.2817e-01 -1.3261e-01 -1.2817e-01 -1.4713e-01 -1.4833e-01 -1.3382e-01 -1.4543e-01 -1.3519e-01 -1.4543e-01 -1.3962e-01 1.3809e-01 1.4664e-01 1.9876e-01 2.0112e-01 2.0703e-01 2.0703e-01 -1.2633e-01 -1.2633e-01 -1.2939e-01 2.0468e-01 -4.2780e-02 -7.6047e-02
7.5081e-02 7.2110e-02 1.7214e-01 9.3344e-01 9.3344e-01 9.3344e-01 6.4594e-02 9.3554e-01 9.3737e-01 9.7480e-01 9.7480e-01 9.9083e-01 9.9083e-01 9.9083e-01 9.9083e-01 9.9314e-01 9.9083e-01 1.0000e+00 9.9310e-01 9.9310e-01 -3.3402e-01 2.2109e-01 3.4648e-01 3.5770e-01 3.0536e-01 3.2864e-01 3.2177e-01 3.1457e-01 -1.1787e-01 1.3050e-01 1.3056e-01 1.3203e-01 1.3203e-01 1.3203e-01 1.3503e-01 1.3056e-01 1.3357e-01 1.3503e-01 1.3203e-01 1.3357e-01 1.3203e-01 -4.7023e-02 1.3357e-01 1.3357e-01 -2.3385e-01 1.4700e-01 -2.6002e-01 -3.4216e-01 -2.3674e-01 -1.7896e-01 -1.5475e-01 1.7907e-01 -1.9872e-01 -1.6698e-01 -1.7994e-01 -5.9069e-02 2.0169e-01 1.7976e-01 -2.8805e-02 1.9258e-01 -4.2298e-02 -2.2983e-02 -4.5840e-02 1.8320e-01 -2.2042e-02 -3.1635e-02 -1.9355e-01 -1.8611e-01 -3.2611e-02 -1.9647e-01 -1.7384e-01 -1.9647e-01 -1.8320e-01 -1.9355e-01 -1.9334e-01 -1.9355e-01 -1.7863e-01 -3.2611e-02 -1.8320e-01 1.8320e-01 1.9355e-01 1.9355e-01 -1.5993e-01 1.8320e-01 1.8320e-01 2.4168e-01 1.9355e-01 -3.2611e-02 1.9355e-01 1.9490e-01 -3.7475e-02 1.9490e-01 1.6347e-01 1.6347e-01 1.5920e-01 1.4142e-01 1.3540e-01 1.3831e-01 1.3831e-01 1.4434e-01 1.8643e-01 1.4097e-01 1.8643e-01 1.3944e-01 1.4434e-01 1.4142e-01 1.4540e-01 1.3944e-01 1.3987e-01 1.4434e-01 1.3695e-01 1.3831e-01 1.3676e-01 1.8343e-01 1.4434e-01 1.4142e-01 1.3403e-01 -1.7616e-01 1.4570e-01 1.8944e-01 1.3831e-01 -1.3695e-01 1.4434e-01 -1.3676e-01 -1.3695e-01 -1.3676e-01 -1.4726e-01 -1.4842e-01 -1.3813e-01 -1.4551e-01 -1.3949e-01 -1.4551e-01 -1.3968e-01 1.4241e-01 1.4669e-01 1.9949e-01 2.0181e-01 2.0774e-01 2.0774e-01 -1.3486e-01 -1.3486e-01 -1.3795e-01 2.0544e-01 -1.2753e-02 -7.6735e-02
7.4365e-02 7.1384e-02 1.7154e-01 9.2671e-01 9.2671e-01 9.2671e-01 6.4446e-02 9.2881e-01 9.3061e-01 9.6791e-01 9.6791e-01 9.8394e-01 9.8394e-01 9.8394e-01 9.8394e-01 9.8627e-01 9.8394e-01 9.9310e-01 1.0000e+00 9.9539e-01 -3.4288e-01 2.2046e-01 3.4882e-01 3.6003e-01 3.0791e-01 3.3499e-01 3.2813e-01 3.2092e-01 -1.3233e-01 1.3666e-01 1.3672e-01 1.3820e-01 1.3820e-01 1.3820e-01 1.4120e-01 1.3672e-01 1.3973e-01 1.4120e-01 1.3820e-01 1.3973e-01 1.3820e-01 -6.3079e-02 1.3973e-01 1.3973e-01 -2.4170e-01 1.5318e-01 -2.6810e-01 -3.4940e-01 -2.3762e-01 -1.7954e-01 -1.5537e-01 1.8109e-01 -1.9942e-01 -1.6771e-01 -1.8069e-01 -5.9474e-02 2.0396e-01 1.8186e-01 -2.9171e-02 1.9480e-01 -4.1087e-02 -2.1766e-02 -4.6234e-02 1.8536e-01 -2.0699e-02 -3.2037e-02 -1.9584e-01 -1.8827e-01 -3.2995e-02 -1.9877e-01 -1.7591e-01 -1.9877e-01 -1.8536e-01 -1.9584e-01 -1.9562e-01 -1.9584e-01 -1.8076e-01 -3.2995e-02 -1.8536e-01 1.8536e-01 1.9584e-01 1.9584e-01 -1.6057e-01 1.8536e-01 1.8536e-01 2.4436e-01 1.9584e-01 -3.2995e-02 1.9584e-01 1.9719e-01 -3.7855e-02 1.9719e-01 1.6563e-01 1.6563e-01 1.6123e-01 1.3933e-01 1.3328e-01 1.3620e-01 1.3620e-01 1.4226e-01 1.8473e-01 1.3872e-01 1.8473e-01 1.3719e-01 1.4226e-01 1.3933e-01 1.4318e-01 1.3719e-01 1.3777e-01 1.4226e-01 1.3484e-01 1.3620e-01 1.3464e-01 1.8172e-01 1.4226e-01 1.3933e-01 1.3192e-01 -1.7691e-01 1.4361e-01 1.8774e-01 1.3620e-01 -1.3484e-01 1.4226e-01 -1.3464e-01 -1.3484e-01 -1.3464e-01 -1.4518e-01 -1.4633e-01 -1.3601e-01 -1.4341e-01 -1.3737e-01 -1.4341e-01 -1.3757e-01 1.4029e-01 1.4457e-01 1.9771e-01 2.0001e-01 2.0596e-01 2.0596e-01 -1.3270e-01 -1.3270e-01 -1.3581e-01 2.0367e-01 -1.2915e-02 -7.7081e-02
7.4365e-02 7.1384e-02 1.7154e-01 9.2671e-01 9.2671e-01 9.2671e-01 6.4446e-02 9.2881e-01 9.3061e-01 9.6791e-01 9.6791e-01 9.8394e-01 9.8394e-01 9.8394e-01 9.8394e-01 9.8627e-01 9.8394e-01 9.9310e-01 9.9539e-01 1.0000e+00 -3.4288e-01 2.2046e-01 3.5311e-01 3.6431e-01 3.0791e-01 3.3030e-01 3.2342e-01 3.1623e-01 -1.3233e-01 1.3213e-01 1.3218e-01 1.3366e-01 1.3366e-01 1.3366e-01 1.3666e-01 1.3218e-01 1.3519e-01 1.3666e-01 1.3366e-01 1.3519e-01 1.3366e-01 -6.3079e-02 1.3519e-01 1.3519e-01 -2.4170e-01 1.4866e-01 -2.6810e-01 -3.4334e-01 -2.3019e-01 -1.7954e-01 -1.5537e-01 1.8109e-01 -1.9024e-01 -1.5930e-01 -1.7233e-01 -5.9474e-02 2.0396e-01 1.8186e-01 -2.9171e-02 1.9480e-01 -4.6006e-02 -2.6704e-02 -4.6234e-02 1.8536e-01 -2.5423e-02 -3.2037e-02 -1.9584e-01 -1.8827e-01 -3.2995e-02 -1.9877e-01 -1.7591e-01 -1.9877e-01 -1.8536e-01 -1.9584e-01 -1.9562e-01 -1.9584e-01 -1.8076e-01 -3.2995e-02 -1.8536e-01 1.8536e-01 1.9584e-01 1.9584e-01 -1.5091e-01 1.8536e-01 1.8536e-01 2.4436e-01 1.9584e-01 -3.2995e-02 1.9584e-01 1.9719e-01 -3.7855e-02 1.9719e-01 1.6563e-01 1.6563e-01 1.6123e-01 1.3933e-01 1.3328e-01 1.3620e-01 1.3620e-01 1.4226e-01 1.8473e-01 1.3872e-01 1.8473e-01 1.3719e-01 1.4226e-01 1.3933e-01 1.4318e-01 1.3719e-01 1.3777e-01 1.4226e-01 1.3484e-01 1.3620e-01 1.3464e-01 1.8172e-01 1.4226e-01 1.4361e-01 1.3620e-01 -1.6861e-01 1.4361e-01 1.8774e-01 1.3620e-01 -1.3484e-01 1.4226e-01 -1.3464e-01 -1.3484e-01 -1.3464e-01 -1.4518e-01 -1.4633e-01 -1.3601e-01 -1.4341e-01 -1.3737e-01 -1.4341e-01 -1.3757e-01 1.4029e-01 1.4457e-01 1.9771e-01 2.0001e-01 2.0596e-01 2.0596e-01 -1.3270e-01 -1.3270e-01 -1.3581e-01 2.0367e-01 -1.2915e-02 -7.7081e-02
-1.4543e-02 -4.8278e-03 -4.0783e-02 -2.9921e-01 -2.9921e-01 -2.9921e-01 -2.7736e-02 -3.0004e-01 -3.0254e-01 -3.1546e-01 -3.1546e-01 -3.3221e-01 -3.3221e-01 -3.3221e-01 -3.3221e-01 -3.3132e-01 -3.3221e-01 -3.3402e-01 -3.4288e-01 -3.4288e-01 1.0000e+00 -1.1146e-01 -3.0499e-01 -3.0804e-01 -2.7282e-01 -4.5104e-01 -4.5539e-01 -4.1054e-01 5.3552e-01 -3.2605e-01 -3.2863e-01 -3.3475e-01 -3.3475e-01 -3.3475e-01 -3.3388e-01 -3.2863e-01 -3.2777e-01 -3.2605e-01 -3.2691e-01 -3.2777e-01 -3.1906e-01 4.2098e-01 -3.1992e-01 -3.1992e-01 6.9854e-01 -3.1483e-01 7.3049e-01 5.8015e-01 1.8942e-01 3.5665e-01 3.0312e-01 -2.6733e-01 -2.4647e-02 -3.6264e-02 -3.7160e-02 2.0115e-02 -2.7561e-01 -2.6122e-01 8.7306e-04 -2.5880e-01 1.2763e-01 1.1760e-01 -2.7502e-03 -2.6052e-01 1.2052e-01 -7.7311e-03 2.5730e-01 2.5990e-01 -2.7502e-03 2.5672e-01 2.6440e-01 2.5672e-01 2.6052e-01 2.5730e-01 2.5906e-01 2.5730e-01 2.6424e-01 -2.7502e-03 2.6052e-01 -2.6052e-01 -2.5730e-01 -2.5730e-01 -6.8156e-02 -2.6052e-01 -2.6052e-01 -2.1488e-01 -2.5730e-01 -2.7502e-03 -2.5730e-01 -2.5789e-01 -9.7229e-04 -2.5789e-01 -2.6485e-01 -2.6485e-01 -2.6955e-01 -2.0524e-01 -2.0822e-01 -2.0762e-01 -2.0762e-01 -2.0465e-01 -1.6475e-01 -2.1113e-01 -1.6475e-01 -2.1239e-01 -2.0465e-01 -2.0524e-01 -2.0926e-01 -2.1239e-01 -2.0643e-01 -2.0465e-01 -2.0702e-01 -2.0762e-01 -2.0882e-01 -1.6529e-01 -2.0465e-01 -2.0524e-01 -2.0762e-01 -8.1053e-02 -2.0524e-01 -1.6421e-01 -2.0762e-01 2.0702e-01 -2.0465e-01 2.0882e-01 2.0702e-01 2.0882e-01 2.0405e-01 2.0643e-01 2.0942e-01 2.0702e-01 2.1002e-01 2.0702e-01 2.0822e-01 -2.0942e-01 -2.0942e-01 -1.9955e-01 -1.9487e-01 -1.9377e-01 -1.9377e-01 2.0624e-01 2.0624e-01 2.0382e-01 -1.7619e-01 -2.0632e-02 1.9108e-01
3.6953e-02 3.4343e-02 -5.4321e-02 2.3497e-01 2.3497e-01 2.3497e-01 -3.6277e-02 2.3434e-01 2.3244e-01 2.2298e-01 2.2298e-01 2.2235e-01 2.2235e-01 2.2235e-01 2.2235e-01 2.2298e-01 2.2235e-01 2.2109e-01 2.2046e-01 2.2046e-01 -1.1146e-01 1.0000e+00 3.6547e-01 3.6185e-01 -1.1764e-01 -3.0873e-01 -3.0674e-01 -3.0220e-01 -5.9691e-02 -4.4430e-01 -4.4138e-01 -4.3911e-01 -4.3911e-01 -4.3911e-01 -4.3797e-01 -4.4138e-01 -4.4024e-01 -4.3797e-01 -4.3911e-01 -4.4658e-01 -4.4544e-01 -3.1062e-02 -4.4658e-01 -4.4658e-01 -1.2278e-01 -4.3979e-01 -1.1688e-01 -1.4951e-01 -1.2114e-01 -7.7696e-02 -8.8235e-02 -3.4111e-01 -9.4443e-02 -1.0442e-01 -1.0522e-01 -6.3409e-02 -1.4484e-01 -1.7365e-01 -6.0953e-02 -1.4578e-01 -3.3981e-01 -2.8870e-01 -6.3409e-02 -1.8134e-01 -3.0360e-01 -6.6941e-02 1.5816e-01 1.8055e-01 -6.3409e-02 1.5739e-01 1.8964e-01 1.5739e-01 1.8134e-01 1.5816e-01 1.6044e-01 1.5816e-01 1.8607e-01 -6.3409e-02 1.8134e-01 -1.8134e-01 -1.5816e-01 -1.5816e-01 -8.9143e-02 -1.8134e-01 -1.8134e-01 -1.1886e-01 -1.5816e-01 -6.3409e-02 -1.5816e-01 -1.5295e-01 -6.2192e-02 -1.5295e-01 -1.7145e-01 -1.7145e-01 -1.9609e-01 -1.6138e-01 -1.6523e-01 -1.6446e-01 -1.6446e-01 -1.6061e-01 -1.2781e-01 -1.8803e-01 -1.2781e-01 -1.8964e-01 -1.6061e-01 -1.6138e-01 -1.8564e-01 -1.8964e-01 -1.6292e-01 -1.6061e-01 -1.6369e-01 -1.6446e-01 -1.6601e-01 -1.2854e-01 -1.6061e-01 -1.6138e-01 -1.6446e-01 -8.2867e-02 -1.6138e-01 -1.2708e-01 -1.6446e-01 1.6369e-01 -1.6061e-01 1.6601e-01 1.6369e-01 1.6601e-01 1.5984e-01 1.6292e-01 1.6678e-01 1.6369e-01 1.6756e-01 1.6369e-01 1.6523e-01 -1.6678e-01 -1.6678e-01 -1.3868e-01 -1.4236e-01 -1.4687e-01 -1.4687e-01 1.7820e-01 1.7820e-01 1.3924e-01 -1.0724e-01 1.5432e-02 -2.6916e-02
3.3516e-02 3.3005e-02 1.1076e-01 3.3418e-01 3.3418e-01 3.3418e-01 9.0942e-02 3.3223e-01 3.3479e-01 3.3949e-01 3.3949e-01 3.5036e-01 3.5036e-01 3.5036e-01 3.5036e-01 3.4803e-01 3.4609e-01 3.4648e-01 3.4882e-01 3.5311e-01 -3.0499e-01 3.6547e-01 1.0000e+00 9.7414e-01 5.6343e-01 1.1777e-01 1.2661e-01 1.0904e-01 -1.6333e-01 -9.1356e-02 -8.9725e-02 -8.5183e-02 -8.5183e-02 -8.5183e-02 -9.1356e-02 -8.9725e-02 -8.7452e-02 -9.1356e-02 -9.3628e-02 -9.1678e-02 -9.7850e-02 -1.1571e-01 -9.1678e-02 -9.1678e-02 -2.2089e-01 -7.8101e-02 -2.4733e-01 -1.3360e-01 8.2761e-02 -4.9645e-02 -5.5815e-03 5.2271e-02 1.3431e-01 1.6009e-01 1.5499e-01 8.5079e-02 7.6754e-02 9.5827e-02 8.8886e-02 7.0035e-02 -1.9178e-01 -1.8595e-01 8.5079e-02 7.8810e-02 -2.2695e-01 8.5919e-02 -4.9403e-02 -8.0881e-02 8.5079e-02 -5.1479e-02 -8.1480e-02 -5.1479e-02 -7.8810e-02 -4.9403e-02 -5.1135e-02 -4.9403e-02 -7.8356e-02 8.5079e-02 -7.8810e-02 7.8810e-02 4.9403e-02 4.9403e-02 1.1561e-01 7.8810e-02 7.8810e-02 8.6872e-02 4.9403e-02 8.5079e-02 4.9403e-02 5.1307e-02 9.3200e-02 5.1307e-02 3.7338e-02 3.7338e-02 6.8899e-02 9.6165e-02 8.9789e-02 9.1861e-02 9.1861e-02 9.8237e-02 5.8296e-02 5.3623e-02 5.8296e-02 4.9468e-02 9.8237e-02 9.6165e-02 5.5853e-02 4.9468e-02 9.6004e-02 9.8237e-02 9.3932e-02 9.1861e-02 9.5686e-02 6.0200e-02 9.8237e-02 1.0015e-01 9.5844e-02 1.1004e-02 9.6165e-02 6.0410e-02 9.1861e-02 -9.3932e-02 9.8237e-02 -9.5686e-02 -9.3932e-02 -9.5686e-02 -1.0031e-01 -1.0397e-01 -9.3615e-02 -9.7915e-02 -9.1544e-02 -9.7915e-02 -9.7756e-02 1.0158e-01 9.3615e-02 8.1956e-02 9.1432e-02 9.5632e-02 9.5632e-02 -9.9054e-02 -9.9054e-02 -1.1929e-01 1.1415e-01 -1.7243e-02 -5.9777e-02
2.9904e-02 2.9357e-02 1.1384e-01 3.4567e-01 3.4567e-01 3.4567e-01 9.0041e-02 3.4370e-01 3.3778e-01 3.5074e-01 3.5074e-01 3.6160e-01 3.6160e-01 3.6160e-01 3.6160e-01 3.6355e-01 3.6160e-01 3.5770e-01 3.6003e-01 3.6431e-01 -3.0804e-01 3.6185e-01 9.7414e-01 1.0000e+00 5.6238e-01 1.0244e-01 1.1115e-01 9.8080e-02 -1.6496e-01 -1.0968e-01 -1.0815e-01 -1.0354e-01 -1.0354e-01 -1.0354e-01 -1.0124e-01 -1.0815e-01 -1.0584e-01 -1.0124e-01 -1.0354e-01 -1.1007e-01 -1.0776e-01 -1.1715e-01 -1.1007e-01 -1.1007e-01 -2.3088e-01 -8.7862e-02 -2.5075e-01 -1.3778e-01 6.5829e-02 -5.1695e-02 -2.6036e-02 6.0985e-02 1.3191e-01 1.4179e-01 1.3677e-01 8.3467e-02 9.0533e-02 9.6939e-02 8.7340e-02 8.3640e-02 -1.9065e-01 -1.8488e-01 7.1148e-02 8.0169e-02 -2.2072e-01 4.9100e-02 -6.3285e-02 -8.2261e-02 7.1148e-02 -6.5382e-02 -8.2486e-02 -6.5382e-02 -8.0169e-02 -6.3285e-02 -5.6995e-02 -6.3285e-02 -7.9597e-02 7.1148e-02 -8.0169e-02 8.0169e-02 6.3285e-02 6.3285e-02 1.1334e-01 8.0169e-02 8.0169e-02 1.0246e-01 6.3285e-02 7.1148e-02 6.3285e-02 6.5170e-02 7.9077e-02 6.5170e-02 5.0741e-02 5.0741e-02 6.9742e-02 1.0984e-01 9.9380e-02 1.0147e-01 1.0147e-01 1.1193e-01 7.3772e-02 6.6661e-02 7.3772e-02 6.2470e-02 1.1193e-01 1.0984e-01 7.2943e-02 6.2470e-02 1.0565e-01 1.1193e-01 1.0356e-01 1.0147e-01 9.7289e-02 7.5654e-02 1.1193e-01 1.1382e-01 1.0546e-01 8.2456e-03 1.0984e-01 7.5912e-02 1.0147e-01 -1.0356e-01 1.1193e-01 -9.7289e-02 -1.0356e-01 -9.7289e-02 -1.1402e-01 -1.1761e-01 -1.0317e-01 -1.1153e-01 -1.0108e-01 -1.1153e-01 -1.0735e-01 1.0716e-01 1.0716e-01 9.6905e-02 1.0627e-01 1.1052e-01 1.1052e-01 -1.0449e-01 -1.0449e-01 -1.2481e-01 1.2916e-01 -4.6266e-02 -6.1111e-02
