1.0000e+00 -4.3296e-01 -8.2760e-02 9.8990e-01 7.6558e-01 -3.3704e-01 -2.7032e-01 1.6350e-01 -9.5301e-02
-4.3296e-01 1.0000e+00 -4.7771e-02 -4.4063e-01 -9.1749e-02 -1.9455e-01 5.4920e-01 -7.1609e-02 -6.3496e-04
-8.2760e-02 -4.7771e-02 1.0000e+00 -8.3264e-02 -9.6919e-02 -3.6763e-02 2.1528e-01 -1.3532e-02 -1.3532e-02
9.8990e-01 -4.4063e-01 -8.3264e-02 1.0000e+00 7.7487e-01 -3.3909e-01 -2.7819e-01 1.6251e-01 -1.1045e-01
7.6558e-01 -9.1749e-02 -9.6919e-02 7.7487e-01 1.0000e+00 -3.9470e-01 -4.5020e-01 1.3962e-01 -1.3104e-01
-3.3704e-01 -1.9455e-01 -3.6763e-02 -3.3909e-01 -3.9470e-01 1.0000e+00 -1.7076e-01 -5.5107e-02 -5.5107e-02
-2.7032e-01 5.4920e-01 2.1528e-01 -2.7819e-01 -4.5020e-01 -1.7076e-01 1.0000e+00 -6.2855e-02 1.4257e-02
1.6350e-01 -7.1609e-02 -1.3532e-02 1.6251e-01 1.3962e-01 -5.5107e-02 -6.2855e-02 1.0000e+00 -2.0284e-02
-9.5301e-02 -6.3496e-04 -1.3532e-02 -1.1045e-01 -1.3104e-01 -5.5107e-02 1.4257e-02 -2.0284e-02 1.0000e+00
