1.0000e+00 1.7016e-01 7.7620e-02 9.9158e-02 8.4020e-01 8.4873e-01 -3.3778e-02 -3.6217e-02 5.5196e-03 2.2295e-02 -1.5406e-01 1.8367e-02 5.2390e-03 6.8431e-02 2.1780e-02 -7.3318e-02 -1.7872e-02 7.5012e-03 4.5798e-02 3.2914e-02 1.7639e-02 9.4043e-03 -9.2590e-03 -9.0733e-04
1.7016e-01 1.0000e+00 -7.7146e-02 -9.8552e-02 1.6023e-01 1.5735e-01 1.0364e-01 3.7605e-02 -7.4183e-02 -5.7716e-02 -3.8313e-03 5.0514e-02 9.3148e-03 2.7845e-02 3.9947e-02 3.4691e-02 -3.3764e-02 1.6405e-02 1.9305e-02 4.2427e-03 -5.1331e-02 4.7060e-02 1.8721e-02 6.0866e-02
7.7620e-02 -7.7146e-02 1.0000e+00 -2.9890e-02 7.6672e-02 7.5959e-02 -3.6127e-03 -3.8863e-02 5.0053e-02 8.2029e-02 -1.3671e-02 2.1904e-02 2.8819e-02 -2.0818e-02 3.6056e-02 -1.9446e-02 -1.4853e-02 4.0388e-02 6.2276e-02 -2.1578e-02 8.4322e-03 2.3466e-02 4.5667e-02 5.3142e-02
9.9158e-02 -9.8552e-02 -2.9890e-02 1.0000e+00 8.4762e-02 9.7035e-02 -5.9868e-02 -4.9646e-02 5.2321e-03 2.1134e-02 -3.0448e-02 -5.2532e-02 1.6575e-02 -2.9973e-02 1.9536e-02 -2.4842e-02 1.4074e-02 -3.6081e-02 1.4831e-02 -4.6950e-03 -3.2963e-02 -2.2442e-02 -3.9782e-02 -3.3666e-02
8.4020e-01 1.6023e-01 7.6672e-02 8.4762e-02 1.0000e+00 9.9070e-01 4.5597e-03 -4.9402e-02 7.4006e-03 1.1214e-02 -1.1773e-01 2.3276e-02 8.7957e-04 5.7739e-02 2.0719e-02 -7.5118e-02 7.0882e-03 8.5197e-03 4.8833e-02 4.6678e-03 2.6858e-02 4.0455e-02 4.8030e-02 -4.7115e-02
8.4873e-01 1.5735e-01 7.5959e-02 9.7035e-02 9.9070e-01 1.0000e+00 1.6735e-05 -5.1582e-02 3.9477e-03 8.4321e-03 -1.2038e-01 2.4238e-02 8.8155e-03 5.5130e-02 1.9914e-02 -7.6493e-02 9.3125e-03 2.4495e-03 4.3386e-02 3.6029e-05 2.7190e-02 3.8917e-02 4.5532e-02 -4.8670e-02
-3.3778e-02 1.0364e-01 -3.6127e-03 -5.9868e-02 4.5597e-03 1.6735e-05 1.0000e+00 1.3547e-02 -4.9395e-03 -3.0048e-02 -4.4336e-02 4.2958e-02 -1.6257e-02 6.3396e-02 1.0937e-01 8.3232e-02 -1.0004e-01 1.0462e-01 3.3921e-02 -1.7922e-02 -3.3127e-02 3.6196e-02 4.9233e-02 2.8461e-02
-3.6217e-02 3.7605e-02 -3.8863e-02 -4.9646e-02 -4.9402e-02 -5.1582e-02 1.3547e-02 1.0000e+00 -6.4270e-02 -5.8951e-02 1.0090e-01 -4.8817e-02 2.1565e-03 2.2980e-02 -3.1258e-02 1.3416e-01 1.9947e-02 -9.6124e-03 -6.4710e-02 4.6451e-02 -1.4673e-02 -4.1272e-02 -1.7119e-02 3.0905e-02
5.5196e-03 -7.4183e-02 5.0053e-02 5.2321e-03 7.4006e-03 3.9477e-03 -4.9395e-03 -6.4270e-02 1.0000e+00 7.9083e-01 9.6270e-02 3.0507e-01 2.6076e-01 1.9862e-01 2.8163e-02 -5.9346e-02 2.8664e-02 1.1167e-02 -1.2802e-02 -1.0634e-02 6.1206e-02 -2.8826e-02 2.7897e-03 -1.8427e-02
2.2295e-02 -5.7716e-02 8.2029e-02 2.1134e-02 1.1214e-02 8.4321e-03 -3.0048e-02 -5.8951e-02 7.9083e-01 1.0000e+00 -1.0072e-01 2.4590e-01 2.0483e-01 2.7379e-01 7.6713e-02 -4.8323e-02 5.7372e-02 4.1823e-02 -4.2406e-02 -3.3639e-02 5.1866e-02 -7.6242e-02 -2.0936e-02 6.0633e-03
-1.5406e-01 -3.8313e-03 -1.3671e-02 -3.0448e-02 -1.1773e-01 -1.2038e-01 -4.4336e-02 1.0090e-01 9.6270e-02 -1.0072e-01 1.0000e+00 2.4326e-01 2.6463e-01 -1.0387e-01 -3.2600e-02 3.0496e-02 -1.0320e-03 -1.5489e-01 5.4924e-03 1.7390e-03 4.0757e-02 9.3965e-03 -1.1582e-02 2.3375e-03
1.8367e-02 5.0514e-02 2.1904e-02 -5.2532e-02 2.3276e-02 2.4238e-02 4.2958e-02 -4.8817e-02 3.0507e-01 2.4590e-01 2.4326e-01 1.0000e+00 5.7327e-01 5.9104e-01 1.9568e-01 -4.4661e-02 -8.0235e-02 -1.5216e-02 -4.7723e-04 -8.4510e-02 2.9322e-02 2.9477e-02 4.5578e-02 -2.8440e-03
5.2390e-03 9.3148e-03 2.8819e-02 1.6575e-02 8.7957e-04 8.8155e-03 -1.6257e-02 2.1565e-03 2.6076e-01 2.0483e-01 2.6463e-01 5.7327e-01 1.0000e+00 4.1530e-01 -9.9698e-02 -7.2246e-02 -3.5473e-02 -6.7878e-02 -7.4507e-03 -9.5605e-02 -3.6907e-02 4.4818e-02 1.2171e-02 3.9988e-03
6.8431e-02 2.7845e-02 -2.0818e-02 -2.9973e-02 5.7739e-02 5.5130e-02 6.3396e-02 2.2980e-02 1.9862e-01 2.7379e-01 -1.0387e-01 5.9104e-01 4.1530e-01 1.0000e+00 -4.8228e-02 -4.9835e-02 -2.5963e-02 4.7682e-02 -2.5314e-03 -1.0835e-01 -1.9765e-02 5.1599e-02 1.6932e-02 -1.5086e-02
2.1780e-02 3.9947e-02 3.6056e-02 1.9536e-02 2.0719e-02 1.9914e-02 1.0937e-01 -3.1258e-02 2.8163e-02 7.6713e-02 -3.2600e-02 1.9568e-01 -9.9698e-02 -4.8228e-02 1.0000e+00 -1.5641e-02 -2.4125e-02 4.3440e-02 4.1959e-02 -5.9532e-02 2.9662e-03 7.7004e-03 3.0152e-02 -2.1196e-02
-7.3318e-02 3.4691e-02 -1.9446e-02 -2.4842e-02 -7.5118e-02 -7.6493e-02 8.3232e-02 1.3416e-01 -5.9346e-02 -4.8323e-02 3.0496e-02 -4.4661e-02 -7.2246e-02 -4.9835e-02 -1.5641e-02 1.0000e+00 -2.7513e-02 1.2340e-02 -4.7768e-02 4.7297e-02 -2.6030e-03 5.5859e-03 -2.2581e-02 2.5584e-02
-1.7872e-02 -3.3764e-02 -1.4853e-02 1.4074e-02 7.0882e-03 9.3125e-03 -1.0004e-01 1.9947e-02 2.8664e-02 5.7372e-02 -1.0320e-03 -8.0235e-02 -3.5473e-02 -2.5963e-02 -2.4125e-02 -2.7513e-02 1.0000e+00 -1.6889e-01 -1.5223e-01 2.4463e-02 2.4679e-02 -4.6967e-02 -2.8774e-02 6.9596e-02
7.5012e-03 1.6405e-02 4.0388e-02 -3.6081e-02 8.5197e-03 2.4495e-03 1.0462e-01 -9.6124e-03 1.1167e-02 4.1823e-02 -1.5489e-01 -1.5216e-02 -6.7878e-02 4.7682e-02 4.3440e-02 1.2340e-02 -1.6889e-01 1.0000e+00 3.3529e-01 3.3619e-02 -7.7867e-03 8.3918e-02 6.4393e-02 -6.0908e-03
4.5798e-02 1.9305e-02 6.2276e-02 1.4831e-02 4.8833e-02 4.3386e-02 3.3921e-02 -6.4710e-02 -1.2802e-02 -4.2406e-02 5.4924e-03 -4.7723e-04 -7.4507e-03 -2.5314e-03 4.1959e-02 -4.7768e-02 -1.5223e-01 3.3529e-01 1.0000e+00 3.0278e-02 1.9898e-02 9.6413e-02 9.7392e-02 -8.5557e-03
3.2914e-02 4.2427e-03 -2.1578e-02 -4.6950e-03 4.6678e-03 3.6029e-05 -1.7922e-02 4.6451e-02 -1.0634e-02 -3.3639e-02 1.7390e-03 -8.4510e-02 -9.5605e-02 -1.0835e-01 -5.9532e-02 4.7297e-02 2.4463e-02 3.3619e-02 3.0278e-02 1.0000e+00 -7.1320e-02 -8.8262e-02 -2.3853e-01 2.0182e-02
1.7639e-02 -5.1331e-02 8.4322e-03 -3.2963e-02 2.6858e-02 2.7190e-02 -3.3127e-02 -1.4673e-02 6.1206e-02 5.1866e-02 4.0757e-02 2.9322e-02 -3.6907e-02 -1.9765e-02 2.9662e-03 -2.6030e-03 2.4679e-02 -7.7867e-03 1.9898e-02 -7.1320e-02 1.0000e+00 -1.6254e-01 1.5715e-01 -9.3321e-02
9.4043e-03 4.7060e-02 2.3466e-02 -2.2442e-02 4.0455e-02 3.8917e-02 3.6196e-02 -4.1272e-02 -2.8826e-02 -7.6242e-02 9.3965e-03 2.9477e-02 4.4818e-02 5.1599e-02 7.7004e-03 5.5859e-03 -4.6967e-02 8.3918e-02 9.6413e-02 -8.8262e-02 -1.6254e-01 1.0000e+00 6.3778e-01 -4.0630e-02
-9.2590e-03 1.8721e-02 4.5667e-02 -3.9782e-02 4.8030e-02 4.5532e-02 4.9233e-02 -1.7119e-02 2.7897e-03 -2.0936e-02 -1.1582e-02 4.5578e-02 1.2171e-02 1.6932e-02 3.0152e-02 -2.2581e-02 -2.8774e-02 6.4393e-02 9.7392e-02 -2.3853e-01 1.5715e-01 6.3778e-01 1.0000e+00 -6.3705e-02
-9.0733e-04 6.0866e-02 5.3142e-02 -3.3666e-02 -4.7115e-02 -4.8670e-02 2.8461e-02 3.0905e-02 -1.8427e-02 6.0633e-03 2.3375e-03 -2.8440e-03 3.9988e-03 -1.5086e-02 -2.1196e-02 2.5584e-02 6.9596e-02 -6.0908e-03 -8.5557e-03 2.0182e-02 -9.3321e-02 -4.0630e-02 -6.3705e-02 1.0000e+00
