1.0000e+00 2.7817e-01 7.2385e-01 3.2898e-01 -7.6130e-03 1.0671e-02 4.3423e-02 1.8070e-02 3.5566e-02 4.9562e-03 -4.7921e-03 -1.3777e-02
2.7817e-01 1.0000e+00 -1.5339e-01 -7.2807e-02 8.6038e-02 -4.7443e-02 8.3917e-02 -3.5985e-02 -3.7830e-02 1.8467e-02 -2.4338e-02 -3.8177e-02
7.2385e-01 -1.5339e-01 1.0000e+00 -1.8946e-01 -4.2306e-02 5.1980e-02 6.2187e-03 1.6163e-02 5.2637e-02 -7.1467e-03 1.3893e-02 3.9597e-02
3.2898e-01 -7.2807e-02 -1.8946e-01 1.0000e+00 -2.4260e-02 -2.0207e-02 1.8513e-03 4.2754e-02 -4.0033e-03 5.4756e-04 -2.8951e-02 -5.3439e-02
-7.6130e-03 8.6038e-02 -4.2306e-02 -2.4260e-02 1.0000e+00 -6.7939e-02 -1.3584e-02 -4.4578e-02 3.2466e-02 1.0783e-02 4.0147e-03 -4.7564e-02
1.0671e-02 -4.7443e-02 5.1980e-02 -2.0207e-02 -6.7939e-02 1.0000e+00 -8.4643e-02 2.4857e-02 5.7733e-02 -1.7173e-02 -3.4171e-02 5.1968e-03
4.3423e-02 8.3917e-02 6.2187e-03 1.8513e-03 -1.3584e-02 -8.4643e-02 1.0000e+00 -3.8268e-01 -1.0904e-01 -1.4098e-02 1.7655e-02 3.5821e-02
1.8070e-02 -3.5985e-02 1.6163e-02 4.2754e-02 -4.4578e-02 2.4857e-02 -3.8268e-01 1.0000e+00 1.9673e-02 -9.0842e-02 -5.8806e-02 6.7179e-03
3.5566e-02 -3.7830e-02 5.2637e-02 -4.0033e-03 3.2466e-02 5.7733e-02 -1.0904e-01 1.9673e-02 1.0000e+00 -4.3946e-02 -1.2852e-02 6.7287e-02
4.9562e-03 1.8467e-02 -7.1467e-03 5.4756e-04 1.0783e-02 -1.7173e-02 -1.4098e-02 -9.0842e-02 -4.3946e-02 1.0000e+00 2.2668e-02 -2.4811e-02
-4.7921e-03 -2.4338e-02 1.3893e-02 -2.8951e-02 4.0147e-03 -3.4171e-02 1.7655e-02 -5.8806e-02 -1.2852e-02 2.2668e-02 1.0000e+00 5.8021e-02
-1.3777e-02 -3.8177e-02 3.9597e-02 -5.3439e-02 -4.7564e-02 5.1968e-03 3.5821e-02 6.7179e-03 6.7287e-02 -2.4811e-02 5.8021e-02 1.0000e+00
