1.0000e+00 -2.1135e-01 1.8838e-01 -6.7769e-02 3.1975e-02 -2.8559e-02 4.6562e-02 -6.0649e-02 -5.7629e-02 1.6808e-02 2.3393e-02 2.0598e-02 5.9990e-02 1.8369e-02 1.1033e-03 3.5792e-02 6.6270e-02 1.4689e-02
-2.1135e-01 1.0000e+00 -1.9029e-01 1.5752e-02 8.6284e-02 1.7476e-01 4.7365e-02 -2.9784e-02 5.2246e-03 -2.4891e-02 -4.7796e-02 -4.9628e-02 3.5034e-02 3.7269e-02 -4.3045e-03 1.0258e-02 3.6278e-03 -4.5982e-02
1.8838e-01 -1.9029e-01 1.0000e+00 4.6292e-02 -2.4740e-01 6.1959e-02 -8.4570e-02 -9.7789e-02 -1.4101e-03 -1.3546e-02 -2.2113e-02 -2.4054e-02 7.5602e-02 -2.7143e-02 -2.4722e-03 5.0725e-04 -3.9021e-02 2.0742e-03
-6.7769e-02 1.5752e-02 4.6292e-02 1.0000e+00 -3.3460e-02 1.7851e-02 -1.1138e-01 2.8115e-02 -7.9953e-02 -4.3012e-02 -4.9973e-02 -4.9601e-02 1.5275e-03 -6.0100e-02 2.1267e-02 -1.3073e-02 -5.9302e-02 9.5202e-03
3.1975e-02 8.6284e-02 -2.4740e-01 -3.3460e-02 1.0000e+00 1.9758e-02 1.6748e-01 2.2590e-02 2.6513e-02 2.1279e-01 1.9143e-01 1.9286e-01 -1.7505e-01 -4.7639e-02 4.9061e-02 2.5708e-02 4.3171e-02 3.3062e-03
-2.8559e-02 1.7476e-01 6.1959e-02 1.7851e-02 1.9758e-02 1.0000e+00 -1.3359e-01 -8.3889e-02 6.2656e-02 5.5494e-02 7.0551e-02 7.3806e-02 3.7477e-02 -5.3239e-02 5.0232e-02 6.4141e-02 -3.3043e-03 1.0762e-01
4.6562e-02 4.7365e-02 -8.4570e-02 -1.1138e-01 1.6748e-01 -1.3359e-01 1.0000e+00 -2.8408e-02 2.9613e-01 -1.1289e-01 -7.4664e-02 -7.6656e-02 2.8273e-01 9.9376e-02 -6.3417e-03 -1.3083e-02 1.6782e-02 -2.4807e-02
-6.0649e-02 -2.9784e-02 -9.7789e-02 2.8115e-02 2.2590e-02 -8.3889e-02 -2.8408e-02 1.0000e+00 -1.6317e-01 -1.2320e-01 -1.0020e-01 -1.0139e-01 -8.9534e-02 -4.8901e-02 7.0872e-02 1.8112e-02 2.3523e-02 7.1749e-03
-5.7629e-02 5.2246e-03 -1.4101e-03 -7.9953e-02 2.6513e-02 6.2656e-02 2.9613e-01 -1.6317e-01 1.0000e+00 -3.2805e-01 -2.8290e-01 -2.8546e-01 4.4909e-01 -6.1237e-02 6.4566e-02 -1.2643e-02 -1.5957e-03 4.7375e-02
1.6808e-02 -2.4891e-02 -1.3546e-02 -4.3012e-02 2.1279e-01 5.5494e-02 -1.1289e-01 -1.2320e-01 -3.2805e-01 1.0000e+00 9.2688e-01 9.2258e-01 -5.9707e-01 -1.0882e-01 -2.3718e-02 9.4761e-02 -8.2574e-03 -5.0922e-02
2.3393e-02 -4.7796e-02 -2.2113e-02 -4.9973e-02 1.9143e-01 7.0551e-02 -7.4664e-02 -1.0020e-01 -2.8290e-01 9.2688e-01 1.0000e+00 9.9603e-01 -5.3965e-01 -8.8237e-02 -6.6781e-03 1.0803e-01 1.1974e-02 -4.3087e-02
2.0598e-02 -4.9628e-02 -2.4054e-02 -4.9601e-02 1.9286e-01 7.3806e-02 -7.6656e-02 -1.0139e-01 -2.8546e-01 9.2258e-01 9.9603e-01 1.0000e+00 -5.3838e-01 -8.9303e-02 -7.5695e-03 1.0905e-01 1.0913e-02 -4.3492e-02
5.9990e-02 3.5034e-02 7.5602e-02 1.5275e-03 -1.7505e-01 3.7477e-02 2.8273e-01 -8.9534e-02 4.4909e-01 -5.9707e-01 -5.3965e-01 -5.3838e-01 1.0000e+00 2.6676e-01 2.6202e-01 -5.0012e-02 8.5418e-02 7.5895e-02
1.8369e-02 3.7269e-02 -2.7143e-02 -6.0100e-02 -4.7639e-02 -5.3239e-02 9.9376e-02 -4.8901e-02 -6.1237e-02 -1.0882e-01 -8.8237e-02 -8.9303e-02 2.6676e-01 1.0000e+00 -5.9312e-02 -5.7391e-02 -3.8575e-02 -2.6551e-02
1.1033e-03 -4.3045e-03 -2.4722e-03 2.1267e-02 4.9061e-02 5.0232e-02 -6.3417e-03 7.0872e-02 6.4566e-02 -2.3718e-02 -6.6781e-03 -7.5695e-03 2.6202e-01 -5.9312e-02 1.0000e+00 2.7594e-02 1.0854e-01 -2.2429e-02
3.5792e-02 1.0258e-02 5.0725e-04 -1.3073e-02 2.5708e-02 6.4141e-02 -1.3083e-02 1.8112e-02 -1.2643e-02 9.4761e-02 1.0803e-01 1.0905e-01 -5.0012e-02 -5.7391e-02 2.7594e-02 1.0000e+00 -7.6544e-02 4.6019e-03
6.6270e-02 3.6278e-03 -3.9021e-02 -5.9302e-02 4.3171e-02 -3.3043e-03 1.6782e-02 2.3523e-02 -1.5957e-03 -8.2574e-03 1.1974e-02 1.0913e-02 8.5418e-02 -3.8575e-02 1.0854e-01 -7.6544e-02 1.0000e+00 2.9474e-01
1.4689e-02 -4.5982e-02 2.0742e-03 9.5202e-03 3.3062e-03 1.0762e-01 -2.4807e-02 7.1749e-03 4.7375e-02 -5.0922e-02 -4.3087e-02 -4.3492e-02 7.5895e-02 -2.6551e-02 -2.2429e-02 4.6019e-03 2.9474e-01 1.0000e+00
