1.0000e+00 -8.6526e-02 -2.0498e-02 -4.3589e-02 -1.5848e-01 -5.0249e-02 -1.5709e-01 -7.9875e-02 -1.5988e-01 -1.6058e-01 1.7157e-01 -2.8301e-02 6.6657e-02 -4.8411e-02 1.3918e-01 1.2859e-01 1.4034e-01 1.2771e-01 9.6787e-02 1.2771e-01 1.2771e-01 7.9136e-02 -5.2697e-02 1.8100e-02 1.8100e-02 1.8100e-02 -3.0675e-02 -3.6985e-02 -2.9332e-02 -4.0471e-02 3.9825e-02 -7.9900e-03 -1.0101e-02 -1.0101e-02 -3.4550e-02 -4.3960e-02 -2.7582e-02 -2.8507e-02 -4.1092e-02 -2.0705e-02 3.5415e-02 -1.0133e-02 -1.0133e-02 -1.1680e-02 -1.0133e-02 -2.4132e-04 -1.1680e-02 -1.3201e-02 -2.5140e-02 -1.5821e-02 -2.5140e-02 -2.9952e-02 -2.3008e-02 -3.7326e-03 -3.7326e-03 -1.2351e-04 -5.3813e-03 -5.3813e-03 -1.8533e-02 -3.1853e-03 1.4090e-03 1.4090e-03 1.4090e-03 -2.0051e-02 -2.0051e-02 -2.0051e-02 -2.7923e-02 -2.0051e-02 -2.0051e-02 -3.1853e-03 -2.0051e-02 8.9878e-04 -2.6392e-03 8.9878e-04 -2.0051e-02 -2.0799e-02 -2.6392e-03 -2.0051e-02 -2.0051e-02 1.4090e-03 1.1780e-02 1.9923e-02 1.0773e-02 1.9923e-02 1.1277e-02 1.0773e-02 1.0773e-02 -1.1277e-02 4.7114e-02 -1.6195e-02 -1.5701e-02 -1.5475e-02 -1.5475e-02 -1.0194e-02 -1.0194e-02
-8.6526e-02 1.0000e+00 -8.5123e-02 1.2937e-01 -6.1568e-02 -5.6473e-02 -6.5398e-02 -1.4518e-02 -6.9529e-02 -7.0568e-02 9.4680e-02 -5.0681e-02 -7.3371e-02 -3.2590e-02 -1.8106e-02 -4.4660e-03 -1.6871e-02 -5.5732e-03 4.5003e-03 -5.5732e-03 -5.5732e-03 2.2705e-03 5.7482e-02 -7.3679e-02 -7.3679e-02 -7.3679e-02 -2.3533e-02 8.0608e-02 8.0297e-02 1.0635e-01 6.7900e-02 6.0617e-02 7.8928e-02 7.8928e-02 5.4586e-02 4.3916e-02 3.6203e-02 4.7252e-02 8.1339e-03 -3.7077e-02 -4.1431e-02 6.0945e-02 6.0945e-02 6.6408e-02 6.0945e-02 2.6080e-02 6.6408e-02 7.1783e-02 2.8973e-02 1.1853e-02 2.8973e-02 -5.0490e-03 6.4486e-02 -2.2350e-02 -1.6411e-02 9.5070e-03 -1.9395e-02 -1.9395e-02 7.5569e-02 -2.1354e-02 6.6576e-03 6.6576e-03 6.6576e-03 7.1794e-02 7.1794e-02 7.1794e-02 -1.3049e-02 7.1794e-02 7.1794e-02 -1.5421e-02 7.1794e-02 1.1326e-02 -2.0360e-02 1.1326e-02 7.1794e-02 6.9937e-02 -2.0360e-02 7.1794e-02 7.1794e-02 6.6576e-03 1.4953e-02 -1.9548e-02 7.5679e-03 -1.9548e-02 8.4772e-03 7.5679e-03 7.5679e-03 -8.4772e-03 9.2261e-03 2.2352e-02 1.7798e-02 2.0098e-02 2.0098e-02 1.3424e-02 1.3424e-02
-2.0498e-02 -8.5123e-02 1.0000e+00 -6.7400e-02 -4.3064e-01 4.1287e-01 -4.3364e-01 -1.1841e-01 -4.3346e-01 -4.3488e-01 4.2888e-01 -5.1596e-02 -1.4185e-01 -1.4796e-01 2.3412e-02 2.2808e-02 1.7018e-02 2.1627e-02 2.6019e-02 2.1627e-02 2.1627e-02 2.3181e-02 -8.6266e-02 -3.3691e-02 -3.3691e-02 -3.3691e-02 3.2129e-02 -1.3017e-02 -1.1293e-01 -1.1284e-01 -1.3179e-01 -9.9928e-02 -3.4935e-03 -3.4935e-03 -7.4691e-02 -1.7658e-03 -6.3078e-02 -6.4611e-02 2.9429e-02 -3.7747e-02 -9.9798e-03 -3.3213e-02 -3.3213e-02 -3.5902e-02 -3.3213e-02 -1.6060e-02 -3.5902e-02 -3.8549e-02 5.0914e-02 3.8528e-02 5.0914e-02 3.5282e-02 -3.0480e-02 3.3261e-02 3.3261e-02 3.5941e-02 3.6269e-02 3.6269e-02 -4.0484e-02 3.4218e-02 3.8672e-02 3.8672e-02 3.8672e-02 -4.3186e-02 -4.3186e-02 -4.3186e-02 5.7673e-03 -4.3186e-02 -4.3186e-02 4.0080e-02 -4.3186e-02 3.7763e-02 4.1028e-02 3.7763e-02 -4.3186e-02 -4.4519e-02 4.1028e-02 -4.3186e-02 -4.3186e-02 4.4182e-02 4.1394e-02 4.9051e-02 5.0595e-02 4.9051e-02 4.5992e-02 5.0595e-02 5.0595e-02 -4.5992e-02 8.0452e-02 -1.5956e-02 -1.5051e-02 -3.0780e-03 -3.0780e-03 1.7517e-02 2.3569e-02
-4.3589e-02 1.2937e-01 -6.7400e-02 1.0000e+00 -3.0302e-01 -3.4258e-02 -3.0134e-01 -8.0603e-02 -3.0471e-01 -3.0557e-01 1.4847e-01 -2.8559e-02 -1.1028e-01 -1.1214e-01 2.9518e-04 -3.4283e-03 1.0240e-03 6.6726e-03 5.5528e-03 -4.0505e-03 -4.0505e-03 3.5674e-04 6.2788e-02 1.7117e-02 1.7117e-02 1.7117e-02 2.2768e-02 -3.7322e-02 9.0866e-02 7.5900e-02 7.3453e-02 6.7199e-02 9.9999e-03 9.9999e-03 -1.5164e-02 -5.2215e-03 -6.2958e-03 -7.4896e-03 -1.1332e-02 3.0000e-02 -2.5118e-02 2.7530e-03 2.7530e-03 1.0775e-03 2.7530e-03 -1.6593e-02 1.0775e-03 1.3386e-02 -3.8326e-02 -2.1068e-02 -3.8326e-02 -6.2298e-03 1.8792e-02 -4.7819e-02 -4.7819e-02 -5.8565e-02 -4.9622e-02 -4.9622e-02 2.4528e-02 -4.7221e-02 -5.6915e-02 -5.6915e-02 -5.6915e-02 2.2576e-02 2.2576e-02 2.2576e-02 -1.1192e-02 2.2576e-02 2.2576e-02 -4.7221e-02 2.2576e-02 -5.7464e-02 -4.6625e-02 -5.7464e-02 2.2576e-02 2.1616e-02 -4.6625e-02 2.2576e-02 2.2576e-02 -5.6915e-02 -5.5274e-02 -5.4945e-02 -5.6367e-02 -5.4945e-02 -5.5820e-02 -5.6367e-02 -5.6367e-02 5.5820e-02 -4.9178e-02 -2.4098e-03 -1.9063e-03 3.1639e-02 3.1639e-02 -2.2268e-02 -2.2268e-02
-1.5848e-01 -6.1568e-02 -4.3064e-01 -3.0302e-01 1.0000e+00 -4.2028e-01 9.9046e-01 2.0851e-01 9.7603e-01 9.7842e-01 -9.1133e-01 -1.5789e-01 1.9951e-01 3.1778e-01 -1.7215e-01 -1.7845e-01 -1.6817e-01 -1.7648e-01 -1.6730e-01 -1.7648e-01 -1.7648e-01 -1.5688e-01 4.6084e-02 5.9279e-02 5.9279e-02 5.9279e-02 -1.0022e-01 3.6886e-02 -1.2529e-02 -1.0522e-03 -1.2648e-02 -6.9109e-03 -1.4536e-02 -1.4536e-02 -1.2104e-02 -4.2626e-02 -2.8531e-02 -3.6065e-02 -3.9764e-02 2.7807e-02 9.5822e-02 -4.2993e-02 -4.2993e-02 -3.8341e-02 -4.2993e-02 -3.4160e-02 -3.8341e-02 -4.0970e-02 -5.2802e-02 -5.9601e-02 -5.2802e-02 -3.2613e-02 -4.7735e-02 -8.3947e-03 -8.3947e-03 8.6187e-03 -1.3830e-02 -1.3830e-02 -3.9733e-02 -9.8044e-03 4.6035e-03 4.6035e-03 4.6035e-03 -3.4915e-02 -3.4915e-02 -3.4915e-02 3.8483e-02 -3.4915e-02 -3.4915e-02 -9.8044e-03 -3.4915e-02 5.9403e-03 -1.1211e-02 5.9403e-03 -3.4915e-02 -4.0037e-02 -1.1211e-02 -3.4915e-02 -3.4915e-02 7.2071e-05 6.0256e-04 -1.3910e-02 -5.7894e-03 -1.3910e-02 -2.5916e-03 -5.7894e-03 -5.7894e-03 2.5916e-03 -3.6992e-02 -6.2885e-02 -6.4213e-02 -7.9545e-02 -7.9545e-02 -6.0737e-02 -6.5714e-02
-5.0249e-02 -5.6473e-02 4.1287e-01 -3.4258e-02 -4.2028e-01 1.0000e+00 -4.0966e-01 -8.7631e-02 -4.1365e-01 -4.1466e-01 4.4485e-01 -3.1049e-02 -1.1636e-01 -1.2366e-01 3.0733e-02 5.7555e-02 3.1620e-02 5.6758e-02 6.9130e-02 5.6758e-02 5.6758e-02 5.2307e-02 -4.4310e-03 -5.3766e-02 -5.3766e-02 -5.3766e-02 4.5640e-02 1.3205e-02 -2.1732e-02 -1.5925e-02 -5.1728e-02 -3.2709e-02 -1.8457e-02 -1.8457e-02 -6.0075e-02 4.1182e-02 -5.4497e-02 -5.5220e-02 5.2897e-02 -2.2715e-02 -7.6034e-03 -7.6451e-02 -7.6451e-02 -7.7569e-02 -7.6451e-02 -6.9502e-02 -7.7569e-02 -7.8676e-02 7.8083e-02 5.9930e-02 7.8083e-02 1.0538e-01 -7.5322e-02 5.0058e-02 5.0058e-02 8.1567e-02 5.7148e-02 5.7148e-02 -7.1867e-02 5.0603e-02 8.3105e-02 8.3105e-02 8.3105e-02 -7.3031e-02 -7.3031e-02 -7.3031e-02 -4.1291e-03 -7.3031e-02 -7.3031e-02 5.0603e-02 -7.3031e-02 8.2592e-02 5.1146e-02 8.2592e-02 -7.3031e-02 -6.0095e-02 5.1146e-02 -7.3031e-02 -7.3031e-02 8.3105e-02 8.4640e-02 5.2951e-02 7.5451e-02 5.2951e-02 7.5968e-02 7.5451e-02 7.5451e-02 -7.5968e-02 8.2237e-02 4.4789e-02 4.5354e-02 3.2392e-02 3.2392e-02 6.3689e-02 7.2662e-02
-1.5709e-01 -6.5398e-02 -4.3364e-01 -3.0134e-01 9.9046e-01 -4.0966e-01 1.0000e+00 2.0950e-01 9.8568e-01 9.8809e-01 -9.2177e-01 -1.5709e-01 1.9604e-01 3.1319e-01 -1.7009e-01 -1.7045e-01 -1.6613e-01 -1.6848e-01 -1.5925e-01 -1.6848e-01 -1.6848e-01 -1.4890e-01 5.4281e-02 6.0026e-02 6.0026e-02 6.0026e-02 -9.8514e-02 5.2351e-02 -1.0180e-02 6.4930e-03 -5.0098e-03 -4.3468e-03 -1.3587e-02 -1.3587e-02 -1.1116e-02 -4.1300e-02 -2.7601e-02 -3.5109e-02 -3.8654e-02 2.8117e-02 9.1485e-02 -4.1470e-02 -4.1470e-02 -3.6811e-02 -4.1470e-02 -3.2753e-02 -3.6811e-02 -3.9419e-02 -5.2105e-02 -5.8434e-02 -5.2105e-02 -2.4786e-02 -4.6219e-02 -1.1136e-02 -1.1136e-02 5.3232e-03 -1.6540e-02 -1.6540e-02 -3.8282e-02 -1.2550e-02 1.2947e-03 1.2947e-03 1.2947e-03 -3.3457e-02 -3.3457e-02 -3.3457e-02 3.9524e-02 -3.3457e-02 -3.3457e-02 -1.2550e-02 -3.3457e-02 2.6360e-03 -1.3960e-02 2.6360e-03 -3.3457e-02 -3.8561e-02 -1.3960e-02 -3.3457e-02 -3.3457e-02 -3.2279e-03 -2.7197e-03 -1.6460e-02 -9.0849e-03 -1.6460e-02 -5.9005e-03 -9.0849e-03 -9.0849e-03 5.9005e-03 -3.9982e-02 -5.9121e-02 -6.0454e-02 -7.5353e-02 -7.5353e-02 -5.8041e-02 -6.3008e-02
-7.9875e-02 -1.4518e-02 -1.1841e-01 -8.0603e-02 2.0851e-01 -8.7631e-02 2.0950e-01 1.0000e+00 2.0751e-01 2.0701e-01 -1.9312e-01 -3.6949e-02 5.5709e-02 -3.9897e-02 1.3080e-01 1.8797e-01 1.3215e-01 1.8679e-01 1.6084e-01 1.8679e-01 1.8679e-01 1.9522e-01 -1.5837e-02 2.5167e-02 2.5167e-02 2.5167e-02 1.1860e-01 -1.8020e-03 3.2254e-02 3.1391e-02 7.4480e-03 5.6945e-03 -5.1433e-02 -5.1433e-02 -3.9275e-02 5.2798e-02 -2.9634e-02 -3.0919e-02 4.5733e-02 1.3654e-01 -5.3825e-02 -3.9817e-03 -3.9817e-03 5.2281e-03 -3.9817e-03 9.4850e-03 5.2281e-03 1.4278e-02 4.8569e-02 3.7464e-02 4.8569e-02 9.0207e-02 9.6731e-03 -6.0399e-03 -6.0399e-03 1.6792e-02 -8.1961e-03 -8.1961e-03 1.6669e-02 -5.3243e-03 1.1701e-02 1.1701e-02 1.1701e-02 2.6026e-02 2.6026e-02 2.6026e-02 2.0514e-03 2.6026e-02 2.6026e-02 -1.2836e-02 2.6026e-02 1.1041e-02 -1.2115e-02 1.1041e-02 2.6026e-02 2.4798e-02 -1.2115e-02 2.6026e-02 2.6026e-02 1.1701e-02 -7.4698e-03 -4.9266e-02 -1.7538e-03 -4.9266e-02 -1.0867e-03 -1.7538e-03 -1.7538e-03 1.0867e-03 3.2240e-03 5.4600e-02 5.5273e-02 7.5600e-02 6.8782e-02 4.1511e-02 4.1511e-02
-1.5988e-01 -6.9529e-02 -4.3346e-01 -3.0471e-01 9.7603e-01 -4.1365e-01 9.8568e-01 2.0751e-01 1.0000e+00 9.9760e-01 -9.3064e-01 -1.5871e-01 1.9373e-01 3.1362e-01 -1.7422e-01 -1.6984e-01 -1.7022e-01 -1.6788e-01 -1.5823e-01 -1.6788e-01 -1.6788e-01 -1.4805e-01 5.1247e-02 5.8530e-02 5.8530e-02 5.8530e-02 -1.0193e-01 5.1250e-02 -1.4886e-02 1.5714e-03 -1.0824e-02 -4.4736e-03 -4.6830e-03 -4.6830e-03 7.6183e-03 -4.8503e-02 -6.8205e-03 -1.4655e-02 -4.5371e-02 2.7496e-02 8.8101e-02 -2.9847e-02 -2.9847e-02 -2.5332e-02 -2.9847e-02 -2.0020e-02 -2.5332e-02 -2.8108e-02 -6.6739e-02 -6.5271e-02 -6.6739e-02 -3.5891e-02 -3.4448e-02 -2.0149e-02 -2.0149e-02 -1.0815e-02 -2.5661e-02 -2.5661e-02 -2.5950e-02 -2.1540e-02 -1.4777e-02 -1.4777e-02 -1.4777e-02 -2.1287e-02 -2.1287e-02 -2.1287e-02 3.7439e-02 -2.1287e-02 -2.1287e-02 -2.1540e-02 -2.1287e-02 -1.3458e-02 -2.2928e-02 -1.3458e-02 -2.1287e-02 -2.6500e-02 -2.2928e-02 -2.1287e-02 -2.1287e-02 -1.9317e-02 -1.8725e-02 -2.1323e-02 -2.5170e-02 -2.1323e-02 -2.1946e-02 -2.5170e-02 -2.5170e-02 2.1946e-02 -5.2569e-02 -5.7783e-02 -5.9102e-02 -6.6220e-02 -6.6220e-02 -6.3445e-02 -6.8431e-02
-1.6058e-01 -7.0568e-02 -4.3488e-01 -3.0557e-01 9.7842e-01 -4.1466e-01 9.8809e-01 2.0701e-01 9.9760e-01 1.0000e+00 -9.3288e-01 -1.5912e-01 1.9548e-01 3.1593e-01 -1.7526e-01 -1.7107e-01 -1.7126e-01 -1.6912e-01 -1.5941e-01 -1.6912e-01 -1.6912e-01 -1.4924e-01 5.0486e-02 5.8156e-02 5.8156e-02 5.8156e-02 -1.0280e-01 5.0975e-02 -1.6069e-02 3.3488e-04 -1.2284e-02 -5.7596e-03 -5.1500e-03 -5.1500e-03 7.1416e-03 -4.6901e-02 -7.2667e-03 -1.5115e-02 -4.3687e-02 2.7340e-02 8.7252e-02 -3.0600e-02 -3.0600e-02 -2.6088e-02 -3.0600e-02 -2.0713e-02 -2.6088e-02 -2.8875e-02 -6.4897e-02 -6.3614e-02 -6.4897e-02 -3.2952e-02 -3.5197e-02 -1.8783e-02 -1.8783e-02 -9.1785e-03 -2.4311e-02 -2.4311e-02 -2.6666e-02 -2.0172e-02 -1.3134e-02 -1.3134e-02 -1.3134e-02 -2.2007e-02 -2.2007e-02 -2.2007e-02 3.6916e-02 -2.2007e-02 -2.2007e-02 -2.0172e-02 -2.2007e-02 -1.1817e-02 -2.1558e-02 -1.1817e-02 -2.2007e-02 -2.7229e-02 -2.1558e-02 -2.2007e-02 -2.2007e-02 -1.7679e-02 -1.7075e-02 -2.0050e-02 -2.3534e-02 -2.0050e-02 -2.0303e-02 -2.3534e-02 -2.3534e-02 2.0303e-02 -5.1082e-02 -5.9670e-02 -6.0987e-02 -6.8315e-02 -6.8315e-02 -6.4804e-02 -6.9795e-02
1.7157e-01 9.4680e-02 4.2888e-01 1.4847e-01 -9.1133e-01 4.4485e-01 -9.2177e-01 -1.9312e-01 -9.3064e-01 -9.3288e-01 1.0000e+00 1.7135e-01 -1.2675e-01 -2.6114e-01 1.9255e-01 1.9578e-01 1.8828e-01 1.9388e-01 1.8202e-01 1.9388e-01 1.9388e-01 1.7253e-01 -2.8600e-02 -4.7465e-02 -4.7465e-02 -4.7465e-02 1.2065e-01 -4.3129e-02 -2.0333e-02 -3.3034e-02 -1.4064e-02 -4.5011e-02 7.5077e-03 7.5077e-03 -2.5457e-02 3.3549e-02 -1.4886e-02 -6.1993e-03 2.7567e-02 -2.2911e-02 -6.9161e-02 2.2133e-02 2.2133e-02 1.7981e-02 2.2133e-02 8.6912e-03 1.7981e-02 2.1348e-02 5.2783e-02 4.8363e-02 5.2783e-02 4.2617e-02 3.4009e-02 9.3098e-03 9.3098e-03 2.2940e-02 1.5398e-02 1.5398e-02 2.3829e-02 1.0614e-02 2.6604e-02 2.6604e-02 2.6604e-02 1.9493e-02 1.9493e-02 1.9493e-02 -3.1267e-02 1.9493e-02 1.9493e-02 1.0614e-02 1.9493e-02 2.5384e-02 1.1915e-02 2.5384e-02 1.9493e-02 2.5111e-02 1.1915e-02 1.9493e-02 1.9493e-02 3.1292e-02 3.0257e-02 1.4171e-02 3.2508e-02 1.4171e-02 2.9040e-02 3.2508e-02 3.2508e-02 -2.9040e-02 4.1811e-02 5.4773e-02 5.6001e-02 7.0202e-02 7.0202e-02 6.3054e-02 6.8203e-02
-2.8301e-02 -5.0681e-02 -5.1596e-02 -2.8559e-02 -1.5789e-01 -3.1049e-02 -1.5709e-01 -3.6949e-02 -1.5871e-01 -1.5912e-01 1.7135e-01 1.0000e+00 8.1027e-02 5.1362e-02 3.1984e-02 1.1310e-02 3.2418e-02 1.0999e-02 1.5807e-02 1.0999e-02 1.0999e-02 1.3202e-02 -4.2506e-02 -2.2670e-02 -2.2670e-02 -2.2670e-02 4.5615e-02 -1.7108e-02 -1.8683e-02 -2.3678e-02 -3.7600e-02 -4.6842e-02 1.9334e-02 1.9334e-02 -2.5330e-02 4.9730e-02 -2.2978e-02 -2.3283e-02 3.6199e-02 -9.5777e-03 -2.4702e-02 -8.2535e-03 -8.2535e-03 -8.9373e-03 -8.2535e-03 -3.5205e-02 -8.9373e-03 -9.6103e-03 4.6569e-02 3.5766e-02 4.6569e-02 4.4968e-02 -7.5583e-03 1.4052e-02 1.4052e-02 1.2890e-02 1.3339e-02 1.3339e-02 -5.3988e-03 1.4289e-02 1.3577e-02 1.3577e-02 1.3577e-02 -6.1316e-03 -6.1316e-03 -6.1316e-03 7.2762e-03 -6.1316e-03 -6.1316e-03 1.4289e-02 -6.1316e-03 1.3348e-02 1.4525e-02 1.3348e-02 -6.1316e-03 -6.4930e-03 1.4525e-02 -6.1316e-03 -6.1316e-03 1.3577e-02 1.4261e-02 7.4849e-03 1.3805e-02 7.4849e-03 1.4033e-02 1.3805e-02 1.3805e-02 -1.4033e-02 5.6705e-03 1.1627e-02 1.1863e-02 1.7495e-02 1.7495e-02 1.2595e-02 1.2595e-02
6.6657e-02 -7.3371e-02 -1.4185e-01 -1.1028e-01 1.9951e-01 -1.1636e-01 1.9604e-01 5.5709e-02 1.9373e-01 1.9548e-01 -1.2675e-01 8.1027e-02 1.0000e+00 7.6771e-01 2.4301e-01 2.9686e-01 2.4788e-01 2.9806e-01 2.7987e-01 2.9806e-01 2.9806e-01 2.8962e-01 -1.4367e-01 1.2925e-01 1.2925e-01 1.2925e-01 2.0474e-01 7.7067e-02 -1.9037e-01 -1.5983e-01 -9.3661e-02 -1.6510e-01 -1.1084e-01 -1.1084e-01 -6.2940e-02 -3.4667e-02 -5.4308e-02 -6.0836e-02 -1.4107e-02 5.9279e-02 1.2247e-02 -1.3687e-02 -1.3687e-02 -1.5894e-02 -1.3687e-02 7.9308e-03 -1.5894e-02 -1.1113e-02 -5.4807e-03 -2.5518e-03 -5.4807e-03 -4.3898e-04 -1.1442e-02 3.6411e-02 3.6411e-02 5.4499e-02 3.6535e-02 3.6535e-02 -2.6499e-02 3.9476e-02 5.4394e-02 5.4394e-02 5.4394e-02 -2.8657e-02 -2.8657e-02 -2.8657e-02 -5.5146e-02 -2.8657e-02 -2.8657e-02 3.9476e-02 -2.8657e-02 5.5889e-02 3.7881e-02 5.5889e-02 -2.8657e-02 -3.3343e-02 3.7881e-02 -2.8657e-02 -2.8657e-02 5.4394e-02 4.5550e-02 3.7635e-02 2.2270e-02 3.7635e-02 2.0797e-02 2.2270e-02 2.2270e-02 -2.0797e-02 4.3800e-02 -2.0239e-02 -2.1677e-02 -1.1379e-02 -1.1379e-02 1.5257e-02 1.0448e-02
-4.8411e-02 -3.2590e-02 -1.4796e-01 -1.1214e-01 3.1778e-01 -1.2366e-01 3.1319e-01 -3.9897e-02 3.1362e-01 3.1593e-01 -2.6114e-01 5.1362e-02 7.6771e-01 1.0000e+00 -3.7496e-01 -1.9939e-01 -3.6708e-01 -1.9670e-01 -2.3848e-01 -1.9670e-01 -1.9670e-01 -1.8501e-01 -4.0232e-02 1.7030e-01 1.7030e-01 1.7030e-01 -3.0271e-01 1.0912e-01 -1.3793e-01 -9.8545e-02 -6.3029e-02 -1.0644e-01 -8.3559e-02 -8.3559e-02 -6.1406e-03 -1.9973e-02 -2.9299e-03 -8.4704e-03 8.0357e-04 5.2356e-02 3.2358e-02 1.3225e-02 1.3225e-02 5.8573e-03 1.3225e-02 3.2118e-02 5.8573e-03 1.1790e-02 -2.6635e-02 -7.7863e-03 -2.6635e-02 -3.6148e-02 2.0728e-02 4.4913e-02 4.4913e-02 4.4223e-02 4.6662e-02 4.6662e-02 2.3240e-02 4.7274e-02 4.2640e-02 4.2640e-02 4.2640e-02 2.2384e-02 2.2384e-02 2.2384e-02 -5.6743e-02 2.2384e-02 2.2384e-02 4.7274e-02 2.2384e-02 4.4550e-02 4.5223e-02 4.4550e-02 2.2384e-02 1.8533e-02 4.5223e-02 2.2384e-02 2.2384e-02 4.2640e-02 4.1065e-02 4.7525e-02 2.0008e-02 4.7525e-02 1.8115e-02 2.0008e-02 2.0008e-02 -1.8115e-02 2.4295e-02 -4.8400e-02 -4.6203e-02 -7.1126e-02 -7.1126e-02 -5.6634e-02 -6.1189e-02
1.3918e-01 -1.8106e-02 2.3412e-02 2.9518e-04 -1.7215e-01 3.0733e-02 -1.7009e-01 1.3080e-01 -1.7422e-01 -1.7526e-01 1.9255e-01 3.1984e-02 2.4301e-01 -3.7496e-01 1.0000e+00 7.8933e-01 9.7869e-01 7.8678e-01 8.2703e-01 7.8678e-01 7.8678e-01 7.6017e-01 -1.4688e-01 -7.8336e-02 -7.8336e-02 -7.8336e-02 8.3017e-01 -5.9119e-02 -7.1020e-02 -8.8079e-02 -4.7369e-02 -5.1618e-02 -2.6058e-02 -2.6058e-02 -8.7528e-02 -2.8152e-02 -7.9402e-02 -8.0455e-02 -3.3952e-02 1.8773e-03 -2.4813e-02 -3.3025e-02 -3.3025e-02 -2.5674e-02 -3.3025e-02 -3.8905e-02 -2.5674e-02 -2.8045e-02 2.2341e-02 -5.6959e-03 2.2341e-02 4.4336e-02 -4.0513e-02 -3.2579e-02 -3.2579e-02 1.2629e-03 -3.5299e-02 -3.5299e-02 -6.3875e-02 -3.1677e-02 3.7100e-03 3.7100e-03 3.7100e-03 -6.5967e-02 -6.5967e-02 -6.5967e-02 1.9563e-02 -6.5967e-02 -6.5967e-02 -3.1677e-02 -6.5967e-02 2.8953e-03 -3.0777e-02 2.8953e-03 -6.5967e-02 -6.7002e-02 -3.0777e-02 -6.5967e-02 -6.5967e-02 3.7100e-03 -1.1938e-02 -4.4541e-02 -1.3584e-02 -4.4541e-02 -1.2760e-02 -1.3584e-02 -1.3584e-02 1.2760e-02 6.2884e-03 6.5171e-02 6.0084e-02 1.1159e-01 1.1159e-01 1.1087e-01 1.1087e-01
1.2859e-01 -4.4660e-03 2.2808e-02 -3.4283e-03 -1.7845e-01 5.7555e-02 -1.7045e-01 1.8797e-01 -1.6984e-01 -1.7107e-01 1.9578e-01 1.1310e-02 2.9686e-01 -1.9939e-01 7.8933e-01 1.0000e+00 8.0802e-01 9.9681e-01 9.5486e-01 9.9681e-01 9.9681e-01 9.8072e-01 1.3606e-01 7.5607e-02 7.5607e-02 7.5607e-02 6.8731e-01 1.6880e-01 -7.1610e-02 -1.0667e-02 3.3455e-02 -6.5440e-02 -2.8075e-02 -2.8075e-02 -9.5901e-02 1.3048e-04 -8.4770e-02 -8.6226e-02 1.2740e-03 1.1106e-01 -5.5295e-02 -4.2317e-02 -4.2317e-02 -3.6765e-02 -4.2317e-02 -4.2132e-02 -3.6765e-02 -2.2987e-02 1.2506e-02 2.5252e-02 1.2506e-02 4.3785e-02 -3.0870e-02 -2.0930e-02 -1.5345e-02 -1.1385e-02 -1.3015e-02 -1.3015e-02 -4.8039e-02 -1.9837e-02 -1.3590e-02 -1.3590e-02 -1.3590e-02 -5.0916e-02 -5.0916e-02 -5.0916e-02 1.1061e-03 -5.0916e-02 -5.0916e-02 -1.4258e-02 -5.0916e-02 -9.3577e-03 -1.8748e-02 -9.3577e-03 -5.0916e-02 -5.2336e-02 -1.8748e-02 -5.0916e-02 -5.0916e-02 -3.1018e-03 -2.1025e-02 -2.8379e-02 -1.7818e-02 -2.8379e-02 -2.2042e-02 -1.7818e-02 -1.7818e-02 2.2042e-02 -5.9779e-03 6.9637e-02 6.5515e-02 1.0527e-01 1.0021e-01 8.5973e-02 9.1732e-02
1.4034e-01 -1.6871e-02 1.7018e-02 1.0240e-03 -1.6817e-01 3.1620e-02 -1.6613e-01 1.3215e-01 -1.7022e-01 -1.7126e-01 1.8828e-01 3.2418e-02 2.4788e-01 -3.6708e-01 9.7869e-01 8.0802e-01 1.0000e+00 8.0544e-01 8.4622e-01 8.0544e-01 8.0544e-01 7.7893e-01 -1.4626e-01 -7.8003e-02 -7.8003e-02 -7.8003e-02 8.5262e-01 -5.8867e-02 -7.6706e-02 -9.3508e-02 -5.1917e-02 -6.3444e-02 -2.5524e-02 -2.5524e-02 -8.7156e-02 -4.2571e-02 -7.9064e-02 -8.0112e-02 -4.8352e-02 2.1273e-03 -1.5585e-02 -3.2164e-02 -3.2164e-02 -2.4780e-02 -3.2164e-02 -3.8129e-02 -2.4780e-02 -2.7147e-02 8.0925e-03 -2.0010e-02 8.0925e-03 3.4397e-02 -3.9687e-02 -4.0979e-02 -4.0979e-02 -6.9978e-03 -4.3714e-02 -4.3714e-02 -6.3154e-02 -4.0072e-02 -4.5466e-03 -4.5466e-03 -4.5466e-03 -6.5242e-02 -6.5242e-02 -6.5242e-02 2.0372e-02 -6.5242e-02 -6.5242e-02 -4.0072e-02 -6.5242e-02 -5.3627e-03 -3.9167e-02 -5.3627e-03 -6.5242e-02 -6.6274e-02 -3.9167e-02 -6.5242e-02 -6.5242e-02 -4.5466e-03 -2.0247e-02 -5.3059e-02 -2.1895e-02 -5.3059e-02 -2.1071e-02 -2.1895e-02 -2.1895e-02 2.1071e-02 -1.9405e-03 6.1887e-02 5.6777e-02 1.0879e-01 1.0879e-01 1.0628e-01 1.0628e-01
1.2771e-01 -5.5732e-03 2.1627e-02 6.6726e-03 -1.7648e-01 5.6758e-02 -1.6848e-01 1.8679e-01 -1.6788e-01 -1.6912e-01 1.9388e-01 1.0999e-02 2.9806e-01 -1.9670e-01 7.8678e-01 9.9681e-01 8.0544e-01 1.0000e+00 9.5181e-01 9.9361e-01 9.9361e-01 9.7759e-01 1.3486e-01 8.8175e-02 8.8175e-02 8.8175e-02 6.8508e-01 1.6809e-01 -7.2813e-02 -1.2072e-02 3.7191e-02 -6.6787e-02 -2.8552e-02 -2.8552e-02 -9.6270e-02 2.0315e-03 -8.5110e-02 -8.6569e-02 3.2637e-03 1.1063e-01 -5.6266e-02 -4.3066e-02 -4.3066e-02 -3.7535e-02 -4.3066e-02 -4.2824e-02 -3.7535e-02 -2.3793e-02 9.5952e-03 2.7186e-02 9.5952e-03 4.1846e-02 -3.1632e-02 -1.9293e-02 -1.3719e-02 -1.4708e-02 -1.1405e-02 -1.1405e-02 -4.8739e-02 -1.8199e-02 -1.6888e-02 -1.6888e-02 -1.6888e-02 -5.1620e-02 -5.1620e-02 -5.1620e-02 4.5824e-04 -5.1620e-02 -5.1620e-02 -1.2631e-02 -5.1620e-02 -1.2671e-02 -1.7107e-02 -1.2671e-02 -5.1620e-02 -5.3042e-02 -1.7107e-02 -5.1620e-02 -5.1620e-02 -6.4203e-03 -2.4287e-02 -2.6832e-02 -2.1101e-02 -2.6832e-02 -2.5309e-02 -2.1101e-02 -2.1101e-02 2.5309e-02 -9.5480e-03 6.7393e-02 6.3283e-02 1.0273e-01 9.7675e-02 8.4312e-02 9.0060e-02
9.6787e-02 4.5003e-03 2.6019e-02 5.5528e-03 -1.6730e-01 6.9130e-02 -1.5925e-01 1.6084e-01 -1.5823e-01 -1.5941e-01 1.8202e-01 1.5807e-02 2.7987e-01 -2.3848e-01 8.2703e-01 9.5486e-01 8.4622e-01 9.5181e-01 1.0000e+00 9.5181e-01 9.5181e-01 9.3354e-01 1.5360e-01 -7.8545e-02 -7.8545e-02 -7.8545e-02 7.2023e-01 1.7923e-01 -7.3078e-02 -8.5834e-03 7.7595e-03 -6.3937e-02 -3.4064e-02 -3.4064e-02 -9.0679e-02 -1.1107e-02 -7.9967e-02 -8.1369e-02 -1.1433e-02 1.1739e-01 -5.5701e-02 -3.1546e-02 -3.1546e-02 -2.5696e-02 -3.1546e-02 -3.2181e-02 -2.5696e-02 -1.9951e-02 2.3087e-02 1.3390e-02 2.3087e-02 5.0048e-02 -2.8701e-02 -2.7343e-02 -2.7343e-02 -1.2581e-03 -2.4741e-02 -2.4741e-02 -4.7045e-02 -2.6293e-02 -3.7731e-03 -3.7731e-03 -3.7731e-03 -4.9780e-02 -4.9780e-02 -4.9780e-02 -1.1152e-02 -4.9780e-02 -4.9780e-02 -2.0549e-02 -4.9780e-02 6.6590e-04 -1.9507e-02 6.6590e-04 -4.9780e-02 -5.1131e-02 -1.9507e-02 -4.9780e-02 -4.9780e-02 7.0255e-03 -1.7059e-02 -3.2966e-02 -1.3603e-02 -3.2966e-02 -1.8029e-02 -1.3603e-02 -1.3603e-02 1.8029e-02 -4.1341e-03 5.4590e-02 5.0266e-02 9.5198e-02 9.5198e-02 8.6332e-02 9.2261e-02
1.2771e-01 -5.5732e-03 2.1627e-02 -4.0505e-03 -1.7648e-01 5.6758e-02 -1.6848e-01 1.8679e-01 -1.6788e-01 -1.6912e-01 1.9388e-01 1.0999e-02 2.9806e-01 -1.9670e-01 7.8678e-01 9.9681e-01 8.0544e-01 9.9361e-01 9.5181e-01 1.0000e+00 1.0000e+00 9.7759e-01 1.3486e-01 7.4959e-02 7.4959e-02 7.4959e-02 6.8508e-01 1.6809e-01 -6.6748e-02 -6.1938e-03 3.7191e-02 -6.1010e-02 -2.8552e-02 -2.8552e-02 -8.4331e-02 -3.2087e-03 -7.2058e-02 -7.3675e-02 -1.9150e-03 1.1063e-01 -5.6266e-02 -3.4608e-02 -3.4608e-02 -2.9151e-02 -3.4608e-02 -3.3860e-02 -2.9151e-02 -1.5482e-02 9.5952e-03 2.2003e-02 9.5952e-03 4.1846e-02 -3.1632e-02 -2.4867e-02 -1.9293e-02 -1.4708e-02 -1.6997e-02 -1.6997e-02 -4.8739e-02 -2.3767e-02 -1.6888e-02 -1.6888e-02 -1.6888e-02 -5.1620e-02 -5.1620e-02 -5.1620e-02 4.5824e-04 -5.1620e-02 -5.1620e-02 -1.8199e-02 -5.1620e-02 -1.2671e-02 -2.2670e-02 -1.2671e-02 -5.1620e-02 -5.3042e-02 -2.2670e-02 -5.1620e-02 -5.1620e-02 -6.4203e-03 -2.4287e-02 -2.6832e-02 -2.1101e-02 -2.6832e-02 -2.5309e-02 -2.1101e-02 -2.1101e-02 2.5309e-02 -4.1939e-03 6.7393e-02 6.3283e-02 1.0273e-01 9.7675e-02 8.4312e-02 9.0060e-02
1.2771e-01 -5.5732e-03 2.1627e-02 -4.0505e-03 -1.7648e-01 5.6758e-02 -1.6848e-01 1.8679e-01 -1.6788e-01 -1.6912e-01 1.9388e-01 1.0999e-02 2.9806e-01 -1.9670e-01 7.8678e-01 9.9681e-01 8.0544e-01 9.9361e-01 9.5181e-01 1.0000e+00 1.0000e+00 9.7759e-01 1.3486e-01 7.4959e-02 7.4959e-02 7.4959e-02 6.8508e-01 1.6809e-01 -6.6748e-02 -6.1938e-03 3.7191e-02 -6.1010e-02 -2.8552e-02 -2.8552e-02 -8.4331e-02 -3.2087e-03 -7.2058e-02 -7.3675e-02 -1.9150e-03 1.1063e-01 -5.6266e-02 -3.4608e-02 -3.4608e-02 -2.9151e-02 -3.4608e-02 -3.3860e-02 -2.9151e-02 -1.5482e-02 9.5952e-03 2.2003e-02 9.5952e-03 4.1846e-02 -3.1632e-02 -2.4867e-02 -1.9293e-02 -1.4708e-02 -1.6997e-02 -1.6997e-02 -4.8739e-02 -2.3767e-02 -1.6888e-02 -1.6888e-02 -1.6888e-02 -5.1620e-02 -5.1620e-02 -5.1620e-02 4.5824e-04 -5.1620e-02 -5.1620e-02 -1.8199e-02 -5.1620e-02 -1.2671e-02 -2.2670e-02 -1.2671e-02 -5.1620e-02 -5.3042e-02 -2.2670e-02 -5.1620e-02 -5.1620e-02 -6.4203e-03 -2.4287e-02 -2.6832e-02 -2.1101e-02 -2.6832e-02 -2.5309e-02 -2.1101e-02 -2.1101e-02 2.5309e-02 -4.1939e-03 6.7393e-02 6.3283e-02 1.0273e-01 9.7675e-02 8.4312e-02 9.0060e-02
7.9136e-02 2.2705e-03 2.3181e-02 3.5674e-04 -1.5688e-01 5.2307e-02 -1.4890e-01 1.9522e-01 -1.4805e-01 -1.4924e-01 1.7253e-01 1.3202e-02 2.8962e-01 -1.8501e-01 7.6017e-01 9.8072e-01 7.7893e-01 9.7759e-01 9.3354e-01 9.7759e-01 9.7759e-01 1.0000e+00 1.4342e-01 7.9566e-02 7.9566e-02 7.9566e-02 7.0100e-01 1.7315e-01 -6.4300e-02 -2.1215e-03 4.4024e-02 -5.7257e-02 -2.5177e-02 -2.5177e-02 -9.3676e-02 1.5135e-02 -8.2725e-02 -8.4157e-02 1.5427e-02 1.1370e-01 -4.9401e-02 -3.7768e-02 -3.7768e-02 -3.2092e-02 -3.7768e-02 -3.7928e-02 -3.2092e-02 -1.8090e-02 4.4350e-03 1.3488e-02 4.4350e-03 5.5591e-02 -2.6238e-02 -3.0895e-02 -2.5242e-02 -1.7750e-02 -2.2813e-02 -2.2813e-02 -4.3790e-02 -2.9813e-02 -2.0067e-02 -2.0067e-02 -2.0067e-02 -4.6643e-02 -4.6643e-02 -4.6643e-02 5.0487e-03 -4.6643e-02 -4.6643e-02 -2.4166e-02 -4.6643e-02 -1.5755e-02 -2.8734e-02 -1.5755e-02 -4.6643e-02 -4.8052e-02 -2.8734e-02 -4.6643e-02 -4.6643e-02 -9.4504e-03 -2.7676e-02 -3.7800e-02 -2.4374e-02 -3.7800e-02 -2.8677e-02 -2.4374e-02 -2.4374e-02 2.8677e-02 -1.1405e-02 8.3307e-02 7.9108e-02 1.1564e-01 1.1052e-01 9.6095e-02 1.0192e-01
-5.2697e-02 5.7482e-02 -8.6266e-02 6.2788e-02 4.6084e-02 -4.4310e-03 5.4281e-02 -1.5837e-02 5.1247e-02 5.0486e-02 -2.8600e-02 -4.2506e-02 -1.4367e-01 -4.0232e-02 -1.4688e-01 1.3606e-01 -1.4626e-01 1.3486e-01 1.5360e-01 1.3486e-01 1.3486e-01 1.4342e-01 1.0000e+00 -4.1661e-02 -4.1661e-02 -4.1661e-02 -1.2883e-01 2.9839e-01 1.6829e-01 2.6577e-01 2.1670e-01 1.3149e-01 -3.3340e-02 -3.3340e-02 1.8760e-02 7.7672e-02 2.0039e-02 1.7907e-02 6.8424e-02 1.1543e-01 -5.8201e-02 1.0162e-02 1.0162e-02 1.7747e-02 1.0162e-02 -5.9660e-03 1.7747e-02 2.5201e-02 2.9217e-02 6.0706e-02 2.9217e-02 7.1402e-02 2.3073e-02 5.3396e-02 4.6660e-02 3.2591e-02 5.1106e-02 5.1106e-02 3.1468e-02 4.7428e-02 2.2184e-02 2.2184e-02 2.2184e-02 3.9125e-02 3.9125e-02 3.9125e-02 -6.9881e-02 3.9125e-02 3.9125e-02 4.7428e-02 3.9125e-02 2.7759e-02 4.8194e-02 2.7759e-02 3.9125e-02 3.7669e-02 4.8194e-02 3.9125e-02 3.9125e-02 2.8510e-02 1.8128e-02 3.2318e-02 1.6616e-02 3.2318e-02 1.7373e-02 1.6616e-02 1.6616e-02 -1.7373e-02 -7.5168e-02 4.9084e-03 5.6608e-03 3.7155e-03 3.7155e-03 -1.1477e-02 -4.5300e-03
1.8100e-02 -7.3679e-02 -3.3691e-02 1.7117e-02 5.9279e-02 -5.3766e-02 6.0026e-02 2.5167e-02 5.8530e-02 5.8156e-02 -4.7465e-02 -2.2670e-02 1.2925e-01 1.7030e-01 -7.8336e-02 7.5607e-02 -7.8003e-02 8.8175e-02 -7.8545e-02 7.4959e-02 7.4959e-02 7.9566e-02 -4.1661e-02 1.0000e+00 1.0000e+00 1.0000e+00 -6.8711e-02 -2.9626e-02 -5.5526e-02 -6.3459e-02 1.9706e-01 -6.8238e-02 -1.6091e-02 -1.6091e-02 -1.9156e-02 -6.7371e-02 -3.9790e-02 -4.0318e-02 -6.8392e-02 -1.6585e-02 1.7440e-01 -3.0450e-02 -3.0450e-02 -3.1491e-02 -3.0450e-02 -2.3861e-02 -3.1491e-02 -1.5318e-02 -1.1123e-01 -6.9269e-02 -1.1123e-01 -8.0124e-02 -1.1729e-02 5.6275e-02 6.7810e-02 1.8983e-02 6.6713e-02 6.6713e-02 -2.6128e-02 5.6652e-02 2.0177e-02 2.0177e-02 2.0177e-02 -2.7234e-02 -2.7234e-02 -2.7234e-02 3.5949e-02 -2.7234e-02 -2.7234e-02 5.6652e-02 -2.7234e-02 1.9779e-02 4.5518e-02 1.9779e-02 -2.7234e-02 -2.7780e-02 4.5518e-02 -2.7234e-02 -2.7234e-02 9.3456e-03 2.1368e-02 3.4006e-02 2.0574e-02 3.4006e-02 2.0971e-02 2.0574e-02 2.0574e-02 -2.0971e-02 2.8570e-02 -6.7615e-03 -6.3636e-03 -2.6820e-02 -3.7278e-02 1.6790e-03 1.6790e-03
1.8100e-02 -7.3679e-02 -3.3691e-02 1.7117e-02 5.9279e-02 -5.3766e-02 6.0026e-02 2.5167e-02 5.8530e-02 5.8156e-02 -4.7465e-02 -2.2670e-02 1.2925e-01 1.7030e-01 -7.8336e-02 7.5607e-02 -7.8003e-02 8.8175e-02 -7.8545e-02 7.4959e-02 7.4959e-02 7.9566e-02 -4.1661e-02 1.0000e+00 1.0000e+00 1.0000e+00 -6.8711e-02 -2.9626e-02 -5.5526e-02 -6.3459e-02 1.9706e-01 -6.8238e-02 -1.6091e-02 -1.6091e-02 -1.9156e-02 -6.7371e-02 -3.9790e-02 -4.0318e-02 -6.8392e-02 -1.6585e-02 1.7440e-01 -3.0450e-02 -3.0450e-02 -3.1491e-02 -3.0450e-02 -2.3861e-02 -3.1491e-02 -1.5318e-02 -1.1123e-01 -6.9269e-02 -1.1123e-01 -8.0124e-02 -1.1729e-02 5.6275e-02 6.7810e-02 1.8983e-02 6.6713e-02 6.6713e-02 -2.6128e-02 5.6652e-02 2.0177e-02 2.0177e-02 2.0177e-02 -2.7234e-02 -2.7234e-02 -2.7234e-02 3.5949e-02 -2.7234e-02 -2.7234e-02 5.6652e-02 -2.7234e-02 1.9779e-02 4.5518e-02 1.9779e-02 -2.7234e-02 -2.7780e-02 4.5518e-02 -2.7234e-02 -2.7234e-02 9.3456e-03 2.1368e-02 3.4006e-02 2.0574e-02 3.4006e-02 2.0971e-02 2.0574e-02 2.0574e-02 -2.0971e-02 2.8570e-02 -6.7615e-03 -6.3636e-03 -2.6820e-02 -3.7278e-02 1.6790e-03 1.6790e-03
1.8100e-02 -7.3679e-02 -3.3691e-02 1.7117e-02 5.9279e-02 -5.3766e-02 6.0026e-02 2.5167e-02 5.8530e-02 5.8156e-02 -4.7465e-02 -2.2670e-02 1.2925e-01 1.7030e-01 -7.8336e-02 7.5607e-02 -7.8003e-02 8.8175e-02 -7.8545e-02 7.4959e-02 7.4959e-02 7.9566e-02 -4.1661e-02 1.0000e+00 1.0000e+00 1.0000e+00 -6.8711e-02 -2.9626e-02 -5.5526e-02 -6.3459e-02 1.9706e-01 -6.8238e-02 -1.6091e-02 -1.6091e-02 -1.9156e-02 -6.7371e-02 -3.9790e-02 -4.0318e-02 -6.8392e-02 -1.6585e-02 1.7440e-01 -3.0450e-02 -3.0450e-02 -3.1491e-02 -3.0450e-02 -2.3861e-02 -3.1491e-02 -1.5318e-02 -1.1123e-01 -6.9269e-02 -1.1123e-01 -8.0124e-02 -1.1729e-02 5.6275e-02 6.7810e-02 1.8983e-02 6.6713e-02 6.6713e-02 -2.6128e-02 5.6652e-02 2.0177e-02 2.0177e-02 2.0177e-02 -2.7234e-02 -2.7234e-02 -2.7234e-02 3.5949e-02 -2.7234e-02 -2.7234e-02 5.6652e-02 -2.7234e-02 1.9779e-02 4.5518e-02 1.9779e-02 -2.7234e-02 -2.7780e-02 4.5518e-02 -2.7234e-02 -2.7234e-02 9.3456e-03 2.1368e-02 3.4006e-02 2.0574e-02 3.4006e-02 2.0971e-02 2.0574e-02 2.0574e-02 -2.0971e-02 2.8570e-02 -6.7615e-03 -6.3636e-03 -2.6820e-02 -3.7278e-02 1.6790e-03 1.6790e-03
-3.0675e-02 -2.3533e-02 3.2129e-02 2.2768e-02 -1.0022e-01 4.5640e-02 -9.8514e-02 1.1860e-01 -1.0193e-01 -1.0280e-01 1.2065e-01 4.5615e-02 2.0474e-01 -3.0271e-01 8.3017e-01 6.8731e-01 8.5262e-01 6.8508e-01 7.2023e-01 6.8508e-01 6.8508e-01 7.0100e-01 -1.2883e-01 -6.8711e-02 -6.8711e-02 -6.8711e-02 1.0000e+00 -5.1855e-02 -6.9115e-02 -8.3867e-02 -1.1826e-01 -3.3798e-02 -2.5658e-02 -2.5658e-02 -7.6774e-02 -7.2228e-02 -6.9645e-02 -7.0569e-02 -7.5592e-02 9.5997e-03 2.2398e-03 -6.7724e-03 -6.7724e-03 -9.0066e-03 -6.7724e-03 -1.5308e-02 -9.0066e-03 -1.1203e-02 -4.0836e-02 -7.0478e-02 -4.0836e-02 3.4337e-02 -2.6256e-02 -6.4513e-02 -6.4513e-02 -3.2894e-02 -6.7012e-02 -6.7012e-02 -5.3392e-02 -6.3684e-02 -3.0687e-02 -3.0687e-02 -3.0687e-02 -5.5253e-02 -5.5253e-02 -5.5253e-02 1.7945e-02 -5.5253e-02 -5.5253e-02 -6.3684e-02 -5.5253e-02 -3.1422e-02 -6.2858e-02 -3.1422e-02 -5.5253e-02 -5.6173e-02 -6.2858e-02 -5.5253e-02 -5.5253e-02 -3.0687e-02 -4.1808e-02 -7.3111e-02 -4.3287e-02 -7.3111e-02 -4.2547e-02 -4.3287e-02 -4.3287e-02 4.2547e-02 -2.2180e-02 4.9295e-02 4.3486e-02 1.1000e-01 1.1000e-01 9.5089e-02 9.5089e-02
-3.6985e-02 8.0608e-02 -1.3017e-02 -3.7322e-02 3.6886e-02 1.3205e-02 5.2351e-02 -1.8020e-03 5.1250e-02 5.0975e-02 -4.3129e-02 -1.7108e-02 7.7067e-02 1.0912e-01 -5.9119e-02 1.6880e-01 -5.8867e-02 1.6809e-01 1.7923e-01 1.6809e-01 1.6809e-01 1.7315e-01 2.9839e-01 -2.9626e-02 -2.9626e-02 -2.9626e-02 -5.1855e-02 1.0000e+00 -7.9797e-02 2.6424e-01 2.2562e-01 -8.7587e-02 3.5604e-02 3.5604e-02 -8.9638e-04 9.8696e-02 5.1797e-03 4.3566e-03 9.0290e-02 -1.2516e-02 -6.4057e-02 -2.6583e-02 -2.6583e-02 -2.7336e-02 -2.6583e-02 -2.1825e-02 -2.7336e-02 -2.8080e-02 8.9352e-02 1.0375e-01 8.9352e-02 1.0368e-01 -2.5819e-02 7.9664e-02 7.9664e-02 7.0157e-02 7.8925e-02 7.8925e-02 -2.3460e-02 7.9910e-02 7.0960e-02 7.0960e-02 7.0960e-02 -2.4258e-02 -2.4258e-02 -2.4258e-02 -3.8320e-02 -2.4258e-02 -2.4258e-02 7.9910e-02 -2.4258e-02 7.0693e-02 8.0155e-02 7.0693e-02 -2.4258e-02 -2.4652e-02 8.0155e-02 -2.4258e-02 -2.4258e-02 7.0960e-02 7.1763e-02 7.2997e-02 7.1228e-02 7.2997e-02 7.1495e-02 7.1228e-02 7.1228e-02 -7.1495e-02 3.2964e-02 1.3070e-02 1.3377e-02 -2.3036e-03 -2.3036e-03 2.0037e-02 2.0037e-02
-2.9332e-02 8.0297e-02 -1.1293e-01 9.0866e-02 -1.2529e-02 -2.1732e-02 -1.0180e-02 3.2254e-02 -1.4886e-02 -1.6069e-02 -2.0333e-02 -1.8683e-02 -1.9037e-01 -1.3793e-01 -7.1020e-02 -7.1610e-02 -7.6706e-02 -7.2813e-02 -7.3078e-02 -6.6748e-02 -6.6748e-02 -6.4300e-02 1.6829e-01 -5.5526e-02 -5.5526e-02 -5.5526e-02 -6.9115e-02 -7.9797e-02 1.0000e+00 9.3193e-01 7.9487e-01 6.8608e-01 4.1032e-02 4.1032e-02 1.5401e-01 2.9413e-02 1.9036e-01 1.9759e-01 3.8300e-02 7.0485e-02 -6.3341e-02 1.1292e-01 1.1292e-01 1.2431e-01 1.1292e-01 1.0826e-01 1.2431e-01 1.2763e-01 4.5535e-02 2.6307e-02 4.5535e-02 1.0907e-01 1.1755e-01 -1.1431e-02 -1.1431e-02 2.3347e-02 -1.4999e-02 -1.4999e-02 1.4040e-01 -1.5535e-02 2.1640e-02 2.1640e-02 2.1640e-02 1.4363e-01 1.4363e-01 1.4363e-01 -3.7253e-02 1.4363e-01 1.4363e-01 -1.5535e-02 1.4363e-01 2.0550e-02 -1.4348e-02 2.0550e-02 1.4363e-01 1.4112e-01 -1.4348e-02 1.4363e-01 1.4363e-01 2.1640e-02 1.4977e-02 -2.2626e-02 3.2666e-02 -2.2626e-02 3.3748e-02 3.2666e-02 3.2666e-02 -3.3748e-02 -6.1961e-02 -1.8340e-02 -2.2133e-02 -5.7967e-02 -5.7967e-02 -4.2890e-02 -3.7431e-02
-4.0471e-02 1.0635e-01 -1.1284e-01 7.5900e-02 -1.0522e-03 -1.5925e-02 6.4930e-03 3.1391e-02 1.5714e-03 3.3488e-04 -3.3034e-02 -2.3678e-02 -1.5983e-01 -9.8545e-02 -8.8079e-02 -1.0667e-02 -9.3508e-02 -1.2072e-02 -8.5834e-03 -6.1938e-03 -6.1938e-03 -2.1215e-03 2.6577e-01 -6.3459e-02 -6.3459e-02 -6.3459e-02 -8.3867e-02 2.6424e-01 9.3193e-01 1.0000e+00 8.4882e-01 6.3102e-01 5.2402e-02 5.2402e-02 1.4946e-01 6.5254e-02 1.8670e-01 1.9344e-01 7.0857e-02 6.4229e-02 -8.8653e-02 1.0112e-01 1.0112e-01 1.1192e-01 1.0112e-01 9.8176e-02 1.1192e-01 1.1489e-01 7.7273e-02 6.3841e-02 7.7273e-02 1.4278e-01 1.0586e-01 1.9768e-02 1.9768e-02 4.9644e-02 1.6085e-02 1.6085e-02 1.2879e-01 1.5865e-02 4.8244e-02 4.8244e-02 4.8244e-02 1.3166e-01 1.3166e-01 1.3166e-01 -5.8226e-02 1.3166e-01 1.3166e-01 1.5865e-02 1.3166e-01 4.7103e-02 1.7090e-02 4.7103e-02 1.3166e-01 1.2909e-01 1.7090e-02 1.3166e-01 1.3166e-01 4.8244e-02 4.2042e-02 6.9002e-03 5.9014e-02 6.9002e-03 6.0148e-02 5.9014e-02 5.9014e-02 -6.0148e-02 -4.5501e-02 -6.6614e-03 -1.0235e-02 -5.0159e-02 -5.0159e-02 -2.8064e-02 -2.2773e-02
3.9825e-02 6.7900e-02 -1.3179e-01 7.3453e-02 -1.2648e-02 -5.1728e-02 -5.0098e-03 7.4480e-03 -1.0824e-02 -1.2284e-02 -1.4064e-02 -3.7600e-02 -9.3661e-02 -6.3029e-02 -4.7369e-02 3.3455e-02 -5.1917e-02 3.7191e-02 7.7595e-03 3.7191e-02 3.7191e-02 4.4024e-02 2.1670e-01 1.9706e-01 1.9706e-01 1.9706e-01 -1.1826e-01 2.2562e-01 7.9487e-01 8.4882e-01 1.0000e+00 5.0770e-01 8.4071e-02 8.4071e-02 1.0901e-01 2.8674e-02 1.4647e-01 1.5238e-01 1.8193e-02 4.8402e-02 2.6203e-02 9.2679e-02 9.2679e-02 1.0184e-01 9.2679e-02 5.7220e-02 1.0184e-01 1.0373e-01 1.1976e-02 1.5501e-02 1.1976e-02 9.1710e-02 9.0677e-02 6.6327e-02 7.1103e-02 8.1228e-02 6.6941e-02 6.6941e-02 1.0709e-01 6.2944e-02 8.0706e-02 8.0706e-02 8.0706e-02 1.0895e-01 1.0895e-01 1.0895e-01 -8.0075e-02 1.0895e-01 1.0895e-01 6.2944e-02 1.0895e-01 7.9384e-02 5.9568e-02 7.9384e-02 1.0895e-01 1.0617e-01 5.9568e-02 1.0895e-01 1.0895e-01 8.0706e-02 7.5713e-02 4.2595e-02 9.0991e-02 4.2595e-02 9.2306e-02 9.0991e-02 9.0991e-02 -9.2306e-02 -1.7374e-03 -1.0264e-02 -1.3317e-02 -5.5870e-02 -5.5870e-02 -1.7971e-02 -1.3046e-02
-7.9900e-03 6.0617e-02 -9.9928e-02 6.7199e-02 -6.9109e-03 -3.2709e-02 -4.3468e-03 5.6945e-03 -4.4736e-03 -5.7596e-03 -4.5011e-02 -4.6842e-02 -1.6510e-01 -1.0644e-01 -5.1618e-02 -6.5440e-02 -6.3444e-02 -6.6787e-02 -6.3937e-02 -6.1010e-02 -6.1010e-02 -5.7257e-02 1.3149e-01 -6.8238e-02 -6.8238e-02 -6.8238e-02 -3.3798e-02 -8.7587e-02 6.8608e-01 6.3102e-01 5.0770e-01 1.0000e+00 -1.1100e-02 -1.1100e-02 1.6193e-01 7.2270e-02 2.0116e-01 2.0741e-01 7.9013e-02 6.0644e-02 -6.8338e-02 1.2020e-01 1.2020e-01 1.2285e-01 1.2020e-01 1.1981e-01 1.2285e-01 1.2546e-01 9.7206e-02 7.2005e-02 9.7206e-02 1.2809e-01 1.1752e-01 3.8193e-02 3.8193e-02 4.2642e-02 3.4437e-02 3.4437e-02 1.4106e-01 3.4404e-02 3.6726e-02 3.6726e-02 3.6726e-02 1.4354e-01 1.4354e-01 1.4354e-01 -5.5341e-02 1.4354e-01 1.4354e-01 3.4404e-02 1.4354e-01 4.0274e-02 3.5654e-02 4.0274e-02 1.4354e-01 1.4085e-01 3.5654e-02 1.4354e-01 1.4354e-01 4.1461e-02 3.5559e-02 3.4719e-02 4.7378e-02 3.4719e-02 4.8559e-02 4.7378e-02 4.7378e-02 -4.8559e-02 -9.3452e-03 1.9622e-02 1.6180e-02 -2.1908e-02 -2.1908e-02 2.7679e-02 2.7679e-02
-1.0101e-02 7.8928e-02 -3.4935e-03 9.9999e-03 -1.4536e-02 -1.8457e-02 -1.3587e-02 -5.1433e-02 -4.6830e-03 -5.1500e-03 7.5077e-03 1.9334e-02 -1.1084e-01 -8.3559e-02 -2.6058e-02 -2.8075e-02 -2.5524e-02 -2.8552e-02 -3.4064e-02 -2.8552e-02 -2.8552e-02 -2.5177e-02 -3.3340e-02 -1.6091e-02 -1.6091e-02 -1.6091e-02 -2.5658e-02 3.5604e-02 4.1032e-02 5.2402e-02 8.4071e-02 -1.1100e-02 1.0000e+00 1.0000e+00 1.8608e-01 6.1466e-03 1.6122e-01 1.5820e-01 -1.1574e-01 -1.7688e-02 4.5074e-03 2.4365e-01 2.4365e-01 2.5644e-01 2.4365e-01 7.4853e-02 2.5644e-01 2.5284e-01 -9.3308e-02 -9.6492e-02 -9.3308e-02 -2.1505e-02 2.3065e-01 -1.1622e-01 -1.0534e-01 -8.6327e-02 -9.6169e-02 -9.6169e-02 2.4174e-01 -1.1563e-01 -8.4866e-02 -8.4866e-02 -8.4866e-02 2.3794e-01 2.3794e-01 2.3794e-01 -1.3285e-02 2.3794e-01 2.3794e-01 -1.0477e-01 2.3794e-01 -8.5352e-02 -1.1505e-01 -8.5352e-02 2.3794e-01 2.5297e-01 -1.1505e-01 2.3794e-01 2.3794e-01 -8.4866e-02 -7.3222e-02 -1.1036e-01 -7.4178e-02 -1.1036e-01 -7.3699e-02 -7.4178e-02 -7.4178e-02 7.3699e-02 -8.1104e-02 5.2967e-02 4.3424e-02 2.0938e-02 2.0938e-02 -5.7806e-02 -5.7806e-02
-1.0101e-02 7.8928e-02 -3.4935e-03 9.9999e-03 -1.4536e-02 -1.8457e-02 -1.3587e-02 -5.1433e-02 -4.6830e-03 -5.1500e-03 7.5077e-03 1.9334e-02 -1.1084e-01 -8.3559e-02 -2.6058e-02 -2.8075e-02 -2.5524e-02 -2.8552e-02 -3.4064e-02 -2.8552e-02 -2.8552e-02 -2.5177e-02 -3.3340e-02 -1.6091e-02 -1.6091e-02 -1.6091e-02 -2.5658e-02 3.5604e-02 4.1032e-02 5.2402e-02 8.4071e-02 -1.1100e-02 1.0000e+00 1.0000e+00 1.8608e-01 6.1466e-03 1.6122e-01 1.5820e-01 -1.1574e-01 -1.7688e-02 4.5074e-03 2.4365e-01 2.4365e-01 2.5644e-01 2.4365e-01 7.4853e-02 2.5644e-01 2.5284e-01 -9.3308e-02 -9.6492e-02 -9.3308e-02 -2.1505e-02 2.3065e-01 -1.1622e-01 -1.0534e-01 -8.6327e-02 -9.6169e-02 -9.6169e-02 2.4174e-01 -1.1563e-01 -8.4866e-02 -8.4866e-02 -8.4866e-02 2.3794e-01 2.3794e-01 2.3794e-01 -1.3285e-02 2.3794e-01 2.3794e-01 -1.0477e-01 2.3794e-01 -8.5352e-02 -1.1505e-01 -8.5352e-02 2.3794e-01 2.5297e-01 -1.1505e-01 2.3794e-01 2.3794e-01 -8.4866e-02 -7.3222e-02 -1.1036e-01 -7.4178e-02 -1.1036e-01 -7.3699e-02 -7.4178e-02 -7.4178e-02 7.3699e-02 -8.1104e-02 5.2967e-02 4.3424e-02 2.0938e-02 2.0938e-02 -5.7806e-02 -5.7806e-02
-3.4550e-02 5.4586e-02 -7.4691e-02 -1.5164e-02 -1.2104e-02 -6.0075e-02 -1.1116e-02 -3.9275e-02 7.6183e-03 7.1416e-03 -2.5457e-02 -2.5330e-02 -6.2940e-02 -6.1406e-03 -8.7528e-02 -9.5901e-02 -8.7156e-02 -9.6270e-02 -9.0679e-02 -8.4331e-02 -8.4331e-02 -9.3676e-02 1.8760e-02 -1.9156e-02 -1.9156e-02 -1.9156e-02 -7.6774e-02 -8.9638e-04 1.5401e-01 1.4946e-01 1.0901e-01 1.6193e-01 1.8608e-01 1.8608e-01 1.0000e+00 -2.9337e-01 9.0715e-01 8.9508e-01 -2.7998e-01 -1.8531e-02 9.2615e-03 5.1195e-01 5.1195e-01 5.0595e-01 5.1195e-01 5.5193e-01 5.0595e-01 5.0011e-01 -2.4413e-01 -2.6178e-01 -2.4413e-01 -1.5290e-01 4.8620e-01 -3.2871e-01 -3.2871e-01 -2.8420e-01 -3.3121e-01 -3.3121e-01 5.0493e-01 -3.2788e-01 -2.8233e-01 -2.8233e-01 -2.8233e-01 4.9850e-01 4.9850e-01 4.9850e-01 9.9958e-02 4.9850e-01 4.9850e-01 -3.2788e-01 4.9850e-01 -2.8295e-01 -3.2706e-01 -2.8295e-01 4.9850e-01 4.9536e-01 -3.2706e-01 4.9850e-01 4.9850e-01 -2.8233e-01 -2.7071e-01 -3.0955e-01 -2.7193e-01 -3.0955e-01 -2.7132e-01 -2.7193e-01 -2.7193e-01 2.7132e-01 -2.7468e-01 4.4584e-02 4.5048e-02 3.0944e-02 3.0944e-02 -5.5812e-02 -5.5812e-02
-4.3960e-02 4.3916e-02 -1.7658e-03 -5.2215e-03 -4.2626e-02 4.1182e-02 -4.1300e-02 5.2798e-02 -4.8503e-02 -4.6901e-02 3.3549e-02 4.9730e-02 -3.4667e-02 -1.9973e-02 -2.8152e-02 1.3048e-04 -4.2571e-02 2.0315e-03 -1.1107e-02 -3.2087e-03 -3.2087e-03 1.5135e-02 7.7672e-02 -6.7371e-02 -6.7371e-02 -6.7371e-02 -7.2228e-02 9.8696e-02 2.9413e-02 6.5254e-02 2.8674e-02 7.2270e-02 6.1466e-03 6.1466e-03 -2.9337e-01 1.0000e+00 -2.6613e-01 -2.6966e-01 9.3735e-01 -1.1093e-01 -5.6201e-01 -2.8513e-01 -2.8513e-01 -2.7761e-01 -2.8513e-01 -3.3419e-01 -2.7761e-01 -2.7708e-01 7.9778e-01 8.8181e-01 7.9778e-01 5.4182e-01 -2.7180e-01 6.4720e-01 6.4263e-01 5.2459e-01 6.4965e-01 6.4965e-01 -2.4494e-01 6.4488e-01 5.1900e-01 5.1900e-01 5.1900e-01 -2.3737e-01 -2.3737e-01 -2.3737e-01 -3.2243e-01 -2.3737e-01 -2.3737e-01 6.4031e-01 -2.3737e-01 5.2086e-01 6.4256e-01 5.2086e-01 -2.3737e-01 -2.3366e-01 6.4256e-01 -2.3737e-01 -2.3737e-01 5.1900e-01 4.9629e-01 5.6742e-01 4.9997e-01 5.7213e-01 4.9813e-01 4.9997e-01 4.9997e-01 -4.9813e-01 4.3134e-01 1.4791e-01 1.4644e-01 9.4182e-02 9.4182e-02 2.5798e-01 2.5798e-01
