1.0000e+00 -2.5496e-01 -2.2203e-01 -9.4730e-01 9.4730e-01 -4.1291e-02 -4.6258e-02 2.8532e-03 -5.2280e-02 -2.9026e-02 -7.1433e-02 5.4269e-02 -6.4638e-02 6.5270e-02 -8.0134e-02 2.8080e-02 7.7344e-02 7.6091e-02 7.2613e-02 3.8160e-02 3.8901e-02 1.1612e-02 1.1612e-02 -5.9301e-02 1.0408e-01 8.6553e-03 1.4782e-01 -7.4156e-02 -7.4156e-02 -7.4888e-02 -7.3420e-02 -6.5063e-02 -6.5063e-02 -6.5826e-02 1.1563e-01 -6.2758e-02 1.0783e-01 1.0783e-01 -6.1485e-02 -1.0075e-01 -7.1649e-02 1.3297e-01 9.2604e-02 2.2839e-02
-2.5496e-01 1.0000e+00 8.8944e-01 2.9923e-01 -2.9923e-01 -1.2364e-01 -1.3851e-01 -1.3175e-01 8.7221e-02 8.9717e-02 1.3607e-01 -9.5462e-02 7.9125e-02 -7.7091e-02 9.1317e-02 -6.6106e-02 -1.1195e-01 -1.1195e-01 -7.8785e-02 -8.1401e-02 -1.0448e-01 -7.1368e-02 -7.1368e-02 9.8651e-02 -9.6429e-02 -7.1508e-02 -2.1929e-03 6.2753e-04 6.2753e-04 3.8253e-03 3.6797e-03 7.9551e-04 7.9551e-04 3.9690e-03 -1.0529e-01 5.9179e-02 -1.0442e-01 -1.0442e-01 5.9092e-02 8.3352e-02 6.9194e-02 -8.3215e-02 -6.3060e-02 -6.0799e-03
-2.2203e-01 8.8944e-01 1.0000e+00 2.6855e-01 -2.6855e-01 -1.1096e-01 -1.2431e-01 -1.5286e-01 1.2983e-01 1.3721e-01 1.3867e-01 -1.1139e-01 7.3195e-02 -7.1369e-02 1.1860e-01 -7.5780e-02 -1.1000e-01 -1.1370e-01 -6.9698e-02 -8.6629e-02 -9.2761e-02 -7.7626e-02 -7.7626e-02 9.9383e-02 -4.0287e-02 -7.6790e-02 1.4690e-02 8.0297e-03 8.0297e-03 1.1565e-02 1.0797e-02 8.8158e-03 8.8158e-03 1.2323e-02 -7.5384e-02 3.2749e-02 -7.2150e-02 -7.2150e-02 3.2217e-02 4.6343e-02 7.6477e-02 -4.5667e-02 -4.5626e-02 3.0626e-03
-9.4730e-01 2.9923e-01 2.6855e-01 1.0000e+00 -1.0000e+00 3.9115e-02 4.3821e-02 -2.6025e-02 4.8393e-02 2.2374e-02 7.4258e-02 -7.0041e-02 5.7356e-02 -5.7957e-02 1.0427e-01 -2.5367e-02 -9.9966e-02 -9.8808e-02 -6.7624e-02 -5.7895e-02 -3.4236e-02 -1.0486e-02 -1.0486e-02 6.2029e-02 -1.1222e-01 -7.6820e-03 -1.6209e-01 6.6080e-02 6.6080e-02 6.6789e-02 6.5367e-02 5.6463e-02 5.6463e-02 5.7205e-02 -1.3234e-01 7.2334e-02 -1.2603e-01 -1.2603e-01 7.1134e-02 9.9870e-02 5.9436e-02 -1.4171e-01 -1.0208e-01 1.4218e-02
9.4730e-01 -2.9923e-01 -2.6855e-01 -1.0000e+00 1.0000e+00 -3.9115e-02 -4.3821e-02 2.6025e-02 -4.8393e-02 -2.2374e-02 -7.4258e-02 7.0041e-02 -5.7356e-02 5.7957e-02 -1.0427e-01 2.5367e-02 9.9966e-02 9.8808e-02 6.7624e-02 5.7895e-02 3.4236e-02 1.0486e-02 1.0486e-02 -6.2029e-02 1.1222e-01 7.6820e-03 1.6209e-01 -6.6080e-02 -6.6080e-02 -6.6789e-02 -6.5367e-02 -5.6463e-02 -5.6463e-02 -5.7205e-02 1.3234e-01 -7.2334e-02 1.2603e-01 1.2603e-01 -7.1134e-02 -9.9870e-02 -5.9436e-02 1.4171e-01 1.0208e-01 -1.4218e-02
-4.1291e-02 -1.2364e-01 -1.1096e-01 3.9115e-02 -3.9115e-02 1.0000e+00 8.9262e-01 5.4750e-02 -2.0463e-02 -2.7513e-02 -3.1117e-02 2.1241e-02 -7.1680e-04 9.7695e-04 4.5474e-03 -2.7421e-02 -1.6210e-02 -3.2650e-04 -2.4475e-02 -1.2206e-02 -3.3192e-02 -5.7075e-02 -5.7075e-02 6.6057e-02 1.3533e-02 -5.8577e-02 4.9762e-03 4.2694e-03 4.2694e-03 3.8577e-03 4.6843e-03 3.4491e-03 3.4491e-03 3.0437e-03 -5.4815e-02 9.2551e-02 -6.2133e-02 -6.2133e-02 9.3097e-02 7.2001e-02 -1.0853e-03 -4.9178e-02 -2.1112e-02 -3.1156e-02
-4.6258e-02 -1.3851e-01 -1.2431e-01 4.3821e-02 -4.3821e-02 8.9262e-01 1.0000e+00 6.8926e-02 -3.2040e-02 -3.9509e-02 -4.3352e-02 2.3583e-03 2.1229e-02 -2.0926e-02 -1.7188e-02 -5.4553e-02 7.5710e-03 2.1713e-02 -4.6132e-02 -3.1919e-02 -5.6330e-02 -8.4652e-02 -8.4652e-02 4.4002e-02 4.1882e-03 -8.6450e-02 -2.3241e-03 -6.4069e-03 -6.4069e-03 -6.8261e-03 -5.9848e-03 -7.2423e-03 -7.2423e-03 -7.6556e-03 -5.7773e-02 1.0011e-01 -6.6011e-02 -6.6011e-02 1.0072e-01 7.7096e-02 -1.4807e-02 -6.6127e-02 -2.3652e-02 -3.4904e-02
2.8532e-03 -1.3175e-01 -1.5286e-01 -2.6025e-02 2.6025e-02 5.4750e-02 6.8926e-02 1.0000e+00 -6.8995e-01 -6.9101e-01 -5.7157e-01 5.5384e-01 -3.4407e-01 3.4683e-01 -6.2884e-01 4.4171e-01 4.0416e-01 4.0746e-01 2.8149e-01 3.8858e-01 3.4636e-01 4.6611e-01 4.6611e-01 -4.7477e-01 2.6071e-01 4.5537e-01 1.3782e-01 1.8385e-01 1.8385e-01 1.7870e-01 1.8237e-01 1.8019e-01 1.8019e-01 1.8168e-01 1.6939e-01 -2.1231e-01 1.8955e-01 1.8955e-01 -2.1519e-01 -1.7274e-01 1.2828e-01 1.4574e-01 -4.1561e-02 -3.2889e-03
-5.2280e-02 8.7221e-02 1.2983e-01 4.8393e-02 -4.8393e-02 -2.0463e-02 -3.2040e-02 -6.8995e-01 1.0000e+00 9.0392e-01 7.7064e-01 -4.4635e-01 5.1235e-01 -5.1110e-01 5.5936e-01 -5.5871e-01 -4.4655e-01 -4.4374e-01 -4.3667e-01 -4.0249e-01 -4.8853e-01 -6.0264e-01 -6.0264e-01 6.5006e-01 -2.5040e-01 -5.8667e-01 -1.0326e-01 -1.1681e-01 -1.1681e-01 -1.1787e-01 -1.2378e-01 -1.1892e-01 -1.1892e-01 -1.1997e-01 -1.3689e-01 2.0917e-01 -1.4478e-01 -1.4478e-01 2.1118e-01 1.5227e-01 -2.6367e-02 -9.8984e-02 -1.1426e-03 3.2059e-03
-2.9026e-02 8.9717e-02 1.3721e-01 2.2374e-02 -2.2374e-02 -2.7513e-02 -3.9509e-02 -6.9101e-01 9.0392e-01 1.0000e+00 7.2901e-01 -4.9873e-01 5.7412e-01 -5.7776e-01 5.3146e-01 -6.3931e-01 -4.3166e-01 -4.2925e-01 -4.6710e-01 -4.2250e-01 -5.2695e-01 -6.3992e-01 -6.3992e-01 6.3832e-01 -2.5368e-01 -6.2565e-01 -1.1341e-01 -1.2633e-01 -1.2633e-01 -1.2748e-01 -1.3283e-01 -1.2862e-01 -1.2862e-01 -1.2976e-01 -1.2234e-01 2.0561e-01 -1.3387e-01 -1.3387e-01 2.0778e-01 1.4618e-01 -2.4891e-02 -8.3015e-02 1.0848e-01 -1.9080e-03
-7.1433e-02 1.3607e-01 1.3867e-01 7.4258e-02 -7.4258e-02 -3.1117e-02 -4.3352e-02 -5.7157e-01 7.7064e-01 7.2901e-01 1.0000e+00 -5.8552e-01 6.7723e-01 -6.7577e-01 7.0745e-01 -7.5251e-01 -5.9206e-01 -5.9002e-01 -6.1194e-01 -5.4683e-01 -6.6596e-01 -7.8875e-01 -7.8875e-01 8.4605e-01 -3.1814e-01 -7.7602e-01 -9.7741e-02 -1.5778e-01 -1.5778e-01 -1.5888e-01 -1.6416e-01 -1.5997e-01 -1.5997e-01 -1.6106e-01 -1.7083e-01 2.6151e-01 -1.8840e-01 -1.8840e-01 2.6379e-01 2.0268e-01 -4.0453e-02 -1.4114e-01 -1.6812e-02 -2.0253e-02
5.4269e-02 -9.5462e-02 -1.1139e-01 -7.0041e-02 7.0041e-02 2.1241e-02 2.3583e-03 5.5384e-01 -4.4635e-01 -4.9873e-01 -5.8552e-01 1.0000e+00 -8.2656e-01 8.2836e-01 -7.9087e-01 5.5950e-01 7.9412e-01 7.9050e-01 7.2781e-01 8.0517e-01 6.8772e-01 5.7218e-01 5.7218e-01 -5.3703e-01 4.3364e-01 5.6526e-01 1.7478e-01 2.2383e-01 2.2383e-01 2.1960e-01 2.2180e-01 2.2164e-01 2.2164e-01 2.2366e-01 3.1685e-01 -3.9062e-01 2.6183e-01 2.6183e-01 -3.9445e-01 -2.6283e-01 7.6071e-02 2.9988e-01 -3.2432e-02 9.6673e-03
-6.4638e-02 7.9125e-02 7.3195e-02 5.7356e-02 -5.7356e-02 -7.1680e-04 2.1229e-02 -3.4407e-01 5.1235e-01 5.7412e-01 6.7723e-01 -8.2656e-01 1.0000e+00 -9.9789e-01 6.0742e-01 -6.7357e-01 -7.5870e-01 -7.5424e-01 -8.7737e-01 -7.8395e-01 -8.2409e-01 -6.9206e-01 -6.9206e-01 6.5041e-01 -4.6570e-01 -6.8399e-01 -1.5827e-01 -1.7037e-01 -1.7037e-01 -1.7215e-01 -1.7504e-01 -1.7392e-01 -1.7392e-01 -1.7569e-01 -2.7417e-01 3.1685e-01 -2.0785e-01 -2.0785e-01 3.2010e-01 2.1636e-01 -2.7384e-03 -2.4739e-01 3.5538e-02 -3.1313e-02
6.5270e-02 -7.7091e-02 -7.1369e-02 -5.7957e-02 5.7957e-02 9.7695e-04 -2.0926e-02 3.4683e-01 -5.1110e-01 -5.7776e-01 -6.7577e-01 8.2836e-01 -9.9789e-01 1.0000e+00 -6.0558e-01 6.7652e-01 7.6095e-01 7.5650e-01 8.7543e-01 7.8191e-01 8.2227e-01 6.9054e-01 6.9054e-01 -6.4898e-01 4.6709e-01 6.8248e-01 1.5867e-01 1.7101e-01 1.7101e-01 1.7280e-01 1.7568e-01 1.7458e-01 1.7458e-01 1.7635e-01 2.7151e-01 -3.1484e-01 2.0539e-01 2.0539e-01 -3.1809e-01 -2.1407e-01 3.7322e-03 2.4461e-01 -3.5179e-02 3.1799e-02
-8.0134e-02 9.1317e-02 1.1860e-01 1.0427e-01 -1.0427e-01 4.5474e-03 -1.7188e-02 -6.2884e-01 5.5936e-01 5.3146e-01 7.0745e-01 -7.9087e-01 6.0742e-01 -6.0558e-01 1.0000e+00 -5.9131e-01 -7.1388e-01 -7.0484e-01 -5.5132e-01 -6.5607e-01 -4.8257e-01 -6.2704e-01 -6.2704e-01 6.8992e-01 -3.4016e-01 -6.1808e-01 -1.7779e-01 -2.0302e-01 -2.0302e-01 -1.9809e-01 -2.0146e-01 -1.9967e-01 -1.9967e-01 -2.0124e-01 -2.4352e-01 3.3715e-01 -2.5383e-01 -2.5383e-01 3.4028e-01 2.5038e-01 -1.2510e-01 -2.4808e-01 -3.4156e-02 -3.5663e-03
2.8080e-02 -6.6106e-02 -7.5780e-02 -2.5367e-02 2.5367e-02 -2.7421e-02 -5.4553e-02 4.4171e-01 -5.5871e-01 -6.3931e-01 -7.5251e-01 5.5950e-01 -6.7357e-01 6.7652e-01 -5.9131e-01 1.0000e+00 5.6691e-01 5.6090e-01 6.8609e-01 6.1196e-01 7.4650e-01 8.8515e-01 8.8515e-01 -8.3263e-01 4.1006e-01 8.7512e-01 1.2823e-01 1.1855e-01 1.1855e-01 1.2004e-01 1.2406e-01 1.2152e-01 1.2152e-01 1.2299e-01 1.5679e-01 -2.5819e-01 1.8030e-01 1.8030e-01 -2.6078e-01 -2.0286e-01 3.6344e-02 1.3714e-01 -6.6573e-03 3.7077e-02
7.7344e-02 -1.1195e-01 -1.1000e-01 -9.9966e-02 9.9966e-02 -1.6210e-02 7.5710e-03 4.0416e-01 -4.4655e-01 -4.3166e-01 -5.9206e-01 7.9412e-01 -7.5870e-01 7.6095e-01 -7.1388e-01 5.6691e-01 1.0000e+00 9.8728e-01 8.2518e-01 9.1847e-01 7.3946e-01 5.9961e-01 5.9961e-01 -6.6316e-01 6.0208e-01 5.9097e-01 1.7567e-01 1.8197e-01 1.8197e-01 1.7727e-01 1.8023e-01 1.7902e-01 1.7902e-01 1.8076e-01 2.8369e-01 -2.8377e-01 2.1280e-01 2.1280e-01 -2.8699e-01 -1.7982e-01 1.1193e-02 2.6991e-01 1.2884e-01 2.1462e-02
7.6091e-02 -1.1195e-01 -1.1370e-01 -9.8808e-02 9.8808e-02 -3.2650e-04 2.1713e-02 4.0746e-01 -4.4374e-01 -4.2925e-01 -5.9002e-01 7.9050e-01 -7.5424e-01 7.5650e-01 -7.0484e-01 5.6090e-01 9.8728e-01 1.0000e+00 8.2905e-01 9.2273e-01 7.4304e-01 5.9781e-01 5.9781e-01 -6.6111e-01 6.0369e-01 5.8911e-01 1.7488e-01 1.7423e-01 1.7423e-01 1.6955e-01 1.7247e-01 1.7131e-01 1.7131e-01 1.7307e-01 2.8484e-01 -2.8779e-01 2.1362e-01 2.1362e-01 -2.9100e-01 -1.8026e-01 9.2095e-03 2.7126e-01 1.2830e-01 2.0478e-02
7.2613e-02 -7.8785e-02 -6.9698e-02 -6.7624e-02 6.7624e-02 -2.4475e-02 -4.6132e-02 2.8149e-01 -4.3667e-01 -4.6710e-01 -6.1194e-01 7.2781e-01 -8.7737e-01 8.7543e-01 -5.5132e-01 6.8609e-01 8.2518e-01 8.2905e-01 1.0000e+00 9.0826e-01 9.0339e-01 7.6287e-01 7.6287e-01 -7.1370e-01 5.7623e-01 7.5434e-01 1.7320e-01 1.6932e-01 1.6932e-01 1.7095e-01 1.7428e-01 1.7257e-01 1.7257e-01 1.6768e-01 3.1037e-01 -3.1627e-01 2.3405e-01 2.3405e-01 -3.1931e-01 -2.1195e-01 -1.9051e-02 2.6513e-01 1.0784e-01 3.3605e-02
3.8160e-02 -8.1401e-02 -8.6629e-02 -5.7895e-02 5.7895e-02 -1.2206e-02 -3.1919e-02 3.8858e-01 -4.0249e-01 -4.2250e-01 -5.4683e-01 8.0517e-01 -7.8395e-01 7.8191e-01 -6.5607e-01 6.1196e-01 9.1847e-01 9.2273e-01 9.0826e-01 1.0000e+00 8.1842e-01 6.9159e-01 6.9159e-01 -6.4689e-01 6.3444e-01 6.8384e-01 1.9070e-01 1.9802e-01 1.9802e-01 1.9338e-01 1.9626e-01 1.9515e-01 1.9515e-01 1.9057e-01 3.1897e-01 -3.3593e-01 2.5010e-01 2.5010e-01 -3.3927e-01 -2.1953e-01 2.0769e-02 2.9579e-01 1.2036e-01 3.7607e-02
3.8901e-02 -1.0448e-01 -9.2761e-02 -3.4236e-02 3.4236e-02 -3.3192e-02 -5.6330e-02 3.4636e-01 -4.8853e-01 -5.2695e-01 -6.6596e-01 6.8772e-01 -8.2409e-01 8.2227e-01 -4.8257e-01 7.4650e-01 7.3946e-01 7.4304e-01 9.0339e-01 8.1842e-01 1.0000e+00 8.3684e-01 8.3684e-01 -7.8497e-01 5.3869e-01 8.2783e-01 1.5243e-01 1.7706e-01 1.7706e-01 1.7851e-01 1.8235e-01 1.7995e-01 1.7995e-01 1.7474e-01 2.6530e-01 -3.2145e-01 2.0972e-01 2.0972e-01 -3.2430e-01 -2.2495e-01 -2.3438e-02 2.2600e-01 9.9675e-02 3.7155e-02
1.1612e-02 -7.1368e-02 -7.7626e-02 -1.0486e-02 1.0486e-02 -5.7075e-02 -8.4652e-02 4.6611e-01 -6.0264e-01 -6.3992e-01 -7.8875e-01 5.7218e-01 -6.9206e-01 6.9054e-01 -6.2704e-01 8.8515e-01 5.9961e-01 5.9781e-01 7.6287e-01 6.9159e-01 8.3684e-01 1.0000e+00 1.0000e+00 -9.3802e-01 4.5080e-01 9.8924e-01 1.3550e-01 1.6805e-01 1.6805e-01 1.6919e-01 1.7421e-01 1.7033e-01 1.7033e-01 1.7146e-01 1.7032e-01 -2.7531e-01 1.8987e-01 1.8987e-01 -2.7770e-01 -2.1159e-01 7.0330e-02 1.5379e-01 8.0172e-02 3.9398e-02
1.1612e-02 -7.1368e-02 -7.7626e-02 -1.0486e-02 1.0486e-02 -5.7075e-02 -8.4652e-02 4.6611e-01 -6.0264e-01 -6.3992e-01 -7.8875e-01 5.7218e-01 -6.9206e-01 6.9054e-01 -6.2704e-01 8.8515e-01 5.9961e-01 5.9781e-01 7.6287e-01 6.9159e-01 8.3684e-01 1.0000e+00 1.0000e+00 -9.3802e-01 4.5080e-01 9.8924e-01 1.3550e-01 1.6805e-01 1.6805e-01 1.6919e-01 1.7421e-01 1.7033e-01 1.7033e-01 1.7146e-01 1.7032e-01 -2.7531e-01 1.8987e-01 1.8987e-01 -2.7770e-01 -2.1159e-01 7.0330e-02 1.5379e-01 8.0172e-02 3.9398e-02
-5.9301e-02 9.8651e-02 9.9383e-02 6.2029e-02 -6.2029e-02 6.6057e-02 4.4002e-02 -4.7477e-01 6.5006e-01 6.3832e-01 8.4605e-01 -5.3703e-01 6.5041e-01 -6.4898e-01 6.8992e-01 -8.3263e-01 -6.6316e-01 -6.6111e-01 -7.1370e-01 -6.4689e-01 -7.8497e-01 -9.3802e-01 -9.3802e-01 1.0000e+00 -4.2286e-01 -9.2583e-01 -1.2710e-01 -1.5412e-01 -1.5412e-01 -1.5520e-01 -1.6059e-01 -1.5628e-01 -1.5628e-01 -1.5735e-01 -1.5098e-01 2.4812e-01 -1.6806e-01 -1.6806e-01 2.5036e-01 1.8628e-01 -4.6043e-02 -1.3630e-01 -8.8626e-02 -2.7278e-02
1.0408e-01 -9.6429e-02 -4.0287e-02 -1.1222e-01 1.1222e-01 1.3533e-02 4.1882e-03 2.6071e-01 -2.5040e-01 -2.5368e-01 -3.1814e-01 4.3364e-01 -4.6570e-01 4.6709e-01 -3.4016e-01 4.1006e-01 6.0208e-01 6.0369e-01 5.7623e-01 6.3444e-01 5.3869e-01 4.5080e-01 4.5080e-01 -4.2286e-01 1.0000e+00 4.4595e-01 2.7339e-01 -2.7183e-01 -2.7183e-01 -2.7327e-01 -2.7682e-01 -2.7471e-01 -2.7471e-01 -2.7615e-01 5.3113e-01 -4.2161e-01 4.8016e-01 4.8016e-01 -4.2272e-01 -4.3195e-01 -2.7569e-01 4.9612e-01 1.5904e-01 4.4306e-02
8.6553e-03 -7.1508e-02 -7.6790e-02 -7.6820e-03 7.6820e-03 -5.8577e-02 -8.6450e-02 4.5537e-01 -5.8667e-01 -6.2565e-01 -7.7602e-01 5.6526e-01 -6.8399e-01 6.8248e-01 -6.1808e-01 8.7512e-01 5.9097e-01 5.8911e-01 7.5434e-01 6.8384e-01 8.2783e-01 9.8924e-01 9.8924e-01 -9.2583e-01 4.4595e-01 1.0000e+00 1.3404e-01 1.6565e-01 1.6565e-01 1.6678e-01 1.7185e-01 1.6790e-01 1.6790e-01 1.6902e-01 1.8270e-01 -2.8527e-01 2.0166e-01 2.0166e-01 -2.8764e-01 -2.2265e-01 6.6205e-02 1.6667e-01 7.9075e-02 3.7338e-02
1.4782e-01 -2.1929e-03 1.4690e-02 -1.6209e-01 1.6209e-01 4.9762e-03 -2.3241e-03 1.3782e-01 -1.0326e-01 -1.1341e-01 -9.7741e-02 1.7478e-01 -1.5827e-01 1.5867e-01 -1.7779e-01 1.2823e-01 1.7567e-01 1.7488e-01 1.7320e-01 1.9070e-01 1.5243e-01 1.3550e-01 1.3550e-01 -1.2710e-01 2.7339e-01 1.3404e-01 1.0000e+00 -8.5563e-02 -8.5563e-02 -8.5983e-02 -8.5143e-02 -8.6401e-02 -8.6401e-02 -8.6819e-02 2.6551e-01 -2.0669e-01 2.6562e-01 2.6562e-01 -2.0583e-01 -2.4398e-01 -1.0445e-01 2.8030e-01 -3.9552e-02 -3.9292e-02
-7.4156e-02 6.2753e-04 8.0297e-03 6.6080e-02 -6.6080e-02 4.2694e-03 -6.4069e-03 1.8385e-01 -1.1681e-01 -1.2633e-01 -1.5778e-01 2.2383e-01 -1.7037e-01 1.7101e-01 -2.0302e-01 1.1855e-01 1.8197e-01 1.7423e-01 1.6932e-01 1.9802e-01 1.7706e-01 1.6805e-01 1.6805e-01 -1.5412e-01 -2.7183e-01 1.6565e-01 -8.5563e-02 1.0000e+00 1.0000e+00 9.9512e-01 9.8523e-01 9.9030e-01 9.9030e-01 9.8554e-01 -2.9249e-01 3.9694e-01 -3.0536e-01 -3.0536e-01 3.9225e-01 3.2592e-01 6.6023e-01 -2.7168e-01 -5.9662e-02 6.5414e-03
-7.4156e-02 6.2753e-04 8.0297e-03 6.6080e-02 -6.6080e-02 4.2694e-03 -6.4069e-03 1.8385e-01 -1.1681e-01 -1.2633e-01 -1.5778e-01 2.2383e-01 -1.7037e-01 1.7101e-01 -2.0302e-01 1.1855e-01 1.8197e-01 1.7423e-01 1.6932e-01 1.9802e-01 1.7706e-01 1.6805e-01 1.6805e-01 -1.5412e-01 -2.7183e-01 1.6565e-01 -8.5563e-02 1.0000e+00 1.0000e+00 9.9512e-01 9.8523e-01 9.9030e-01 9.9030e-01 9.8554e-01 -2.9249e-01 3.9694e-01 -3.0536e-01 -3.0536e-01 3.9225e-01 3.2592e-01 6.6023e-01 -2.7168e-01 -5.9662e-02 6.5414e-03
-7.4888e-02 3.8253e-03 1.1565e-02 6.6789e-02 -6.6789e-02 3.8577e-03 -6.8261e-03 1.7870e-01 -1.1787e-01 -1.2748e-01 -1.5888e-01 2.1960e-01 -1.7215e-01 1.7280e-01 -1.9809e-01 1.2004e-01 1.7727e-01 1.6955e-01 1.7095e-01 1.9338e-01 1.7851e-01 1.6919e-01 1.6919e-01 -1.5520e-01 -2.7327e-01 1.6678e-01 -8.5983e-02 9.9512e-01 9.9512e-01 1.0000e+00 9.9023e-01 9.9516e-01 9.9516e-01 9.9037e-01 -2.8756e-01 3.9263e-01 -3.0062e-01 -3.0062e-01 3.8797e-01 3.2139e-01 6.5624e-01 -2.6664e-01 -5.9955e-02 5.7541e-03
-7.3420e-02 3.6797e-03 1.0797e-02 6.5367e-02 -6.5367e-02 4.6843e-03 -5.9848e-03 1.8237e-01 -1.2378e-01 -1.3283e-01 -1.6416e-01 2.2180e-01 -1.7504e-01 1.7568e-01 -2.0146e-01 1.2406e-01 1.8023e-01 1.7247e-01 1.7428e-01 1.9626e-01 1.8235e-01 1.7421e-01 1.7421e-01 -1.6059e-01 -2.7682e-01 1.7185e-01 -8.5143e-02 9.8523e-01 9.8523e-01 9.9023e-01 1.0000e+00 9.8543e-01 9.8543e-01 9.8070e-01 -2.8464e-01 3.8868e-01 -2.9747e-01 -2.9747e-01 3.8397e-01 3.2421e-01 6.5629e-01 -2.6381e-01 -5.9369e-02 7.3349e-03
-6.5063e-02 7.9551e-04 8.8158e-03 5.6463e-02 -5.6463e-02 3.4491e-03 -7.2423e-03 1.8019e-01 -1.1892e-01 -1.2862e-01 -1.5997e-01 2.2164e-01 -1.7392e-01 1.7458e-01 -1.9967e-01 1.2152e-01 1.7902e-01 1.7131e-01 1.7257e-01 1.9515e-01 1.7995e-01 1.7033e-01 1.7033e-01 -1.5628e-01 -2.7471e-01 1.6790e-01 -8.6401e-02 9.9030e-01 9.9030e-01 9.9516e-01 9.8543e-01 1.0000e+00 1.0000e+00 9.9519e-01 -2.8902e-01 3.9459e-01 -3.0219e-01 -3.0219e-01 3.8997e-01 3.2311e-01 6.6018e-01 -2.6805e-01 -6.0247e-02 4.9727e-03
-6.5063e-02 7.9551e-04 8.8158e-03 5.6463e-02 -5.6463e-02 3.4491e-03 -7.2423e-03 1.8019e-01 -1.1892e-01 -1.2862e-01 -1.5997e-01 2.2164e-01 -1.7392e-01 1.7458e-01 -1.9967e-01 1.2152e-01 1.7902e-01 1.7131e-01 1.7257e-01 1.9515e-01 1.7995e-01 1.7033e-01 1.7033e-01 -1.5628e-01 -2.7471e-01 1.6790e-01 -8.6401e-02 9.9030e-01 9.9030e-01 9.9516e-01 9.8543e-01 1.0000e+00 1.0000e+00 9.9519e-01 -2.8902e-01 3.9459e-01 -3.0219e-01 -3.0219e-01 3.8997e-01 3.2311e-01 6.6018e-01 -2.6805e-01 -6.0247e-02 4.9727e-03
-6.5826e-02 3.9690e-03 1.2323e-02 5.7205e-02 -5.7205e-02 3.0437e-03 -7.6556e-03 1.8168e-01 -1.1997e-01 -1.2976e-01 -1.6106e-01 2.2366e-01 -1.7569e-01 1.7635e-01 -2.0124e-01 1.2299e-01 1.8076e-01 1.7307e-01 1.6768e-01 1.9057e-01 1.7474e-01 1.7146e-01 1.7146e-01 -1.5735e-01 -2.7615e-01 1.6902e-01 -8.6819e-02 9.8554e-01 9.8554e-01 9.9037e-01 9.8070e-01 9.9519e-01 9.9519e-01 1.0000e+00 -2.9047e-01 3.9655e-01 -3.0376e-01 -3.0376e-01 3.9196e-01 3.2483e-01 6.6411e-01 -2.6945e-01 -6.0538e-02 4.1973e-03
1.1563e-01 -1.0529e-01 -7.5384e-02 -1.3234e-01 1.3234e-01 -5.4815e-02 -5.7773e-02 1.6939e-01 -1.3689e-01 -1.2234e-01 -1.7083e-01 3.1685e-01 -2.7417e-01 2.7151e-01 -2.4352e-01 1.5679e-01 2.8369e-01 2.8484e-01 3.1037e-01 3.1897e-01 2.6530e-01 1.7032e-01 1.7032e-01 -1.5098e-01 5.3113e-01 1.8270e-01 2.6551e-01 -2.9249e-01 -2.9249e-01 -2.8756e-01 -2.8464e-01 -2.8902e-01 -2.8902e-01 -2.9047e-01 1.0000e+00 -7.3277e-01 9.2204e-01 9.2204e-01 -7.2982e-01 -8.4796e-01 -3.9023e-01 8.4189e-01 1.2861e-01 2.0016e-02
-6.2758e-02 5.9179e-02 3.2749e-02 7.2334e-02 -7.2334e-02 9.2551e-02 1.0011e-01 -2.1231e-01 2.0917e-01 2.0561e-01 2.6151e-01 -3.9062e-01 3.1685e-01 -3.1484e-01 3.3715e-01 -2.5819e-01 -2.8377e-01 -2.8779e-01 -3.1627e-01 -3.3593e-01 -3.2145e-01 -2.7531e-01 -2.7531e-01 2.4812e-01 -4.2161e-01 -2.8527e-01 -2.0669e-01 3.9694e-01 3.9694e-01 3.9263e-01 3.8868e-01 3.9459e-01 3.9459e-01 3.9655e-01 -7.3277e-01 1.0000e+00 -7.8115e-01 -7.8115e-01 9.9599e-01 8.1259e-01 4.5017e-01 -6.3466e-01 -7.6130e-02 -3.1690e-02
1.0783e-01 -1.0442e-01 -7.2150e-02 -1.2603e-01 1.2603e-01 -6.2133e-02 -6.6011e-02 1.8955e-01 -1.4478e-01 -1.3387e-01 -1.8840e-01 2.6183e-01 -2.0785e-01 2.0539e-01 -2.5383e-01 1.8030e-01 2.1280e-01 2.1362e-01 2.3405e-01 2.5010e-01 2.0972e-01 1.8987e-01 1.8987e-01 -1.6806e-01 4.8016e-01 2.0166e-01 2.6562e-01 -3.0536e-01 -3.0536e-01 -3.0062e-01 -2.9747e-01 -3.0219e-01 -3.0219e-01 -3.0376e-01 9.2204e-01 -7.8115e-01 1.0000e+00 1.0000e+00 -7.8204e-01 -9.0884e-01 -4.1622e-01 7.9698e-01 1.1687e-01 4.7973e-02
1.0783e-01 -1.0442e-01 -7.2150e-02 -1.2603e-01 1.2603e-01 -6.2133e-02 -6.6011e-02 1.8955e-01 -1.4478e-01 -1.3387e-01 -1.8840e-01 2.6183e-01 -2.0785e-01 2.0539e-01 -2.5383e-01 1.8030e-01 2.1280e-01 2.1362e-01 2.3405e-01 2.5010e-01 2.0972e-01 1.8987e-01 1.8987e-01 -1.6806e-01 4.8016e-01 2.0166e-01 2.6562e-01 -3.0536e-01 -3.0536e-01 -3.0062e-01 -2.9747e-01 -3.0219e-01 -3.0219e-01 -3.0376e-01 9.2204e-01 -7.8115e-01 1.0000e+00 1.0000e+00 -7.8204e-01 -9.0884e-01 -4.1622e-01 7.9698e-01 1.1687e-01 4.7973e-02
-6.1485e-02 5.9092e-02 3.2217e-02 7.1134e-02 -7.1134e-02 9.3097e-02 1.0072e-01 -2.1519e-01 2.1118e-01 2.0778e-01 2.6379e-01 -3.9445e-01 3.2010e-01 -3.1809e-01 3.4028e-01 -2.6078e-01 -2.8699e-01 -2.9100e-01 -3.1931e-01 -3.3927e-01 -3.2430e-01 -2.7770e-01 -2.7770e-01 2.5036e-01 -4.2272e-01 -2.8764e-01 -2.0583e-01 3.9225e-01 3.9225e-01 3.8797e-01 3.8397e-01 3.8997e-01 3.8997e-01 3.9196e-01 -7.2982e-01 9.9599e-01 -7.8204e-01 -7.8204e-01 1.0000e+00 8.1716e-01 4.5229e-01 -6.4008e-01 -7.5497e-02 -3.0724e-02
-1.0075e-01 8.3352e-02 4.6343e-02 9.9870e-02 -9.9870e-02 7.2001e-02 7.7096e-02 -1.7274e-01 1.5227e-01 1.4618e-01 2.0268e-01 -2.6283e-01 2.1636e-01 -2.1407e-01 2.5038e-01 -2.0286e-01 -1.7982e-01 -1.8026e-01 -2.1195e-01 -2.1953e-01 -2.2495e-01 -2.1159e-01 -2.1159e-01 1.8628e-01 -4.3195e-01 -2.2265e-01 -2.4398e-01 3.2592e-01 3.2592e-01 3.2139e-01 3.2421e-01 3.2311e-01 3.2311e-01 3.2483e-01 -8.4796e-01 8.1259e-01 -9.0884e-01 -9.0884e-01 8.1716e-01 1.0000e+00 4.5245e-01 -7.7656e-01 -1.0235e-01 -4.4794e-02
-7.1649e-02 6.9194e-02 7.6477e-02 5.9436e-02 -5.9436e-02 -1.0853e-03 -1.4807e-02 1.2828e-01 -2.6367e-02 -2.4891e-02 -4.0453e-02 7.6071e-02 -2.7384e-03 3.7322e-03 -1.2510e-01 3.6344e-02 1.1193e-02 9.2095e-03 -1.9051e-02 2.0769e-02 -2.3438e-02 7.0330e-02 7.0330e-02 -4.6043e-02 -2.7569e-01 6.6205e-02 -1.0445e-01 6.6023e-01 6.6023e-01 6.5624e-01 6.5629e-01 6.6018e-01 6.6018e-01 6.6411e-01 -3.9023e-01 4.5017e-01 -4.1622e-01 -4.1622e-01 4.5229e-01 4.5245e-01 1.0000e+00 -3.7600e-01 -8.0655e-02 -9.6143e-03
1.3297e-01 -8.3215e-02 -4.5667e-02 -1.4171e-01 1.4171e-01 -4.9178e-02 -6.6127e-02 1.4574e-01 -9.8984e-02 -8.3015e-02 -1.4114e-01 2.9988e-01 -2.4739e-01 2.4461e-01 -2.4808e-01 1.3714e-01 2.6991e-01 2.7126e-01 2.6513e-01 2.9579e-01 2.2600e-01 1.5379e-01 1.5379e-01 -1.3630e-01 4.9612e-01 1.6667e-01 2.8030e-01 -2.7168e-01 -2.7168e-01 -2.6664e-01 -2.6381e-01 -2.6805e-01 -2.6805e-01 -2.6945e-01 8.4189e-01 -6.3466e-01 7.9698e-01 7.9698e-01 -6.4008e-01 -7.7656e-01 -3.7600e-01 1.0000e+00 2.0180e-01 2.3442e-02
9.2604e-02 -6.3060e-02 -4.5626e-02 -1.0208e-01 1.0208e-01 -2.1112e-02 -2.3652e-02 -4.1561e-02 -1.1426e-03 1.0848e-01 -1.6812e-02 -3.2432e-02 3.5538e-02 -3.5179e-02 -3.4156e-02 -6.6573e-03 1.2884e-01 1.2830e-01 1.0784e-01 1.2036e-01 9.9675e-02 8.0172e-02 8.0172e-02 -8.8626e-02 1.5904e-01 7.9075e-02 -3.9552e-02 -5.9662e-02 -5.9662e-02 -5.9955e-02 -5.9369e-02 -6.0247e-02 -6.0247e-02 -6.0538e-02 1.2861e-01 -7.6130e-02 1.1687e-01 1.1687e-01 -7.5497e-02 -1.0235e-01 -8.0655e-02 2.0180e-01 1.0000e+00 1.2509e-02
2.2839e-02 -6.0799e-03 3.0626e-03 1.4218e-02 -1.4218e-02 -3.1156e-02 -3.4904e-02 -3.2889e-03 3.2059e-03 -1.9080e-03 -2.0253e-02 9.6673e-03 -3.1313e-02 3.1799e-02 -3.5663e-03 3.7077e-02 2.1462e-02 2.0478e-02 3.3605e-02 3.7607e-02 3.7155e-02 3.9398e-02 3.9398e-02 -2.7278e-02 4.4306e-02 3.7338e-02 -3.9292e-02 6.5414e-03 6.5414e-03 5.7541e-03 7.3349e-03 4.9727e-03 4.9727e-03 4.1973e-03 2.0016e-02 -3.1690e-02 4.7973e-02 4.7973e-02 -3.0724e-02 -4.4794e-02 -9.6143e-03 2.3442e-02 1.2509e-02 1.0000e+00
