1.0000e+00 9.6636e-01 2.9996e-01 6.3376e-02 -1.2982e-02 1.3681e-02 -4.0154e-02 2.4984e-02 2.3596e-02 4.0003e-02 3.7750e-02 2.6471e-02 2.0388e-02 2.4859e-03 -2.9662e-02 -4.6434e-02
9.6636e-01 1.0000e+00 3.2329e-01 6.3376e-02 -1.7356e-02 2.8427e-02 -4.0154e-02 3.9490e-02 3.8117e-02 5.4166e-02 3.7750e-02 3.7064e-02 2.0388e-02 -6.2889e-03 -2.9662e-02 -4.2010e-02
2.9996e-01 3.2329e-01 1.0000e+00 -3.6149e-02 2.1105e-04 1.2800e-02 -1.1266e-02 3.0564e-02 2.9919e-02 3.8719e-02 -4.2881e-02 5.1938e-02 6.5664e-02 8.6742e-02 3.5920e-02 3.6926e-02
6.3376e-02 6.3376e-02 -3.6149e-02 1.0000e+00 -3.6751e-01 -4.7426e-02 8.0293e-02 -6.0808e-02 -5.8122e-02 -4.7197e-02 2.2865e-01 5.1573e-02 -3.5737e-02 3.3938e-02 4.3175e-02 4.7751e-02
-1.2982e-02 -1.7356e-02 2.1105e-04 -3.6751e-01 1.0000e+00 9.4539e-03 -1.0078e-01 -2.2590e-02 -2.4890e-02 -1.8092e-02 -2.4876e-01 -1.7450e-01 -1.5093e-03 -4.7011e-02 4.7029e-02 4.3484e-02
1.3681e-02 2.8427e-02 1.2800e-02 -4.7426e-02 9.4539e-03 1.0000e+00 1.6302e-01 9.2898e-01 9.2634e-01 8.6945e-01 -3.8423e-01 3.1110e-01 -7.3134e-02 -3.1936e-01 -5.0913e-02 1.2941e-01
-4.0154e-02 -4.0154e-02 -1.1266e-02 8.0293e-02 -1.0078e-01 1.6302e-01 1.0000e+00 1.6918e-01 1.6876e-01 1.7952e-01 -6.4239e-02 -1.4091e-01 -1.1922e-02 -2.0517e-01 1.2929e-02 9.3826e-02
2.4984e-02 3.9490e-02 3.0564e-02 -6.0808e-02 -2.2590e-02 9.2898e-01 1.6918e-01 1.0000e+00 9.9757e-01 9.3764e-01 -3.7004e-01 3.2877e-01 -7.0472e-02 -3.5452e-01 -5.5569e-02 1.2442e-01
2.3596e-02 3.8117e-02 2.9919e-02 -5.8122e-02 -2.4890e-02 9.2634e-01 1.6876e-01 9.9757e-01 1.0000e+00 9.3534e-01 -3.7096e-01 3.3328e-01 -7.0643e-02 -3.5249e-01 -5.6051e-02 1.2267e-01
4.0003e-02 5.4166e-02 3.8719e-02 -4.7197e-02 -1.8092e-02 8.6945e-01 1.7952e-01 9.3764e-01 9.3534e-01 1.0000e+00 -3.5784e-01 3.3891e-01 -6.6411e-02 -4.0462e-01 -5.5474e-02 9.3614e-02
3.7750e-02 3.7750e-02 -4.2881e-02 2.2865e-01 -2.4876e-01 -3.8423e-01 -6.4239e-02 -3.7004e-01 -3.7096e-01 -3.5784e-01 1.0000e+00 -1.2686e-01 -1.0733e-02 6.8908e-02 -4.6329e-02 -1.6186e-01
2.6471e-02 3.7064e-02 5.1938e-02 5.1573e-02 -1.7450e-01 3.1110e-01 -1.4091e-01 3.2877e-01 3.3328e-01 3.3891e-01 -1.2686e-01 1.0000e+00 -2.3544e-02 4.1515e-01 2.1140e-03 -1.0597e-01
2.0388e-02 2.0388e-02 6.5664e-02 -3.5737e-02 -1.5093e-03 -7.3134e-02 -1.1922e-02 -7.0472e-02 -7.0643e-02 -6.6411e-02 -1.0733e-02 -2.3544e-02 1.0000e+00 4.8626e-02 -8.5983e-03 -3.8251e-02
2.4859e-03 -6.2889e-03 8.6742e-02 3.3938e-02 -4.7011e-02 -3.1936e-01 -2.0517e-01 -3.5452e-01 -3.5249e-01 -4.0462e-01 6.8908e-02 4.1515e-01 4.8626e-02 1.0000e+00 3.8013e-02 -3.9541e-02
-2.9662e-02 -2.9662e-02 3.5920e-02 4.3175e-02 4.7029e-02 -5.0913e-02 1.2929e-02 -5.5569e-02 -5.6051e-02 -5.5474e-02 -4.6329e-02 2.1140e-03 -8.5983e-03 3.8013e-02 1.0000e+00 -2.4309e-02
-4.6434e-02 -4.2010e-02 3.6926e-02 4.7751e-02 4.3484e-02 1.2941e-01 9.3826e-02 1.2442e-01 1.2267e-01 9.3614e-02 -1.6186e-01 -1.0597e-01 -3.8251e-02 -3.9541e-02 -2.4309e-02 1.0000e+00
