1.0000e+00 1.0264e-02 1.0646e-02 7.3098e-03 4.5814e-02 -3.6553e-02 -2.1908e-02 -2.2611e-02 -8.7271e-02 -8.7271e-02 -8.6898e-02 -2.2143e-02 -8.7084e-02 -8.5784e-02 -7.0399e-02 -5.5417e-02 -8.5784e-02 -4.6468e-02 -4.6468e-02 -4.6165e-02 -4.6280e-02 -4.2165e-02 4.1831e-02 4.1831e-02 4.2500e-02 4.2500e-02 4.2500e-02 4.2165e-02 4.3514e-02 4.3514e-02 4.3174e-02 4.3514e-02 -1.9841e-02 -2.1195e-02 -1.9841e-02 -2.7251e-02 -4.6641e-02 -6.3812e-03 8.5612e-03 3.3442e-03
1.0264e-02 1.0000e+00 9.9543e-01 9.2056e-01 7.2230e-02 2.1195e-01 2.0271e-01 1.9452e-01 2.9387e-01 2.9387e-01 2.9576e-01 1.9593e-01 2.9482e-01 2.7638e-01 2.8111e-01 1.9627e-01 2.8894e-01 1.7406e-01 1.7406e-01 1.7470e-01 1.4029e-01 1.4833e-01 -1.4184e-01 -1.4184e-01 -1.4049e-01 -1.4049e-01 -1.4049e-01 -1.4116e-01 -1.3845e-01 -1.3845e-01 -1.3913e-01 -1.3845e-01 9.1177e-02 8.6623e-02 9.1177e-02 9.6416e-02 1.4661e-01 -1.1178e-02 -8.2701e-03 4.8407e-03
1.0646e-02 9.9543e-01 1.0000e+00 9.2492e-01 7.1268e-02 2.0991e-01 2.0071e-01 1.9251e-01 2.9093e-01 2.9093e-01 2.9281e-01 1.9392e-01 2.9186e-01 2.7330e-01 2.7817e-01 1.9421e-01 2.8590e-01 1.7278e-01 1.7278e-01 1.7342e-01 1.3917e-01 1.4719e-01 -1.4067e-01 -1.4067e-01 -1.3933e-01 -1.3933e-01 -1.3933e-01 -1.4000e-01 -1.3730e-01 -1.3730e-01 -1.3798e-01 -1.3730e-01 8.8288e-02 8.3756e-02 8.8288e-02 9.3235e-02 1.4888e-01 -9.0752e-03 -6.7830e-03 6.4572e-03
7.3098e-03 9.2056e-01 9.2492e-01 1.0000e+00 1.0526e-01 2.3381e-01 2.2427e-01 2.1617e-01 3.2307e-01 3.2307e-01 3.2505e-01 2.1764e-01 3.2406e-01 3.1271e-01 3.1016e-01 2.1834e-01 3.1882e-01 1.8413e-01 1.8413e-01 1.8479e-01 1.4901e-01 1.5727e-01 -1.5099e-01 -1.5099e-01 -1.4960e-01 -1.4960e-01 -1.4960e-01 -1.5030e-01 -1.4751e-01 -1.4751e-01 -1.4120e-01 -1.4751e-01 8.4273e-02 7.9560e-02 8.4273e-02 9.1503e-02 1.6949e-01 -2.6226e-03 9.4814e-03 1.3593e-02
4.5814e-02 7.2230e-02 7.1268e-02 1.0526e-01 1.0000e+00 2.4047e-01 2.2832e-01 2.3089e-01 1.4411e-01 1.4411e-01 1.4262e-01 2.2918e-01 1.4336e-01 1.5015e-01 1.1956e-01 2.1575e-01 1.3215e-01 -7.5927e-02 -7.5927e-02 -7.6731e-02 -6.4633e-02 -4.7378e-02 4.8251e-02 4.8251e-02 4.6502e-02 4.6502e-02 4.6502e-02 4.7378e-02 4.3862e-02 4.3862e-02 4.4744e-02 4.3862e-02 1.9328e-01 1.7487e-01 1.7020e-01 1.6394e-01 2.8913e-02 -1.5724e-02 -1.5025e-02 -1.1167e-02
-3.6553e-02 2.1195e-01 2.0991e-01 2.3381e-01 2.4047e-01 1.0000e+00 9.7423e-01 9.6434e-01 6.8214e-01 6.8214e-01 6.7913e-01 9.6021e-01 6.7649e-01 6.5768e-01 6.2672e-01 9.2987e-01 6.5768e-01 5.9956e-01 5.9956e-01 5.9688e-01 5.0816e-01 5.2007e-01 -5.0765e-01 -5.0765e-01 -5.0403e-01 -5.0403e-01 -5.0403e-01 -5.0109e-01 -4.9858e-01 -4.9858e-01 -4.9563e-01 -4.9858e-01 1.8499e-01 1.9181e-01 2.0498e-01 2.5544e-01 1.6405e-01 3.9370e-02 -1.9106e-02 -3.0044e-03
-2.1908e-02 2.0271e-01 2.0071e-01 2.2427e-01 2.2832e-01 9.7423e-01 1.0000e+00 9.8994e-01 6.6409e-01 6.6409e-01 6.6116e-01 9.8590e-01 6.5847e-01 6.3991e-01 6.6197e-01 9.5188e-01 6.3991e-01 5.6381e-01 5.6381e-01 5.6123e-01 5.2322e-01 4.7855e-01 -4.6622e-01 -4.6622e-01 -4.6233e-01 -4.6233e-01 -4.6233e-01 -4.5952e-01 -4.7085e-01 -4.7085e-01 -4.6800e-01 -4.7085e-01 1.6893e-01 1.7548e-01 1.8898e-01 2.4182e-01 1.5847e-01 2.5295e-02 -3.2194e-02 -1.6774e-02
-2.2611e-02 1.9452e-01 1.9251e-01 2.1617e-01 2.3089e-01 9.6434e-01 9.8994e-01 1.0000e+00 6.7658e-01 6.7658e-01 6.7369e-01 9.9598e-01 6.7098e-01 6.5254e-01 6.7433e-01 9.6202e-01 6.5254e-01 5.6795e-01 5.6795e-01 5.6537e-01 5.2676e-01 4.8217e-01 -4.6984e-01 -4.6984e-01 -4.6593e-01 -4.6593e-01 -4.6593e-01 -4.6312e-01 -4.7442e-01 -4.7442e-01 -4.7158e-01 -4.7442e-01 1.7943e-01 1.8590e-01 1.9949e-01 2.5302e-01 1.7346e-01 2.5305e-02 -3.0229e-02 -1.0276e-02
-8.7271e-02 2.9387e-01 2.9093e-01 3.2307e-01 1.4411e-01 6.8214e-01 6.6409e-01 6.7658e-01 1.0000e+00 1.0000e+00 9.9573e-01 6.7101e-01 9.9359e-01 9.6579e-01 9.3836e-01 6.5029e-01 9.6579e-01 4.1512e-01 4.1512e-01 4.1177e-01 3.5240e-01 3.6250e-01 -3.4907e-01 -3.4907e-01 -3.4652e-01 -3.4652e-01 -3.4652e-01 -3.4290e-01 -3.4269e-01 -3.4269e-01 -3.3905e-01 -3.4269e-01 2.2163e-01 2.0826e-01 2.1750e-01 2.4010e-01 3.2110e-01 -2.4383e-02 -4.7828e-02 -1.9522e-02
-8.7271e-02 2.9387e-01 2.9093e-01 3.2307e-01 1.4411e-01 6.8214e-01 6.6409e-01 6.7658e-01 1.0000e+00 1.0000e+00 9.9573e-01 6.7101e-01 9.9359e-01 9.6579e-01 9.3836e-01 6.5029e-01 9.6579e-01 4.1512e-01 4.1512e-01 4.1177e-01 3.5240e-01 3.6250e-01 -3.4907e-01 -3.4907e-01 -3.4652e-01 -3.4652e-01 -3.4652e-01 -3.4290e-01 -3.4269e-01 -3.4269e-01 -3.3905e-01 -3.4269e-01 2.2163e-01 2.0826e-01 2.1750e-01 2.4010e-01 3.2110e-01 -2.4383e-02 -4.7828e-02 -1.9522e-02
-8.6898e-02 2.9576e-01 2.9281e-01 3.2505e-01 1.4262e-01 6.7913e-01 6.6116e-01 6.7369e-01 9.9573e-01 9.9573e-01 1.0000e+00 6.7641e-01 9.9786e-01 9.6998e-01 9.4263e-01 6.5559e-01 9.6998e-01 4.1302e-01 4.1302e-01 4.0966e-01 3.5062e-01 3.6066e-01 -3.4721e-01 -3.4721e-01 -3.4467e-01 -3.4467e-01 -3.4467e-01 -3.4103e-01 -3.4085e-01 -3.4085e-01 -3.3720e-01 -3.4085e-01 2.2164e-01 2.0830e-01 2.1751e-01 2.3975e-01 3.1914e-01 -2.5863e-02 -4.5813e-02 -1.7361e-02
-2.2143e-02 1.9593e-01 1.9392e-01 2.1764e-01 2.2918e-01 9.6021e-01 9.8590e-01 9.9598e-01 6.7101e-01 6.7101e-01 6.7641e-01 1.0000e+00 6.7371e-01 6.5523e-01 6.7711e-01 9.6598e-01 6.5523e-01 5.6519e-01 5.6519e-01 5.6260e-01 5.2439e-01 4.7975e-01 -4.6742e-01 -4.6742e-01 -4.6353e-01 -4.6353e-01 -4.6353e-01 -4.6072e-01 -4.7204e-01 -4.7204e-01 -4.6919e-01 -4.7204e-01 1.7911e-01 1.8563e-01 1.9916e-01 2.5229e-01 1.7112e-01 2.3884e-02 -2.8209e-02 -8.1532e-03
-8.7084e-02 2.9482e-01 2.9186e-01 3.2406e-01 1.4336e-01 6.7649e-01 6.5847e-01 6.7098e-01 9.9359e-01 9.9359e-01 9.9786e-01 6.7371e-01 1.0000e+00 9.7218e-01 9.4475e-01 6.5708e-01 9.7218e-01 4.1407e-01 4.1407e-01 4.1071e-01 3.5151e-01 3.6158e-01 -3.4814e-01 -3.4814e-01 -3.4560e-01 -3.4560e-01 -3.4560e-01 -3.4197e-01 -3.4177e-01 -3.4177e-01 -3.3812e-01 -3.4177e-01 2.2370e-01 2.1034e-01 2.1957e-01 2.4201e-01 3.2248e-01 -2.2936e-02 -4.1672e-02 -1.3452e-02
-8.5784e-02 2.7638e-01 2.7330e-01 3.1271e-01 1.5015e-01 6.5768e-01 6.3991e-01 6.5254e-01 9.6579e-01 9.6579e-01 9.6998e-01 6.5523e-01 9.7218e-01 1.0000e+00 9.3420e-01 6.4664e-01 9.6116e-01 4.0675e-01 4.0675e-01 4.0336e-01 3.4531e-01 3.5516e-01 -3.4164e-01 -3.4164e-01 -3.3913e-01 -3.3913e-01 -3.3913e-01 -3.3546e-01 -3.3535e-01 -3.3535e-01 -3.3167e-01 -3.3535e-01 2.1341e-01 2.0018e-01 2.0926e-01 2.3454e-01 3.1326e-01 -8.3723e-03 -2.9407e-02 -5.8372e-03
-7.0399e-02 2.8111e-01 2.7817e-01 3.1016e-01 1.1956e-01 6.2672e-01 6.6197e-01 6.7433e-01 9.3836e-01 9.3836e-01 9.4263e-01 6.7711e-01 9.4475e-01 9.3420e-01 1.0000e+00 6.9798e-01 9.6843e-01 3.9959e-01 3.9959e-01 3.9630e-01 3.8351e-01 3.3478e-01 -3.3123e-01 -3.3123e-01 -3.2857e-01 -3.2857e-01 -3.2857e-01 -3.2502e-01 -3.3931e-01 -3.3931e-01 -3.3572e-01 -3.3931e-01 2.1955e-01 2.0606e-01 2.1544e-01 2.3927e-01 3.2561e-01 -3.8823e-02 -4.4597e-02 -3.6988e-02
-5.5417e-02 1.9627e-01 1.9421e-01 2.1834e-01 2.1575e-01 9.2987e-01 9.5188e-01 9.6202e-01 6.5029e-01 6.5029e-01 6.5559e-01 9.6598e-01 6.5708e-01 6.4664e-01 6.9798e-01 1.0000e+00 6.7994e-01 6.0188e-01 6.0188e-01 5.9922e-01 5.5263e-01 5.0701e-01 -4.9936e-01 -4.9936e-01 -4.9566e-01 -4.9566e-01 -4.9566e-01 -4.9276e-01 -5.0443e-01 -5.0443e-01 -5.0150e-01 -5.0443e-01 1.8773e-01 1.9445e-01 2.0774e-01 2.6728e-01 1.9047e-01 2.3863e-02 -1.4157e-02 -1.7956e-02
-8.5784e-02 2.8894e-01 2.8590e-01 3.1882e-01 1.3215e-01 6.5768e-01 6.3991e-01 6.5254e-01 9.6579e-01 9.6579e-01 9.6998e-01 6.5523e-01 9.7218e-01 9.6116e-01 9.6843e-01 6.7994e-01 1.0000e+00 4.4368e-01 4.4368e-01 4.4025e-01 3.7542e-01 3.8470e-01 -3.7606e-01 -3.7606e-01 -3.7365e-01 -3.7365e-01 -3.7365e-01 -3.6993e-01 -3.7004e-01 -3.7004e-01 -3.6630e-01 -3.7004e-01 2.3831e-01 2.2506e-01 2.3416e-01 2.5967e-01 3.3704e-01 -2.1546e-02 -2.9407e-02 -2.0869e-02
-4.6468e-02 1.7406e-01 1.7278e-01 1.8413e-01 -7.5927e-02 5.9956e-01 5.6381e-01 5.6795e-01 4.1512e-01 4.1512e-01 4.1302e-01 5.6519e-01 4.1407e-01 4.0675e-01 3.9959e-01 6.0188e-01 4.4368e-01 1.0000e+00 1.0000e+00 9.9754e-01 8.4196e-01 8.6641e-01 -8.5311e-01 -8.5311e-01 -8.4810e-01 -8.4810e-01 -8.4810e-01 -8.4534e-01 -8.4058e-01 -8.4058e-01 -8.3780e-01 -8.4058e-01 -4.2611e-02 -3.9586e-02 -2.0419e-02 8.3129e-02 2.2130e-01 6.5074e-02 4.6587e-02 2.9218e-02
-4.6468e-02 1.7406e-01 1.7278e-01 1.8413e-01 -7.5927e-02 5.9956e-01 5.6381e-01 5.6795e-01 4.1512e-01 4.1512e-01 4.1302e-01 5.6519e-01 4.1407e-01 4.0675e-01 3.9959e-01 6.0188e-01 4.4368e-01 1.0000e+00 1.0000e+00 9.9754e-01 8.4196e-01 8.6641e-01 -8.5311e-01 -8.5311e-01 -8.4810e-01 -8.4810e-01 -8.4810e-01 -8.4534e-01 -8.4058e-01 -8.4058e-01 -8.3780e-01 -8.4058e-01 -4.2611e-02 -3.9586e-02 -2.0419e-02 8.3129e-02 2.2130e-01 6.5074e-02 4.6587e-02 2.9218e-02
-4.6165e-02 1.7470e-01 1.7342e-01 1.8479e-01 -7.6731e-02 5.9688e-01 5.6123e-01 5.6537e-01 4.1177e-01 4.1177e-01 4.0966e-01 5.6260e-01 4.1071e-01 4.0336e-01 3.9630e-01 5.9922e-01 4.4025e-01 9.9754e-01 9.9754e-01 1.0000e+00 8.3988e-01 8.6426e-01 -8.5097e-01 -8.5097e-01 -8.4597e-01 -8.4597e-01 -8.4597e-01 -8.4321e-01 -8.3847e-01 -8.3847e-01 -8.3569e-01 -8.3847e-01 -4.0476e-02 -3.7429e-02 -1.8307e-02 8.4943e-02 2.2235e-01 6.6571e-02 4.7646e-02 3.0357e-02
-4.6280e-02 1.4029e-01 1.3917e-01 1.4901e-01 -6.4633e-02 5.0816e-01 5.2322e-01 5.2676e-01 3.5240e-01 3.5240e-01 3.5062e-01 5.2439e-01 3.5151e-01 3.4531e-01 3.8351e-01 5.5263e-01 3.7542e-01 8.4196e-01 8.4196e-01 8.3988e-01 1.0000e+00 9.4905e-01 -9.2921e-01 -9.2921e-01 -9.2306e-01 -9.2306e-01 -9.2306e-01 -9.2041e-01 -9.3112e-01 -9.3112e-01 -9.2842e-01 -9.3112e-01 1.5378e-02 1.6845e-02 3.9506e-02 1.0587e-02 1.9759e-01 6.7135e-02 4.7948e-02 2.8511e-02
-4.2165e-02 1.4833e-01 1.4719e-01 1.5727e-01 -4.7378e-02 5.2007e-01 4.7855e-01 4.8217e-01 3.6250e-01 3.6250e-01 3.6066e-01 4.7975e-01 3.6158e-01 3.5516e-01 3.3478e-01 5.0701e-01 3.8470e-01 8.6641e-01 8.6641e-01 8.6426e-01 9.4905e-01 1.0000e+00 -9.8037e-01 -9.8037e-01 -9.7468e-01 -9.7468e-01 -9.7468e-01 -9.7190e-01 -9.6614e-01 -9.6614e-01 -9.6334e-01 -9.6614e-01 2.7655e-02 2.9426e-02 5.1329e-02 2.0452e-02 2.0502e-01 7.0923e-02 6.7162e-02 4.8697e-02
4.1831e-02 -1.4184e-01 -1.4067e-01 -1.5099e-01 4.8251e-02 -5.0765e-01 -4.6622e-01 -4.6984e-01 -3.4907e-01 -3.4907e-01 -3.4721e-01 -4.6742e-01 -3.4814e-01 -3.4164e-01 -3.3123e-01 -4.9936e-01 -3.7606e-01 -8.5311e-01 -8.5311e-01 -8.5097e-01 -9.2921e-01 -9.8037e-01 1.0000e+00 1.0000e+00 9.9440e-01 9.9440e-01 9.9440e-01 9.9159e-01 9.8599e-01 9.8599e-01 9.8315e-01 9.8599e-01 -2.0386e-02 -2.6911e-02 -4.8751e-02 -1.2905e-02 -2.0609e-01 -6.7483e-02 -6.2352e-02 -4.4163e-02
4.1831e-02 -1.4184e-01 -1.4067e-01 -1.5099e-01 4.8251e-02 -5.0765e-01 -4.6622e-01 -4.6984e-01 -3.4907e-01 -3.4907e-01 -3.4721e-01 -4.6742e-01 -3.4814e-01 -3.4164e-01 -3.3123e-01 -4.9936e-01 -3.7606e-01 -8.5311e-01 -8.5311e-01 -8.5097e-01 -9.2921e-01 -9.8037e-01 1.0000e+00 1.0000e+00 9.9440e-01 9.9440e-01 9.9440e-01 9.9159e-01 9.8599e-01 9.8599e-01 9.8315e-01 9.8599e-01 -2.0386e-02 -2.6911e-02 -4.8751e-02 -1.2905e-02 -2.0609e-01 -6.7483e-02 -6.2352e-02 -4.4163e-02
4.2500e-02 -1.4049e-01 -1.3933e-01 -1.4960e-01 4.6502e-02 -5.0403e-01 -4.6233e-01 -4.6593e-01 -3.4652e-01 -3.4652e-01 -3.4467e-01 -4.6353e-01 -3.4560e-01 -3.3913e-01 -3.2857e-01 -4.9566e-01 -3.7365e-01 -8.4810e-01 -8.4810e-01 -8.4597e-01 -9.2306e-01 -9.7468e-01 9.9440e-01 9.9440e-01 1.0000e+00 1.0000e+00 1.0000e+00 9.9719e-01 9.9154e-01 9.9154e-01 9.8871e-01 9.9154e-01 -2.0721e-02 -2.7209e-02 -4.9173e-02 -1.3658e-02 -2.0938e-01 -6.9355e-02 -6.0169e-02 -4.1792e-02
4.2500e-02 -1.4049e-01 -1.3933e-01 -1.4960e-01 4.6502e-02 -5.0403e-01 -4.6233e-01 -4.6593e-01 -3.4652e-01 -3.4652e-01 -3.4467e-01 -4.6353e-01 -3.4560e-01 -3.3913e-01 -3.2857e-01 -4.9566e-01 -3.7365e-01 -8.4810e-01 -8.4810e-01 -8.4597e-01 -9.2306e-01 -9.7468e-01 9.9440e-01 9.9440e-01 1.0000e+00 1.0000e+00 1.0000e+00 9.9719e-01 9.9154e-01 9.9154e-01 9.8871e-01 9.9154e-01 -2.0721e-02 -2.7209e-02 -4.9173e-02 -1.3658e-02 -2.0938e-01 -6.9355e-02 -6.0169e-02 -4.1792e-02
4.2500e-02 -1.4049e-01 -1.3933e-01 -1.4960e-01 4.6502e-02 -5.0403e-01 -4.6233e-01 -4.6593e-01 -3.4652e-01 -3.4652e-01 -3.4467e-01 -4.6353e-01 -3.4560e-01 -3.3913e-01 -3.2857e-01 -4.9566e-01 -3.7365e-01 -8.4810e-01 -8.4810e-01 -8.4597e-01 -9.2306e-01 -9.7468e-01 9.9440e-01 9.9440e-01 1.0000e+00 1.0000e+00 1.0000e+00 9.9719e-01 9.9154e-01 9.9154e-01 9.8871e-01 9.9154e-01 -2.0721e-02 -2.7209e-02 -4.9173e-02 -1.3658e-02 -2.0938e-01 -6.9355e-02 -6.0169e-02 -4.1792e-02
4.2165e-02 -1.4116e-01 -1.4000e-01 -1.5030e-01 4.7378e-02 -5.0109e-01 -4.5952e-01 -4.6312e-01 -3.4290e-01 -3.4290e-01 -3.4103e-01 -4.6072e-01 -3.4197e-01 -3.3546e-01 -3.2502e-01 -4.9276e-01 -3.6993e-01 -8.4534e-01 -8.4534e-01 -8.4321e-01 -9.2041e-01 -9.7190e-01 9.9159e-01 9.9159e-01 9.9719e-01 9.9719e-01 9.9719e-01 1.0000e+00 9.8876e-01 9.8876e-01 9.8592e-01 9.8876e-01 -2.2921e-02 -2.9426e-02 -5.1329e-02 -1.5671e-02 -2.1044e-01 -6.5912e-02 -6.1262e-02 -4.2979e-02
4.3514e-02 -1.3845e-01 -1.3730e-01 -1.4751e-01 4.3862e-02 -4.9858e-01 -4.7085e-01 -4.7442e-01 -3.4269e-01 -3.4269e-01 -3.4085e-01 -4.7204e-01 -3.4177e-01 -3.3535e-01 -3.3931e-01 -5.0443e-01 -3.7004e-01 -8.4058e-01 -8.4058e-01 -8.3847e-01 -9.3112e-01 -9.6614e-01 9.8599e-01 9.8599e-01 9.9154e-01 9.9154e-01 9.9154e-01 9.8876e-01 1.0000e+00 1.0000e+00 9.9716e-01 1.0000e+00 -2.3612e-02 -3.0043e-02 -5.2196e-02 -1.7203e-02 -2.1711e-01 -6.9667e-02 -5.6872e-02 -3.8212e-02
4.3514e-02 -1.3845e-01 -1.3730e-01 -1.4751e-01 4.3862e-02 -4.9858e-01 -4.7085e-01 -4.7442e-01 -3.4269e-01 -3.4269e-01 -3.4085e-01 -4.7204e-01 -3.4177e-01 -3.3535e-01 -3.3931e-01 -5.0443e-01 -3.7004e-01 -8.4058e-01 -8.4058e-01 -8.3847e-01 -9.3112e-01 -9.6614e-01 9.8599e-01 9.8599e-01 9.9154e-01 9.9154e-01 9.9154e-01 9.8876e-01 1.0000e+00 1.0000e+00 9.9716e-01 1.0000e+00 -2.3612e-02 -3.0043e-02 -5.2196e-02 -1.7203e-02 -2.1711e-01 -6.9667e-02 -5.6872e-02 -3.8212e-02
4.3174e-02 -1.3913e-01 -1.3798e-01 -1.4120e-01 4.4744e-02 -4.9563e-01 -4.6800e-01 -4.7158e-01 -3.3905e-01 -3.3905e-01 -3.3720e-01 -4.6919e-01 -3.3812e-01 -3.3167e-01 -3.3572e-01 -5.0150e-01 -3.6630e-01 -8.3780e-01 -8.3780e-01 -8.3569e-01 -9.2842e-01 -9.6334e-01 9.8315e-01 9.8315e-01 9.8871e-01 9.8871e-01 9.8871e-01 9.8592e-01 9.9716e-01 9.9716e-01 1.0000e+00 9.9716e-01 -2.5816e-02 -3.2264e-02 -5.4356e-02 -1.9219e-02 -2.1816e-01 -6.6206e-02 -5.2047e-02 -3.3665e-02
4.3514e-02 -1.3845e-01 -1.3730e-01 -1.4751e-01 4.3862e-02 -4.9858e-01 -4.7085e-01 -4.7442e-01 -3.4269e-01 -3.4269e-01 -3.4085e-01 -4.7204e-01 -3.4177e-01 -3.3535e-01 -3.3931e-01 -5.0443e-01 -3.7004e-01 -8.4058e-01 -8.4058e-01 -8.3847e-01 -9.3112e-01 -9.6614e-01 9.8599e-01 9.8599e-01 9.9154e-01 9.9154e-01 9.9154e-01 9.8876e-01 1.0000e+00 1.0000e+00 9.9716e-01 1.0000e+00 -2.3612e-02 -3.0043e-02 -5.2196e-02 -1.7203e-02 -2.1711e-01 -6.9667e-02 -5.6872e-02 -3.8212e-02
-1.9841e-02 9.1177e-02 8.8288e-02 8.4273e-02 1.9328e-01 1.8499e-01 1.6893e-01 1.7943e-01 2.2163e-01 2.2163e-01 2.2164e-01 1.7911e-01 2.2370e-01 2.1341e-01 2.1955e-01 1.8773e-01 2.3831e-01 -4.2611e-02 -4.2611e-02 -4.0476e-02 1.5378e-02 2.7655e-02 -2.0386e-02 -2.0386e-02 -2.0721e-02 -2.0721e-02 -2.0721e-02 -2.2921e-02 -2.3612e-02 -2.3612e-02 -2.5816e-02 -2.3612e-02 1.0000e+00 9.8412e-01 9.7207e-01 8.7136e-01 4.4064e-01 -2.6660e-02 -2.5735e-02 -2.2441e-02
-2.1195e-02 8.6623e-02 8.3756e-02 7.9560e-02 1.7487e-01 1.9181e-01 1.7548e-01 1.8590e-01 2.0826e-01 2.0826e-01 2.0830e-01 1.8563e-01 2.1034e-01 2.0018e-01 2.0606e-01 1.9445e-01 2.2506e-01 -3.9586e-02 -3.9586e-02 -3.7429e-02 1.6845e-02 2.9426e-02 -2.6911e-02 -2.6911e-02 -2.7209e-02 -2.7209e-02 -2.7209e-02 -2.9426e-02 -3.0043e-02 -3.0043e-02 -3.2264e-02 -3.0043e-02 9.8412e-01 1.0000e+00 9.8811e-01 8.8873e-01 4.5624e-01 -2.2441e-02 -3.1704e-02 -2.8744e-02
-1.9841e-02 9.1177e-02 8.8288e-02 8.4273e-02 1.7020e-01 2.0498e-01 1.8898e-01 1.9949e-01 2.1750e-01 2.1750e-01 2.1751e-01 1.9916e-01 2.1957e-01 2.0926e-01 2.1544e-01 2.0774e-01 2.3416e-01 -2.0419e-02 -2.0419e-02 -1.8307e-02 3.9506e-02 5.1329e-02 -4.8751e-02 -4.8751e-02 -4.9173e-02 -4.9173e-02 -4.9173e-02 -5.1329e-02 -5.2196e-02 -5.2196e-02 -5.4356e-02 -5.2196e-02 9.7207e-01 9.8811e-01 1.0000e+00 8.9956e-01 4.6350e-01 -2.2438e-02 -3.5677e-02 -3.2076e-02
-2.7251e-02 9.6416e-02 9.3235e-02 9.1503e-02 1.6394e-01 2.5544e-01 2.4182e-01 2.5302e-01 2.4010e-01 2.4010e-01 2.3975e-01 2.5229e-01 2.4201e-01 2.3454e-01 2.3927e-01 2.6728e-01 2.5967e-01 8.3129e-02 8.3129e-02 8.4943e-02 1.0587e-02 2.0452e-02 -1.2905e-02 -1.2905e-02 -1.3658e-02 -1.3658e-02 -1.3658e-02 -1.5671e-02 -1.7203e-02 -1.7203e-02 -1.9219e-02 -1.7203e-02 8.7136e-01 8.8873e-01 8.9956e-01 1.0000e+00 5.2661e-01 -1.6840e-02 -2.4795e-02 -3.6958e-02
-4.6641e-02 1.4661e-01 1.4888e-01 1.6949e-01 2.8913e-02 1.6405e-01 1.5847e-01 1.7346e-01 3.2110e-01 3.2110e-01 3.1914e-01 1.7112e-01 3.2248e-01 3.1326e-01 3.2561e-01 1.9047e-01 3.3704e-01 2.2130e-01 2.2130e-01 2.2235e-01 1.9759e-01 2.0502e-01 -2.0609e-01 -2.0609e-01 -2.0938e-01 -2.0938e-01 -2.0938e-01 -2.1044e-01 -2.1711e-01 -2.1711e-01 -2.1816e-01 -2.1711e-01 4.4064e-01 4.5624e-01 4.6350e-01 5.2661e-01 1.0000e+00 -3.1467e-02 -3.0784e-02 -4.9602e-02
-6.3812e-03 -1.1178e-02 -9.0752e-03 -2.6226e-03 -1.5724e-02 3.9370e-02 2.5295e-02 2.5305e-02 -2.4383e-02 -2.4383e-02 -2.5863e-02 2.3884e-02 -2.2936e-02 -8.3723e-03 -3.8823e-02 2.3863e-02 -2.1546e-02 6.5074e-02 6.5074e-02 6.6571e-02 6.7135e-02 7.0923e-02 -6.7483e-02 -6.7483e-02 -6.9355e-02 -6.9355e-02 -6.9355e-02 -6.5912e-02 -6.9667e-02 -6.9667e-02 -6.6206e-02 -6.9667e-02 -2.6660e-02 -2.2441e-02 -2.2438e-02 -1.6840e-02 -3.1467e-02 1.0000e+00 6.1311e-01 6.1961e-01
8.5612e-03 -8.2701e-03 -6.7830e-03 9.4814e-03 -1.5025e-02 -1.9106e-02 -3.2194e-02 -3.0229e-02 -4.7828e-02 -4.7828e-02 -4.5813e-02 -2.8209e-02 -4.1672e-02 -2.9407e-02 -4.4597e-02 -1.4157e-02 -2.9407e-02 4.6587e-02 4.6587e-02 4.7646e-02 4.7948e-02 6.7162e-02 -6.2352e-02 -6.2352e-02 -6.0169e-02 -6.0169e-02 -6.0169e-02 -6.1262e-02 -5.6872e-02 -5.6872e-02 -5.2047e-02 -5.6872e-02 -2.5735e-02 -3.1704e-02 -3.5677e-02 -2.4795e-02 -3.0784e-02 6.1311e-01 1.0000e+00 9.1141e-01
3.3442e-03 4.8407e-03 6.4572e-03 1.3593e-02 -1.1167e-02 -3.0044e-03 -1.6774e-02 -1.0276e-02 -1.9522e-02 -1.9522e-02 -1.7361e-02 -8.1532e-03 -1.3452e-02 -5.8372e-03 -3.6988e-02 -1.7956e-02 -2.0869e-02 2.9218e-02 2.9218e-02 3.0357e-02 2.8511e-02 4.8697e-02 -4.4163e-02 -4.4163e-02 -4.1792e-02 -4.1792e-02 -4.1792e-02 -4.2979e-02 -3.8212e-02 -3.8212e-02 -3.3665e-02 -3.8212e-02 -2.2441e-02 -2.8744e-02 -3.2076e-02 -3.6958e-02 -4.9602e-02 6.1961e-01 9.1141e-01 1.0000e+00
