1.0000e+00 5.4716e-01 -1.4469e-02 -2.6407e-02 -4.0944e-02 -1.5026e-02 7.1362e-02 -7.8816e-03 3.6675e-03 6.8380e-02 -1.2383e-02 -3.3460e-03 -6.3038e-02 -6.5796e-02 -1.4469e-02 5.5607e-02 1.7593e-02 1.9955e-02 4.0956e-02 3.7335e-02 4.1365e-02 1.2077e-02 4.3122e-03 5.6538e-02 1.8237e-02
5.4716e-01 1.0000e+00 -8.2251e-02 -3.8476e-02 -5.1322e-02 -3.1329e-02 8.8848e-02 -3.4671e-02 5.7456e-02 6.8414e-02 -4.3683e-02 3.5388e-02 1.3431e-02 -3.3541e-02 -2.6904e-02 3.4326e-02 3.5475e-02 5.7786e-02 3.5005e-02 2.6375e-02 3.0853e-02 -1.7082e-02 -4.7321e-03 9.9511e-03 -2.8537e-02
-1.4469e-02 -8.2251e-02 1.0000e+00 1.1848e-01 -1.3387e-02 -1.2170e-02 -6.5509e-02 1.9674e-02 -1.9364e-02 -2.4113e-02 -1.6324e-02 4.7364e-02 -6.3570e-02 1.1217e-02 -2.2358e-02 -4.4879e-02 -1.3280e-02 -7.0368e-03 8.4330e-03 -3.1489e-03 -1.3739e-04 3.5536e-03 1.0620e-02 1.3949e-02 -1.3387e-02
-2.6407e-02 -3.8476e-02 1.1848e-01 1.0000e+00 7.0942e-02 1.9346e-01 -1.1956e-01 4.6763e-02 -1.4063e-01 7.1897e-03 8.5548e-02 1.1851e-01 2.4930e-02 -9.7492e-03 -3.5116e-02 7.6382e-03 -4.2354e-03 -9.3425e-04 -9.7317e-03 3.1428e-03 -4.0455e-04 3.9383e-02 8.3423e-03 6.3036e-02 2.4958e-02
-4.0944e-02 -5.1322e-02 -1.3387e-02 7.0942e-02 1.0000e+00 -2.3724e-02 -3.9225e-02 -2.7630e-02 -3.5399e-02 1.3387e-02 4.2641e-02 5.5602e-02 -6.9826e-03 -2.4858e-02 -1.3387e-02 -1.1542e-02 -4.3967e-02 -3.2965e-02 7.2019e-03 1.4608e-02 1.6469e-02 3.8147e-02 -1.6488e-02 -3.5411e-02 1.1799e-01
-1.5026e-02 -3.1329e-02 -1.2170e-02 1.9346e-01 -2.3724e-02 1.0000e+00 -5.0553e-02 -3.8320e-02 -4.6057e-02 -1.5281e-02 5.3806e-02 6.6019e-02 9.9975e-03 4.3040e-03 -3.9621e-02 -1.9037e-02 -6.8143e-03 -1.2470e-02 -5.3006e-02 -2.1852e-02 -4.9229e-02 4.6908e-02 6.3900e-02 3.3355e-02 -2.3724e-02
7.1362e-02 8.8848e-02 -6.5509e-02 -1.1956e-01 -3.9225e-02 -5.0553e-02 1.0000e+00 -2.4766e-01 2.2225e-01 4.7018e-02 -1.7449e-01 -1.8049e-01 5.4084e-02 -6.9184e-02 4.5437e-02 -8.7044e-02 8.6989e-03 1.0647e-02 -2.0543e-02 2.2161e-02 2.5595e-02 6.0149e-02 5.5963e-02 -4.6023e-03 2.1671e-02
-7.8816e-03 -3.4671e-02 1.9674e-02 4.6763e-02 -2.7630e-02 -3.8320e-02 -2.4766e-01 1.0000e+00 -1.3526e-01 -5.0647e-02 1.1343e-01 -3.9184e-04 6.2229e-02 -1.0326e-01 -5.7759e-02 8.5608e-02 5.4055e-02 4.4392e-02 6.0912e-02 3.7157e-02 4.0071e-02 -3.0676e-02 -2.0275e-02 2.8347e-02 -2.7630e-02
3.6675e-03 5.7456e-02 -1.9364e-02 -1.4063e-01 -3.5399e-02 -4.6057e-02 2.2225e-01 -1.3526e-01 1.0000e+00 5.9119e-02 -7.9271e-01 -3.7069e-01 -8.7353e-02 -5.3385e-02 4.0269e-02 -1.0729e-01 -4.4529e-04 -3.4078e-02 -9.1205e-02 -5.9205e-02 -5.1421e-02 9.4943e-02 9.0400e-02 6.8717e-02 -2.6679e-03
6.8380e-02 6.8414e-02 -2.4113e-02 7.1897e-03 1.3387e-02 -1.5281e-02 4.7018e-02 -5.0647e-02 5.9119e-02 1.0000e+00 3.1395e-01 2.4077e-01 4.4694e-02 4.1515e-02 2.2358e-02 8.8770e-02 4.1585e-02 4.8194e-02 3.4704e-02 4.4468e-02 4.1601e-02 3.0821e-02 2.7537e-02 4.4522e-02 1.3387e-02
-1.2383e-02 -4.3683e-02 -1.6324e-02 8.5548e-02 4.2641e-02 5.3806e-02 -1.7449e-01 1.1343e-01 -7.9271e-01 3.1395e-01 1.0000e+00 4.5838e-01 1.1715e-01 2.2967e-02 -5.1339e-02 1.2892e-01 4.3269e-02 7.4569e-02 1.2285e-01 9.8712e-02 8.9431e-02 -7.0184e-02 -7.0420e-02 -3.1915e-02 1.3813e-02
-3.3460e-03 3.5388e-02 4.7364e-02 1.1851e-01 5.5602e-02 6.6019e-02 -1.8049e-01 -3.9184e-04 -3.7069e-01 2.4077e-01 4.5838e-01 1.0000e+00 1.7163e-01 4.3363e-02 -2.8461e-02 8.0062e-02 9.7143e-02 7.1961e-02 1.1897e-01 7.8454e-02 6.6175e-02 -4.0254e-02 -4.7506e-02 -5.9671e-02 5.6595e-03
-6.3038e-02 1.3431e-02 -6.3570e-02 2.4930e-02 -6.9826e-03 9.9975e-03 5.4084e-02 6.2229e-02 -8.7353e-02 4.4694e-02 1.1715e-01 1.7163e-01 1.0000e+00 -9.6622e-02 -6.3570e-02 1.2793e-01 2.2667e-01 2.0289e-01 2.4008e-01 1.9804e-01 2.0733e-01 -3.1783e-02 -3.1799e-02 -1.8003e-01 2.4099e-02
-6.5796e-02 -3.3541e-02 1.1217e-02 -9.7492e-03 -2.4858e-02 4.3040e-03 -6.9184e-02 -1.0326e-01 -5.3385e-02 4.1515e-02 2.2967e-02 4.3363e-02 -9.6622e-02 1.0000e+00 -4.1515e-02 -1.2710e-01 -3.1959e-02 -7.8876e-02 -1.1636e-01 -7.9729e-02 -7.4396e-02 -1.8224e-02 -2.9483e-02 -1.8583e-02 -2.4858e-02
-1.4469e-02 -2.6904e-02 -2.2358e-02 -3.5116e-02 -1.3387e-02 -3.9621e-02 4.5437e-02 -5.7759e-02 4.0269e-02 2.2358e-02 -5.1339e-02 -2.8461e-02 -6.3570e-02 -4.1515e-02 1.0000e+00 1.0142e-01 -4.1585e-02 -3.4475e-02 -4.9083e-02 -5.8241e-02 -5.5422e-02 3.5536e-03 -2.7537e-02 -6.6841e-04 6.3133e-02
5.5607e-02 3.4326e-02 -4.4879e-02 7.6382e-03 -1.1542e-02 -1.9037e-02 -8.7044e-02 8.5608e-02 -1.0729e-01 8.8770e-02 1.2892e-01 8.0062e-02 1.2793e-01 -1.2710e-01 1.0142e-01 1.0000e+00 3.3142e-01 3.1561e-01 2.4364e-01 2.5139e-01 2.7337e-01 6.4060e-02 7.6865e-02 -9.2983e-02 -3.5633e-02
1.7593e-02 3.5475e-02 -1.3280e-02 -4.2354e-03 -4.3967e-02 -6.8143e-03 8.6989e-03 5.4055e-02 -4.4529e-04 4.1585e-02 4.3269e-02 9.7143e-02 2.2667e-01 -3.1959e-02 -4.1585e-02 3.3142e-01 1.0000e+00 7.0625e-01 5.4596e-01 6.3642e-01 6.5384e-01 1.5918e-01 1.9862e-01 -1.7030e-01 -6.7271e-02
1.9955e-02 5.7786e-02 -7.0368e-03 -9.3425e-04 -3.2965e-02 -1.2470e-02 1.0647e-02 4.4392e-02 -3.4078e-02 4.8194e-02 7.4569e-02 7.1961e-02 2.0289e-01 -7.8876e-02 -3.4475e-02 3.1561e-01 7.0625e-01 1.0000e+00 7.9981e-01 8.6820e-01 8.8889e-01 1.7527e-01 2.1100e-01 -8.4130e-02 -7.8146e-02
4.0956e-02 3.5005e-02 8.4330e-03 -9.7317e-03 7.2019e-03 -5.3006e-02 -2.0543e-02 6.0912e-02 -9.1205e-02 3.4704e-02 1.2285e-01 1.1897e-01 2.4008e-01 -1.1636e-01 -4.9083e-02 2.4364e-01 5.4596e-01 7.9981e-01 1.0000e+00 8.3014e-01 8.4746e-01 -1.4695e-01 -1.3129e-01 -2.1639e-01 -6.3829e-02
3.7335e-02 2.6375e-02 -3.1489e-03 3.1428e-03 1.4608e-02 -2.1852e-02 2.2161e-02 3.7157e-02 -5.9205e-02 4.4468e-02 9.8712e-02 7.8454e-02 1.9804e-01 -7.9729e-02 -5.8241e-02 2.5139e-01 6.3642e-01 8.6820e-01 8.3014e-01 1.0000e+00 9.7973e-01 2.3229e-01 2.1665e-01 -1.1526e-01 5.9967e-02
4.1365e-02 3.0853e-02 -1.3739e-04 -4.0455e-04 1.6469e-02 -4.9229e-02 2.5595e-02 4.0071e-02 -5.1421e-02 4.1601e-02 8.9431e-02 6.6175e-02 2.0733e-01 -7.4396e-02 -5.5422e-02 2.7337e-01 6.5384e-01 8.8889e-01 8.4746e-01 9.7973e-01 1.0000e+00 2.3728e-01 2.2113e-01 -1.2941e-01 6.1987e-02
1.2077e-02 -1.7082e-02 3.5536e-03 3.9383e-02 3.8147e-02 4.6908e-02 6.0149e-02 -3.0676e-02 9.4943e-02 3.0821e-02 -7.0184e-02 -4.0254e-02 -3.1783e-02 -1.8224e-02 3.5536e-03 6.4060e-02 1.5918e-01 1.7527e-01 -1.4695e-01 2.3229e-01 2.3728e-01 1.0000e+00 8.9345e-01 1.4014e-01 3.2116e-01
4.3122e-03 -4.7321e-03 1.0620e-02 8.3423e-03 -1.6488e-02 6.3900e-02 5.5963e-02 -2.0275e-02 9.0400e-02 2.7537e-02 -7.0420e-02 -4.7506e-02 -3.1799e-02 -2.9483e-02 -2.7537e-02 7.6865e-02 1.9862e-01 2.1100e-01 -1.3129e-01 2.1665e-01 2.2113e-01 8.9345e-01 1.0000e+00 1.2520e-01 -1.6488e-02
5.6538e-02 9.9511e-03 1.3949e-02 6.3036e-02 -3.5411e-02 3.3355e-02 -4.6023e-03 2.8347e-02 6.8717e-02 4.4522e-02 -3.1915e-02 -5.9671e-02 -1.8003e-01 -1.8583e-02 -6.6841e-04 -9.2983e-02 -1.7030e-01 -8.4130e-02 -2.1639e-01 -1.1526e-01 -1.2941e-01 1.4014e-01 1.2520e-01 1.0000e+00 6.0869e-02
1.8237e-02 -2.8537e-02 -1.3387e-02 2.4958e-02 1.1799e-01 -2.3724e-02 2.1671e-02 -2.7630e-02 -2.6679e-03 1.3387e-02 1.3813e-02 5.6595e-03 2.4099e-02 -2.4858e-02 6.3133e-02 -3.5633e-02 -6.7271e-02 -7.8146e-02 -6.3829e-02 5.9967e-02 6.1987e-02 3.2116e-01 -1.6488e-02 6.0869e-02 1.0000e+00
