1.0000e+00 -6.4673e-02 -4.5042e-02 -3.1419e-02 6.7387e-02 1.2889e-02 -1.2651e-02 -3.2803e-02 -3.3839e-02 -7.4102e-02 2.4178e-02 4.3766e-02 -1.1682e-02 -1.8020e-03 -1.2056e-02 3.3839e-02 5.0306e-02 -3.1089e-02
-6.4673e-02 1.0000e+00 -1.8103e-01 1.4653e-02 -1.7771e-01 5.9458e-03 -7.7132e-02 2.0358e-02 1.1903e-02 1.7464e-01 -1.1250e-01 -5.7115e-02 -7.0734e-02 -6.8811e-03 -6.2773e-02 -4.9122e-02 -3.7927e-02 1.1744e-02
-4.5042e-02 -1.8103e-01 1.0000e+00 -8.1022e-02 -1.2549e-01 -3.7099e-02 -7.5707e-02 -4.6993e-02 4.5157e-02 -9.9745e-02 -2.8532e-02 7.3389e-02 -2.4041e-02 -2.9218e-02 -3.0915e-02 2.9913e-03 3.9437e-02 6.0752e-02
-3.1419e-02 1.4653e-02 -8.1022e-02 1.0000e+00 3.9582e-02 1.9962e-02 -7.2248e-02 -5.8805e-02 1.9274e-02 6.6150e-03 1.5352e-02 2.0117e-02 1.2936e-02 -1.1499e-01 1.8405e-02 2.4298e-02 4.3322e-02 3.0694e-02
6.7387e-02 -1.7771e-01 -1.2549e-01 3.9582e-02 1.0000e+00 -1.4327e-01 6.8384e-02 -8.1438e-02 -1.4603e-01 -2.2751e-02 -8.9554e-03 1.2923e-02 6.0688e-02 -4.2154e-02 -1.5773e-03 1.4099e-02 2.9511e-02 4.1017e-02
1.2889e-02 5.9458e-03 -3.7099e-02 1.9962e-02 -1.4327e-01 1.0000e+00 -7.1521e-02 -4.5658e-02 -3.0306e-02 -1.3370e-01 -2.7721e-02 8.1917e-02 -2.3358e-02 -2.8388e-02 1.1824e-02 3.0306e-02 -1.6625e-02 -3.5259e-02
-1.2651e-02 -7.7132e-02 -7.5707e-02 -7.2248e-02 6.8384e-02 -7.1521e-02 1.0000e+00 4.1820e-01 -3.1798e-01 -2.9391e-01 2.2173e-01 4.2354e-01 -5.1769e-02 -2.3075e-02 -2.9489e-02 -3.8522e-02 -3.4496e-02 -2.2508e-02
-3.2803e-02 2.0358e-02 -4.6993e-02 -5.8805e-02 -8.1438e-02 -4.5658e-02 4.1820e-01 1.0000e+00 5.5574e-02 -1.9212e-01 -3.5114e-02 9.2458e-02 6.4912e-03 -6.0625e-03 -3.2108e-02 -3.5643e-02 -3.7019e-02 2.7322e-02
-3.3839e-02 1.1903e-02 4.5157e-02 1.9274e-02 -1.4603e-01 -3.0306e-02 -3.1798e-01 5.5574e-02 1.0000e+00 1.7794e-01 3.3742e-02 -2.8098e-01 2.8431e-02 3.5724e-03 7.4325e-02 3.2748e-02 1.8030e-02 3.3773e-02
-7.4102e-02 1.7464e-01 -9.9745e-02 6.6150e-03 -2.2751e-02 -1.3370e-01 -2.9391e-01 -1.9212e-01 1.7794e-01 1.0000e+00 -1.7037e-01 -4.0735e-01 -9.3756e-02 4.3481e-03 -1.7925e-02 -8.6235e-02 2.1847e-02 -1.1567e-02
2.4178e-02 -1.1250e-01 -2.8532e-02 1.5352e-02 -8.9554e-03 -2.7721e-02 2.2173e-01 -3.5114e-02 3.3742e-02 -1.7037e-01 1.0000e+00 -8.7989e-02 -1.7964e-02 -2.1833e-02 1.3615e-01 -2.0479e-03 -2.0682e-02 -1.6778e-02
4.3766e-02 -5.7115e-02 7.3389e-02 2.0117e-02 1.2923e-02 8.1917e-02 4.2354e-01 9.2458e-02 -2.8098e-01 -4.0735e-01 -8.7989e-02 1.0000e+00 -3.7033e-02 -2.8609e-02 -8.3538e-02 -2.6511e-02 -6.9549e-02 -1.7100e-02
-1.1682e-02 -7.0734e-02 -2.4041e-02 1.2936e-02 6.0688e-02 -2.3358e-02 -5.1769e-02 6.4912e-03 2.8431e-02 -9.3756e-02 -1.7964e-02 -3.7033e-02 1.0000e+00 -1.8396e-02 1.8966e-01 8.3732e-02 4.2451e-02 5.5555e-02
-1.8020e-03 -6.8811e-03 -2.9218e-02 -1.1499e-01 -4.2154e-02 -2.8388e-02 -2.3075e-02 -6.0625e-03 3.5724e-03 4.3481e-03 -2.1833e-02 -2.8609e-02 -1.8396e-02 1.0000e+00 -7.2749e-02 5.8391e-02 7.3462e-02 3.2148e-02
-1.2056e-02 -6.2773e-02 -3.0915e-02 1.8405e-02 -1.5773e-03 1.1824e-02 -2.9489e-02 -3.2108e-02 7.4325e-02 -1.7925e-02 1.3615e-01 -8.3538e-02 1.8966e-01 -7.2749e-02 1.0000e+00 4.9879e-02 8.1637e-03 8.0885e-02
3.3839e-02 -4.9122e-02 2.9913e-03 2.4298e-02 1.4099e-02 3.0306e-02 -3.8522e-02 -3.5643e-02 3.2748e-02 -8.6235e-02 -2.0479e-03 -2.6511e-02 8.3732e-02 5.8391e-02 4.9879e-02 1.0000e+00 5.2227e-01 8.4139e-02
5.0306e-02 -3.7927e-02 3.9437e-02 4.3322e-02 2.9511e-02 -1.6625e-02 -3.4496e-02 -3.7019e-02 1.8030e-02 2.1847e-02 -2.0682e-02 -6.9549e-02 4.2451e-02 7.3462e-02 8.1637e-03 5.2227e-01 1.0000e+00 4.7575e-02
-3.1089e-02 1.1744e-02 6.0752e-02 3.0694e-02 4.1017e-02 -3.5259e-02 -2.2508e-02 2.7322e-02 3.3773e-02 -1.1567e-02 -1.6778e-02 -1.7100e-02 5.5555e-02 3.2148e-02 8.0885e-02 8.4139e-02 4.7575e-02 1.0000e+00
