1.0000e+00 -3.2599e-01 -2.6089e-01 -3.2703e-01 7.2750e-01 6.0150e-01 5.9424e-01 -2.5993e-01 5.9787e-01 5.9597e-01 5.9397e-01 2.2144e-01 2.3462e-01 7.0704e-02 1.5966e-01 1.5714e-01 1.5714e-01 1.5714e-01 1.5714e-01 1.5714e-01 1.5714e-01 4.2583e-02 -3.6841e-02 -5.0384e-03 -3.1374e-04 -2.0255e-03 1.5108e-02 3.2037e-02 3.4614e-02 3.3536e-02 3.2460e-02 -4.6922e-02 -4.6922e-02 -4.6922e-02 -1.0749e-02 9.8371e-03 -2.5148e-02 2.5640e-03 1.4803e-01 -4.0237e-02 6.4513e-02 7.8790e-02 8.6979e-02 3.4267e-02 7.2042e-02 7.2042e-02 3.4267e-02 7.2042e-02 5.4189e-02 5.4189e-02 5.4189e-02 1.8482e-02 5.3448e-02 5.2416e-02 7.3683e-02 4.8581e-02 2.7143e-03 -1.4263e-03 -5.0293e-02 8.6979e-02 6.6458e-02 -3.0573e-03 -5.1692e-02 6.4404e-02 4.1808e-02 -5.9419e-02 9.3908e-02 -1.6181e-02 2.0913e-02 5.0939e-02 4.7899e-02 5.4889e-02 8.8266e-03 4.7899e-02 4.4187e-02 3.2136e-02 1.9548e-02 2.2433e-02 5.4658e-02 -2.6989e-02 -1.1161e-02 -1.7885e-02 -2.6389e-02 -2.6389e-02 1.1881e-02 1.1881e-02 2.0752e-02 4.9090e-02 3.4927e-02 -4.7015e-02 -3.4927e-02 4.7959e-02 -3.4927e-02 1.1509e-03 -3.9840e-02 -4.1944e-02 -4.0891e-02 -4.0891e-02 -2.7918e-02 -4.7071e-02 5.3126e-02 5.3126e-02 5.3126e-02 5.3126e-02 5.3126e-02 5.1993e-02 -4.7071e-02 5.3126e-02 -6.2990e-03 -8.0594e-03 -1.4586e-03 -1.4586e-03 -1.4586e-03 -1.6623e-02 -1.6623e-02 -1.5473e-02 -1.5473e-02 -4.0939e-03 -1.5473e-02 -1.5473e-02 -4.0939e-03 -1.5473e-02 -4.0939e-03 -5.1627e-03 -2.4350e-02 1.7820e-02 1.7055e-02 3.9563e-02 -3.5448e-02 -1.8583e-02 -1.6907e-02 -3.9563e-02 -3.3050e-02 -8.6170e-03 5.8711e-04 -8.2007e-04 -6.4841e-03 5.8711e-04 -8.2007e-04 -6.4841e-03 5.8711e-04 -6.4841e-03 5.8711e-04 -3.4465e-03 5.8711e-04 5.8711e-04
-3.2599e-01 1.0000e+00 8.4806e-01 9.9801e-01 -4.8135e-01 -5.9737e-01 -5.9424e-01 8.4231e-01 -5.9581e-01 -5.9286e-01 -5.9464e-01 -9.9779e-02 -1.2243e-01 -8.1563e-02 -1.8131e-02 -1.4693e-02 -1.4693e-02 -1.4693e-02 -1.4693e-02 -1.4693e-02 -1.4693e-02 8.9142e-02 9.9751e-02 5.6588e-02 5.5145e-02 5.2178e-02 1.3528e-02 5.9374e-04 -2.5244e-02 -2.7306e-02 -2.1185e-02 5.6195e-02 5.6195e-02 5.6195e-02 3.8760e-02 3.5984e-02 2.7340e-02 2.2537e-02 -6.8088e-02 5.1211e-02 -1.7541e-02 -6.3356e-02 -3.2319e-02 1.7503e-02 -4.5235e-03 -4.5235e-03 1.7503e-02 -4.5235e-03 -1.3835e-02 -1.3835e-02 -1.3835e-02 -1.2981e-03 -1.7702e-02 -1.9718e-02 -4.3347e-02 -1.7702e-02 2.9243e-02 3.1446e-02 5.1808e-02 -3.2319e-02 -8.4184e-03 2.7589e-02 5.8201e-02 -1.2123e-02 -2.3222e-02 4.9701e-02 -2.7934e-02 4.6788e-02 5.7529e-02 2.6582e-02 6.7070e-02 2.4475e-02 6.2114e-02 6.7070e-02 6.8992e-02 -5.1849e-02 -3.7409e-02 -4.1545e-02 -6.2097e-02 -9.7125e-02 4.5886e-02 -4.6896e-02 -3.9518e-02 -3.9518e-02 -1.4057e-02 -1.4057e-02 -3.9868e-02 -3.7254e-02 -1.2123e-02 -4.2138e-02 1.2123e-02 -3.5144e-02 1.2123e-02 7.5479e-03 1.2123e-02 1.6091e-02 1.4107e-02 1.4107e-02 1.2172e-02 2.7398e-02 -3.5144e-02 -3.5144e-02 -3.5144e-02 -3.5144e-02 -3.5144e-02 -3.7256e-02 2.3317e-02 -3.5144e-02 -4.8001e-03 -7.2856e-03 -2.8538e-03 -2.8538e-03 -2.8538e-03 -1.8891e-03 -1.8891e-03 -3.1081e-03 -3.1081e-03 6.5924e-03 -3.1081e-03 -3.1081e-03 6.5924e-03 -3.1081e-03 6.5924e-03 4.5092e-03 9.7681e-03 -3.5030e-02 -4.1786e-02 -3.6879e-03 1.1577e-02 1.7475e-02 1.4352e-02 3.6879e-03 5.1918e-02 4.9343e-02 8.7866e-03 1.1489e-02 4.5323e-02 8.7866e-03 1.1489e-02 4.5323e-02 8.7866e-03 4.5323e-02 8.7866e-03 -5.6562e-04 8.7866e-03 8.7866e-03
-2.6089e-01 8.4806e-01 1.0000e+00 8.5038e-01 -4.1014e-01 -5.0757e-01 -5.0491e-01 9.9391e-01 -5.0624e-01 -5.0301e-01 -5.0837e-01 -8.7122e-02 -1.0525e-01 -6.6321e-02 -5.6466e-02 -5.2265e-02 -5.2265e-02 -5.2265e-02 -5.2265e-02 -5.2265e-02 -5.2265e-02 6.2083e-02 7.4052e-02 -9.5128e-03 -1.5632e-03 -1.3176e-02 -1.0610e-02 -2.0832e-02 -1.9482e-02 -2.1240e-02 -1.8862e-02 1.9877e-02 1.9877e-02 2.4514e-02 1.3710e-02 2.5408e-02 1.2385e-02 6.5098e-03 -3.3659e-02 2.5726e-02 -1.7822e-03 -3.5459e-02 5.9355e-04 1.6834e-02 2.6432e-03 2.6432e-03 1.6834e-02 2.6432e-03 5.1533e-03 5.1533e-03 5.1533e-03 1.0807e-02 -3.1961e-05 -1.7498e-03 -8.5289e-03 -3.1961e-05 2.5088e-02 2.6965e-02 2.8554e-02 5.9355e-04 -2.5732e-03 2.4622e-02 6.5717e-02 -2.0568e-03 -2.9835e-03 3.3440e-02 -3.7743e-03 5.2799e-02 6.0748e-02 2.3795e-02 6.0582e-02 2.1999e-02 5.5942e-02 6.0582e-02 5.9056e-02 -6.9425e-02 -5.7219e-02 -5.6550e-02 -7.7416e-02 -9.3780e-02 4.9623e-02 -4.8679e-02 -4.2443e-02 -4.2443e-02 -3.2702e-02 -3.2702e-02 -4.5997e-02 -3.5594e-02 -2.2342e-02 -4.6077e-02 2.2342e-02 -3.7391e-02 2.2342e-02 2.0853e-02 2.2342e-02 2.7003e-02 2.8730e-02 2.8730e-02 2.5796e-02 4.0003e-02 -4.1658e-02 -4.1658e-02 -4.1658e-02 -4.1658e-02 -4.1658e-02 -4.3449e-02 3.1755e-02 -4.1658e-02 -4.6735e-03 -3.4343e-03 -1.0094e-03 -1.0094e-03 -1.0094e-03 4.1774e-03 4.1774e-03 -2.8167e-03 -2.8167e-03 -5.7861e-04 -2.8167e-03 -2.8167e-03 -5.7861e-04 -2.8167e-03 -5.7861e-04 -6.5171e-03 3.8824e-03 -3.7549e-02 -4.3596e-02 -1.7102e-03 6.0438e-03 3.6646e-03 6.3300e-03 1.7102e-03 5.4161e-02 4.6463e-02 -1.7444e-02 -1.4342e-02 4.1732e-02 -1.7444e-02 -1.9836e-02 4.1732e-02 -1.7444e-02 4.1732e-02 -1.7444e-02 -2.0566e-02 -1.7444e-02 -1.7444e-02
-3.2703e-01 9.9801e-01 8.5038e-01 1.0000e+00 -4.8231e-01 -5.9858e-01 -5.9544e-01 8.4464e-01 -5.9701e-01 -5.9406e-01 -5.9586e-01 -1.0039e-01 -1.2308e-01 -8.1764e-02 -1.8770e-02 -1.5336e-02 -1.5336e-02 -1.5336e-02 -1.5336e-02 -1.5336e-02 -1.5336e-02 8.7104e-02 9.8346e-02 5.5229e-02 5.3814e-02 5.0812e-02 1.2136e-02 -8.2374e-04 -2.2709e-02 -2.4777e-02 -1.8661e-02 5.5047e-02 5.5047e-02 5.5047e-02 3.7560e-02 3.2333e-02 3.0607e-02 2.1034e-02 -6.9037e-02 5.0051e-02 -1.9479e-02 -6.4293e-02 -3.2834e-02 1.6093e-02 -6.3124e-03 -6.3124e-03 1.6093e-02 -6.3124e-03 -1.5812e-02 -1.5812e-02 -1.5812e-02 -3.1900e-03 -1.9664e-02 -2.1683e-02 -4.3883e-02 -1.9664e-02 2.7905e-02 3.0111e-02 5.0666e-02 -3.2834e-02 -1.0193e-02 2.6278e-02 5.7539e-02 -1.3856e-02 -2.5118e-02 5.2561e-02 -2.8787e-02 4.7780e-02 5.6283e-02 2.5072e-02 6.5907e-02 2.2962e-02 6.0721e-02 6.5907e-02 6.7820e-02 -5.3387e-02 -3.8924e-02 -4.3067e-02 -6.3658e-02 -9.7380e-02 4.7520e-02 -4.2880e-02 -3.5464e-02 -3.5464e-02 -1.6065e-02 -1.6065e-02 -4.1518e-02 -3.8653e-02 -1.3856e-02 -3.8831e-02 1.3856e-02 -3.6547e-02 1.3856e-02 9.2041e-03 1.3856e-02 1.7816e-02 1.5835e-02 1.5835e-02 1.3912e-02 2.8980e-02 -3.6547e-02 -3.6547e-02 -3.6547e-02 -3.6547e-02 -3.6547e-02 -3.8662e-02 2.4900e-02 -3.6547e-02 -3.3828e-03 -5.9029e-03 -1.4521e-03 -1.4521e-03 -1.4521e-03 -6.0228e-04 -6.0228e-04 -1.7314e-03 -1.7314e-03 8.1222e-03 -1.7314e-03 -1.7314e-03 8.1222e-03 -1.7314e-03 8.1222e-03 6.0356e-03 1.1164e-02 -3.3386e-02 -4.0192e-02 -4.2149e-03 1.2130e-02 1.8193e-02 1.5074e-02 4.2149e-03 5.0320e-02 4.7837e-02 9.6548e-03 1.2354e-02 4.3824e-02 9.6548e-03 1.2354e-02 4.3824e-02 9.6548e-03 4.3824e-02 9.6548e-03 2.0033e-04 9.6548e-03 9.6548e-03
7.2750e-01 -4.8135e-01 -4.1014e-01 -4.8231e-01 1.0000e+00 7.9378e-01 7.8619e-01 -4.0412e-01 7.8999e-01 7.8796e-01 7.7993e-01 2.7388e-01 2.7959e-01 5.5895e-02 1.6498e-01 1.6259e-01 1.6259e-01 1.6259e-01 1.6259e-01 1.6259e-01 1.6259e-01 4.6763e-02 -2.6056e-02 -1.6963e-04 -7.6317e-03 3.3051e-03 3.3477e-02 5.2434e-02 -2.2850e-03 -3.2552e-03 -4.2244e-03 -2.5712e-02 -2.5712e-02 -2.5712e-02 3.0831e-03 1.8099e-03 2.8771e-02 -3.3634e-02 9.1181e-02 -1.8130e-02 4.5641e-02 3.5382e-03 1.2088e-01 6.5383e-02 4.7717e-02 4.7717e-02 6.5383e-02 4.7717e-02 3.6189e-02 3.6189e-02 3.6189e-02 1.0777e-02 3.9967e-02 3.9022e-02 1.0727e-01 3.4835e-02 4.5721e-02 4.1238e-02 -2.3597e-02 1.2088e-01 4.6394e-02 3.8584e-02 -4.8970e-03 4.2425e-02 2.5244e-02 -5.6479e-02 2.3479e-02 -3.3565e-02 -1.2920e-03 2.3046e-02 4.3453e-03 2.7378e-02 -2.2120e-02 4.3453e-03 1.0953e-03 3.1052e-02 2.2054e-02 2.5391e-02 6.1128e-02 -1.9327e-02 -3.4123e-02 -2.2017e-02 -3.1545e-02 -3.1545e-02 8.1114e-03 8.1114e-03 4.4920e-02 8.0495e-02 3.7244e-02 -6.4506e-02 -3.7244e-02 7.9432e-02 -3.7244e-02 -6.4420e-03 -4.2425e-02 -4.4355e-02 -4.3390e-02 -4.3390e-02 -3.0141e-02 -5.9407e-02 7.9432e-02 7.9432e-02 7.9432e-02 7.9432e-02 7.9432e-02 7.8371e-02 -5.9407e-02 7.9432e-02 7.2793e-03 7.2150e-03 1.3194e-02 1.3194e-02 1.3194e-02 -2.1528e-03 -2.1528e-03 -1.6720e-02 -1.6720e-02 -6.4916e-03 -1.6720e-02 -1.6720e-02 -6.4916e-03 -1.6720e-02 -6.4916e-03 -7.4721e-03 -2.1534e-02 6.3403e-03 7.6500e-03 8.9418e-03 -7.5596e-03 2.6673e-03 4.1292e-03 -8.9418e-03 -2.4376e-02 -1.3273e-02 1.8247e-02 1.7003e-02 -1.1326e-02 1.8247e-02 1.7003e-02 -1.1326e-02 1.8247e-02 -1.1326e-02 1.8247e-02 2.2233e-02 1.8247e-02 1.8247e-02
6.0150e-01 -5.9737e-01 -5.0757e-01 -5.9858e-01 7.9378e-01 1.0000e+00 9.9488e-01 -5.1109e-01 9.9744e-01 9.9488e-01 9.8476e-01 2.1744e-01 2.2514e-01 5.3816e-02 1.2591e-01 1.2328e-01 1.2328e-01 1.2328e-01 1.2328e-01 1.2328e-01 1.2328e-01 -1.7718e-02 -6.4637e-02 -1.2383e-02 -1.5548e-02 -1.0075e-02 4.2304e-02 6.5411e-02 -3.2020e-02 -3.3228e-02 -3.4434e-02 -3.8445e-02 -3.8445e-02 -3.8445e-02 -9.4827e-03 3.1516e-03 -3.3030e-03 -4.8837e-02 6.3966e-02 -4.3704e-02 1.7718e-02 2.9649e-02 6.8967e-02 1.0651e-02 -2.4453e-03 -2.4453e-03 1.0651e-02 -2.4453e-03 1.3101e-03 1.3101e-03 1.3101e-03 -1.7689e-02 1.5525e-03 4.8771e-03 5.4720e-02 1.5525e-03 -8.3462e-03 -1.1944e-02 -5.1462e-02 6.8967e-02 -2.2036e-03 -1.1503e-02 -3.4582e-02 -1.4765e-03 -8.0398e-04 -3.5632e-02 5.6519e-03 -5.8331e-02 -3.4147e-02 2.8875e-04 -2.4313e-02 3.7377e-03 -3.5779e-02 -2.4313e-02 -2.8295e-02 5.1096e-02 3.6516e-02 3.8687e-02 7.4873e-02 -2.1911e-02 -1.9856e-02 2.1812e-02 1.5032e-02 1.5032e-02 -1.7229e-02 -1.7229e-02 9.1759e-03 3.0122e-02 3.0799e-03 -1.1923e-02 -3.0799e-03 2.8837e-02 -3.0799e-03 2.0783e-02 -7.6363e-03 -1.0042e-02 -8.8390e-03 -8.8390e-03 -6.7901e-04 -1.9761e-02 2.4045e-02 2.4045e-02 2.4045e-02 2.4045e-02 2.4045e-02 2.2766e-02 -1.5129e-02 2.4045e-02 6.2027e-03 1.6376e-02 1.9082e-02 1.9082e-02 1.9082e-02 1.6007e-02 1.6007e-02 9.0395e-03 9.0395e-03 7.0925e-03 9.0395e-03 9.0395e-03 7.0925e-03 9.0395e-03 7.0925e-03 5.8656e-03 6.9841e-03 2.1770e-02 2.2133e-02 4.2057e-02 -4.4068e-02 -3.8460e-02 -3.6462e-02 -4.2057e-02 -3.7203e-02 -2.6604e-02 -1.5938e-02 -1.7604e-02 -2.4162e-02 -1.5938e-02 -1.7604e-02 -2.4162e-02 -1.5938e-02 -2.4162e-02 -1.5938e-02 -1.1810e-02 -1.5938e-02 -1.5938e-02
5.9424e-01 -5.9424e-01 -5.0491e-01 -5.9544e-01 7.8619e-01 9.9488e-01 1.0000e+00 -5.1301e-01 9.9743e-01 9.9488e-01 9.8478e-01 2.1131e-01 2.1951e-01 5.4401e-02 1.2767e-01 1.2504e-01 1.2504e-01 1.2504e-01 1.2504e-01 1.2504e-01 1.2504e-01 -1.7645e-02 -6.6387e-02 -9.3156e-03 -1.2552e-02 -6.9885e-03 4.5576e-02 6.8796e-02 -3.3210e-02 -3.4410e-02 -3.5610e-02 -3.5923e-02 -3.5923e-02 -3.5923e-02 -6.7725e-03 6.9611e-04 -5.5691e-04 -4.5535e-02 6.0450e-02 -4.1167e-02 1.3119e-02 2.5972e-02 6.0968e-02 9.0951e-03 -2.9306e-03 -2.9306e-03 9.0951e-03 -2.9306e-03 -3.2382e-03 -3.2382e-03 -3.2382e-03 -2.2488e-02 -3.0315e-03 3.1034e-04 4.7061e-02 -3.0315e-03 -1.0201e-02 -1.3819e-02 -4.8986e-02 6.0968e-02 -2.7250e-03 -1.3469e-02 -3.3155e-02 -2.1067e-03 -1.0221e-03 -3.7398e-02 1.3543e-03 -6.0727e-02 -3.6419e-02 -9.7108e-04 -2.6910e-02 2.4963e-03 -3.7502e-02 -2.6910e-02 -3.0860e-02 5.4716e-02 4.0048e-02 4.2240e-02 7.8604e-02 -2.1389e-02 -2.3619e-02 2.4105e-02 1.7287e-02 1.7287e-02 -1.2701e-02 -1.2701e-02 1.2951e-02 3.3378e-02 7.0284e-03 -9.2331e-03 -7.0284e-03 3.2097e-02 -7.0284e-03 1.7066e-02 -1.1596e-02 -1.3992e-02 -1.2794e-02 -1.2794e-02 -4.6376e-03 -2.3409e-02 2.7294e-02 2.7294e-02 2.7294e-02 2.7294e-02 2.7294e-02 2.6018e-02 -1.8766e-02 2.7294e-02 2.9924e-03 1.3269e-02 1.5939e-02 1.5939e-02 1.5939e-02 1.3118e-02 1.3118e-02 5.9290e-03 5.9290e-03 3.6293e-03 5.9290e-03 5.9290e-03 3.6293e-03 5.9290e-03 3.6293e-03 2.4069e-03 3.8258e-03 1.8079e-02 1.8556e-02 4.3358e-02 -4.5432e-02 -4.0187e-02 -3.8193e-02 -4.3358e-02 -3.3656e-02 -2.3240e-02 -1.7952e-02 -1.9614e-02 -2.0807e-02 -1.7952e-02 -1.9614e-02 -2.0807e-02 -1.7952e-02 -2.0807e-02 -1.7952e-02 -1.3581e-02 -1.7952e-02 -1.7952e-02
-2.5993e-01 8.4231e-01 9.9391e-01 8.4464e-01 -4.0412e-01 -5.1109e-01 -5.1301e-01 1.0000e+00 -5.1433e-01 -5.1109e-01 -5.1639e-01 -8.6529e-02 -1.0463e-01 -6.6139e-02 -6.2743e-02 -5.8504e-02 -5.8504e-02 -5.8504e-02 -5.8504e-02 -5.8504e-02 -5.8504e-02 5.6121e-02 7.5498e-02 -1.2452e-02 -4.5613e-03 -1.6103e-02 -9.2061e-03 -1.9406e-02 -2.2051e-02 -2.3804e-02 -2.1420e-02 2.1045e-02 2.1045e-02 2.5683e-02 1.4928e-02 2.9107e-02 1.3612e-02 8.0317e-03 -2.7534e-02 2.6908e-02 4.1971e-03 -3.4525e-02 9.4090e-03 2.2524e-02 8.4946e-03 8.4946e-03 2.2524e-02 8.4946e-03 1.1173e-02 1.1173e-02 1.1173e-02 1.6748e-02 5.9705e-03 4.2559e-03 1.5917e-05 5.9705e-03 3.0787e-02 3.2665e-02 2.9719e-02 9.4090e-03 3.2657e-03 3.0328e-02 6.6408e-02 3.7517e-03 2.9563e-03 3.0560e-02 2.6384e-03 5.6849e-02 6.6492e-02 2.9501e-02 6.6386e-02 2.7706e-02 6.1644e-02 6.6386e-02 6.4852e-02 -6.7892e-02 -5.5706e-02 -5.5030e-02 -7.5863e-02 -9.3552e-02 4.7987e-02 -4.7698e-02 -4.1470e-02 -4.1470e-02 -3.8722e-02 -3.8722e-02 -4.4344e-02 -3.4191e-02 -2.8714e-02 -4.4882e-02 2.8714e-02 -3.5985e-02 2.8714e-02 2.7360e-02 2.8714e-02 3.3388e-02 3.5110e-02 3.5110e-02 3.2158e-02 4.2541e-02 -4.0253e-02 -4.0253e-02 -4.0253e-02 -4.0253e-02 -4.0253e-02 -4.2042e-02 3.4290e-02 -4.0253e-02 2.3966e-03 3.7422e-03 6.1093e-03 6.1093e-03 6.1093e-03 7.2841e-03 7.2841e-03 8.5379e-05 8.5379e-05 6.1930e-03 8.5379e-05 8.5379e-05 6.1930e-03 8.5379e-05 6.1930e-03 2.6060e-04 6.7474e-03 -3.5132e-02 -4.1104e-02 -1.1781e-03 5.4875e-03 9.2331e-03 1.1872e-02 1.1781e-03 5.1678e-02 4.3825e-02 -1.2844e-02 -9.7243e-03 3.9081e-02 -1.2844e-02 -1.5220e-02 3.9081e-02 -1.2844e-02 3.9081e-02 -1.2844e-02 -1.5355e-02 -1.2844e-02 -1.2844e-02
5.9787e-01 -5.9581e-01 -5.0624e-01 -5.9701e-01 7.8999e-01 9.9744e-01 9.9743e-01 -5.1433e-01 1.0000e+00 9.9744e-01 9.8732e-01 2.1840e-01 2.2616e-01 5.4108e-02 1.2679e-01 1.2416e-01 1.2416e-01 1.2416e-01 1.2416e-01 1.2416e-01 1.2416e-01 -1.5421e-02 -6.3115e-02 -1.0851e-02 -1.4052e-02 -8.5337e-03 4.3938e-02 6.7101e-02 -3.4941e-02 -3.6144e-02 -3.7346e-02 -3.7185e-02 -3.7185e-02 -3.7185e-02 -8.1292e-03 1.9253e-03 -1.9316e-03 -4.7188e-02 5.9300e-02 -4.2437e-02 1.5421e-02 3.0747e-02 6.0309e-02 7.4803e-03 -4.9597e-03 -4.9597e-03 7.4803e-03 -4.9597e-03 -9.6128e-04 -9.6128e-04 -9.6128e-04 -2.0086e-02 -7.3674e-04 2.5965e-03 4.6395e-02 -7.3674e-04 -1.1710e-02 -1.5320e-02 -5.0225e-02 6.0309e-02 -4.7380e-03 -1.4943e-02 -3.3869e-02 -4.0722e-03 -3.1749e-03 -3.4104e-02 3.8469e-04 -5.9527e-02 -3.7791e-02 -2.6859e-03 -2.8200e-02 7.7361e-04 -3.9042e-02 -2.8200e-02 -3.2157e-02 5.2903e-02 3.8280e-02 4.0462e-02 7.6736e-02 -2.1650e-02 -2.1735e-02 2.2957e-02 1.6158e-02 1.6158e-02 -1.4968e-02 -1.4968e-02 1.1061e-02 3.1748e-02 5.0517e-03 -1.0580e-02 -5.0517e-03 3.0465e-02 -5.0517e-03 1.8927e-02 -9.6137e-03 -1.2015e-02 -1.0814e-02 -1.0814e-02 -2.6559e-03 -2.1583e-02 2.5667e-02 2.5667e-02 2.5667e-02 2.5667e-02 2.5667e-02 2.4390e-02 -1.6945e-02 2.5667e-02 4.5995e-03 1.4824e-02 1.7512e-02 1.7512e-02 1.7512e-02 1.4564e-02 1.4564e-02 7.4861e-03 7.4861e-03 5.3630e-03 7.4861e-03 7.4861e-03 5.3630e-03 7.4861e-03 5.3630e-03 4.1384e-03 5.4068e-03 1.9927e-02 2.0347e-02 4.2707e-02 -4.4749e-02 -3.9322e-02 -3.7326e-02 -4.2707e-02 -3.5432e-02 -2.4924e-02 -1.6944e-02 -1.8608e-02 -2.2487e-02 -1.6944e-02 -1.8608e-02 -2.2487e-02 -1.6944e-02 -2.2487e-02 -1.6944e-02 -1.2694e-02 -1.6944e-02 -1.6944e-02
5.9597e-01 -5.9286e-01 -5.0301e-01 -5.9406e-01 7.8796e-01 9.9488e-01 9.9488e-01 -5.1109e-01 9.9744e-01 1.0000e+00 9.8476e-01 2.1744e-01 2.2514e-01 5.3816e-02 1.2591e-01 1.2328e-01 1.2328e-01 1.2328e-01 1.2328e-01 1.2328e-01 1.2328e-01 -1.3203e-02 -6.4637e-02 -1.2383e-02 -1.5548e-02 -1.0075e-02 4.7107e-02 7.0185e-02 -3.6667e-02 -3.7873e-02 -3.9077e-02 -3.8445e-02 -3.8445e-02 -3.8445e-02 -9.4827e-03 3.1516e-03 -3.3030e-03 -4.8837e-02 6.3966e-02 -4.3704e-02 1.7718e-02 2.9649e-02 6.8967e-02 1.0651e-02 -2.4453e-03 -2.4453e-03 1.0651e-02 -2.4453e-03 1.3101e-03 1.3101e-03 1.3101e-03 -1.7689e-02 1.5525e-03 4.8771e-03 5.4720e-02 1.5525e-03 -8.3462e-03 -1.1944e-02 -5.1462e-02 6.8967e-02 -2.2036e-03 -1.1503e-02 -3.4582e-02 -1.4765e-03 -8.0398e-04 -3.5632e-02 -5.8254e-04 -5.8331e-02 -3.9161e-02 2.8875e-04 -2.9488e-02 3.7377e-03 -4.0578e-02 -2.9488e-02 -3.3450e-02 5.1096e-02 3.6516e-02 3.8687e-02 7.4873e-02 -2.1911e-02 -2.4458e-02 2.1812e-02 1.5032e-02 1.5032e-02 -1.2715e-02 -1.2715e-02 1.3768e-02 3.4918e-02 7.6363e-03 -1.1923e-02 -7.6363e-03 3.3629e-02 -7.6363e-03 1.6194e-02 -1.2193e-02 -1.4601e-02 -1.3397e-02 -1.3397e-02 -5.2329e-03 -2.4393e-02 2.8837e-02 2.8837e-02 2.8837e-02 2.8837e-02 2.8837e-02 2.7554e-02 -1.9761e-02 2.8837e-02 1.4285e-03 1.1561e-02 1.4290e-02 1.4290e-02 1.4290e-02 1.1060e-02 1.1060e-02 4.2178e-03 4.2178e-03 2.4229e-03 4.2178e-03 4.2178e-03 2.4229e-03 4.2178e-03 2.4229e-03 1.1936e-03 2.1849e-03 1.7176e-02 1.7509e-02 4.2057e-02 -4.4068e-02 -3.8460e-02 -3.6462e-02 -4.2057e-02 -3.2582e-02 -2.1916e-02 -1.5938e-02 -1.7604e-02 -1.9469e-02 -1.5938e-02 -1.7604e-02 -1.9469e-02 -1.5938e-02 -1.9469e-02 -1.5938e-02 -1.1810e-02 -1.5938e-02 -1.5938e-02
5.9397e-01 -5.9464e-01 -5.0837e-01 -5.9586e-01 7.7993e-01 9.8476e-01 9.8478e-01 -5.1639e-01 9.8732e-01 9.8476e-01 1.0000e+00 2.1364e-01 2.2874e-01 7.5299e-02 1.2242e-01 1.1979e-01 1.1979e-01 1.1979e-01 1.1979e-01 1.1979e-01 1.1979e-01 -1.7866e-02 -6.5928e-02 -1.3655e-02 -1.6642e-02 -1.1395e-02 3.5812e-02 5.8694e-02 -2.5035e-02 -2.6258e-02 -2.7481e-02 -3.8272e-02 -3.8272e-02 -3.8272e-02 -9.7905e-03 -2.6687e-03 1.3571e-03 -4.6061e-02 5.3597e-02 -3.8431e-02 1.3373e-02 2.5286e-02 5.7046e-02 8.9823e-03 -5.9986e-03 -5.9986e-03 8.9823e-03 -5.9986e-03 -3.1345e-03 -3.1345e-03 -3.1345e-03 -2.1655e-02 -2.8222e-03 4.6886e-04 4.3094e-02 -2.8222e-03 -9.5109e-03 -1.3073e-02 -4.5988e-02 5.7046e-02 -5.6893e-03 -1.2488e-02 -2.9945e-02 -4.7600e-03 -4.8679e-03 -3.6919e-02 -4.4284e-03 -6.4832e-02 -3.4629e-02 2.7903e-03 -2.4310e-02 6.2028e-03 -3.2361e-02 -2.4310e-02 -2.8333e-02 6.2481e-02 4.8145e-02 5.0256e-02 8.5974e-02 -2.2948e-02 -1.6966e-02 2.2909e-02 1.6237e-02 1.6237e-02 -1.7236e-02 -1.7236e-02 1.0822e-02 3.3204e-02 4.3093e-03 -1.2180e-02 -4.3093e-03 3.1904e-02 -4.3093e-03 2.3599e-02 -8.8439e-03 -1.1275e-02 -1.0059e-02 -1.0059e-02 -1.8832e-03 -2.1738e-02 2.7135e-02 2.7135e-02 2.7135e-02 2.7135e-02 2.7135e-02 2.5841e-02 -1.7128e-02 2.7135e-02 3.0747e-03 1.2964e-02 1.5786e-02 1.5786e-02 1.5786e-02 1.1898e-02 1.1898e-02 5.6192e-03 5.6192e-03 4.6749e-03 5.6192e-03 5.6192e-03 4.6749e-03 5.6192e-03 4.6749e-03 3.4342e-03 -1.0730e-03 1.5385e-02 1.5432e-02 3.9476e-02 -4.1363e-02 -3.5033e-02 -3.3029e-02 -3.9476e-02 -3.0452e-02 -2.3954e-02 -1.8066e-02 -1.9754e-02 -2.1484e-02 -1.8066e-02 -1.9754e-02 -2.1484e-02 -1.8066e-02 -2.1484e-02 -1.8066e-02 -1.4988e-02 -1.8066e-02 -1.8066e-02
2.2144e-01 -9.9779e-02 -8.7122e-02 -1.0039e-01 2.7388e-01 2.1744e-01 2.1131e-01 -8.6529e-02 2.1840e-01 2.1744e-01 2.1364e-01 1.0000e+00 9.4189e-01 -3.0830e-02 7.1535e-01 7.1092e-01 7.1092e-01 7.1092e-01 7.1092e-01 7.1092e-01 7.1092e-01 2.2200e-01 -8.2916e-02 1.3080e-01 1.3776e-01 1.2928e-01 4.0455e-02 3.5037e-02 7.9227e-02 7.8558e-02 7.7890e-02 -3.9122e-02 -3.9122e-02 -3.9122e-02 2.1866e-02 1.3382e-01 -4.1633e-03 -6.3602e-02 6.2991e-02 -3.3608e-02 4.4169e-03 2.3927e-03 5.1843e-02 4.3878e-02 7.7066e-03 7.7066e-03 4.3878e-02 7.7066e-03 -8.7748e-03 -8.7748e-03 -8.7748e-03 -5.9049e-02 -6.3285e-03 -6.9401e-03 4.3942e-02 -6.3285e-03 -8.8160e-03 -8.1630e-03 -3.7811e-02 5.1843e-02 1.0176e-02 -1.0593e-02 -5.5716e-02 1.0477e-02 -1.7168e-02 1.1041e-01 3.4284e-02 1.0896e-01 -3.5833e-02 -2.0743e-02 -2.6157e-02 -1.4027e-02 -4.2959e-02 -2.6157e-02 -3.6232e-02 -6.2258e-02 -9.4749e-02 -1.0324e-01 -8.8292e-02 -1.0847e-02 -2.1455e-02 -6.3361e-02 -7.0354e-02 -7.0354e-02 4.7813e-04 4.7813e-04 1.8301e-02 4.6609e-02 2.4758e-02 -8.8828e-02 -2.4758e-02 4.5924e-02 -2.4758e-02 -1.7043e-02 -3.1899e-02 -3.3152e-02 -3.2525e-02 -3.2525e-02 -4.4920e-02 -4.5529e-02 5.3434e-02 5.3434e-02 5.3434e-02 5.3434e-02 5.3434e-02 5.2745e-02 -4.5529e-02 5.3434e-02 2.3725e-03 1.0304e-02 1.4153e-02 1.4153e-02 1.4153e-02 5.3101e-03 5.3101e-03 9.0136e-03 9.0136e-03 2.4471e-02 9.0136e-03 9.0136e-03 2.4471e-02 9.0136e-03 2.4471e-02 2.3851e-02 -2.1681e-03 3.1470e-02 2.2269e-02 -2.4393e-02 3.0549e-02 4.4643e-02 4.5431e-02 2.4393e-02 -3.0127e-02 -2.0120e-02 5.7137e-02 5.6445e-02 -1.8871e-02 5.7137e-02 5.6445e-02 -1.8871e-02 5.7137e-02 -1.8871e-02 5.7137e-02 4.4728e-02 5.7137e-02 5.7137e-02
2.3462e-01 -1.2243e-01 -1.0525e-01 -1.2308e-01 2.7959e-01 2.2514e-01 2.1951e-01 -1.0463e-01 2.2616e-01 2.2514e-01 2.2874e-01 9.4189e-01 1.0000e+00 3.0674e-01 6.7038e-01 6.6610e-01 6.6610e-01 6.6610e-01 6.6610e-01 6.6610e-01 6.6610e-01 2.3074e-01 -1.0280e-01 1.0150e-01 1.0860e-01 9.9943e-02 2.9275e-02 2.3605e-02 6.2910e-02 6.2210e-02 6.1511e-02 -5.6723e-02 -5.6723e-02 -5.6723e-02 4.7650e-04 1.2973e-01 1.3446e-02 -3.7032e-02 6.1294e-02 -1.3020e-02 1.8552e-02 3.9481e-03 4.0663e-02 5.3556e-02 2.4453e-02 2.4453e-02 5.3556e-02 2.4453e-02 5.3161e-03 5.3161e-03 5.3161e-03 -4.1066e-02 7.9145e-03 7.2648e-03 3.2776e-02 7.9145e-03 5.2595e-03 5.9655e-03 -1.6407e-02 4.0663e-02 2.7089e-02 4.3335e-03 -6.4306e-02 2.8240e-02 -1.2534e-03 8.8896e-02 3.6827e-02 1.0366e-01 -2.8707e-03 -3.3778e-03 1.6964e-03 2.9383e-03 -2.1571e-02 1.6964e-03 -8.2279e-03 -3.6576e-02 -6.6941e-02 -7.5191e-02 -6.1931e-02 -1.4610e-02 -2.7120e-02 -7.7006e-02 -8.3507e-02 -8.3507e-02 6.8562e-03 6.8562e-03 2.3763e-02 5.6477e-02 3.5039e-02 -1.0483e-01 -3.5039e-02 5.5744e-02 -3.5039e-02 -2.9272e-02 -4.1839e-02 -4.3174e-02 -4.2506e-02 -4.2506e-02 -5.4097e-02 -5.1119e-02 6.2895e-02 6.2895e-02 6.2895e-02 6.2895e-02 6.2895e-02 6.2159e-02 -5.1119e-02 6.2895e-02 -9.3556e-03 -2.6851e-03 -5.6868e-03 -5.6868e-03 -5.6868e-03 -1.0062e-02 -1.0062e-02 -4.0770e-03 -4.0770e-03 7.3979e-03 -4.0770e-03 -4.0770e-03 7.3979e-03 -4.0770e-03 7.3979e-03 6.7297e-03 -1.4238e-02 2.3560e-02 1.3730e-02 -3.2152e-02 3.8440e-02 4.4126e-02 4.4974e-02 3.2152e-02 -2.1285e-02 -2.3693e-02 3.2367e-02 3.1561e-02 -2.2370e-02 3.2367e-02 3.1561e-02 -2.2370e-02 3.2367e-02 -2.2370e-02 3.2367e-02 2.5448e-02 3.2367e-02 3.2367e-02
7.0704e-02 -8.1563e-02 -6.6321e-02 -8.1764e-02 5.5895e-02 5.3816e-02 5.4401e-02 -6.6139e-02 5.4108e-02 5.3816e-02 7.5299e-02 -3.0830e-02 3.0674e-01 1.0000e+00 -3.2169e-02 -3.2357e-02 -3.2357e-02 -3.2357e-02 -3.2357e-02 -3.2357e-02 -3.2357e-02 5.7550e-02 -7.0958e-02 -6.8593e-02 -6.7184e-02 -6.8907e-02 -2.7516e-02 -2.9037e-02 -3.7292e-02 -3.7479e-02 -3.7665e-02 -5.7928e-02 -5.7928e-02 -5.7928e-02 -6.0536e-02 6.8307e-03 5.1802e-02 7.0019e-02 3.8999e-03 5.6483e-02 4.2684e-02 4.9679e-03 -2.5899e-02 3.5031e-02 5.0922e-02 5.0922e-02 3.5031e-02 5.0922e-02 4.0679e-02 4.0679e-02 4.0679e-02 4.5116e-02 4.1479e-02 4.1278e-02 -2.6979e-02 4.1479e-02 4.0627e-02 4.0878e-02 5.8312e-02 -2.5899e-02 5.1768e-02 4.2907e-02 -3.3474e-02 5.4339e-02 4.4912e-02 -4.8318e-02 1.2438e-02 -2.9948e-04 9.2982e-02 4.8720e-02 7.9157e-02 4.8486e-02 5.7531e-02 7.9157e-02 7.8175e-02 6.7569e-02 6.9277e-02 6.8786e-02 6.5887e-02 -1.2738e-02 -1.9904e-02 -4.9602e-02 -4.9133e-02 -4.9133e-02 1.9045e-02 1.9045e-02 1.8851e-02 3.5982e-02 3.4108e-02 -6.0229e-02 -3.4108e-02 3.5744e-02 -3.4108e-02 -3.8808e-02 -3.4108e-02 -3.4529e-02 -3.4318e-02 -3.4318e-02 -3.3687e-02 -2.3101e-02 3.5744e-02 3.5744e-02 3.5744e-02 3.5744e-02 3.5744e-02 3.5506e-02 -2.3101e-02 3.5744e-02 -3.4558e-02 -3.7184e-02 -5.7021e-02 -5.7021e-02 -5.7021e-02 -4.4982e-02 -4.4982e-02 -3.7669e-02 -3.7669e-02 -4.7320e-02 -3.7669e-02 -3.7669e-02 -4.7320e-02 -3.7669e-02 -4.7320e-02 -4.7553e-02 -3.6222e-02 -1.9061e-02 -2.2242e-02 -2.6551e-02 2.7820e-02 4.8025e-03 5.0953e-03 2.6551e-02 2.2028e-02 -1.3491e-02 -6.5579e-02 -6.6017e-02 -1.3092e-02 -6.5579e-02 -6.6017e-02 -1.3092e-02 -6.5579e-02 -1.3092e-02 -6.5579e-02 -5.1012e-02 -6.5579e-02 -6.5579e-02
1.5966e-01 -1.8131e-02 -5.6466e-02 -1.8770e-02 1.6498e-01 1.2591e-01 1.2767e-01 -6.2743e-02 1.2679e-01 1.2591e-01 1.2242e-01 7.1535e-01 6.7038e-01 -3.2169e-02 1.0000e+00 9.9418e-01 9.9418e-01 9.9418e-01 9.9418e-01 9.9418e-01 9.9418e-01 2.6502e-01 -1.1149e-01 2.4184e-01 2.4992e-01 2.4008e-01 -2.1287e-02 -2.6561e-02 1.5624e-01 1.5551e-01 1.5477e-01 -5.1603e-02 -5.1603e-02 -5.1603e-02 -1.6476e-02 1.1785e-01 -2.6264e-02 -8.6601e-02 5.4571e-03 -4.6424e-02 -6.6863e-02 -6.2159e-02 2.9790e-02 -3.5390e-03 -4.8411e-02 -4.8411e-02 -3.5390e-03 -4.8411e-02 -8.0056e-02 -8.0056e-02 -8.0056e-02 -1.0713e-01 -7.7509e-02 -7.8145e-02 2.2395e-02 -7.7509e-02 -3.1989e-02 -3.1328e-02 -5.0263e-02 2.9790e-02 -4.5884e-02 -3.3431e-02 -8.4522e-02 -4.5187e-02 -7.3565e-02 1.6285e-01 -3.3746e-02 1.0002e-01 -7.2362e-02 -7.3644e-02 -7.0590e-02 -6.7177e-02 -8.7319e-02 -7.0590e-02 -8.0311e-02 -9.2714e-02 -1.0970e-01 -1.1090e-01 -1.1808e-01 -4.0814e-02 -1.5022e-02 -8.1615e-02 -8.8306e-02 -8.8306e-02 3.7795e-02 3.7795e-02 1.8696e-02 4.2710e-02 5.8252e-02 -1.0015e-01 -5.8252e-02 4.2000e-02 -5.8252e-02 -5.9056e-02 -5.8252e-02 -5.9575e-02 -5.8913e-02 -5.8913e-02 -5.6932e-02 -7.4015e-02 4.2000e-02 4.2000e-02 4.2000e-02 4.2000e-02 4.2000e-02 4.1292e-02 -7.4015e-02 4.2000e-02 -1.6793e-02 -1.7136e-02 -1.2991e-02 -1.2991e-02 -1.2991e-02 -3.1811e-02 -3.1811e-02 -1.1229e-02 -1.1229e-02 6.6878e-03 -1.1229e-02 -1.1229e-02 6.6878e-03 -1.1229e-02 6.6878e-03 6.0307e-03 -1.4368e-02 8.4600e-03 5.7033e-03 -1.6098e-02 9.6407e-03 4.1051e-02 4.1894e-02 1.6098e-02 -1.3348e-02 -2.0735e-03 4.6984e-02 4.6230e-02 -7.4846e-04 4.6984e-02 4.6230e-02 -7.4846e-04 4.6984e-02 -7.4846e-04 4.6984e-02 4.2224e-02 4.6984e-02 4.6984e-02
1.5714e-01 -1.4693e-02 -5.2265e-02 -1.5336e-02 1.6259e-01 1.2328e-01 1.2504e-01 -5.8504e-02 1.2416e-01 1.2328e-01 1.1979e-01 7.1092e-01 6.6610e-01 -3.2357e-02 9.9418e-01 1.0000e+00 1.0000e+00 1.0000e+00 1.0000e+00 1.0000e+00 1.0000e+00 2.6708e-01 -1.1337e-01 2.4566e-01 2.5381e-01 2.4388e-01 -2.3566e-02 -2.8859e-02 1.5984e-01 1.5910e-01 1.5836e-01 -5.3324e-02 -5.3324e-02 -5.3324e-02 -1.8452e-02 1.1915e-01 -2.8209e-02 -8.8762e-02 3.8123e-03 -4.8190e-02 -6.9859e-02 -6.3463e-02 2.8771e-02 -5.9348e-03 -5.1240e-02 -5.1240e-02 -5.9348e-03 -5.1240e-02 -8.3056e-02 -8.3056e-02 -8.3056e-02 -1.0986e-01 -8.0494e-02 -8.1134e-02 2.1373e-02 -8.0494e-02 -3.4128e-02 -3.3464e-02 -5.1980e-02 2.8771e-02 -4.8700e-02 -3.5515e-02 -8.5258e-02 -4.7934e-02 -7.6458e-02 1.6697e-01 -3.5043e-02 1.0124e-01 -7.4152e-02 -7.5877e-02 -7.2247e-02 -6.9447e-02 -8.9292e-02 -7.2247e-02 -8.1938e-02 -9.4901e-02 -1.1177e-01 -1.1297e-01 -1.2019e-01 -4.1053e-02 -1.2161e-02 -8.2911e-02 -8.9555e-02 -8.9555e-02 3.4183e-02 3.4183e-02 1.5788e-02 4.0117e-02 5.5016e-02 -1.0172e-01 -5.5016e-02 3.9405e-02 -5.5016e-02 -5.5946e-02 -5.5016e-02 -5.6344e-02 -5.5679e-02 -5.5679e-02 -5.3690e-02 -7.0961e-02 3.9405e-02 3.9405e-02 3.9405e-02 3.9405e-02 3.9405e-02 3.8694e-02 -7.0961e-02 3.9405e-02 -1.4290e-02 -1.4690e-02 -1.0533e-02 -1.0533e-02 -1.0533e-02 -2.9460e-02 -2.9460e-02 -8.8224e-03 -8.8224e-03 9.2710e-03 -8.8224e-03 -8.8224e-03 9.2710e-03 -8.8224e-03 9.2710e-03 8.6115e-03 -1.1914e-02 4.3132e-03 1.4399e-03 -1.6923e-02 1.0539e-02 4.2084e-02 4.2929e-02 1.6923e-02 -9.0573e-03 2.4217e-03 4.8245e-02 4.7489e-02 3.7597e-03 4.8245e-02 4.7489e-02 3.7597e-03 4.8245e-02 3.7597e-03 4.8245e-02 4.3334e-02 4.8245e-02 4.8245e-02
1.5714e-01 -1.4693e-02 -5.2265e-02 -1.5336e-02 1.6259e-01 1.2328e-01 1.2504e-01 -5.8504e-02 1.2416e-01 1.2328e-01 1.1979e-01 7.1092e-01 6.6610e-01 -3.2357e-02 9.9418e-01 1.0000e+00 1.0000e+00 1.0000e+00 1.0000e+00 1.0000e+00 1.0000e+00 2.6708e-01 -1.1337e-01 2.4566e-01 2.5381e-01 2.4388e-01 -2.3566e-02 -2.8859e-02 1.5984e-01 1.5910e-01 1.5836e-01 -5.3324e-02 -5.3324e-02 -5.3324e-02 -1.8452e-02 1.1915e-01 -2.8209e-02 -8.8762e-02 3.8123e-03 -4.8190e-02 -6.9859e-02 -6.3463e-02 2.8771e-02 -5.9348e-03 -5.1240e-02 -5.1240e-02 -5.9348e-03 -5.1240e-02 -8.3056e-02 -8.3056e-02 -8.3056e-02 -1.0986e-01 -8.0494e-02 -8.1134e-02 2.1373e-02 -8.0494e-02 -3.4128e-02 -3.3464e-02 -5.1980e-02 2.8771e-02 -4.8700e-02 -3.5515e-02 -8.5258e-02 -4.7934e-02 -7.6458e-02 1.6697e-01 -3.5043e-02 1.0124e-01 -7.4152e-02 -7.5877e-02 -7.2247e-02 -6.9447e-02 -8.9292e-02 -7.2247e-02 -8.1938e-02 -9.4901e-02 -1.1177e-01 -1.1297e-01 -1.2019e-01 -4.1053e-02 -1.2161e-02 -8.2911e-02 -8.9555e-02 -8.9555e-02 3.4183e-02 3.4183e-02 1.5788e-02 4.0117e-02 5.5016e-02 -1.0172e-01 -5.5016e-02 3.9405e-02 -5.5016e-02 -5.5946e-02 -5.5016e-02 -5.6344e-02 -5.5679e-02 -5.5679e-02 -5.3690e-02 -7.0961e-02 3.9405e-02 3.9405e-02 3.9405e-02 3.9405e-02 3.9405e-02 3.8694e-02 -7.0961e-02 3.9405e-02 -1.4290e-02 -1.4690e-02 -1.0533e-02 -1.0533e-02 -1.0533e-02 -2.9460e-02 -2.9460e-02 -8.8224e-03 -8.8224e-03 9.2710e-03 -8.8224e-03 -8.8224e-03 9.2710e-03 -8.8224e-03 9.2710e-03 8.6115e-03 -1.1914e-02 4.3132e-03 1.4399e-03 -1.6923e-02 1.0539e-02 4.2084e-02 4.2929e-02 1.6923e-02 -9.0573e-03 2.4217e-03 4.8245e-02 4.7489e-02 3.7597e-03 4.8245e-02 4.7489e-02 3.7597e-03 4.8245e-02 3.7597e-03 4.8245e-02 4.3334e-02 4.8245e-02 4.8245e-02
1.5714e-01 -1.4693e-02 -5.2265e-02 -1.5336e-02 1.6259e-01 1.2328e-01 1.2504e-01 -5.8504e-02 1.2416e-01 1.2328e-01 1.1979e-01 7.1092e-01 6.6610e-01 -3.2357e-02 9.9418e-01 1.0000e+00 1.0000e+00 1.0000e+00 1.0000e+00 1.0000e+00 1.0000e+00 2.6708e-01 -1.1337e-01 2.4566e-01 2.5381e-01 2.4388e-01 -2.3566e-02 -2.8859e-02 1.5984e-01 1.5910e-01 1.5836e-01 -5.3324e-02 -5.3324e-02 -5.3324e-02 -1.8452e-02 1.1915e-01 -2.8209e-02 -8.8762e-02 3.8123e-03 -4.8190e-02 -6.9859e-02 -6.3463e-02 2.8771e-02 -5.9348e-03 -5.1240e-02 -5.1240e-02 -5.9348e-03 -5.1240e-02 -8.3056e-02 -8.3056e-02 -8.3056e-02 -1.0986e-01 -8.0494e-02 -8.1134e-02 2.1373e-02 -8.0494e-02 -3.4128e-02 -3.3464e-02 -5.1980e-02 2.8771e-02 -4.8700e-02 -3.5515e-02 -8.5258e-02 -4.7934e-02 -7.6458e-02 1.6697e-01 -3.5043e-02 1.0124e-01 -7.4152e-02 -7.5877e-02 -7.2247e-02 -6.9447e-02 -8.9292e-02 -7.2247e-02 -8.1938e-02 -9.4901e-02 -1.1177e-01 -1.1297e-01 -1.2019e-01 -4.1053e-02 -1.2161e-02 -8.2911e-02 -8.9555e-02 -8.9555e-02 3.4183e-02 3.4183e-02 1.5788e-02 4.0117e-02 5.5016e-02 -1.0172e-01 -5.5016e-02 3.9405e-02 -5.5016e-02 -5.5946e-02 -5.5016e-02 -5.6344e-02 -5.5679e-02 -5.5679e-02 -5.3690e-02 -7.0961e-02 3.9405e-02 3.9405e-02 3.9405e-02 3.9405e-02 3.9405e-02 3.8694e-02 -7.0961e-02 3.9405e-02 -1.4290e-02 -1.4690e-02 -1.0533e-02 -1.0533e-02 -1.0533e-02 -2.9460e-02 -2.9460e-02 -8.8224e-03 -8.8224e-03 9.2710e-03 -8.8224e-03 -8.8224e-03 9.2710e-03 -8.8224e-03 9.2710e-03 8.6115e-03 -1.1914e-02 4.3132e-03 1.4399e-03 -1.6923e-02 1.0539e-02 4.2084e-02 4.2929e-02 1.6923e-02 -9.0573e-03 2.4217e-03 4.8245e-02 4.7489e-02 3.7597e-03 4.8245e-02 4.7489e-02 3.7597e-03 4.8245e-02 3.7597e-03 4.8245e-02 4.3334e-02 4.8245e-02 4.8245e-02
1.5714e-01 -1.4693e-02 -5.2265e-02 -1.5336e-02 1.6259e-01 1.2328e-01 1.2504e-01 -5.8504e-02 1.2416e-01 1.2328e-01 1.1979e-01 7.1092e-01 6.6610e-01 -3.2357e-02 9.9418e-01 1.0000e+00 1.0000e+00 1.0000e+00 1.0000e+00 1.0000e+00 1.0000e+00 2.6708e-01 -1.1337e-01 2.4566e-01 2.5381e-01 2.4388e-01 -2.3566e-02 -2.8859e-02 1.5984e-01 1.5910e-01 1.5836e-01 -5.3324e-02 -5.3324e-02 -5.3324e-02 -1.8452e-02 1.1915e-01 -2.8209e-02 -8.8762e-02 3.8123e-03 -4.8190e-02 -6.9859e-02 -6.3463e-02 2.8771e-02 -5.9348e-03 -5.1240e-02 -5.1240e-02 -5.9348e-03 -5.1240e-02 -8.3056e-02 -8.3056e-02 -8.3056e-02 -1.0986e-01 -8.0494e-02 -8.1134e-02 2.1373e-02 -8.0494e-02 -3.4128e-02 -3.3464e-02 -5.1980e-02 2.8771e-02 -4.8700e-02 -3.5515e-02 -8.5258e-02 -4.7934e-02 -7.6458e-02 1.6697e-01 -3.5043e-02 1.0124e-01 -7.4152e-02 -7.5877e-02 -7.2247e-02 -6.9447e-02 -8.9292e-02 -7.2247e-02 -8.1938e-02 -9.4901e-02 -1.1177e-01 -1.1297e-01 -1.2019e-01 -4.1053e-02 -1.2161e-02 -8.2911e-02 -8.9555e-02 -8.9555e-02 3.4183e-02 3.4183e-02 1.5788e-02 4.0117e-02 5.5016e-02 -1.0172e-01 -5.5016e-02 3.9405e-02 -5.5016e-02 -5.5946e-02 -5.5016e-02 -5.6344e-02 -5.5679e-02 -5.5679e-02 -5.3690e-02 -7.0961e-02 3.9405e-02 3.9405e-02 3.9405e-02 3.9405e-02 3.9405e-02 3.8694e-02 -7.0961e-02 3.9405e-02 -1.4290e-02 -1.4690e-02 -1.0533e-02 -1.0533e-02 -1.0533e-02 -2.9460e-02 -2.9460e-02 -8.8224e-03 -8.8224e-03 9.2710e-03 -8.8224e-03 -8.8224e-03 9.2710e-03 -8.8224e-03 9.2710e-03 8.6115e-03 -1.1914e-02 4.3132e-03 1.4399e-03 -1.6923e-02 1.0539e-02 4.2084e-02 4.2929e-02 1.6923e-02 -9.0573e-03 2.4217e-03 4.8245e-02 4.7489e-02 3.7597e-03 4.8245e-02 4.7489e-02 3.7597e-03 4.8245e-02 3.7597e-03 4.8245e-02 4.3334e-02 4.8245e-02 4.8245e-02
1.5714e-01 -1.4693e-02 -5.2265e-02 -1.5336e-02 1.6259e-01 1.2328e-01 1.2504e-01 -5.8504e-02 1.2416e-01 1.2328e-01 1.1979e-01 7.1092e-01 6.6610e-01 -3.2357e-02 9.9418e-01 1.0000e+00 1.0000e+00 1.0000e+00 1.0000e+00 1.0000e+00 1.0000e+00 2.6708e-01 -1.1337e-01 2.4566e-01 2.5381e-01 2.4388e-01 -2.3566e-02 -2.8859e-02 1.5984e-01 1.5910e-01 1.5836e-01 -5.3324e-02 -5.3324e-02 -5.3324e-02 -1.8452e-02 1.1915e-01 -2.8209e-02 -8.8762e-02 3.8123e-03 -4.8190e-02 -6.9859e-02 -6.3463e-02 2.8771e-02 -5.9348e-03 -5.1240e-02 -5.1240e-02 -5.9348e-03 -5.1240e-02 -8.3056e-02 -8.3056e-02 -8.3056e-02 -1.0986e-01 -8.0494e-02 -8.1134e-02 2.1373e-02 -8.0494e-02 -3.4128e-02 -3.3464e-02 -5.1980e-02 2.8771e-02 -4.8700e-02 -3.5515e-02 -8.5258e-02 -4.7934e-02 -7.6458e-02 1.6697e-01 -3.5043e-02 1.0124e-01 -7.4152e-02 -7.5877e-02 -7.2247e-02 -6.9447e-02 -8.9292e-02 -7.2247e-02 -8.1938e-02 -9.4901e-02 -1.1177e-01 -1.1297e-01 -1.2019e-01 -4.1053e-02 -1.2161e-02 -8.2911e-02 -8.9555e-02 -8.9555e-02 3.4183e-02 3.4183e-02 1.5788e-02 4.0117e-02 5.5016e-02 -1.0172e-01 -5.5016e-02 3.9405e-02 -5.5016e-02 -5.5946e-02 -5.5016e-02 -5.6344e-02 -5.5679e-02 -5.5679e-02 -5.3690e-02 -7.0961e-02 3.9405e-02 3.9405e-02 3.9405e-02 3.9405e-02 3.9405e-02 3.8694e-02 -7.0961e-02 3.9405e-02 -1.4290e-02 -1.4690e-02 -1.0533e-02 -1.0533e-02 -1.0533e-02 -2.9460e-02 -2.9460e-02 -8.8224e-03 -8.8224e-03 9.2710e-03 -8.8224e-03 -8.8224e-03 9.2710e-03 -8.8224e-03 9.2710e-03 8.6115e-03 -1.1914e-02 4.3132e-03 1.4399e-03 -1.6923e-02 1.0539e-02 4.2084e-02 4.2929e-02 1.6923e-02 -9.0573e-03 2.4217e-03 4.8245e-02 4.7489e-02 3.7597e-03 4.8245e-02 4.7489e-02 3.7597e-03 4.8245e-02 3.7597e-03 4.8245e-02 4.3334e-02 4.8245e-02 4.8245e-02
1.5714e-01 -1.4693e-02 -5.2265e-02 -1.5336e-02 1.6259e-01 1.2328e-01 1.2504e-01 -5.8504e-02 1.2416e-01 1.2328e-01 1.1979e-01 7.1092e-01 6.6610e-01 -3.2357e-02 9.9418e-01 1.0000e+00 1.0000e+00 1.0000e+00 1.0000e+00 1.0000e+00 1.0000e+00 2.6708e-01 -1.1337e-01 2.4566e-01 2.5381e-01 2.4388e-01 -2.3566e-02 -2.8859e-02 1.5984e-01 1.5910e-01 1.5836e-01 -5.3324e-02 -5.3324e-02 -5.3324e-02 -1.8452e-02 1.1915e-01 -2.8209e-02 -8.8762e-02 3.8123e-03 -4.8190e-02 -6.9859e-02 -6.3463e-02 2.8771e-02 -5.9348e-03 -5.1240e-02 -5.1240e-02 -5.9348e-03 -5.1240e-02 -8.3056e-02 -8.3056e-02 -8.3056e-02 -1.0986e-01 -8.0494e-02 -8.1134e-02 2.1373e-02 -8.0494e-02 -3.4128e-02 -3.3464e-02 -5.1980e-02 2.8771e-02 -4.8700e-02 -3.5515e-02 -8.5258e-02 -4.7934e-02 -7.6458e-02 1.6697e-01 -3.5043e-02 1.0124e-01 -7.4152e-02 -7.5877e-02 -7.2247e-02 -6.9447e-02 -8.9292e-02 -7.2247e-02 -8.1938e-02 -9.4901e-02 -1.1177e-01 -1.1297e-01 -1.2019e-01 -4.1053e-02 -1.2161e-02 -8.2911e-02 -8.9555e-02 -8.9555e-02 3.4183e-02 3.4183e-02 1.5788e-02 4.0117e-02 5.5016e-02 -1.0172e-01 -5.5016e-02 3.9405e-02 -5.5016e-02 -5.5946e-02 -5.5016e-02 -5.6344e-02 -5.5679e-02 -5.5679e-02 -5.3690e-02 -7.0961e-02 3.9405e-02 3.9405e-02 3.9405e-02 3.9405e-02 3.9405e-02 3.8694e-02 -7.0961e-02 3.9405e-02 -1.4290e-02 -1.4690e-02 -1.0533e-02 -1.0533e-02 -1.0533e-02 -2.9460e-02 -2.9460e-02 -8.8224e-03 -8.8224e-03 9.2710e-03 -8.8224e-03 -8.8224e-03 9.2710e-03 -8.8224e-03 9.2710e-03 8.6115e-03 -1.1914e-02 4.3132e-03 1.4399e-03 -1.6923e-02 1.0539e-02 4.2084e-02 4.2929e-02 1.6923e-02 -9.0573e-03 2.4217e-03 4.8245e-02 4.7489e-02 3.7597e-03 4.8245e-02 4.7489e-02 3.7597e-03 4.8245e-02 3.7597e-03 4.8245e-02 4.3334e-02 4.8245e-02 4.8245e-02
4.2583e-02 8.9142e-02 6.2083e-02 8.7104e-02 4.6763e-02 -1.7718e-02 -1.7645e-02 5.6121e-02 -1.5421e-02 -1.3203e-02 -1.7866e-02 2.2200e-01 2.3074e-01 5.7550e-02 2.6502e-01 2.6708e-01 2.6708e-01 2.6708e-01 2.6708e-01 2.6708e-01 2.6708e-01 1.0000e+00 6.8166e-01 6.2868e-01 6.1469e-01 6.3180e-01 3.0992e-01 2.9081e-01 -2.9264e-01 -2.9459e-01 -2.9245e-01 2.6962e-01 2.6962e-01 2.6962e-01 2.9217e-01 3.5031e-01 2.8874e-01 1.2926e-01 -1.4038e-01 2.9994e-01 1.2600e-01 -1.8264e-01 5.6299e-03 2.9556e-01 1.3673e-01 1.3673e-01 2.9556e-01 1.3673e-01 1.0556e-01 1.0556e-01 1.0556e-01 7.8943e-02 1.0180e-01 9.9752e-02 9.6069e-04 9.7817e-02 2.7015e-01 2.6829e-01 2.8426e-01 5.6299e-03 1.2905e-01 2.5770e-01 1.9320e-01 1.0999e-01 7.2911e-02 1.3899e-01 -1.9788e-01 2.6701e-01 1.4581e-03 9.2676e-03 5.0976e-02 7.1457e-03 -2.2374e-02 5.0976e-02 5.2878e-02 -6.1080e-02 -6.7133e-02 -6.3042e-02 -9.1946e-02 -5.0976e-02 7.0301e-03 -6.7819e-02 -6.5502e-02 -6.5502e-02 1.7318e-03 1.7318e-03 6.8876e-03 1.7736e-02 1.3619e-02 -6.7336e-02 -1.3619e-02 1.5557e-02 -1.3619e-02 -1.4866e-02 -1.7634e-02 -1.3730e-02 -1.5683e-02 -1.9699e-02 -9.4945e-03 -3.2492e-02 1.9780e-02 1.9780e-02 1.9780e-02 1.9780e-02 1.9780e-02 1.7601e-02 -3.2492e-02 1.9780e-02 2.4742e-02 1.7982e-02 2.6673e-02 2.6673e-02 2.6673e-02 1.4553e-02 1.4553e-02 2.2150e-02 2.2150e-02 4.4579e-02 2.2150e-02 2.2150e-02 4.4579e-02 2.2150e-02 4.4579e-02 4.6609e-02 -1.1461e-02 3.1521e-02 1.6670e-02 -6.8506e-03 1.4893e-02 4.0467e-02 3.7295e-02 6.8506e-03 -1.4679e-02 -1.7527e-02 5.1966e-02 4.9309e-02 -1.7441e-02 5.1966e-02 5.4746e-02 -1.7441e-02 5.1966e-02 -1.7441e-02 5.1966e-02 1.5888e-02 5.1966e-02 5.1966e-02
-3.6841e-02 9.9751e-02 7.4052e-02 9.8346e-02 -2.6056e-02 -6.4637e-02 -6.6387e-02 7.5498e-02 -6.3115e-02 -6.4637e-02 -6.5928e-02 -8.2916e-02 -1.0280e-01 -7.0958e-02 -1.1149e-01 -1.1337e-01 -1.1337e-01 -1.1337e-01 -1.1337e-01 -1.1337e-01 -1.1337e-01 6.8166e-01 1.0000e+00 6.5919e-01 6.2786e-01 6.5510e-01 3.7880e-01 3.6463e-01 -4.2503e-01 -4.2193e-01 -4.2317e-01 4.8560e-01 4.8560e-01 4.8560e-01 4.4836e-01 2.8014e-01 4.1356e-01 2.9684e-01 -2.2326e-01 4.4274e-01 1.8276e-01 -2.1236e-01 -9.6051e-02 3.2349e-01 1.9796e-01 1.9796e-01 3.2349e-01 1.9796e-01 1.6441e-01 1.6441e-01 1.6441e-01 1.7874e-01 1.5319e-01 1.5599e-01 -8.9928e-02 1.5319e-01 3.4626e-01 3.4353e-01 4.2187e-01 -9.6051e-02 1.8683e-01 3.3075e-01 3.0343e-01 1.6190e-01 1.1823e-01 5.1478e-02 -2.0439e-01 2.2074e-01 1.1306e-01 4.4149e-02 1.5060e-01 4.2663e-02 7.6705e-02 1.5060e-01 1.5483e-01 1.0532e-02 2.9544e-02 3.5329e-02 4.6858e-03 -5.7942e-03 5.7022e-02 -6.9555e-04 -6.8898e-04 -6.8898e-04 -5.3410e-02 -5.3410e-02 -2.5471e-02 -9.9460e-03 -3.8105e-02 -1.0391e-02 3.8105e-02 -1.1433e-02 3.8105e-02 3.6887e-02 3.8105e-02 4.3798e-02 4.0950e-02 3.6694e-02 4.5178e-02 2.2747e-02 -1.1433e-02 -1.1433e-02 -1.1433e-02 -1.1433e-02 -1.1433e-02 -1.2918e-02 2.2747e-02 -1.1433e-02 5.8967e-02 6.5422e-02 7.4089e-02 7.4089e-02 7.4089e-02 6.5596e-02 6.5596e-02 4.9008e-02 4.9008e-02 6.9405e-02 4.9008e-02 4.9008e-02 6.9405e-02 4.9008e-02 6.9405e-02 6.7986e-02 8.4565e-03 3.6920e-02 2.4156e-02 -1.7397e-02 2.4919e-02 4.4499e-02 4.6530e-02 1.7397e-02 -2.1271e-02 -2.8794e-02 5.6182e-02 5.4399e-02 -3.0283e-02 5.6182e-02 5.4399e-02 -3.0283e-02 5.6182e-02 -3.0283e-02 5.6182e-02 2.1485e-02 5.6182e-02 5.6182e-02
