1.0000e+00 9.3621e-01 9.3621e-01 2.9989e-01 3.0008e-01 2.2410e-01 2.2410e-01 -3.0111e-01 2.1719e-01 2.1719e-01 2.0913e-01 2.0245e-01 3.4371e-01 2.6648e-01 3.4243e-01 3.2942e-01 2.6525e-01 2.3351e-01 2.3472e-01 2.3837e-01 2.3837e-01 2.2867e-01 2.2988e-01 1.7757e-01 2.4108e-01 1.8005e-01 2.4108e-01 -1.7490e-01 1.7979e-01 -3.3896e-01 3.6965e-01 3.0212e-01 3.8848e-01 3.7252e-01 3.1771e-01 3.3410e-01 3.2968e-01 2.7733e-01 3.1186e-01 2.7822e-01 3.2094e-01 3.1775e-01 3.2062e-01 3.2381e-01 2.7137e-01 3.2500e-01 3.1455e-01 3.1775e-01 3.1640e-01 3.1876e-01 2.9690e-01 2.9820e-01 -2.9943e-01 -2.9690e-01 -2.9814e-01 -2.9690e-01 -2.9690e-01 -2.9690e-01 -2.9560e-01 -2.9431e-01 -2.9431e-01 -2.9685e-01 -2.9431e-01 -2.6724e-01 -2.9560e-01 -2.9431e-01 -2.6365e-01 -2.9560e-01 -2.9431e-01 -2.9301e-01 -3.1679e-01 -2.1117e-01 -3.0231e-01 -3.3000e-01 -3.2966e-01 -3.3428e-01 -3.1818e-01 -2.8612e-01 -3.3428e-01 -3.3100e-01 2.9131e-01 3.3428e-01 3.1981e-01 3.3428e-01 -3.3100e-01 3.3428e-01 3.3428e-01 3.3428e-01 -3.0443e-01 2.5025e-01 -2.8252e-01 2.4774e-01 2.4774e-01 -2.8733e-01 2.4326e-01 2.4326e-01 -2.8592e-01 -2.8270e-01 -2.8733e-01 -2.8592e-01 -2.9055e-01 -2.8913e-01 2.2836e-01 2.2585e-01 2.6863e-01 2.7172e-01 2.6863e-01 -2.6502e-01 -2.8461e-02 -1.4671e-01 -2.6651e-01 -2.7008e-01 -2.6830e-01 -2.8486e-01 -2.8836e-01 -2.7964e-01
9.3621e-01 1.0000e+00 1.0000e+00 2.8865e-01 2.7622e-01 2.1050e-01 2.1050e-01 -3.0583e-01 2.0403e-01 2.0403e-01 1.8759e-01 1.7609e-01 3.0697e-01 2.5676e-01 3.0125e-01 3.0157e-01 2.5238e-01 2.0296e-01 1.9991e-01 2.0380e-01 2.0380e-01 1.9344e-01 1.9473e-01 1.6856e-01 2.0713e-01 1.5846e-01 2.0713e-01 -1.5675e-01 1.7047e-01 -3.0850e-01 3.5213e-01 3.0824e-01 3.5989e-01 3.5550e-01 3.2402e-01 3.4671e-01 3.5437e-01 3.0149e-01 3.2471e-01 2.9195e-01 3.2913e-01 3.2615e-01 3.4116e-01 3.4414e-01 2.4930e-01 3.3787e-01 3.2317e-01 3.2615e-01 3.2913e-01 3.3961e-01 3.0707e-01 3.0408e-01 -3.1767e-01 -3.0707e-01 -3.1629e-01 -3.0707e-01 -3.0707e-01 -3.0707e-01 -3.0131e-01 -3.0430e-01 -3.0430e-01 -3.1492e-01 -3.0430e-01 -2.8507e-01 -3.0131e-01 -3.0430e-01 -2.3756e-01 -3.0131e-01 -3.0430e-01 -3.0292e-01 -3.3169e-01 -2.4334e-01 -3.1696e-01 -3.4663e-01 -3.4222e-01 -3.4670e-01 -3.3316e-01 -3.0216e-01 -3.4670e-01 -3.0004e-01 3.0685e-01 3.4670e-01 3.3987e-01 3.4670e-01 -3.0004e-01 3.4670e-01 3.4670e-01 3.4670e-01 -3.1386e-01 2.5858e-01 -2.5437e-01 2.6462e-01 2.6462e-01 -2.9737e-01 2.6026e-01 2.6026e-01 -3.0486e-01 -3.0187e-01 -3.0187e-01 -3.0486e-01 -3.0936e-01 -3.0785e-01 2.2034e-01 2.2639e-01 2.5899e-01 2.6612e-01 2.6410e-01 -2.6030e-01 -3.0543e-02 -1.3735e-01 -2.5601e-01 -2.5974e-01 -2.5787e-01 -2.7215e-01 -2.7582e-01 -2.6671e-01
9.3621e-01 1.0000e+00 1.0000e+00 2.8865e-01 2.7622e-01 2.1050e-01 2.1050e-01 -3.0583e-01 2.0403e-01 2.0403e-01 1.8759e-01 1.7609e-01 3.0697e-01 2.5676e-01 3.0125e-01 3.0157e-01 2.5238e-01 2.0296e-01 1.9991e-01 2.0380e-01 2.0380e-01 1.9344e-01 1.9473e-01 1.6856e-01 2.0713e-01 1.5846e-01 2.0713e-01 -1.5675e-01 1.7047e-01 -3.0850e-01 3.5213e-01 3.0824e-01 3.5989e-01 3.5550e-01 3.2402e-01 3.4671e-01 3.5437e-01 3.0149e-01 3.2471e-01 2.9195e-01 3.2913e-01 3.2615e-01 3.4116e-01 3.4414e-01 2.4930e-01 3.3787e-01 3.2317e-01 3.2615e-01 3.2913e-01 3.3961e-01 3.0707e-01 3.0408e-01 -3.1767e-01 -3.0707e-01 -3.1629e-01 -3.0707e-01 -3.0707e-01 -3.0707e-01 -3.0131e-01 -3.0430e-01 -3.0430e-01 -3.1492e-01 -3.0430e-01 -2.8507e-01 -3.0131e-01 -3.0430e-01 -2.3756e-01 -3.0131e-01 -3.0430e-01 -3.0292e-01 -3.3169e-01 -2.4334e-01 -3.1696e-01 -3.4663e-01 -3.4222e-01 -3.4670e-01 -3.3316e-01 -3.0216e-01 -3.4670e-01 -3.0004e-01 3.0685e-01 3.4670e-01 3.3987e-01 3.4670e-01 -3.0004e-01 3.4670e-01 3.4670e-01 3.4670e-01 -3.1386e-01 2.5858e-01 -2.5437e-01 2.6462e-01 2.6462e-01 -2.9737e-01 2.6026e-01 2.6026e-01 -3.0486e-01 -3.0187e-01 -3.0187e-01 -3.0486e-01 -3.0936e-01 -3.0785e-01 2.2034e-01 2.2639e-01 2.5899e-01 2.6612e-01 2.6410e-01 -2.6030e-01 -3.0543e-02 -1.3735e-01 -2.5601e-01 -2.5974e-01 -2.5787e-01 -2.7215e-01 -2.7582e-01 -2.6671e-01
2.9989e-01 2.8865e-01 2.8865e-01 1.0000e+00 9.8402e-01 8.1040e-01 8.1040e-01 -2.7350e-01 8.0586e-01 8.0586e-01 5.7792e-01 5.6554e-01 6.6170e-01 7.0086e-01 6.5539e-01 6.3597e-01 6.2292e-01 4.8072e-01 4.7889e-01 4.8141e-01 4.7342e-01 4.6010e-01 4.6226e-01 5.7255e-01 4.9521e-01 5.6023e-01 4.9521e-01 -9.2310e-02 5.7263e-01 -2.8407e-01 3.2212e-01 4.1851e-01 3.2635e-01 3.3032e-01 4.3408e-01 3.5288e-01 3.5799e-01 4.3112e-01 3.8238e-01 4.0839e-01 3.7427e-01 3.7255e-01 3.8226e-01 3.8398e-01 3.2848e-01 3.6506e-01 3.4649e-01 3.4416e-01 3.4589e-01 3.5453e-01 3.0070e-01 2.9893e-01 -3.0951e-01 -3.0070e-01 -3.0726e-01 -3.0070e-01 -3.0070e-01 -3.0070e-01 -2.9441e-01 -2.9618e-01 -2.9618e-01 -3.0501e-01 -2.9618e-01 -3.3737e-01 -2.9441e-01 -2.9618e-01 -2.7301e-01 -2.9441e-01 -2.9618e-01 -2.9392e-01 -2.9202e-01 -2.5462e-01 -3.1183e-01 -3.2586e-01 -3.2071e-01 -3.2483e-01 -3.1479e-01 -3.7870e-01 -3.2483e-01 -2.6578e-01 3.8003e-01 3.2071e-01 3.5280e-01 3.2071e-01 -2.6578e-01 3.2071e-01 3.2071e-01 3.2071e-01 -2.9974e-01 3.5469e-01 -2.4547e-01 3.5825e-01 3.5825e-01 -2.9388e-01 3.5424e-01 3.5424e-01 -2.9974e-01 -2.9802e-01 -2.9802e-01 -2.9974e-01 -3.0387e-01 -3.0146e-01 3.2757e-01 3.3112e-01 6.6971e-02 6.7246e-02 6.2282e-02 -6.6380e-02 -5.0808e-02 -8.2179e-02 -6.2604e-02 -6.7831e-02 -6.0565e-02 -7.0415e-02 -7.5560e-02 -8.0935e-02
3.0008e-01 2.7622e-01 2.7622e-01 9.8402e-01 1.0000e+00 8.0768e-01 8.0768e-01 -2.8289e-01 8.0312e-01 8.0312e-01 5.7574e-01 5.6345e-01 6.6050e-01 6.9814e-01 6.5822e-01 6.3144e-01 6.2064e-01 4.8839e-01 4.8655e-01 4.8902e-01 4.8104e-01 4.5988e-01 4.6202e-01 5.6552e-01 4.9753e-01 5.5312e-01 4.9753e-01 -9.0186e-02 5.6562e-01 -2.8674e-01 3.1949e-01 4.0910e-01 3.2674e-01 3.2760e-01 4.2457e-01 3.4711e-01 3.5240e-01 4.2635e-01 3.7664e-01 4.0327e-01 3.7259e-01 3.7086e-01 3.7665e-01 3.7839e-01 3.3398e-01 3.5928e-01 3.4479e-01 3.4248e-01 3.4017e-01 3.4890e-01 2.9545e-01 2.9770e-01 -3.0435e-01 -2.9545e-01 -3.0212e-01 -2.9545e-01 -2.9545e-01 -2.9545e-01 -2.9321e-01 -2.9098e-01 -2.9098e-01 -2.9989e-01 -2.9098e-01 -3.3297e-01 -2.9321e-01 -2.9098e-01 -2.7904e-01 -2.9321e-01 -2.9098e-01 -2.8874e-01 -2.9011e-01 -2.5089e-01 -3.1354e-01 -3.2776e-01 -3.2257e-01 -3.2669e-01 -3.1693e-01 -3.7785e-01 -3.2669e-01 -2.6856e-01 3.7922e-01 3.2257e-01 3.5131e-01 3.2257e-01 -2.6856e-01 3.2257e-01 3.2257e-01 3.2257e-01 -2.9741e-01 3.5386e-01 -2.4806e-01 3.5344e-01 3.5344e-01 -2.9567e-01 3.4944e-01 3.4944e-01 -2.9741e-01 -2.9567e-01 -2.9567e-01 -2.9741e-01 -3.0154e-01 -2.9915e-01 3.2268e-01 3.2627e-01 6.2009e-02 6.2462e-02 5.7323e-02 -6.1469e-02 -4.0231e-02 -8.2840e-02 -5.7822e-02 -6.2996e-02 -5.5759e-02 -6.5944e-02 -7.1038e-02 -7.6528e-02
2.2410e-01 2.1050e-01 2.1050e-01 8.1040e-01 8.0768e-01 1.0000e+00 1.0000e+00 -2.4124e-01 9.9581e-01 9.9581e-01 5.5082e-01 5.3251e-01 6.1434e-01 8.7635e-01 6.1169e-01 6.6210e-01 7.7780e-01 6.2708e-01 6.2551e-01 6.2490e-01 6.1672e-01 6.0067e-01 5.9909e-01 7.3355e-01 5.3802e-01 7.2245e-01 5.3802e-01 -2.2666e-01 7.3313e-01 -2.7563e-01 4.0150e-01 4.9476e-01 3.8400e-01 3.9457e-01 4.7514e-01 3.6469e-01 3.7516e-01 4.3871e-01 3.8569e-01 4.0562e-01 3.7738e-01 3.7592e-01 3.8759e-01 3.8905e-01 3.4478e-01 3.6885e-01 3.5368e-01 3.5514e-01 3.5661e-01 3.6394e-01 3.8515e-01 3.8367e-01 -3.9258e-01 -3.8515e-01 -3.8995e-01 -3.8515e-01 -3.8515e-01 -3.8515e-01 -3.7839e-01 -3.7988e-01 -3.7988e-01 -3.8732e-01 -3.7988e-01 -4.1056e-01 -3.7839e-01 -3.7988e-01 -3.6457e-01 -3.7839e-01 -3.7988e-01 -3.7725e-01 -3.8613e-01 -2.8806e-01 -3.3188e-01 -3.4214e-01 -3.3781e-01 -3.4203e-01 -3.2612e-01 -3.7482e-01 -3.4203e-01 -2.3520e-01 3.7118e-01 3.3781e-01 3.5205e-01 3.3781e-01 -2.3520e-01 3.3781e-01 3.3781e-01 3.3781e-01 -3.0521e-01 3.3792e-01 -2.1254e-01 3.4097e-01 3.4097e-01 -2.9952e-01 3.3687e-01 3.3687e-01 -3.0521e-01 -3.0376e-01 -3.0376e-01 -3.0521e-01 -3.0945e-01 -3.0667e-01 3.1132e-01 3.1437e-01 5.6213e-02 5.4168e-02 5.1410e-02 -5.4939e-02 -1.3771e-02 -7.0644e-02 -4.9412e-02 -4.5890e-02 -4.7653e-02 -6.2543e-02 -5.9105e-02 -6.3013e-02
2.2410e-01 2.1050e-01 2.1050e-01 8.1040e-01 8.0768e-01 1.0000e+00 1.0000e+00 -2.4124e-01 9.9581e-01 9.9581e-01 5.5082e-01 5.3251e-01 6.1434e-01 8.7635e-01 6.1169e-01 6.6210e-01 7.7780e-01 6.2708e-01 6.2551e-01 6.2490e-01 6.1672e-01 6.0067e-01 5.9909e-01 7.3355e-01 5.3802e-01 7.2245e-01 5.3802e-01 -2.2666e-01 7.3313e-01 -2.7563e-01 4.0150e-01 4.9476e-01 3.8400e-01 3.9457e-01 4.7514e-01 3.6469e-01 3.7516e-01 4.3871e-01 3.8569e-01 4.0562e-01 3.7738e-01 3.7592e-01 3.8759e-01 3.8905e-01 3.4478e-01 3.6885e-01 3.5368e-01 3.5514e-01 3.5661e-01 3.6394e-01 3.8515e-01 3.8367e-01 -3.9258e-01 -3.8515e-01 -3.8995e-01 -3.8515e-01 -3.8515e-01 -3.8515e-01 -3.7839e-01 -3.7988e-01 -3.7988e-01 -3.8732e-01 -3.7988e-01 -4.1056e-01 -3.7839e-01 -3.7988e-01 -3.6457e-01 -3.7839e-01 -3.7988e-01 -3.7725e-01 -3.8613e-01 -2.8806e-01 -3.3188e-01 -3.4214e-01 -3.3781e-01 -3.4203e-01 -3.2612e-01 -3.7482e-01 -3.4203e-01 -2.3520e-01 3.7118e-01 3.3781e-01 3.5205e-01 3.3781e-01 -2.3520e-01 3.3781e-01 3.3781e-01 3.3781e-01 -3.0521e-01 3.3792e-01 -2.1254e-01 3.4097e-01 3.4097e-01 -2.9952e-01 3.3687e-01 3.3687e-01 -3.0521e-01 -3.0376e-01 -3.0376e-01 -3.0521e-01 -3.0945e-01 -3.0667e-01 3.1132e-01 3.1437e-01 5.6213e-02 5.4168e-02 5.1410e-02 -5.4939e-02 -1.3771e-02 -7.0644e-02 -4.9412e-02 -4.5890e-02 -4.7653e-02 -6.2543e-02 -5.9105e-02 -6.3013e-02
-3.0111e-01 -3.0583e-01 -3.0583e-01 -2.7350e-01 -2.8289e-01 -2.4124e-01 -2.4124e-01 1.0000e+00 -2.4226e-01 -2.4226e-01 2.2242e-01 2.2503e-01 -1.5788e-01 -2.3649e-01 -1.5724e-01 -2.8931e-01 -2.2332e-01 -2.4825e-01 -2.4886e-01 -2.5069e-01 -2.5069e-01 -2.3872e-01 -2.3933e-01 -2.2625e-01 -2.1973e-01 -2.0062e-01 -2.1973e-01 5.3465e-01 -2.3241e-01 5.4120e-01 -3.5279e-01 -3.0723e-01 -2.9595e-01 -3.5711e-01 -3.1074e-01 -3.2448e-01 -3.3158e-01 -2.8958e-01 -3.2226e-01 -2.9695e-01 -3.2226e-01 -3.2300e-01 -3.2437e-01 -3.3085e-01 -2.8426e-01 -3.1724e-01 -3.1651e-01 -3.1577e-01 -3.1504e-01 -3.1861e-01 -2.9729e-01 -2.9798e-01 3.0102e-01 2.9729e-01 3.0034e-01 2.9729e-01 2.9729e-01 2.9729e-01 2.9660e-01 2.9591e-01 2.9591e-01 2.9966e-01 2.9591e-01 2.7045e-01 2.9660e-01 2.9591e-01 2.6119e-01 2.9660e-01 2.9591e-01 2.9523e-01 3.2776e-01 -1.9272e-02 3.2138e-01 3.4029e-01 3.4270e-01 3.4270e-01 3.2853e-01 2.8700e-01 3.4270e-01 5.2085e-01 -2.8505e-01 -3.4270e-01 -3.1429e-01 -3.4270e-01 5.2085e-01 -3.4270e-01 -3.4270e-01 -3.4270e-01 3.3941e-01 -2.7274e-01 5.2875e-01 -2.7144e-01 -2.7144e-01 3.4023e-01 -2.7144e-01 -2.7144e-01 3.3941e-01 3.3286e-01 3.4023e-01 3.3941e-01 3.3941e-01 3.3860e-01 -1.8973e-01 -2.0271e-01 -2.8876e-01 -2.8098e-01 -2.8876e-01 2.8651e-01 2.0230e-01 9.2705e-02 2.8098e-01 2.8318e-01 2.7379e-01 2.6718e-01 2.6925e-01 2.6410e-01
2.1719e-01 2.0403e-01 2.0403e-01 8.0586e-01 8.0312e-01 9.9581e-01 9.9581e-01 -2.4226e-01 1.0000e+00 1.0000e+00 5.5355e-01 5.3529e-01 6.1746e-01 8.8062e-01 6.1482e-01 6.6548e-01 7.8246e-01 6.3056e-01 6.2899e-01 6.2836e-01 6.2019e-01 6.0422e-01 6.0263e-01 7.3774e-01 5.4093e-01 7.2658e-01 5.4093e-01 -2.2819e-01 7.3734e-01 -2.7682e-01 4.0414e-01 4.9785e-01 3.8621e-01 3.9719e-01 4.7821e-01 3.5943e-01 3.6998e-01 4.3394e-01 3.8043e-01 4.0069e-01 3.7213e-01 3.7066e-01 3.8240e-01 3.8387e-01 3.4737e-01 3.6358e-01 3.4843e-01 3.4991e-01 3.5138e-01 3.5875e-01 3.8014e-01 3.7865e-01 -3.8760e-01 -3.8014e-01 -3.8498e-01 -3.8014e-01 -3.8014e-01 -3.8014e-01 -3.7340e-01 -3.7489e-01 -3.7489e-01 -3.8237e-01 -3.7489e-01 -4.0598e-01 -3.7340e-01 -3.7489e-01 -3.6739e-01 -3.7340e-01 -3.7489e-01 -3.7227e-01 -3.8070e-01 -2.8148e-01 -3.2618e-01 -3.3658e-01 -3.3222e-01 -3.3644e-01 -3.2074e-01 -3.7005e-01 -3.3644e-01 -2.3648e-01 3.6644e-01 3.3222e-01 3.4694e-01 3.3222e-01 -2.3648e-01 3.3222e-01 3.3222e-01 3.3222e-01 -2.9960e-01 3.3319e-01 -2.1374e-01 3.3625e-01 3.3625e-01 -2.9390e-01 3.3215e-01 3.3215e-01 -2.9960e-01 -2.9813e-01 -2.9813e-01 -2.9960e-01 -3.0383e-01 -3.0106e-01 3.0658e-01 3.0964e-01 4.8842e-02 4.6937e-02 4.4044e-02 -4.7609e-02 -1.4462e-02 -7.0942e-02 -4.2186e-02 -3.8627e-02 -4.0409e-02 -5.5546e-02 -5.2076e-02 -5.6070e-02
2.1719e-01 2.0403e-01 2.0403e-01 8.0586e-01 8.0312e-01 9.9581e-01 9.9581e-01 -2.4226e-01 1.0000e+00 1.0000e+00 5.5355e-01 5.3529e-01 6.1746e-01 8.8062e-01 6.1482e-01 6.6548e-01 7.8246e-01 6.3056e-01 6.2899e-01 6.2836e-01 6.2019e-01 6.0422e-01 6.0263e-01 7.3774e-01 5.4093e-01 7.2658e-01 5.4093e-01 -2.2819e-01 7.3734e-01 -2.7682e-01 4.0414e-01 4.9785e-01 3.8621e-01 3.9719e-01 4.7821e-01 3.5943e-01 3.6998e-01 4.3394e-01 3.8043e-01 4.0069e-01 3.7213e-01 3.7066e-01 3.8240e-01 3.8387e-01 3.4737e-01 3.6358e-01 3.4843e-01 3.4991e-01 3.5138e-01 3.5875e-01 3.8014e-01 3.7865e-01 -3.8760e-01 -3.8014e-01 -3.8498e-01 -3.8014e-01 -3.8014e-01 -3.8014e-01 -3.7340e-01 -3.7489e-01 -3.7489e-01 -3.8237e-01 -3.7489e-01 -4.0598e-01 -3.7340e-01 -3.7489e-01 -3.6739e-01 -3.7340e-01 -3.7489e-01 -3.7227e-01 -3.8070e-01 -2.8148e-01 -3.2618e-01 -3.3658e-01 -3.3222e-01 -3.3644e-01 -3.2074e-01 -3.7005e-01 -3.3644e-01 -2.3648e-01 3.6644e-01 3.3222e-01 3.4694e-01 3.3222e-01 -2.3648e-01 3.3222e-01 3.3222e-01 3.3222e-01 -2.9960e-01 3.3319e-01 -2.1374e-01 3.3625e-01 3.3625e-01 -2.9390e-01 3.3215e-01 3.3215e-01 -2.9960e-01 -2.9813e-01 -2.9813e-01 -2.9960e-01 -3.0383e-01 -3.0106e-01 3.0658e-01 3.0964e-01 4.8842e-02 4.6937e-02 4.4044e-02 -4.7609e-02 -1.4462e-02 -7.0942e-02 -4.2186e-02 -3.8627e-02 -4.0409e-02 -5.5546e-02 -5.2076e-02 -5.6070e-02
2.0913e-01 1.8759e-01 1.8759e-01 5.7792e-01 5.7574e-01 5.5082e-01 5.5082e-01 2.2242e-01 5.5355e-01 5.5355e-01 1.0000e+00 9.8129e-01 8.7109e-01 6.2874e-01 8.6933e-01 7.7106e-01 5.5207e-01 6.3029e-01 6.3188e-01 6.3258e-01 6.2443e-01 6.1174e-01 6.0924e-01 4.9279e-01 6.3700e-01 5.0141e-01 6.3700e-01 1.6387e-01 4.8578e-01 -2.3011e-02 3.1904e-01 1.9954e-01 3.4594e-01 3.2412e-01 2.1609e-01 3.4769e-01 3.3449e-01 2.6173e-01 3.7974e-01 3.3063e-01 3.7974e-01 3.7735e-01 3.7581e-01 3.7407e-01 3.4072e-01 3.6842e-01 3.5423e-01 3.5249e-01 3.5074e-01 3.5448e-01 3.1622e-01 3.1790e-01 -3.2015e-01 -3.1622e-01 -3.1847e-01 -3.1622e-01 -3.1622e-01 -3.1622e-01 -3.1454e-01 -3.1286e-01 -3.1286e-01 -3.1680e-01 -3.1286e-01 -2.7189e-01 -3.1454e-01 -3.1286e-01 -3.0000e-01 -3.1454e-01 -3.1286e-01 -3.1118e-01 -2.8485e-01 -4.3696e-01 -3.1149e-01 -3.0902e-01 -3.1021e-01 -3.1442e-01 -3.1163e-01 -3.0175e-01 -3.1442e-01 -2.4131e-02 2.9684e-01 3.0600e-01 3.3588e-01 3.1021e-01 -2.4131e-02 3.1021e-01 3.1021e-01 3.1021e-01 -2.7285e-01 2.5269e-01 1.1199e-02 2.4943e-01 2.4943e-01 -2.6620e-01 2.4534e-01 2.4534e-01 -2.6441e-01 -2.6620e-01 -2.6620e-01 -2.6441e-01 -2.6863e-01 -2.6684e-01 2.5513e-01 2.5186e-01 -1.0198e-02 -8.8059e-03 -1.9776e-02 1.3890e-02 8.8932e-02 -4.3206e-02 2.3033e-02 2.8902e-02 2.1214e-02 -3.6146e-04 5.3427e-03 -4.2197e-03
2.0245e-01 1.7609e-01 1.7609e-01 5.6554e-01 5.6345e-01 5.3251e-01 5.3251e-01 2.2503e-01 5.3529e-01 5.3529e-01 9.8129e-01 1.0000e+00 8.8850e-01 6.4378e-01 8.8263e-01 7.8373e-01 5.6273e-01 6.3903e-01 6.4063e-01 6.4139e-01 6.3325e-01 6.2043e-01 6.1796e-01 5.0017e-01 6.4355e-01 5.0887e-01 6.4355e-01 1.6227e-01 4.9314e-01 -1.9324e-02 3.3628e-01 2.1484e-01 3.6130e-01 3.4151e-01 2.3148e-01 3.5914e-01 3.4572e-01 2.7195e-01 3.9104e-01 3.4119e-01 3.9104e-01 3.8868e-01 3.8695e-01 3.8520e-01 3.5416e-01 3.7983e-01 3.6565e-01 3.6388e-01 3.6212e-01 3.6571e-01 3.2707e-01 3.2877e-01 -3.3087e-01 -3.2707e-01 -3.2918e-01 -3.2707e-01 -3.2707e-01 -3.2707e-01 -3.2537e-01 -3.2367e-01 -3.2367e-01 -3.2748e-01 -3.2367e-01 -2.8169e-01 -3.2537e-01 -3.2367e-01 -3.1240e-01 -3.2537e-01 -3.2367e-01 -3.2197e-01 -2.7600e-01 -4.2938e-01 -3.2418e-01 -3.2135e-01 -3.2262e-01 -3.2682e-01 -3.2355e-01 -3.1204e-01 -3.2682e-01 -2.0316e-02 3.0708e-01 3.1842e-01 3.4701e-01 3.2262e-01 -2.0316e-02 3.2262e-01 3.2262e-01 3.2262e-01 -2.8548e-01 2.6309e-01 1.4682e-02 2.5979e-01 2.5979e-01 -2.7888e-01 2.5571e-01 2.5571e-01 -2.7706e-01 -2.7888e-01 -2.7888e-01 -2.7706e-01 -2.8127e-01 -2.7946e-01 2.6970e-01 2.6639e-01 -1.1072e-02 -9.8397e-03 -2.0630e-02 1.4802e-02 9.0484e-02 -4.2198e-02 2.4035e-02 2.9846e-02 2.2198e-02 9.7559e-04 6.6240e-03 -2.8099e-03
3.4371e-01 3.0697e-01 3.0697e-01 6.6170e-01 6.6050e-01 6.1434e-01 6.1434e-01 -1.5788e-01 6.1746e-01 6.1746e-01 8.7109e-01 8.8850e-01 1.0000e+00 7.2457e-01 9.9398e-01 8.8734e-01 6.4003e-01 7.4315e-01 7.4495e-01 7.4639e-01 7.3840e-01 7.2397e-01 7.2177e-01 5.8379e-01 7.6588e-01 5.9759e-01 7.6588e-01 -1.1001e-01 5.8055e-01 -3.4300e-01 4.8642e-01 3.4370e-01 5.3417e-01 4.9327e-01 3.6139e-01 4.9206e-01 4.7606e-01 3.9028e-01 5.2253e-01 4.6382e-01 5.2253e-01 5.2050e-01 5.1654e-01 5.1454e-01 5.0955e-01 5.1237e-01 4.9816e-01 4.9614e-01 4.9413e-01 4.9625e-01 4.5283e-01 4.5477e-01 -4.5525e-01 -4.5283e-01 -4.5332e-01 -4.5283e-01 -4.5283e-01 -4.5283e-01 -4.5090e-01 -4.4896e-01 -4.4896e-01 -4.5140e-01 -4.4896e-01 -3.9527e-01 -4.5090e-01 -4.4896e-01 -4.5578e-01 -4.5090e-01 -4.4896e-01 -4.4703e-01 -4.1451e-01 -3.5526e-01 -4.7087e-01 -4.6393e-01 -4.6613e-01 -4.7025e-01 -4.6151e-01 -4.3137e-01 -4.7025e-01 -3.2709e-01 4.2575e-01 4.6201e-01 4.7621e-01 4.6613e-01 -3.2709e-01 4.6613e-01 4.6613e-01 4.6613e-01 -4.3125e-01 3.7529e-01 -3.0191e-01 3.7156e-01 3.7156e-01 -4.1681e-01 3.6756e-01 3.6756e-01 -4.1471e-01 -4.1268e-01 -4.1681e-01 -4.1471e-01 -4.1885e-01 -4.1675e-01 3.7877e-01 3.7503e-01 1.5441e-01 1.5212e-01 1.4502e-01 -1.4973e-01 -3.4421e-02 -3.1069e-02 -1.3818e-01 -1.3346e-01 -1.3582e-01 -1.5009e-01 -1.4545e-01 -1.5245e-01
2.6648e-01 2.5676e-01 2.5676e-01 7.0086e-01 6.9814e-01 8.7635e-01 8.7635e-01 -2.3649e-01 8.8062e-01 8.8062e-01 6.2874e-01 6.4378e-01 7.2457e-01 1.0000e+00 7.1783e-01 7.7253e-01 8.9549e-01 7.2960e-01 7.2802e-01 7.2735e-01 7.1920e-01 7.0335e-01 7.0175e-01 8.4351e-01 6.3640e-01 8.3207e-01 6.3640e-01 -2.3612e-01 8.4322e-01 -2.7862e-01 4.9761e-01 5.9716e-01 4.7541e-01 4.9090e-01 5.7763e-01 4.5527e-01 4.4906e-01 5.3306e-01 4.6788e-01 4.9586e-01 4.5960e-01 4.5815e-01 4.6972e-01 4.7118e-01 4.2881e-01 4.5112e-01 4.3598e-01 4.3743e-01 4.3888e-01 4.4614e-01 4.6722e-01 4.6574e-01 -4.7463e-01 -4.6722e-01 -4.7201e-01 -4.6722e-01 -4.6722e-01 -4.6722e-01 -4.6048e-01 -4.6196e-01 -4.6196e-01 -4.6939e-01 -4.6196e-01 -4.9705e-01 -4.6048e-01 -4.6196e-01 -4.4738e-01 -4.6048e-01 -4.6196e-01 -4.5933e-01 -4.4769e-01 -3.5205e-01 -4.1505e-01 -4.2496e-01 -4.2071e-01 -4.2492e-01 -4.0452e-01 -4.6109e-01 -4.2492e-01 -2.4468e-01 4.5339e-01 4.1650e-01 4.2599e-01 4.2071e-01 -2.4468e-01 4.2071e-01 4.2071e-01 4.2071e-01 -3.8409e-01 4.2019e-01 -2.2217e-01 4.2325e-01 4.2325e-01 -3.8266e-01 4.1916e-01 4.1916e-01 -3.8831e-01 -3.8688e-01 -3.8688e-01 -3.8831e-01 -3.9253e-01 -3.8974e-01 3.8954e-01 3.9668e-01 8.5729e-02 8.3563e-02 8.0937e-02 -8.4420e-02 -3.3074e-03 -7.1389e-02 -7.4074e-02 -7.0581e-02 -7.2330e-02 -8.7054e-02 -8.3641e-02 -8.7500e-02
3.4243e-01 3.0125e-01 3.0125e-01 6.5539e-01 6.5822e-01 6.1169e-01 6.1169e-01 -1.5724e-01 6.1482e-01 6.1482e-01 8.6933e-01 8.8263e-01 9.9398e-01 7.1783e-01 1.0000e+00 8.8520e-01 6.3726e-01 7.4500e-01 7.4681e-01 7.4826e-01 7.4027e-01 7.2581e-01 7.2361e-01 5.8129e-01 7.6811e-01 5.9512e-01 7.6811e-01 -1.0913e-01 5.7804e-01 -3.4222e-01 4.8485e-01 3.3786e-01 5.3281e-01 4.9171e-01 3.5556e-01 4.8625e-01 4.7022e-01 3.8432e-01 5.1671e-01 4.5792e-01 5.1671e-01 5.1468e-01 5.1070e-01 5.0870e-01 5.0803e-01 5.0656e-01 4.9234e-01 4.9032e-01 4.8830e-01 4.9042e-01 4.4696e-01 4.4891e-01 -4.4936e-01 -4.4696e-01 -4.4743e-01 -4.4696e-01 -4.4696e-01 -4.4696e-01 -4.4503e-01 -4.4309e-01 -4.4309e-01 -4.4551e-01 -4.4309e-01 -3.8925e-01 -4.4503e-01 -4.4309e-01 -4.5414e-01 -4.4503e-01 -4.4309e-01 -4.4116e-01 -4.0873e-01 -3.4953e-01 -4.6512e-01 -4.5817e-01 -4.6037e-01 -4.6449e-01 -4.5572e-01 -4.2544e-01 -4.6449e-01 -3.2629e-01 4.1981e-01 4.5625e-01 4.7037e-01 4.6037e-01 -3.2629e-01 4.6037e-01 4.6037e-01 4.6037e-01 -4.2551e-01 3.6937e-01 -3.0117e-01 3.6563e-01 3.6563e-01 -4.1107e-01 3.6162e-01 3.6162e-01 -4.0897e-01 -4.0693e-01 -4.1107e-01 -4.0897e-01 -4.1310e-01 -4.1100e-01 3.7687e-01 3.7311e-01 1.5326e-01 1.5096e-01 1.4388e-01 -1.4858e-01 -3.4070e-02 -3.0884e-02 -1.3702e-01 -1.3230e-01 -1.3466e-01 -1.4888e-01 -1.4426e-01 -1.5124e-01
3.2942e-01 3.0157e-01 3.0157e-01 6.3597e-01 6.3144e-01 6.6210e-01 6.6210e-01 -2.8931e-01 6.6548e-01 6.6548e-01 7.7106e-01 7.8373e-01 8.8734e-01 7.7253e-01 8.8520e-01 1.0000e+00 7.0961e-01 8.1922e-01 8.2118e-01 8.2309e-01 8.1513e-01 7.8757e-01 7.8554e-01 6.5970e-01 7.9663e-01 6.5810e-01 7.9663e-01 -1.6846e-01 6.5621e-01 -3.4441e-01 5.0423e-01 3.5704e-01 4.9049e-01 4.9527e-01 3.7547e-01 4.9254e-01 4.7499e-01 3.8549e-01 5.2239e-01 4.5819e-01 5.2239e-01 5.2053e-01 5.1530e-01 5.1718e-01 4.5874e-01 5.0872e-01 4.9441e-01 4.9224e-01 4.9007e-01 4.9138e-01 5.0513e-01 5.0723e-01 -5.0667e-01 -5.0513e-01 -5.0458e-01 -5.0513e-01 -5.0513e-01 -5.0513e-01 -5.0303e-01 -5.0093e-01 -5.0093e-01 -5.0249e-01 -5.0093e-01 -4.3916e-01 -5.0303e-01 -5.0093e-01 -4.6578e-01 -5.0303e-01 -5.0093e-01 -4.9883e-01 -4.7049e-01 -3.6305e-01 -4.5379e-01 -4.6126e-01 -4.6394e-01 -4.6804e-01 -4.5642e-01 -4.1953e-01 -4.6804e-01 -3.0845e-01 4.1347e-01 4.5983e-01 4.7048e-01 4.6394e-01 -3.0845e-01 4.6394e-01 4.6394e-01 4.6394e-01 -4.2592e-01 3.5971e-01 -2.7958e-01 3.5967e-01 3.5967e-01 -4.1583e-01 3.5568e-01 3.5568e-01 -4.1769e-01 -4.1583e-01 -4.1994e-01 -4.1769e-01 -4.2180e-01 -4.1955e-01 3.3587e-01 3.3981e-01 1.4203e-01 1.3858e-01 1.3268e-01 -1.3704e-01 -3.2449e-02 -9.0968e-02 -1.2470e-01 -1.2033e-01 -1.2252e-01 -1.3442e-01 -1.3013e-01 -1.3629e-01
2.6525e-01 2.5238e-01 2.5238e-01 6.2292e-01 6.2064e-01 7.7780e-01 7.7780e-01 -2.2332e-01 7.8246e-01 7.8246e-01 5.5207e-01 5.6273e-01 6.4003e-01 8.9549e-01 6.3726e-01 7.0961e-01 1.0000e+00 7.2302e-01 7.2152e-01 7.1703e-01 7.0877e-01 6.9184e-01 6.9033e-01 8.3277e-01 6.0844e-01 8.2187e-01 6.0844e-01 -2.5044e-01 8.3223e-01 -2.6324e-01 4.9053e-01 5.9186e-01 4.5726e-01 4.8425e-01 5.7259e-01 4.5473e-01 4.4737e-01 5.3545e-01 4.5459e-01 4.8345e-01 4.5459e-01 4.5324e-01 4.6413e-01 4.6550e-01 4.2681e-01 4.4632e-01 4.3086e-01 4.3222e-01 4.3359e-01 4.4043e-01 4.6806e-01 4.6667e-01 -4.7503e-01 -4.6806e-01 -4.7643e-01 -4.6806e-01 -4.6806e-01 -4.6806e-01 -4.6111e-01 -4.6251e-01 -4.6251e-01 -4.6951e-01 -4.6251e-01 -4.9692e-01 -4.6111e-01 -4.6251e-01 -4.5016e-01 -4.6111e-01 -4.6251e-01 -4.6391e-01 -4.4430e-01 -3.4920e-01 -4.0141e-01 -4.1442e-01 -4.1042e-01 -4.1469e-01 -3.9218e-01 -4.5494e-01 -4.1469e-01 -2.2818e-01 4.4682e-01 4.0616e-01 4.1938e-01 4.1042e-01 -2.2818e-01 4.1042e-01 4.1042e-01 4.1042e-01 -3.7380e-01 4.1347e-01 -2.0669e-01 4.1636e-01 4.1636e-01 -3.7246e-01 4.1221e-01 4.1221e-01 -3.7808e-01 -3.7674e-01 -3.7674e-01 -3.7808e-01 -3.8237e-01 -3.7943e-01 3.7867e-01 3.8156e-01 6.1764e-02 5.8944e-02 5.6906e-02 -6.0258e-02 -6.4482e-03 -6.7561e-02 -5.8944e-02 -5.5608e-02 -5.7278e-02 -6.6061e-02 -6.2789e-02 -6.6231e-02
2.3351e-01 2.0296e-01 2.0296e-01 4.8072e-01 4.8839e-01 6.2708e-01 6.2708e-01 -2.4825e-01 6.3056e-01 6.3056e-01 6.3029e-01 6.3903e-01 7.4315e-01 7.2960e-01 7.4500e-01 8.1922e-01 7.2302e-01 1.0000e+00 9.9801e-01 9.9208e-01 9.8413e-01 9.4834e-01 9.4634e-01 7.9175e-01 8.0573e-01 8.0219e-01 8.0573e-01 -3.7439e-01 7.8828e-01 -3.4424e-01 6.4463e-01 4.7782e-01 5.8493e-01 6.3631e-01 4.6043e-01 5.8276e-01 5.6454e-01 4.6821e-01 5.7200e-01 5.1001e-01 5.7200e-01 5.7019e-01 5.6454e-01 5.6636e-01 5.4247e-01 5.7063e-01 5.5626e-01 5.5403e-01 5.5180e-01 5.5283e-01 5.6549e-01 5.6764e-01 -5.6677e-01 -5.6549e-01 -5.6864e-01 -5.6549e-01 -5.6549e-01 -5.6549e-01 -5.6333e-01 -5.6119e-01 -5.6119e-01 -5.6250e-01 -5.6119e-01 -5.0119e-01 -5.6333e-01 -5.6119e-01 -5.4207e-01 -5.6333e-01 -5.6119e-01 -5.5904e-01 -5.3327e-01 -4.2977e-01 -5.1031e-01 -5.2101e-01 -5.2389e-01 -5.2799e-01 -5.1520e-01 -4.7866e-01 -5.2799e-01 -3.0791e-01 4.7246e-01 5.1978e-01 5.2757e-01 5.2389e-01 -3.0791e-01 5.2389e-01 5.2389e-01 5.2389e-01 -4.8210e-01 4.1486e-01 -2.7982e-01 4.1473e-01 4.1473e-01 -4.7208e-01 4.1074e-01 4.1074e-01 -4.7387e-01 -4.7208e-01 -4.7620e-01 -4.7387e-01 -4.7799e-01 -4.7566e-01 3.3134e-01 3.3522e-01 9.4651e-02 9.1378e-02 8.5309e-02 -8.9713e-02 -4.1244e-02 -8.9354e-02 -8.6753e-02 -8.2364e-02 -8.4561e-02 -9.2042e-02 -8.7726e-02 -9.3949e-02
2.3472e-01 1.9991e-01 1.9991e-01 4.7889e-01 4.8655e-01 6.2551e-01 6.2551e-01 -2.4886e-01 6.2899e-01 6.2899e-01 6.3188e-01 6.4063e-01 7.4495e-01 7.2802e-01 7.4681e-01 8.2118e-01 7.2152e-01 9.9801e-01 1.0000e+00 9.9405e-01 9.8610e-01 9.5035e-01 9.4834e-01 7.9009e-01 8.0740e-01 8.0454e-01 8.0740e-01 -3.7525e-01 7.8663e-01 -3.4495e-01 6.4195e-01 4.7554e-01 5.8618e-01 6.3360e-01 4.5813e-01 5.8037e-01 5.6219e-01 4.6609e-01 5.7366e-01 5.1180e-01 5.7366e-01 5.7185e-01 5.6219e-01 5.6402e-01 5.4389e-01 5.7228e-01 5.5791e-01 5.5569e-01 5.5346e-01 5.5047e-01 5.6723e-01 5.6939e-01 -5.6453e-01 -5.6723e-01 -5.6640e-01 -5.6723e-01 -5.6723e-01 -5.6723e-01 -5.6509e-01 -5.6294e-01 -5.6294e-01 -5.6027e-01 -5.6294e-01 -4.9915e-01 -5.6509e-01 -5.6294e-01 -5.4362e-01 -5.6509e-01 -5.6294e-01 -5.6080e-01 -5.3487e-01 -4.3106e-01 -5.1182e-01 -5.2256e-01 -5.2543e-01 -5.2953e-01 -5.1680e-01 -4.7651e-01 -5.2953e-01 -3.0864e-01 4.7032e-01 5.2132e-01 5.2524e-01 5.2543e-01 -3.0864e-01 5.2543e-01 5.2543e-01 5.2543e-01 -4.8363e-01 4.1271e-01 -2.8051e-01 4.1259e-01 4.1259e-01 -4.7360e-01 4.0860e-01 4.0860e-01 -4.7540e-01 -4.7360e-01 -4.7772e-01 -4.7540e-01 -4.7951e-01 -4.7719e-01 3.3317e-01 3.3705e-01 9.5761e-02 9.2509e-02 8.6418e-02 -9.0829e-02 -4.1586e-02 -8.9532e-02 -8.7884e-02 -8.3489e-02 -8.5689e-02 -9.3212e-02 -8.8891e-02 -9.5129e-02
2.3837e-01 2.0380e-01 2.0380e-01 4.8141e-01 4.8902e-01 6.2490e-01 6.2490e-01 -2.5069e-01 6.2836e-01 6.2836e-01 6.3258e-01 6.4139e-01 7.4639e-01 7.2735e-01 7.4826e-01 8.2309e-01 7.1703e-01 9.9208e-01 9.9405e-01 1.0000e+00 9.9205e-01 9.5639e-01 9.5437e-01 7.9321e-01 8.1242e-01 8.0758e-01 8.1242e-01 -3.7782e-01 7.8978e-01 -3.4709e-01 6.4639e-01 4.7674e-01 5.8995e-01 6.3798e-01 4.5927e-01 5.8533e-01 5.6726e-01 4.6773e-01 5.7866e-01 5.1717e-01 5.7866e-01 5.7684e-01 5.6726e-01 5.6910e-01 5.4817e-01 5.7725e-01 5.6289e-01 5.6067e-01 5.5846e-01 5.5552e-01 5.7249e-01 5.7463e-01 -5.6984e-01 -5.7249e-01 -5.6772e-01 -5.7249e-01 -5.7249e-01 -5.7249e-01 -5.7035e-01 -5.6822e-01 -5.6822e-01 -5.6560e-01 -5.6822e-01 -5.0498e-01 -5.7035e-01 -5.6822e-01 -5.4826e-01 -5.7035e-01 -5.6822e-01 -5.6609e-01 -5.3970e-01 -4.3494e-01 -5.1636e-01 -5.2723e-01 -5.3007e-01 -5.3417e-01 -5.2161e-01 -4.8205e-01 -5.3417e-01 -3.1085e-01 4.7590e-01 5.2596e-01 5.3035e-01 5.3007e-01 -3.1085e-01 5.3007e-01 5.3007e-01 5.3007e-01 -4.8822e-01 4.1825e-01 -2.8257e-01 4.1815e-01 4.1815e-01 -4.7818e-01 4.1416e-01 4.1416e-01 -4.7998e-01 -4.7818e-01 -4.8230e-01 -4.7998e-01 -4.8410e-01 -4.8179e-01 3.3866e-01 3.4256e-01 9.9092e-02 9.5904e-02 8.9749e-02 -9.4178e-02 -4.2615e-02 -9.0068e-02 -9.1279e-02 -8.6866e-02 -8.9075e-02 -9.6726e-02 -9.2386e-02 -9.8670e-02
2.3837e-01 2.0380e-01 2.0380e-01 4.7342e-01 4.8104e-01 6.1672e-01 6.1672e-01 -2.5069e-01 6.2019e-01 6.2019e-01 6.2443e-01 6.3325e-01 7.3840e-01 7.1920e-01 7.4027e-01 8.1513e-01 7.0877e-01 9.8413e-01 9.8610e-01 9.9205e-01 1.0000e+00 9.6434e-01 9.6232e-01 8.0129e-01 8.2049e-01 8.1565e-01 8.2049e-01 -3.8877e-01 7.9786e-01 -3.4709e-01 6.5470e-01 4.8477e-01 5.9877e-01 6.4632e-01 4.6731e-01 5.9342e-01 5.7532e-01 4.7569e-01 5.8674e-01 5.2517e-01 5.8674e-01 5.8492e-01 5.7532e-01 5.7716e-01 5.5657e-01 5.8533e-01 5.7098e-01 5.6876e-01 5.6654e-01 5.6359e-01 5.8051e-01 5.8265e-01 -5.7785e-01 -5.8051e-01 -5.7573e-01 -5.8051e-01 -5.8051e-01 -5.8051e-01 -5.7837e-01 -5.7623e-01 -5.7623e-01 -5.7361e-01 -5.7623e-01 -5.1294e-01 -5.7837e-01 -5.7623e-01 -5.5647e-01 -5.7837e-01 -5.7623e-01 -5.7410e-01 -5.3970e-01 -4.3494e-01 -5.1636e-01 -5.2723e-01 -5.3007e-01 -5.3417e-01 -5.2161e-01 -4.9002e-01 -5.3417e-01 -3.1085e-01 4.8387e-01 5.2596e-01 5.3840e-01 5.3007e-01 -3.1085e-01 5.3007e-01 5.3007e-01 5.3007e-01 -4.8822e-01 4.2622e-01 -2.8257e-01 4.2612e-01 4.2612e-01 -4.7818e-01 4.2213e-01 4.2213e-01 -4.7998e-01 -4.7818e-01 -4.8230e-01 -4.7998e-01 -4.8410e-01 -4.8179e-01 3.4664e-01 3.5054e-01 9.4420e-02 9.1279e-02 8.5078e-02 -8.9520e-02 -4.2615e-02 -9.0068e-02 -8.6653e-02 -8.2227e-02 -8.4443e-02 -9.2179e-02 -8.7828e-02 -9.4140e-02
2.2867e-01 1.9344e-01 1.9344e-01 4.6010e-01 4.5988e-01 6.0067e-01 6.0067e-01 -2.3872e-01 6.0422e-01 6.0422e-01 6.1174e-01 6.2043e-01 7.2397e-01 7.0335e-01 7.2581e-01 7.8757e-01 6.9184e-01 9.4834e-01 9.5035e-01 9.5639e-01 9.6434e-01 1.0000e+00 9.9801e-01 8.3480e-01 8.3139e-01 8.4927e-01 8.3139e-01 -4.2030e-01 8.3133e-01 -3.4769e-01 6.9694e-01 5.2307e-01 6.1521e-01 6.8886e-01 5.0583e-01 6.2876e-01 6.1021e-01 5.0856e-01 6.1790e-01 5.5486e-01 6.1790e-01 6.1613e-01 6.1021e-01 6.1200e-01 5.6200e-01 6.1258e-01 5.9818e-01 5.9592e-01 5.9366e-01 5.9453e-01 6.0662e-01 6.0880e-01 -6.0778e-01 -6.0662e-01 -6.0561e-01 -6.0662e-01 -6.0662e-01 -6.0662e-01 -6.0444e-01 -6.0227e-01 -6.0227e-01 -6.0345e-01 -6.0227e-01 -5.4117e-01 -6.0444e-01 -6.0227e-01 -5.6053e-01 -6.0444e-01 -6.0227e-01 -6.0010e-01 -5.6755e-01 -4.6818e-01 -5.4557e-01 -5.5581e-01 -5.5879e-01 -5.6290e-01 -5.4951e-01 -5.1916e-01 -5.6290e-01 -3.1110e-01 5.1289e-01 5.5469e-01 5.6909e-01 5.5879e-01 -3.1110e-01 5.5879e-01 5.5879e-01 5.5879e-01 -5.1718e-01 4.5535e-01 -2.8354e-01 4.5518e-01 4.5518e-01 -5.0719e-01 4.5119e-01 4.5119e-01 -5.0895e-01 -5.0719e-01 -5.1131e-01 -5.0895e-01 -5.1307e-01 -5.1071e-01 3.7991e-01 3.8373e-01 1.0890e-01 9.6110e-02 9.9559e-02 -1.0389e-01 -3.9876e-02 -8.8647e-02 -1.0074e-01 -9.6422e-02 -9.8581e-02 -9.6458e-02 -9.2190e-02 -9.8295e-02
2.2988e-01 1.9473e-01 1.9473e-01 4.6226e-01 4.6202e-01 5.9909e-01 5.9909e-01 -2.3933e-01 6.0263e-01 6.0263e-01 6.0924e-01 6.1796e-01 7.2177e-01 7.0175e-01 7.2361e-01 7.8554e-01 6.9033e-01 9.4634e-01 9.4834e-01 9.5437e-01 9.6232e-01 9.9801e-01 1.0000e+00 8.3716e-01 8.3304e-01 8.5161e-01 8.3304e-01 -4.2114e-01 8.3371e-01 -3.4839e-01 6.9840e-01 5.2480e-01 6.1645e-01 6.9031e-01 5.0754e-01 6.3040e-01 6.1189e-01 5.1042e-01 6.1955e-01 5.5664e-01 6.1955e-01 6.1777e-01 6.1189e-01 6.1368e-01 5.6341e-01 6.1422e-01 5.9982e-01 5.9757e-01 5.9531e-01 5.9620e-01 6.0836e-01 6.1054e-01 -6.0953e-01 -6.0836e-01 -6.0737e-01 -6.0836e-01 -6.0836e-01 -6.0836e-01 -6.0619e-01 -6.0401e-01 -6.0401e-01 -6.0522e-01 -6.0401e-01 -5.4310e-01 -6.0619e-01 -6.0401e-01 -5.6207e-01 -6.0619e-01 -6.0401e-01 -6.0185e-01 -5.6915e-01 -4.6946e-01 -5.4707e-01 -5.5736e-01 -5.6033e-01 -5.6443e-01 -5.5110e-01 -5.2099e-01 -5.6443e-01 -3.1182e-01 5.1474e-01 5.5622e-01 5.7078e-01 5.6033e-01 -3.1182e-01 5.6033e-01 5.6033e-01 5.6033e-01 -5.1870e-01 4.5719e-01 -2.8422e-01 4.5702e-01 4.5702e-01 -5.0871e-01 4.5304e-01 4.5304e-01 -5.1047e-01 -5.0871e-01 -5.1283e-01 -5.1047e-01 -5.1458e-01 -5.1223e-01 3.8173e-01 3.8556e-01 1.1001e-01 9.7239e-02 1.0067e-01 -1.0500e-01 -4.0218e-02 -8.8823e-02 -1.0186e-01 -9.7545e-02 -9.9708e-02 -9.7627e-02 -9.3353e-02 -9.9473e-02
1.7757e-01 1.6856e-01 1.6856e-01 5.7255e-01 5.6552e-01 7.3355e-01 7.3355e-01 -2.2625e-01 7.3774e-01 7.3774e-01 4.9279e-01 5.0017e-01 5.8379e-01 8.4351e-01 5.8129e-01 6.5970e-01 8.3277e-01 7.9175e-01 7.9009e-01 7.9321e-01 8.0129e-01 8.3480e-01 8.3716e-01 1.0000e+00 7.0076e-01 9.7958e-01 6.9666e-01 -3.5331e-01 9.9179e-01 -2.8559e-01 6.0206e-01 7.0801e-01 5.1701e-01 5.9530e-01 6.8838e-01 5.6206e-01 5.5641e-01 6.4693e-01 5.4596e-01 5.7604e-01 5.3775e-01 5.3626e-01 5.4821e-01 5.4971e-01 4.7381e-01 5.2917e-01 5.1423e-01 5.1572e-01 5.1722e-01 5.2472e-01 5.4690e-01 5.4537e-01 -5.5458e-01 -5.4690e-01 -5.5205e-01 -5.4690e-01 -5.4690e-01 -5.4690e-01 -5.4029e-01 -5.4182e-01 -5.4182e-01 -5.4953e-01 -5.4182e-01 -5.8040e-01 -5.4029e-01 -5.4182e-01 -4.9454e-01 -5.4029e-01 -5.4182e-01 -5.3929e-01 -5.1671e-01 -4.2194e-01 -4.7439e-01 -4.8912e-01 -4.8474e-01 -4.8892e-01 -4.6974e-01 -5.3863e-01 -4.8892e-01 -2.5267e-01 5.3124e-01 4.8057e-01 5.0104e-01 4.8474e-01 -2.5267e-01 4.8474e-01 4.8474e-01 4.8474e-01 -4.4818e-01 4.9811e-01 -2.2892e-01 5.0129e-01 5.0129e-01 -4.4671e-01 4.9723e-01 4.9723e-01 -4.5236e-01 -4.5089e-01 -4.5089e-01 -4.5236e-01 -4.5655e-01 -4.5383e-01 4.1065e-01 4.1790e-01 6.2284e-02 5.1677e-02 5.7536e-02 -6.1259e-02 -1.0936e-02 -7.4718e-02 -5.6379e-02 -5.2664e-02 -5.4524e-02 -5.6979e-02 -5.3320e-02 -5.7832e-02
2.4108e-01 2.0713e-01 2.0713e-01 4.9521e-01 4.9753e-01 5.3802e-01 5.3802e-01 -2.1973e-01 5.4093e-01 5.4093e-01 6.3700e-01 6.4355e-01 7.6588e-01 6.3640e-01 7.6811e-01 7.9663e-01 6.0844e-01 8.0573e-01 8.0740e-01 8.1242e-01 8.2049e-01 8.3139e-01 8.3304e-01 7.0076e-01 1.0000e+00 7.0943e-01 9.9590e-01 -4.3124e-04 6.9378e-01 -4.1301e-01 4.8672e-01 3.4273e-01 6.4318e-01 4.7587e-01 3.3942e-01 4.6829e-01 4.5381e-01 3.7138e-01 5.1191e-01 4.5839e-01 5.1191e-01 5.0969e-01 5.0700e-01 5.0923e-01 6.1400e-01 5.0936e-01 4.9515e-01 4.9327e-01 4.9140e-01 4.9435e-01 5.1472e-01 5.1654e-01 -5.1788e-01 -5.1472e-01 -5.1608e-01 -5.1472e-01 -5.1472e-01 -5.1472e-01 -5.1291e-01 -5.1110e-01 -5.1110e-01 -5.1428e-01 -5.1110e-01 -4.6423e-01 -5.1291e-01 -5.1110e-01 -6.2598e-01 -5.1291e-01 -5.1110e-01 -5.0929e-01 -4.6184e-01 -3.1729e-01 -4.6863e-01 -4.4296e-01 -4.4465e-01 -4.4882e-01 -4.3896e-01 -4.3204e-01 -4.4882e-01 -3.7830e-01 4.2683e-01 4.4049e-01 4.7098e-01 4.4465e-01 -3.7830e-01 4.4465e-01 4.4465e-01 4.4465e-01 -4.0435e-01 3.7131e-01 -3.4539e-01 3.6785e-01 3.6785e-01 -3.8957e-01 3.6380e-01 3.6380e-01 -3.8763e-01 -3.8539e-01 -3.8957e-01 -3.8763e-01 -3.9181e-01 -3.8987e-01 3.3773e-01 3.3427e-01 1.5030e-02 5.9847e-03 1.5030e-02 -1.1076e-02 -6.0414e-02 7.5180e-02 -1.2884e-03 4.2318e-03 1.4678e-03 -4.1484e-03 1.2698e-03 -7.6258e-03
1.8005e-01 1.5846e-01 1.5846e-01 5.6023e-01 5.5312e-01 7.2245e-01 7.2245e-01 -2.0062e-01 7.2658e-01 7.2658e-01 5.0141e-01 5.0887e-01 5.9759e-01 8.3207e-01 5.9512e-01 6.5810e-01 8.2187e-01 8.0219e-01 8.0454e-01 8.0758e-01 8.1565e-01 8.4927e-01 8.5161e-01 9.7958e-01 7.0943e-01 1.0000e+00 7.0943e-01 -3.6332e-01 9.7962e-01 -2.9567e-01 5.9290e-01 6.9265e-01 5.2354e-01 5.8600e-01 6.7292e-01 5.5041e-01 5.3687e-01 6.3673e-01 5.3853e-01 5.6947e-01 5.3443e-01 5.3292e-01 5.3279e-01 5.3431e-01 4.8573e-01 5.3400e-01 5.1911e-01 5.2062e-01 5.2214e-01 5.2156e-01 5.5232e-01 5.5077e-01 -5.5197e-01 -5.5232e-01 -5.4947e-01 -5.5232e-01 -5.5232e-01 -5.5232e-01 -5.4574e-01 -5.4730e-01 -5.4730e-01 -5.4698e-01 -5.4730e-01 -5.7484e-01 -5.4574e-01 -5.4730e-01 -5.0290e-01 -5.4574e-01 -5.4730e-01 -5.4479e-01 -5.2125e-01 -4.2006e-01 -4.7839e-01 -4.8506e-01 -4.8894e-01 -4.9310e-01 -4.7436e-01 -5.3253e-01 -4.9310e-01 -2.6281e-01 5.2522e-01 4.8477e-01 4.8991e-01 4.8894e-01 -2.6281e-01 4.8894e-01 4.8894e-01 4.8894e-01 -4.4816e-01 4.9209e-01 -2.3915e-01 4.9127e-01 4.9127e-01 -4.3832e-01 4.8722e-01 4.8722e-01 -4.3982e-01 -4.3832e-01 -4.4250e-01 -4.3982e-01 -4.4399e-01 -4.4131e-01 4.1281e-01 4.1605e-01 5.4692e-02 3.9685e-02 4.5216e-02 -4.9022e-02 -1.2997e-02 -7.5643e-02 -4.9068e-02 -4.5285e-02 -4.7179e-02 -4.5535e-02 -4.1799e-02 -4.6511e-02
2.4108e-01 2.0713e-01 2.0713e-01 4.9521e-01 4.9753e-01 5.3802e-01 5.3802e-01 -2.1973e-01 5.4093e-01 5.4093e-01 6.3700e-01 6.4355e-01 7.6588e-01 6.3640e-01 7.6811e-01 7.9663e-01 6.0844e-01 8.0573e-01 8.0740e-01 8.1242e-01 8.2049e-01 8.3139e-01 8.3304e-01 6.9666e-01 9.9590e-01 7.0943e-01 1.0000e+00 -4.3124e-04 6.9378e-01 -4.1301e-01 4.8672e-01 3.4273e-01 6.3871e-01 4.7587e-01 3.3942e-01 4.6829e-01 4.5381e-01 3.7138e-01 5.1191e-01 4.5839e-01 5.1191e-01 5.0969e-01 5.0700e-01 5.0923e-01 6.1400e-01 5.0936e-01 4.9515e-01 4.9327e-01 4.9140e-01 4.9435e-01 5.1472e-01 5.1654e-01 -5.1788e-01 -5.1472e-01 -5.1608e-01 -5.1472e-01 -5.1472e-01 -5.1472e-01 -5.1291e-01 -5.1110e-01 -5.1110e-01 -5.1428e-01 -5.1110e-01 -4.6423e-01 -5.1291e-01 -5.1110e-01 -6.2598e-01 -5.1291e-01 -5.1110e-01 -5.0929e-01 -4.6184e-01 -3.1729e-01 -4.6863e-01 -4.4296e-01 -4.4465e-01 -4.4882e-01 -4.3896e-01 -4.3204e-01 -4.4882e-01 -3.7830e-01 4.2683e-01 4.4049e-01 4.7098e-01 4.4465e-01 -3.7830e-01 4.4465e-01 4.4465e-01 4.4465e-01 -4.0435e-01 3.7131e-01 -3.4539e-01 3.6785e-01 3.6785e-01 -3.8957e-01 3.6380e-01 3.6380e-01 -3.8763e-01 -3.8539e-01 -3.8957e-01 -3.8763e-01 -3.9181e-01 -3.8987e-01 3.3773e-01 3.3427e-01 1.0287e-02 1.2884e-03 1.0287e-02 -6.3463e-03 -4.8351e-02 7.5180e-02 3.4078e-03 8.9410e-03 6.1706e-03 4.6808e-04 5.8980e-03 -3.0266e-03
-1.7490e-01 -1.5675e-01 -1.5675e-01 -9.2310e-02 -9.0186e-02 -2.2666e-01 -2.2666e-01 5.3465e-01 -2.2819e-01 -2.2819e-01 1.6387e-01 1.6227e-01 -1.1001e-01 -2.3612e-01 -1.0913e-01 -1.6846e-01 -2.5044e-01 -3.7439e-01 -3.7525e-01 -3.7782e-01 -3.8877e-01 -4.2030e-01 -4.2114e-01 -3.5331e-01 -4.3124e-04 -3.6332e-01 -4.3124e-04 1.0000e+00 -3.5740e-01 3.9929e-01 -5.4546e-01 -4.6504e-01 -2.5725e-01 -5.2873e-01 -4.4788e-01 -4.2826e-01 -4.1808e-01 -3.6958e-01 -3.5282e-01 -3.2376e-01 -3.5282e-01 -3.5382e-01 -3.4589e-01 -3.4491e-01 -1.6655e-01 -3.5025e-01 -3.4925e-01 -3.4825e-01 -3.4725e-01 -3.4231e-01 -3.4512e-01 -3.4607e-01 3.4039e-01 3.4512e-01 3.3945e-01 3.4512e-01 3.4512e-01 3.4512e-01 3.4417e-01 3.4322e-01 3.4322e-01 3.3851e-01 3.4322e-01 3.0342e-01 3.4417e-01 3.4322e-01 1.5178e-01 3.4417e-01 3.4322e-01 3.4227e-01 3.7010e-01 1.1694e-01 3.2169e-01 3.6443e-01 3.6765e-01 3.6765e-01 3.5432e-01 3.0452e-01 3.6765e-01 3.3779e-01 -3.0182e-01 -3.6765e-01 -3.3644e-01 -3.6765e-01 3.3779e-01 -3.6765e-01 -3.6765e-01 -3.6765e-01 3.6740e-01 -2.8804e-01 3.5805e-01 -2.9173e-01 -2.9173e-01 3.6281e-01 -2.9173e-01 -2.9173e-01 3.6740e-01 3.6281e-01 3.6848e-01 3.6740e-01 3.6740e-01 3.6631e-01 -2.2569e-01 -2.3489e-01 -3.5848e-01 -3.4800e-01 -3.4560e-01 3.5545e-01 1.5509e-01 2.0820e-01 3.6075e-01 3.6374e-01 3.5586e-01 3.3565e-01 3.3846e-01 3.3147e-01
1.7979e-01 1.7047e-01 1.7047e-01 5.7263e-01 5.6562e-01 7.3313e-01 7.3313e-01 -2.3241e-01 7.3734e-01 7.3734e-01 4.8578e-01 4.9314e-01 5.8055e-01 8.4322e-01 5.7804e-01 6.5621e-01 8.3223e-01 7.8828e-01 7.8663e-01 7.8978e-01 7.9786e-01 8.3133e-01 8.3371e-01 9.9179e-01 6.9378e-01 9.7962e-01 6.9378e-01 -3.5740e-01 1.0000e+00 -2.9074e-01 6.0796e-01 7.1726e-01 5.1933e-01 6.0126e-01 6.9766e-01 5.6734e-01 5.6159e-01 6.5577e-01 5.4299e-01 5.7689e-01 5.3477e-01 5.3328e-01 5.4519e-01 5.4668e-01 4.7127e-01 5.2621e-01 5.1124e-01 5.1273e-01 5.1422e-01 5.2170e-01 5.4375e-01 5.4222e-01 -5.5140e-01 -5.4375e-01 -5.4886e-01 -5.4375e-01 -5.4375e-01 -5.4375e-01 -5.3712e-01 -5.3865e-01 -5.3865e-01 -5.4632e-01 -5.3865e-01 -5.8093e-01 -5.3712e-01 -5.3865e-01 -4.9177e-01 -5.3712e-01 -5.3865e-01 -5.3611e-01 -5.1796e-01 -4.1963e-01 -4.7587e-01 -4.9049e-01 -4.8614e-01 -4.9032e-01 -4.7097e-01 -5.3934e-01 -4.9032e-01 -2.5758e-01 5.3191e-01 4.8197e-01 4.9795e-01 4.8614e-01 -2.5758e-01 4.8614e-01 4.8614e-01 4.8614e-01 -4.4959e-01 4.9878e-01 -2.3426e-01 5.0195e-01 5.0195e-01 -4.4813e-01 4.9789e-01 4.9789e-01 -4.5378e-01 -4.5232e-01 -4.5232e-01 -4.5378e-01 -4.5797e-01 -4.5524e-01 4.1130e-01 4.1853e-01 6.0073e-02 4.9415e-02 5.5321e-02 -5.9034e-02 -1.0248e-02 -7.4412e-02 -5.4120e-02 -5.0415e-02 -5.2269e-02 -5.4640e-02 -5.0990e-02 -5.5475e-02
-3.3896e-01 -3.0850e-01 -3.0850e-01 -2.8407e-01 -2.8674e-01 -2.7563e-01 -2.7563e-01 5.4120e-01 -2.7682e-01 -2.7682e-01 -2.3011e-02 -1.9324e-02 -3.4300e-01 -2.7862e-01 -3.4222e-01 -3.4441e-01 -2.6324e-01 -3.4424e-01 -3.4495e-01 -3.4709e-01 -3.4709e-01 -3.4769e-01 -3.4839e-01 -2.8559e-01 -4.1301e-01 -2.9567e-01 -4.1301e-01 3.9929e-01 -2.9074e-01 1.0000e+00 -4.8201e-01 -4.0958e-01 -5.6027e-01 -4.6099e-01 -4.1376e-01 -4.0462e-01 -3.9598e-01 -3.5512e-01 -3.9563e-01 -3.6584e-01 -3.9563e-01 -3.9650e-01 -3.8963e-01 -3.8878e-01 -4.6611e-01 -3.9824e-01 -3.9737e-01 -3.9650e-01 -3.9563e-01 -3.9133e-01 -3.9996e-01 -4.0078e-01 3.9589e-01 3.9996e-01 3.9508e-01 3.9996e-01 3.9996e-01 3.9996e-01 3.9914e-01 3.9833e-01 3.9833e-01 3.9427e-01 3.9833e-01 3.5985e-01 3.9914e-01 3.9833e-01 4.5334e-01 3.9914e-01 3.9833e-01 3.9751e-01 4.3636e-01 8.4001e-02 4.3816e-01 4.2555e-01 4.2842e-01 4.2842e-01 4.1160e-01 3.5416e-01 4.2842e-01 9.0898e-01 -3.5186e-01 -4.2842e-01 -3.8624e-01 -4.2842e-01 9.0898e-01 -4.2842e-01 -4.2842e-01 -4.2842e-01 3.6833e-01 -2.7868e-01 8.5314e-01 -2.7717e-01 -2.7717e-01 3.5627e-01 -2.7717e-01 -2.7717e-01 3.5534e-01 3.4978e-01 3.5627e-01 3.5534e-01 3.5534e-01 3.5441e-01 -2.7541e-01 -2.7390e-01 -2.2780e-01 -2.1978e-01 -2.2780e-01 2.2549e-01 2.5702e-01 -3.2007e-02 2.1978e-01 2.2205e-01 2.1361e-01 2.0548e-01 2.0764e-01 2.0229e-01
