1.0000e+00 8.2929e-01 -6.6720e-02 7.8910e-02 4.3175e-02 5.9296e-02 -9.1275e-02 3.2207e-02 -2.3970e-02 -2.9063e-02 3.8183e-02 6.0231e-02 6.6626e-02 7.8917e-02 -5.0312e-03 -4.1387e-02 -8.4377e-03 4.3391e-02 -1.0858e-02 -2.1126e-02 -2.1955e-02 -1.8378e-02 7.0367e-02 1.9285e-02 -5.1156e-02 -1.0135e-02 3.3152e-02
8.2929e-01 1.0000e+00 -6.0319e-02 6.6405e-02 9.5868e-03 4.5975e-02 9.6356e-03 9.5314e-02 -5.5941e-03 4.9436e-02 1.1429e-01 6.8262e-02 7.9323e-02 5.2152e-02 -1.2981e-03 -4.4388e-02 -5.9709e-03 2.3803e-02 -8.3269e-03 -2.6141e-02 -4.1146e-02 6.6043e-03 4.4793e-02 3.4184e-02 -5.3384e-02 -1.6641e-02 5.0830e-02
-6.6720e-02 -6.0319e-02 1.0000e+00 6.8974e-02 -1.0127e-01 7.7153e-02 8.6572e-03 1.1361e-01 1.3406e-01 2.5355e-01 1.0832e-01 -3.8859e-02 -1.1183e-02 1.9442e-02 2.5173e-02 -5.0944e-02 -2.5490e-02 -8.7346e-03 5.0314e-02 2.2906e-02 8.2999e-03 -9.9877e-04 -2.4068e-03 -3.8840e-02 -4.7450e-02 3.4738e-02 -7.6932e-04
7.8910e-02 6.6405e-02 6.8974e-02 1.0000e+00 -1.2172e-02 8.9398e-01 3.2512e-02 -1.2172e-02 2.8609e-02 6.6273e-02 1.7615e-01 4.3351e-02 1.5026e-03 5.0714e-03 -3.2474e-02 -6.2433e-02 4.7899e-02 -6.9421e-03 -3.4495e-02 1.4467e-02 -2.6241e-02 2.3032e-02 7.2570e-05 -1.4601e-02 1.6742e-02 -8.2837e-03 -8.7275e-03
4.3175e-02 9.5868e-03 -1.0127e-01 -1.2172e-02 1.0000e+00 -1.3615e-02 -4.5243e-02 -8.3047e-03 -1.4850e-01 -1.5152e-01 -5.0632e-02 4.0411e-02 -1.9805e-02 3.6246e-03 -4.5496e-02 -1.9109e-02 2.8469e-03 -2.1167e-02 9.3339e-03 8.5985e-04 -1.9582e-02 3.7031e-03 4.9688e-02 4.2676e-03 -1.3793e-02 5.7779e-02 1.9505e-02
5.9296e-02 4.5975e-02 7.7153e-02 8.9398e-01 -1.3615e-02 1.0000e+00 2.4451e-02 -1.3615e-02 1.0775e-02 4.5830e-02 1.5392e-01 4.8492e-02 9.7327e-03 1.3491e-02 -1.5120e-02 -4.1565e-02 3.1757e-02 -7.7654e-03 -3.8585e-02 6.6622e-03 -2.9353e-02 2.5763e-02 -8.0851e-03 -1.6332e-02 1.8727e-02 -9.2660e-03 -1.7376e-02
-9.1275e-02 9.6356e-03 8.6572e-03 3.2512e-02 -4.5243e-02 2.4451e-02 1.0000e+00 -6.3290e-02 -1.5665e-01 2.9090e-01 -3.1800e-02 1.1043e-01 -8.7667e-02 -1.3308e-01 7.5891e-02 1.7329e-02 -3.0414e-02 -5.2181e-03 -4.0090e-03 5.2643e-02 -1.3415e-02 -4.6934e-02 -3.4961e-03 6.1611e-02 4.6433e-02 3.4954e-02 1.6010e-02
3.2207e-02 9.5314e-02 1.1361e-01 -1.2172e-02 -8.3047e-03 -1.3615e-02 -6.3290e-02 1.0000e+00 1.8367e-01 2.0207e-01 4.9356e-01 8.6295e-02 6.5548e-02 6.2818e-02 4.0134e-02 2.2982e-03 -6.3245e-02 -2.1167e-02 -2.8836e-02 1.5277e-02 -3.4690e-02 -6.2820e-02 1.2588e-02 -2.0126e-02 -5.7020e-02 -2.5258e-02 -3.5527e-03
-2.3970e-02 -5.5941e-03 1.3406e-01 2.8609e-02 -1.4850e-01 1.0775e-02 -1.5665e-01 1.8367e-01 1.0000e+00 4.3866e-01 8.8646e-02 -1.3571e-03 5.1022e-02 4.7866e-02 -7.6305e-02 -4.9192e-02 -2.5242e-02 -5.2485e-03 -4.7840e-03 -1.5873e-02 4.7587e-02 4.8341e-02 -4.8240e-02 -2.4648e-02 4.6187e-03 -4.4868e-02 2.3418e-02
-2.9063e-02 4.9436e-02 2.5355e-01 6.6273e-02 -1.5152e-01 4.5830e-02 2.9090e-01 2.0207e-01 4.3866e-01 1.0000e+00 1.2995e-01 -6.6906e-02 -4.6487e-02 -3.4656e-02 8.6270e-03 -1.1005e-01 -4.4407e-02 5.2485e-03 6.1571e-02 5.3407e-02 -1.3874e-02 -5.0419e-03 6.8444e-03 6.5024e-03 -4.4812e-02 -3.2342e-02 1.0886e-02
3.8183e-02 1.1429e-01 1.0832e-01 1.7615e-01 -5.0632e-02 1.5392e-01 -3.1800e-02 4.9356e-01 8.8646e-02 1.2995e-01 1.0000e+00 1.4566e-01 6.3833e-02 7.7003e-02 -3.1965e-02 -4.1345e-02 -4.0044e-02 -2.8877e-02 -8.8970e-03 2.9886e-03 -1.7837e-02 -6.7552e-02 -2.0341e-03 3.1421e-02 -2.8344e-02 -3.4458e-02 2.2497e-02
6.0231e-02 6.8262e-02 -3.8859e-02 4.3351e-02 4.0411e-02 4.8492e-02 1.1043e-01 8.6295e-02 -1.3571e-03 -6.6906e-02 1.4566e-01 1.0000e+00 3.4662e-02 4.6277e-02 7.7742e-02 2.5910e-02 4.3469e-02 -4.2376e-02 -1.5511e-02 -1.6457e-02 8.2518e-03 -1.1717e-02 -1.8023e-02 1.2861e-02 -1.0779e-03 2.3828e-02 -8.5151e-03
6.6626e-02 7.9323e-02 -1.1183e-02 1.5026e-03 -1.9805e-02 9.7327e-03 -8.7667e-02 6.5548e-02 5.1022e-02 -4.6487e-02 6.3833e-02 3.4662e-02 1.0000e+00 8.3676e-01 8.2592e-03 1.1977e-01 -4.6586e-02 4.4339e-02 -9.0682e-02 3.1929e-02 -2.9111e-03 -2.6267e-02 1.9355e-03 -2.8059e-02 7.4202e-03 -6.2780e-02 -3.4245e-03
7.8917e-02 5.2152e-02 1.9442e-02 5.0714e-03 3.6246e-03 1.3491e-02 -1.3308e-01 6.2818e-02 4.7866e-02 -3.4656e-02 7.7003e-02 4.6277e-02 8.3676e-01 1.0000e+00 8.8147e-03 1.0681e-01 -4.5573e-02 4.9331e-02 -9.3428e-02 5.6417e-02 1.4712e-02 -2.5843e-02 1.9600e-02 -7.4176e-02 3.6463e-02 -5.3457e-02 -2.5337e-03
-5.0312e-03 -1.2981e-03 2.5173e-02 -3.2474e-02 -4.5496e-02 -1.5120e-02 7.5891e-02 4.0134e-02 -7.6305e-02 8.6270e-03 -3.1965e-02 7.7742e-02 8.2592e-03 8.8147e-03 1.0000e+00 4.3911e-02 -3.5492e-02 3.5099e-02 -5.0751e-04 -3.2969e-02 -1.7006e-02 -5.0538e-02 8.0568e-03 -4.4001e-02 2.7779e-02 -5.5815e-02 2.9133e-02
-4.1387e-02 -4.4388e-02 -5.0944e-02 -6.2433e-02 -1.9109e-02 -4.1565e-02 1.7329e-02 2.2982e-03 -4.9192e-02 -1.1005e-01 -4.1345e-02 2.5910e-02 1.1977e-01 1.0681e-01 4.3911e-02 1.0000e+00 -4.7923e-02 -5.3630e-02 -1.4712e-01 2.6728e-02 -7.9239e-02 -4.3486e-03 -4.1365e-02 -6.5216e-02 1.2899e-02 4.0128e-02 1.2356e-02
-8.4377e-03 -5.9709e-03 -2.5490e-02 4.7899e-02 2.8469e-03 3.1757e-02 -3.0414e-02 -6.3245e-02 -2.5242e-02 -4.4407e-02 -4.0044e-02 4.3469e-02 -4.6586e-02 -4.5573e-02 -3.5492e-02 -4.7923e-02 1.0000e+00 -2.9789e-02 3.1537e-01 -1.8943e-01 2.1666e-01 1.6560e-01 -7.9483e-02 4.9696e-03 9.8579e-03 -7.1264e-02 -1.1551e-02
4.3391e-02 2.3803e-02 -8.7346e-03 -6.9421e-03 -2.1167e-02 -7.7654e-03 -5.2181e-03 -2.1167e-02 -5.2485e-03 5.2485e-03 -2.8877e-02 -4.2376e-02 4.4339e-02 4.9331e-02 3.5099e-02 -5.3630e-02 -2.9789e-02 1.0000e+00 -3.8216e-02 4.9040e-04 -4.5634e-02 -2.1605e-01 4.2445e-02 -2.5391e-02 -7.8667e-03 1.9871e-01 -1.5177e-02
-1.0858e-02 -8.3269e-03 5.0314e-02 -3.4495e-02 9.3339e-03 -3.8585e-02 -4.0090e-03 -2.8836e-02 -4.7840e-03 6.1571e-02 -8.8970e-03 -1.5511e-02 -9.0682e-02 -9.3428e-02 -5.0751e-04 -1.4712e-01 3.1537e-01 -3.8216e-02 1.0000e+00 -2.4270e-01 3.4706e-01 1.6964e-01 -9.6319e-02 -8.3071e-02 1.4802e-03 -5.3242e-02 2.2604e-02
-2.1126e-02 -2.6141e-02 2.2906e-02 1.4467e-02 8.5985e-04 6.6622e-03 5.2643e-02 1.5277e-02 -1.5873e-02 5.3407e-02 2.9886e-03 -1.6457e-02 3.1929e-02 5.6417e-02 -3.2969e-02 2.6728e-02 -1.8943e-01 4.9040e-04 -2.4270e-01 1.0000e+00 -1.4683e-01 3.7212e-02 7.7868e-02 -5.0722e-03 6.3714e-02 -3.7506e-02 -8.2585e-04
-2.1955e-02 -4.1146e-02 8.2999e-03 -2.6241e-02 -1.9582e-02 -2.9353e-02 -1.3415e-02 -3.4690e-02 4.7587e-02 -1.3874e-02 -1.7837e-02 8.2518e-03 -2.9111e-03 1.4712e-02 -1.7006e-02 -7.9239e-02 2.1666e-01 -4.5634e-02 3.4706e-01 -1.4683e-01 1.0000e+00 1.5140e-01 -1.0977e-01 -1.9226e-02 -4.8626e-02 -5.4452e-02 -2.9568e-03
-1.8378e-02 6.6043e-03 -9.9877e-04 2.3032e-02 3.7031e-03 2.5763e-02 -4.6934e-02 -6.2820e-02 4.8341e-02 -5.0419e-03 -6.7552e-02 -1.1717e-02 -2.6267e-02 -2.5843e-02 -5.0538e-02 -4.3486e-03 1.6560e-01 -2.1605e-01 1.6964e-01 3.7212e-02 1.5140e-01 1.0000e+00 -1.4677e-01 -9.8826e-02 3.2247e-03 -2.1585e-01 3.3714e-02
7.0367e-02 4.4793e-02 -2.4068e-03 7.2570e-05 4.9688e-02 -8.0851e-03 -3.4961e-03 1.2588e-02 -4.8240e-02 6.8444e-03 -2.0341e-03 -1.8023e-02 1.9355e-03 1.9600e-02 8.0568e-03 -4.1365e-02 -7.9483e-02 4.2445e-02 -9.6319e-02 7.7868e-02 -1.0977e-01 -1.4677e-01 1.0000e+00 -1.3324e-01 -2.3499e-02 -2.2127e-02 2.0573e-02
1.9285e-02 3.4184e-02 -3.8840e-02 -1.4601e-02 4.2676e-03 -1.6332e-02 6.1611e-02 -2.0126e-02 -2.4648e-02 6.5024e-03 3.1421e-02 1.2861e-02 -2.8059e-02 -7.4176e-02 -4.4001e-02 -6.5216e-02 4.9696e-03 -2.5391e-02 -8.3071e-02 -5.0722e-03 -1.9226e-02 -9.8826e-02 -1.3324e-01 1.0000e+00 -1.4008e-01 4.8574e-03 -9.9562e-03
-5.1156e-02 -5.3384e-02 -4.7450e-02 1.6742e-02 -1.3793e-02 1.8727e-02 4.6433e-02 -5.7020e-02 4.6187e-03 -4.4812e-02 -2.8344e-02 -1.0779e-03 7.4202e-03 3.6463e-02 2.7779e-02 1.2899e-02 9.8579e-03 -7.8667e-03 1.4802e-03 6.3714e-02 -4.8626e-02 3.2247e-03 -2.3499e-02 -1.4008e-01 1.0000e+00 3.4740e-02 -7.1518e-02
-1.0135e-02 -1.6641e-02 3.4738e-02 -8.2837e-03 5.7779e-02 -9.2660e-03 3.4954e-02 -2.5258e-02 -4.4868e-02 -3.2342e-02 -3.4458e-02 2.3828e-02 -6.2780e-02 -5.3457e-02 -5.5815e-02 4.0128e-02 -7.1264e-02 1.9871e-01 -5.3242e-02 -3.7506e-02 -5.4452e-02 -2.1585e-01 -2.2127e-02 4.8574e-03 3.4740e-02 1.0000e+00 -5.6485e-03
3.3152e-02 5.0830e-02 -7.6932e-04 -8.7275e-03 1.9505e-02 -1.7376e-02 1.6010e-02 -3.5527e-03 2.3418e-02 1.0886e-02 2.2497e-02 -8.5151e-03 -3.4245e-03 -2.5337e-03 2.9133e-02 1.2356e-02 -1.1551e-02 -1.5177e-02 2.2604e-02 -8.2585e-04 -2.9568e-03 3.3714e-02 2.0573e-02 -9.9562e-03 -7.1518e-02 -5.6485e-03 1.0000e+00
