1.0000e+00 9.9917e-02 1.8190e-02 1.4588e-02 -2.6342e-02 -4.6535e-03 1.1344e-01 -4.7364e-02 -2.6342e-02 -4.7112e-02 5.8307e-02 -1.4588e-02 9.5461e-04 3.7343e-03 4.4932e-02 -2.4760e-02 -3.9944e-02 -1.2455e-02 -1.8727e-02 6.7823e-03 2.5405e-02 6.7823e-03 -1.8190e-02 -2.1470e-02 -2.1689e-02 -1.3902e-02 3.2553e-02 6.6556e-02 3.5471e-02
9.9917e-02 1.0000e+00 -4.8409e-02 -1.3932e-01 5.4182e-03 3.2930e-02 2.0806e-02 -1.1518e-02 -3.0053e-02 4.8105e-03 2.1112e-02 1.4311e-02 2.8974e-02 3.3314e-02 1.7704e-03 -2.0463e-02 -8.3061e-02 -3.0403e-02 -6.8889e-03 -1.0190e-02 -1.6341e-04 -1.0190e-02 -5.2453e-02 -3.0231e-02 -4.4313e-02 2.1580e-02 1.5152e-02 4.2453e-02 3.9284e-02
1.8190e-02 -4.8409e-02 1.0000e+00 -1.3785e-02 -5.9279e-02 -3.1319e-02 1.5001e-02 -3.0916e-02 -5.9279e-02 -6.1439e-03 9.6802e-03 -6.0374e-02 -3.4573e-02 -3.7103e-02 1.8120e-04 -2.0930e-02 -4.9279e-02 -3.0543e-02 1.7696e-02 2.7704e-02 -6.6002e-03 2.7704e-02 -4.2646e-02 -2.2181e-02 -3.3770e-02 1.3137e-02 1.8673e-02 -4.2244e-03 -5.5029e-03
1.4588e-02 -1.3932e-01 -1.3785e-02 1.0000e+00 1.9962e-02 2.6714e-02 1.2030e-02 3.5894e-02 -3.2199e-02 3.5702e-02 -4.4187e-02 -8.0859e-02 2.5741e-02 2.3558e-02 1.6220e-03 1.0602e-01 -4.1636e-02 -4.0905e-02 1.4192e-02 -1.1955e-01 3.5511e-02 -1.1955e-01 1.3785e-02 -4.0415e-02 -1.2480e-01 1.0535e-02 1.4975e-02 -1.8625e-02 -1.9936e-02
-2.6342e-02 5.4182e-03 -5.9279e-02 1.9962e-02 1.0000e+00 -4.8236e-02 -2.1723e-02 -4.7070e-02 -3.6045e-02 -4.6650e-02 3.8497e-03 -1.9962e-02 6.4268e-02 6.7891e-02 1.6498e-02 3.0308e-02 -3.4256e-02 -1.0811e-01 -2.5626e-02 -4.0119e-02 -6.4121e-02 -4.0119e-02 1.7194e-02 -6.4011e-03 -6.3075e-02 -1.9024e-02 5.0680e-02 -4.4325e-02 -4.3419e-02
-4.6535e-03 3.2930e-02 -3.1319e-02 2.6714e-02 -4.8236e-02 1.0000e+00 1.5532e-01 -4.5865e-02 -2.7789e-03 -4.5229e-02 6.0126e-02 -2.6714e-02 5.8075e-02 5.4601e-02 6.2705e-02 -1.2952e-02 3.6518e-02 -1.6408e-02 -2.8734e-03 -3.3096e-02 -1.7112e-02 -3.3096e-02 9.5947e-02 -2.6524e-02 -2.8726e-02 -2.5458e-02 -6.3472e-03 1.5932e-02 1.8555e-02
1.1344e-01 2.0806e-02 1.5001e-02 1.2030e-02 -2.1723e-02 1.5532e-01 1.0000e+00 -3.9060e-02 -2.1723e-02 -3.8852e-02 -1.2003e-03 -1.2030e-02 -9.7622e-02 -9.5048e-02 6.6403e-03 1.8266e-02 1.6454e-04 2.4496e-02 -1.5444e-02 1.9334e-02 -3.8643e-02 1.9334e-02 5.3284e-02 3.7319e-03 -8.5968e-03 -1.1465e-02 -1.6296e-02 1.3040e-02 1.4331e-02
-4.7364e-02 -1.1518e-02 -3.0916e-02 3.5894e-02 -4.7070e-02 -4.5865e-02 -3.9060e-02 1.0000e+00 -6.4812e-02 9.6264e-01 -6.3027e-01 -3.5894e-02 -3.5147e-01 -3.4362e-01 -6.0218e-01 -8.1589e-03 -4.9365e-02 -7.9161e-02 -2.1552e-02 -3.9990e-02 -6.1671e-02 -3.9990e-02 -4.4757e-02 1.4549e-01 -4.8217e-02 -3.4206e-02 -2.0374e-03 -5.0331e-02 -6.3111e-02
-2.6342e-02 -3.0053e-02 -5.9279e-02 -3.2199e-02 -3.6045e-02 -2.7789e-03 -2.1723e-02 -6.4812e-02 1.0000e+00 -6.4467e-02 7.9787e-02 2.9300e-01 1.4109e-01 1.4450e-01 8.7727e-02 3.0308e-02 -3.4256e-02 -5.1565e-02 2.6082e-01 -1.3302e-02 -4.6227e-02 -1.3302e-02 1.7194e-02 -7.1887e-02 -2.6816e-02 -1.9024e-02 -2.7040e-02 -1.9825e-02 -1.8459e-02
-4.7112e-02 4.8105e-03 -6.1439e-03 3.5702e-02 -4.6650e-02 -4.5229e-02 -3.8852e-02 9.6264e-01 -6.4467e-02 1.0000e+00 -6.6173e-01 -3.5702e-02 -3.6237e-01 -3.6111e-01 -6.3196e-01 -8.7147e-03 -4.8635e-02 -7.0247e-02 -2.1202e-02 -3.9470e-02 -5.0060e-02 -3.9470e-02 -4.4518e-02 1.4246e-01 -4.7337e-02 -3.4024e-02 -1.5810e-03 -4.9782e-02 -6.2632e-02
5.8307e-02 2.1112e-02 9.6802e-03 -4.4187e-02 3.8497e-03 6.0126e-02 -1.2003e-03 -6.3027e-01 7.9787e-02 -6.6173e-01 1.0000e+00 4.4187e-02 4.7247e-01 4.7392e-01 8.6563e-01 -6.7087e-02 -3.6035e-02 -1.0526e-02 -6.2609e-03 6.1285e-02 -1.4136e-02 6.1285e-02 3.3505e-02 -1.4422e-01 9.3942e-03 4.2109e-02 1.9977e-02 6.0403e-02 7.0496e-02
-1.4588e-02 1.4311e-02 -6.0374e-02 -8.0859e-02 -1.9962e-02 -2.6714e-02 -1.2030e-02 -3.5894e-02 2.9300e-01 -3.5702e-02 4.4187e-02 1.0000e+00 9.0294e-02 9.2144e-02 4.8584e-02 1.6785e-02 4.1636e-02 4.0905e-02 -1.4192e-02 -2.2218e-02 2.7550e-02 -2.2218e-02 -1.3785e-02 1.9500e-03 2.8962e-02 -1.0535e-02 -1.4975e-02 1.8625e-02 1.9936e-02
9.5461e-04 2.8974e-02 -3.4573e-02 2.5741e-02 6.4268e-02 5.8075e-02 -9.7622e-02 -3.5147e-01 1.4109e-01 -3.6237e-01 4.7247e-01 9.0294e-02 1.0000e+00 9.7992e-01 5.2222e-01 1.8589e-01 8.8378e-02 3.0305e-02 2.4884e-02 5.2213e-02 2.4670e-02 5.2213e-02 3.4573e-02 2.4907e-02 7.6932e-02 4.5503e-02 5.0269e-02 1.2782e-01 1.2236e-01
3.7343e-03 3.3314e-02 -3.7103e-02 2.3558e-02 6.7891e-02 5.4601e-02 -9.5048e-02 -3.4362e-01 1.4450e-01 -3.6111e-01 4.7392e-01 9.2144e-02 9.7992e-01 1.0000e+00 5.2199e-01 1.8216e-01 9.3898e-02 1.1774e-02 2.7519e-02 3.6473e-02 4.9120e-03 3.6473e-02 3.7103e-02 2.6665e-02 6.9970e-02 4.7382e-02 5.2981e-02 1.3214e-01 1.2660e-01
4.4932e-02 1.7704e-03 1.8120e-04 1.6220e-03 1.6498e-02 6.2705e-02 6.6403e-03 -6.0218e-01 8.7727e-02 -6.3196e-01 8.6563e-01 4.8584e-02 5.2222e-01 5.2199e-01 1.0000e+00 3.4548e-01 -4.4411e-03 2.4578e-02 3.2887e-03 7.1829e-02 -7.5585e-03 7.1829e-02 4.0327e-02 -1.7952e-01 3.1362e-02 4.6300e-02 -2.7699e-02 7.2505e-02 8.1649e-02
-2.4760e-02 -2.0463e-02 -2.0930e-02 1.0602e-01 3.0308e-02 -1.2952e-02 1.8266e-02 -8.1589e-03 3.0308e-02 -8.7147e-03 -6.7087e-02 1.6785e-02 1.8589e-01 1.8216e-01 3.4548e-01 1.0000e+00 2.1941e-02 7.9491e-02 2.1547e-02 3.3733e-02 3.2852e-02 3.3733e-02 2.0930e-02 -1.1392e-01 3.1694e-02 1.5996e-02 -6.8753e-02 3.7270e-02 3.6508e-02
-3.9944e-02 -8.3061e-02 -4.9279e-02 -4.1636e-02 -3.4256e-02 3.6518e-02 1.6454e-04 -4.9365e-02 -3.4256e-02 -4.8635e-02 -3.6035e-02 4.1636e-02 8.8378e-02 9.3898e-02 -4.4411e-03 2.1941e-02 1.0000e+00 3.5365e-01 -3.8859e-02 -6.0836e-02 -9.7233e-02 -6.0836e-02 3.6837e-01 2.6112e-01 5.9165e-01 -2.8847e-02 6.6137e-02 -6.7215e-02 -6.5841e-02
-1.2455e-02 -3.0403e-02 -3.0543e-02 -4.0905e-02 -1.0811e-01 -1.6408e-02 2.4496e-02 -7.9161e-02 -5.1565e-02 -7.0247e-02 -1.0526e-02 4.0905e-02 3.0305e-02 1.1774e-02 2.4578e-02 7.9491e-02 3.5365e-01 1.0000e+00 -1.0098e-01 2.8245e-01 4.5144e-01 2.8245e-01 1.7525e-01 3.3040e-01 4.3715e-01 -7.4963e-02 -9.1703e-02 -1.6530e-01 -1.6156e-01
-1.8727e-02 -6.8889e-03 1.7696e-02 1.4192e-02 -2.5626e-02 -2.8734e-03 -1.5444e-02 -2.1552e-02 2.6082e-01 -2.1202e-02 -6.2609e-03 -1.4192e-02 2.4884e-02 2.7519e-02 3.2887e-03 2.1547e-02 -3.8859e-02 -1.0098e-01 1.0000e+00 -2.8522e-02 -4.5586e-02 -2.8522e-02 -1.7696e-02 -1.2094e-01 -4.4843e-02 -1.3525e-02 -1.9224e-02 -3.1513e-02 -3.0868e-02
6.7823e-03 -1.0190e-02 2.7704e-02 -1.1955e-01 -4.0119e-02 -3.3096e-02 1.9334e-02 -3.9990e-02 -1.3302e-02 -3.9470e-02 6.1285e-02 -2.2218e-02 5.2213e-02 3.6473e-02 7.1829e-02 3.3733e-02 -6.0836e-02 2.8245e-01 -2.8522e-02 1.0000e+00 -7.1367e-02 1.0000e+00 -2.7704e-02 2.0617e-01 5.8677e-01 -2.1173e-02 -3.0095e-02 -4.9334e-02 -4.8326e-02
2.5405e-02 -1.6341e-04 -6.6002e-03 3.5511e-02 -6.4121e-02 -1.7112e-02 -3.8643e-02 -6.1671e-02 -4.6227e-02 -5.0060e-02 -1.4136e-02 2.7550e-02 2.4670e-02 4.9120e-03 -7.5585e-03 3.2852e-02 -9.7233e-02 4.5144e-01 -4.5586e-02 -7.1367e-02 1.0000e+00 -7.1367e-02 -4.4279e-02 -5.7318e-03 -1.0125e-01 -3.3841e-02 -4.8101e-02 -7.8850e-02 -7.7238e-02
6.7823e-03 -1.0190e-02 2.7704e-02 -1.1955e-01 -4.0119e-02 -3.3096e-02 1.9334e-02 -3.9990e-02 -1.3302e-02 -3.9470e-02 6.1285e-02 -2.2218e-02 5.2213e-02 3.6473e-02 7.1829e-02 3.3733e-02 -6.0836e-02 2.8245e-01 -2.8522e-02 1.0000e+00 -7.1367e-02 1.0000e+00 -2.7704e-02 2.0617e-01 5.8677e-01 -2.1173e-02 -3.0095e-02 -4.9334e-02 -4.8326e-02
-1.8190e-02 -5.2453e-02 -4.2646e-02 1.3785e-02 1.7194e-02 9.5947e-02 5.3284e-02 -4.4757e-02 1.7194e-02 -4.4518e-02 3.3505e-02 -1.3785e-02 3.4573e-02 3.7103e-02 4.0327e-02 2.0930e-02 3.6837e-01 1.7525e-01 -1.7696e-02 -2.7704e-02 -4.4279e-02 -2.7704e-02 1.0000e+00 6.8733e-02 -4.3557e-02 -1.3137e-02 -1.8673e-02 -3.0609e-02 -2.9984e-02
-2.1470e-02 -3.0231e-02 -2.2181e-02 -4.0415e-02 -6.4011e-03 -2.6524e-02 3.7319e-03 1.4549e-01 -7.1887e-02 1.4246e-01 -1.4422e-01 1.9500e-03 2.4907e-02 2.6665e-02 -1.7952e-01 -1.1392e-01 2.6112e-01 3.3040e-01 -1.2094e-01 2.0617e-01 -5.7318e-03 2.0617e-01 6.8733e-02 1.0000e+00 3.7078e-01 7.1505e-02 -1.2989e-02 -1.9113e-01 -1.8651e-01
-2.1689e-02 -4.4313e-02 -3.3770e-02 -1.2480e-01 -6.3075e-02 -2.8726e-02 -8.5968e-03 -4.8217e-02 -2.6816e-02 -4.7337e-02 9.3942e-03 2.8962e-02 7.6932e-02 6.9970e-02 3.1362e-02 3.1694e-02 5.9165e-01 4.3715e-01 -4.4843e-02 5.8677e-01 -1.0125e-01 5.8677e-01 -4.3557e-02 3.7078e-01 1.0000e+00 -3.3289e-02 -4.7316e-02 -7.7565e-02 -7.5979e-02
-1.3902e-02 2.1580e-02 1.3137e-02 1.0535e-02 -1.9024e-02 -2.5458e-02 -1.1465e-02 -3.4206e-02 -1.9024e-02 -3.4024e-02 4.2109e-02 -1.0535e-02 4.5503e-02 4.7382e-02 4.6300e-02 1.5996e-02 -2.8847e-02 -7.4963e-02 -1.3525e-02 -2.1173e-02 -3.3841e-02 -2.1173e-02 -1.3137e-02 7.1505e-02 -3.3289e-02 1.0000e+00 -1.4271e-02 -2.3394e-02 -2.2915e-02
3.2553e-02 1.5152e-02 1.8673e-02 1.4975e-02 5.0680e-02 -6.3472e-03 -1.6296e-02 -2.0374e-03 -2.7040e-02 -1.5810e-03 1.9977e-02 -1.4975e-02 5.0269e-02 5.2981e-02 -2.7699e-02 -6.8753e-02 6.6137e-02 -9.1703e-02 -1.9224e-02 -3.0095e-02 -4.8101e-02 -3.0095e-02 -1.8673e-02 -1.2989e-02 -4.7316e-02 -1.4271e-02 1.0000e+00 -3.3251e-02 -3.2571e-02
6.6556e-02 4.2453e-02 -4.2244e-03 -1.8625e-02 -4.4325e-02 1.5932e-02 1.3040e-02 -5.0331e-02 -1.9825e-02 -4.9782e-02 6.0403e-02 1.8625e-02 1.2782e-01 1.3214e-01 7.2505e-02 3.7270e-02 -6.7215e-02 -1.6530e-01 -3.1513e-02 -4.9334e-02 -7.8850e-02 -4.9334e-02 -3.0609e-02 -1.9113e-01 -7.7565e-02 -2.3394e-02 -3.3251e-02 1.0000e+00 9.5890e-01
3.5471e-02 3.9284e-02 -5.5029e-03 -1.9936e-02 -4.3419e-02 1.8555e-02 1.4331e-02 -6.3111e-02 -1.8459e-02 -6.2632e-02 7.0496e-02 1.9936e-02 1.2236e-01 1.2660e-01 8.1649e-02 3.6508e-02 -6.5841e-02 -1.6156e-01 -3.0868e-02 -4.8326e-02 -7.7238e-02 -4.8326e-02 -2.9984e-02 -1.8651e-01 -7.5979e-02 -2.2915e-02 -3.2571e-02 9.5890e-01 1.0000e+00
