1.0000e+00 4.9909e-02 7.0921e-02 9.3472e-02 -4.0833e-02 -4.0574e-02 -2.2014e-02 -9.3087e-02 1.4290e-01 1.4448e-01 -2.1547e-02 -4.8136e-02 -5.3339e-02 -4.5140e-02 -6.9599e-03 -4.7887e-02 6.8101e-02 6.5907e-02 6.5595e-02 -5.0974e-02 6.4663e-02 6.4663e-02 -1.5444e-02 -4.4594e-02 -2.7107e-02 -6.6027e-03 -2.6743e-02 -1.7159e-02 -7.9105e-03 -7.9105e-03 -8.2103e-03 -3.1052e-02 -3.0497e-02 -1.6606e-02 -2.9881e-02 -2.9881e-02 -3.1192e-02 -2.7822e-02 3.9879e-02 8.2095e-02 1.2357e-02 6.8363e-02 6.9151e-02 5.1856e-02 5.1856e-02 5.8798e-02 1.0455e-02 -3.7163e-02 2.4851e-02 -2.6743e-02
4.9909e-02 1.0000e+00 5.1771e-01 5.1737e-02 -1.4086e-02 -1.4833e-02 -1.2385e-02 -4.5799e-02 2.6793e-03 -6.9381e-03 1.9767e-02 6.1726e-02 7.6973e-02 6.5937e-02 5.1979e-02 5.4514e-02 2.8318e-02 8.4906e-03 9.2450e-03 -2.6950e-02 1.1504e-02 1.1504e-02 1.5250e-02 -5.2244e-02 4.2597e-02 1.5495e-02 4.1204e-02 -1.2398e-01 7.0450e-02 7.0450e-02 7.1206e-02 6.5677e-02 4.1243e-02 2.0277e-02 3.8417e-02 3.8417e-02 2.9729e-02 4.5306e-02 3.5420e-02 -5.8767e-02 8.3300e-02 1.5341e-02 3.2465e-02 4.9093e-02 4.9093e-02 3.0530e-02 5.0734e-02 8.8314e-02 8.5016e-02 -3.8941e-02
7.0921e-02 5.1771e-01 1.0000e+00 4.1482e-02 -9.0378e-03 -1.0341e-02 5.3217e-02 -3.3305e-02 4.2494e-02 3.2515e-02 -2.2668e-02 2.9974e-02 3.0459e-02 2.3064e-02 1.1819e-02 2.4012e-02 3.1318e-02 5.9881e-02 6.1178e-02 -3.9957e-02 6.0569e-02 6.0569e-02 -4.1717e-02 -5.6863e-02 1.7090e-02 5.5107e-03 1.3930e-02 -7.4489e-02 4.8031e-02 4.8031e-02 4.9455e-02 4.0694e-02 2.6777e-02 -4.6239e-02 1.9369e-02 1.9369e-02 5.6284e-04 1.1504e-03 -7.0954e-03 -7.4191e-03 6.9769e-02 2.5662e-02 3.2738e-02 2.7778e-02 2.7778e-02 3.8667e-02 6.4707e-03 4.6036e-02 6.0345e-02 2.4997e-03
9.3472e-02 5.1737e-02 4.1482e-02 1.0000e+00 -4.5790e-01 -4.6114e-01 -4.7197e-01 -9.7853e-01 -2.4118e-01 -2.4106e-01 -1.9328e-02 9.0070e-02 7.8780e-02 4.6836e-02 1.2613e-01 3.6055e-02 -1.8225e-02 5.2667e-02 5.1311e-02 2.7611e-04 4.7252e-02 4.7252e-02 -1.6169e-02 1.7392e-01 -5.8015e-03 -9.5847e-02 -1.3930e-02 1.0933e-01 3.2762e-02 3.2762e-02 3.1229e-02 4.5867e-02 2.2092e-02 -2.5685e-02 3.2262e-02 3.2262e-02 1.9305e-02 3.1914e-02 3.0601e-02 6.1818e-02 -3.0338e-03 -4.7481e-02 -7.2483e-02 -4.6055e-02 -4.6055e-02 -6.9410e-02 -3.4773e-02 -5.5151e-02 -1.2648e-01 8.9308e-03
-4.0833e-02 -1.4086e-02 -9.0378e-03 -4.5790e-01 1.0000e+00 9.9797e-01 8.6026e-01 4.6373e-01 6.8328e-01 6.7983e-01 -8.6299e-02 -1.2966e-02 -2.1076e-02 1.3249e-02 -8.3418e-02 1.0147e-02 3.9785e-02 4.5067e-02 4.3270e-02 -7.1083e-02 4.2033e-02 4.2033e-02 -2.7695e-02 -6.9590e-02 4.5071e-02 -4.7587e-03 6.0681e-02 -9.3780e-02 4.4551e-02 4.4551e-02 4.2503e-02 1.8744e-03 1.1168e-02 -2.3402e-02 -8.5180e-04 -8.5180e-04 1.8392e-03 -5.3338e-03 -3.1297e-02 -4.6858e-02 -1.1605e-02 1.2639e-03 2.5969e-02 1.9264e-03 1.9264e-03 2.6318e-02 6.6927e-02 4.1320e-02 7.8740e-02 -1.3096e-02
-4.0574e-02 -1.4833e-02 -1.0341e-02 -4.6114e-01 9.9797e-01 1.0000e+00 8.6201e-01 4.6697e-01 6.8491e-01 6.8144e-01 -8.6004e-02 -1.1544e-02 -1.9588e-02 1.4641e-02 -8.2897e-02 1.1573e-02 3.7888e-02 4.2484e-02 4.0692e-02 -6.8764e-02 3.9471e-02 3.9471e-02 -2.7473e-02 -6.8947e-02 4.5488e-02 -3.4437e-03 6.1097e-02 -9.3552e-02 4.5716e-02 4.5716e-02 4.3672e-02 2.8917e-03 1.2182e-02 -2.3162e-02 -4.0709e-04 -4.0709e-04 2.3042e-03 -4.9210e-03 -3.0696e-02 -5.0882e-02 -9.9690e-03 -6.4814e-04 2.4268e-02 4.5243e-04 4.5243e-04 2.4550e-02 6.6791e-02 3.8616e-02 7.7425e-02 -1.2702e-02
-2.2014e-02 -1.2385e-02 5.3217e-02 -4.7197e-01 8.6026e-01 8.6201e-01 1.0000e+00 4.8222e-01 7.1063e-01 7.0581e-01 -7.8644e-02 2.6717e-02 2.4286e-02 5.0364e-02 -7.8486e-02 5.0314e-02 3.1081e-03 5.0779e-02 4.9227e-02 -6.7402e-02 4.4581e-02 4.4581e-02 -1.1512e-02 -5.0399e-02 2.2815e-02 -1.5724e-02 3.7867e-02 -7.7897e-02 1.6307e-02 1.6307e-02 1.4576e-02 -4.9084e-03 9.1020e-03 -2.2921e-02 2.6991e-03 2.6991e-03 -1.0875e-02 -6.2001e-03 -1.6785e-02 -4.6048e-02 -1.7199e-02 1.7060e-02 3.4395e-02 -3.2022e-03 -3.2022e-03 2.9024e-02 5.7574e-02 4.4775e-02 9.4343e-02 -1.6584e-02
-9.3087e-02 -4.5799e-02 -3.3305e-02 -9.7853e-01 4.6373e-01 4.6697e-01 4.8222e-01 1.0000e+00 2.3787e-01 2.3310e-01 1.9657e-02 -9.7662e-02 -8.6180e-02 -4.9942e-02 -1.3403e-01 -4.3710e-02 1.6140e-02 -5.0931e-02 -4.9572e-02 2.2593e-03 -4.9995e-02 -4.9995e-02 -2.8742e-03 -1.7303e-01 -5.0448e-03 9.7179e-02 1.4348e-02 -1.0894e-01 -4.1570e-02 -4.1570e-02 -4.0022e-02 -5.0126e-02 -2.6400e-02 2.5927e-02 -3.1748e-02 -3.1748e-02 -1.8783e-02 -3.1434e-02 -2.9910e-02 -6.6101e-02 4.8070e-03 5.4083e-02 7.9385e-02 4.8978e-02 4.8978e-02 7.6195e-02 3.4570e-02 4.7602e-02 1.2491e-01 -8.4908e-03
1.4290e-01 2.6793e-03 4.2494e-02 -2.4118e-01 6.8328e-01 6.8491e-01 7.1063e-01 2.3787e-01 1.0000e+00 9.6418e-01 -5.8893e-02 -1.1412e-01 -1.0816e-01 -1.0613e-01 -1.3380e-01 -9.9307e-02 1.4907e-01 1.7017e-01 1.6863e-01 -1.9353e-01 1.7270e-01 1.7270e-01 -2.5043e-02 -3.5843e-02 2.1554e-02 5.2108e-03 3.6572e-02 -7.3181e-02 3.3380e-02 3.3380e-02 3.1706e-02 1.8475e-02 2.2050e-02 -3.4954e-02 3.0179e-03 3.0179e-03 9.2827e-03 -7.3959e-03 -2.9528e-03 -7.7193e-03 1.1762e-02 2.8066e-02 2.1126e-02 1.1342e-02 1.1342e-02 2.2480e-02 5.4854e-02 1.8060e-02 3.2917e-02 3.4066e-03
1.4448e-01 -6.9381e-03 3.2515e-02 -2.4106e-01 6.7983e-01 6.8144e-01 7.0581e-01 2.3310e-01 9.6418e-01 1.0000e+00 -5.7721e-02 -1.1742e-01 -1.1545e-01 -1.0965e-01 -1.4027e-01 -1.0258e-01 1.5419e-01 1.6413e-01 1.6260e-01 -1.8426e-01 1.6675e-01 1.6675e-01 -2.4151e-02 -4.0254e-02 1.2366e-02 1.5377e-02 2.7269e-02 -7.2326e-02 3.3432e-02 3.3432e-02 3.1772e-02 1.2312e-02 1.5834e-02 -3.4019e-02 -5.1181e-03 -5.1181e-03 1.6284e-03 -1.6367e-02 -7.9937e-03 -1.4058e-02 1.4380e-02 3.2805e-02 2.2569e-02 9.6050e-03 9.6050e-03 2.3598e-02 5.4364e-02 1.1110e-02 2.7386e-02 5.0923e-03
-2.1547e-02 1.9767e-02 -2.2668e-02 -1.9328e-02 -8.6299e-02 -8.6004e-02 -7.8644e-02 1.9657e-02 -5.8893e-02 -5.7721e-02 1.0000e+00 1.8434e-01 1.7476e-01 1.6281e-01 -1.8056e-02 1.5773e-01 -1.1696e-01 -1.1040e-01 -1.1067e-01 1.2417e-01 -1.1148e-01 -1.1148e-01 9.4812e-02 1.1571e-02 -3.2059e-02 2.0828e-02 -3.1629e-02 -2.0294e-02 1.2016e-02 1.2016e-02 1.1633e-02 3.0208e-02 4.7020e-02 8.5736e-02 -3.5341e-02 -3.5341e-02 -3.6891e-02 -3.2905e-02 -4.8497e-02 3.1563e-02 1.3166e-02 -1.5507e-03 -1.9577e-02 -5.6935e-02 -5.6935e-02 -2.6263e-02 1.2365e-02 -1.1310e-02 -4.5970e-02 3.5358e-02
-4.8136e-02 6.1726e-02 2.9974e-02 9.0070e-02 -1.2966e-02 -1.1544e-02 2.6717e-02 -9.7662e-02 -1.1412e-01 -1.1742e-01 1.8434e-01 1.0000e+00 9.5488e-01 9.1480e-01 3.7401e-01 9.0400e-01 -6.5042e-01 -4.8856e-01 -4.8976e-01 5.2854e-01 -4.8034e-01 -4.8034e-01 1.2392e-01 9.7827e-02 -5.5255e-02 -2.0754e-01 -5.2248e-02 -3.9726e-02 1.8343e-01 1.8343e-01 1.8155e-01 2.0039e-01 2.0989e-01 1.0383e-01 3.2488e-02 3.2488e-02 1.8389e-02 3.4782e-02 -3.3880e-02 -9.8144e-02 -2.4362e-02 -1.6341e-02 5.8290e-03 1.2879e-02 1.2879e-02 -1.8121e-02 2.7189e-04 3.2749e-03 3.8860e-02 -8.0601e-03
-5.3339e-02 7.6973e-02 3.0459e-02 7.8780e-02 -2.1076e-02 -1.9588e-02 2.4286e-02 -8.6180e-02 -1.0816e-01 -1.1545e-01 1.7476e-01 9.5488e-01 1.0000e+00 8.8947e-01 3.6509e-01 8.7791e-01 -6.8296e-01 -5.1110e-01 -5.1236e-01 4.8288e-01 -5.0329e-01 -5.0329e-01 1.1717e-01 8.2035e-02 -6.3228e-02 -1.7427e-01 -6.0146e-02 -4.4706e-02 1.7507e-01 1.7507e-01 1.7312e-01 1.9611e-01 2.2121e-01 9.6997e-02 2.2375e-02 2.2375e-02 1.7517e-02 2.5302e-02 -4.6645e-02 -1.0306e-01 -2.4438e-04 1.2902e-02 3.0187e-02 3.5977e-02 3.5977e-02 8.1025e-03 3.6453e-03 5.6972e-03 4.9337e-02 -5.6941e-03
-4.5140e-02 6.5937e-02 2.3064e-02 4.6836e-02 1.3249e-02 1.4641e-02 5.0364e-02 -4.9942e-02 -1.0613e-01 -1.0965e-01 1.6281e-01 9.1480e-01 8.8947e-01 1.0000e+00 3.9281e-01 9.7101e-01 -7.2325e-01 -5.1287e-01 -5.1402e-01 5.4165e-01 -5.0432e-01 -5.0432e-01 1.2798e-01 1.0003e-01 -6.1657e-02 -2.5305e-01 -5.8828e-02 -5.3843e-02 1.9976e-01 1.9976e-01 1.9790e-01 2.1516e-01 2.3526e-01 1.0794e-01 2.8364e-02 2.8364e-02 2.4455e-02 2.9612e-02 -4.1731e-02 -1.0219e-01 -4.7175e-02 -4.0762e-02 -2.8773e-03 1.2112e-02 1.2112e-02 -2.7973e-02 -1.7014e-03 -4.4188e-05 3.1453e-02 -2.5380e-02
-6.9599e-03 5.1979e-02 1.1819e-02 1.2613e-01 -8.3418e-02 -8.2897e-02 -7.8486e-02 -1.3403e-01 -1.3380e-01 -1.4027e-01 -1.8056e-02 3.7401e-01 3.6509e-01 3.9281e-01 1.0000e+00 3.7486e-01 -2.8577e-01 -1.7759e-01 -1.7805e-01 1.9325e-01 -1.7133e-01 -1.7133e-01 3.7730e-03 -6.3247e-02 -5.4497e-02 -1.1767e-01 -5.3766e-02 -3.4498e-02 2.7267e-01 2.7267e-01 2.7168e-01 2.7279e-01 2.7513e-01 -9.3545e-04 1.2628e-01 1.2628e-01 1.1656e-01 1.4297e-01 7.3106e-02 -2.8028e-02 1.1461e-02 2.9811e-02 3.9405e-02 9.4263e-03 9.4263e-03 2.5740e-02 2.1020e-02 4.5915e-02 7.8380e-02 -1.2509e-02
-4.7887e-02 5.4514e-02 2.4012e-02 3.6055e-02 1.0147e-02 1.1573e-02 5.0314e-02 -4.3710e-02 -9.9307e-02 -1.0258e-01 1.5773e-01 9.0400e-01 8.7791e-01 9.7101e-01 3.7486e-01 1.0000e+00 -7.1200e-01 -4.9600e-01 -4.9719e-01 5.1860e-01 -4.8339e-01 -4.8339e-01 1.2425e-01 9.1520e-02 -5.4872e-02 -2.5689e-01 -5.1869e-02 -3.9487e-02 1.8477e-01 1.8477e-01 1.8290e-01 2.0161e-01 2.2686e-01 1.0417e-01 2.2992e-02 2.2992e-02 2.8497e-02 1.3923e-02 -4.8421e-02 -1.0768e-01 -4.8478e-02 -3.9461e-02 -4.5002e-03 6.9229e-03 6.9229e-03 -2.8492e-02 1.0884e-04 4.2938e-04 3.7485e-02 -2.9759e-02
6.8101e-02 2.8318e-02 3.1318e-02 -1.8225e-02 3.9785e-02 3.7888e-02 3.1081e-03 1.6140e-02 1.4907e-01 1.5419e-01 -1.1696e-01 -6.5042e-01 -6.8296e-01 -7.2325e-01 -2.8577e-01 -7.1200e-01 1.0000e+00 7.1048e-01 7.0794e-01 -5.8991e-01 6.9626e-01 6.9626e-01 -8.5241e-02 -6.0541e-02 6.6949e-02 2.4842e-01 7.3280e-02 -1.3388e-01 -1.7038e-01 -1.7038e-01 -1.6796e-01 -2.0657e-01 -1.9219e-01 -6.3858e-02 -6.7419e-03 -6.7419e-03 -7.4238e-03 4.4336e-03 8.8062e-02 1.8781e-02 1.4673e-02 1.4107e-03 -1.6513e-02 -3.7674e-03 -3.7674e-03 -4.1078e-04 4.0092e-03 3.3273e-03 -1.5164e-02 4.1955e-02
6.5907e-02 8.4906e-03 5.9881e-02 5.2667e-02 4.5067e-02 4.2484e-02 5.0779e-02 -5.0931e-02 1.7017e-01 1.6413e-01 -1.1040e-01 -4.8856e-01 -5.1110e-01 -5.1287e-01 -1.7759e-01 -4.9600e-01 7.1048e-01 1.0000e+00 9.9364e-01 -8.8074e-01 9.7040e-01 9.7040e-01 -8.8581e-02 1.9990e-02 1.1047e-01 -4.1107e-02 1.2667e-01 -9.8421e-02 -4.9073e-02 -4.9073e-02 -4.6036e-02 -9.5967e-02 -1.0783e-01 -6.1359e-02 5.2416e-02 5.2416e-02 4.5753e-02 5.8527e-02 -2.1072e-02 6.8180e-02 -2.7255e-03 -7.6848e-03 -2.8526e-02 -2.1905e-02 -2.1905e-02 -2.3733e-02 -2.0042e-02 -6.0619e-03 -9.8013e-03 8.1803e-03
6.5595e-02 9.2450e-03 6.1178e-02 5.1311e-02 4.3270e-02 4.0692e-02 4.9227e-02 -4.9572e-02 1.6863e-01 1.6260e-01 -1.1067e-01 -4.8976e-01 -5.1236e-01 -5.1402e-01 -1.7805e-01 -4.9719e-01 7.0794e-01 9.9364e-01 1.0000e+00 -8.8681e-01 9.7675e-01 9.7675e-01 -8.8769e-02 1.9302e-02 1.1000e-01 -3.7952e-02 1.2619e-01 -9.8630e-02 -5.0224e-02 -5.0224e-02 -4.7192e-02 -9.1859e-02 -1.0369e-01 -6.1579e-02 5.1934e-02 5.1934e-02 4.5254e-02 5.8073e-02 -2.1684e-02 7.2239e-02 -4.3985e-03 -9.8378e-03 -3.5084e-02 -2.8995e-02 -2.8995e-02 -3.0181e-02 -1.9873e-02 -7.5777e-03 -1.2879e-02 7.7693e-03
-5.0974e-02 -2.6950e-02 -3.9957e-02 2.7611e-04 -7.1083e-02 -6.8764e-02 -6.7402e-02 2.2593e-03 -1.9353e-01 -1.8426e-01 1.2417e-01 5.2854e-01 4.8288e-01 5.4165e-01 1.9325e-01 5.1860e-01 -5.8991e-01 -8.8074e-01 -8.8681e-01 1.0000e+00 -9.0918e-01 -9.0918e-01 8.0452e-02 1.4094e-04 -1.1925e-01 9.5870e-03 -1.2523e-01 1.0917e-01 2.1851e-02 2.1851e-02 1.9143e-02 4.9993e-02 5.0934e-02 7.2465e-02 -3.8603e-02 -3.8603e-02 -4.9073e-02 -3.6591e-02 5.1186e-02 -8.1634e-02 -2.2048e-02 -7.6062e-03 2.8042e-02 3.2016e-02 3.2016e-02 1.9521e-02 1.1840e-02 4.4317e-04 1.6758e-02 1.3632e-03
6.4663e-02 1.1504e-02 6.0569e-02 4.7252e-02 4.2033e-02 3.9471e-02 4.4581e-02 -4.9995e-02 1.7270e-01 1.6675e-01 -1.1148e-01 -4.8034e-01 -5.0329e-01 -5.0432e-01 -1.7133e-01 -4.8339e-01 6.9626e-01 9.7040e-01 9.7675e-01 -9.0918e-01 1.0000e+00 1.0000e+00 -7.1190e-02 1.7240e-02 1.2983e-01 -5.0861e-02 1.3553e-01 -9.9258e-02 -5.8421e-02 -5.8421e-02 -5.5396e-02 -9.9914e-02 -1.1173e-01 -6.2240e-02 6.0203e-02 6.0203e-02 7.1787e-02 5.6715e-02 -2.3518e-02 6.3929e-02 -5.2234e-03 -3.9731e-03 -2.9804e-02 -2.4439e-02 -2.4439e-02 -2.4702e-02 -1.9366e-02 -1.2116e-02 -1.3207e-02 6.5391e-03
6.4663e-02 1.1504e-02 6.0569e-02 4.7252e-02 4.2033e-02 3.9471e-02 4.4581e-02 -4.9995e-02 1.7270e-01 1.6675e-01 -1.1148e-01 -4.8034e-01 -5.0329e-01 -5.0432e-01 -1.7133e-01 -4.8339e-01 6.9626e-01 9.7040e-01 9.7675e-01 -9.0918e-01 1.0000e+00 1.0000e+00 -7.1190e-02 1.7240e-02 1.2983e-01 -5.0861e-02 1.3553e-01 -9.9258e-02 -5.8421e-02 -5.8421e-02 -5.5396e-02 -9.9914e-02 -1.1173e-01 -6.2240e-02 6.0203e-02 6.0203e-02 7.1787e-02 5.6715e-02 -2.3518e-02 6.3929e-02 -5.2234e-03 -3.9731e-03 -2.9804e-02 -2.4439e-02 -2.4439e-02 -2.4702e-02 -1.9366e-02 -1.2116e-02 -1.3207e-02 6.5391e-03
-1.5444e-02 1.5250e-02 -4.1717e-02 -1.6169e-02 -2.7695e-02 -2.7473e-02 -1.1512e-02 -2.8742e-03 -2.5043e-02 -2.4151e-02 9.4812e-02 1.2392e-01 1.1717e-01 1.2798e-01 3.7730e-03 1.2425e-01 -8.5241e-02 -8.8581e-02 -8.8769e-02 8.0452e-02 -7.1190e-02 -7.1190e-02 1.0000e+00 -3.7802e-02 2.2616e-02 -7.4940e-02 -2.2670e-02 -1.4546e-02 -6.5622e-02 -6.5622e-02 -6.5797e-02 -5.7884e-02 -5.7529e-02 7.8477e-01 -2.5330e-02 -2.5330e-02 -2.6441e-02 -2.3584e-02 -3.4760e-02 -1.3410e-02 -3.9439e-02 -4.9756e-02 2.5920e-02 1.0126e-02 1.0126e-02 3.0134e-02 8.8628e-03 7.3553e-03 5.7104e-02 -2.2670e-02
-4.4594e-02 -5.2244e-02 -5.6863e-02 1.7392e-01 -6.9590e-02 -6.8947e-02 -5.0399e-02 -1.7303e-01 -3.5843e-02 -4.0254e-02 1.1571e-02 9.7827e-02 8.2035e-02 1.0003e-01 -6.3247e-02 9.1520e-02 -6.0541e-02 1.9990e-02 1.9302e-02 1.4094e-04 1.7240e-02 1.7240e-02 -3.7802e-02 1.0000e+00 -6.6349e-02 -2.0911e-01 -6.5459e-02 -4.2001e-02 -1.8175e-01 -1.8175e-01 -1.8226e-01 -1.5885e-01 -1.5780e-01 -4.0646e-02 -7.3140e-02 -7.3140e-02 -7.6348e-02 -6.8099e-02 -1.0037e-01 1.0098e-01 -1.5371e-01 -7.9926e-02 -1.0463e-01 -5.8494e-02 -5.8494e-02 -1.1165e-01 -1.7750e-02 -1.0492e-01 -1.9960e-01 -1.2946e-02
-2.7107e-02 4.2597e-02 1.7090e-02 -5.8015e-03 4.5071e-02 4.5488e-02 2.2815e-02 -5.0448e-03 2.1554e-02 1.2366e-02 -3.2059e-02 -5.5255e-02 -6.3228e-02 -6.1657e-02 -5.4497e-02 -5.4872e-02 6.6949e-02 1.1047e-01 1.1000e-01 -1.1925e-01 1.2983e-01 1.2983e-01 2.2616e-02 -6.6349e-02 1.0000e+00 -1.3153e-01 9.5958e-01 -2.5531e-02 -1.1518e-01 -1.1518e-01 -1.1549e-01 -1.0160e-01 -1.0097e-01 -2.4707e-02 6.8755e-01 6.8755e-01 6.5778e-01 6.6178e-01 4.3888e-01 -8.7808e-02 3.5907e-02 5.4735e-03 3.7549e-03 -3.8207e-03 -3.8207e-03 1.0007e-03 1.5556e-02 1.2060e-01 1.0929e-02 4.1240e-02
-6.6027e-03 1.5495e-02 5.5107e-03 -9.5847e-02 -4.7587e-03 -3.4437e-03 -1.5724e-02 9.7179e-02 5.2108e-03 1.5377e-02 2.0828e-02 -2.0754e-01 -1.7427e-01 -2.5305e-01 -1.1767e-01 -2.5689e-01 2.4842e-01 -4.1107e-02 -3.7952e-02 9.5870e-03 -5.0861e-02 -5.0861e-02 -7.4940e-02 -2.0911e-01 -1.3153e-01 1.0000e+00 -1.2977e-01 -8.3264e-02 -3.7061e-01 -3.7061e-01 -3.7162e-01 -3.2057e-01 -3.1310e-01 -8.0580e-02 -1.3472e-01 -1.3472e-01 -1.4147e-01 -1.3500e-01 1.2853e-01 -1.9707e-02 1.6524e-01 9.7693e-02 6.4534e-02 3.9424e-02 3.9424e-02 8.4740e-02 5.0733e-02 4.5941e-02 8.8202e-02 -3.8763e-02
-2.6743e-02 4.1204e-02 1.3930e-02 -1.3930e-02 6.0681e-02 6.1097e-02 3.7867e-02 1.4348e-02 3.6572e-02 2.7269e-02 -3.1629e-02 -5.2248e-02 -6.0146e-02 -5.8828e-02 -5.3766e-02 -5.1869e-02 7.3280e-02 1.2667e-01 1.2619e-01 -1.2523e-01 1.3553e-01 1.3553e-01 -2.2670e-02 -6.5459e-02 9.5958e-01 -1.2977e-01 1.0000e+00 -2.5188e-02 -1.1363e-01 -1.1363e-01 -1.1394e-01 -1.0023e-01 -9.9620e-02 -2.4376e-02 6.9733e-01 6.9733e-01 6.6724e-01 6.4478e-01 4.4597e-01 -8.6296e-02 2.9966e-02 5.8120e-04 -6.3017e-04 -7.6938e-03 -7.6938e-03 -3.5932e-03 1.5347e-02 1.0416e-01 7.5949e-03 4.2790e-02
-1.7159e-02 -1.2398e-01 -7.4489e-02 1.0933e-01 -9.3780e-02 -9.3552e-02 -7.7897e-02 -1.0894e-01 -7.3181e-02 -7.2326e-02 -2.0294e-02 -3.9726e-02 -4.4706e-02 -5.3843e-02 -3.4498e-02 -3.9487e-02 -1.3388e-01 -9.8421e-02 -9.8630e-02 1.0917e-01 -9.9258e-02 -9.9258e-02 -1.4546e-02 -4.2001e-02 -2.5531e-02 -8.3264e-02 -2.5188e-02 1.0000e+00 -7.2911e-02 -7.2911e-02 -7.3106e-02 -6.4314e-02 -6.3919e-02 -1.5641e-02 -2.8144e-02 -2.8144e-02 -2.9378e-02 -2.6204e-02 -3.8621e-02 1.5446e-01 -2.2607e-02 -1.1770e-01 -1.3345e-01 -1.5663e-01 -1.5663e-01 -1.2788e-01 9.8473e-03 -7.7466e-02 -1.3926e-01 -2.5188e-02
-7.9105e-03 7.0450e-02 4.8031e-02 3.2762e-02 4.4551e-02 4.5716e-02 1.6307e-02 -4.1570e-02 3.3380e-02 3.3432e-02 1.2016e-02 1.8343e-01 1.7507e-01 1.9976e-01 2.7267e-01 1.8477e-01 -1.7038e-01 -4.9073e-02 -5.0224e-02 2.1851e-02 -5.8421e-02 -5.8421e-02 -6.5622e-02 -1.8175e-01 -1.1518e-01 -3.7061e-01 -1.1363e-01 -7.2911e-02 1.0000e+00 1.0000e+00 9.9734e-01 8.7636e-01 7.9633e-01 -7.0560e-02 -6.9109e-03 -6.9109e-03 -1.7043e-02 -1.7254e-03 -8.3136e-02 4.6009e-02 -2.1165e-02 -6.7745e-02 -4.4569e-02 1.0264e-02 1.0264e-02 -6.4273e-02 4.4425e-02 -1.5006e-02 -7.7480e-02 3.1345e-02
-7.9105e-03 7.0450e-02 4.8031e-02 3.2762e-02 4.4551e-02 4.5716e-02 1.6307e-02 -4.1570e-02 3.3380e-02 3.3432e-02 1.2016e-02 1.8343e-01 1.7507e-01 1.9976e-01 2.7267e-01 1.8477e-01 -1.7038e-01 -4.9073e-02 -5.0224e-02 2.1851e-02 -5.8421e-02 -5.8421e-02 -6.5622e-02 -1.8175e-01 -1.1518e-01 -3.7061e-01 -1.1363e-01 -7.2911e-02 1.0000e+00 1.0000e+00 9.9734e-01 8.7636e-01 7.9633e-01 -7.0560e-02 -6.9109e-03 -6.9109e-03 -1.7043e-02 -1.7254e-03 -8.3136e-02 4.6009e-02 -2.1165e-02 -6.7745e-02 -4.4569e-02 1.0264e-02 1.0264e-02 -6.4273e-02 4.4425e-02 -1.5006e-02 -7.7480e-02 3.1345e-02
-8.2103e-03 7.1206e-02 4.9455e-02 3.1229e-02 4.2503e-02 4.3672e-02 1.4576e-02 -4.0022e-02 3.1706e-02 3.1772e-02 1.1633e-02 1.8155e-01 1.7312e-01 1.9790e-01 2.7168e-01 1.8290e-01 -1.6796e-01 -4.6036e-02 -4.7192e-02 1.9143e-02 -5.5396e-02 -5.5396e-02 -6.5797e-02 -1.8226e-01 -1.1549e-01 -3.7162e-01 -1.1394e-01 -7.3106e-02 9.9734e-01 9.9734e-01 1.0000e+00 8.7402e-01 7.9410e-01 -7.0749e-02 -7.4108e-03 -7.4108e-03 -1.7552e-02 -2.1972e-03 -8.3724e-02 4.4794e-02 -1.8318e-02 -6.5466e-02 -4.2554e-02 1.1937e-02 1.1937e-02 -6.2155e-02 4.4544e-02 -1.1878e-02 -7.5844e-02 3.0847e-02
-3.1052e-02 6.5677e-02 4.0694e-02 4.5867e-02 1.8744e-03 2.8917e-03 -4.9084e-03 -5.0126e-02 1.8475e-02 1.2312e-02 3.0208e-02 2.0039e-01 1.9611e-01 2.1516e-01 2.7279e-01 2.0161e-01 -2.0657e-01 -9.5967e-02 -9.1859e-02 4.9993e-02 -9.9914e-02 -9.9914e-02 -5.7884e-02 -1.5885e-01 -1.0160e-01 -3.2057e-01 -1.0023e-01 -6.4314e-02 8.7636e-01 8.7636e-01 8.7402e-01 1.0000e+00 8.9549e-01 -6.2240e-02 4.9401e-03 4.9401e-03 -4.4169e-03 2.0533e-02 -5.6086e-02 3.5957e-02 -4.6275e-03 -4.7413e-02 -7.0041e-02 8.9494e-03 8.9494e-03 -6.5323e-02 3.9186e-02 -4.4098e-02 -6.4369e-02 4.2152e-02
-3.0497e-02 4.1243e-02 2.6777e-02 2.2092e-02 1.1168e-02 1.2182e-02 9.1020e-03 -2.6400e-02 2.2050e-02 1.5834e-02 4.7020e-02 2.0989e-01 2.2121e-01 2.3526e-01 2.7513e-01 2.2686e-01 -1.9219e-01 -1.0783e-01 -1.0369e-01 5.0934e-02 -1.1173e-01 -1.1173e-01 -5.7529e-02 -1.5780e-01 -1.0097e-01 -3.1310e-01 -9.9620e-02 -6.3919e-02 7.9633e-01 7.9633e-01 7.9410e-01 8.9549e-01 1.0000e+00 -6.1858e-02 6.0548e-03 6.0548e-03 -3.2883e-03 2.1629e-02 -6.3692e-02 3.2389e-02 -6.0318e-04 -3.2460e-02 -5.4432e-02 -5.0383e-03 -5.0383e-03 -4.9972e-02 3.8946e-02 -3.5414e-02 -4.1058e-02 6.9271e-02
-1.6606e-02 2.0277e-02 -4.6239e-02 -2.5685e-02 -2.3402e-02 -2.3162e-02 -2.2921e-02 2.5927e-02 -3.4954e-02 -3.4019e-02 8.5736e-02 1.0383e-01 9.6997e-02 1.0794e-01 -9.3545e-04 1.0417e-01 -6.3858e-02 -6.1359e-02 -6.1579e-02 7.2465e-02 -6.2240e-02 -6.2240e-02 7.8477e-01 -4.0646e-02 -2.4707e-02 -8.0580e-02 -2.4376e-02 -1.5641e-02 -7.0560e-02 -7.0560e-02 -7.0749e-02 -6.2240e-02 -6.1858e-02 1.0000e+00 -2.7236e-02 -2.7236e-02 -2.8431e-02 -2.5359e-02 -3.7376e-02 -4.1193e-02 -3.3390e-02 -4.7183e-02 3.8099e-02 2.1471e-02 2.1471e-02 4.2574e-02 9.5298e-03 -2.2438e-02 2.8578e-02 -2.4376e-02
-2.9881e-02 3.8417e-02 1.9369e-02 3.2262e-02 -8.5180e-04 -4.0709e-04 2.6991e-03 -3.1748e-02 3.0179e-03 -5.1181e-03 -3.5341e-02 3.2488e-02 2.2375e-02 2.8364e-02 1.2628e-01 2.2992e-02 -6.7419e-03 5.2416e-02 5.1934e-02 -3.8603e-02 6.0203e-02 6.0203e-02 -2.5330e-02 -7.3140e-02 6.8755e-01 -1.3472e-01 6.9733e-01 -2.8144e-02 -6.9109e-03 -6.9109e-03 -7.4108e-03 4.9401e-03 6.0548e-03 -2.7236e-02 1.0000e+00 1.0000e+00 9.5798e-01 9.3108e-01 6.6098e-01 -5.2175e-02 -2.6746e-02 -1.5733e-02 -3.1349e-02 -3.5106e-02 -3.5106e-02 -3.2244e-02 1.7148e-02 1.1198e-01 2.4877e-02 3.0257e-02
-2.9881e-02 3.8417e-02 1.9369e-02 3.2262e-02 -8.5180e-04 -4.0709e-04 2.6991e-03 -3.1748e-02 3.0179e-03 -5.1181e-03 -3.5341e-02 3.2488e-02 2.2375e-02 2.8364e-02 1.2628e-01 2.2992e-02 -6.7419e-03 5.2416e-02 5.1934e-02 -3.8603e-02 6.0203e-02 6.0203e-02 -2.5330e-02 -7.3140e-02 6.8755e-01 -1.3472e-01 6.9733e-01 -2.8144e-02 -6.9109e-03 -6.9109e-03 -7.4108e-03 4.9401e-03 6.0548e-03 -2.7236e-02 1.0000e+00 1.0000e+00 9.5798e-01 9.3108e-01 6.6098e-01 -5.2175e-02 -2.6746e-02 -1.5733e-02 -3.1349e-02 -3.5106e-02 -3.5106e-02 -3.2244e-02 1.7148e-02 1.1198e-01 2.4877e-02 3.0257e-02
-3.1192e-02 2.9729e-02 5.6284e-04 1.9305e-02 1.8392e-03 2.3042e-03 -1.0875e-02 -1.8783e-02 9.2827e-03 1.6284e-03 -3.6891e-02 1.8389e-02 1.7517e-02 2.4455e-02 1.1656e-01 2.8497e-02 -7.4238e-03 4.5753e-02 4.5254e-02 -4.9073e-02 7.1787e-02 7.1787e-02 -2.6441e-02 -7.6348e-02 6.5778e-01 -1.4147e-01 6.6724e-01 -2.9378e-02 -1.7043e-02 -1.7043e-02 -1.7552e-02 -4.4169e-03 -3.2883e-03 -2.8431e-02 9.5798e-01 9.5798e-01 1.0000e+00 8.9196e-01 6.3035e-01 -5.9277e-02 -2.2014e-02 -6.9631e-03 -2.3932e-02 -2.9975e-02 -2.9975e-02 -2.4137e-02 1.7900e-02 1.1326e-01 1.6354e-02 2.5516e-02
-2.7822e-02 4.5306e-02 1.1504e-03 3.1914e-02 -5.3338e-03 -4.9210e-03 -6.2001e-03 -3.1434e-02 -7.3959e-03 -1.6367e-02 -3.2905e-02 3.4782e-02 2.5302e-02 2.9612e-02 1.4297e-01 1.3923e-02 4.4336e-03 5.8527e-02 5.8073e-02 -3.6591e-02 5.6715e-02 5.6715e-02 -2.3584e-02 -6.8099e-02 6.6178e-01 -1.3500e-01 6.4478e-01 -2.6204e-02 -1.7254e-03 -1.7254e-03 -2.1972e-03 2.0533e-02 2.1629e-02 -2.5359e-02 9.3108e-01 9.3108e-01 8.9196e-01 1.0000e+00 6.7850e-01 -6.5668e-02 -1.4202e-02 -5.2238e-03 -1.8350e-02 -3.8518e-02 -3.8518e-02 -2.0536e-02 1.5966e-02 1.3133e-01 3.9161e-02 3.8271e-02
3.9879e-02 3.5420e-02 -7.0954e-03 3.0601e-02 -3.1297e-02 -3.0696e-02 -1.6785e-02 -2.9910e-02 -2.9528e-03 -7.9937e-03 -4.8497e-02 -3.3880e-02 -4.6645e-02 -4.1731e-02 7.3106e-02 -4.8421e-02 8.8062e-02 -2.1072e-02 -2.1684e-02 5.1186e-02 -2.3518e-02 -2.3518e-02 -3.4760e-02 -1.0037e-01 4.3888e-01 1.2853e-01 4.4597e-01 -3.8621e-02 -8.3136e-02 -8.3136e-02 -8.3724e-02 -5.6086e-02 -6.3692e-02 -3.7376e-02 6.6098e-01 6.6098e-01 6.3035e-01 6.7850e-01 1.0000e+00 -8.9822e-02 7.3214e-02 3.8559e-02 1.1994e-02 -1.6924e-02 -1.6924e-02 1.6289e-02 2.3532e-02 5.1726e-02 9.3810e-02 1.4796e-02
8.2095e-02 -5.8767e-02 -7.4191e-03 6.1818e-02 -4.6858e-02 -5.0882e-02 -4.6048e-02 -6.6101e-02 -7.7193e-03 -1.4058e-02 3.1563e-02 -9.8144e-02 -1.0306e-01 -1.0219e-01 -2.8028e-02 -1.0768e-01 1.8781e-02 6.8180e-02 7.2239e-02 -8.1634e-02 6.3929e-02 6.3929e-02 -1.3410e-02 1.0098e-01 -8.7808e-02 -1.9707e-02 -8.6296e-02 1.5446e-01 4.6009e-02 4.6009e-02 4.4794e-02 3.5957e-02 3.2389e-02 -4.1193e-02 -5.2175e-02 -5.2175e-02 -5.9277e-02 -6.5668e-02 -8.9822e-02 1.0000e+00 -3.9373e-01 -1.5910e-01 -2.1755e-01 -2.8261e-01 -2.8261e-01 -1.9728e-01 3.8826e-02 -2.6197e-01 -2.0415e-01 -7.3281e-02
1.2357e-02 8.3300e-02 6.9769e-02 -3.0338e-03 -1.1605e-02 -9.9690e-03 -1.7199e-02 4.8070e-03 1.1762e-02 1.4380e-02 1.3166e-02 -2.4362e-02 -2.4438e-04 -4.7175e-02 1.1461e-02 -4.8478e-02 1.4673e-02 -2.7255e-03 -4.3985e-03 -2.2048e-02 -5.2234e-03 -5.2234e-03 -3.9439e-02 -1.5371e-01 3.5907e-02 1.6524e-01 2.9966e-02 -2.2607e-02 -2.1165e-02 -2.1165e-02 -1.8318e-02 -4.6275e-03 -6.0318e-04 -3.3390e-02 -2.6746e-02 -2.6746e-02 -2.2014e-02 -1.4202e-02 7.3214e-02 -3.9373e-01 1.0000e+00 5.4459e-01 4.8787e-01 3.7725e-01 3.7725e-01 4.9172e-01 6.3193e-02 4.0634e-01 3.5403e-01 7.2545e-02
6.8363e-02 1.5341e-02 2.5662e-02 -4.7481e-02 1.2639e-03 -6.4814e-04 1.7060e-02 5.4083e-02 2.8066e-02 3.2805e-02 -1.5507e-03 -1.6341e-02 1.2902e-02 -4.0762e-02 2.9811e-02 -3.9461e-02 1.4107e-03 -7.6848e-03 -9.8378e-03 -7.6062e-03 -3.9731e-03 -3.9731e-03 -4.9756e-02 -7.9926e-02 5.4735e-03 9.7693e-02 5.8120e-04 -1.1770e-01 -6.7745e-02 -6.7745e-02 -6.5466e-02 -4.7413e-02 -3.2460e-02 -4.7183e-02 -1.5733e-02 -1.5733e-02 -6.9631e-03 -5.2238e-03 3.8559e-02 -1.5910e-01 5.4459e-01 1.0000e+00 8.9341e-01 7.1680e-01 7.1680e-01 8.7237e-01 8.1410e-02 2.4208e-01 5.2288e-01 5.2786e-02
6.9151e-02 3.2465e-02 3.2738e-02 -7.2483e-02 2.5969e-02 2.4268e-02 3.4395e-02 7.9385e-02 2.1126e-02 2.2569e-02 -1.9577e-02 5.8290e-03 3.0187e-02 -2.8773e-03 3.9405e-02 -4.5002e-03 -1.6513e-02 -2.8526e-02 -3.5084e-02 2.8042e-02 -2.9804e-02 -2.9804e-02 2.5920e-02 -1.0463e-01 3.7549e-03 6.4534e-02 -6.3017e-04 -1.3345e-01 -4.4569e-02 -4.4569e-02 -4.2554e-02 -7.0041e-02 -5.4432e-02 3.8099e-02 -3.1349e-02 -3.1349e-02 -2.3932e-02 -1.8350e-02 1.1994e-02 -2.1755e-01 4.8787e-01 8.9341e-01 1.0000e+00 7.8702e-01 7.8702e-01 9.6218e-01 9.1123e-02 1.9941e-01 5.3001e-01 5.2199e-02
5.1856e-02 4.9093e-02 2.7778e-02 -4.6055e-02 1.9264e-03 4.5243e-04 -3.2022e-03 4.8978e-02 1.1342e-02 9.6050e-03 -5.6935e-02 1.2879e-02 3.5977e-02 1.2112e-02 9.4263e-03 6.9229e-03 -3.7674e-03 -2.1905e-02 -2.8995e-02 3.2016e-02 -2.4439e-02 -2.4439e-02 1.0126e-02 -5.8494e-02 -3.8207e-03 3.9424e-02 -7.6938e-03 -1.5663e-01 1.0264e-02 1.0264e-02 1.1937e-02 8.9494e-03 -5.0383e-03 2.1471e-02 -3.5106e-02 -3.5106e-02 -2.9975e-02 -3.8518e-02 -1.6924e-02 -2.8261e-01 3.7725e-01 7.1680e-01 7.8702e-01 1.0000e+00 1.0000e+00 8.3040e-01 1.0558e-01 1.1143e-01 3.4734e-01 4.6967e-02
5.1856e-02 4.9093e-02 2.7778e-02 -4.6055e-02 1.9264e-03 4.5243e-04 -3.2022e-03 4.8978e-02 1.1342e-02 9.6050e-03 -5.6935e-02 1.2879e-02 3.5977e-02 1.2112e-02 9.4263e-03 6.9229e-03 -3.7674e-03 -2.1905e-02 -2.8995e-02 3.2016e-02 -2.4439e-02 -2.4439e-02 1.0126e-02 -5.8494e-02 -3.8207e-03 3.9424e-02 -7.6938e-03 -1.5663e-01 1.0264e-02 1.0264e-02 1.1937e-02 8.9494e-03 -5.0383e-03 2.1471e-02 -3.5106e-02 -3.5106e-02 -2.9975e-02 -3.8518e-02 -1.6924e-02 -2.8261e-01 3.7725e-01 7.1680e-01 7.8702e-01 1.0000e+00 1.0000e+00 8.3040e-01 1.0558e-01 1.1143e-01 3.4734e-01 4.6967e-02
5.8798e-02 3.0530e-02 3.8667e-02 -6.9410e-02 2.6318e-02 2.4550e-02 2.9024e-02 7.6195e-02 2.2480e-02 2.3598e-02 -2.6263e-02 -1.8121e-02 8.1025e-03 -2.7973e-02 2.5740e-02 -2.8492e-02 -4.1078e-04 -2.3733e-02 -3.0181e-02 1.9521e-02 -2.4702e-02 -2.4702e-02 3.0134e-02 -1.1165e-01 1.0007e-03 8.4740e-02 -3.5932e-03 -1.2788e-01 -6.4273e-02 -6.4273e-02 -6.2155e-02 -6.5323e-02 -4.9972e-02 4.2574e-02 -3.2244e-02 -3.2244e-02 -2.4137e-02 -2.0536e-02 1.6289e-02 -1.9728e-01 4.9172e-01 8.7237e-01 9.6218e-01 8.3040e-01 8.3040e-01 1.0000e+00 8.7676e-02 1.7621e-01 5.1046e-01 5.9455e-02
1.0455e-02 5.0734e-02 6.4707e-03 -3.4773e-02 6.6927e-02 6.6791e-02 5.7574e-02 3.4570e-02 5.4854e-02 5.4364e-02 1.2365e-02 2.7189e-04 3.6453e-03 -1.7014e-03 2.1020e-02 1.0884e-04 4.0092e-03 -2.0042e-02 -1.9873e-02 1.1840e-02 -1.9366e-02 -1.9366e-02 8.8628e-03 -1.7750e-02 1.5556e-02 5.0733e-02 1.5347e-02 9.8473e-03 4.4425e-02 4.4425e-02 4.4544e-02 3.9186e-02 3.8946e-02 9.5298e-03 1.7148e-02 1.7148e-02 1.7900e-02 1.5966e-02 2.3532e-02 3.8826e-02 6.3193e-02 8.1410e-02 9.1123e-02 1.0558e-01 1.0558e-01 8.7676e-02 1.0000e+00 5.7325e-02 1.1634e-01 1.5347e-02
-3.7163e-02 8.8314e-02 4.6036e-02 -5.5151e-02 4.1320e-02 3.8616e-02 4.4775e-02 4.7602e-02 1.8060e-02 1.1110e-02 -1.1310e-02 3.2749e-03 5.6972e-03 -4.4188e-05 4.5915e-02 4.2938e-04 3.3273e-03 -6.0619e-03 -7.5777e-03 4.4317e-04 -1.2116e-02 -1.2116e-02 7.3553e-03 -1.0492e-01 1.2060e-01 4.5941e-02 1.0416e-01 -7.7466e-02 -1.5006e-02 -1.5006e-02 -1.1878e-02 -4.4098e-02 -3.5414e-02 -2.2438e-02 1.1198e-01 1.1198e-01 1.1326e-01 1.3133e-01 5.1726e-02 -2.6197e-01 4.0634e-01 2.4208e-01 1.9941e-01 1.1143e-01 1.1143e-01 1.7621e-01 5.7325e-02 1.0000e+00 4.4769e-01 2.7835e-02
2.4851e-02 8.5016e-02 6.0345e-02 -1.2648e-01 7.8740e-02 7.7425e-02 9.4343e-02 1.2491e-01 3.2917e-02 2.7386e-02 -4.5970e-02 3.8860e-02 4.9337e-02 3.1453e-02 7.8380e-02 3.7485e-02 -1.5164e-02 -9.8013e-03 -1.2879e-02 1.6758e-02 -1.3207e-02 -1.3207e-02 5.7104e-02 -1.9960e-01 1.0929e-02 8.8202e-02 7.5949e-03 -1.3926e-01 -7.7480e-02 -7.7480e-02 -7.5844e-02 -6.4369e-02 -4.1058e-02 2.8578e-02 2.4877e-02 2.4877e-02 1.6354e-02 3.9161e-02 9.3810e-02 -2.0415e-01 3.5403e-01 5.2288e-01 5.3001e-01 3.4734e-01 3.4734e-01 5.1046e-01 1.1634e-01 4.4769e-01 1.0000e+00 1.8897e-02
-2.6743e-02 -3.8941e-02 2.4997e-03 8.9308e-03 -1.3096e-02 -1.2702e-02 -1.6584e-02 -8.4908e-03 3.4066e-03 5.0923e-03 3.5358e-02 -8.0601e-03 -5.6941e-03 -2.5380e-02 -1.2509e-02 -2.9759e-02 4.1955e-02 8.1803e-03 7.7693e-03 1.3632e-03 6.5391e-03 6.5391e-03 -2.2670e-02 -1.2946e-02 4.1240e-02 -3.8763e-02 4.2790e-02 -2.5188e-02 3.1345e-02 3.1345e-02 3.0847e-02 4.2152e-02 6.9271e-02 -2.4376e-02 3.0257e-02 3.0257e-02 2.5516e-02 3.8271e-02 1.4796e-02 -7.3281e-02 7.2545e-02 5.2786e-02 5.2199e-02 4.6967e-02 4.6967e-02 5.9455e-02 1.5347e-02 2.7835e-02 1.8897e-02 1.0000e+00
