1.0000e+00 -8.5313e-02 2.0113e-01 -2.8174e-02 -4.0849e-02 -1.0747e-01 5.5086e-02 -2.6480e-02 -7.6813e-02 -2.1905e-02 2.2053e-02 1.3334e-02 -9.0970e-03 3.4805e-02 -3.1938e-02 -2.9600e-02 6.7325e-03 -6.4125e-02 4.5120e-02 2.7723e-02 1.2456e-02 -8.1101e-03 2.2327e-02 -3.9491e-02 2.2327e-02 2.4976e-02 5.6333e-02
-8.5313e-02 1.0000e+00 -3.1939e-01 -3.3756e-02 -1.3153e-01 -2.5071e-01 1.2733e-01 -3.6382e-02 -5.9091e-03 -8.2663e-03 -3.7454e-02 3.4878e-02 5.4754e-04 -2.4000e-02 6.7498e-03 -5.3952e-02 -3.2410e-02 -2.8629e-02 9.2118e-02 8.3761e-02 6.9221e-03 4.3554e-02 2.7820e-02 -4.9633e-02 2.7820e-02 2.1204e-02 6.6814e-02
2.0113e-01 -3.1939e-01 1.0000e+00 -1.0740e-01 -1.5488e-01 -1.2584e-01 5.1979e-02 1.0252e-02 9.1499e-02 1.1271e-02 1.9966e-02 6.0914e-02 -2.1480e-02 -2.8782e-02 4.0118e-02 4.7102e-02 -1.7596e-02 -3.5411e-02 -9.4404e-03 -2.3558e-02 4.2196e-02 -3.0916e-02 2.1353e-02 -3.0782e-03 1.7143e-02 1.4351e-02 -3.0556e-02
-2.8174e-02 -3.3756e-02 -1.0740e-01 1.0000e+00 1.0725e-02 -1.6062e-03 1.2048e-02 -2.3935e-02 2.3744e-02 -2.1202e-02 -5.7899e-03 -3.3080e-02 1.0287e-02 7.2905e-03 -5.3983e-03 -8.5492e-03 1.8808e-02 1.5444e-02 -3.0542e-02 -1.3221e-02 1.2913e-02 1.0458e-02 1.8859e-02 -9.2773e-03 1.8859e-02 2.0587e-02 -1.6606e-02
-4.0849e-02 -1.3153e-01 -1.5488e-01 1.0725e-02 1.0000e+00 3.7340e-01 -3.0497e-03 2.1378e-01 -8.8746e-03 -4.2196e-02 1.5603e-02 5.0529e-02 -1.9588e-02 4.1790e-02 -4.2047e-02 -8.5414e-02 5.1361e-05 -8.1140e-02 -2.4270e-02 1.5128e-02 -5.8492e-02 -4.9701e-02 -4.4068e-03 -4.4588e-02 -4.4068e-03 5.4376e-04 -2.0729e-03
-1.0747e-01 -2.5071e-01 -1.2584e-01 -1.6062e-03 3.7340e-01 1.0000e+00 -1.3119e-01 2.6944e-02 4.0897e-02 1.8951e-02 9.6797e-03 -2.1083e-02 -2.3662e-02 -3.9681e-02 5.4190e-02 -3.5551e-02 6.9054e-03 -4.8221e-02 -5.4723e-02 -1.6289e-02 -3.7307e-02 -3.5152e-02 -3.6698e-02 6.3225e-02 -3.2365e-02 -2.3627e-02 -7.0773e-02
5.5086e-02 1.2733e-01 5.1979e-02 1.2048e-02 -3.0497e-03 -1.3119e-01 1.0000e+00 2.7675e-01 7.5017e-02 5.6355e-03 2.0256e-02 -9.5674e-02 5.5503e-02 4.6689e-02 -3.2339e-02 -6.9108e-02 -2.1693e-03 1.1306e-02 4.5860e-02 3.3192e-02 -9.4303e-03 1.7194e-02 6.7120e-02 -3.3363e-02 7.1224e-02 5.9373e-02 5.4736e-02
-2.6480e-02 -3.6382e-02 1.0252e-02 -2.3935e-02 2.1378e-01 2.6944e-02 2.7675e-01 1.0000e+00 -9.2712e-02 4.5895e-02 5.9576e-02 -4.7286e-03 7.2885e-03 9.8550e-03 -1.1299e-02 -9.7063e-02 1.8523e-02 -4.3447e-02 7.9974e-03 2.0210e-02 6.8894e-02 -4.2428e-02 5.0904e-02 1.0315e-02 5.0904e-02 5.5438e-02 8.6055e-03
-7.6813e-02 -5.9091e-03 9.1499e-02 2.3744e-02 -8.8746e-03 4.0897e-02 7.5017e-02 -9.2712e-02 1.0000e+00 9.4539e-02 -5.8962e-02 1.1681e-02 8.1005e-02 -4.3873e-02 5.5660e-02 6.4611e-02 1.1349e-02 4.9574e-02 -9.4251e-03 -1.1076e-02 8.0582e-02 4.0226e-02 -5.0701e-03 2.8814e-02 5.5340e-04 -5.3780e-03 1.4148e-02
-2.1905e-02 -8.2663e-03 1.1271e-02 -2.1202e-02 -4.2196e-02 1.8951e-02 5.6355e-03 4.5895e-02 9.4539e-02 1.0000e+00 -1.9111e-01 -6.9096e-02 1.3774e-01 8.0912e-02 -7.6310e-02 -1.0580e-01 4.9763e-02 3.8852e-02 -6.1667e-02 -1.8756e-02 4.8114e-02 -1.0914e-02 -1.4695e-02 -1.7832e-02 -1.4695e-02 -2.4069e-02 -1.4836e-02
2.2053e-02 -3.7454e-02 1.9966e-02 -5.7899e-03 1.5603e-02 9.6797e-03 2.0256e-02 5.9576e-02 -5.8962e-02 -1.9111e-01 1.0000e+00 -1.3793e-01 8.9029e-03 6.3958e-02 -5.1422e-02 9.5933e-02 -7.6736e-02 2.3212e-02 2.0758e-01 1.0172e-01 -5.3363e-03 -1.0505e-02 8.7783e-03 1.8188e-02 8.7783e-03 1.5756e-02 1.2265e-01
1.3334e-02 3.4878e-02 6.0914e-02 -3.3080e-02 5.0529e-02 -2.1083e-02 -9.5674e-02 -4.7286e-03 1.1681e-02 -6.9096e-02 -1.3793e-01 1.0000e+00 -1.9952e-02 2.3416e-02 -2.5127e-03 -7.5748e-02 2.4481e-02 -2.0038e-01 -3.5481e-02 -4.2238e-02 -7.7296e-02 -5.4539e-02 -3.9700e-02 1.0347e-02 -3.9700e-02 -3.6801e-02 -3.0152e-02
-9.0970e-03 5.4754e-04 -2.1480e-02 1.0287e-02 -1.9588e-02 -2.3662e-02 5.5503e-02 7.2885e-03 8.1005e-02 1.3774e-01 8.9029e-03 -1.9952e-02 1.0000e+00 5.5722e-01 -5.2458e-01 -1.3208e-01 -1.4710e-01 -2.0318e-02 -7.6245e-02 -1.0136e-01 4.2330e-02 -2.3137e-02 7.8174e-02 5.7402e-03 7.8174e-02 7.0088e-02 -9.3790e-02
3.4805e-02 -2.4000e-02 -2.8782e-02 7.2905e-03 4.1790e-02 -3.9681e-02 4.6689e-02 9.8550e-03 -4.3873e-02 8.0912e-02 6.3958e-02 2.3416e-02 5.5722e-01 1.0000e+00 -9.6522e-01 -1.6819e-01 6.0936e-02 -6.0751e-02 -1.4656e-01 -1.2106e-01 -9.3874e-02 -6.7202e-02 3.1125e-02 -4.5802e-02 3.1125e-02 3.3342e-02 -6.2702e-02
-3.1938e-02 6.7498e-03 4.0118e-02 -5.3983e-03 -4.2047e-02 5.4190e-02 -3.2339e-02 -1.1299e-02 5.5660e-02 -7.6310e-02 -5.1422e-02 -2.5127e-03 -5.2458e-01 -9.6522e-01 1.0000e+00 1.6563e-01 -6.6094e-02 5.9286e-02 1.3134e-01 1.1091e-01 8.5625e-02 7.3568e-02 -3.6891e-02 5.2859e-02 -3.6891e-02 -3.9307e-02 6.4602e-02
-2.9600e-02 -5.3952e-02 4.7102e-02 -8.5492e-03 -8.5414e-02 -3.5551e-02 -6.9108e-02 -9.7063e-02 6.4611e-02 -1.0580e-01 9.5933e-02 -7.5748e-02 -1.3208e-01 -1.6819e-01 1.6563e-01 1.0000e+00 -6.9967e-02 3.6743e-01 4.7815e-02 -1.3311e-01 1.8165e-02 -1.0155e-01 3.2450e-02 -9.5287e-02 3.2450e-02 2.9946e-02 2.5997e-02
6.7325e-03 -3.2410e-02 -1.7596e-02 1.8808e-02 5.1361e-05 6.9054e-03 -2.1693e-03 1.8523e-02 1.1349e-02 4.9763e-02 -7.6736e-02 2.4481e-02 -1.4710e-01 6.0936e-02 -6.6094e-02 -6.9967e-02 1.0000e+00 6.9827e-02 -9.6553e-02 1.0137e-01 -1.8661e-01 1.1204e-01 -1.2848e-01 6.8327e-02 -1.2848e-01 -1.2136e-01 -5.6637e-02
-6.4125e-02 -2.8629e-02 -3.5411e-02 1.5444e-02 -8.1140e-02 -4.8221e-02 1.1306e-02 -4.3447e-02 4.9574e-02 3.8852e-02 2.3212e-02 -2.0038e-01 -2.0318e-02 -6.0751e-02 5.9286e-02 3.6743e-01 6.9827e-02 1.0000e+00 2.5890e-02 3.4311e-02 1.7088e-01 6.5879e-02 8.8958e-02 1.1575e-02 8.8958e-02 8.7831e-02 1.4077e-02
4.5120e-02 9.2118e-02 -9.4404e-03 -3.0542e-02 -2.4270e-02 -5.4723e-02 4.5860e-02 7.9974e-03 -9.4251e-03 -6.1667e-02 2.0758e-01 -3.5481e-02 -7.6245e-02 -1.4656e-01 1.3134e-01 4.7815e-02 -9.6553e-02 2.5890e-02 1.0000e+00 7.5458e-01 1.0425e-01 1.9105e-01 -1.0922e-01 8.7638e-02 -1.0922e-01 -1.1633e-01 4.6750e-01
2.7723e-02 8.3761e-02 -2.3558e-02 -1.3221e-02 1.5128e-02 -1.6289e-02 3.3192e-02 2.0210e-02 -1.1076e-02 -1.8756e-02 1.0172e-01 -4.2238e-02 -1.0136e-01 -1.2106e-01 1.1091e-01 -1.3311e-01 1.0137e-01 3.4311e-02 7.5458e-01 1.0000e+00 1.3064e-01 2.9349e-01 -1.2130e-01 1.7285e-01 -1.2130e-01 -1.2547e-01 3.5065e-01
1.2456e-02 6.9221e-03 4.2196e-02 1.2913e-02 -5.8492e-02 -3.7307e-02 -9.4303e-03 6.8894e-02 8.0582e-02 4.8114e-02 -5.3363e-03 -7.7296e-02 4.2330e-02 -9.3874e-02 8.5625e-02 1.8165e-02 -1.8661e-01 1.7088e-01 1.0425e-01 1.3064e-01 1.0000e+00 3.4738e-01 2.3356e-01 1.9706e-01 2.3356e-01 2.3158e-01 5.5164e-02
-8.1101e-03 4.3554e-02 -3.0916e-02 1.0458e-02 -4.9701e-02 -3.5152e-02 1.7194e-02 -4.2428e-02 4.0226e-02 -1.0914e-02 -1.0505e-02 -5.4539e-02 -2.3137e-02 -6.7202e-02 7.3568e-02 -1.0155e-01 1.1204e-01 6.5879e-02 1.9105e-01 2.9349e-01 3.4738e-01 1.0000e+00 -2.1635e-01 3.4427e-01 -2.1205e-01 -2.0795e-01 1.3262e-01
2.2327e-02 2.7820e-02 2.1353e-02 1.8859e-02 -4.4068e-03 -3.6698e-02 6.7120e-02 5.0904e-02 -5.0701e-03 -1.4695e-02 8.7783e-03 -3.9700e-02 7.8174e-02 3.1125e-02 -3.6891e-02 3.2450e-02 -1.2848e-01 8.8958e-02 -1.0922e-01 -1.2130e-01 2.3356e-01 -2.1635e-01 1.0000e+00 -3.8123e-01 9.9577e-01 9.8309e-01 -9.5652e-02
-3.9491e-02 -4.9633e-02 -3.0782e-03 -9.2773e-03 -4.4588e-02 6.3225e-02 -3.3363e-02 1.0315e-02 2.8814e-02 -1.7832e-02 1.8188e-02 1.0347e-02 5.7402e-03 -4.5802e-02 5.2859e-02 -9.5287e-02 6.8327e-02 1.1575e-02 8.7638e-02 1.7285e-01 1.9706e-01 3.4427e-01 -3.8123e-01 1.0000e+00 -3.7605e-01 -3.7120e-01 -6.0328e-02
2.2327e-02 2.7820e-02 1.7143e-02 1.8859e-02 -4.4068e-03 -3.2365e-02 7.1224e-02 5.0904e-02 5.5340e-04 -1.4695e-02 8.7783e-03 -3.9700e-02 7.8174e-02 3.1125e-02 -3.6891e-02 3.2450e-02 -1.2848e-01 8.8958e-02 -1.0922e-01 -1.2130e-01 2.3356e-01 -2.1205e-01 9.9577e-01 -3.7605e-01 1.0000e+00 9.8734e-01 -9.5652e-02
2.4976e-02 2.1204e-02 1.4351e-02 2.0587e-02 5.4376e-04 -2.3627e-02 5.9373e-02 5.5438e-02 -5.3780e-03 -2.4069e-02 1.5756e-02 -3.6801e-02 7.0088e-02 3.3342e-02 -3.9307e-02 2.9946e-02 -1.2136e-01 8.7831e-02 -1.1633e-01 -1.2547e-01 2.3158e-01 -2.0795e-01 9.8309e-01 -3.7120e-01 9.8734e-01 1.0000e+00 -9.4441e-02
5.6333e-02 6.6814e-02 -3.0556e-02 -1.6606e-02 -2.0729e-03 -7.0773e-02 5.4736e-02 8.6055e-03 1.4148e-02 -1.4836e-02 1.2265e-01 -3.0152e-02 -9.3790e-02 -6.2702e-02 6.4602e-02 2.5997e-02 -5.6637e-02 1.4077e-02 4.6750e-01 3.5065e-01 5.5164e-02 1.3262e-01 -9.5652e-02 -6.0328e-02 -9.5652e-02 -9.4441e-02 1.0000e+00
