1.0000e+00 -3.6853e-01 -1.8680e-01 -4.5435e-01 -2.2192e-01 -4.5196e-01 -1.8571e-01 5.1251e-02 3.8681e-02 7.8188e-02 -6.5007e-02 -9.3682e-02 9.7396e-02 -6.7171e-02 -2.1700e-02 9.7892e-02 -9.3682e-02 3.1229e-01 4.1852e-02 3.9826e-02 2.5633e-02 -4.4222e-02 -7.7275e-02 -7.7275e-02 -9.1147e-02 -5.0714e-02 -1.1452e-01 -7.8597e-02 4.3632e-03 1.4025e-02 -2.3193e-02
-3.6853e-01 1.0000e+00 -1.2735e-01 -3.0975e-01 -1.5129e-01 -3.1129e-01 2.2330e-02 -6.5991e-03 -4.1958e-02 2.0783e-02 1.9036e-02 -7.5691e-02 3.2285e-02 1.1918e-01 -3.8501e-02 2.5491e-02 -7.5691e-02 -1.2488e-01 -5.9762e-04 -5.7169e-02 3.9239e-03 -4.4148e-02 -5.8395e-02 -5.8395e-02 -5.0326e-02 -4.0453e-02 -2.7189e-02 8.7092e-03 5.6635e-02 5.4262e-02 -1.5811e-02
-1.8680e-01 -1.2735e-01 1.0000e+00 -1.5700e-01 -7.6687e-02 -1.5778e-01 3.9143e-02 3.4413e-02 -2.1267e-02 -4.2989e-02 1.1323e-01 2.9624e-03 -4.3772e-02 5.6125e-02 -3.0384e-02 -4.5303e-02 2.9624e-03 -1.2517e-01 -1.9941e-02 -8.0174e-03 -7.9178e-02 6.9160e-03 -5.3892e-03 -5.3892e-03 -1.5737e-02 4.4046e-03 2.2519e-03 -1.8943e-02 -1.9774e-02 -6.5083e-02 -8.0143e-03
-4.5435e-01 -3.0975e-01 -1.5700e-01 1.0000e+00 4.8845e-01 9.9505e-01 1.4258e-01 -4.7867e-02 2.8495e-02 -6.4020e-02 1.7629e-03 1.0546e-01 -6.6610e-02 -1.9718e-02 7.9022e-02 -7.1601e-02 1.0546e-01 -1.0752e-01 2.7534e-02 4.5857e-02 6.0101e-02 5.3581e-02 8.0016e-02 8.0016e-02 9.8839e-02 5.4151e-02 8.4456e-02 3.4967e-02 -2.8814e-02 -4.5357e-02 5.1046e-02
-2.2192e-01 -1.5129e-01 -7.6687e-02 4.8845e-01 1.0000e+00 4.8603e-01 -1.1054e-01 -2.3380e-02 -2.5266e-02 -7.3829e-03 -1.8124e-01 6.9394e-02 -9.0514e-03 -7.7354e-02 -2.4641e-02 -1.2236e-02 6.9394e-02 -1.3542e-01 -1.5842e-01 -1.0676e-01 3.6210e-02 2.4075e-02 -2.0799e-02 -2.0799e-02 1.9938e-02 2.0900e-02 7.1993e-02 1.1438e-02 -5.2495e-02 -6.7668e-02 -9.5212e-03
-4.5196e-01 -3.1129e-01 -1.5778e-01 9.9505e-01 4.8603e-01 1.0000e+00 1.5254e-01 -4.8105e-02 2.8061e-02 -6.4630e-02 6.5056e-03 1.0424e-01 -6.7227e-02 -2.0811e-02 7.7945e-02 -7.2234e-02 1.0424e-01 -1.1040e-01 3.0770e-02 4.9715e-02 6.5278e-02 5.1932e-02 7.8973e-02 7.8973e-02 9.7650e-02 5.2478e-02 8.5437e-02 3.8036e-02 -2.9765e-02 -4.3858e-02 5.0793e-02
-1.8571e-01 2.2330e-02 3.9143e-02 1.4258e-01 -1.1054e-01 1.5254e-01 1.0000e+00 -3.3435e-02 -3.6132e-02 -7.3037e-02 4.1259e-01 -8.2613e-02 -7.4367e-02 -9.9261e-02 2.6170e-01 -7.6968e-02 -8.2613e-02 -2.6809e-01 2.4118e-02 4.4257e-02 1.3315e-01 3.7172e-02 -8.4347e-02 -8.4347e-02 -9.4487e-02 4.1352e-02 -5.0658e-03 -8.2369e-02 2.6991e-02 -1.6265e-02 -1.3616e-02
5.1251e-02 -6.5991e-03 3.4413e-02 -4.7867e-02 -2.3380e-02 -4.8105e-02 -3.3435e-02 1.0000e+00 -6.4840e-03 -1.3106e-02 8.2885e-02 2.8872e-01 -1.3345e-02 -1.9851e-02 -1.5762e-02 -1.3812e-02 2.8872e-01 -5.4364e-02 3.6453e-03 1.7153e-02 -2.8101e-02 5.7026e-02 5.3454e-02 5.3454e-02 1.0665e-01 5.5597e-02 -6.3164e-03 -8.3700e-03 -1.7715e-02 -2.0580e-02 -2.4434e-03
3.8681e-02 -4.1958e-02 -2.1267e-02 2.8495e-02 -2.5266e-02 2.8061e-02 -3.6132e-02 -6.4840e-03 1.0000e+00 -1.4164e-02 8.9571e-02 -1.8531e-02 -1.4422e-02 -2.1452e-02 -1.7034e-02 5.4270e-02 -1.8531e-02 -5.8750e-02 -3.7689e-02 -2.1583e-02 6.9337e-03 -2.8879e-02 -1.6357e-02 -1.6357e-02 3.8923e-02 -2.9330e-02 -6.4531e-02 -4.3254e-02 -1.9144e-02 -5.6982e-02 -2.6405e-03
7.8188e-02 2.0783e-02 -4.2989e-02 -6.4020e-02 -7.3829e-03 -6.4630e-02 -7.3037e-02 -1.3106e-02 -1.4164e-02 1.0000e+00 1.8105e-01 -3.7458e-02 9.0987e-01 -4.3363e-02 -3.4431e-02 9.1396e-01 -3.7458e-02 -1.1875e-01 1.2577e-01 1.5100e-01 3.1561e-01 -3.8773e-02 -3.3063e-02 -3.3063e-02 -3.7038e-02 -3.9922e-02 -4.2958e-02 1.4729e-03 -1.0890e-02 -9.8428e-03 -5.3374e-03
-6.5007e-02 1.9036e-02 1.1323e-01 1.7629e-03 -1.8124e-01 6.5056e-03 4.1259e-01 8.2885e-02 8.9571e-02 1.8105e-01 1.0000e+00 2.3689e-01 1.7244e-01 2.7423e-01 2.0754e-01 1.7927e-01 2.3689e-01 -6.3471e-01 -9.6138e-02 -2.2893e-01 1.6443e-01 2.0142e-02 -1.4027e-01 -1.4027e-01 -1.2826e-01 1.7353e-02 7.9014e-02 5.4551e-02 6.1338e-02 -5.2627e-02 -2.9479e-02
-9.3682e-02 -7.5691e-02 2.9624e-03 1.0546e-01 6.9394e-02 1.0424e-01 -8.2613e-02 2.8872e-01 -1.8531e-02 -3.7458e-02 2.3689e-01 1.0000e+00 -3.8141e-02 -5.6735e-02 -4.5049e-02 -3.9475e-02 1.0000e+00 -1.5537e-01 1.5471e-01 1.7860e-01 7.8428e-03 4.5849e-02 -1.8234e-02 -1.8234e-02 -2.5911e-02 5.8273e-02 6.3124e-02 5.8849e-02 -5.0629e-02 -7.7977e-02 -6.9832e-03
9.7396e-02 3.2285e-02 -4.3772e-02 -6.6610e-02 -9.0514e-03 -6.7227e-02 -7.4367e-02 -1.3345e-02 -1.4422e-02 9.0987e-01 1.7244e-01 -3.8141e-02 1.0000e+00 -4.4153e-02 -3.5058e-02 9.6621e-01 -3.8141e-02 -1.2092e-01 1.2806e-01 1.5375e-01 3.2666e-01 -4.0168e-02 -3.3666e-02 -3.3666e-02 -3.7713e-02 -4.1329e-02 -2.2240e-02 1.2945e-02 -1.2065e-02 1.2909e-02 -5.4346e-03
-6.7171e-02 1.1918e-01 5.6125e-02 -1.9718e-02 -7.7354e-02 -2.0811e-02 -9.9261e-02 -1.9851e-02 -2.1452e-02 -4.3363e-02 2.7423e-01 -5.6735e-02 -4.4153e-02 1.0000e+00 -5.2150e-02 -4.5697e-02 -5.6735e-02 -1.7987e-01 1.1278e-01 -2.7053e-01 -5.4291e-02 -4.8192e-02 -5.0078e-02 -5.0078e-02 -3.6311e-02 -5.0059e-02 6.7436e-02 1.4123e-01 3.6489e-02 6.6410e-02 -8.0840e-03
-2.1700e-02 -3.8501e-02 -3.0384e-02 7.9022e-02 -2.4641e-02 7.7945e-02 2.6170e-01 -1.5762e-02 -1.7034e-02 -3.4431e-02 2.0754e-01 -4.5049e-02 -3.5058e-02 -5.2150e-02 1.0000e+00 -3.6284e-02 -4.5049e-02 -1.4282e-01 9.8122e-02 -7.4411e-02 -7.3822e-02 1.6081e-01 -3.9763e-02 -3.9763e-02 -4.4544e-02 1.5692e-01 1.2719e-01 -3.0304e-02 -2.3129e-02 4.6437e-02 -6.4189e-03
9.7892e-02 2.5491e-02 -4.5303e-02 -7.1601e-02 -1.2236e-02 -7.2234e-02 -7.6968e-02 -1.3812e-02 5.4270e-02 9.1396e-01 1.7927e-01 -3.9475e-02 9.6621e-01 -4.5697e-02 -3.6284e-02 1.0000e+00 -3.9475e-02 -1.2515e-01 1.2052e-01 1.4755e-01 3.1209e-01 -4.2859e-02 -3.4843e-02 -3.4843e-02 -3.9032e-02 -4.4045e-02 -3.0401e-02 6.5893e-03 -1.4312e-02 -3.9269e-03 -5.6247e-03
-9.3682e-02 -7.5691e-02 2.9624e-03 1.0546e-01 6.9394e-02 1.0424e-01 -8.2613e-02 2.8872e-01 -1.8531e-02 -3.7458e-02 2.3689e-01 1.0000e+00 -3.8141e-02 -5.6735e-02 -4.5049e-02 -3.9475e-02 1.0000e+00 -1.5537e-01 1.5471e-01 1.7860e-01 7.8428e-03 4.5849e-02 -1.8234e-02 -1.8234e-02 -2.5911e-02 5.8273e-02 6.3124e-02 5.8849e-02 -5.0629e-02 -7.7977e-02 -6.9832e-03
3.1229e-01 -1.2488e-01 -1.2517e-01 -1.0752e-01 -1.3542e-01 -1.1040e-01 -2.6809e-01 -5.4364e-02 -5.8750e-02 -1.1875e-01 -6.3471e-01 -1.5537e-01 -1.2092e-01 -1.7987e-01 -1.4282e-01 -1.2515e-01 -1.5537e-01 1.0000e+00 3.5388e-01 4.0932e-01 -1.2933e-01 1.0757e-01 9.8716e-02 9.8716e-02 5.8890e-02 1.1311e-01 -9.5121e-02 -7.2383e-02 -2.4328e-02 5.9194e-02 4.4945e-02
4.1852e-02 -5.9762e-04 -1.9941e-02 2.7534e-02 -1.5842e-01 3.0770e-02 2.4118e-02 3.6453e-03 -3.7689e-02 1.2577e-01 -9.6138e-02 1.5471e-01 1.2806e-01 1.1278e-01 9.8122e-02 1.2052e-01 1.5471e-01 3.5388e-01 1.0000e+00 8.3288e-01 1.2069e-01 8.1335e-02 -5.3312e-02 -5.3312e-02 -6.5900e-02 9.4108e-02 -8.3946e-02 -3.8470e-02 -5.9295e-02 4.0653e-02 2.3446e-02
3.9826e-02 -5.7169e-02 -8.0174e-03 4.5857e-02 -1.0676e-01 4.9715e-02 4.4257e-02 1.7153e-02 -2.1583e-02 1.5100e-01 -2.2893e-01 1.7860e-01 1.5375e-01 -2.7053e-01 -7.4411e-02 1.4755e-01 1.7860e-01 4.0932e-01 8.3288e-01 1.0000e+00 1.5523e-01 1.1317e-01 -1.6972e-02 -1.6972e-02 -2.4966e-02 1.2675e-01 -1.1069e-01 -1.0309e-01 -4.4498e-02 -2.3993e-03 2.8151e-02
2.5633e-02 3.9239e-03 -7.9178e-02 6.0101e-02 3.6210e-02 6.5278e-02 1.3315e-01 -2.8101e-02 6.9337e-03 3.1561e-01 1.6443e-01 7.8428e-03 3.2666e-01 -5.4291e-02 -7.3822e-02 3.1209e-01 7.8428e-03 -1.2933e-01 1.2069e-01 1.5523e-01 1.0000e+00 -9.4985e-02 -7.0889e-02 -7.0889e-02 -7.9412e-02 -9.7304e-02 -5.5232e-02 -2.7796e-02 -1.1629e-02 -3.6932e-02 -1.1444e-02
-4.4222e-02 -4.4148e-02 6.9160e-03 5.3581e-02 2.4075e-02 5.1932e-02 3.7172e-02 5.7026e-02 -2.8879e-02 -3.8773e-02 2.0142e-02 4.5849e-02 -4.0168e-02 -4.8192e-02 1.6081e-01 -4.2859e-02 4.5849e-02 1.0757e-01 8.1335e-02 1.1317e-01 -9.4985e-02 1.0000e+00 -6.7414e-02 -6.7414e-02 -7.5519e-02 9.7429e-01 3.4083e-01 -2.0150e-02 -4.9227e-02 -7.1054e-02 -1.0883e-02
-7.7275e-02 -5.8395e-02 -5.3892e-03 8.0016e-02 -2.0799e-02 7.8973e-02 -8.4347e-02 5.3454e-02 -1.6357e-02 -3.3063e-02 -1.4027e-01 -1.8234e-02 -3.3666e-02 -5.0078e-02 -3.9763e-02 -3.4843e-02 -1.8234e-02 9.8716e-02 -5.3312e-02 -1.6972e-02 -7.0889e-02 -6.7414e-02 1.0000e+00 1.0000e+00 8.9268e-01 -6.8467e-02 2.3163e-01 3.5227e-01 -4.4688e-02 -1.2025e-02 -6.1639e-03
-7.7275e-02 -5.8395e-02 -5.3892e-03 8.0016e-02 -2.0799e-02 7.8973e-02 -8.4347e-02 5.3454e-02 -1.6357e-02 -3.3063e-02 -1.4027e-01 -1.8234e-02 -3.3666e-02 -5.0078e-02 -3.9763e-02 -3.4843e-02 -1.8234e-02 9.8716e-02 -5.3312e-02 -1.6972e-02 -7.0889e-02 -6.7414e-02 1.0000e+00 1.0000e+00 8.9268e-01 -6.8467e-02 2.3163e-01 3.5227e-01 -4.4688e-02 -1.2025e-02 -6.1639e-03
-9.1147e-02 -5.0326e-02 -1.5737e-02 9.8839e-02 1.9938e-02 9.7650e-02 -9.4487e-02 1.0665e-01 3.8923e-02 -3.7038e-02 -1.2826e-01 -2.5911e-02 -3.7713e-02 -3.6311e-02 -4.4544e-02 -3.9032e-02 -2.5911e-02 5.8890e-02 -6.5900e-02 -2.4966e-02 -7.9412e-02 -7.5519e-02 8.9268e-01 8.9268e-01 1.0000e+00 -7.6698e-02 1.9538e-01 3.5362e-01 -5.0061e-02 -4.7099e-02 -6.9049e-03
-5.0714e-02 -4.0453e-02 4.4046e-03 5.4151e-02 2.0900e-02 5.2478e-02 4.1352e-02 5.5597e-02 -2.9330e-02 -3.9922e-02 1.7353e-02 5.8273e-02 -4.1329e-02 -5.0059e-02 1.5692e-01 -4.4045e-02 5.8273e-02 1.1311e-01 9.4108e-02 1.2675e-01 -9.7304e-02 9.7429e-01 -6.8467e-02 -6.8467e-02 -7.6698e-02 1.0000e+00 3.5570e-01 -1.7034e-02 -5.0817e-02 -5.6077e-02 -1.1052e-02
-1.1452e-01 -2.7189e-02 2.2519e-03 8.4456e-02 7.1993e-02 8.5437e-02 -5.0658e-03 -6.3164e-03 -6.4531e-02 -4.2958e-02 7.9014e-02 6.3124e-02 -2.2240e-02 6.7436e-02 1.2719e-01 -3.0401e-02 6.3124e-02 -9.5121e-02 -8.3946e-02 -1.1069e-01 -5.5232e-02 3.4083e-01 2.3163e-01 2.3163e-01 1.9538e-01 3.5570e-01 1.0000e+00 5.6443e-01 -9.1169e-02 -9.3734e-02 4.0918e-02
-7.8597e-02 8.7092e-03 -1.8943e-02 3.4967e-02 1.1438e-02 3.8036e-02 -8.2369e-02 -8.3700e-03 -4.3254e-02 1.4729e-03 5.4551e-02 5.8849e-02 1.2945e-02 1.4123e-01 -3.0304e-02 6.5893e-03 5.8849e-02 -7.2383e-02 -3.8470e-02 -1.0309e-01 -2.7796e-02 -2.0150e-02 3.5227e-01 3.5227e-01 3.5362e-01 -1.7034e-02 5.6443e-01 1.0000e+00 -3.9666e-02 -6.6476e-02 6.1046e-02
4.3632e-03 5.6635e-02 -1.9774e-02 -2.8814e-02 -5.2495e-02 -2.9765e-02 2.6991e-02 -1.7715e-02 -1.9144e-02 -1.0890e-02 6.1338e-02 -5.0629e-02 -1.2065e-02 3.6489e-02 -2.3129e-02 -1.4312e-02 -5.0629e-02 -2.4328e-02 -5.9295e-02 -4.4498e-02 -1.1629e-02 -4.9227e-02 -4.4688e-02 -4.4688e-02 -5.0061e-02 -5.0817e-02 -9.1169e-02 -3.9666e-02 1.0000e+00 7.2122e-02 -7.2139e-03
1.4025e-02 5.4262e-02 -6.5083e-02 -4.5357e-02 -6.7668e-02 -4.3858e-02 -1.6265e-02 -2.0580e-02 -5.6982e-02 -9.8428e-03 -5.2627e-02 -7.7977e-02 1.2909e-02 6.6410e-02 4.6437e-02 -3.9269e-03 -7.7977e-02 5.9194e-02 4.0653e-02 -2.3993e-03 -3.6932e-02 -7.1054e-02 -1.2025e-02 -1.2025e-02 -4.7099e-02 -5.6077e-02 -9.3734e-02 -6.6476e-02 7.2122e-02 1.0000e+00 9.9478e-03
-2.3193e-02 -1.5811e-02 -8.0143e-03 5.1046e-02 -9.5212e-03 5.0793e-02 -1.3616e-02 -2.4434e-03 -2.6405e-03 -5.3374e-03 -2.9479e-02 -6.9832e-03 -5.4346e-03 -8.0840e-03 -6.4189e-03 -5.6247e-03 -6.9832e-03 4.4945e-02 2.3446e-02 2.8151e-02 -1.1444e-02 -1.0883e-02 -6.1639e-03 -6.1639e-03 -6.9049e-03 -1.1052e-02 4.0918e-02 6.1046e-02 -7.2139e-03 9.9478e-03 1.0000e+00
