1.0000e+00 -8.9264e-02 -2.4046e-02 2.0342e-01 -2.5867e-02 -3.1975e-02 -3.5752e-02 7.5027e-02 -7.8280e-02 -1.8100e-02 7.2644e-02 5.7679e-02 5.6725e-02 -8.7380e-04 -2.3378e-02 3.1932e-02 -5.0881e-02 2.2255e-02 -1.3993e-03 -8.4243e-03 1.5769e-02 -6.2264e-04 -2.2915e-02 2.5393e-02 -1.1418e-02 -1.5246e-02 -9.5763e-03 -1.3205e-02 -2.6167e-02 -2.6167e-02 -4.9267e-02 -5.2898e-02 -1.8623e-02 1.7003e-02 7.4864e-03
-8.9264e-02 1.0000e+00 -4.1040e-02 -8.7309e-02 9.1469e-02 -2.5337e-02 -3.3263e-03 6.8302e-02 4.1941e-02 4.8209e-02 -8.4065e-03 7.4959e-03 8.7536e-03 -6.5611e-02 -2.4504e-02 -8.7164e-04 -2.0028e-04 -5.7531e-03 -3.6464e-02 -2.6585e-02 -8.6211e-03 -7.5059e-02 7.9220e-02 3.3417e-02 -1.0616e-02 -5.5634e-02 -6.4746e-02 5.8312e-04 -4.4660e-02 -4.4660e-02 -3.2092e-02 -3.7696e-02 -1.6245e-02 -4.2886e-02 -4.9620e-02
-2.4046e-02 -4.1040e-02 1.0000e+00 -7.5292e-02 -2.8532e-02 -3.5511e-02 4.6199e-02 3.1701e-02 1.1617e-01 4.4065e-03 -1.4192e-02 -2.6629e-02 1.4339e-02 7.5014e-02 -2.8568e-02 -2.6476e-03 -5.4330e-02 4.4617e-02 -1.5352e-02 -1.7126e-02 2.5886e-02 2.7937e-03 -1.0535e-02 3.4563e-02 1.3643e-02 1.6998e-02 1.6220e-03 3.7762e-02 -1.2030e-02 -1.2030e-02 -1.3087e-02 -7.4338e-03 -2.6548e-02 -1.1553e-02 -1.3367e-02
2.0342e-01 -8.7309e-02 -7.5292e-02 1.0000e+00 -6.9696e-02 -1.7258e-01 -4.3143e-02 -1.2163e-01 -1.0363e-01 4.4474e-02 -1.7448e-02 -7.4038e-02 -4.3602e-02 1.1708e-02 6.4911e-02 -1.0981e-02 -4.0476e-02 4.7563e-02 2.7640e-02 -1.0761e-02 -1.7639e-02 -1.4806e-02 1.2920e-02 2.0942e-02 3.1879e-02 4.6368e-02 2.2076e-02 4.7297e-02 -4.4747e-02 -2.6153e-02 1.5936e-02 2.2245e-02 1.6767e-02 -2.0651e-02 -4.0679e-02
-2.5867e-02 9.1469e-02 -2.8532e-02 -6.9696e-02 1.0000e+00 -9.1649e-02 -4.2423e-02 -5.9237e-02 -1.0332e-01 -5.0442e-03 -3.6628e-02 1.3130e-02 3.0733e-02 -5.5935e-02 3.2449e-02 -3.6841e-02 -3.4145e-02 -4.3320e-02 -1.2114e-02 -1.9415e-02 4.9382e-02 2.0171e-02 -2.7191e-02 6.7800e-02 -2.8181e-02 -1.7571e-02 -1.1776e-02 -1.3331e-03 3.8595e-02 3.8595e-02 2.0940e-02 1.4652e-02 5.5865e-02 4.2636e-02 -3.4498e-02
-3.1975e-02 -2.5337e-02 -3.5511e-02 -1.7258e-01 -9.1649e-02 1.0000e+00 -5.2799e-02 -4.3827e-01 -2.2000e-01 1.3470e-02 2.8620e-02 5.4615e-02 2.9494e-02 -1.9864e-02 -1.1637e-02 2.0517e-02 3.4526e-02 -1.1788e-02 -3.4426e-03 -1.3681e-02 -3.9968e-02 2.3381e-02 -7.8853e-04 5.6436e-02 -4.8886e-02 -2.8150e-02 -1.0529e-03 -2.0657e-02 4.8455e-02 4.8455e-02 5.0955e-02 6.5459e-02 4.5821e-02 5.3501e-02 -1.6726e-02
-3.5752e-02 -3.3263e-03 4.6199e-02 -4.3143e-02 -4.2423e-02 -5.2799e-02 1.0000e+00 8.1745e-02 1.7273e-01 -4.6470e-02 -2.1101e-02 3.3037e-02 9.0594e-02 7.2045e-04 -3.3490e-02 -7.9126e-03 -4.8837e-02 -2.4957e-02 -2.2827e-02 1.5588e-02 4.1526e-02 5.3464e-03 4.9996e-02 2.0111e-02 -2.4467e-02 -4.2569e-02 -2.0916e-02 -2.7409e-02 3.9788e-02 3.9788e-02 -2.2943e-02 -1.4789e-02 -1.6151e-02 4.2823e-02 -1.9874e-02
7.5027e-02 6.8302e-02 3.1701e-02 -1.2163e-01 -5.9237e-02 -4.3827e-01 8.1745e-02 1.0000e+00 2.9809e-01 -5.7457e-03 -2.4688e-03 -2.1427e-02 -1.9818e-02 5.8807e-02 1.2311e-02 -1.4170e-02 -1.4727e-02 6.7923e-02 4.2484e-02 5.4657e-02 1.6359e-02 -1.3007e-02 -4.5214e-02 -3.3167e-02 4.6654e-02 -6.9559e-03 -2.5405e-02 -2.2183e-02 1.6960e-02 1.6960e-02 -1.1562e-01 -1.2619e-01 -7.3102e-02 1.2856e-02 2.7775e-02
-7.8280e-02 4.1941e-02 1.1617e-01 -1.0363e-01 -1.0332e-01 -2.2000e-01 1.7273e-01 2.9809e-01 1.0000e+00 -1.5029e-02 -9.2020e-02 -2.7237e-02 1.6124e-02 -3.4985e-02 8.0464e-03 9.5279e-03 2.6297e-03 -3.3043e-03 7.5989e-03 -8.9119e-03 -6.8883e-03 6.0628e-02 1.0010e-02 6.4972e-03 -6.6272e-03 1.1062e-02 3.8289e-02 -5.2963e-02 -5.0486e-02 -5.0486e-02 3.8810e-03 4.1979e-03 1.5774e-03 -4.4234e-02 4.4640e-02
-1.8100e-02 4.8209e-02 4.4065e-03 4.4474e-02 -5.0442e-03 1.3470e-02 -4.6470e-02 -5.7457e-03 -1.5029e-02 1.0000e+00 -7.8858e-02 4.4157e-02 1.2275e-01 -6.2714e-02 -5.2599e-02 2.1508e-02 2.2673e-02 -6.3946e-02 4.2399e-02 -5.2013e-02 4.5905e-02 -9.1282e-03 3.3478e-02 1.8901e-02 4.5657e-02 8.5168e-03 -3.0218e-02 4.5160e-02 -6.2268e-03 -2.6434e-02 3.2914e-02 2.8727e-02 2.4531e-02 -2.2150e-02 -1.9547e-02
7.2644e-02 -8.4065e-03 -1.4192e-02 -1.7448e-02 -3.6628e-02 2.8620e-02 -2.1101e-02 -2.4688e-03 -9.2020e-02 -7.8858e-02 1.0000e+00 1.2050e-01 -9.5048e-03 -2.7822e-02 -8.5961e-03 8.1279e-02 3.8016e-03 -2.1547e-02 3.2743e-02 -2.1985e-02 2.6235e-02 -2.9363e-02 -1.3525e-02 -1.5644e-02 1.1570e-02 1.2810e-02 -3.2887e-03 -2.3664e-02 -1.5444e-02 -1.5444e-02 -3.0843e-02 -2.4597e-02 -5.7409e-03 -1.4830e-02 -1.7159e-02
5.7679e-02 7.4959e-03 -2.6629e-02 -7.4038e-02 1.3130e-02 5.4615e-02 3.3037e-02 -2.1427e-02 -2.7237e-02 4.4157e-02 1.2050e-01 1.0000e+00 -3.1461e-01 -1.4656e-01 -1.7423e-01 7.3229e-02 1.5404e-01 -3.8056e-02 -4.6765e-03 -4.2415e-02 -1.2695e-02 6.0976e-02 -1.9790e-02 -2.1409e-03 3.1105e-02 9.7904e-03 -1.0768e-03 -3.4628e-02 6.9159e-02 5.1167e-02 -6.8598e-03 -4.6249e-02 -2.9297e-02 6.0653e-02 1.0623e-02
5.6725e-02 8.7536e-03 1.4339e-02 -4.3602e-02 3.0733e-02 2.9494e-02 9.0594e-02 -1.9818e-02 1.6124e-02 1.2275e-01 -9.5048e-03 -3.1461e-01 1.0000e+00 -8.1496e-02 -2.3779e-02 1.5775e-02 1.6680e-02 -6.3117e-02 -1.7060e-02 -2.7756e-02 2.5472e-02 -5.9944e-03 1.8993e-02 -5.1513e-02 -1.3994e-02 -2.8664e-02 -4.5263e-02 -9.5142e-04 -4.5238e-02 -4.5238e-02 -4.3765e-02 -2.2117e-02 -5.9930e-02 -1.6663e-02 -5.0263e-02
-8.7380e-04 -6.5611e-02 7.5014e-02 1.1708e-02 -5.5935e-02 -1.9864e-02 7.2045e-04 5.8807e-02 -3.4985e-02 -6.2714e-02 -2.7822e-02 -1.4656e-01 -8.1496e-02 1.0000e+00 -9.3651e-02 -6.8099e-02 -5.7200e-02 2.2546e-01 -3.0097e-02 -3.3574e-02 4.7229e-02 -3.1340e-02 -2.0654e-02 -1.1104e-02 5.4908e-03 1.2178e-02 -2.8218e-03 -3.6138e-02 -2.3584e-02 -2.3584e-02 -5.1211e-02 -4.1968e-02 -4.6045e-02 -2.2648e-02 1.3981e-02
-2.3378e-02 -2.4504e-02 -2.8568e-02 6.4911e-02 3.2449e-02 -1.1637e-02 -3.3490e-02 1.2311e-02 8.0464e-03 -5.2599e-02 -8.5961e-03 -1.7423e-01 -2.3779e-02 -9.3651e-02 1.0000e+00 -1.6210e-01 -8.5156e-02 -9.3977e-03 -8.2148e-02 -6.7711e-02 -6.2212e-02 2.0058e-02 -1.5546e-03 3.5383e-02 -4.6271e-02 -3.6507e-02 -2.0757e-03 -4.0725e-02 5.7370e-02 5.7370e-02 4.3382e-02 4.0679e-02 -3.9602e-03 4.5931e-02 -1.5751e-02
3.1932e-02 -8.7164e-04 -2.6476e-03 -1.0981e-02 -3.6841e-02 2.0517e-02 -7.9126e-03 -1.4170e-02 9.5279e-03 2.1508e-02 8.1279e-02 7.3229e-02 1.5775e-02 -6.8099e-02 -1.6210e-01 1.0000e+00 -1.6253e-01 -5.2741e-02 4.4195e-01 -3.2781e-02 4.2890e-03 2.2220e-02 5.3502e-04 2.6342e-02 -5.6311e-03 -3.4818e-02 -2.9960e-02 9.3613e-04 -3.7802e-02 -3.7802e-02 -6.0763e-02 -4.4414e-02 -6.1514e-02 -3.6300e-02 3.8023e-02
-5.0881e-02 -2.0028e-04 -5.4330e-02 -4.0476e-02 -3.4145e-02 3.4526e-02 -4.8837e-02 -1.4727e-02 2.6297e-03 2.2673e-02 3.8016e-03 1.5404e-01 1.6680e-02 -5.7200e-02 -8.5156e-02 -1.6253e-01 1.0000e+00 -8.2488e-02 -7.5448e-02 -8.4165e-02 -1.4892e-02 2.6671e-02 -2.6376e-03 -2.3650e-02 4.9015e-02 5.6199e-02 3.0084e-02 3.8374e-02 5.6205e-03 5.6205e-03 -3.0404e-02 -3.0941e-02 -3.7384e-02 1.0578e-02 7.0687e-02
2.2255e-02 -5.7531e-03 4.4617e-02 4.7563e-02 -4.3320e-02 -1.1788e-02 -2.4957e-02 6.7923e-02 -3.3043e-03 -6.3946e-02 -2.1547e-02 -3.8056e-02 -6.3117e-02 2.2546e-01 -9.3977e-03 -5.2741e-02 -8.2488e-02 1.0000e+00 -2.3309e-02 -2.6002e-02 1.1007e-02 2.5285e-02 4.8371e-02 -4.7610e-03 -4.5092e-02 1.0461e-02 2.6855e-02 -2.7988e-02 -1.8266e-02 -1.8266e-02 -6.2019e-03 -3.6925e-02 -6.0136e-03 -1.7540e-02 -2.0294e-02
-1.3993e-03 -3.6464e-02 -1.5352e-02 2.7640e-02 -1.2114e-02 -3.4426e-03 -2.2827e-02 4.2484e-02 7.5989e-03 4.2399e-02 3.2743e-02 -4.6765e-03 -1.7060e-02 -3.0097e-02 -8.2148e-02 4.4195e-01 -7.5448e-02 -2.3309e-02 1.0000e+00 -2.3783e-02 -1.9184e-02 1.0244e-02 -1.4631e-02 2.7965e-02 -3.8010e-02 -1.6781e-02 5.5725e-03 -2.5599e-02 -1.6707e-02 -1.6707e-02 -3.6776e-02 -3.0264e-02 -3.4102e-02 -1.6043e-02 -1.8562e-02
-8.4243e-03 -2.6585e-02 -1.7126e-02 -1.0761e-02 -1.9415e-02 -1.3681e-02 1.5588e-02 5.4657e-02 -8.9119e-03 -5.2013e-02 -2.1985e-02 -4.2415e-02 -2.7756e-02 -3.3574e-02 -6.7711e-02 -3.2781e-02 -8.4165e-02 -2.6002e-02 -2.3783e-02 1.0000e+00 -1.8339e-02 -3.1228e-02 -1.6321e-02 -2.8683e-02 7.8920e-03 -4.8954e-02 -4.2358e-02 8.2741e-03 3.6832e-02 3.6832e-02 -8.5403e-03 -1.8703e-02 3.7334e-03 -1.7897e-02 -2.0707e-02
1.5769e-02 -8.6211e-03 2.5886e-02 -1.7639e-02 4.9382e-02 -3.9968e-02 4.1526e-02 1.6359e-02 -6.8883e-03 4.5905e-02 2.6235e-02 -1.2695e-02 2.5472e-02 4.7229e-02 -6.2212e-02 4.2890e-03 -1.4892e-02 1.1007e-02 -1.9184e-02 -1.8339e-02 1.0000e+00 -1.4393e-01 4.8037e-02 -2.0086e-01 1.2444e-01 2.5668e-02 -5.9754e-02 3.9074e-02 -1.2883e-02 -1.2883e-02 -2.2201e-02 -5.5977e-03 5.5107e-02 -1.7792e-02 -2.0261e-04
-6.2264e-04 -7.5059e-02 2.7937e-03 -1.4806e-02 2.0171e-02 2.3381e-02 5.3464e-03 -1.3007e-02 6.0628e-02 -9.1282e-03 -2.9363e-02 6.0976e-02 -5.9944e-03 -3.1340e-02 2.0058e-02 2.2220e-02 2.6671e-02 2.5285e-02 1.0244e-02 -3.1228e-02 -1.4393e-01 1.0000e+00 1.1273e-01 2.0951e-01 -5.7645e-02 -3.8582e-03 7.2977e-02 -4.9909e-02 4.0102e-02 2.2377e-02 4.0409e-02 4.2224e-02 -8.6036e-03 1.2977e-02 -9.8618e-04
-2.2915e-02 7.9220e-02 -1.0535e-02 1.2920e-02 -2.7191e-02 -7.8853e-04 4.9996e-02 -4.5214e-02 1.0010e-02 3.3478e-02 -1.3525e-02 -1.9790e-02 1.8993e-02 -2.0654e-02 -1.5546e-03 5.3502e-04 -2.6376e-03 4.8371e-02 -1.4631e-02 -1.6321e-02 4.8037e-02 1.1273e-01 1.0000e+00 -3.1216e-02 1.8297e-02 9.0456e-02 1.3791e-01 -1.7567e-02 -1.1465e-02 -1.1465e-02 1.9698e-02 2.7400e-02 6.6383e-02 -1.1010e-02 6.7354e-02
2.5393e-02 3.3417e-02 3.4563e-02 2.0942e-02 6.7800e-02 5.6436e-02 2.0111e-02 -3.3167e-02 6.4972e-03 1.8901e-02 -1.5644e-02 -2.1409e-03 -5.1513e-02 -1.1104e-02 3.5383e-02 2.6342e-02 -2.3650e-02 -4.7610e-03 2.7965e-02 -2.8683e-02 -2.0086e-01 2.0951e-01 -3.1216e-02 1.0000e+00 3.8575e-02 1.0926e-01 7.6678e-02 8.9437e-02 2.6341e-02 -4.6521e-03 4.2702e-02 3.2185e-02 5.0149e-02 -1.9871e-03 -1.1626e-02
-1.1418e-02 -1.0616e-02 1.3643e-02 3.1879e-02 -2.8181e-02 -4.8886e-02 -2.4467e-02 4.6654e-02 -6.6272e-03 4.5657e-02 1.1570e-02 3.1105e-02 -1.3994e-02 5.4908e-03 -4.6271e-02 -5.6311e-03 4.9015e-02 -4.5092e-02 -3.8010e-02 7.8920e-03 1.2444e-01 -5.7645e-02 1.8297e-02 3.8575e-02 1.0000e+00 4.2616e-01 -1.8424e-01 4.2271e-01 -2.0039e-02 -2.0039e-02 -2.0252e-02 -1.4932e-02 5.0475e-02 -1.7196e-02 1.8596e-02
-1.5246e-02 -5.5634e-02 1.6998e-02 4.6368e-02 -1.7571e-02 -2.8150e-02 -4.2569e-02 -6.9559e-03 1.1062e-02 8.5168e-03 1.2810e-02 9.7904e-03 -2.8664e-02 1.2178e-02 -3.6507e-02 -3.4818e-02 5.6199e-02 1.0461e-02 -1.6781e-02 -4.8954e-02 2.5668e-02 -3.8582e-03 9.0456e-02 1.0926e-01 4.2616e-01 1.0000e+00 7.2255e-01 2.6128e-01 4.3178e-02 4.3178e-02 3.2906e-02 5.4655e-02 3.4563e-02 5.0774e-02 4.1241e-02
-9.5763e-03 -6.4746e-02 1.6220e-03 2.2076e-02 -1.1776e-02 -1.0529e-03 -2.0916e-02 -2.5405e-02 3.8289e-02 -3.0218e-02 -3.2887e-03 -1.0768e-03 -4.5263e-02 -2.8218e-03 -2.0757e-03 -2.9960e-02 3.0084e-02 2.6855e-02 5.5725e-03 -4.2358e-02 -5.9754e-02 7.2977e-02 1.3791e-01 7.6678e-02 -1.8424e-01 7.2255e-01 1.0000e+00 -8.1011e-02 6.2704e-02 6.2704e-02 4.9351e-02 6.5411e-02 2.2428e-03 6.9462e-02 2.4725e-02
-1.3205e-02 5.8312e-04 3.7762e-02 4.7297e-02 -1.3331e-03 -2.0657e-02 -2.7409e-02 -2.2183e-02 -5.2963e-02 4.5160e-02 -2.3664e-02 -3.4628e-02 -9.5142e-04 -3.6138e-02 -4.0725e-02 9.3613e-04 3.8374e-02 -2.7988e-02 -2.5599e-02 8.2741e-03 3.9074e-02 -4.9909e-02 -1.7567e-02 8.9437e-02 4.2271e-01 2.6128e-01 -8.1011e-02 1.0000e+00 3.1685e-02 3.1685e-02 -1.7131e-02 -2.5804e-02 3.9429e-02 3.4567e-02 -2.2288e-02
-2.6167e-02 -4.4660e-02 -1.2030e-02 -4.4747e-02 3.8595e-02 4.8455e-02 3.9788e-02 1.6960e-02 -5.0486e-02 -6.2268e-03 -1.5444e-02 6.9159e-02 -4.5238e-02 -2.3584e-02 5.7370e-02 -3.7802e-02 5.6205e-03 -1.8266e-02 -1.6707e-02 3.6832e-02 -1.2883e-02 4.0102e-02 -1.1465e-02 2.6341e-02 -2.0039e-02 4.3178e-02 6.2704e-02 3.1685e-02 1.0000e+00 9.2207e-01 -4.4853e-02 -4.0904e-02 -7.4409e-02 8.7921e-01 -1.4546e-02
-2.6167e-02 -4.4660e-02 -1.2030e-02 -2.6153e-02 3.8595e-02 4.8455e-02 3.9788e-02 1.6960e-02 -5.0486e-02 -2.6434e-02 -1.5444e-02 5.1167e-02 -4.5238e-02 -2.3584e-02 5.7370e-02 -3.7802e-02 5.6205e-03 -1.8266e-02 -1.6707e-02 3.6832e-02 -1.2883e-02 2.2377e-02 -1.1465e-02 -4.6521e-03 -2.0039e-02 4.3178e-02 6.2704e-02 3.1685e-02 9.2207e-01 1.0000e+00 -4.4853e-02 -4.0904e-02 -7.4409e-02 8.7921e-01 -1.4546e-02
-4.9267e-02 -3.2092e-02 -1.3087e-02 1.5936e-02 2.0940e-02 5.0955e-02 -2.2943e-02 -1.1562e-01 3.8810e-03 3.2914e-02 -3.0843e-02 -6.8598e-03 -4.3765e-02 -5.1211e-02 4.3382e-02 -6.0763e-02 -3.0404e-02 -6.2019e-03 -3.6776e-02 -8.5403e-03 -2.2201e-02 4.0409e-02 1.9698e-02 4.2702e-02 -2.0252e-02 3.2906e-02 4.9351e-02 -1.7131e-02 -4.4853e-02 -4.4853e-02 1.0000e+00 9.1196e-01 6.0279e-01 -4.3072e-02 -4.9835e-02
-5.2898e-02 -3.7696e-02 -7.4338e-03 2.2245e-02 1.4652e-02 6.5459e-02 -1.4789e-02 -1.2619e-01 4.1979e-03 2.8727e-02 -2.4597e-02 -4.6249e-02 -2.2117e-02 -4.1968e-02 4.0679e-02 -4.4414e-02 -3.0941e-02 -3.6925e-02 -3.0264e-02 -1.8703e-02 -5.5977e-03 4.2224e-02 2.7400e-02 3.2185e-02 -1.4932e-02 5.4655e-02 6.5411e-02 -2.5804e-02 -4.0904e-02 -4.0904e-02 9.1196e-01 1.0000e+00 5.4972e-01 -3.9280e-02 -4.5448e-02
-1.8623e-02 -1.6245e-02 -2.6548e-02 1.6767e-02 5.5865e-02 4.5821e-02 -1.6151e-02 -7.3102e-02 1.5774e-03 2.4531e-02 -5.7409e-03 -2.9297e-02 -5.9930e-02 -4.6045e-02 -3.9602e-03 -6.1514e-02 -3.7384e-02 -6.0136e-03 -3.4102e-02 3.7334e-03 5.5107e-02 -8.6036e-03 6.6383e-02 5.0149e-02 5.0475e-02 3.4563e-02 2.2428e-03 3.9429e-02 -7.4409e-02 -7.4409e-02 6.0279e-01 5.4972e-01 1.0000e+00 -7.1453e-02 -6.5289e-02
1.7003e-02 -4.2886e-02 -1.1553e-02 -2.0651e-02 4.2636e-02 5.3501e-02 4.2823e-02 1.2856e-02 -4.4234e-02 -2.2150e-02 -1.4830e-02 6.0653e-02 -1.6663e-02 -2.2648e-02 4.5931e-02 -3.6300e-02 1.0578e-02 -1.7540e-02 -1.6043e-02 -1.7897e-02 -1.7792e-02 1.2977e-02 -1.1010e-02 -1.9871e-03 -1.7196e-02 5.0774e-02 6.9462e-02 3.4567e-02 8.7921e-01 8.7921e-01 -4.3072e-02 -3.9280e-02 -7.1453e-02 1.0000e+00 -1.3968e-02
7.4864e-03 -4.9620e-02 -1.3367e-02 -4.0679e-02 -3.4498e-02 -1.6726e-02 -1.9874e-02 2.7775e-02 4.4640e-02 -1.9547e-02 -1.7159e-02 1.0623e-02 -5.0263e-02 1.3981e-02 -1.5751e-02 3.8023e-02 7.0687e-02 -2.0294e-02 -1.8562e-02 -2.0707e-02 -2.0261e-04 -9.8618e-04 6.7354e-02 -1.1626e-02 1.8596e-02 4.1241e-02 2.4725e-02 -2.2288e-02 -1.4546e-02 -1.4546e-02 -4.9835e-02 -4.5448e-02 -6.5289e-02 -1.3968e-02 1.0000e+00
