1.0000e+00 -2.6536e-02 -4.2703e-02 1.6488e-02 -3.3073e-03 -1.3086e-02 -3.7620e-02 -3.5032e-02 2.4374e-02 4.8514e-02 5.1270e-02 -3.5923e-02 9.7106e-03 -1.0642e-02 2.2418e-03 5.5545e-03 3.6189e-02 7.9493e-03 -2.5531e-02
-2.6536e-02 1.0000e+00 7.8068e-02 1.0780e-02 2.2845e-02 2.8968e-02 1.1293e-02 3.9503e-02 4.1903e-02 4.5786e-02 -4.6151e-02 7.3207e-03 -1.4034e-02 -1.7472e-02 -1.5485e-02 3.5188e-03 -6.4446e-03 -2.1378e-02 -4.1918e-02
-4.2703e-02 7.8068e-02 1.0000e+00 -6.6553e-02 3.2481e-02 -3.2347e-02 -2.5746e-03 3.6018e-02 -6.7283e-03 -2.8912e-02 8.4635e-03 -3.6685e-03 -3.0481e-02 -2.8118e-02 8.4635e-03 1.8388e-02 -4.9495e-03 3.6518e-02 3.4899e-02
1.6488e-02 1.0780e-02 -6.6553e-02 1.0000e+00 -3.4819e-02 -1.6865e-02 -1.1429e-03 -3.4240e-02 2.0205e-02 3.5340e-02 -2.4657e-02 -3.9934e-02 -1.9052e-02 4.6139e-02 2.3602e-02 2.7805e-03 -6.6896e-03 -4.3961e-02 1.4230e-02
-3.3073e-03 2.2845e-02 3.2481e-02 -3.4819e-02 1.0000e+00 1.2937e-01 -3.4719e-02 3.0370e-02 -5.9518e-02 -4.6856e-02 -5.1451e-02 2.3409e-02 -6.2829e-02 -2.2588e-02 -3.0512e-02 4.0018e-02 -2.6811e-02 1.1566e-03 9.4239e-03
-1.3086e-02 2.8968e-02 -3.2347e-02 -1.6865e-02 1.2937e-01 1.0000e+00 -8.1147e-02 2.0411e-01 -1.1239e-02 4.5891e-03 -2.1276e-02 1.8898e-02 -5.5215e-02 -3.6943e-02 -2.1276e-02 -4.7441e-02 -2.6326e-02 -5.7417e-02 -4.9886e-03
-3.7620e-02 1.1293e-02 -2.5746e-03 -1.1429e-03 -3.4719e-02 -8.1147e-02 1.0000e+00 -1.0223e-02 6.5734e-02 4.4046e-02 -3.0005e-02 5.6975e-02 -5.1651e-02 -2.4771e-02 3.7624e-02 -5.9126e-02 -9.5745e-02 3.2171e-02 5.4123e-02
-3.5032e-02 3.9503e-02 3.6018e-02 -3.4240e-02 3.0370e-02 2.0411e-01 -1.0223e-02 1.0000e+00 3.7391e-02 4.4325e-02 6.3562e-03 3.7850e-03 -1.8140e-02 2.3624e-02 -1.7593e-02 -2.5141e-02 2.8126e-02 1.5618e-02 2.5082e-02
2.4374e-02 4.1903e-02 -6.7283e-03 2.0205e-02 -5.9518e-02 -1.1239e-02 6.5734e-02 3.7391e-02 1.0000e+00 7.9611e-01 3.8020e-02 -9.0253e-03 -4.6701e-02 -3.1531e-02 8.3175e-04 4.5711e-03 -1.6922e-02 3.0945e-03 4.9236e-02
4.8514e-02 4.5786e-02 -2.8912e-02 3.5340e-02 -4.6856e-02 4.5891e-03 4.4046e-02 4.4325e-02 7.9611e-01 1.0000e+00 5.6842e-02 -8.7275e-03 -4.5790e-02 -2.5102e-02 -3.2332e-02 1.9210e-02 -7.2760e-03 -1.2787e-02 -4.1506e-02
5.1270e-02 -4.6151e-02 8.4635e-03 -2.4657e-02 -5.1451e-02 -2.1276e-02 -3.0005e-02 6.3562e-03 3.8020e-02 5.6842e-02 1.0000e+00 -2.0471e-01 1.0211e-01 -3.0806e-02 -4.0820e-02 -1.1572e-02 -3.6608e-02 -2.1181e-02 5.5273e-03
-3.5923e-02 7.3207e-03 -3.6685e-03 -3.9934e-02 2.3409e-02 1.8898e-02 5.6975e-02 3.7850e-03 -9.0253e-03 -8.7275e-03 -2.0471e-01 1.0000e+00 -6.1181e-01 -4.2061e-02 9.3105e-03 4.8731e-03 3.2533e-02 -1.3002e-02 4.1015e-02
9.7106e-03 -1.4034e-02 -3.0481e-02 -1.9052e-02 -6.2829e-02 -5.5215e-02 -5.1651e-02 -1.8140e-02 -4.6701e-02 -4.5790e-02 1.0211e-01 -6.1181e-01 1.0000e+00 6.1277e-02 1.0854e-01 2.5603e-02 -1.7914e-02 2.2134e-02 -4.7457e-02
-1.0642e-02 -1.7472e-02 -2.8118e-02 4.6139e-02 -2.2588e-02 -3.6943e-02 -2.4771e-02 2.3624e-02 -3.1531e-02 -2.5102e-02 -3.0806e-02 -4.2061e-02 6.1277e-02 1.0000e+00 -3.0806e-02 5.0828e-02 -4.8521e-02 -5.2757e-02 -1.6811e-02
2.2418e-03 -1.5485e-02 8.4635e-03 2.3602e-02 -3.0512e-02 -2.1276e-02 3.7624e-02 -1.7593e-02 8.3175e-04 -3.2332e-02 -4.0820e-02 9.3105e-03 1.0854e-01 -3.0806e-02 1.0000e+00 -4.6137e-02 -2.2471e-02 -3.4779e-02 -2.6247e-02
5.5545e-03 3.5188e-03 1.8388e-02 2.7805e-03 4.0018e-02 -4.7441e-02 -5.9126e-02 -2.5141e-02 4.5711e-03 1.9210e-02 -1.1572e-02 4.8731e-03 2.5603e-02 5.0828e-02 -4.6137e-02 1.0000e+00 3.1582e-01 -1.4685e-02 -1.4502e-01
3.6189e-02 -6.4446e-03 -4.9495e-03 -6.6896e-03 -2.6811e-02 -2.6326e-02 -9.5745e-02 2.8126e-02 -1.6922e-02 -7.2760e-03 -3.6608e-02 3.2533e-02 -1.7914e-02 -4.8521e-02 -2.2471e-02 3.1582e-01 1.0000e+00 6.1323e-02 -5.7065e-02
7.9493e-03 -2.1378e-02 3.6518e-02 -4.3961e-02 1.1566e-03 -5.7417e-02 3.2171e-02 1.5618e-02 3.0945e-03 -1.2787e-02 -2.1181e-02 -1.3002e-02 2.2134e-02 -5.2757e-02 -3.4779e-02 -1.4685e-02 6.1323e-02 1.0000e+00 2.9581e-01
-2.5531e-02 -4.1918e-02 3.4899e-02 1.4230e-02 9.4239e-03 -4.9886e-03 5.4123e-02 2.5082e-02 4.9236e-02 -4.1506e-02 5.5273e-03 4.1015e-02 -4.7457e-02 -1.6811e-02 -2.6247e-02 -1.4502e-01 -5.7065e-02 2.9581e-01 1.0000e+00
