1.0000e+00 -5.4255e-02 -1.0307e-01 -3.4678e-02 -3.4921e-02 1.1278e-01 6.9598e-03 4.8140e-03 9.6775e-03 -4.7535e-02 -6.1752e-02 -2.6864e-02 8.4943e-02 4.5423e-02 -3.2879e-02 -1.1382e-02 2.1194e-02 -3.3939e-02 -5.7328e-02 -1.6667e-02 2.1269e-02 1.3799e-02 -4.5908e-02 3.6446e-02 -8.9848e-03 -5.4411e-03 7.3182e-02 1.4418e-01 -2.1903e-02
-5.4255e-02 1.0000e+00 4.9825e-01 1.7388e-01 1.7874e-01 -1.4598e-02 -6.2420e-03 9.6951e-03 -2.0590e-02 -3.0461e-02 -1.9915e-02 -7.6571e-02 -3.5725e-02 1.6369e-04 -5.4333e-02 -3.8210e-02 2.1709e-02 -2.9070e-02 6.4711e-02 9.3581e-02 1.8360e-02 -3.1847e-02 -3.5365e-02 3.1327e-03 4.8143e-02 -5.9632e-02 1.5869e-02 -2.9966e-02 5.8119e-02
-1.0307e-01 4.9825e-01 1.0000e+00 5.9835e-02 6.2423e-02 2.6726e-02 -5.1744e-03 1.5326e-02 -1.0625e-03 -1.5244e-02 -2.0276e-02 4.9678e-02 2.9912e-02 4.8452e-02 -4.6046e-02 -3.9569e-03 2.7962e-02 -2.1633e-02 6.2762e-02 1.1441e-01 5.8489e-03 -1.0408e-02 1.1232e-03 6.7410e-03 2.9383e-02 1.4916e-03 2.9788e-02 -2.5153e-02 6.6769e-02
-3.4678e-02 1.7388e-01 5.9835e-02 1.0000e+00 9.9770e-01 -6.3078e-04 1.2916e-01 1.3515e-01 1.1259e-01 -8.0264e-02 -1.1652e-01 1.5807e-02 -3.0885e-02 2.9181e-02 -1.0771e-02 3.5855e-02 7.3177e-02 -6.8580e-03 -2.5143e-02 9.4043e-02 -2.5745e-02 -2.4766e-03 -2.4850e-02 -9.1821e-03 1.3077e-02 -3.7561e-03 3.2379e-04 6.8170e-03 -1.3995e-03
-3.4921e-02 1.7874e-01 6.2423e-02 9.9770e-01 1.0000e+00 -1.0181e-03 1.3197e-01 1.3790e-01 1.1548e-01 -7.7759e-02 -1.1355e-01 1.5342e-02 -3.1038e-02 3.3120e-02 -6.8968e-03 3.5633e-02 7.2282e-02 -5.7663e-03 -2.0376e-02 9.3682e-02 -2.3196e-02 2.3171e-04 -2.6939e-02 -7.2181e-03 1.2915e-02 -4.8387e-03 -4.7879e-04 6.2966e-03 -1.7670e-03
1.1278e-01 -1.4598e-02 2.6726e-02 -6.3078e-04 -1.0181e-03 1.0000e+00 4.5576e-02 4.2334e-02 4.9697e-02 -1.0652e-02 -6.4413e-02 1.2971e-01 5.2969e-02 1.3252e-01 6.5906e-03 -1.6228e-02 -2.0112e-02 -4.8389e-02 -3.6391e-02 1.9597e-01 -6.1563e-02 8.0316e-03 2.5227e-03 6.4672e-03 -1.2810e-02 6.2788e-03 9.5915e-04 3.1157e-02 -3.1228e-02
6.9598e-03 -6.2420e-03 -5.1744e-03 1.2916e-01 1.3197e-01 4.5576e-02 1.0000e+00 9.5662e-01 8.8128e-01 1.1853e-01 7.1323e-02 -1.5469e-01 -3.6188e-02 -1.0068e-03 1.3082e-02 4.9016e-03 4.9073e-02 -1.0984e-02 -1.7482e-03 -7.9794e-02 2.7317e-02 -6.4416e-02 3.9310e-03 2.4287e-02 7.5763e-03 6.2667e-02 4.9076e-02 -1.7418e-03 8.5778e-02
4.8140e-03 9.6951e-03 1.5326e-02 1.3515e-01 1.3790e-01 4.2334e-02 9.5662e-01 1.0000e+00 9.2626e-01 9.9165e-02 5.4239e-02 -1.5740e-01 -3.7392e-02 3.9676e-02 -5.9675e-03 3.3903e-03 4.8516e-02 -7.6463e-03 -9.2246e-03 -8.1563e-02 2.1539e-02 -6.0152e-02 -1.2459e-02 1.8505e-02 6.3644e-03 5.3923e-02 3.6290e-02 -5.7248e-03 8.2479e-02
9.6775e-03 -2.0590e-02 -1.0625e-03 1.1259e-01 1.1548e-01 4.9697e-02 8.8128e-01 9.2626e-01 1.0000e+00 1.3356e-01 7.8730e-02 -1.5132e-01 -3.4680e-02 4.5488e-02 -1.9803e-02 6.8155e-03 3.2693e-02 9.5078e-03 -9.1020e-03 -7.7592e-02 2.7006e-03 -5.6888e-02 -2.9937e-02 1.7907e-02 -2.0749e-02 3.2124e-02 3.8125e-02 3.2964e-03 7.7437e-02
-4.7535e-02 -3.0461e-02 -1.5244e-02 -8.0264e-02 -7.7759e-02 -1.0652e-02 1.1853e-01 9.9165e-02 1.3356e-01 1.0000e+00 8.4174e-01 -3.6887e-02 2.2968e-02 -3.9953e-03 1.0053e-01 -1.0905e-02 5.6583e-02 1.3364e-02 5.2650e-03 9.3081e-03 5.7475e-02 -1.4402e-02 8.2116e-03 -6.4110e-03 -5.0444e-03 -6.8015e-02 -1.8224e-02 -3.4802e-02 -7.5038e-03
-6.1752e-02 -1.9915e-02 -2.0276e-02 -1.1652e-01 -1.1355e-01 -6.4413e-02 7.1323e-02 5.4239e-02 7.8730e-02 8.4174e-01 1.0000e+00 -9.6237e-02 1.2349e-02 -1.1075e-02 1.3970e-01 -4.3490e-02 6.6106e-02 1.9104e-02 1.7514e-02 -4.9608e-02 5.7615e-02 -2.3395e-02 -6.2009e-03 3.7045e-02 -2.3273e-02 -2.9381e-02 -2.7589e-02 -4.2705e-02 -4.6813e-03
-2.6864e-02 -7.6571e-02 4.9678e-02 1.5807e-02 1.5342e-02 1.2971e-01 -1.5469e-01 -1.5740e-01 -1.5132e-01 -3.6887e-02 -9.6237e-02 1.0000e+00 -1.7688e-02 3.8763e-02 -3.5806e-02 3.6408e-02 5.2085e-03 2.1983e-02 9.6201e-03 2.3918e-01 -4.9350e-02 2.4830e-02 -1.9737e-03 2.5425e-02 1.2482e-01 -2.1983e-02 -4.4876e-03 -7.5850e-03 2.2334e-02
8.4943e-02 -3.5725e-02 2.9912e-02 -3.0885e-02 -3.1038e-02 5.2969e-02 -3.6188e-02 -3.7392e-02 -3.4680e-02 2.2968e-02 1.2349e-02 -1.7688e-02 1.0000e+00 1.2646e-01 -1.8122e-02 -7.4946e-03 -3.2531e-02 1.2843e-02 5.7985e-02 -1.0975e-02 -2.2369e-02 -1.7029e-02 1.3124e-02 2.8500e-02 -5.9161e-03 -1.2843e-02 -3.1386e-02 -2.0131e-02 -1.4422e-02
4.5423e-02 1.6369e-04 4.8452e-02 2.9181e-02 3.3120e-02 1.3252e-01 -1.0068e-03 3.9676e-02 4.5488e-02 -3.9953e-03 -1.1075e-02 3.8763e-02 1.2646e-01 1.0000e+00 -2.5957e-01 -2.1557e-02 8.5555e-03 2.6419e-02 -4.6704e-02 1.3218e-01 4.4502e-02 7.1729e-02 -1.3891e-02 3.9854e-02 -4.3362e-03 3.2511e-02 -2.8792e-02 2.7087e-02 -2.1940e-02
-3.2879e-02 -5.4333e-02 -4.6046e-02 -1.0771e-02 -6.8968e-03 6.5906e-03 1.3082e-02 -5.9675e-03 -1.9803e-02 1.0053e-01 1.3970e-01 -3.5806e-02 -1.8122e-02 -2.5957e-01 1.0000e+00 3.2554e-03 7.6662e-02 -4.4611e-02 -2.4293e-02 -5.4383e-02 -3.5814e-02 2.5134e-02 2.6474e-02 1.1510e-02 -5.7696e-03 -7.7086e-03 3.5041e-02 3.1961e-02 1.6779e-02
-1.1382e-02 -3.8210e-02 -3.9569e-03 3.5855e-02 3.5633e-02 -1.6228e-02 4.9016e-03 3.3903e-03 6.8155e-03 -1.0905e-02 -4.3490e-02 3.6408e-02 -7.4946e-03 -2.1557e-02 3.2554e-03 1.0000e+00 2.3038e-01 4.5433e-02 -4.0374e-02 -1.1738e-02 1.4979e-02 -1.7835e-03 4.6017e-02 1.4431e-02 -6.3277e-03 6.5502e-02 -3.3570e-02 -2.1531e-02 -1.5425e-02
2.1194e-02 2.1709e-02 2.7962e-02 7.3177e-02 7.2282e-02 -2.0112e-02 4.9073e-02 4.8516e-02 3.2693e-02 5.6583e-02 6.6106e-02 5.2085e-03 -3.2531e-02 8.5555e-03 7.6662e-02 2.3038e-01 1.0000e+00 1.4613e-01 -1.7525e-01 -5.0952e-02 -3.6473e-02 -5.9178e-02 -6.3688e-03 -1.7172e-02 1.4399e-02 1.4374e-02 6.0270e-02 2.3094e-02 9.1407e-02
-3.3939e-02 -2.9070e-02 -2.1633e-02 -6.8580e-03 -5.7663e-03 -4.8389e-02 -1.0984e-02 -7.6463e-03 9.5078e-03 1.3364e-02 1.9104e-02 2.1983e-02 1.2843e-02 2.6419e-02 -4.4611e-02 4.5433e-02 1.4613e-01 1.0000e+00 2.2883e-01 6.6530e-02 -2.9951e-02 1.2482e-03 2.2500e-02 2.0848e-02 8.3566e-04 7.2209e-03 -5.7012e-02 -4.0498e-02 -1.5630e-02
-5.7328e-02 6.4711e-02 6.2762e-02 -2.5143e-02 -2.0376e-02 -3.6391e-02 -1.7482e-03 -9.2246e-03 -9.1020e-03 5.2650e-03 1.7514e-02 9.6201e-03 5.7985e-02 -4.6704e-02 -2.4293e-02 -4.0374e-02 -1.7525e-01 2.2883e-01 1.0000e+00 -5.9122e-02 -3.7514e-02 -7.6200e-03 -5.2087e-02 1.8087e-02 5.8492e-03 1.2415e-03 -7.2253e-02 -6.1773e-02 -3.0131e-02
-1.6667e-02 9.3581e-02 1.1441e-01 9.4043e-02 9.3682e-02 1.9597e-01 -7.9794e-02 -8.1563e-02 -7.7592e-02 9.3081e-03 -4.9608e-02 2.3918e-01 -1.0975e-02 1.3218e-01 -5.4383e-02 -1.1738e-02 -5.0952e-02 6.6530e-02 -5.9122e-02 1.0000e+00 1.4115e-02 8.6554e-02 -3.6740e-02 -5.0493e-02 -9.2660e-03 -4.7418e-02 2.1221e-02 3.6318e-02 -2.2588e-02
2.1269e-02 1.8360e-02 5.8489e-03 -2.5745e-02 -2.3196e-02 -6.1563e-02 2.7317e-02 2.1539e-02 2.7006e-03 5.7475e-02 5.7615e-02 -4.9350e-02 -2.2369e-02 4.4502e-02 -3.5814e-02 1.4979e-02 -3.6473e-02 -2.9951e-02 -3.7514e-02 1.4115e-02 1.0000e+00 4.5338e-01 5.6133e-02 1.3004e-02 -2.5073e-03 4.9753e-03 1.3677e-02 1.8068e-02 2.2801e-02
1.3799e-02 -3.1847e-02 -1.0408e-02 -2.4766e-03 2.3171e-04 8.0316e-03 -6.4416e-02 -6.0152e-02 -5.6888e-02 -1.4402e-02 -2.3395e-02 2.4830e-02 -1.7029e-02 7.1729e-02 2.5134e-02 -1.7835e-03 -5.9178e-02 1.2482e-03 -7.6200e-03 8.6554e-02 4.5338e-01 1.0000e+00 2.5308e-02 1.3617e-01 -5.5883e-02 3.4194e-02 -4.7868e-02 -1.9395e-02 -1.9057e-03
-4.5908e-02 -3.5365e-02 1.1232e-03 -2.4850e-02 -2.6939e-02 2.5227e-03 3.9310e-03 -1.2459e-02 -2.9937e-02 8.2116e-03 -6.2009e-03 -1.9737e-03 1.3124e-02 -1.3891e-02 2.6474e-02 4.6017e-02 -6.3688e-03 2.2500e-02 -5.2087e-02 -3.6740e-02 5.6133e-02 2.5308e-02 1.0000e+00 1.5224e-02 7.1666e-02 6.6188e-02 2.3363e-02 4.2703e-02 -2.7310e-02
3.6446e-02 3.1327e-03 6.7410e-03 -9.1821e-03 -7.2181e-03 6.4672e-03 2.4287e-02 1.8505e-02 1.7907e-02 -6.4110e-03 3.7045e-02 2.5425e-02 2.8500e-02 3.9854e-02 1.1510e-02 1.4431e-02 -1.7172e-02 2.0848e-02 1.8087e-02 -5.0493e-02 1.3004e-02 1.3617e-01 1.5224e-02 1.0000e+00 6.4612e-02 1.9185e-01 -1.5464e-02 3.4911e-04 1.4349e-02
-8.9848e-03 4.8143e-02 2.9383e-02 1.3077e-02 1.2915e-02 -1.2810e-02 7.5763e-03 6.3644e-03 -2.0749e-02 -5.0444e-03 -2.3273e-02 1.2482e-01 -5.9161e-03 -4.3362e-03 -5.7696e-03 -6.3277e-03 1.4399e-02 8.3566e-04 5.8492e-03 -9.2660e-03 -2.5073e-03 -5.5883e-02 7.1666e-02 6.4612e-02 1.0000e+00 -3.5864e-02 1.4549e-01 -1.6996e-02 -1.2176e-02
-5.4411e-03 -5.9632e-02 1.4916e-03 -3.7561e-03 -4.8387e-03 6.2788e-03 6.2667e-02 5.3923e-02 3.2124e-02 -6.8015e-02 -2.9381e-02 -2.1983e-02 -1.2843e-02 3.2511e-02 -7.7086e-03 6.5502e-02 1.4374e-02 7.2209e-03 1.2415e-03 -4.7418e-02 4.9753e-03 3.4194e-02 6.6188e-02 1.9185e-01 -3.5864e-02 1.0000e+00 -7.0375e-02 -4.6185e-02 -2.8537e-02
7.3182e-02 1.5869e-02 2.9788e-02 3.2379e-04 -4.7879e-04 9.5915e-04 4.9076e-02 3.6290e-02 3.8125e-02 -1.8224e-02 -2.7589e-02 -4.4876e-03 -3.1386e-02 -2.8792e-02 3.5041e-02 -3.3570e-02 6.0270e-02 -5.7012e-02 -7.2253e-02 2.1221e-02 1.3677e-02 -4.7868e-02 2.3363e-02 -1.5464e-02 1.4549e-01 -7.0375e-02 1.0000e+00 6.4138e-01 3.6913e-01
1.4418e-01 -2.9966e-02 -2.5153e-02 6.8170e-03 6.2966e-03 3.1157e-02 -1.7418e-03 -5.7248e-03 3.2964e-03 -3.4802e-02 -4.2705e-02 -7.5850e-03 -2.0131e-02 2.7087e-02 3.1961e-02 -2.1531e-02 2.3094e-02 -4.0498e-02 -6.1773e-02 3.6318e-02 1.8068e-02 -1.9395e-02 4.2703e-02 3.4911e-04 -1.6996e-02 -4.6185e-02 6.4138e-01 1.0000e+00 -4.1433e-02
-2.1903e-02 5.8119e-02 6.6769e-02 -1.3995e-03 -1.7670e-03 -3.1228e-02 8.5778e-02 8.2479e-02 7.7437e-02 -7.5038e-03 -4.6813e-03 2.2334e-02 -1.4422e-02 -2.1940e-02 1.6779e-02 -1.5425e-02 9.1407e-02 -1.5630e-02 -3.0131e-02 -2.2588e-02 2.2801e-02 -1.9057e-03 -2.7310e-02 1.4349e-02 -1.2176e-02 -2.8537e-02 3.6913e-01 -4.1433e-02 1.0000e+00
