1.0000e+00 3.7584e-01 3.5155e-01 2.6638e-01 1.4888e-03 -7.6631e-03 1.1050e-01
3.7584e-01 1.0000e+00 7.2338e-01 6.5346e-01 -6.8472e-03 -1.6215e-02 2.1014e-01
3.5155e-01 7.2338e-01 1.0000e+00 7.9752e-01 -6.0127e-03 -1.5352e-02 3.3323e-01
2.6638e-01 6.5346e-01 7.9752e-01 1.0000e+00 -3.5329e-02 -4.0840e-02 3.7855e-01
1.4888e-03 -6.8472e-03 -6.0127e-03 -3.5329e-02 1.0000e+00 8.3598e-01 -2.3378e-02
-7.6631e-03 -1.6215e-02 -1.5352e-02 -4.0840e-02 8.3598e-01 1.0000e+00 -2.7024e-02
1.1050e-01 2.1014e-01 3.3323e-01 3.7855e-01 -2.3378e-02 -2.7024e-02 1.0000e+00
