1.0000e+00 7.6892e-01 7.6892e-01 2.2911e-01 2.0819e-01 2.4541e-01 7.7444e-01 7.7444e-01 7.7444e-01 2.1101e-01 2.4487e-01 2.0540e-01 7.6892e-01 2.4541e-01 1.7720e-01 2.0679e-01 1.7509e-01 1.7509e-01 1.7509e-01 1.5001e-01 1.5001e-01 -2.6414e-01 1.0917e-01 1.0958e-01 1.1991e-01 1.1683e-01 1.1991e-01 1.2034e-01 1.0755e-01 1.1191e-01 -8.3254e-02 1.0307e-01 -3.1831e-02 9.8063e-02 9.8063e-02 9.8063e-02 1.0349e-01 1.0349e-01 1.0349e-01 1.0520e-01 9.9724e-02 9.9309e-02 1.2920e-01 1.2833e-01 5.1650e-01 8.5171e-02 8.4742e-02 9.3260e-02 8.9151e-02 1.3093e-01 1.1746e-01 -8.2154e-02 9.5790e-02 -8.0886e-02 -8.6072e-02 -8.3918e-02 4.3804e-01 3.4307e-01 3.3160e-01 -5.4025e-02 -5.2207e-02 -2.4796e-02 -5.2869e-02 -5.1157e-02 -5.1157e-02 -5.2303e-02 -5.2303e-02 -5.1732e-02 -3.7455e-02 -1.7685e-02
7.6892e-01 1.0000e+00 1.0000e+00 3.1240e-01 2.8675e-01 3.3253e-01 9.9295e-01 9.9295e-01 9.9295e-01 2.9020e-01 3.3186e-01 2.8335e-01 9.8594e-01 3.3253e-01 2.3414e-01 2.7009e-01 2.3160e-01 2.3160e-01 2.3160e-01 1.8678e-01 1.8678e-01 -3.2808e-01 1.5658e-01 1.5705e-01 1.7083e-01 1.5736e-01 1.7083e-01 1.7133e-01 1.4638e-01 1.6132e-01 -9.5778e-02 1.5403e-01 -3.8859e-02 1.3854e-01 1.3854e-01 1.3854e-01 1.4675e-01 1.4675e-01 1.4675e-01 1.4879e-01 1.4049e-01 1.4000e-01 1.7001e-01 1.6896e-01 6.2914e-01 1.2675e-01 1.2625e-01 1.3617e-01 9.2896e-02 1.7212e-01 1.2141e-01 -1.3169e-01 1.3912e-01 -1.4146e-01 -1.4729e-01 -1.4487e-01 3.5263e-01 3.5768e-01 3.4984e-01 -4.9166e-02 -4.6018e-02 -3.0271e-02 -2.9343e-02 -2.6631e-02 -2.6631e-02 -2.8448e-02 -2.8448e-02 -2.7544e-02 -2.5736e-02 1.4958e-03
7.6892e-01 1.0000e+00 1.0000e+00 3.1240e-01 2.8675e-01 3.3253e-01 9.9295e-01 9.9295e-01 9.9295e-01 2.9020e-01 3.3186e-01 2.8335e-01 9.8594e-01 3.3253e-01 2.3414e-01 2.7009e-01 2.3160e-01 2.3160e-01 2.3160e-01 1.8678e-01 1.8678e-01 -3.2808e-01 1.5658e-01 1.5705e-01 1.7083e-01 1.5736e-01 1.7083e-01 1.7133e-01 1.4638e-01 1.6132e-01 -9.5778e-02 1.5403e-01 -3.8859e-02 1.3854e-01 1.3854e-01 1.3854e-01 1.4675e-01 1.4675e-01 1.4675e-01 1.4879e-01 1.4049e-01 1.4000e-01 1.7001e-01 1.6896e-01 6.2914e-01 1.2675e-01 1.2625e-01 1.3617e-01 9.2896e-02 1.7212e-01 1.2141e-01 -1.3169e-01 1.3912e-01 -1.4146e-01 -1.4729e-01 -1.4487e-01 3.5263e-01 3.5768e-01 3.4984e-01 -4.9166e-02 -4.6018e-02 -3.0271e-02 -2.9343e-02 -2.6631e-02 -2.6631e-02 -2.8448e-02 -2.8448e-02 -2.7544e-02 -2.5736e-02 1.4958e-03
2.2911e-01 3.1240e-01 3.1240e-01 1.0000e+00 9.1790e-01 9.2335e-01 3.1020e-01 3.1020e-01 3.1020e-01 7.8928e-01 9.2123e-01 7.6338e-01 3.1240e-01 9.1528e-01 2.2144e-01 3.2996e-01 2.1654e-01 2.1250e-01 2.1250e-01 4.6894e-01 4.6894e-01 -1.4798e-01 2.4031e-01 2.4209e-01 2.8774e-01 2.4333e-01 2.8774e-01 2.8948e-01 2.2430e-01 2.7117e-01 -2.9516e-01 2.7707e-01 -4.9151e-02 2.2166e-01 2.2166e-01 2.2166e-01 2.6635e-01 2.6635e-01 2.6635e-01 2.7334e-01 2.2884e-01 2.2263e-01 2.8972e-01 2.9023e-01 1.2717e-01 2.1348e-01 2.1166e-01 2.1241e-01 2.2041e-01 3.0483e-01 3.1756e-01 -1.8720e-01 1.9704e-01 -2.1478e-01 -2.0575e-01 -2.0545e-01 9.1580e-02 9.1118e-02 1.0018e-01 -4.3863e-02 -4.3332e-02 -7.7715e-02 -2.0198e-02 -2.5223e-02 -1.7720e-02 -1.6909e-02 -9.4938e-03 -1.3583e-02 -1.0914e-02 -7.7743e-02
2.0819e-01 2.8675e-01 2.8675e-01 9.1790e-01 1.0000e+00 8.5832e-01 2.8473e-01 2.8473e-01 2.8473e-01 8.6488e-01 8.5606e-01 8.3703e-01 2.8675e-01 8.5029e-01 2.6659e-01 2.9421e-01 2.6092e-01 2.5689e-01 2.5689e-01 4.9954e-01 4.9954e-01 -1.8857e-01 2.4491e-01 2.4687e-01 3.0435e-01 2.5133e-01 3.0435e-01 3.0625e-01 2.4150e-01 2.9294e-01 -3.2898e-01 2.9898e-01 -6.0527e-02 2.3904e-01 2.3904e-01 2.3904e-01 2.8847e-01 2.8847e-01 2.8847e-01 2.9195e-01 2.4246e-01 2.4051e-01 3.1341e-01 3.1359e-01 1.0499e-01 2.2969e-01 2.2771e-01 2.3183e-01 2.4549e-01 3.3315e-01 3.5216e-01 -1.9780e-01 2.1317e-01 -2.0683e-01 -2.0014e-01 -1.9889e-01 7.6548e-02 7.6925e-02 7.8126e-02 -5.3308e-02 -5.2693e-02 -8.6446e-02 -1.1687e-03 -4.8837e-03 -4.8837e-03 2.5346e-03 9.9252e-03 6.2811e-03 -7.8399e-03 -7.9663e-02
2.4541e-01 3.3253e-01 3.3253e-01 9.2335e-01 8.5832e-01 1.0000e+00 3.3019e-01 3.3019e-01 3.3019e-01 8.7269e-01 9.9797e-01 8.4809e-01 3.3253e-01 9.9188e-01 1.9344e-01 2.9071e-01 1.8909e-01 1.8502e-01 1.8502e-01 4.5174e-01 4.5174e-01 -1.3601e-01 2.3839e-01 2.4004e-01 3.2397e-01 2.5204e-01 3.2397e-01 3.2558e-01 2.2727e-01 3.0173e-01 -2.7764e-01 3.0752e-01 -7.1399e-02 2.2447e-01 2.2447e-01 2.2447e-01 2.9659e-01 2.9659e-01 2.9659e-01 3.0304e-01 2.3114e-01 2.2503e-01 2.9962e-01 2.9633e-01 1.3533e-01 1.9020e-01 1.8848e-01 2.0027e-01 2.0072e-01 3.1028e-01 2.9883e-01 -1.8720e-01 2.0599e-01 -1.6788e-01 -1.6212e-01 -1.6228e-01 9.0948e-02 8.2983e-02 9.1455e-02 -5.6279e-02 -6.7926e-02 -7.1715e-02 -4.6585e-02 -5.2807e-02 -4.5251e-02 -5.1122e-02 -4.3654e-02 -4.8203e-02 -3.5419e-02 -7.5474e-02
7.7444e-01 9.9295e-01 9.9295e-01 3.1020e-01 2.8473e-01 3.3019e-01 1.0000e+00 1.0000e+00 1.0000e+00 2.8815e-01 3.2952e-01 2.8136e-01 9.9295e-01 3.3019e-01 2.3990e-01 2.7552e-01 2.3738e-01 2.3738e-01 2.3738e-01 1.8535e-01 1.8535e-01 -3.3283e-01 1.5515e-01 1.5562e-01 1.6892e-01 1.5583e-01 1.6892e-01 1.6942e-01 1.4491e-01 1.5947e-01 -9.4823e-02 1.5213e-01 -3.8585e-02 1.3702e-01 1.3702e-01 1.3702e-01 1.4480e-01 1.4480e-01 1.4480e-01 1.4683e-01 1.3896e-01 1.3848e-01 1.6782e-01 1.6678e-01 6.3417e-01 1.2519e-01 1.2470e-01 1.3456e-01 9.1838e-02 1.6991e-01 1.1979e-01 -1.3021e-01 1.3750e-01 -1.3993e-01 -1.4572e-01 -1.4331e-01 3.5540e-01 3.6080e-01 3.5290e-01 -4.7682e-02 -4.5462e-02 -3.0057e-02 -2.8413e-02 -2.5708e-02 -2.5708e-02 -2.7521e-02 -2.7521e-02 -2.6619e-02 -2.4600e-02 2.5877e-03
7.7444e-01 9.9295e-01 9.9295e-01 3.1020e-01 2.8473e-01 3.3019e-01 1.0000e+00 1.0000e+00 1.0000e+00 2.8815e-01 3.2952e-01 2.8136e-01 9.9295e-01 3.3019e-01 2.3990e-01 2.7552e-01 2.3738e-01 2.3738e-01 2.3738e-01 1.8535e-01 1.8535e-01 -3.3283e-01 1.5515e-01 1.5562e-01 1.6892e-01 1.5583e-01 1.6892e-01 1.6942e-01 1.4491e-01 1.5947e-01 -9.4823e-02 1.5213e-01 -3.8585e-02 1.3702e-01 1.3702e-01 1.3702e-01 1.4480e-01 1.4480e-01 1.4480e-01 1.4683e-01 1.3896e-01 1.3848e-01 1.6782e-01 1.6678e-01 6.3417e-01 1.2519e-01 1.2470e-01 1.3456e-01 9.1838e-02 1.6991e-01 1.1979e-01 -1.3021e-01 1.3750e-01 -1.3993e-01 -1.4572e-01 -1.4331e-01 3.5540e-01 3.6080e-01 3.5290e-01 -4.7682e-02 -4.5462e-02 -3.0057e-02 -2.8413e-02 -2.5708e-02 -2.5708e-02 -2.7521e-02 -2.7521e-02 -2.6619e-02 -2.4600e-02 2.5877e-03
7.7444e-01 9.9295e-01 9.9295e-01 3.1020e-01 2.8473e-01 3.3019e-01 1.0000e+00 1.0000e+00 1.0000e+00 2.8815e-01 3.2952e-01 2.8136e-01 9.9295e-01 3.3019e-01 2.3990e-01 2.7552e-01 2.3738e-01 2.3738e-01 2.3738e-01 1.8535e-01 1.8535e-01 -3.3283e-01 1.5515e-01 1.5562e-01 1.6892e-01 1.5583e-01 1.6892e-01 1.6942e-01 1.4491e-01 1.5947e-01 -9.4823e-02 1.5213e-01 -3.8585e-02 1.3702e-01 1.3702e-01 1.3702e-01 1.4480e-01 1.4480e-01 1.4480e-01 1.4683e-01 1.3896e-01 1.3848e-01 1.6782e-01 1.6678e-01 6.3417e-01 1.2519e-01 1.2470e-01 1.3456e-01 9.1838e-02 1.6991e-01 1.1979e-01 -1.3021e-01 1.3750e-01 -1.3993e-01 -1.4572e-01 -1.4331e-01 3.5540e-01 3.6080e-01 3.5290e-01 -4.7682e-02 -4.5462e-02 -3.0057e-02 -2.8413e-02 -2.5708e-02 -2.5708e-02 -2.7521e-02 -2.7521e-02 -2.6619e-02 -2.4600e-02 2.5877e-03
2.1101e-01 2.9020e-01 2.9020e-01 7.8928e-01 8.6488e-01 8.7269e-01 2.8815e-01 2.8815e-01 2.8815e-01 1.0000e+00 8.7446e-01 9.6847e-01 2.9020e-01 8.6867e-01 2.8841e-01 2.0288e-01 2.7887e-01 2.7484e-01 2.7484e-01 5.1718e-01 5.1718e-01 -2.4732e-01 2.7707e-01 2.7896e-01 3.8111e-01 2.9538e-01 3.8111e-01 3.8295e-01 2.7390e-01 3.5856e-01 -3.2413e-01 3.6454e-01 -8.8914e-02 2.7138e-01 2.7138e-01 2.7138e-01 3.5396e-01 3.5396e-01 3.5396e-01 3.5307e-01 2.7016e-01 2.6825e-01 2.9518e-01 2.9540e-01 1.0231e-01 2.4018e-01 2.3824e-01 2.5472e-01 2.4584e-01 3.1485e-01 2.8275e-01 -2.3551e-01 2.6182e-01 -1.5972e-01 -1.5762e-01 -1.6065e-01 6.6722e-02 5.5393e-02 5.6168e-02 -4.7665e-02 -3.1212e-02 1.0395e-02 2.4383e-02 1.3507e-02 1.3507e-02 1.3408e-02 2.0799e-02 1.7174e-02 9.2047e-03 -3.8840e-02
2.4487e-01 3.3186e-01 3.3186e-01 9.2123e-01 8.5606e-01 9.9797e-01 3.2952e-01 3.2952e-01 3.2952e-01 8.7446e-01 1.0000e+00 8.4581e-01 3.3186e-01 9.9391e-01 1.9512e-01 2.9262e-01 1.9075e-01 1.8669e-01 1.8669e-01 4.5297e-01 4.5297e-01 -1.3450e-01 2.3958e-01 2.4124e-01 3.2544e-01 2.5329e-01 3.2544e-01 3.2706e-01 2.2846e-01 3.0314e-01 -2.7838e-01 3.0894e-01 -7.1649e-02 2.2566e-01 2.2566e-01 2.2566e-01 2.9801e-01 2.9801e-01 2.9801e-01 3.0448e-01 2.3235e-01 2.2623e-01 3.0125e-01 2.9795e-01 1.3462e-01 1.9138e-01 1.8966e-01 2.0150e-01 2.0153e-01 3.1192e-01 2.9999e-01 -1.8836e-01 2.0724e-01 -1.6910e-01 -1.6339e-01 -1.6353e-01 9.0576e-02 8.2440e-02 9.0918e-02 -5.7213e-02 -6.8351e-02 -7.1905e-02 -4.7162e-02 -5.3370e-02 -4.5816e-02 -5.1693e-02 -4.4228e-02 -4.8771e-02 -3.6098e-02 -7.6030e-02
2.0540e-01 2.8335e-01 2.8335e-01 7.6338e-01 8.3703e-01 8.4809e-01 2.8136e-01 2.8136e-01 2.8136e-01 9.6847e-01 8.4581e-01 1.0000e+00 2.8335e-01 8.4809e-01 3.0106e-01 1.7880e-01 2.9129e-01 2.8727e-01 2.8727e-01 5.2481e-01 5.2481e-01 -2.7140e-01 2.9213e-01 2.9406e-01 3.9978e-01 3.1114e-01 3.9978e-01 4.0166e-01 2.8882e-01 3.7649e-01 -3.3388e-01 3.8250e-01 -9.2143e-02 2.8633e-01 2.8633e-01 2.8633e-01 3.7196e-01 3.7196e-01 3.7196e-01 3.7123e-01 2.8526e-01 2.8332e-01 2.7933e-01 2.7945e-01 9.4396e-02 2.5042e-01 2.4843e-01 2.6575e-01 2.5612e-01 2.9922e-01 2.6226e-01 -2.4995e-01 2.7310e-01 -1.7488e-01 -1.7323e-01 -1.7607e-01 6.2618e-02 4.9231e-02 5.8442e-02 -3.3242e-02 -3.6497e-02 7.8873e-03 2.4721e-02 1.4118e-02 1.4118e-02 1.3835e-02 2.1227e-02 1.7693e-02 7.4932e-03 -3.8234e-02
7.6892e-01 9.8594e-01 9.8594e-01 3.1240e-01 2.8675e-01 3.3253e-01 9.9295e-01 9.9295e-01 9.9295e-01 2.9020e-01 3.3186e-01 2.8335e-01 1.0000e+00 3.3253e-01 2.4170e-01 2.7757e-01 2.3917e-01 2.3917e-01 2.3917e-01 1.8678e-01 1.8678e-01 -3.3591e-01 1.5658e-01 1.5705e-01 1.7083e-01 1.5736e-01 1.7083e-01 1.7133e-01 1.4638e-01 1.6132e-01 -9.5778e-02 1.5403e-01 -3.8859e-02 1.3854e-01 1.3854e-01 1.3854e-01 1.4675e-01 1.4675e-01 1.4675e-01 1.4879e-01 1.4049e-01 1.4000e-01 1.7001e-01 1.6896e-01 6.4163e-01 1.2675e-01 1.2625e-01 1.3617e-01 9.2896e-02 1.7212e-01 1.2141e-01 -1.3169e-01 1.3912e-01 -1.4146e-01 -1.4729e-01 -1.4487e-01 3.5263e-01 3.5768e-01 3.4984e-01 -4.9166e-02 -4.6018e-02 -3.0271e-02 -2.9343e-02 -2.6631e-02 -2.6631e-02 -2.8448e-02 -2.8448e-02 -2.7544e-02 -2.5736e-02 1.4958e-03
2.4541e-01 3.3253e-01 3.3253e-01 9.1528e-01 8.5029e-01 9.9188e-01 3.3019e-01 3.3019e-01 3.3019e-01 8.6867e-01 9.9391e-01 8.4809e-01 3.3253e-01 1.0000e+00 1.9750e-01 2.9473e-01 1.9315e-01 1.8909e-01 1.8909e-01 4.5607e-01 4.5607e-01 -1.3601e-01 2.4284e-01 2.4449e-01 3.2811e-01 2.5641e-01 3.2811e-01 3.2972e-01 2.3174e-01 3.0591e-01 -2.8340e-01 3.1170e-01 -7.1399e-02 2.2894e-01 2.2894e-01 2.2894e-01 3.0077e-01 3.0077e-01 3.0077e-01 3.0721e-01 2.3559e-01 2.2948e-01 3.0369e-01 3.0040e-01 1.3533e-01 1.9470e-01 1.9299e-01 2.0468e-01 2.0625e-01 3.1434e-01 3.0330e-01 -1.9174e-01 2.1038e-01 -1.7232e-01 -1.6651e-01 -1.6669e-01 9.0948e-02 8.2983e-02 9.1455e-02 -5.1083e-02 -6.7926e-02 -7.1715e-02 -4.6585e-02 -5.2807e-02 -4.5251e-02 -5.1122e-02 -4.3654e-02 -4.8203e-02 -3.5419e-02 -7.5474e-02
1.7720e-01 2.3414e-01 2.3414e-01 2.2144e-01 2.6659e-01 1.9344e-01 2.3990e-01 2.3990e-01 2.3990e-01 2.8841e-01 1.9512e-01 3.0106e-01 2.4170e-01 1.9750e-01 1.0000e+00 8.7041e-01 9.8582e-01 9.8176e-01 9.8176e-01 7.2539e-01 7.2972e-01 -1.2478e-01 4.6523e-01 4.6728e-01 2.9721e-01 4.2099e-01 2.9721e-01 2.9528e-01 4.7041e-01 3.2607e-01 -3.8389e-01 3.1990e-01 1.1686e-01 4.5905e-01 4.5905e-01 4.5905e-01 3.2210e-01 3.2210e-01 3.2210e-01 3.1420e-01 4.4949e-01 4.5187e-01 1.9667e-01 2.0436e-01 1.3993e-01 3.5455e-01 3.5238e-01 3.1599e-01 3.1404e-01 2.4634e-01 2.1549e-01 -3.5288e-01 3.1165e-01 -2.6274e-01 -2.1953e-01 -2.2122e-01 6.5123e-02 1.1600e-01 1.0213e-01 1.9906e-02 2.0333e-02 5.2399e-02 7.6283e-02 8.3030e-02 6.7918e-02 7.3524e-02 8.0991e-02 7.8247e-02 9.2481e-03 -1.5194e-02
2.0679e-01 2.7009e-01 2.7009e-01 3.2996e-01 2.9421e-01 2.9071e-01 2.7552e-01 2.7552e-01 2.7552e-01 2.0288e-01 2.9262e-01 1.7880e-01 2.7757e-01 2.9473e-01 8.7041e-01 1.0000e+00 8.6558e-01 8.6156e-01 8.6156e-01 6.3638e-01 6.3638e-01 4.4794e-02 4.2939e-01 4.3117e-01 2.3524e-01 3.8072e-01 2.3524e-01 2.3719e-01 4.2672e-01 2.6843e-01 -3.3712e-01 2.6207e-01 1.3364e-01 4.1080e-01 4.1080e-01 4.1080e-01 2.5573e-01 2.5573e-01 2.5573e-01 2.5934e-01 4.0915e-01 4.0736e-01 2.3396e-01 2.3810e-01 1.7611e-01 3.0911e-01 3.0721e-01 2.7062e-01 2.6997e-01 2.7798e-01 2.6737e-01 -3.0472e-01 2.6483e-01 -2.6335e-01 -2.2142e-01 -2.1584e-01 8.7406e-02 1.3283e-01 1.1827e-01 4.3965e-04 -6.9112e-03 -2.9722e-02 1.1775e-02 2.3312e-02 8.3554e-03 1.5575e-02 2.2966e-02 1.9420e-02 -3.5789e-02 -5.8949e-02
1.7509e-01 2.3160e-01 2.3160e-01 2.1654e-01 2.6092e-01 1.8909e-01 2.3738e-01 2.3738e-01 2.3738e-01 2.7887e-01 1.9075e-01 2.9129e-01 2.3917e-01 1.9315e-01 9.8582e-01 8.6558e-01 1.0000e+00 9.9593e-01 9.9593e-01 7.3763e-01 7.4196e-01 -1.3019e-01 4.7673e-01 4.7880e-01 3.0136e-01 4.2826e-01 3.0136e-01 2.9945e-01 4.7740e-01 3.2991e-01 -3.8856e-01 3.2375e-01 1.1568e-01 4.6604e-01 4.6604e-01 4.6604e-01 3.2597e-01 3.2597e-01 3.2597e-01 3.1814e-01 4.5652e-01 4.5889e-01 1.9740e-01 2.0506e-01 1.3680e-01 3.6127e-01 3.5908e-01 3.2295e-01 3.1884e-01 2.4723e-01 2.1313e-01 -3.5949e-01 3.1869e-01 -2.6507e-01 -2.2204e-01 -2.2363e-01 6.3488e-02 1.1357e-01 9.9729e-02 1.5177e-02 2.7670e-02 7.0765e-02 7.3442e-02 8.7826e-02 7.2692e-02 7.8177e-02 8.5656e-02 8.2971e-02 1.2362e-02 -1.0546e-02
1.7509e-01 2.3160e-01 2.3160e-01 2.1250e-01 2.5689e-01 1.8502e-01 2.3738e-01 2.3738e-01 2.3738e-01 2.7484e-01 1.8669e-01 2.8727e-01 2.3917e-01 1.8909e-01 9.8176e-01 8.6156e-01 9.9593e-01 1.0000e+00 1.0000e+00 7.3763e-01 7.4196e-01 -1.3019e-01 4.7673e-01 4.7434e-01 2.9721e-01 4.2388e-01 2.9721e-01 2.9530e-01 4.7292e-01 3.2572e-01 -3.8856e-01 3.1956e-01 1.1568e-01 4.6156e-01 4.6156e-01 4.6156e-01 3.2179e-01 3.2179e-01 3.2179e-01 3.1396e-01 4.5206e-01 4.5443e-01 1.9333e-01 2.0099e-01 1.3680e-01 3.5676e-01 3.5456e-01 3.1853e-01 3.1884e-01 2.4316e-01 2.1313e-01 -3.5495e-01 3.1430e-01 -2.6063e-01 -2.1764e-01 -2.1922e-01 6.3488e-02 1.1357e-01 9.9729e-02 9.9734e-03 2.7670e-02 7.0765e-02 6.6006e-02 8.0259e-02 6.5125e-02 7.0698e-02 7.8177e-02 7.5449e-02 5.8099e-03 -1.8113e-02
1.7509e-01 2.3160e-01 2.3160e-01 2.1250e-01 2.5689e-01 1.8502e-01 2.3738e-01 2.3738e-01 2.3738e-01 2.7484e-01 1.8669e-01 2.8727e-01 2.3917e-01 1.8909e-01 9.8176e-01 8.6156e-01 9.9593e-01 1.0000e+00 1.0000e+00 7.3763e-01 7.4196e-01 -1.3019e-01 4.7673e-01 4.7434e-01 2.9721e-01 4.2388e-01 2.9721e-01 2.9530e-01 4.7292e-01 3.2572e-01 -3.8856e-01 3.1956e-01 1.1568e-01 4.6156e-01 4.6156e-01 4.6156e-01 3.2179e-01 3.2179e-01 3.2179e-01 3.1396e-01 4.5206e-01 4.5443e-01 1.9333e-01 2.0099e-01 1.3680e-01 3.5676e-01 3.5456e-01 3.1853e-01 3.1884e-01 2.4316e-01 2.1313e-01 -3.5495e-01 3.1430e-01 -2.6063e-01 -2.1764e-01 -2.1922e-01 6.3488e-02 1.1357e-01 9.9729e-02 9.9734e-03 2.7670e-02 7.0765e-02 6.6006e-02 8.0259e-02 6.5125e-02 7.0698e-02 7.8177e-02 7.5449e-02 5.8099e-03 -1.8113e-02
1.5001e-01 1.8678e-01 1.8678e-01 4.6894e-01 4.9954e-01 4.5174e-01 1.8535e-01 1.8535e-01 1.8535e-01 5.1718e-01 4.5297e-01 5.2481e-01 1.8678e-01 4.5607e-01 7.2539e-01 6.3638e-01 7.3763e-01 7.3763e-01 7.3763e-01 1.0000e+00 9.9539e-01 -4.9417e-01 5.3251e-01 5.3521e-01 3.8552e-01 4.9013e-01 3.8552e-01 3.8835e-01 5.3125e-01 4.1180e-01 -4.9725e-01 4.0569e-01 9.1343e-02 5.2442e-01 5.2442e-01 5.2442e-01 4.0405e-01 4.0405e-01 4.0405e-01 4.0197e-01 5.1624e-01 5.1827e-01 2.8544e-01 2.9269e-01 7.4521e-02 4.3823e-01 4.3543e-01 3.9673e-01 3.4629e-01 3.2296e-01 2.6901e-01 -4.0888e-01 3.6690e-01 -3.4654e-01 -2.8740e-01 -2.9617e-01 3.9797e-02 1.0421e-01 9.1177e-02 -3.9901e-02 7.7470e-03 5.0562e-02 4.0600e-02 4.1781e-02 4.1781e-02 4.6295e-02 5.4256e-02 5.2058e-02 9.0414e-03 -4.6826e-02
1.5001e-01 1.8678e-01 1.8678e-01 4.6894e-01 4.9954e-01 4.5174e-01 1.8535e-01 1.8535e-01 1.8535e-01 5.1718e-01 4.5297e-01 5.2481e-01 1.8678e-01 4.5607e-01 7.2972e-01 6.3638e-01 7.4196e-01 7.4196e-01 7.4196e-01 9.9539e-01 1.0000e+00 -4.9417e-01 5.3726e-01 5.3995e-01 3.8994e-01 4.9479e-01 3.8994e-01 3.8835e-01 5.3602e-01 4.1180e-01 -4.9725e-01 4.0569e-01 9.1343e-02 5.2918e-01 5.2918e-01 5.2918e-01 4.0851e-01 4.0851e-01 4.0851e-01 4.0197e-01 5.2098e-01 5.2302e-01 2.8544e-01 2.9269e-01 7.4521e-02 4.4303e-01 4.4024e-01 4.0144e-01 3.4629e-01 3.2296e-01 2.6424e-01 -4.1372e-01 3.7158e-01 -3.4181e-01 -2.8272e-01 -2.9147e-01 3.9797e-02 1.0421e-01 9.1177e-02 -4.5441e-02 7.7470e-03 5.0562e-02 4.0600e-02 4.1781e-02 4.1781e-02 4.6295e-02 5.4256e-02 5.2058e-02 1.6017e-02 -3.8771e-02
-2.6414e-01 -3.2808e-01 -3.2808e-01 -1.4798e-01 -1.8857e-01 -1.3601e-01 -3.3283e-01 -3.3283e-01 -3.3283e-01 -2.4732e-01 -1.3450e-01 -2.7140e-01 -3.3591e-01 -1.3601e-01 -1.2478e-01 4.4794e-02 -1.3019e-01 -1.3019e-01 -1.3019e-01 -4.9417e-01 -4.9417e-01 1.0000e+00 -2.2445e-01 -2.2584e-01 -1.0329e-01 -2.4149e-01 -1.0329e-01 -1.0474e-01 -2.3279e-01 -8.4064e-02 2.5226e-01 -8.1205e-02 8.3755e-02 -2.3880e-01 -2.3880e-01 -2.3880e-01 -8.7012e-02 -8.7012e-02 -8.7012e-02 -8.4249e-02 -2.2584e-01 -2.3829e-01 -1.3492e-02 -2.3187e-02 -2.6304e-01 -2.0116e-01 -1.9975e-01 -2.0487e-01 -1.2759e-01 -4.4662e-02 2.2093e-02 1.7240e-01 -1.7236e-01 1.8260e-01 1.7236e-01 1.8800e-01 -1.5917e-01 -2.1332e-01 -1.9654e-01 7.9405e-02 1.5177e-02 -2.2602e-02 -2.9611e-02 -2.2741e-02 -3.8399e-02 -4.0243e-02 -4.0243e-02 -4.3217e-02 -3.1862e-02 7.4712e-04
1.0917e-01 1.5658e-01 1.5658e-01 2.4031e-01 2.4491e-01 2.3839e-01 1.5515e-01 1.5515e-01 1.5515e-01 2.7707e-01 2.3958e-01 2.9213e-01 1.5658e-01 2.4284e-01 4.6523e-01 4.2939e-01 4.7673e-01 4.7673e-01 4.7673e-01 5.3251e-01 5.3726e-01 -2.2445e-01 1.0000e+00 9.9756e-01 7.9814e-01 9.4111e-01 7.9814e-01 7.9644e-01 9.7061e-01 8.1767e-01 -6.3956e-01 8.0670e-01 8.5070e-02 9.4367e-01 9.4367e-01 9.4367e-01 8.0033e-01 8.0033e-01 8.0033e-01 7.9783e-01 9.4876e-01 9.3649e-01 5.3312e-01 5.2707e-01 2.0202e-01 7.3360e-01 7.3089e-01 6.9770e-01 5.3050e-01 5.1401e-01 3.0335e-01 -7.3452e-01 6.8543e-01 -5.0571e-01 -4.6406e-01 -4.6351e-01 8.2244e-02 1.2652e-01 1.0473e-01 -3.9325e-03 -6.9317e-02 -3.9685e-02 3.8637e-02 4.0538e-02 4.0538e-02 3.6531e-02 3.6531e-02 3.4402e-02 -4.9272e-02 -8.3795e-02
1.0958e-01 1.5705e-01 1.5705e-01 2.4209e-01 2.4687e-01 2.4004e-01 1.5562e-01 1.5562e-01 1.5562e-01 2.7896e-01 2.4124e-01 2.9406e-01 1.5705e-01 2.4449e-01 4.6728e-01 4.3117e-01 4.7880e-01 4.7434e-01 4.7434e-01 5.3521e-01 5.3995e-01 -2.2584e-01 9.9756e-01 1.0000e+00 8.0012e-01 9.4346e-01 8.0012e-01 7.9842e-01 9.7312e-01 8.1975e-01 -6.3799e-01 8.0878e-01 8.5277e-02 9.4619e-01 9.4619e-01 9.4619e-01 8.0241e-01 8.0241e-01 8.0241e-01 7.9989e-01 9.5125e-01 9.3900e-01 5.3514e-01 5.2911e-01 2.0254e-01 7.3641e-01 7.3372e-01 7.0038e-01 5.2900e-01 5.1603e-01 3.0166e-01 -7.3739e-01 6.8808e-01 -5.0865e-01 -4.6694e-01 -4.6643e-01 8.2537e-02 1.2696e-01 1.0518e-01 -2.8868e-03 -6.8757e-02 -3.9412e-02 3.9243e-02 4.1129e-02 4.1129e-02 3.7135e-02 3.7135e-02 3.5004e-02 -4.8465e-02 -8.3073e-02
1.1991e-01 1.7083e-01 1.7083e-01 2.8774e-01 3.0435e-01 3.2397e-01 1.6892e-01 1.6892e-01 1.6892e-01 3.8111e-01 3.2544e-01 3.9978e-01 1.7083e-01 3.2811e-01 2.9721e-01 2.3524e-01 3.0136e-01 2.9721e-01 2.9721e-01 3.8552e-01 3.8994e-01 -1.0329e-01 7.9814e-01 8.0012e-01 1.0000e+00 8.4483e-01 1.0000e+00 9.9789e-01 7.9934e-01 9.5599e-01 -5.2136e-01 9.4100e-01 -1.7288e-01 7.7397e-01 7.7397e-01 7.7397e-01 9.3029e-01 9.3029e-01 9.3029e-01 9.2593e-01 7.7743e-01 7.7088e-01 6.8235e-01 6.8178e-01 2.5254e-01 6.0382e-01 6.0165e-01 6.3594e-01 4.4913e-01 6.5864e-01 4.0697e-01 -6.3951e-01 6.6235e-01 -3.9649e-01 -4.2069e-01 -4.2225e-01 1.2227e-01 1.4260e-01 1.2109e-01 -1.2267e-02 -5.0492e-02 -3.6140e-02 7.0428e-02 7.0621e-02 7.0621e-02 6.7949e-02 6.7949e-02 6.5444e-02 -1.2380e-02 -4.4999e-02
1.1683e-01 1.5736e-01 1.5736e-01 2.4333e-01 2.5133e-01 2.5204e-01 1.5583e-01 1.5583e-01 1.5583e-01 2.9538e-01 2.5329e-01 3.1114e-01 1.5736e-01 2.5641e-01 4.2099e-01 3.8072e-01 4.2826e-01 4.2388e-01 4.2388e-01 4.9013e-01 4.9479e-01 -2.4149e-01 9.4111e-01 9.4346e-01 8.4483e-01 1.0000e+00 8.4483e-01 8.4305e-01 9.4616e-01 7.8967e-01 -6.1712e-01 7.7432e-01 -2.0463e-01 9.1963e-01 9.1963e-01 9.1963e-01 7.6799e-01 7.6799e-01 7.6799e-01 7.6524e-01 9.2430e-01 9.1713e-01 5.7572e-01 5.7437e-01 2.1914e-01 7.1892e-01 7.1635e-01 7.5800e-01 5.1488e-01 5.5657e-01 2.8169e-01 -7.1557e-01 7.4028e-01 -4.8455e-01 -5.1358e-01 -5.1378e-01 1.0072e-01 1.4371e-01 1.2228e-01 -6.8333e-02 -6.9178e-02 -5.5422e-02 4.2002e-02 4.3479e-02 4.3479e-02 3.9807e-02 3.9807e-02 3.7588e-02 -4.1297e-02 -8.6675e-02
1.1991e-01 1.7083e-01 1.7083e-01 2.8774e-01 3.0435e-01 3.2397e-01 1.6892e-01 1.6892e-01 1.6892e-01 3.8111e-01 3.2544e-01 3.9978e-01 1.7083e-01 3.2811e-01 2.9721e-01 2.3524e-01 3.0136e-01 2.9721e-01 2.9721e-01 3.8552e-01 3.8994e-01 -1.0329e-01 7.9814e-01 8.0012e-01 1.0000e+00 8.4483e-01 1.0000e+00 9.9789e-01 7.9934e-01 9.5599e-01 -5.2136e-01 9.4100e-01 -1.7288e-01 7.7397e-01 7.7397e-01 7.7397e-01 9.3029e-01 9.3029e-01 9.3029e-01 9.2593e-01 7.7743e-01 7.7088e-01 6.8235e-01 6.8178e-01 2.5254e-01 6.0382e-01 6.0165e-01 6.3594e-01 4.4913e-01 6.5864e-01 4.0697e-01 -6.3951e-01 6.6235e-01 -3.9649e-01 -4.2069e-01 -4.2225e-01 1.2227e-01 1.4260e-01 1.2109e-01 -1.2267e-02 -5.0492e-02 -3.6140e-02 7.0428e-02 7.0621e-02 7.0621e-02 6.7949e-02 6.7949e-02 6.5444e-02 -1.2380e-02 -4.4999e-02
1.2034e-01 1.7133e-01 1.7133e-01 2.8948e-01 3.0625e-01 3.2558e-01 1.6942e-01 1.6942e-01 1.6942e-01 3.8295e-01 3.2706e-01 4.0166e-01 1.7133e-01 3.2972e-01 2.9528e-01 2.3719e-01 2.9945e-01 2.9530e-01 2.9530e-01 3.8835e-01 3.8835e-01 -1.0474e-01 7.9644e-01 7.9842e-01 9.9789e-01 8.4305e-01 9.9789e-01 1.0000e+00 7.9766e-01 9.5823e-01 -5.2026e-01 9.4324e-01 -1.7251e-01 7.7229e-01 7.7229e-01 7.7229e-01 9.2827e-01 9.2827e-01 9.2827e-01 9.2815e-01 7.7574e-01 7.6920e-01 6.8440e-01 6.8384e-01 2.5310e-01 6.0226e-01 6.0009e-01 6.3430e-01 4.4802e-01 6.6068e-01 4.1004e-01 -6.3795e-01 6.6067e-01 -3.9951e-01 -4.2361e-01 -4.2521e-01 1.2256e-01 1.4306e-01 1.2155e-01 -1.1292e-02 -5.0013e-02 -3.5906e-02 7.0994e-02 7.1175e-02 7.1175e-02 6.8512e-02 6.8512e-02 6.6005e-02 -1.8342e-02 -5.2091e-02
1.0755e-01 1.4638e-01 1.4638e-01 2.2430e-01 2.4150e-01 2.2727e-01 1.4491e-01 1.4491e-01 1.4491e-01 2.7390e-01 2.2846e-01 2.8882e-01 1.4638e-01 2.3174e-01 4.7041e-01 4.2672e-01 4.7740e-01 4.7292e-01 4.7292e-01 5.3125e-01 5.3602e-01 -2.3279e-01 9.7061e-01 9.7312e-01 7.9934e-01 9.4616e-01 7.9934e-01 7.9766e-01 1.0000e+00 8.2781e-01 -6.5224e-01 8.1680e-01 8.4239e-02 9.7293e-01 9.7293e-01 9.7293e-01 8.1042e-01 8.1042e-01 8.1042e-01 8.0797e-01 9.6332e-01 9.6570e-01 5.4296e-01 5.4134e-01 2.0734e-01 7.5211e-01 7.4938e-01 7.1611e-01 5.3658e-01 5.2383e-01 3.0525e-01 -7.4301e-01 6.9415e-01 -5.0371e-01 -4.5733e-01 -4.6150e-01 9.4297e-02 1.3391e-01 1.1220e-01 -8.1376e-03 -7.1573e-02 -6.2067e-02 4.4380e-02 4.6487e-02 4.6487e-02 4.2330e-02 4.2330e-02 4.0258e-02 -5.2521e-02 -9.5027e-02
1.1191e-01 1.6132e-01 1.6132e-01 2.7117e-01 2.9294e-01 3.0173e-01 1.5947e-01 1.5947e-01 1.5947e-01 3.5856e-01 3.0314e-01 3.7649e-01 1.6132e-01 3.0591e-01 3.2607e-01 2.6843e-01 3.2991e-01 3.2572e-01 3.2572e-01 4.1180e-01 4.1180e-01 -8.4064e-02 8.1767e-01 8.1975e-01 9.5599e-01 7.8967e-01 9.5599e-01 9.5823e-01 8.2781e-01 1.0000e+00 -5.3701e-01 9.8060e-01 8.5574e-02 8.0223e-01 8.0223e-01 8.0223e-01 9.6553e-01 9.6553e-01 9.6553e-01 9.6568e-01 8.0599e-01 7.9472e-01 6.5610e-01 6.5535e-01 2.4216e-01 6.2517e-01 6.2291e-01 5.9073e-01 4.5943e-01 6.3250e-01 4.3125e-01 -6.5607e-01 6.1371e-01 -4.1655e-01 -3.7852e-01 -3.7944e-01 1.1679e-01 1.3395e-01 1.1238e-01 4.3988e-02 -4.9928e-02 -4.0663e-02 7.4922e-02 7.5625e-02 7.5625e-02 7.2584e-02 7.2584e-02 7.0222e-02 -2.6017e-02 -5.6808e-02
-8.3254e-02 -9.5778e-02 -9.5778e-02 -2.9516e-01 -3.2898e-01 -2.7764e-01 -9.4823e-02 -9.4823e-02 -9.4823e-02 -3.2413e-01 -2.7838e-01 -3.3388e-01 -9.5778e-02 -2.8340e-01 -3.8389e-01 -3.3712e-01 -3.8856e-01 -3.8856e-01 -3.8856e-01 -4.9725e-01 -4.9725e-01 2.5226e-01 -6.3956e-01 -6.3799e-01 -5.2136e-01 -6.1712e-01 -5.2136e-01 -5.2026e-01 -6.5224e-01 -5.3701e-01 1.0000e+00 -5.4177e-01 -5.4944e-02 -6.5064e-01 -6.5064e-01 -6.5064e-01 -5.4060e-01 -5.4060e-01 -5.4060e-01 -5.3598e-01 -6.4430e-01 -6.4587e-01 -4.0197e-01 -4.0387e-01 -1.3524e-01 -5.7908e-01 -5.8064e-01 -5.5067e-01 -7.4266e-01 -3.9820e-01 -5.0014e-01 5.8374e-01 -5.3595e-01 3.9582e-01 3.4324e-01 3.4934e-01 -5.3119e-02 -8.1717e-02 -6.7640e-02 -1.1418e-03 1.2570e-01 9.4063e-02 -2.4954e-02 -2.0829e-02 -2.0829e-02 -2.3594e-02 -2.3594e-02 -2.2219e-02 7.3545e-02 1.2907e-01
1.0307e-01 1.5403e-01 1.5403e-01 2.7707e-01 2.9898e-01 3.0752e-01 1.5213e-01 1.5213e-01 1.5213e-01 3.6454e-01 3.0894e-01 3.8250e-01 1.5403e-01 3.1170e-01 3.1990e-01 2.6207e-01 3.2375e-01 3.1956e-01 3.1956e-01 4.0569e-01 4.0569e-01 -8.1205e-02 8.0670e-01 8.0878e-01 9.4100e-01 7.7432e-01 9.4100e-01 9.4324e-01 8.1680e-01 9.8060e-01 -5.4177e-01 1.0000e+00 1.0142e-01 8.1426e-01 8.1426e-01 8.1426e-01 9.8493e-01 9.8493e-01 9.8493e-01 9.8502e-01 8.1795e-01 8.0670e-01 6.7070e-01 6.6997e-01 2.4270e-01 6.3744e-01 6.3519e-01 5.9813e-01 4.6397e-01 6.4289e-01 4.3892e-01 -6.6845e-01 6.2103e-01 -4.1955e-01 -3.7694e-01 -3.7788e-01 1.1708e-01 1.3440e-01 1.1284e-01 5.0295e-02 -4.9440e-02 -4.0421e-02 7.5486e-02 7.6176e-02 7.6176e-02 7.3145e-02 7.3145e-02 7.0780e-02 -3.2033e-02 -6.3963e-02
-3.1831e-02 -3.8859e-02 -3.8859e-02 -4.9151e-02 -6.0527e-02 -7.1399e-02 -3.8585e-02 -3.8585e-02 -3.8585e-02 -8.8914e-02 -7.1649e-02 -9.2143e-02 -3.8859e-02 -7.1399e-02 1.1686e-01 1.3364e-01 1.1568e-01 1.1568e-01 1.1568e-01 9.1343e-02 9.1343e-02 8.3755e-02 8.5070e-02 8.5277e-02 -1.7288e-01 -2.0463e-01 -1.7288e-01 -1.7251e-01 8.4239e-02 8.5574e-02 -5.4944e-02 1.0142e-01 1.0000e+00 8.4447e-02 8.4447e-02 8.4447e-02 1.0163e-01 1.0163e-01 1.0163e-01 1.0251e-01 8.5277e-02 6.8446e-02 -1.4295e-01 -1.4359e-01 -4.4843e-02 6.6189e-02 6.5963e-02 -1.9308e-01 3.7381e-02 -1.4169e-01 6.7544e-02 -6.4603e-02 -1.9019e-01 -5.2549e-02 1.9019e-01 1.9259e-01 -2.3255e-02 -3.4888e-02 -3.4293e-02 2.2710e-01 5.6513e-03 -1.4192e-02 -1.1957e-02 -1.0654e-02 -1.0654e-02 -1.1527e-02 -1.1527e-02 -1.1093e-02 -2.1899e-02 -1.0654e-02
9.8063e-02 1.3854e-01 1.3854e-01 2.2166e-01 2.3904e-01 2.2447e-01 1.3702e-01 1.3702e-01 1.3702e-01 2.7138e-01 2.2566e-01 2.8633e-01 1.3854e-01 2.2894e-01 4.5905e-01 4.1080e-01 4.6604e-01 4.6156e-01 4.6156e-01 5.2442e-01 5.2918e-01 -2.3880e-01 9.4367e-01 9.4619e-01 7.7397e-01 9.1963e-01 7.7397e-01 7.7229e-01 9.7293e-01 8.0223e-01 -6.5064e-01 8.1426e-01 8.4447e-02 1.0000e+00 1.0000e+00 1.0000e+00 8.3088e-01 8.3088e-01 8.3088e-01 8.2378e-01 9.9026e-01 9.9268e-01 5.5839e-01 5.5680e-01 2.0785e-01 7.7967e-01 7.7698e-01 7.3819e-01 5.4723e-01 5.3925e-01 3.1338e-01 -7.6585e-01 7.1127e-01 -5.1642e-01 -4.6022e-01 -4.6928e-01 9.4577e-02 1.4346e-01 1.2190e-01 -1.3643e-03 -8.1482e-02 -6.1767e-02 3.6811e-02 3.8758e-02 3.8758e-02 3.4711e-02 3.4711e-02 3.2589e-02 -5.8907e-02 -1.0260e-01
9.8063e-02 1.3854e-01 1.3854e-01 2.2166e-01 2.3904e-01 2.2447e-01 1.3702e-01 1.3702e-01 1.3702e-01 2.7138e-01 2.2566e-01 2.8633e-01 1.3854e-01 2.2894e-01 4.5905e-01 4.1080e-01 4.6604e-01 4.6156e-01 4.6156e-01 5.2442e-01 5.2918e-01 -2.3880e-01 9.4367e-01 9.4619e-01 7.7397e-01 9.1963e-01 7.7397e-01 7.7229e-01 9.7293e-01 8.0223e-01 -6.5064e-01 8.1426e-01 8.4447e-02 1.0000e+00 1.0000e+00 1.0000e+00 8.3088e-01 8.3088e-01 8.3088e-01 8.2378e-01 9.9026e-01 9.9268e-01 5.5839e-01 5.5680e-01 2.0785e-01 7.7967e-01 7.7698e-01 7.3819e-01 5.4723e-01 5.3925e-01 3.1338e-01 -7.6585e-01 7.1127e-01 -5.1642e-01 -4.6022e-01 -4.6928e-01 9.4577e-02 1.4346e-01 1.2190e-01 -1.3643e-03 -8.1482e-02 -6.1767e-02 3.6811e-02 3.8758e-02 3.8758e-02 3.4711e-02 3.4711e-02 3.2589e-02 -5.8907e-02 -1.0260e-01
9.8063e-02 1.3854e-01 1.3854e-01 2.2166e-01 2.3904e-01 2.2447e-01 1.3702e-01 1.3702e-01 1.3702e-01 2.7138e-01 2.2566e-01 2.8633e-01 1.3854e-01 2.2894e-01 4.5905e-01 4.1080e-01 4.6604e-01 4.6156e-01 4.6156e-01 5.2442e-01 5.2918e-01 -2.3880e-01 9.4367e-01 9.4619e-01 7.7397e-01 9.1963e-01 7.7397e-01 7.7229e-01 9.7293e-01 8.0223e-01 -6.5064e-01 8.1426e-01 8.4447e-02 1.0000e+00 1.0000e+00 1.0000e+00 8.3088e-01 8.3088e-01 8.3088e-01 8.2378e-01 9.9026e-01 9.9268e-01 5.5839e-01 5.5680e-01 2.0785e-01 7.7967e-01 7.7698e-01 7.3819e-01 5.4723e-01 5.3925e-01 3.1338e-01 -7.6585e-01 7.1127e-01 -5.1642e-01 -4.6022e-01 -4.6928e-01 9.4577e-02 1.4346e-01 1.2190e-01 -1.3643e-03 -8.1482e-02 -6.1767e-02 3.6811e-02 3.8758e-02 3.8758e-02 3.4711e-02 3.4711e-02 3.2589e-02 -5.8907e-02 -1.0260e-01
1.0349e-01 1.4675e-01 1.4675e-01 2.6635e-01 2.8847e-01 2.9659e-01 1.4480e-01 1.4480e-01 1.4480e-01 3.5396e-01 2.9801e-01 3.7196e-01 1.4675e-01 3.0077e-01 3.2210e-01 2.5573e-01 3.2597e-01 3.2179e-01 3.2179e-01 4.0405e-01 4.0851e-01 -8.7012e-02 8.0033e-01 8.0241e-01 9.3029e-01 7.6799e-01 9.3029e-01 9.2827e-01 8.1042e-01 9.6553e-01 -5.4060e-01 9.8493e-01 1.0163e-01 8.3088e-01 8.3088e-01 8.3088e-01 1.0000e+00 1.0000e+00 1.0000e+00 9.9145e-01 8.3448e-01 8.2326e-01 6.7692e-01 6.7620e-01 2.4325e-01 6.5433e-01 6.5211e-01 6.1007e-01 4.7990e-01 6.4910e-01 4.4658e-01 -6.8082e-01 6.3286e-01 -4.2713e-01 -3.7536e-01 -3.8085e-01 1.1737e-01 1.4340e-01 1.2197e-01 5.1244e-02 -5.8754e-02 -4.0179e-02 6.8403e-02 6.8945e-02 6.8945e-02 6.6015e-02 6.6015e-02 6.3602e-02 -3.1304e-02 -5.5549e-02
1.0349e-01 1.4675e-01 1.4675e-01 2.6635e-01 2.8847e-01 2.9659e-01 1.4480e-01 1.4480e-01 1.4480e-01 3.5396e-01 2.9801e-01 3.7196e-01 1.4675e-01 3.0077e-01 3.2210e-01 2.5573e-01 3.2597e-01 3.2179e-01 3.2179e-01 4.0405e-01 4.0851e-01 -8.7012e-02 8.0033e-01 8.0241e-01 9.3029e-01 7.6799e-01 9.3029e-01 9.2827e-01 8.1042e-01 9.6553e-01 -5.4060e-01 9.8493e-01 1.0163e-01 8.3088e-01 8.3088e-01 8.3088e-01 1.0000e+00 1.0000e+00 1.0000e+00 9.9145e-01 8.3448e-01 8.2326e-01 6.7692e-01 6.7620e-01 2.4325e-01 6.5433e-01 6.5211e-01 6.1007e-01 4.7990e-01 6.4910e-01 4.4658e-01 -6.8082e-01 6.3286e-01 -4.2713e-01 -3.7536e-01 -3.8085e-01 1.1737e-01 1.4340e-01 1.2197e-01 5.1244e-02 -5.8754e-02 -4.0179e-02 6.8403e-02 6.8945e-02 6.8945e-02 6.6015e-02 6.6015e-02 6.3602e-02 -3.1304e-02 -5.5549e-02
1.0349e-01 1.4675e-01 1.4675e-01 2.6635e-01 2.8847e-01 2.9659e-01 1.4480e-01 1.4480e-01 1.4480e-01 3.5396e-01 2.9801e-01 3.7196e-01 1.4675e-01 3.0077e-01 3.2210e-01 2.5573e-01 3.2597e-01 3.2179e-01 3.2179e-01 4.0405e-01 4.0851e-01 -8.7012e-02 8.0033e-01 8.0241e-01 9.3029e-01 7.6799e-01 9.3029e-01 9.2827e-01 8.1042e-01 9.6553e-01 -5.4060e-01 9.8493e-01 1.0163e-01 8.3088e-01 8.3088e-01 8.3088e-01 1.0000e+00 1.0000e+00 1.0000e+00 9.9145e-01 8.3448e-01 8.2326e-01 6.7692e-01 6.7620e-01 2.4325e-01 6.5433e-01 6.5211e-01 6.1007e-01 4.7990e-01 6.4910e-01 4.4658e-01 -6.8082e-01 6.3286e-01 -4.2713e-01 -3.7536e-01 -3.8085e-01 1.1737e-01 1.4340e-01 1.2197e-01 5.1244e-02 -5.8754e-02 -4.0179e-02 6.8403e-02 6.8945e-02 6.8945e-02 6.6015e-02 6.6015e-02 6.3602e-02 -3.1304e-02 -5.5549e-02
1.0520e-01 1.4879e-01 1.4879e-01 2.7334e-01 2.9195e-01 3.0304e-01 1.4683e-01 1.4683e-01 1.4683e-01 3.5307e-01 3.0448e-01 3.7123e-01 1.4879e-01 3.0721e-01 3.1420e-01 2.5934e-01 3.1814e-01 3.1396e-01 3.1396e-01 4.0197e-01 4.0197e-01 -8.4249e-02 7.9783e-01 7.9989e-01 9.2593e-01 7.6524e-01 9.2593e-01 9.2815e-01 8.0797e-01 9.6568e-01 -5.3598e-01 9.8502e-01 1.0251e-01 8.2378e-01 8.2378e-01 8.2378e-01 9.9145e-01 9.9145e-01 9.9145e-01 1.0000e+00 8.3188e-01 8.2071e-01 6.8501e-01 6.8015e-01 2.4542e-01 6.5235e-01 6.5015e-01 6.1240e-01 4.7523e-01 6.5300e-01 4.4498e-01 -6.7891e-01 6.3500e-01 -4.3002e-01 -3.8261e-01 -3.8369e-01 1.1851e-01 1.3668e-01 1.1513e-01 4.4353e-02 -5.6790e-02 -3.9217e-02 6.3041e-02 6.3398e-02 6.3398e-02 6.0598e-02 6.0598e-02 5.8130e-02 -4.1841e-02 -6.8568e-02
9.9724e-02 1.4049e-01 1.4049e-01 2.2884e-01 2.4246e-01 2.3114e-01 1.3896e-01 1.3896e-01 1.3896e-01 2.7016e-01 2.3235e-01 2.8526e-01 1.4049e-01 2.3559e-01 4.4949e-01 4.0915e-01 4.5652e-01 4.5206e-01 4.5206e-01 5.1624e-01 5.2098e-01 -2.2584e-01 9.4876e-01 9.5125e-01 7.7743e-01 9.2430e-01 7.7743e-01 7.7574e-01 9.6332e-01 8.0599e-01 -6.4430e-01 8.1795e-01 8.5277e-02 9.9026e-01 9.9026e-01 9.9026e-01 8.3448e-01 8.3448e-01 8.3448e-01 8.3188e-01 1.0000e+00 9.8780e-01 5.6634e-01 5.6034e-01 2.0990e-01 7.8082e-01 7.7817e-01 7.3907e-01 5.4720e-01 5.4275e-01 3.1636e-01 -7.6724e-01 7.1212e-01 -5.1838e-01 -4.6694e-01 -4.7127e-01 9.5693e-02 1.4513e-01 1.2362e-01 -2.8868e-03 -7.9188e-02 -6.0580e-02 3.1107e-02 3.2849e-02 3.2849e-02 2.8951e-02 2.8951e-02 2.6772e-02 -6.2805e-02 -1.0791e-01
9.9309e-02 1.4000e-01 1.4000e-01 2.2263e-01 2.4051e-01 2.2503e-01 1.3848e-01 1.3848e-01 1.3848e-01 2.6825e-01 2.2623e-01 2.8332e-01 1.4000e-01 2.2948e-01 4.5187e-01 4.0736e-01 4.5889e-01 4.5443e-01 4.5443e-01 5.1827e-01 5.2302e-01 -2.3829e-01 9.3649e-01 9.3900e-01 7.7088e-01 9.1713e-01 7.7088e-01 7.6920e-01 9.6570e-01 7.9472e-01 -6.4587e-01 8.0670e-01 6.8446e-02 9.9268e-01 9.9268e-01 9.9268e-01 8.2326e-01 8.2326e-01 8.2326e-01 8.2071e-01 9.8780e-01 1.0000e+00 5.5990e-01 5.5387e-01 2.0939e-01 7.7805e-01 7.7539e-01 7.3642e-01 5.4872e-01 5.3630e-01 3.1316e-01 -7.6439e-01 7.0949e-01 -5.1545e-01 -4.5924e-01 -4.6835e-01 9.5414e-02 1.4471e-01 1.2319e-01 -3.9325e-03 -9.0201e-02 -6.0875e-02 3.0492e-02 3.2249e-02 3.2249e-02 2.8338e-02 2.8338e-02 2.6162e-02 -6.3627e-02 -1.0866e-01
1.2920e-01 1.7001e-01 1.7001e-01 2.8972e-01 3.1341e-01 2.9962e-01 1.6782e-01 1.6782e-01 1.6782e-01 2.9518e-01 3.0125e-01 2.7933e-01 1.7001e-01 3.0369e-01 1.9667e-01 2.3396e-01 1.9740e-01 1.9333e-01 1.9333e-01 2.8544e-01 2.8544e-01 -1.3492e-02 5.3312e-01 5.3514e-01 6.8235e-01 5.7572e-01 6.8235e-01 6.8440e-01 5.4296e-01 6.5610e-01 -4.0197e-01 6.7070e-01 -1.4295e-01 5.5839e-01 5.5839e-01 5.5839e-01 6.7692e-01 6.7692e-01 6.7692e-01 6.8501e-01 5.6634e-01 5.5990e-01 1.0000e+00 9.8777e-01 2.8357e-01 6.9784e-01 6.9601e-01 7.3256e-01 4.9273e-01 9.1046e-01 6.4156e-01 -6.7143e-01 7.2597e-01 -5.3028e-01 -5.5452e-01 -5.4444e-01 1.4705e-01 1.7076e-01 1.4094e-01 -3.3583e-02 -9.7209e-02 -1.0383e-01 -9.5410e-03 3.4322e-03 -1.1711e-02 -1.2750e-02 -1.2750e-02 -1.5997e-02 -8.7361e-02 -1.0257e-01
1.2833e-01 1.6896e-01 1.6896e-01 2.9023e-01 3.1359e-01 2.9633e-01 1.6678e-01 1.6678e-01 1.6678e-01 2.9540e-01 2.9795e-01 2.7945e-01 1.6896e-01 3.0040e-01 2.0436e-01 2.3810e-01 2.0506e-01 2.0099e-01 2.0099e-01 2.9269e-01 2.9269e-01 -2.3187e-02 5.2707e-01 5.2911e-01 6.8178e-01 5.7437e-01 6.8178e-01 6.8384e-01 5.4134e-01 6.5535e-01 -4.0387e-01 6.6997e-01 -1.4359e-01 5.5680e-01 5.5680e-01 5.5680e-01 6.7620e-01 6.7620e-01 6.7620e-01 6.8015e-01 5.6034e-01 5.5387e-01 9.8777e-01 1.0000e+00 2.8241e-01 7.0077e-01 6.9894e-01 7.3563e-01 4.9478e-01 9.2266e-01 6.5346e-01 -6.7430e-01 7.2908e-01 -5.2873e-01 -5.5312e-01 -5.4297e-01 1.4645e-01 1.6983e-01 1.4001e-01 -1.9879e-02 -8.8619e-02 -1.0432e-01 4.1593e-03 1.7428e-02 2.2745e-03 8.5304e-03 8.5304e-03 5.4207e-03 -7.5678e-02 -9.6223e-02
5.1650e-01 6.2914e-01 6.2914e-01 1.2717e-01 1.0499e-01 1.3533e-01 6.3417e-01 6.3417e-01 6.3417e-01 1.0231e-01 1.3462e-01 9.4396e-02 6.4163e-01 1.3533e-01 1.3993e-01 1.7611e-01 1.3680e-01 1.3680e-01 1.3680e-01 7.4521e-02 7.4521e-02 -2.6304e-01 2.0202e-01 2.0254e-01 2.5254e-01 2.1914e-01 2.5254e-01 2.5310e-01 2.0734e-01 2.4216e-01 -1.3524e-01 2.4270e-01 -4.4843e-02 2.0785e-01 2.0785e-01 2.0785e-01 2.4325e-01 2.4325e-01 2.4325e-01 2.4542e-01 2.0990e-01 2.0939e-01 2.8357e-01 2.8241e-01 1.0000e+00 2.0428e-01 2.0377e-01 2.1400e-01 1.4287e-01 1.8509e-01 9.6393e-02 -2.0071e-01 2.1708e-01 -1.4484e-01 -1.5178e-01 -1.4890e-01 4.1930e-01 4.2148e-01 4.3065e-01 -9.7027e-02 -4.2064e-02 -3.4932e-02 -4.8532e-02 -4.5662e-02 -4.5662e-02 -3.5234e-02 -4.7585e-02 -4.6628e-02 -2.7450e-02 4.3228e-03
8.5171e-02 1.2675e-01 1.2675e-01 2.1348e-01 2.2969e-01 1.9020e-01 1.2519e-01 1.2519e-01 1.2519e-01 2.4018e-01 1.9138e-01 2.5042e-01 1.2675e-01 1.9470e-01 3.5455e-01 3.0911e-01 3.6127e-01 3.5676e-01 3.5676e-01 4.3823e-01 4.4303e-01 -2.0116e-01 7.3360e-01 7.3641e-01 6.0382e-01 7.1892e-01 6.0382e-01 6.0226e-01 7.5211e-01 6.2517e-01 -5.7908e-01 6.3744e-01 6.6189e-02 7.7967e-01 7.7967e-01 7.7967e-01 6.5433e-01 6.5433e-01 6.5433e-01 6.5235e-01 7.8082e-01 7.7805e-01 6.9784e-01 7.0077e-01 2.0428e-01 1.0000e+00 9.9750e-01 9.4970e-01 6.7481e-01 6.6949e-01 3.8506e-01 -9.1207e-01 8.7778e-01 -6.2879e-01 -5.7127e-01 -5.8075e-01 1.0594e-01 1.4974e-01 1.1888e-01 8.5354e-03 -1.0668e-01 -6.3885e-02 -4.2563e-04 1.0495e-03 1.0495e-03 5.5816e-03 5.5816e-03 3.3288e-03 -7.1970e-02 -1.1627e-01
8.4742e-02 1.2625e-01 1.2625e-01 2.1166e-01 2.2771e-01 1.8848e-01 1.2470e-01 1.2470e-01 1.2470e-01 2.3824e-01 1.8966e-01 2.4843e-01 1.2625e-01 1.9299e-01 3.5238e-01 3.0721e-01 3.5908e-01 3.5456e-01 3.5456e-01 4.3543e-01 4.4024e-01 -1.9975e-01 7.3089e-01 7.3372e-01 6.0165e-01 7.1635e-01 6.0165e-01 6.0009e-01 7.4938e-01 6.2291e-01 -5.8064e-01 6.3519e-01 6.5963e-02 7.7698e-01 7.7698e-01 7.7698e-01 6.5211e-01 6.5211e-01 6.5211e-01 6.5015e-01 7.7817e-01 7.7539e-01 6.9601e-01 6.9894e-01 2.0377e-01 9.9750e-01 1.0000e+00 9.5221e-01 6.7653e-01 6.7217e-01 3.8689e-01 -9.1445e-01 8.8023e-01 -6.3092e-01 -5.7338e-01 -5.8285e-01 1.0567e-01 1.4933e-01 1.1845e-01 7.4899e-03 -1.0729e-01 -6.4192e-02 -1.0817e-03 4.0862e-04 4.0862e-04 4.9368e-03 4.9368e-03 2.6860e-03 -7.2817e-02 -1.1704e-01
9.3260e-02 1.3617e-01 1.3617e-01 2.1241e-01 2.3183e-01 2.0027e-01 1.3456e-01 1.3456e-01 1.3456e-01 2.5472e-01 2.0150e-01 2.6575e-01 1.3617e-01 2.0468e-01 3.1599e-01 2.7062e-01 3.2295e-01 3.1853e-01 3.1853e-01 3.9673e-01 4.0144e-01 -2.0487e-01 6.9770e-01 7.0038e-01 6.3594e-01 7.5800e-01 6.3594e-01 6.3430e-01 7.1611e-01 5.9073e-01 -5.5067e-01 5.9813e-01 -1.9308e-01 7.3819e-01 7.3819e-01 7.3819e-01 6.1007e-01 6.1007e-01 6.1007e-01 6.1240e-01 7.3907e-01 7.3642e-01 7.3256e-01 7.3563e-01 2.1400e-01 9.4970e-01 9.5221e-01 1.0000e+00 6.4354e-01 7.0880e-01 3.5151e-01 -8.6885e-01 9.2858e-01 -5.9476e-01 -6.2340e-01 -6.1907e-01 1.1098e-01 1.4847e-01 1.1791e-01 -6.8025e-02 -9.5371e-02 -5.8251e-02 -1.2435e-02 4.7596e-03 -1.1666e-02 -6.7696e-03 -6.7696e-03 -9.2034e-03 -7.7636e-02 -1.2665e-01
8.9151e-02 9.2896e-02 9.2896e-02 2.2041e-01 2.4549e-01 2.0072e-01 9.1838e-02 9.1838e-02 9.1838e-02 2.4584e-01 2.0153e-01 2.5612e-01 9.2896e-02 2.0625e-01 3.1404e-01 2.6997e-01 3.1884e-01 3.1884e-01 3.1884e-01 3.4629e-01 3.4629e-01 -1.2759e-01 5.3050e-01 5.2900e-01 4.4913e-01 5.1488e-01 4.4913e-01 4.4802e-01 5.3658e-01 4.5943e-01 -7.4266e-01 4.6397e-01 3.7381e-02 5.4723e-01 5.4723e-01 5.4723e-01 4.7990e-01 4.7990e-01 4.7990e-01 4.7523e-01 5.4720e-01 5.4872e-01 4.9273e-01 4.9478e-01 1.4287e-01 6.7481e-01 6.7653e-01 6.4354e-01 1.0000e+00 4.9419e-01 6.8294e-01 -6.3753e-01 6.5214e-01 -4.9574e-01 -4.3680e-01 -4.4361e-01 7.4088e-02 9.9845e-02 7.4826e-02 1.2156e-02 -1.3842e-01 -6.0138e-02 1.5035e-02 1.0477e-02 1.0477e-02 1.3532e-02 1.3532e-02 1.2013e-02 -9.3291e-02 -1.1315e-01
1.3093e-01 1.7212e-01 1.7212e-01 3.0483e-01 3.3315e-01 3.1028e-01 1.6991e-01 1.6991e-01 1.6991e-01 3.1485e-01 3.1192e-01 2.9922e-01 1.7212e-01 3.1434e-01 2.4634e-01 2.7798e-01 2.4723e-01 2.4316e-01 2.4316e-01 3.2296e-01 3.2296e-01 -4.4662e-02 5.1401e-01 5.1603e-01 6.5864e-01 5.5657e-01 6.5864e-01 6.6068e-01 5.2383e-01 6.3250e-01 -3.9820e-01 6.4289e-01 -1.4169e-01 5.3925e-01 5.3925e-01 5.3925e-01 6.4910e-01 6.4910e-01 6.4910e-01 6.5300e-01 5.4275e-01 5.3630e-01 9.1046e-01 9.2266e-01 1.8509e-01 6.6949e-01 6.7217e-01 7.0880e-01 4.9419e-01 1.0000e+00 7.2527e-01 -6.9299e-01 7.4616e-01 -5.2451e-01 -5.4858e-01 -5.3856e-01 1.4826e-01 1.7263e-01 1.4281e-01 -8.9333e-03 -8.5780e-02 -1.0285e-01 7.6972e-03 2.0868e-02 5.7432e-03 1.2036e-02 1.2036e-02 8.9078e-03 -7.7943e-02 -1.0013e-01
