1.0000e+00 2.9232e-01 2.9439e-01 -2.2493e-02 1.9915e-01 -2.6946e-02 -9.4314e-02 -7.2391e-02 2.4705e-01 -7.8852e-02 -6.1036e-02 -9.0238e-03 8.1561e-03 -1.1950e-02 -1.9449e-02 -4.4153e-02 -4.4810e-02 -1.0697e-02 1.1483e-01 2.2422e-02 -2.8158e-02 2.0497e-01 2.0322e-01 -2.1452e-02 7.5447e-03 -9.2582e-02 -3.9475e-02 3.4578e-02 1.6382e-02 1.5655e-01 1.9549e-02 -7.5355e-02 -3.6385e-02 -7.5355e-02 -2.3568e-02 -2.6946e-02
2.9232e-01 1.0000e+00 5.0060e-01 -1.2914e-01 3.1126e-01 -6.7078e-02 1.0848e-01 2.2148e-01 3.8341e-01 -1.5729e-01 -1.1303e-01 -1.2534e-01 -1.2227e-01 -5.2170e-02 -8.3707e-02 3.4215e-02 5.1595e-02 3.3315e-02 1.3639e-01 -5.5948e-02 7.1260e-02 1.3975e-01 1.4432e-01 -5.3402e-02 1.2437e-01 -2.1139e-02 -3.2096e-02 -8.6574e-02 -2.8484e-02 1.2624e-01 -1.4048e-02 -5.1362e-02 -4.1928e-02 -5.1362e-02 3.6396e-02 -2.4916e-02
2.9439e-01 5.0060e-01 1.0000e+00 -1.2028e-01 7.5777e-01 -5.4168e-02 4.9193e-01 6.5202e-01 8.6043e-01 -1.4982e-01 -6.8531e-02 -1.4187e-01 -8.3761e-02 -4.2063e-02 -4.4981e-02 -7.4166e-02 -1.2059e-01 8.3702e-02 3.7679e-02 1.0764e-03 1.2331e-01 1.7158e-01 1.7724e-01 -4.3124e-02 1.5540e-01 -2.7734e-02 1.2983e-02 3.7447e-02 -2.5665e-03 9.0905e-02 -2.3017e-02 -1.2350e-01 -1.1143e-01 -1.2350e-01 -1.6208e-02 -3.0690e-02
-2.2493e-02 -1.2914e-01 -1.2028e-01 1.0000e+00 1.5028e-01 -2.4548e-02 3.1016e-01 -7.8423e-02 1.9190e-01 -7.1834e-02 -5.5604e-02 2.3413e-02 1.6414e-02 1.3159e-02 -4.0223e-02 -1.3390e-02 8.0703e-02 -3.2763e-02 1.6946e-01 3.6030e-01 1.5704e-02 -4.7553e-02 -4.8115e-02 -1.9543e-02 -5.7748e-02 -2.0270e-02 -2.3862e-02 -1.0385e-01 -6.7928e-02 3.1018e-03 2.5500e-02 3.6566e-02 1.1032e-01 3.6566e-02 -3.8642e-02 6.1799e-02
1.9915e-01 3.1126e-01 7.5777e-01 1.5028e-01 1.0000e+00 -7.1483e-02 6.0848e-01 4.9408e-01 8.5406e-01 3.1565e-01 2.0803e-01 -1.6794e-01 -1.2382e-01 -8.6194e-02 -7.8798e-02 -7.8798e-02 -1.5042e-01 7.2616e-02 2.3579e-02 9.0843e-02 1.0254e-01 1.0997e-01 1.1435e-01 -5.6910e-02 1.0700e-01 -2.3532e-02 3.3555e-02 2.8256e-02 1.6959e-02 9.0414e-02 3.5209e-03 -7.9966e-02 -6.4897e-02 -7.9966e-02 -4.6389e-02 1.0749e-02
-2.6946e-02 -6.7078e-02 -5.4168e-02 -2.4548e-02 -7.1483e-02 1.0000e+00 -4.3496e-02 -3.5318e-02 -6.1751e-02 -3.2351e-02 -2.5042e-02 -9.8852e-02 -1.0185e-01 -1.0328e-01 -1.8115e-02 -1.8115e-02 -6.1268e-02 7.8451e-02 -5.1557e-02 -1.9364e-02 -1.1553e-02 -3.4932e-02 -3.5125e-02 -8.8014e-03 -2.6007e-02 -4.7078e-02 6.1940e-02 1.3095e-02 1.2342e-01 1.6760e-02 -9.9898e-03 5.7997e-03 -6.1590e-02 5.7997e-03 -3.6841e-02 -1.1055e-02
-9.4314e-02 1.0848e-01 4.9193e-01 3.1016e-01 6.0848e-01 -4.3496e-02 1.0000e+00 8.1200e-01 6.9793e-01 1.2888e-02 -9.8524e-02 -1.1261e-01 -5.7224e-02 -1.0237e-01 -3.7633e-02 -3.7633e-02 -7.9322e-02 1.3731e-01 -1.7755e-02 1.4500e-01 1.6192e-01 -6.2192e-02 -5.3922e-02 -3.4628e-02 1.3914e-01 -5.6956e-02 3.6386e-02 -6.9831e-02 -1.9979e-02 1.1923e-02 -9.4175e-03 -5.7052e-02 -2.2930e-02 -5.7052e-02 -2.7716e-02 3.7686e-02
-7.2391e-02 2.2148e-01 6.5202e-01 -7.8423e-02 4.9408e-01 -3.5318e-02 8.1200e-01 1.0000e+00 5.6441e-01 -9.1635e-02 -8.0001e-02 -1.3103e-01 -6.1796e-02 -1.1256e-01 -1.8508e-02 -3.8190e-02 -6.7036e-02 1.5320e-01 -5.6411e-02 1.2093e-02 1.7543e-01 -5.6564e-02 -4.6468e-02 -2.8118e-02 1.8536e-01 -7.9764e-02 4.1149e-02 -3.1643e-02 -1.1368e-02 -3.7323e-02 -3.1915e-02 -8.4525e-02 -7.5946e-02 -8.4525e-02 -1.6154e-03 -3.6515e-03
2.4705e-01 3.8341e-01 8.6043e-01 1.9190e-01 8.5406e-01 -6.1751e-02 6.9793e-01 5.6441e-01 1.0000e+00 -5.9219e-02 -4.8974e-02 -1.4619e-01 -9.5184e-02 -5.7791e-02 -6.0369e-02 -7.3974e-02 -1.2767e-01 8.1907e-02 5.7528e-02 1.0910e-01 1.2418e-01 1.4725e-01 1.5223e-01 -4.9162e-02 1.2818e-01 -1.8831e-02 2.3844e-02 -2.5525e-03 -1.9103e-02 1.1910e-01 -7.4496e-03 -9.3920e-02 -5.6948e-02 -9.3920e-02 -3.8009e-02 3.9166e-03
-7.8852e-02 -1.5729e-01 -1.4982e-01 -7.1834e-02 3.1565e-01 -3.2351e-02 1.2888e-02 -9.1635e-02 -5.9219e-02 1.0000e+00 5.2300e-01 -2.7064e-02 -3.6207e-02 -3.3402e-02 -5.3009e-02 -3.1873e-02 -6.5468e-02 5.9249e-02 -8.8247e-02 -1.6954e-02 -1.2305e-03 -3.1301e-02 -3.2180e-02 -2.5755e-02 3.0104e-02 -2.3979e-02 1.7416e-02 3.6802e-02 9.0863e-02 -1.1768e-02 8.3257e-03 2.7910e-02 -2.6157e-02 2.7910e-02 -5.8128e-03 1.6564e-03
-6.1036e-02 -1.1303e-01 -6.8531e-02 -5.5604e-02 2.0803e-01 -2.5042e-02 -9.8524e-02 -8.0001e-02 -4.8974e-02 5.2300e-01 1.0000e+00 -2.2391e-01 -2.3071e-01 -2.2512e-01 -4.1033e-02 -4.1033e-02 -8.8086e-02 1.5362e-02 -7.2156e-02 -4.3861e-02 -2.6168e-02 -6.4384e-02 -6.4888e-02 -1.9936e-02 3.5700e-02 -4.7512e-02 8.3360e-02 1.0063e-01 9.5380e-02 -3.7875e-02 2.4211e-02 1.7951e-02 -3.8381e-02 1.7951e-02 1.3487e-03 1.7369e-02
-9.0238e-03 -1.2534e-01 -1.4187e-01 2.3413e-02 -1.6794e-01 -9.8852e-02 -1.1261e-01 -1.3103e-01 -1.4619e-01 -2.7064e-02 -2.2391e-01 1.0000e+00 9.6657e-01 9.2924e-01 1.4754e-01 -1.6198e-01 -1.1741e-01 -3.5109e-02 -6.7979e-02 -5.4023e-03 -6.6605e-02 -9.9316e-02 -1.0199e-01 8.9036e-02 -2.7454e-02 -8.9843e-02 -2.6543e-02 -4.3586e-02 5.9356e-02 -2.4578e-02 -2.5864e-02 6.5991e-02 5.2155e-02 6.5991e-02 2.4871e-03 -2.2238e-02
8.1561e-03 -1.2227e-01 -8.3761e-02 1.6414e-02 -1.2382e-01 -1.0185e-01 -5.7224e-02 -6.1796e-02 -9.5184e-02 -3.6207e-02 -2.3071e-01 9.6657e-01 1.0000e+00 9.0262e-01 1.4219e-01 -1.6689e-01 -8.4338e-02 -2.8535e-02 -5.2324e-02 1.1445e-02 -6.9790e-02 -8.2498e-02 -7.8719e-02 8.6414e-02 -2.6262e-02 -1.0308e-01 -1.6986e-02 -4.1089e-02 5.3024e-02 -3.1719e-02 -7.5384e-03 5.0898e-02 4.8288e-02 5.0898e-02 -1.5966e-03 -2.5344e-02
-1.1950e-02 -5.2170e-02 -4.2063e-02 1.3159e-02 -8.6194e-02 -1.0328e-01 -1.0237e-01 -1.1256e-01 -5.7791e-02 -3.3402e-02 -2.2512e-01 9.2924e-01 9.0262e-01 1.0000e+00 1.6351e-01 -1.6923e-01 -1.3813e-01 -4.0029e-02 -7.4221e-02 -1.3449e-02 -7.1295e-02 -9.3739e-02 -9.6574e-02 8.5219e-02 -3.8227e-02 -2.9306e-02 -2.8412e-02 -2.8677e-02 6.4644e-02 -3.5055e-02 -2.9975e-02 4.8393e-02 2.1881e-02 4.8393e-02 -6.4729e-03 -2.6799e-02
-1.9449e-02 -8.3707e-02 -4.4981e-02 -4.0223e-02 -7.8798e-02 -1.8115e-02 -3.7633e-02 -1.8508e-02 -6.0369e-02 -5.3009e-02 -4.1033e-02 1.4754e-01 1.4219e-01 1.6351e-01 1.0000e+00 -2.9683e-02 -8.6735e-02 1.7555e-01 1.5598e-01 1.6246e-03 -1.8930e-02 2.3290e-03 1.7489e-03 -1.4422e-02 8.3608e-03 -6.1212e-02 2.6296e-02 1.1261e-02 3.3715e-02 -1.5300e-02 -1.6369e-02 2.3554e-02 4.8923e-02 2.3554e-02 -2.2292e-02 -1.8115e-02
-4.4153e-02 3.4215e-02 -7.4166e-02 -1.3390e-02 -7.8798e-02 -1.8115e-02 -3.7633e-02 -3.8190e-02 -7.3974e-02 -3.1873e-02 -4.1033e-02 -1.6198e-01 -1.6689e-01 -1.6923e-01 -2.9683e-02 1.0000e+00 2.9567e-01 -4.9251e-02 8.0836e-02 -3.1729e-02 -1.8930e-02 4.2041e-02 4.1285e-02 -1.4422e-02 -4.2615e-02 9.8073e-02 -2.3335e-02 1.1261e-02 -5.2107e-02 -4.1433e-02 -1.6369e-02 -4.7782e-02 -3.2810e-02 -4.7782e-02 -3.2549e-03 -1.8115e-02
-4.4810e-02 5.1595e-02 -1.2059e-01 8.0703e-02 -1.5042e-01 -6.1268e-02 -7.9322e-02 -6.7036e-02 -1.2767e-01 -6.5468e-02 -8.8086e-02 -1.1741e-01 -8.4338e-02 -1.3813e-01 -8.6735e-02 2.9567e-01 1.0000e+00 -1.4928e-01 3.0968e-01 -1.7509e-02 -6.4025e-02 -9.4306e-02 -8.8213e-02 -4.8777e-02 3.2335e-02 2.2924e-01 7.7486e-03 -9.6490e-04 -3.6226e-02 5.8951e-04 -6.8270e-03 -1.2834e-01 -9.5069e-02 -1.2834e-01 -6.5043e-02 -1.7321e-02
-1.0697e-02 3.3315e-02 8.3702e-02 -3.2763e-02 7.2616e-02 7.8451e-02 1.3731e-01 1.5320e-01 8.1907e-02 5.9249e-02 1.5362e-02 -3.5109e-02 -2.8535e-02 -4.0029e-02 1.7555e-01 -4.9251e-02 -1.4928e-01 1.0000e+00 -1.4018e-01 -3.1529e-02 -3.1410e-02 -6.9830e-02 -7.0468e-02 -2.3929e-02 4.9410e-01 -7.7572e-02 -2.6800e-02 -3.7024e-02 -6.2655e-03 -5.2202e-02 -2.7161e-02 -2.5292e-02 5.0411e-03 -2.5292e-02 -3.7381e-03 6.1121e-03
1.1483e-01 1.3639e-01 3.7679e-02 1.6946e-01 2.3579e-02 -5.1557e-02 -1.7755e-02 -5.6411e-02 5.7528e-02 -8.8247e-02 -7.2156e-02 -6.7979e-02 -5.2324e-02 -7.4221e-02 1.5598e-01 8.0836e-02 3.0968e-01 -1.4018e-01 1.0000e+00 -9.0304e-02 -5.3877e-02 3.0774e-01 3.0476e-01 -4.1046e-02 -9.9711e-02 -1.0494e-01 3.0411e-02 -3.7116e-02 -3.0057e-02 2.3603e-01 6.8224e-03 -6.0335e-02 -1.0471e-02 -6.0335e-02 -2.6769e-02 -3.1968e-03
2.2422e-02 -5.5948e-02 1.0764e-03 3.6030e-01 9.0843e-02 -1.9364e-02 1.4500e-01 1.2093e-02 1.0910e-01 -1.6954e-02 -4.3861e-02 -5.4023e-03 1.1445e-02 -1.3449e-02 1.6246e-03 -3.1729e-02 -1.7509e-02 -3.1529e-02 -9.0304e-02 1.0000e+00 -2.0235e-02 -6.1184e-02 -6.1523e-02 -1.5416e-02 -4.5552e-02 -8.2458e-02 -1.5834e-02 -3.4038e-03 -4.1800e-02 5.3903e-02 4.1770e-02 6.6001e-02 9.6861e-02 6.6001e-02 7.0038e-03 3.4300e-02
-2.8158e-02 7.1260e-02 1.2331e-01 1.5704e-02 1.0254e-01 -1.1553e-02 1.6192e-01 1.7543e-01 1.2418e-01 -1.2305e-03 -2.6168e-02 -6.6605e-02 -6.9790e-02 -7.1295e-02 -1.8930e-02 -1.8930e-02 -6.4025e-02 -3.1410e-02 -5.3877e-02 -2.0235e-02 1.0000e+00 -3.6503e-02 -3.6706e-02 -9.1974e-03 -2.7177e-02 -4.9196e-02 1.5744e-01 -6.8819e-02 -1.7724e-02 -2.6423e-02 -1.0439e-02 1.4390e-02 -2.2372e-02 1.4390e-02 -9.1579e-03 -1.1553e-02
2.0497e-01 1.3975e-01 1.7158e-01 -4.7553e-02 1.0997e-01 -3.4932e-02 -6.2192e-02 -5.6564e-02 1.4725e-01 -3.1301e-02 -6.4384e-02 -9.9316e-02 -8.2498e-02 -9.3739e-02 2.3290e-03 4.2041e-02 -9.4306e-02 -6.9830e-02 3.0774e-01 -6.1184e-02 -3.6503e-02 1.0000e+00 9.9449e-01 -2.7810e-02 -8.2176e-02 -1.4875e-01 -2.9686e-02 5.0642e-02 -7.5988e-02 2.4161e-01 3.7177e-03 -9.1682e-02 -4.2253e-02 -9.1682e-02 2.1990e-02 -3.4932e-02
2.0322e-01 1.4432e-01 1.7724e-01 -4.8115e-02 1.1435e-01 -3.5125e-02 -5.3922e-02 -4.6468e-02 1.5223e-01 -3.2180e-02 -6.4888e-02 -1.0199e-01 -7.8719e-02 -9.6574e-02 1.7489e-03 4.1285e-02 -8.8213e-02 -7.0468e-02 3.0476e-01 -6.1523e-02 -3.6706e-02 9.9449e-01 1.0000e+00 -2.7964e-02 -8.2632e-02 -1.4958e-01 -3.0956e-02 5.2250e-02 -7.6982e-02 2.3974e-01 3.3870e-03 -8.8086e-02 -4.4005e-02 -8.8086e-02 3.1333e-02 -3.5125e-02
-2.1452e-02 -5.3402e-02 -4.3124e-02 -1.9543e-02 -5.6910e-02 -8.8014e-03 -3.4628e-02 -2.8118e-02 -4.9162e-02 -2.5755e-02 -1.9936e-02 8.9036e-02 8.6414e-02 8.5219e-02 -1.4422e-02 -1.4422e-02 -4.8777e-02 -2.3929e-02 -4.1046e-02 -1.5416e-02 -9.1974e-03 -2.7810e-02 -2.7964e-02 1.0000e+00 -2.0705e-02 -3.7480e-02 1.6435e-01 4.6342e-02 -3.3657e-02 -2.0131e-02 -7.9532e-03 -8.6759e-02 -4.9033e-02 -8.6759e-02 -2.9330e-02 -8.8014e-03
7.5447e-03 1.2437e-01 1.5540e-01 -5.7748e-02 1.0700e-01 -2.6007e-02 1.3914e-01 1.8536e-01 1.2818e-01 3.0104e-02 3.5700e-02 -2.7454e-02 -2.6262e-02 -3.8227e-02 8.3608e-03 -4.2615e-02 3.2335e-02 4.9410e-01 -9.9711e-02 -4.5552e-02 -2.7177e-02 -8.2176e-02 -8.2632e-02 -2.0705e-02 1.0000e+00 -1.1075e-01 4.9628e-02 2.6231e-02 -1.3203e-02 -4.0725e-02 -2.3501e-02 -8.5670e-02 -7.9900e-03 -8.5670e-02 -4.5670e-02 -2.6007e-02
-9.2582e-02 -2.1139e-02 -2.7734e-02 -2.0270e-02 -2.3532e-02 -4.7078e-02 -5.6956e-02 -7.9764e-02 -1.8831e-02 -2.3979e-02 -4.7512e-02 -8.9843e-02 -1.0308e-01 -2.9306e-02 -6.1212e-02 9.8073e-02 2.2924e-01 -7.7572e-02 -1.0494e-01 -8.2458e-02 -4.9196e-02 -1.4875e-01 -1.4958e-01 -3.7480e-02 -1.1075e-01 1.0000e+00 -7.8304e-02 -3.7012e-03 -5.6825e-02 -8.4231e-02 -1.4237e-02 -8.0038e-02 -9.7278e-02 -8.0038e-02 -3.1580e-03 -2.1450e-02
-3.9475e-02 -3.2096e-02 1.2983e-02 -2.3862e-02 3.3555e-02 6.1940e-02 3.6386e-02 4.1149e-02 2.3844e-02 1.7416e-02 8.3360e-02 -2.6543e-02 -1.6986e-02 -2.8412e-02 2.6296e-02 -2.3335e-02 7.7486e-03 -2.6800e-02 3.0411e-02 -1.5834e-02 1.5744e-01 -2.9686e-02 -3.0956e-02 1.6435e-01 4.9628e-02 -7.8304e-02 1.0000e+00 1.8896e-02 -2.6330e-02 -6.5322e-02 -1.0841e-02 -3.4554e-02 -1.0210e-01 -3.4554e-02 9.9969e-02 8.7050e-03
3.4578e-02 -8.6574e-02 3.7447e-02 -1.0385e-01 2.8256e-02 1.3095e-02 -6.9831e-02 -3.1643e-02 -2.5525e-03 3.6802e-02 1.0063e-01 -4.3586e-02 -4.1089e-02 -2.8677e-02 1.1261e-02 1.1261e-02 -9.6490e-04 -3.7024e-02 -3.7116e-02 -3.4038e-03 -6.8819e-02 5.0642e-02 5.2250e-02 4.6342e-02 2.6231e-02 -3.7012e-03 1.8896e-02 1.0000e+00 2.2260e-01 1.0218e-01 -4.7053e-02 -8.3459e-02 -1.1677e-01 -8.3459e-02 -9.9186e-02 -7.7135e-02
1.6382e-02 -2.8484e-02 -2.5665e-03 -6.7928e-02 1.6959e-02 1.2342e-01 -1.9979e-02 -1.1368e-02 -1.9103e-02 9.0863e-02 9.5380e-02 5.9356e-02 5.3024e-02 6.4644e-02 3.3715e-02 -5.2107e-02 -3.6226e-02 -6.2655e-03 -3.0057e-02 -4.1800e-02 -1.7724e-02 -7.5988e-02 -7.6982e-02 -3.3657e-02 -1.3203e-02 -5.6825e-02 -2.6330e-02 2.2260e-01 1.0000e+00 -9.6693e-02 2.2800e-02 2.6149e-01 -2.0918e-01 2.6149e-01 -1.0407e-01 -1.4659e-02
1.5655e-01 1.2624e-01 9.0905e-02 3.1018e-03 9.0414e-02 1.6760e-02 1.1923e-02 -3.7323e-02 1.1910e-01 -1.1768e-02 -3.7875e-02 -2.4578e-02 -3.1719e-02 -3.5055e-02 -1.5300e-02 -4.1433e-02 5.8951e-04 -5.2202e-02 2.3603e-01 5.3903e-02 -2.6423e-02 2.4161e-01 2.3974e-01 -2.0131e-02 -4.0725e-02 -8.4231e-02 -6.5322e-02 1.0218e-01 -9.6693e-02 1.0000e+00 -2.2849e-02 -2.4925e-01 -1.4087e-01 -2.4925e-01 -8.4262e-02 -2.5286e-02
1.9549e-02 -1.4048e-02 -2.3017e-02 2.5500e-02 3.5209e-03 -9.9898e-03 -9.4175e-03 -3.1915e-02 -7.4496e-03 8.3257e-03 2.4211e-02 -2.5864e-02 -7.5384e-03 -2.9975e-02 -1.6369e-02 -1.6369e-02 -6.8270e-03 -2.7161e-02 6.8224e-03 4.1770e-02 -1.0439e-02 3.7177e-03 3.3870e-03 -7.9532e-03 -2.3501e-02 -1.4237e-02 -1.0841e-02 -4.7053e-02 2.2800e-02 -2.2849e-02 1.0000e+00 -9.8474e-02 -5.5654e-02 -9.8474e-02 -3.3290e-02 8.0211e-01
-7.5355e-02 -5.1362e-02 -1.2350e-01 3.6566e-02 -7.9966e-02 5.7997e-03 -5.7052e-02 -8.4525e-02 -9.3920e-02 2.7910e-02 1.7951e-02 6.5991e-02 5.0898e-02 4.8393e-02 2.3554e-02 -4.7782e-02 -1.2834e-01 -2.5292e-02 -6.0335e-02 6.6001e-02 1.4390e-02 -9.1682e-02 -8.8086e-02 -8.6759e-02 -8.5670e-02 -8.0038e-02 -3.4554e-02 -8.3459e-02 2.6149e-01 -2.4925e-01 -9.8474e-02 1.0000e+00 5.6061e-01 1.0000e+00 3.2531e-01 -8.9847e-02
-3.6385e-02 -4.1928e-02 -1.1143e-01 1.1032e-01 -6.4897e-02 -6.1590e-02 -2.2930e-02 -7.5946e-02 -5.6948e-02 -2.6157e-02 -3.8381e-02 5.2155e-02 4.8288e-02 2.1881e-02 4.8923e-02 -3.2810e-02 -9.5069e-02 5.0411e-03 -1.0471e-02 9.6861e-02 -2.2372e-02 -4.2253e-02 -4.4005e-02 -4.9033e-02 -7.9900e-03 -9.7278e-02 -1.0210e-01 -1.1677e-01 -2.0918e-01 -1.4087e-01 -5.5654e-02 5.6061e-01 1.0000e+00 5.6061e-01 -2.0524e-01 -6.1590e-02
-7.5355e-02 -5.1362e-02 -1.2350e-01 3.6566e-02 -7.9966e-02 5.7997e-03 -5.7052e-02 -8.4525e-02 -9.3920e-02 2.7910e-02 1.7951e-02 6.5991e-02 5.0898e-02 4.8393e-02 2.3554e-02 -4.7782e-02 -1.2834e-01 -2.5292e-02 -6.0335e-02 6.6001e-02 1.4390e-02 -9.1682e-02 -8.8086e-02 -8.6759e-02 -8.5670e-02 -8.0038e-02 -3.4554e-02 -8.3459e-02 2.6149e-01 -2.4925e-01 -9.8474e-02 1.0000e+00 5.6061e-01 1.0000e+00 3.2531e-01 -8.9847e-02
-2.3568e-02 3.6396e-02 -1.6208e-02 -3.8642e-02 -4.6389e-02 -3.6841e-02 -2.7716e-02 -1.6154e-03 -3.8009e-02 -5.8128e-03 1.3487e-03 2.4871e-03 -1.5966e-03 -6.4729e-03 -2.2292e-02 -3.2549e-03 -6.5043e-02 -3.7381e-03 -2.6769e-02 7.0038e-03 -9.1579e-03 2.1990e-02 3.1333e-02 -2.9330e-02 -4.5670e-02 -3.1580e-03 9.9969e-02 -9.9186e-02 -1.0407e-01 -8.4262e-02 -3.3290e-02 3.2531e-01 -2.0524e-01 3.2531e-01 1.0000e+00 -6.2111e-03
-2.6946e-02 -2.4916e-02 -3.0690e-02 6.1799e-02 1.0749e-02 -1.1055e-02 3.7686e-02 -3.6515e-03 3.9166e-03 1.6564e-03 1.7369e-02 -2.2238e-02 -2.5344e-02 -2.6799e-02 -1.8115e-02 -1.8115e-02 -1.7321e-02 6.1121e-03 -3.1968e-03 3.4300e-02 -1.1553e-02 -3.4932e-02 -3.5125e-02 -8.8014e-03 -2.6007e-02 -2.1450e-02 8.7050e-03 -7.7135e-02 -1.4659e-02 -2.5286e-02 8.0211e-01 -8.9847e-02 -6.1590e-02 -8.9847e-02 -6.2111e-03 1.0000e+00
