1.0000e+00 9.4586e-01 9.3780e-01 2.6140e-02 1.0616e-02 2.9707e-02 2.9707e-02 2.6140e-02 2.6140e-02 2.6140e-02 2.0763e-02 2.0763e-02 1.5860e-02 2.1489e-02 1.6508e-02 1.6508e-02 2.1806e-02 3.0037e-02 4.4633e-02 -5.8920e-03 2.0888e-02 1.3964e-02 1.3964e-02 4.9916e-02 1.5677e-02 1.8061e-02 -5.6056e-02 2.0448e-02 4.7327e-02 -3.7539e-02 3.2454e-02 2.7737e-02 3.6157e-02 3.6157e-02 3.6157e-02 2.7945e-02 -3.1788e-02 -2.8192e-02 -2.9024e-02 -3.1788e-02 2.7945e-02 2.7945e-02 -2.9024e-02 -3.1193e-02 -4.5972e-02 -4.2774e-02 4.1473e-02 -3.3710e-02 4.2295e-02 4.2295e-02 2.4901e-02 -1.2918e-03
9.4586e-01 1.0000e+00 9.9166e-01 -5.8057e-03 -1.2898e-02 1.5426e-03 1.5426e-03 -5.8057e-03 -5.8057e-03 -5.8057e-03 2.8815e-02 2.8815e-02 2.1369e-02 2.9790e-02 2.2242e-02 2.2242e-02 1.7094e-02 3.7978e-02 5.5335e-02 -6.3412e-04 1.1729e-02 2.2265e-02 2.2265e-02 3.6917e-02 2.3882e-02 2.6406e-02 -4.5772e-02 2.8932e-02 3.3656e-02 -2.5390e-02 1.7145e-02 1.1130e-02 2.0678e-02 2.0678e-02 2.0678e-02 1.2588e-02 -1.9908e-02 -1.5944e-02 -1.7004e-02 -1.9908e-02 1.2588e-02 1.2588e-02 -1.7004e-02 -1.3841e-02 -5.3112e-02 -2.7208e-02 2.1702e-02 -1.7004e-02 2.2732e-02 2.2732e-02 2.8726e-02 2.0852e-02
9.3780e-01 9.9166e-01 1.0000e+00 -9.6515e-03 -1.5985e-02 -1.9607e-03 -1.9607e-03 -9.6515e-03 -9.6515e-03 -9.6515e-03 2.5875e-02 2.5875e-02 2.1332e-02 2.6882e-02 2.2222e-02 2.2222e-02 2.0452e-02 3.8578e-02 5.5991e-02 -3.3091e-03 1.4512e-02 2.3043e-02 2.3043e-02 3.9235e-02 2.4653e-02 2.7188e-02 -4.8406e-02 2.9724e-02 3.5899e-02 -2.7809e-02 1.9210e-02 1.3056e-02 2.2723e-02 2.2723e-02 2.2723e-02 1.4649e-02 -2.2361e-02 -1.8355e-02 -1.9441e-02 -2.2361e-02 1.4649e-02 1.4649e-02 -1.9441e-02 -1.6200e-02 -5.9544e-02 -2.9785e-02 2.3771e-02 -1.9441e-02 2.4824e-02 2.4824e-02 2.9476e-02 1.7802e-02
2.6140e-02 -5.8057e-03 -9.6515e-03 1.0000e+00 8.6653e-01 9.4062e-01 9.4062e-01 1.0000e+00 1.0000e+00 1.0000e+00 -9.8064e-02 -9.8064e-02 2.1912e-01 -9.9831e-02 2.1739e-01 2.1739e-01 6.9952e-02 -3.9820e-02 1.4571e-01 -1.0883e-01 8.9572e-02 1.7535e-01 1.7535e-01 7.1185e-02 1.7616e-01 1.7535e-01 -9.4513e-02 1.7454e-01 7.6511e-02 -6.3074e-02 4.5900e-02 5.6691e-02 4.7715e-02 4.7715e-02 4.7715e-02 4.5900e-02 -6.0334e-02 -6.3074e-02 -6.1249e-02 -6.0334e-02 4.5900e-02 4.5900e-02 -6.1249e-02 -6.0393e-02 3.6484e-02 -5.8448e-02 5.8132e-02 -6.7606e-02 5.6338e-02 5.6338e-02 1.4528e-01 1.8017e-02
1.0616e-02 -1.2898e-02 -1.5985e-02 8.6653e-01 1.0000e+00 9.1467e-01 9.1467e-01 8.6653e-01 8.6653e-01 8.6653e-01 -1.3033e-01 -1.3033e-01 2.7595e-01 -1.3230e-01 2.7396e-01 2.7396e-01 1.0038e-01 -3.2520e-02 2.0290e-01 -1.4377e-01 1.1290e-01 2.2147e-01 2.2147e-01 1.0333e-01 2.2239e-01 2.2147e-01 -1.3179e-01 2.2055e-01 1.0932e-01 -9.4222e-02 7.2874e-02 8.5071e-02 7.4924e-02 7.4924e-02 7.4924e-02 7.2874e-02 -9.1149e-02 -9.4222e-02 -9.2176e-02 -9.1149e-02 7.2874e-02 7.2874e-02 -9.2176e-02 -8.6794e-02 2.7243e-03 -8.1810e-02 7.8450e-02 -8.6381e-02 7.6405e-02 7.6405e-02 1.7963e-01 1.7446e-02
2.9707e-02 1.5426e-03 -1.9607e-03 9.4062e-01 9.1467e-01 1.0000e+00 1.0000e+00 9.4062e-01 9.4062e-01 9.4062e-01 -1.1682e-01 -1.1682e-01 2.5028e-01 -1.1219e-01 2.4845e-01 2.4845e-01 8.1452e-02 -4.4406e-02 1.7830e-01 -1.2853e-01 1.0956e-01 2.0002e-01 2.0002e-01 9.4440e-02 2.0088e-01 2.0002e-01 -1.1519e-01 2.0451e-01 9.9962e-02 -8.6040e-02 6.5667e-02 7.6922e-02 6.7559e-02 6.7559e-02 6.7559e-02 6.5667e-02 -8.3207e-02 -7.9956e-02 -7.8052e-02 -8.3207e-02 6.5667e-02 6.5667e-02 -7.8052e-02 -8.3740e-02 2.2006e-02 -8.0781e-02 7.7408e-02 -9.0254e-02 7.5535e-02 7.5535e-02 1.7148e-01 1.7467e-03
2.9707e-02 1.5426e-03 -1.9607e-03 9.4062e-01 9.1467e-01 1.0000e+00 1.0000e+00 9.4062e-01 9.4062e-01 9.4062e-01 -1.1682e-01 -1.1682e-01 2.5028e-01 -1.1219e-01 2.4845e-01 2.4845e-01 8.1452e-02 -4.4406e-02 1.7830e-01 -1.2853e-01 1.0956e-01 2.0002e-01 2.0002e-01 9.4440e-02 2.0088e-01 2.0002e-01 -1.1519e-01 2.0451e-01 9.9962e-02 -8.6040e-02 6.5667e-02 7.6922e-02 6.7559e-02 6.7559e-02 6.7559e-02 6.5667e-02 -8.3207e-02 -7.9956e-02 -7.8052e-02 -8.3207e-02 6.5667e-02 6.5667e-02 -7.8052e-02 -8.3740e-02 2.2006e-02 -8.0781e-02 7.7408e-02 -9.0254e-02 7.5535e-02 7.5535e-02 1.7148e-01 1.7467e-03
2.6140e-02 -5.8057e-03 -9.6515e-03 1.0000e+00 8.6653e-01 9.4062e-01 9.4062e-01 1.0000e+00 1.0000e+00 1.0000e+00 -9.8064e-02 -9.8064e-02 2.1912e-01 -9.9831e-02 2.1739e-01 2.1739e-01 6.9952e-02 -3.9820e-02 1.4571e-01 -1.0883e-01 8.9572e-02 1.7535e-01 1.7535e-01 7.1185e-02 1.7616e-01 1.7535e-01 -9.4513e-02 1.7454e-01 7.6511e-02 -6.3074e-02 4.5900e-02 5.6691e-02 4.7715e-02 4.7715e-02 4.7715e-02 4.5900e-02 -6.0334e-02 -6.3074e-02 -6.1249e-02 -6.0334e-02 4.5900e-02 4.5900e-02 -6.1249e-02 -6.0393e-02 3.6484e-02 -5.8448e-02 5.8132e-02 -6.7606e-02 5.6338e-02 5.6338e-02 1.4528e-01 1.8017e-02
2.6140e-02 -5.8057e-03 -9.6515e-03 1.0000e+00 8.6653e-01 9.4062e-01 9.4062e-01 1.0000e+00 1.0000e+00 1.0000e+00 -9.8064e-02 -9.8064e-02 2.1912e-01 -9.9831e-02 2.1739e-01 2.1739e-01 6.9952e-02 -3.9820e-02 1.4571e-01 -1.0883e-01 8.9572e-02 1.7535e-01 1.7535e-01 7.1185e-02 1.7616e-01 1.7535e-01 -9.4513e-02 1.7454e-01 7.6511e-02 -6.3074e-02 4.5900e-02 5.6691e-02 4.7715e-02 4.7715e-02 4.7715e-02 4.5900e-02 -6.0334e-02 -6.3074e-02 -6.1249e-02 -6.0334e-02 4.5900e-02 4.5900e-02 -6.1249e-02 -6.0393e-02 3.6484e-02 -5.8448e-02 5.8132e-02 -6.7606e-02 5.6338e-02 5.6338e-02 1.4528e-01 1.8017e-02
2.6140e-02 -5.8057e-03 -9.6515e-03 1.0000e+00 8.6653e-01 9.4062e-01 9.4062e-01 1.0000e+00 1.0000e+00 1.0000e+00 -9.8064e-02 -9.8064e-02 2.1912e-01 -9.9831e-02 2.1739e-01 2.1739e-01 6.9952e-02 -3.9820e-02 1.4571e-01 -1.0883e-01 8.9572e-02 1.7535e-01 1.7535e-01 7.1185e-02 1.7616e-01 1.7535e-01 -9.4513e-02 1.7454e-01 7.6511e-02 -6.3074e-02 4.5900e-02 5.6691e-02 4.7715e-02 4.7715e-02 4.7715e-02 4.5900e-02 -6.0334e-02 -6.3074e-02 -6.1249e-02 -6.0334e-02 4.5900e-02 4.5900e-02 -6.1249e-02 -6.0393e-02 3.6484e-02 -5.8448e-02 5.8132e-02 -6.7606e-02 5.6338e-02 5.6338e-02 1.4528e-01 1.8017e-02
2.0763e-02 2.8815e-02 2.5875e-02 -9.8064e-02 -1.3033e-01 -1.1682e-01 -1.1682e-01 -9.8064e-02 -9.8064e-02 -9.8064e-02 1.0000e+00 1.0000e+00 -5.0196e-01 9.9396e-01 -4.9904e-01 -4.9904e-01 -7.5143e-01 2.5452e-01 -3.7651e-01 6.3113e-01 -6.2896e-01 -3.1229e-01 -3.1229e-01 -5.0809e-01 -3.1114e-01 -3.0729e-01 5.3657e-01 -3.0843e-01 -4.9179e-01 5.2472e-01 -4.8443e-01 -4.9197e-01 -4.8659e-01 -4.8659e-01 -4.8659e-01 -4.7893e-01 5.0750e-01 5.1331e-01 5.0562e-01 5.0750e-01 -4.7893e-01 -4.7893e-01 5.0562e-01 4.8320e-01 4.6385e-01 4.1455e-01 -3.7984e-01 4.0837e-01 -3.7194e-01 -3.7194e-01 -1.9783e-01 -2.7684e-01
2.0763e-02 2.8815e-02 2.5875e-02 -9.8064e-02 -1.3033e-01 -1.1682e-01 -1.1682e-01 -9.8064e-02 -9.8064e-02 -9.8064e-02 1.0000e+00 1.0000e+00 -5.0196e-01 9.9396e-01 -4.9904e-01 -4.9904e-01 -7.5143e-01 2.5452e-01 -3.7651e-01 6.3113e-01 -6.2896e-01 -3.1229e-01 -3.1229e-01 -5.0809e-01 -3.1114e-01 -3.0729e-01 5.3657e-01 -3.0843e-01 -4.9179e-01 5.2472e-01 -4.8443e-01 -4.9197e-01 -4.8659e-01 -4.8659e-01 -4.8659e-01 -4.7893e-01 5.0750e-01 5.1331e-01 5.0562e-01 5.0750e-01 -4.7893e-01 -4.7893e-01 5.0562e-01 4.8320e-01 4.6385e-01 4.1455e-01 -3.7984e-01 4.0837e-01 -3.7194e-01 -3.7194e-01 -1.9783e-01 -2.7684e-01
1.5860e-02 2.1369e-02 2.1332e-02 2.1912e-01 2.7595e-01 2.5028e-01 2.5028e-01 2.1912e-01 2.1912e-01 2.1912e-01 -5.0196e-01 -5.0196e-01 1.0000e+00 -5.0501e-01 9.9603e-01 9.9603e-01 4.3058e-01 -1.2222e-01 7.6592e-01 -3.4685e-01 4.6883e-01 6.5784e-01 6.5784e-01 4.7282e-01 6.5554e-01 6.5380e-01 -4.6131e-01 6.5205e-01 4.5099e-01 -4.2569e-01 4.4766e-01 4.3716e-01 4.5104e-01 4.5104e-01 4.5104e-01 4.4766e-01 -4.2059e-01 -4.2569e-01 -4.2229e-01 -4.2059e-01 4.4766e-01 4.4766e-01 -4.2229e-01 -3.8658e-01 -2.4354e-01 -3.5828e-01 3.6309e-01 -3.4365e-01 3.5951e-01 3.5951e-01 5.1540e-01 2.5019e-01
2.1489e-02 2.9790e-02 2.6882e-02 -9.9831e-02 -1.3230e-01 -1.1219e-01 -1.1219e-01 -9.9831e-02 -9.9831e-02 -9.9831e-02 9.9396e-01 9.9396e-01 -5.0501e-01 1.0000e+00 -5.0212e-01 -5.0212e-01 -7.5278e-01 2.5294e-01 -3.7590e-01 6.2625e-01 -6.2413e-01 -3.1708e-01 -3.1708e-01 -5.0342e-01 -3.1592e-01 -3.1209e-01 5.3198e-01 -3.0826e-01 -4.8712e-01 5.2005e-01 -4.8518e-01 -4.9253e-01 -4.8730e-01 -4.8730e-01 -4.8730e-01 -4.7969e-01 5.0292e-01 5.1437e-01 5.0674e-01 5.0292e-01 -4.7969e-01 -4.7969e-01 5.0674e-01 4.7865e-01 4.6077e-01 4.1036e-01 -3.8096e-01 4.0413e-01 -3.7311e-01 -3.7311e-01 -2.0298e-01 -2.8237e-01
1.6508e-02 2.2242e-02 2.2222e-02 2.1739e-01 2.7396e-01 2.4845e-01 2.4845e-01 2.1739e-01 2.1739e-01 2.1739e-01 -4.9904e-01 -4.9904e-01 9.9603e-01 -5.0212e-01 1.0000e+00 1.0000e+00 4.3244e-01 -1.2277e-01 7.6931e-01 -3.4422e-01 4.7091e-01 6.6111e-01 6.6111e-01 4.7512e-01 6.5883e-01 6.5707e-01 -4.6347e-01 6.5532e-01 4.5333e-01 -4.2794e-01 4.5009e-01 4.3966e-01 4.5349e-01 4.5349e-01 4.5349e-01 4.5009e-01 -4.2283e-01 -4.2794e-01 -4.2453e-01 -4.2283e-01 4.5009e-01 4.5009e-01 -4.2453e-01 -3.8886e-01 -2.4469e-01 -3.6047e-01 3.6552e-01 -3.4590e-01 3.6193e-01 3.6193e-01 5.1871e-01 2.5317e-01
1.6508e-02 2.2242e-02 2.2222e-02 2.1739e-01 2.7396e-01 2.4845e-01 2.4845e-01 2.1739e-01 2.1739e-01 2.1739e-01 -4.9904e-01 -4.9904e-01 9.9603e-01 -5.0212e-01 1.0000e+00 1.0000e+00 4.3244e-01 -1.2277e-01 7.6931e-01 -3.4422e-01 4.7091e-01 6.6111e-01 6.6111e-01 4.7512e-01 6.5883e-01 6.5707e-01 -4.6347e-01 6.5532e-01 4.5333e-01 -4.2794e-01 4.5009e-01 4.3966e-01 4.5349e-01 4.5349e-01 4.5349e-01 4.5009e-01 -4.2283e-01 -4.2794e-01 -4.2453e-01 -4.2283e-01 4.5009e-01 4.5009e-01 -4.2453e-01 -3.8886e-01 -2.4469e-01 -3.6047e-01 3.6552e-01 -3.4590e-01 3.6193e-01 3.6193e-01 5.1871e-01 2.5317e-01
2.1806e-02 1.7094e-02 2.0452e-02 6.9952e-02 1.0038e-01 8.1452e-02 8.1452e-02 6.9952e-02 6.9952e-02 6.9952e-02 -7.5143e-01 -7.5143e-01 4.3058e-01 -7.5278e-01 4.3244e-01 4.3244e-01 1.0000e+00 -2.9325e-01 5.2270e-01 -8.3339e-01 8.5073e-01 5.1172e-01 5.1172e-01 7.1926e-01 5.1057e-01 5.0649e-01 -7.5204e-01 5.0241e-01 7.0160e-01 -7.1379e-01 6.6967e-01 6.6566e-01 6.7183e-01 6.7183e-01 6.7183e-01 6.6392e-01 -6.9605e-01 -7.0782e-01 -6.9998e-01 -6.9605e-01 6.6392e-01 6.6392e-01 -6.9998e-01 -6.7003e-01 -5.0232e-01 -5.9974e-01 5.4879e-01 -5.8033e-01 5.4060e-01 5.4060e-01 3.5045e-01 2.7517e-01
3.0037e-02 3.7978e-02 3.8578e-02 -3.9820e-02 -3.2520e-02 -4.4406e-02 -4.4406e-02 -3.9820e-02 -3.9820e-02 -3.9820e-02 2.5452e-01 2.5452e-01 -1.2222e-01 2.5294e-01 -1.2277e-01 -1.2277e-01 -2.9325e-01 1.0000e+00 -1.6091e-01 2.3955e-01 -2.4459e-01 -1.5208e-01 -1.5208e-01 -2.0337e-01 -1.5175e-01 -1.5208e-01 2.1809e-01 -1.5242e-01 -1.9997e-01 2.0868e-01 -1.9239e-01 -1.8626e-01 -1.9134e-01 -1.9134e-01 -1.9134e-01 -1.9239e-01 2.1050e-01 2.0868e-01 2.0989e-01 2.1050e-01 -1.9239e-01 -1.9239e-01 2.0989e-01 2.0629e-01 -4.0503e-02 2.1615e-01 -1.9239e-01 2.0989e-01 -1.9344e-01 -1.9344e-01 -1.5074e-01 -1.2348e-01
4.4633e-02 5.5335e-02 5.5991e-02 1.4571e-01 2.0290e-01 1.7830e-01 1.7830e-01 1.4571e-01 1.4571e-01 1.4571e-01 -3.7651e-01 -3.7651e-01 7.6592e-01 -3.7590e-01 7.6931e-01 7.6931e-01 5.2270e-01 -1.6091e-01 1.0000e+00 -4.6737e-01 4.8228e-01 6.2859e-01 6.2859e-01 3.8899e-01 6.2661e-01 6.2450e-01 -4.4138e-01 6.2648e-01 3.6980e-01 -4.2085e-01 3.5491e-01 3.4096e-01 3.5927e-01 3.5927e-01 3.5927e-01 3.5041e-01 -4.0985e-01 -4.1153e-01 -4.0729e-01 -4.0985e-01 3.5041e-01 3.5041e-01 -4.0729e-01 -3.7822e-01 -2.8625e-01 -3.4322e-01 2.6492e-01 -3.1844e-01 2.6034e-01 2.6034e-01 4.6555e-01 1.7474e-01
-5.8920e-03 -6.3412e-04 -3.3091e-03 -1.0883e-01 -1.4377e-01 -1.2853e-01 -1.2853e-01 -1.0883e-01 -1.0883e-01 -1.0883e-01 6.3113e-01 6.3113e-01 -3.4685e-01 6.2625e-01 -3.4422e-01 -3.4422e-01 -8.3339e-01 2.3955e-01 -4.6737e-01 1.0000e+00 -8.2474e-01 -4.6083e-01 -4.6083e-01 -6.9254e-01 -4.5957e-01 -4.5600e-01 7.3520e-01 -4.5726e-01 -6.7461e-01 6.9545e-01 -6.3616e-01 -6.2954e-01 -6.3766e-01 -6.3766e-01 -6.3766e-01 -6.2551e-01 6.7436e-01 6.7889e-01 6.7218e-01 6.7436e-01 -6.2551e-01 -6.2551e-01 6.7218e-01 6.4287e-01 4.4355e-01 5.8784e-01 -5.1904e-01 5.6706e-01 -5.1195e-01 -5.1195e-01 -3.1088e-01 -2.5172e-01
2.0888e-02 1.1729e-02 1.4512e-02 8.9572e-02 1.1290e-01 1.0956e-01 1.0956e-01 8.9572e-02 8.9572e-02 8.9572e-02 -6.2896e-01 -6.2896e-01 4.6883e-01 -6.2413e-01 4.7091e-01 4.7091e-01 8.5073e-01 -2.4459e-01 4.8228e-01 -8.2474e-01 1.0000e+00 5.8764e-01 5.8764e-01 8.3701e-01 5.8635e-01 5.8274e-01 -7.8692e-01 5.8404e-01 8.1809e-01 -7.0732e-01 7.6675e-01 7.5891e-01 7.6807e-01 7.6807e-01 7.6807e-01 7.5598e-01 -6.8589e-01 -6.9058e-01 -6.8373e-01 -6.8589e-01 7.5598e-01 7.5598e-01 -6.8373e-01 -6.5429e-01 -4.3557e-01 -5.9810e-01 6.3216e-01 -5.8302e-01 6.2515e-01 6.2515e-01 4.2130e-01 2.7724e-01
1.3964e-02 2.2265e-02 2.3043e-02 1.7535e-01 2.2147e-01 2.0002e-01 2.0002e-01 1.7535e-01 1.7535e-01 1.7535e-01 -3.1229e-01 -3.1229e-01 6.5784e-01 -3.1708e-01 6.6111e-01 6.6111e-01 5.1172e-01 -1.5208e-01 6.2859e-01 -4.6083e-01 5.8764e-01 1.0000e+00 1.0000e+00 7.0480e-01 9.9795e-01 9.9589e-01 -6.6058e-01 9.9383e-01 7.1585e-01 -6.0377e-01 6.5566e-01 6.6110e-01 6.5955e-01 6.5955e-01 6.5955e-01 6.4661e-01 -5.9789e-01 -5.9438e-01 -5.9985e-01 -5.9789e-01 6.4661e-01 6.4661e-01 -5.9985e-01 -5.6491e-01 -2.9111e-01 -5.3249e-01 5.7870e-01 -5.4339e-01 5.8371e-01 5.8371e-01 7.9054e-01 3.0841e-01
1.3964e-02 2.2265e-02 2.3043e-02 1.7535e-01 2.2147e-01 2.0002e-01 2.0002e-01 1.7535e-01 1.7535e-01 1.7535e-01 -3.1229e-01 -3.1229e-01 6.5784e-01 -3.1708e-01 6.6111e-01 6.6111e-01 5.1172e-01 -1.5208e-01 6.2859e-01 -4.6083e-01 5.8764e-01 1.0000e+00 1.0000e+00 7.0480e-01 9.9795e-01 9.9589e-01 -6.6058e-01 9.9383e-01 7.1585e-01 -6.0377e-01 6.5566e-01 6.6110e-01 6.5955e-01 6.5955e-01 6.5955e-01 6.4661e-01 -5.9789e-01 -5.9438e-01 -5.9985e-01 -5.9789e-01 6.4661e-01 6.4661e-01 -5.9985e-01 -5.6491e-01 -2.9111e-01 -5.3249e-01 5.7870e-01 -5.4339e-01 5.8371e-01 5.8371e-01 7.9054e-01 3.0841e-01
4.9916e-02 3.6917e-02 3.9235e-02 7.1185e-02 1.0333e-01 9.4440e-02 9.4440e-02 7.1185e-02 7.1185e-02 7.1185e-02 -5.0809e-01 -5.0809e-01 4.7282e-01 -5.0342e-01 4.7512e-01 4.7512e-01 7.1926e-01 -2.0337e-01 3.8899e-01 -6.9254e-01 8.3701e-01 7.0480e-01 7.0480e-01 1.0000e+00 7.0335e-01 7.0016e-01 -9.3727e-01 7.0161e-01 9.7937e-01 -8.5485e-01 9.2476e-01 9.0250e-01 9.2520e-01 9.2520e-01 9.2520e-01 9.0435e-01 -8.3589e-01 -8.2841e-01 -8.3338e-01 -8.3589e-01 9.0435e-01 9.0435e-01 -8.3338e-01 -8.0283e-01 -4.3058e-01 -7.5686e-01 7.8699e-01 -7.3793e-01 7.9138e-01 7.9138e-01 5.3235e-01 3.3207e-01
1.5677e-02 2.3882e-02 2.4653e-02 1.7616e-01 2.2239e-01 2.0088e-01 2.0088e-01 1.7616e-01 1.7616e-01 1.7616e-01 -3.1114e-01 -3.1114e-01 6.5554e-01 -3.1592e-01 6.5883e-01 6.5883e-01 5.1057e-01 -1.5175e-01 6.2661e-01 -4.5957e-01 5.8635e-01 9.9795e-01 9.9795e-01 7.0335e-01 1.0000e+00 9.9795e-01 -6.5922e-01 9.9589e-01 7.1438e-01 -6.0238e-01 6.5417e-01 6.5957e-01 6.5805e-01 6.5805e-01 6.5805e-01 6.4512e-01 -5.9652e-01 -5.9300e-01 -5.9848e-01 -5.9652e-01 6.4512e-01 6.4512e-01 -5.9848e-01 -5.6353e-01 -2.9041e-01 -5.3117e-01 5.7724e-01 -5.4204e-01 5.8226e-01 5.8226e-01 7.9266e-01 3.0678e-01
1.8061e-02 2.6406e-02 2.7188e-02 1.7535e-01 2.2147e-01 2.0002e-01 2.0002e-01 1.7535e-01 1.7535e-01 1.7535e-01 -3.0729e-01 -3.0729e-01 6.5380e-01 -3.1209e-01 6.5707e-01 6.5707e-01 5.0649e-01 -1.5208e-01 6.2450e-01 -4.5600e-01 5.8274e-01 9.9589e-01 9.9589e-01 7.0016e-01 9.9795e-01 1.0000e+00 -6.6058e-01 9.9794e-01 7.1585e-01 -6.0377e-01 6.5566e-01 6.6110e-01 6.5955e-01 6.5955e-01 6.5955e-01 6.4661e-01 -5.9789e-01 -5.9438e-01 -5.9985e-01 -5.9789e-01 6.4661e-01 6.4661e-01 -5.9985e-01 -5.6491e-01 -2.9111e-01 -5.3249e-01 5.7870e-01 -5.4339e-01 5.8371e-01 5.8371e-01 7.9465e-01 3.0841e-01
-5.6056e-02 -4.5772e-02 -4.8406e-02 -9.4513e-02 -1.3179e-01 -1.1519e-01 -1.1519e-01 -9.4513e-02 -9.4513e-02 -9.4513e-02 5.3657e-01 5.3657e-01 -4.6131e-01 5.3198e-01 -4.6347e-01 -4.6347e-01 -7.5204e-01 2.1809e-01 -4.4138e-01 7.3520e-01 -7.8692e-01 -6.6058e-01 -6.6058e-01 -9.3727e-01 -6.5922e-01 -6.6058e-01 1.0000e+00 -6.6194e-01 -9.2279e-01 9.1610e-01 -8.6956e-01 -8.4914e-01 -8.7045e-01 -8.7045e-01 -8.7045e-01 -8.4846e-01 8.9624e-01 8.8876e-01 8.9373e-01 8.9624e-01 -8.4846e-01 -8.4846e-01 8.9373e-01 8.6266e-01 4.6165e-01 8.1375e-01 -7.3768e-01 7.8957e-01 -7.4180e-01 -7.4180e-01 -4.9722e-01 -3.7117e-01
2.0448e-02 2.8932e-02 2.9724e-02 1.7454e-01 2.2055e-01 2.0451e-01 2.0451e-01 1.7454e-01 1.7454e-01 1.7454e-01 -3.0843e-01 -3.0843e-01 6.5205e-01 -3.0826e-01 6.5532e-01 6.5532e-01 5.0241e-01 -1.5242e-01 6.2648e-01 -4.5726e-01 5.8404e-01 9.9383e-01 9.9383e-01 7.0161e-01 9.9589e-01 9.9794e-01 -6.6194e-01 1.0000e+00 7.1732e-01 -6.0515e-01 6.5263e-01 6.5816e-01 6.5653e-01 6.5653e-01 6.5653e-01 6.4357e-01 -5.9927e-01 -5.9107e-01 -5.9652e-01 -5.9927e-01 6.4357e-01 6.4357e-01 -5.9652e-01 -5.6630e-01 -2.9181e-01 -5.3381e-01 5.7564e-01 -5.4475e-01 5.8064e-01 5.8064e-01 7.9253e-01 3.0584e-01
4.7327e-02 3.3656e-02 3.5899e-02 7.6511e-02 1.0932e-01 9.9962e-02 9.9962e-02 7.6511e-02 7.6511e-02 7.6511e-02 -4.9179e-01 -4.9179e-01 4.5099e-01 -4.8712e-01 4.5333e-01 4.5333e-01 7.0160e-01 -1.9997e-01 3.6980e-01 -6.7461e-01 8.1809e-01 7.1585e-01 7.1585e-01 9.7937e-01 7.1438e-01 7.1585e-01 -9.2279e-01 7.1732e-01 1.0000e+00 -8.4068e-01 9.0947e-01 9.2212e-01 9.0986e-01 9.0986e-01 9.0986e-01 8.8921e-01 -8.2193e-01 -8.1444e-01 -8.1942e-01 -8.2193e-01 8.8921e-01 8.8921e-01 -8.1942e-01 -7.8897e-01 -4.2339e-01 -7.4367e-01 8.0818e-01 -7.6152e-01 8.1266e-01 8.1266e-01 5.4916e-01 3.4761e-01
-3.7539e-02 -2.5390e-02 -2.7809e-02 -6.3074e-02 -9.4222e-02 -8.6040e-02 -8.6040e-02 -6.3074e-02 -6.3074e-02 -6.3074e-02 5.2472e-01 5.2472e-01 -4.2569e-01 5.2005e-01 -4.2794e-01 -4.2794e-01 -7.1379e-01 2.0868e-01 -4.2085e-01 6.9545e-01 -7.0732e-01 -6.0377e-01 -6.0377e-01 -8.5485e-01 -6.0238e-01 -6.0377e-01 9.1610e-01 -6.0515e-01 -8.4068e-01 1.0000e+00 -9.2277e-01 -9.0095e-01 -9.2333e-01 -9.2333e-01 -9.2333e-01 -9.0211e-01 9.8123e-01 9.7324e-01 9.7855e-01 9.8123e-01 -9.0211e-01 -9.0211e-01 9.7855e-01 9.4683e-01 5.0179e-01 8.9712e-01 -8.0401e-01 8.7123e-01 -8.0837e-01 -8.0837e-01 -5.3735e-01 -3.8526e-01
3.2454e-02 1.7145e-02 1.9210e-02 4.5900e-02 7.2874e-02 6.5667e-02 6.5667e-02 4.5900e-02 4.5900e-02 4.5900e-02 -4.8443e-01 -4.8443e-01 4.4766e-01 -4.8518e-01 4.5009e-01 4.5009e-01 6.6967e-01 -1.9239e-01 3.5491e-01 -6.3616e-01 7.6675e-01 6.5566e-01 6.5566e-01 9.2476e-01 6.5417e-01 6.5566e-01 -8.6956e-01 6.5263e-01 9.0947e-01 -9.2277e-01 1.0000e+00 9.7093e-01 9.9504e-01 9.9504e-01 9.9504e-01 9.7509e-01 -9.0493e-01 -9.0211e-01 -9.0743e-01 -9.0493e-01 9.7509e-01 9.7509e-01 -9.0743e-01 -8.7110e-01 -4.6531e-01 -8.2460e-01 8.6051e-01 -8.0388e-01 8.6520e-01 8.6520e-01 5.7739e-01 3.4165e-01
2.7737e-02 1.1130e-02 1.3056e-02 5.6691e-02 8.5071e-02 7.6922e-02 7.6922e-02 5.6691e-02 5.6691e-02 5.6691e-02 -4.9197e-01 -4.9197e-01 4.3716e-01 -4.9253e-01 4.3966e-01 4.3966e-01 6.6566e-01 -1.8626e-01 3.4096e-01 -6.2954e-01 7.5891e-01 6.6110e-01 6.6110e-01 9.0250e-01 6.5957e-01 6.6110e-01 -8.4914e-01 6.5816e-01 9.2212e-01 -9.0095e-01 9.7093e-01 1.0000e+00 9.7086e-01 9.7086e-01 9.7086e-01 9.6109e-01 -8.8348e-01 -8.9076e-01 -8.8591e-01 -8.8348e-01 9.6109e-01 9.6109e-01 -8.8591e-01 -8.4976e-01 -4.5165e-01 -8.0461e-01 8.9224e-01 -8.2969e-01 8.8723e-01 8.8723e-01 6.0145e-01 3.5856e-01
3.6157e-02 2.0678e-02 2.2723e-02 4.7715e-02 7.4924e-02 6.7559e-02 6.7559e-02 4.7715e-02 4.7715e-02 4.7715e-02 -4.8659e-01 -4.8659e-01 4.5104e-01 -4.8730e-01 4.5349e-01 4.5349e-01 6.7183e-01 -1.9134e-01 3.5927e-01 -6.3766e-01 7.6807e-01 6.5955e-01 6.5955e-01 9.2520e-01 6.5805e-01 6.5955e-01 -8.7045e-01 6.5653e-01 9.0986e-01 -9.2333e-01 9.9504e-01 9.7086e-01 1.0000e+00 1.0000e+00 1.0000e+00 9.8013e-01 -9.1074e-01 -9.0787e-01 -9.1322e-01 -9.1074e-01 9.8013e-01 9.8013e-01 -9.1322e-01 -8.7684e-01 -4.6298e-01 -8.3079e-01 8.6580e-01 -8.0990e-01 8.7052e-01 8.7052e-01 5.8141e-01 3.4216e-01
3.6157e-02 2.0678e-02 2.2723e-02 4.7715e-02 7.4924e-02 6.7559e-02 6.7559e-02 4.7715e-02 4.7715e-02 4.7715e-02 -4.8659e-01 -4.8659e-01 4.5104e-01 -4.8730e-01 4.5349e-01 4.5349e-01 6.7183e-01 -1.9134e-01 3.5927e-01 -6.3766e-01 7.6807e-01 6.5955e-01 6.5955e-01 9.2520e-01 6.5805e-01 6.5955e-01 -8.7045e-01 6.5653e-01 9.0986e-01 -9.2333e-01 9.9504e-01 9.7086e-01 1.0000e+00 1.0000e+00 1.0000e+00 9.8013e-01 -9.1074e-01 -9.0787e-01 -9.1322e-01 -9.1074e-01 9.8013e-01 9.8013e-01 -9.1322e-01 -8.7684e-01 -4.6298e-01 -8.3079e-01 8.6580e-01 -8.0990e-01 8.7052e-01 8.7052e-01 5.8141e-01 3.4216e-01
3.6157e-02 2.0678e-02 2.2723e-02 4.7715e-02 7.4924e-02 6.7559e-02 6.7559e-02 4.7715e-02 4.7715e-02 4.7715e-02 -4.8659e-01 -4.8659e-01 4.5104e-01 -4.8730e-01 4.5349e-01 4.5349e-01 6.7183e-01 -1.9134e-01 3.5927e-01 -6.3766e-01 7.6807e-01 6.5955e-01 6.5955e-01 9.2520e-01 6.5805e-01 6.5955e-01 -8.7045e-01 6.5653e-01 9.0986e-01 -9.2333e-01 9.9504e-01 9.7086e-01 1.0000e+00 1.0000e+00 1.0000e+00 9.8013e-01 -9.1074e-01 -9.0787e-01 -9.1322e-01 -9.1074e-01 9.8013e-01 9.8013e-01 -9.1322e-01 -8.7684e-01 -4.6298e-01 -8.3079e-01 8.6580e-01 -8.0990e-01 8.7052e-01 8.7052e-01 5.8141e-01 3.4216e-01
2.7945e-02 1.2588e-02 1.4649e-02 4.5900e-02 7.2874e-02 6.5667e-02 6.5667e-02 4.5900e-02 4.5900e-02 4.5900e-02 -4.7893e-01 -4.7893e-01 4.4766e-01 -4.7969e-01 4.5009e-01 4.5009e-01 6.6392e-01 -1.9239e-01 3.5041e-01 -6.2551e-01 7.5598e-01 6.4661e-01 6.4661e-01 9.0435e-01 6.4512e-01 6.4661e-01 -8.4846e-01 6.4357e-01 8.8921e-01 -9.0211e-01 9.7509e-01 9.6109e-01 9.8013e-01 9.8013e-01 9.8013e-01 1.0000e+00 -9.2048e-01 -9.2793e-01 -9.2296e-01 -9.2048e-01 1.0000e+00 1.0000e+00 -9.2296e-01 -8.8650e-01 -4.6531e-01 -8.4035e-01 8.8542e-01 -8.1941e-01 8.8018e-01 8.8018e-01 5.9547e-01 3.4628e-01
-3.1788e-02 -1.9908e-02 -2.2361e-02 -6.0334e-02 -9.1149e-02 -8.3207e-02 -8.3207e-02 -6.0334e-02 -6.0334e-02 -6.0334e-02 5.0750e-01 5.0750e-01 -4.2059e-01 5.0292e-01 -4.2283e-01 -4.2283e-01 -6.9605e-01 2.1050e-01 -4.0985e-01 6.7436e-01 -6.8589e-01 -5.9789e-01 -5.9789e-01 -8.3589e-01 -5.9652e-01 -5.9789e-01 8.9624e-01 -5.9927e-01 -8.2193e-01 9.8123e-01 -9.0493e-01 -8.8348e-01 -9.1074e-01 -9.1074e-01 -9.1074e-01 -9.2048e-01 1.0000e+00 9.9197e-01 9.9731e-01 1.0000e+00 -9.2048e-01 -9.2048e-01 9.9731e-01 9.6543e-01 5.0589e-01 9.1559e-01 -8.2197e-01 8.8954e-01 -8.2636e-01 -8.2636e-01 -5.5009e-01 -3.9208e-01
-2.8192e-02 -1.5944e-02 -1.8355e-02 -6.3074e-02 -9.4222e-02 -7.9956e-02 -7.9956e-02 -6.3074e-02 -6.3074e-02 -6.3074e-02 5.1331e-01 5.1331e-01 -4.2569e-01 5.1437e-01 -4.2794e-01 -4.2794e-01 -7.0782e-01 2.0868e-01 -4.1153e-01 6.7889e-01 -6.9058e-01 -5.9438e-01 -5.9438e-01 -8.2841e-01 -5.9300e-01 -5.9438e-01 8.8876e-01 -5.9107e-01 -8.1444e-01 9.7324e-01 -9.0211e-01 -8.9076e-01 -9.0787e-01 -9.0787e-01 -9.0787e-01 -9.2793e-01 9.9197e-01 1.0000e+00 9.9465e-01 9.9197e-01 -9.2793e-01 -9.2793e-01 9.9465e-01 9.5747e-01 5.0179e-01 9.0800e-01 -8.2983e-01 8.8196e-01 -8.2390e-01 -8.2390e-01 -5.5609e-01 -3.9006e-01
-2.9024e-02 -1.7004e-02 -1.9441e-02 -6.1249e-02 -9.2176e-02 -7.8052e-02 -7.8052e-02 -6.1249e-02 -6.1249e-02 -6.1249e-02 5.0562e-01 5.0562e-01 -4.2229e-01 5.0674e-01 -4.2453e-01 -4.2453e-01 -6.9998e-01 2.0989e-01 -4.0729e-01 6.7218e-01 -6.8373e-01 -5.9985e-01 -5.9985e-01 -8.3338e-01 -5.9848e-01 -5.9985e-01 8.9373e-01 -5.9652e-01 -8.1942e-01 9.7855e-01 -9.0743e-01 -8.8591e-01 -9.1322e-01 -9.1322e-01 -9.1322e-01 -9.2296e-01 9.9731e-01 9.9465e-01 1.0000e+00 9.9731e-01 -9.2296e-01 -9.2296e-01 1.0000e+00 9.6277e-01 5.0452e-01 9.1305e-01 -8.2459e-01 8.8700e-01 -8.2899e-01 -8.2899e-01 -5.5209e-01 -3.9461e-01
-3.1788e-02 -1.9908e-02 -2.2361e-02 -6.0334e-02 -9.1149e-02 -8.3207e-02 -8.3207e-02 -6.0334e-02 -6.0334e-02 -6.0334e-02 5.0750e-01 5.0750e-01 -4.2059e-01 5.0292e-01 -4.2283e-01 -4.2283e-01 -6.9605e-01 2.1050e-01 -4.0985e-01 6.7436e-01 -6.8589e-01 -5.9789e-01 -5.9789e-01 -8.3589e-01 -5.9652e-01 -5.9789e-01 8.9624e-01 -5.9927e-01 -8.2193e-01 9.8123e-01 -9.0493e-01 -8.8348e-01 -9.1074e-01 -9.1074e-01 -9.1074e-01 -9.2048e-01 1.0000e+00 9.9197e-01 9.9731e-01 1.0000e+00 -9.2048e-01 -9.2048e-01 9.9731e-01 9.6543e-01 5.0589e-01 9.1559e-01 -8.2197e-01 8.8954e-01 -8.2636e-01 -8.2636e-01 -5.5009e-01 -3.9208e-01
2.7945e-02 1.2588e-02 1.4649e-02 4.5900e-02 7.2874e-02 6.5667e-02 6.5667e-02 4.5900e-02 4.5900e-02 4.5900e-02 -4.7893e-01 -4.7893e-01 4.4766e-01 -4.7969e-01 4.5009e-01 4.5009e-01 6.6392e-01 -1.9239e-01 3.5041e-01 -6.2551e-01 7.5598e-01 6.4661e-01 6.4661e-01 9.0435e-01 6.4512e-01 6.4661e-01 -8.4846e-01 6.4357e-01 8.8921e-01 -9.0211e-01 9.7509e-01 9.6109e-01 9.8013e-01 9.8013e-01 9.8013e-01 1.0000e+00 -9.2048e-01 -9.2793e-01 -9.2296e-01 -9.2048e-01 1.0000e+00 1.0000e+00 -9.2296e-01 -8.8650e-01 -4.6531e-01 -8.4035e-01 8.8542e-01 -8.1941e-01 8.8018e-01 8.8018e-01 5.9547e-01 3.4628e-01
2.7945e-02 1.2588e-02 1.4649e-02 4.5900e-02 7.2874e-02 6.5667e-02 6.5667e-02 4.5900e-02 4.5900e-02 4.5900e-02 -4.7893e-01 -4.7893e-01 4.4766e-01 -4.7969e-01 4.5009e-01 4.5009e-01 6.6392e-01 -1.9239e-01 3.5041e-01 -6.2551e-01 7.5598e-01 6.4661e-01 6.4661e-01 9.0435e-01 6.4512e-01 6.4661e-01 -8.4846e-01 6.4357e-01 8.8921e-01 -9.0211e-01 9.7509e-01 9.6109e-01 9.8013e-01 9.8013e-01 9.8013e-01 1.0000e+00 -9.2048e-01 -9.2793e-01 -9.2296e-01 -9.2048e-01 1.0000e+00 1.0000e+00 -9.2296e-01 -8.8650e-01 -4.6531e-01 -8.4035e-01 8.8542e-01 -8.1941e-01 8.8018e-01 8.8018e-01 5.9547e-01 3.4628e-01
-2.9024e-02 -1.7004e-02 -1.9441e-02 -6.1249e-02 -9.2176e-02 -7.8052e-02 -7.8052e-02 -6.1249e-02 -6.1249e-02 -6.1249e-02 5.0562e-01 5.0562e-01 -4.2229e-01 5.0674e-01 -4.2453e-01 -4.2453e-01 -6.9998e-01 2.0989e-01 -4.0729e-01 6.7218e-01 -6.8373e-01 -5.9985e-01 -5.9985e-01 -8.3338e-01 -5.9848e-01 -5.9985e-01 8.9373e-01 -5.9652e-01 -8.1942e-01 9.7855e-01 -9.0743e-01 -8.8591e-01 -9.1322e-01 -9.1322e-01 -9.1322e-01 -9.2296e-01 9.9731e-01 9.9465e-01 1.0000e+00 9.9731e-01 -9.2296e-01 -9.2296e-01 1.0000e+00 9.6277e-01 5.0452e-01 9.1305e-01 -8.2459e-01 8.8700e-01 -8.2899e-01 -8.2899e-01 -5.5209e-01 -3.9461e-01
-3.1193e-02 -1.3841e-02 -1.6200e-02 -6.0393e-02 -8.6794e-02 -8.3740e-02 -8.3740e-02 -6.0393e-02 -6.0393e-02 -6.0393e-02 4.8320e-01 4.8320e-01 -3.8658e-01 4.7865e-01 -3.8886e-01 -3.8886e-01 -6.7003e-01 2.0629e-01 -3.7822e-01 6.4287e-01 -6.5429e-01 -5.6491e-01 -5.6491e-01 -8.0283e-01 -5.6353e-01 -5.6491e-01 8.6266e-01 -5.6630e-01 -7.8897e-01 9.4683e-01 -8.7110e-01 -8.4976e-01 -8.7684e-01 -8.7684e-01 -8.7684e-01 -8.8650e-01 9.6543e-01 9.5747e-01 9.6277e-01 9.6543e-01 -8.8650e-01 -8.8650e-01 9.6277e-01 1.0000e+00 4.9643e-01 9.4138e-01 -8.4542e-01 9.1473e-01 -8.4990e-01 -8.4990e-01 -5.6873e-01 -4.0494e-01
-4.5972e-02 -5.3112e-02 -5.9544e-02 3.6484e-02 2.7243e-03 2.2006e-02 2.2006e-02 3.6484e-02 3.6484e-02 3.6484e-02 4.6385e-01 4.6385e-01 -2.4354e-01 4.6077e-01 -2.4469e-01 -2.4469e-01 -5.0232e-01 -4.0503e-02 -2.8625e-01 4.4355e-01 -4.3557e-01 -2.9111e-01 -2.9111e-01 -4.3058e-01 -2.9041e-01 -2.9111e-01 4.6165e-01 -2.9181e-01 -4.2339e-01 5.0179e-01 -4.6531e-01 -4.5165e-01 -4.6298e-01 -4.6298e-01 -4.6298e-01 -4.6531e-01 5.0589e-01 5.0179e-01 5.0452e-01 5.0589e-01 -4.6531e-01 -4.6531e-01 5.0452e-01 4.9643e-01 1.0000e+00 5.2731e-01 -4.7358e-01 5.1311e-01 -4.7596e-01 -4.7596e-01 -3.2585e-01 -1.1855e-01
-4.2774e-02 -2.7208e-02 -2.9785e-02 -5.8448e-02 -8.1810e-02 -8.0781e-02 -8.0781e-02 -5.8448e-02 -5.8448e-02 -5.8448e-02 4.1455e-01 4.1455e-01 -3.5828e-01 4.1036e-01 -3.6047e-01 -3.6047e-01 -5.9974e-01 2.1615e-01 -3.4322e-01 5.8784e-01 -5.9810e-01 -5.3249e-01 -5.3249e-01 -7.5686e-01 -5.3117e-01 -5.3249e-01 8.1375e-01 -5.3381e-01 -7.4367e-01 8.9712e-01 -8.2460e-01 -8.0461e-01 -8.3079e-01 -8.3079e-01 -8.3079e-01 -8.4035e-01 9.1559e-01 9.0800e-01 9.1305e-01 9.1559e-01 -8.4035e-01 -8.4035e-01 9.1305e-01 9.4138e-01 5.2731e-01 1.0000e+00 -8.9812e-01 9.7308e-01 -9.0262e-01 -9.0262e-01 -6.2254e-01 -3.7887e-01
4.1473e-02 2.1702e-02 2.3771e-02 5.8132e-02 7.8450e-02 7.7408e-02 7.7408e-02 5.8132e-02 5.8132e-02 5.8132e-02 -3.7984e-01 -3.7984e-01 3.6309e-01 -3.8096e-01 3.6552e-01 3.6552e-01 5.4879e-01 -1.9239e-01 2.6492e-01 -5.1904e-01 6.3216e-01 5.7870e-01 5.7870e-01 7.8699e-01 5.7724e-01 5.7870e-01 -7.3768e-01 5.7564e-01 8.0818e-01 -8.0401e-01 8.6051e-01 8.9224e-01 8.6580e-01 8.6580e-01 8.6580e-01 8.8542e-01 -8.2197e-01 -8.2983e-01 -8.2459e-01 -8.2197e-01 8.8542e-01 8.8542e-01 -8.2459e-01 -8.4542e-01 -4.7358e-01 -8.9812e-01 1.0000e+00 -9.2296e-01 9.9502e-01 9.9502e-01 6.9040e-01 3.4165e-01
-3.3710e-02 -1.7004e-02 -1.9441e-02 -6.7606e-02 -8.6381e-02 -9.0254e-02 -9.0254e-02 -6.7606e-02 -6.7606e-02 -6.7606e-02 4.0837e-01 4.0837e-01 -3.4365e-01 4.0413e-01 -3.4590e-01 -3.4590e-01 -5.8033e-01 2.0989e-01 -3.1844e-01 5.6706e-01 -5.8302e-01 -5.4339e-01 -5.4339e-01 -7.3793e-01 -5.4204e-01 -5.4339e-01 7.8957e-01 -5.4475e-01 -7.6152e-01 8.7123e-01 -8.0388e-01 -8.2969e-01 -8.0990e-01 -8.0990e-01 -8.0990e-01 -8.1941e-01 8.8954e-01 8.8196e-01 8.8700e-01 8.8954e-01 -8.1941e-01 -8.1941e-01 8.8700e-01 9.1473e-01 5.1311e-01 9.7308e-01 -9.2296e-01 1.0000e+00 -9.2758e-01 -9.2758e-01 -6.4136e-01 -3.9461e-01
4.2295e-02 2.2732e-02 2.4824e-02 5.6338e-02 7.6405e-02 7.5535e-02 7.5535e-02 5.6338e-02 5.6338e-02 5.6338e-02 -3.7194e-01 -3.7194e-01 3.5951e-01 -3.7311e-01 3.6193e-01 3.6193e-01 5.4060e-01 -1.9344e-01 2.6034e-01 -5.1195e-01 6.2515e-01 5.8371e-01 5.8371e-01 7.9138e-01 5.8226e-01 5.8371e-01 -7.4180e-01 5.8064e-01 8.1266e-01 -8.0837e-01 8.6520e-01 8.8723e-01 8.7052e-01 8.7052e-01 8.7052e-01 8.8018e-01 -8.2636e-01 -8.2390e-01 -8.2899e-01 -8.2636e-01 8.8018e-01 8.8018e-01 -8.2899e-01 -8.4990e-01 -4.7596e-01 -9.0262e-01 9.9502e-01 -9.2758e-01 1.0000e+00 1.0000e+00 6.8664e-01 3.4578e-01
4.2295e-02 2.2732e-02 2.4824e-02 5.6338e-02 7.6405e-02 7.5535e-02 7.5535e-02 5.6338e-02 5.6338e-02 5.6338e-02 -3.7194e-01 -3.7194e-01 3.5951e-01 -3.7311e-01 3.6193e-01 3.6193e-01 5.4060e-01 -1.9344e-01 2.6034e-01 -5.1195e-01 6.2515e-01 5.8371e-01 5.8371e-01 7.9138e-01 5.8226e-01 5.8371e-01 -7.4180e-01 5.8064e-01 8.1266e-01 -8.0837e-01 8.6520e-01 8.8723e-01 8.7052e-01 8.7052e-01 8.7052e-01 8.8018e-01 -8.2636e-01 -8.2390e-01 -8.2899e-01 -8.2636e-01 8.8018e-01 8.8018e-01 -8.2899e-01 -8.4990e-01 -4.7596e-01 -9.0262e-01 9.9502e-01 -9.2758e-01 1.0000e+00 1.0000e+00 6.8664e-01 3.4578e-01
2.4901e-02 2.8726e-02 2.9476e-02 1.4528e-01 1.7963e-01 1.7148e-01 1.7148e-01 1.4528e-01 1.4528e-01 1.4528e-01 -1.9783e-01 -1.9783e-01 5.1540e-01 -2.0298e-01 5.1871e-01 5.1871e-01 3.5045e-01 -1.5074e-01 4.6555e-01 -3.1088e-01 4.2130e-01 7.9054e-01 7.9054e-01 5.3235e-01 7.9266e-01 7.9465e-01 -4.9722e-01 7.9253e-01 5.4916e-01 -5.3735e-01 5.7739e-01 6.0145e-01 5.8141e-01 5.8141e-01 5.8141e-01 5.9547e-01 -5.5009e-01 -5.5609e-01 -5.5209e-01 -5.5009e-01 5.9547e-01 5.9547e-01 -5.5209e-01 -5.6873e-01 -3.2585e-01 -6.2254e-01 6.9040e-01 -6.4136e-01 6.8664e-01 6.8664e-01 1.0000e+00 3.2709e-01
-1.2918e-03 2.0852e-02 1.7802e-02 1.8017e-02 1.7446e-02 1.7467e-03 1.7467e-03 1.8017e-02 1.8017e-02 1.8017e-02 -2.7684e-01 -2.7684e-01 2.5019e-01 -2.8237e-01 2.5317e-01 2.5317e-01 2.7517e-01 -1.2348e-01 1.7474e-01 -2.5172e-01 2.7724e-01 3.0841e-01 3.0841e-01 3.3207e-01 3.0678e-01 3.0841e-01 -3.7117e-01 3.0584e-01 3.4761e-01 -3.8526e-01 3.4165e-01 3.5856e-01 3.4216e-01 3.4216e-01 3.4216e-01 3.4628e-01 -3.9208e-01 -3.9006e-01 -3.9461e-01 -3.9208e-01 3.4628e-01 3.4628e-01 -3.9461e-01 -4.0494e-01 -1.1855e-01 -3.7887e-01 3.4165e-01 -3.9461e-01 3.4578e-01 3.4578e-01 3.2709e-01 1.0000e+00
