1.0000e+00 -1.9069e-01 -2.3630e-02 7.0970e-02 3.0710e-02 -1.8267e-02 3.5065e-02 -4.5509e-03 -4.5509e-03 -5.0075e-03 -4.5509e-03 -9.9407e-03 -2.8048e-02 -2.5782e-02 -1.2321e-02 -3.5525e-02 2.5638e-02 2.5638e-02 -3.6423e-02 2.5638e-02 -3.6423e-02 4.1079e-02 -3.7079e-02 -3.7079e-02 5.4471e-02 4.6916e-02 5.4471e-02 -3.6423e-02 4.2609e-02 -3.6423e-02 -3.6423e-02 -4.9462e-02 9.5509e-02 9.2152e-02 -9.8646e-02 7.4270e-02 7.4270e-02 7.4270e-02 7.4270e-02 -1.0038e-01 7.4270e-02 -9.9862e-02 9.0816e-02 4.0346e-02 7.4270e-02 7.4270e-02 7.2257e-02 7.2925e-02 -6.5668e-02 -6.4761e-02 -6.5215e-02 -6.5668e-02 6.2526e-02 -6.5215e-02 6.2319e-02 -5.5675e-02 4.6180e-02 4.5715e-02 6.9255e-02 -6.8390e-02 3.8202e-02 -6.0305e-02 -6.0305e-02 -5.9849e-02 -5.9849e-02 -5.9849e-02
-1.9069e-01 1.0000e+00 3.5170e-02 -7.2033e-02 3.3483e-02 -1.4415e-02 4.7685e-02 -7.6326e-03 -7.6326e-03 4.9027e-02 -7.6326e-03 5.9162e-03 7.4453e-02 6.8981e-02 -4.0075e-02 -2.5691e-02 6.7370e-02 6.7370e-02 5.2424e-02 6.7370e-02 5.2424e-02 6.9580e-02 5.4251e-02 5.4251e-02 9.4221e-02 9.0800e-02 9.4221e-02 5.2424e-02 7.0851e-02 5.2424e-02 5.2424e-02 -1.0511e-01 3.0056e-02 1.7740e-02 1.4590e-02 -2.4230e-02 -2.4230e-02 -2.4230e-02 -2.4230e-02 2.5787e-02 -2.4230e-02 2.9272e-02 -8.4919e-03 2.0248e-02 -2.4230e-02 -2.4230e-02 -1.9998e-02 -2.1404e-02 1.1032e-01 1.1269e-01 1.1383e-01 1.1032e-01 -3.1348e-02 1.1383e-01 -4.0330e-02 1.0864e-01 -1.2686e-01 -1.3030e-01 -3.7959e-02 1.1250e-01 -1.2457e-01 1.1014e-01 1.1014e-01 1.0901e-01 1.0901e-01 1.0901e-01
-2.3630e-02 3.5170e-02 1.0000e+00 6.1361e-02 1.6560e-01 5.1278e-01 1.1625e-01 6.2760e-02 6.2760e-02 8.4379e-02 6.2760e-02 5.9556e-02 1.3267e-01 1.3670e-01 1.0813e-01 -2.4833e-02 2.8587e-02 2.8587e-02 1.1869e-01 2.8587e-02 1.1869e-01 2.7250e-02 1.1765e-01 1.1765e-01 5.8067e-02 5.8736e-02 5.8067e-02 1.1869e-01 2.7917e-02 1.1869e-01 1.1869e-01 -4.4099e-02 -4.5185e-02 -4.5823e-02 -3.9879e-02 8.9359e-02 8.9359e-02 8.9359e-02 8.9359e-02 -6.2371e-02 8.9359e-02 -6.2140e-02 6.2252e-02 -3.0440e-02 8.9359e-02 8.9359e-02 8.8238e-02 8.8610e-02 -4.4754e-02 -4.4379e-02 -4.4566e-02 -4.4754e-02 8.2869e-02 -4.4566e-02 1.0161e-01 -4.0646e-02 5.5208e-02 5.5015e-02 7.5613e-02 -4.5878e-02 5.5597e-02 -4.6254e-02 -4.6254e-02 -4.6066e-02 -4.6066e-02 -4.6066e-02
7.0970e-02 -7.2033e-02 6.1361e-02 1.0000e+00 4.9463e-01 1.7117e-01 3.1019e-01 4.8017e-01 4.8017e-01 2.1156e-01 4.8017e-01 5.2450e-01 2.8927e-01 3.0089e-01 3.9241e-01 -3.1119e-01 1.9241e-01 1.9241e-01 2.4847e-01 1.9241e-01 2.4847e-01 2.1357e-01 2.4541e-01 2.4541e-01 1.6179e-01 1.4320e-01 1.6179e-01 2.4847e-01 2.1125e-01 2.4847e-01 2.4847e-01 -1.4249e-01 1.2785e-01 1.2191e-01 -2.4562e-01 1.4061e-01 1.4061e-01 1.4061e-01 1.4061e-01 -2.2378e-01 1.4061e-01 -2.2276e-01 2.2632e-01 1.6701e-01 1.4061e-01 1.4061e-01 1.4934e-01 1.5064e-01 -8.5250e-02 -8.3482e-02 -8.4366e-02 -8.5250e-02 1.3660e-01 -8.4366e-02 7.5506e-02 -7.6548e-02 -3.9719e-03 4.2673e-04 1.4634e-01 -7.4495e-02 -2.1699e-03 -7.6269e-02 -7.6269e-02 -7.5382e-02 -7.5382e-02 -7.5382e-02
3.0710e-02 3.3483e-02 1.6560e-01 4.9463e-01 1.0000e+00 3.4605e-01 6.0254e-01 3.8231e-01 3.8231e-01 4.5675e-01 3.8231e-01 3.7174e-01 6.6417e-01 6.8096e-01 5.4721e-01 -2.3804e-01 1.9965e-01 1.9965e-01 5.7195e-01 1.9965e-01 5.7195e-01 2.3485e-01 5.6790e-01 5.6790e-01 2.0923e-01 1.7291e-01 2.0923e-01 5.7195e-01 2.3664e-01 5.7195e-01 5.7195e-01 -2.0492e-01 2.1017e-01 2.0588e-01 -2.6977e-01 3.4767e-02 3.4767e-02 3.4767e-02 3.4767e-02 -2.1944e-01 3.4767e-02 -2.1889e-01 2.5178e-01 3.6794e-01 3.4767e-02 3.4767e-02 3.3020e-02 3.3601e-02 -1.4343e-01 -1.4262e-01 -1.4303e-01 -1.4343e-01 2.4547e-02 -1.4303e-01 -5.2465e-03 -1.3461e-01 8.2243e-02 8.1806e-02 1.9212e-01 -1.4586e-01 8.3118e-02 -1.4668e-01 -1.4668e-01 -1.4627e-01 -1.4627e-01 -1.4627e-01
-1.8267e-02 -1.4415e-02 5.1278e-01 1.7117e-01 3.4605e-01 1.0000e+00 2.0851e-01 1.3992e-01 1.3992e-01 1.6650e-01 1.3992e-01 1.3615e-01 2.8769e-01 2.9472e-01 2.4562e-01 -9.9000e-02 1.0265e-01 1.0265e-01 2.6353e-01 1.0265e-01 2.6353e-01 1.0134e-01 2.6176e-01 2.6176e-01 9.2059e-02 9.2627e-02 9.2059e-02 2.6353e-01 1.0199e-01 2.6353e-01 2.6353e-01 -8.0603e-02 -3.4930e-02 -3.5423e-02 -1.1420e-01 1.4309e-01 1.4309e-01 1.4309e-01 1.4309e-01 -9.5738e-02 1.4309e-01 -9.5540e-02 1.1499e-01 -2.3532e-02 1.4309e-01 1.4309e-01 1.4188e-01 1.4228e-01 -6.5980e-02 -6.5711e-02 -6.5845e-02 -6.5980e-02 1.3615e-01 -6.5845e-02 1.5648e-01 -6.3062e-02 7.3701e-02 7.3554e-02 1.2854e-01 -6.6791e-02 7.3995e-02 -6.7063e-02 -6.7063e-02 -6.6927e-02 -6.6927e-02 -6.6927e-02
3.5065e-02 4.7685e-02 1.1625e-01 3.1019e-01 6.0254e-01 2.0851e-01 1.0000e+00 6.4947e-01 6.4947e-01 7.7462e-01 6.4947e-01 6.3172e-01 5.0644e-01 4.9690e-01 4.0303e-01 -2.4893e-01 2.0732e-01 2.0732e-01 3.9728e-01 2.0732e-01 3.9728e-01 2.3357e-01 3.9367e-01 3.9367e-01 1.8809e-01 1.6579e-01 1.8809e-01 3.9728e-01 2.2994e-01 3.9728e-01 3.9728e-01 -1.6716e-01 1.6563e-01 1.6021e-01 -2.9861e-01 -6.2915e-02 -6.2915e-02 -6.2915e-02 -6.2915e-02 -2.1630e-01 -6.2915e-02 -2.1545e-01 1.5063e-01 3.4698e-01 -6.2915e-02 -6.2915e-02 -6.5260e-02 -6.4480e-02 -1.8073e-01 -1.7935e-01 -1.8004e-01 -1.8073e-01 -6.9663e-02 -1.8004e-01 -8.4337e-02 -1.7184e-01 1.4005e-01 1.3933e-01 1.0676e-01 -1.7256e-01 1.4150e-01 -1.7395e-01 -1.7395e-01 -1.7325e-01 -1.7325e-01 -1.7325e-01
-4.5509e-03 -7.6326e-03 6.2760e-02 4.8017e-01 3.8231e-01 1.3992e-01 6.4947e-01 1.0000e+00 1.0000e+00 8.4036e-01 1.0000e+00 9.7308e-01 4.5831e-01 4.5565e-01 5.3693e-01 -4.2239e-01 2.9456e-01 2.9456e-01 3.6618e-01 2.9456e-01 3.6618e-01 3.1587e-01 3.6209e-01 3.6209e-01 2.4368e-01 2.2823e-01 2.4368e-01 3.6618e-01 3.0523e-01 3.6618e-01 3.6618e-01 -1.6759e-01 5.7086e-02 5.0741e-02 -3.3648e-01 8.4773e-03 8.4773e-03 8.4773e-03 8.4773e-03 -2.8608e-01 8.4773e-03 -2.8483e-01 1.5865e-01 2.5354e-01 8.4773e-03 8.4773e-03 4.5130e-03 5.8303e-03 -1.7218e-01 -1.7007e-01 -1.7112e-01 -1.7218e-01 -9.3315e-03 -1.7112e-01 -3.8051e-02 -1.6324e-01 1.1807e-01 1.1698e-01 1.0151e-01 -1.5957e-01 1.2025e-01 -1.6170e-01 -1.6170e-01 -1.6063e-01 -1.6063e-01 -1.6063e-01
-4.5509e-03 -7.6326e-03 6.2760e-02 4.8017e-01 3.8231e-01 1.3992e-01 6.4947e-01 1.0000e+00 1.0000e+00 8.4036e-01 1.0000e+00 9.7308e-01 4.5831e-01 4.5565e-01 5.3693e-01 -4.2239e-01 2.9456e-01 2.9456e-01 3.6618e-01 2.9456e-01 3.6618e-01 3.1587e-01 3.6209e-01 3.6209e-01 2.4368e-01 2.2823e-01 2.4368e-01 3.6618e-01 3.0523e-01 3.6618e-01 3.6618e-01 -1.6759e-01 5.7086e-02 5.0741e-02 -3.3648e-01 8.4773e-03 8.4773e-03 8.4773e-03 8.4773e-03 -2.8608e-01 8.4773e-03 -2.8483e-01 1.5865e-01 2.5354e-01 8.4773e-03 8.4773e-03 4.5130e-03 5.8303e-03 -1.7218e-01 -1.7007e-01 -1.7112e-01 -1.7218e-01 -9.3315e-03 -1.7112e-01 -3.8051e-02 -1.6324e-01 1.1807e-01 1.1698e-01 1.0151e-01 -1.5957e-01 1.2025e-01 -1.6170e-01 -1.6170e-01 -1.6063e-01 -1.6063e-01 -1.6063e-01
-5.0075e-03 4.9027e-02 8.4379e-02 2.1156e-01 4.5675e-01 1.6650e-01 7.7462e-01 8.4036e-01 8.4036e-01 1.0000e+00 8.4036e-01 8.1774e-01 5.4768e-01 5.4378e-01 4.6038e-01 -3.4291e-01 2.9760e-01 2.9760e-01 4.3004e-01 2.9760e-01 4.3004e-01 3.1776e-01 4.2591e-01 4.2591e-01 2.5747e-01 2.3944e-01 2.5747e-01 4.3004e-01 3.1039e-01 4.3004e-01 4.3004e-01 -1.9279e-01 1.3005e-01 1.2397e-01 -3.4461e-01 -5.9403e-02 -5.9403e-02 -5.9403e-02 -5.9403e-02 -2.6674e-01 -5.9403e-02 -2.6568e-01 1.2974e-01 3.0722e-01 -5.9403e-02 -5.9403e-02 -6.2429e-02 -6.1423e-02 -1.9094e-01 -1.8919e-01 -1.9007e-01 -1.9094e-01 -7.1182e-02 -1.9007e-01 -6.6878e-02 -1.8235e-01 1.6682e-01 1.6591e-01 1.0179e-01 -1.8043e-01 1.6864e-01 -1.8219e-01 -1.8219e-01 -1.8131e-01 -1.8131e-01 -1.8131e-01
-4.5509e-03 -7.6326e-03 6.2760e-02 4.8017e-01 3.8231e-01 1.3992e-01 6.4947e-01 1.0000e+00 1.0000e+00 8.4036e-01 1.0000e+00 9.7308e-01 4.5831e-01 4.5565e-01 5.3693e-01 -4.2239e-01 2.9456e-01 2.9456e-01 3.6618e-01 2.9456e-01 3.6618e-01 3.1587e-01 3.6209e-01 3.6209e-01 2.4368e-01 2.2823e-01 2.4368e-01 3.6618e-01 3.0523e-01 3.6618e-01 3.6618e-01 -1.6759e-01 5.7086e-02 5.0741e-02 -3.3648e-01 8.4773e-03 8.4773e-03 8.4773e-03 8.4773e-03 -2.8608e-01 8.4773e-03 -2.8483e-01 1.5865e-01 2.5354e-01 8.4773e-03 8.4773e-03 4.5130e-03 5.8303e-03 -1.7218e-01 -1.7007e-01 -1.7112e-01 -1.7218e-01 -9.3315e-03 -1.7112e-01 -3.8051e-02 -1.6324e-01 1.1807e-01 1.1698e-01 1.0151e-01 -1.5957e-01 1.2025e-01 -1.6170e-01 -1.6170e-01 -1.6063e-01 -1.6063e-01 -1.6063e-01
-9.9407e-03 5.9162e-03 5.9556e-02 5.2450e-01 3.7174e-01 1.3615e-01 6.3172e-01 9.7308e-01 9.7308e-01 8.1774e-01 9.7308e-01 1.0000e+00 4.4561e-01 4.4314e-01 5.2205e-01 -4.1263e-01 2.9219e-01 2.9219e-01 3.5421e-01 2.9219e-01 3.5421e-01 3.1291e-01 3.5013e-01 3.5013e-01 2.3956e-01 2.2447e-01 2.3956e-01 3.5421e-01 3.0256e-01 3.5421e-01 3.5421e-01 -1.6614e-01 5.8194e-02 5.1679e-02 -3.3595e-01 1.2410e-02 1.2410e-02 1.2410e-02 1.2410e-02 -2.8225e-01 1.2410e-02 -2.8097e-01 1.5581e-01 2.4293e-01 1.2410e-02 1.2410e-02 1.9317e-02 2.0693e-02 -1.7071e-01 -1.6853e-01 -1.6962e-01 -1.7071e-01 4.5464e-03 -1.6962e-01 -3.7329e-02 -1.6087e-01 1.0599e-01 1.0487e-01 9.6601e-02 -1.5855e-01 1.0824e-01 -1.6074e-01 -1.6074e-01 -1.5965e-01 -1.5965e-01 -1.5965e-01
-2.8048e-02 7.4453e-02 1.3267e-01 2.8927e-01 6.6417e-01 2.8769e-01 5.0644e-01 4.5831e-01 4.5831e-01 5.4768e-01 4.5831e-01 4.4561e-01 1.0000e+00 9.7613e-01 7.8475e-01 -2.9517e-01 3.0740e-01 3.0740e-01 8.1359e-01 3.0740e-01 8.1359e-01 3.0301e-01 8.0801e-01 8.0801e-01 2.7177e-01 2.7369e-01 2.7177e-01 8.1359e-01 3.0519e-01 8.1359e-01 8.1359e-01 -2.4055e-01 3.0123e-01 2.9563e-01 -3.3729e-01 8.1227e-02 8.1227e-02 8.1227e-02 8.1227e-02 -2.6800e-01 8.1227e-02 -2.6734e-01 3.2280e-01 4.1648e-01 8.1227e-02 8.1227e-02 7.8945e-02 7.9703e-02 -1.8924e-01 -1.8828e-01 -1.8876e-01 -1.8924e-01 6.7911e-02 -1.8876e-01 4.5972e-02 -1.7877e-01 1.6897e-01 1.6845e-01 3.1245e-01 -1.9213e-01 1.7000e-01 -1.9310e-01 -1.9310e-01 -1.9262e-01 -1.9262e-01 -1.9262e-01
-2.5782e-02 6.8981e-02 1.3670e-01 3.0089e-01 6.8096e-01 2.9472e-01 4.9690e-01 4.5565e-01 4.5565e-01 5.4378e-01 4.5565e-01 4.4314e-01 9.7613e-01 1.0000e+00 7.9111e-01 -3.0258e-01 3.0625e-01 3.0625e-01 8.0450e-01 3.0625e-01 8.0450e-01 3.0194e-01 7.9900e-01 7.9900e-01 2.7132e-01 2.7320e-01 2.7132e-01 8.0450e-01 3.0408e-01 8.0450e-01 8.0450e-01 -2.4112e-01 3.0229e-01 2.9675e-01 -3.3525e-01 7.9856e-02 7.9856e-02 7.9856e-02 7.9856e-02 -2.6696e-01 7.9856e-02 -2.6631e-01 3.2036e-01 4.1445e-01 7.9856e-02 7.9856e-02 7.7626e-02 7.8367e-02 -1.9111e-01 -1.9017e-01 -1.9064e-01 -1.9111e-01 6.6843e-02 -1.9064e-01 4.2781e-02 -1.8094e-01 1.6910e-01 1.6859e-01 3.0809e-01 -1.9392e-01 1.7011e-01 -1.9486e-01 -1.9486e-01 -1.9439e-01 -1.9439e-01 -1.9439e-01
-1.2321e-02 -4.0075e-02 1.0813e-01 3.9241e-01 5.4721e-01 2.4562e-01 4.0303e-01 5.3693e-01 5.3693e-01 4.6038e-01 5.3693e-01 5.2205e-01 7.8475e-01 7.9111e-01 1.0000e+00 -3.8878e-01 2.2331e-01 2.2331e-01 7.2708e-01 2.2331e-01 7.2708e-01 2.2583e-01 7.2182e-01 7.2182e-01 1.8487e-01 1.8697e-01 1.8487e-01 7.2708e-01 2.2097e-01 7.2708e-01 7.2708e-01 -1.4781e-01 2.1845e-01 2.1313e-01 -2.6352e-01 1.9350e-01 1.9350e-01 1.9350e-01 1.9350e-01 -3.3308e-01 1.9350e-01 -3.3230e-01 3.9337e-01 3.6522e-01 1.9350e-01 1.9350e-01 1.9037e-01 1.9141e-01 -2.2650e-01 -2.2538e-01 -2.2594e-01 -2.2650e-01 1.7535e-01 -2.2594e-01 1.7510e-01 -2.1428e-01 2.0984e-01 2.0924e-01 3.9790e-01 -2.2288e-01 2.1106e-01 -2.2401e-01 -2.2401e-01 -2.2344e-01 -2.2344e-01 -2.2344e-01
-3.5525e-02 -2.5691e-02 -2.4833e-02 -3.1119e-01 -2.3804e-01 -9.9000e-02 -2.4893e-01 -4.2239e-01 -4.2239e-01 -3.4291e-01 -4.2239e-01 -4.1263e-01 -2.9517e-01 -3.0258e-01 -3.8878e-01 1.0000e+00 -7.8979e-01 -7.8979e-01 -3.1510e-01 -7.8979e-01 -3.1510e-01 -7.9862e-01 -3.1799e-01 -3.1799e-01 -7.0121e-01 -6.9006e-01 -7.0121e-01 -3.1510e-01 -7.9633e-01 -3.1510e-01 -3.1510e-01 5.5179e-01 -3.4678e-01 -3.3537e-01 5.6271e-01 -2.4180e-01 -2.4180e-01 -2.4180e-01 -2.4180e-01 4.3508e-01 -2.4180e-01 4.3749e-01 -3.1724e-01 -1.6735e-01 -2.4180e-01 -2.4180e-01 -2.3514e-01 -2.3735e-01 2.1419e-01 2.1533e-01 2.1684e-01 2.1419e-01 -2.0772e-01 2.1684e-01 -1.8965e-01 2.4376e-01 -1.6204e-01 -1.6050e-01 -2.6981e-01 2.0666e-01 -1.6512e-01 2.0968e-01 2.0968e-01 2.0817e-01 2.0817e-01 2.0817e-01
2.5638e-02 6.7370e-02 2.8587e-02 1.9241e-01 1.9965e-01 1.0265e-01 2.0732e-01 2.9456e-01 2.9456e-01 2.9760e-01 2.9456e-01 2.9219e-01 3.0740e-01 3.0625e-01 2.2331e-01 -7.8979e-01 1.0000e+00 1.0000e+00 3.8951e-01 1.0000e+00 3.8951e-01 9.8723e-01 3.9215e-01 3.9215e-01 8.9263e-01 8.9816e-01 8.9263e-01 3.8951e-01 9.8929e-01 3.8951e-01 3.8951e-01 -7.3557e-01 4.9829e-01 4.8578e-01 -7.0307e-01 2.6803e-01 2.6803e-01 2.6803e-01 2.6803e-01 -4.6760e-01 2.6803e-01 -4.7009e-01 3.3942e-01 1.6472e-01 2.6803e-01 2.6803e-01 2.6144e-01 2.6363e-01 -1.9883e-01 -2.0011e-01 -2.0156e-01 -1.9883e-01 2.3447e-01 -2.0156e-01 1.9843e-01 -2.4276e-01 1.5081e-01 1.4933e-01 2.9352e-01 -1.9501e-01 1.5379e-01 -1.9793e-01 -1.9793e-01 -1.9647e-01 -1.9647e-01 -1.9647e-01
2.5638e-02 6.7370e-02 2.8587e-02 1.9241e-01 1.9965e-01 1.0265e-01 2.0732e-01 2.9456e-01 2.9456e-01 2.9760e-01 2.9456e-01 2.9219e-01 3.0740e-01 3.0625e-01 2.2331e-01 -7.8979e-01 1.0000e+00 1.0000e+00 3.8951e-01 1.0000e+00 3.8951e-01 9.8723e-01 3.9215e-01 3.9215e-01 8.9263e-01 8.9816e-01 8.9263e-01 3.8951e-01 9.8929e-01 3.8951e-01 3.8951e-01 -7.3557e-01 4.9829e-01 4.8578e-01 -7.0307e-01 2.6803e-01 2.6803e-01 2.6803e-01 2.6803e-01 -4.6760e-01 2.6803e-01 -4.7009e-01 3.3942e-01 1.6472e-01 2.6803e-01 2.6803e-01 2.6144e-01 2.6363e-01 -1.9883e-01 -2.0011e-01 -2.0156e-01 -1.9883e-01 2.3447e-01 -2.0156e-01 1.9843e-01 -2.4276e-01 1.5081e-01 1.4933e-01 2.9352e-01 -1.9501e-01 1.5379e-01 -1.9793e-01 -1.9793e-01 -1.9647e-01 -1.9647e-01 -1.9647e-01
-3.6423e-02 5.2424e-02 1.1869e-01 2.4847e-01 5.7195e-01 2.6353e-01 3.9728e-01 3.6618e-01 3.6618e-01 4.3004e-01 3.6618e-01 3.5421e-01 8.1359e-01 8.0450e-01 7.2708e-01 -3.1510e-01 3.8951e-01 3.8951e-01 1.0000e+00 3.8951e-01 1.0000e+00 3.8454e-01 9.9327e-01 9.9327e-01 3.4932e-01 3.5148e-01 3.4932e-01 1.0000e+00 3.8701e-01 1.0000e+00 1.0000e+00 -2.9850e-01 2.9885e-01 2.9301e-01 -4.0960e-01 1.0416e-01 1.0416e-01 1.0416e-01 1.0416e-01 -3.1820e-01 1.0416e-01 -3.2498e-01 3.5705e-01 4.3911e-01 1.0416e-01 1.0416e-01 1.0160e-01 1.0245e-01 -2.1315e-01 -2.1955e-01 -2.2007e-01 -2.1315e-01 8.9220e-02 -2.2007e-01 7.6278e-02 -2.0928e-01 1.9873e-01 1.9817e-01 3.5478e-01 -2.1630e-01 1.9987e-01 -2.1735e-01 -2.1735e-01 -2.1682e-01 -2.1682e-01 -2.1682e-01
2.5638e-02 6.7370e-02 2.8587e-02 1.9241e-01 1.9965e-01 1.0265e-01 2.0732e-01 2.9456e-01 2.9456e-01 2.9760e-01 2.9456e-01 2.9219e-01 3.0740e-01 3.0625e-01 2.2331e-01 -7.8979e-01 1.0000e+00 1.0000e+00 3.8951e-01 1.0000e+00 3.8951e-01 9.8723e-01 3.9215e-01 3.9215e-01 8.9263e-01 8.9816e-01 8.9263e-01 3.8951e-01 9.8929e-01 3.8951e-01 3.8951e-01 -7.3557e-01 4.9829e-01 4.8578e-01 -7.0307e-01 2.6803e-01 2.6803e-01 2.6803e-01 2.6803e-01 -4.6760e-01 2.6803e-01 -4.7009e-01 3.3942e-01 1.6472e-01 2.6803e-01 2.6803e-01 2.6144e-01 2.6363e-01 -1.9883e-01 -2.0011e-01 -2.0156e-01 -1.9883e-01 2.3447e-01 -2.0156e-01 1.9843e-01 -2.4276e-01 1.5081e-01 1.4933e-01 2.9352e-01 -1.9501e-01 1.5379e-01 -1.9793e-01 -1.9793e-01 -1.9647e-01 -1.9647e-01 -1.9647e-01
-3.6423e-02 5.2424e-02 1.1869e-01 2.4847e-01 5.7195e-01 2.6353e-01 3.9728e-01 3.6618e-01 3.6618e-01 4.3004e-01 3.6618e-01 3.5421e-01 8.1359e-01 8.0450e-01 7.2708e-01 -3.1510e-01 3.8951e-01 3.8951e-01 1.0000e+00 3.8951e-01 1.0000e+00 3.8454e-01 9.9327e-01 9.9327e-01 3.4932e-01 3.5148e-01 3.4932e-01 1.0000e+00 3.8701e-01 1.0000e+00 1.0000e+00 -2.9850e-01 2.9885e-01 2.9301e-01 -4.0960e-01 1.0416e-01 1.0416e-01 1.0416e-01 1.0416e-01 -3.1820e-01 1.0416e-01 -3.2498e-01 3.5705e-01 4.3911e-01 1.0416e-01 1.0416e-01 1.0160e-01 1.0245e-01 -2.1315e-01 -2.1955e-01 -2.2007e-01 -2.1315e-01 8.9220e-02 -2.2007e-01 7.6278e-02 -2.0928e-01 1.9873e-01 1.9817e-01 3.5478e-01 -2.1630e-01 1.9987e-01 -2.1735e-01 -2.1735e-01 -2.1682e-01 -2.1682e-01 -2.1682e-01
4.1079e-02 6.9580e-02 2.7250e-02 2.1357e-01 2.3485e-01 1.0134e-01 2.3357e-01 3.1587e-01 3.1587e-01 3.1776e-01 3.1587e-01 3.1291e-01 3.0301e-01 3.0194e-01 2.2583e-01 -7.9862e-01 9.8723e-01 9.8723e-01 3.8454e-01 9.8723e-01 3.8454e-01 1.0000e+00 3.8714e-01 3.8714e-01 8.9588e-01 8.8472e-01 8.9588e-01 3.8454e-01 9.9360e-01 3.8454e-01 3.8454e-01 -7.4178e-01 4.9100e-01 4.7845e-01 -7.1444e-01 2.6533e-01 2.6533e-01 2.6533e-01 2.6533e-01 -4.7705e-01 2.6533e-01 -4.7950e-01 3.5216e-01 1.9003e-01 2.6533e-01 2.6533e-01 2.5869e-01 2.6090e-01 -2.0450e-01 -2.0573e-01 -2.0720e-01 -2.0450e-01 2.3142e-01 -2.0720e-01 1.9681e-01 -2.4778e-01 1.4143e-01 1.3992e-01 2.8972e-01 -2.0084e-01 1.4444e-01 -2.0379e-01 -2.0379e-01 -2.0231e-01 -2.0231e-01 -2.0231e-01
-3.7079e-02 5.4251e-02 1.1765e-01 2.4541e-01 5.6790e-01 2.6176e-01 3.9367e-01 3.6209e-01 3.6209e-01 4.2591e-01 3.6209e-01 3.5013e-01 8.0801e-01 7.9900e-01 7.2182e-01 -3.1799e-01 3.9215e-01 3.9215e-01 9.9327e-01 3.9215e-01 9.9327e-01 3.8714e-01 1.0000e+00 9.8657e-01 3.5169e-01 3.5386e-01 3.5169e-01 9.9327e-01 3.8964e-01 9.9327e-01 9.9327e-01 -3.0062e-01 2.9551e-01 2.8968e-01 -4.0481e-01 1.0159e-01 1.0159e-01 1.0159e-01 1.0159e-01 -3.1345e-01 1.0159e-01 -3.2018e-01 3.5257e-01 4.3552e-01 1.0159e-01 1.0159e-01 9.9027e-02 9.9879e-02 -2.0766e-01 -2.1401e-01 -2.1453e-01 -2.0766e-01 8.6637e-02 -2.1453e-01 7.4038e-02 -2.0361e-01 1.9377e-01 1.9320e-01 3.5057e-01 -2.1084e-01 1.9491e-01 -2.1190e-01 -2.1190e-01 -2.1137e-01 -2.1137e-01 -2.1137e-01
-3.7079e-02 5.4251e-02 1.1765e-01 2.4541e-01 5.6790e-01 2.6176e-01 3.9367e-01 3.6209e-01 3.6209e-01 4.2591e-01 3.6209e-01 3.5013e-01 8.0801e-01 7.9900e-01 7.2182e-01 -3.1799e-01 3.9215e-01 3.9215e-01 9.9327e-01 3.9215e-01 9.9327e-01 3.8714e-01 9.8657e-01 1.0000e+00 3.5169e-01 3.5386e-01 3.5169e-01 9.9327e-01 3.8964e-01 9.9327e-01 9.9327e-01 -3.0062e-01 3.0526e-01 2.9934e-01 -4.1267e-01 1.1032e-01 1.1032e-01 1.1032e-01 1.1032e-01 -3.2092e-01 1.1032e-01 -3.2765e-01 3.6045e-01 4.3552e-01 1.1032e-01 1.1032e-01 1.0771e-01 1.0858e-01 -2.1506e-01 -2.2141e-01 -2.2194e-01 -2.1506e-01 9.5137e-02 -2.2194e-01 8.3227e-02 -2.1107e-01 1.9377e-01 1.9320e-01 3.5057e-01 -2.1084e-01 1.9491e-01 -2.1190e-01 -2.1190e-01 -2.1137e-01 -2.1137e-01 -2.1137e-01
5.4471e-02 9.4221e-02 5.8067e-02 1.6179e-01 2.0923e-01 9.2059e-02 1.8809e-01 2.4368e-01 2.4368e-01 2.5747e-01 2.4368e-01 2.3956e-01 2.7177e-01 2.7132e-01 1.8487e-01 -7.0121e-01 8.9263e-01 8.9263e-01 3.4932e-01 8.9263e-01 3.4932e-01 8.9588e-01 3.5169e-01 3.5169e-01 1.0000e+00 9.8977e-01 1.0000e+00 3.4932e-01 9.0262e-01 3.4932e-01 3.4932e-01 -8.2306e-01 4.3901e-01 4.2613e-01 -6.3240e-01 4.0240e-01 4.0240e-01 4.0240e-01 4.0240e-01 -5.6955e-01 4.0240e-01 -5.7172e-01 4.5656e-01 1.5791e-01 4.0240e-01 4.0240e-01 3.9458e-01 3.9718e-01 -2.7934e-01 -2.8023e-01 -2.8183e-01 -2.7934e-01 3.6162e-01 -2.8183e-01 3.4980e-01 -3.1824e-01 2.1470e-01 2.1305e-01 3.9669e-01 -2.6449e-01 2.1801e-01 -2.6771e-01 -2.6771e-01 -2.6610e-01 -2.6610e-01 -2.6610e-01
4.6916e-02 9.0800e-02 5.8736e-02 1.4320e-01 1.7291e-01 9.2627e-02 1.6579e-01 2.2823e-01 2.2823e-01 2.3944e-01 2.2823e-01 2.2447e-01 2.7369e-01 2.7320e-01 1.8697e-01 -6.9006e-01 8.9816e-01 8.9816e-01 3.5148e-01 8.9816e-01 3.5148e-01 8.8472e-01 3.5386e-01 3.5386e-01 9.8977e-01 1.0000e+00 9.8977e-01 3.5148e-01 8.9141e-01 3.5148e-01 3.5148e-01 -8.1359e-01 4.4222e-01 4.2936e-01 -6.1980e-01 4.0611e-01 4.0611e-01 4.0611e-01 4.0611e-01 -5.5854e-01 4.0611e-01 -5.6073e-01 4.4369e-01 1.3087e-01 4.0611e-01 4.0611e-01 3.9831e-01 4.0090e-01 -2.7039e-01 -2.7129e-01 -2.7288e-01 -2.7039e-01 3.6546e-01 -2.7288e-01 3.5317e-01 -3.0952e-01 2.2130e-01 2.1966e-01 4.0076e-01 -2.5546e-01 2.2459e-01 -2.5867e-01 -2.5867e-01 -2.5707e-01 -2.5707e-01 -2.5707e-01
5.4471e-02 9.4221e-02 5.8067e-02 1.6179e-01 2.0923e-01 9.2059e-02 1.8809e-01 2.4368e-01 2.4368e-01 2.5747e-01 2.4368e-01 2.3956e-01 2.7177e-01 2.7132e-01 1.8487e-01 -7.0121e-01 8.9263e-01 8.9263e-01 3.4932e-01 8.9263e-01 3.4932e-01 8.9588e-01 3.5169e-01 3.5169e-01 1.0000e+00 9.8977e-01 1.0000e+00 3.4932e-01 9.0262e-01 3.4932e-01 3.4932e-01 -8.2306e-01 4.3901e-01 4.2613e-01 -6.3240e-01 4.0240e-01 4.0240e-01 4.0240e-01 4.0240e-01 -5.6955e-01 4.0240e-01 -5.7172e-01 4.5656e-01 1.5791e-01 4.0240e-01 4.0240e-01 3.9458e-01 3.9718e-01 -2.7934e-01 -2.8023e-01 -2.8183e-01 -2.7934e-01 3.6162e-01 -2.8183e-01 3.4980e-01 -3.1824e-01 2.1470e-01 2.1305e-01 3.9669e-01 -2.6449e-01 2.1801e-01 -2.6771e-01 -2.6771e-01 -2.6610e-01 -2.6610e-01 -2.6610e-01
-3.6423e-02 5.2424e-02 1.1869e-01 2.4847e-01 5.7195e-01 2.6353e-01 3.9728e-01 3.6618e-01 3.6618e-01 4.3004e-01 3.6618e-01 3.5421e-01 8.1359e-01 8.0450e-01 7.2708e-01 -3.1510e-01 3.8951e-01 3.8951e-01 1.0000e+00 3.8951e-01 1.0000e+00 3.8454e-01 9.9327e-01 9.9327e-01 3.4932e-01 3.5148e-01 3.4932e-01 1.0000e+00 3.8701e-01 1.0000e+00 1.0000e+00 -2.9850e-01 2.9885e-01 2.9301e-01 -4.0960e-01 1.0416e-01 1.0416e-01 1.0416e-01 1.0416e-01 -3.1820e-01 1.0416e-01 -3.2498e-01 3.5705e-01 4.3911e-01 1.0416e-01 1.0416e-01 1.0160e-01 1.0245e-01 -2.1315e-01 -2.1955e-01 -2.2007e-01 -2.1315e-01 8.9220e-02 -2.2007e-01 7.6278e-02 -2.0928e-01 1.9873e-01 1.9817e-01 3.5478e-01 -2.1630e-01 1.9987e-01 -2.1735e-01 -2.1735e-01 -2.1682e-01 -2.1682e-01 -2.1682e-01
4.2609e-02 7.0851e-02 2.7917e-02 2.1125e-01 2.3664e-01 1.0199e-01 2.2994e-01 3.0523e-01 3.0523e-01 3.1039e-01 3.0523e-01 3.0256e-01 3.0519e-01 3.0408e-01 2.2097e-01 -7.9633e-01 9.8929e-01 9.8929e-01 3.8701e-01 9.8929e-01 3.8701e-01 9.9360e-01 3.8964e-01 3.8964e-01 9.0262e-01 8.9141e-01 9.0262e-01 3.8701e-01 1.0000e+00 3.8701e-01 3.8701e-01 -7.4486e-01 4.9462e-01 4.8210e-01 -7.1541e-01 2.5928e-01 2.5928e-01 2.5928e-01 2.5928e-01 -4.7443e-01 2.5928e-01 -4.7690e-01 3.4802e-01 1.9224e-01 2.5928e-01 2.5928e-01 2.5270e-01 2.5488e-01 -2.0375e-01 -2.0501e-01 -2.0647e-01 -2.0375e-01 2.2573e-01 -2.0647e-01 1.8983e-01 -2.4738e-01 1.4404e-01 1.4255e-01 2.8927e-01 -2.0419e-01 1.4704e-01 -2.0712e-01 -2.0712e-01 -2.0565e-01 -2.0565e-01 -2.0565e-01
-3.6423e-02 5.2424e-02 1.1869e-01 2.4847e-01 5.7195e-01 2.6353e-01 3.9728e-01 3.6618e-01 3.6618e-01 4.3004e-01 3.6618e-01 3.5421e-01 8.1359e-01 8.0450e-01 7.2708e-01 -3.1510e-01 3.8951e-01 3.8951e-01 1.0000e+00 3.8951e-01 1.0000e+00 3.8454e-01 9.9327e-01 9.9327e-01 3.4932e-01 3.5148e-01 3.4932e-01 1.0000e+00 3.8701e-01 1.0000e+00 1.0000e+00 -2.9850e-01 2.9885e-01 2.9301e-01 -4.0960e-01 1.0416e-01 1.0416e-01 1.0416e-01 1.0416e-01 -3.1820e-01 1.0416e-01 -3.2498e-01 3.5705e-01 4.3911e-01 1.0416e-01 1.0416e-01 1.0160e-01 1.0245e-01 -2.1315e-01 -2.1955e-01 -2.2007e-01 -2.1315e-01 8.9220e-02 -2.2007e-01 7.6278e-02 -2.0928e-01 1.9873e-01 1.9817e-01 3.5478e-01 -2.1630e-01 1.9987e-01 -2.1735e-01 -2.1735e-01 -2.1682e-01 -2.1682e-01 -2.1682e-01
-3.6423e-02 5.2424e-02 1.1869e-01 2.4847e-01 5.7195e-01 2.6353e-01 3.9728e-01 3.6618e-01 3.6618e-01 4.3004e-01 3.6618e-01 3.5421e-01 8.1359e-01 8.0450e-01 7.2708e-01 -3.1510e-01 3.8951e-01 3.8951e-01 1.0000e+00 3.8951e-01 1.0000e+00 3.8454e-01 9.9327e-01 9.9327e-01 3.4932e-01 3.5148e-01 3.4932e-01 1.0000e+00 3.8701e-01 1.0000e+00 1.0000e+00 -2.9850e-01 2.9885e-01 2.9301e-01 -4.0960e-01 1.0416e-01 1.0416e-01 1.0416e-01 1.0416e-01 -3.1820e-01 1.0416e-01 -3.2498e-01 3.5705e-01 4.3911e-01 1.0416e-01 1.0416e-01 1.0160e-01 1.0245e-01 -2.1315e-01 -2.1955e-01 -2.2007e-01 -2.1315e-01 8.9220e-02 -2.2007e-01 7.6278e-02 -2.0928e-01 1.9873e-01 1.9817e-01 3.5478e-01 -2.1630e-01 1.9987e-01 -2.1735e-01 -2.1735e-01 -2.1682e-01 -2.1682e-01 -2.1682e-01
-4.9462e-02 -1.0511e-01 -4.4099e-02 -1.4249e-01 -2.0492e-01 -8.0603e-02 -1.6716e-01 -1.6759e-01 -1.6759e-01 -1.9279e-01 -1.6759e-01 -1.6614e-01 -2.4055e-01 -2.4112e-01 -1.4781e-01 5.5179e-01 -7.3557e-01 -7.3557e-01 -2.9850e-01 -7.3557e-01 -2.9850e-01 -7.4178e-01 -3.0062e-01 -3.0062e-01 -8.2306e-01 -8.1359e-01 -8.2306e-01 -2.9850e-01 -7.4486e-01 -2.9850e-01 -2.9850e-01 1.0000e+00 -4.2677e-01 -4.1801e-01 6.2873e-01 -3.3520e-01 -3.3520e-01 -3.3520e-01 -3.3520e-01 5.4081e-01 -3.3520e-01 5.4269e-01 -4.0467e-01 -1.6589e-01 -3.3520e-01 -3.3520e-01 -3.3158e-01 -3.2962e-01 2.3414e-01 2.3445e-01 2.3631e-01 2.3414e-01 -3.2353e-01 2.3631e-01 -2.8993e-01 2.6629e-01 -1.4940e-01 -1.4750e-01 -3.1652e-01 2.1713e-01 -1.4921e-01 2.1684e-01 2.1684e-01 2.1497e-01 2.1497e-01 2.1497e-01
9.5509e-02 3.0056e-02 -4.5185e-02 1.2785e-01 2.1017e-01 -3.4930e-02 1.6563e-01 5.7086e-02 5.7086e-02 1.3005e-01 5.7086e-02 5.8194e-02 3.0123e-01 3.0229e-01 2.1845e-01 -3.4678e-01 4.9829e-01 4.9829e-01 2.9885e-01 4.9829e-01 2.9885e-01 4.9100e-01 2.9551e-01 3.0526e-01 4.3901e-01 4.4222e-01 4.3901e-01 2.9885e-01 4.9462e-01 2.9885e-01 2.9885e-01 -4.2677e-01 1.0000e+00 9.8607e-01 -6.6482e-01 3.1978e-01 3.1978e-01 3.1978e-01 3.1978e-01 -4.7598e-01 3.1978e-01 -4.7486e-01 5.7784e-01 4.8294e-01 3.1978e-01 3.1978e-01 3.1512e-01 3.1667e-01 -3.0888e-01 -3.0727e-01 -3.0807e-01 -3.0888e-01 3.3592e-01 -3.0807e-01 3.3052e-01 -2.9128e-01 2.6971e-01 2.6884e-01 5.5630e-01 -2.9765e-01 2.6614e-01 -2.9393e-01 -2.9393e-01 -2.9311e-01 -2.9311e-01 -2.9311e-01
9.2152e-02 1.7740e-02 -4.5823e-02 1.2191e-01 2.0588e-01 -3.5423e-02 1.6021e-01 5.0741e-02 5.0741e-02 1.2397e-01 5.0741e-02 5.1679e-02 2.9563e-01 2.9675e-01 2.1313e-01 -3.3537e-01 4.8578e-01 4.8578e-01 2.9301e-01 4.8578e-01 2.9301e-01 4.7845e-01 2.8968e-01 2.9934e-01 4.2613e-01 4.2936e-01 4.2613e-01 2.9301e-01 4.8210e-01 2.9301e-01 2.9301e-01 -4.1801e-01 9.8607e-01 1.0000e+00 -6.7421e-01 3.1115e-01 3.1115e-01 3.1115e-01 3.1115e-01 -4.8460e-01 3.1115e-01 -4.8347e-01 5.8814e-01 5.0366e-01 3.1115e-01 3.1115e-01 3.1273e-01 3.0803e-01 -3.1500e-01 -3.1336e-01 -3.1418e-01 -3.1500e-01 3.2685e-01 -3.1418e-01 3.2228e-01 -2.9716e-01 2.7197e-01 2.7109e-01 5.6269e-01 -3.0398e-01 2.6848e-01 -3.0033e-01 -3.0033e-01 -2.9950e-01 -2.9950e-01 -2.9950e-01
-9.8646e-02 1.4590e-02 -3.9879e-02 -2.4562e-01 -2.6977e-01 -1.1420e-01 -2.9861e-01 -3.3648e-01 -3.3648e-01 -3.4461e-01 -3.3648e-01 -3.3595e-01 -3.3729e-01 -3.3525e-01 -2.6352e-01 5.6271e-01 -7.0307e-01 -7.0307e-01 -4.0960e-01 -7.0307e-01 -4.0960e-01 -7.1444e-01 -4.0481e-01 -4.1267e-01 -6.3240e-01 -6.1980e-01 -6.3240e-01 -4.0960e-01 -7.1541e-01 -4.0960e-01 -4.0960e-01 6.2873e-01 -6.6482e-01 -6.7421e-01 1.0000e+00 -3.5345e-01 -3.5345e-01 -3.5345e-01 -3.5345e-01 7.1583e-01 -3.5345e-01 7.1852e-01 -5.3131e-01 -3.4786e-01 -3.5345e-01 -3.5345e-01 -3.5210e-01 -3.4915e-01 4.3906e-01 4.4096e-01 4.4218e-01 4.3906e-01 -3.5089e-01 4.4218e-01 -2.4545e-01 4.1674e-01 -3.0260e-01 -3.0128e-01 -3.9472e-01 4.3344e-01 -3.0096e-01 4.3159e-01 4.3159e-01 4.3035e-01 4.3035e-01 4.3035e-01
7.4270e-02 -2.4230e-02 8.9359e-02 1.4061e-01 3.4767e-02 1.4309e-01 -6.2915e-02 8.4773e-03 8.4773e-03 -5.9403e-02 8.4773e-03 1.2410e-02 8.1227e-02 7.9856e-02 1.9350e-01 -2.4180e-01 2.6803e-01 2.6803e-01 1.0416e-01 2.6803e-01 1.0416e-01 2.6533e-01 1.0159e-01 1.1032e-01 4.0240e-01 4.0611e-01 4.0240e-01 1.0416e-01 2.5928e-01 1.0416e-01 1.0416e-01 -3.3520e-01 3.1978e-01 3.1115e-01 -3.5345e-01 1.0000e+00 1.0000e+00 1.0000e+00 1.0000e+00 -6.6910e-01 1.0000e+00 -6.6771e-01 8.0365e-01 -1.6446e-01 1.0000e+00 1.0000e+00 9.9157e-01 9.9436e-01 -4.6112e-01 -4.5924e-01 -4.6018e-01 -4.6112e-01 9.5152e-01 -4.6018e-01 8.8457e-01 -4.4073e-01 3.2014e-01 3.1910e-01 6.7276e-01 -4.3798e-01 3.2224e-01 -4.3990e-01 -4.3990e-01 -4.3894e-01 -4.3894e-01 -4.3894e-01
7.4270e-02 -2.4230e-02 8.9359e-02 1.4061e-01 3.4767e-02 1.4309e-01 -6.2915e-02 8.4773e-03 8.4773e-03 -5.9403e-02 8.4773e-03 1.2410e-02 8.1227e-02 7.9856e-02 1.9350e-01 -2.4180e-01 2.6803e-01 2.6803e-01 1.0416e-01 2.6803e-01 1.0416e-01 2.6533e-01 1.0159e-01 1.1032e-01 4.0240e-01 4.0611e-01 4.0240e-01 1.0416e-01 2.5928e-01 1.0416e-01 1.0416e-01 -3.3520e-01 3.1978e-01 3.1115e-01 -3.5345e-01 1.0000e+00 1.0000e+00 1.0000e+00 1.0000e+00 -6.6910e-01 1.0000e+00 -6.6771e-01 8.0365e-01 -1.6446e-01 1.0000e+00 1.0000e+00 9.9157e-01 9.9436e-01 -4.6112e-01 -4.5924e-01 -4.6018e-01 -4.6112e-01 9.5152e-01 -4.6018e-01 8.8457e-01 -4.4073e-01 3.2014e-01 3.1910e-01 6.7276e-01 -4.3798e-01 3.2224e-01 -4.3990e-01 -4.3990e-01 -4.3894e-01 -4.3894e-01 -4.3894e-01
7.4270e-02 -2.4230e-02 8.9359e-02 1.4061e-01 3.4767e-02 1.4309e-01 -6.2915e-02 8.4773e-03 8.4773e-03 -5.9403e-02 8.4773e-03 1.2410e-02 8.1227e-02 7.9856e-02 1.9350e-01 -2.4180e-01 2.6803e-01 2.6803e-01 1.0416e-01 2.6803e-01 1.0416e-01 2.6533e-01 1.0159e-01 1.1032e-01 4.0240e-01 4.0611e-01 4.0240e-01 1.0416e-01 2.5928e-01 1.0416e-01 1.0416e-01 -3.3520e-01 3.1978e-01 3.1115e-01 -3.5345e-01 1.0000e+00 1.0000e+00 1.0000e+00 1.0000e+00 -6.6910e-01 1.0000e+00 -6.6771e-01 8.0365e-01 -1.6446e-01 1.0000e+00 1.0000e+00 9.9157e-01 9.9436e-01 -4.6112e-01 -4.5924e-01 -4.6018e-01 -4.6112e-01 9.5152e-01 -4.6018e-01 8.8457e-01 -4.4073e-01 3.2014e-01 3.1910e-01 6.7276e-01 -4.3798e-01 3.2224e-01 -4.3990e-01 -4.3990e-01 -4.3894e-01 -4.3894e-01 -4.3894e-01
7.4270e-02 -2.4230e-02 8.9359e-02 1.4061e-01 3.4767e-02 1.4309e-01 -6.2915e-02 8.4773e-03 8.4773e-03 -5.9403e-02 8.4773e-03 1.2410e-02 8.1227e-02 7.9856e-02 1.9350e-01 -2.4180e-01 2.6803e-01 2.6803e-01 1.0416e-01 2.6803e-01 1.0416e-01 2.6533e-01 1.0159e-01 1.1032e-01 4.0240e-01 4.0611e-01 4.0240e-01 1.0416e-01 2.5928e-01 1.0416e-01 1.0416e-01 -3.3520e-01 3.1978e-01 3.1115e-01 -3.5345e-01 1.0000e+00 1.0000e+00 1.0000e+00 1.0000e+00 -6.6910e-01 1.0000e+00 -6.6771e-01 8.0365e-01 -1.6446e-01 1.0000e+00 1.0000e+00 9.9157e-01 9.9436e-01 -4.6112e-01 -4.5924e-01 -4.6018e-01 -4.6112e-01 9.5152e-01 -4.6018e-01 8.8457e-01 -4.4073e-01 3.2014e-01 3.1910e-01 6.7276e-01 -4.3798e-01 3.2224e-01 -4.3990e-01 -4.3990e-01 -4.3894e-01 -4.3894e-01 -4.3894e-01
-1.0038e-01 2.5787e-02 -6.2371e-02 -2.2378e-01 -2.1944e-01 -9.5738e-02 -2.1630e-01 -2.8608e-01 -2.8608e-01 -2.6674e-01 -2.8608e-01 -2.8225e-01 -2.6800e-01 -2.6696e-01 -3.3308e-01 4.3508e-01 -4.6760e-01 -4.6760e-01 -3.1820e-01 -4.6760e-01 -3.1820e-01 -4.7705e-01 -3.1345e-01 -3.2092e-01 -5.6955e-01 -5.5854e-01 -5.6955e-01 -3.1820e-01 -4.7443e-01 -3.1820e-01 -3.1820e-01 5.4081e-01 -4.7598e-01 -4.8460e-01 7.1583e-01 -6.6910e-01 -6.6910e-01 -6.6910e-01 -6.6910e-01 1.0000e+00 -6.6910e-01 9.9792e-01 -8.3257e-01 -3.7548e-01 -6.6910e-01 -6.6910e-01 -6.6512e-01 -6.6321e-01 6.6446e-01 6.6164e-01 6.6305e-01 6.6446e-01 -6.5589e-01 6.6305e-01 -5.8627e-01 6.3378e-01 -5.1743e-01 -5.1587e-01 -6.9883e-01 6.3598e-01 -5.1648e-01 6.3475e-01 6.3475e-01 6.3331e-01 6.3331e-01 6.3331e-01
7.4270e-02 -2.4230e-02 8.9359e-02 1.4061e-01 3.4767e-02 1.4309e-01 -6.2915e-02 8.4773e-03 8.4773e-03 -5.9403e-02 8.4773e-03 1.2410e-02 8.1227e-02 7.9856e-02 1.9350e-01 -2.4180e-01 2.6803e-01 2.6803e-01 1.0416e-01 2.6803e-01 1.0416e-01 2.6533e-01 1.0159e-01 1.1032e-01 4.0240e-01 4.0611e-01 4.0240e-01 1.0416e-01 2.5928e-01 1.0416e-01 1.0416e-01 -3.3520e-01 3.1978e-01 3.1115e-01 -3.5345e-01 1.0000e+00 1.0000e+00 1.0000e+00 1.0000e+00 -6.6910e-01 1.0000e+00 -6.6771e-01 8.0365e-01 -1.6446e-01 1.0000e+00 1.0000e+00 9.9157e-01 9.9436e-01 -4.6112e-01 -4.5924e-01 -4.6018e-01 -4.6112e-01 9.5152e-01 -4.6018e-01 8.8457e-01 -4.4073e-01 3.2014e-01 3.1910e-01 6.7276e-01 -4.3798e-01 3.2224e-01 -4.3990e-01 -4.3990e-01 -4.3894e-01 -4.3894e-01 -4.3894e-01
-9.9862e-02 2.9272e-02 -6.2140e-02 -2.2276e-01 -2.1889e-01 -9.5540e-02 -2.1545e-01 -2.8483e-01 -2.8483e-01 -2.6568e-01 -2.8483e-01 -2.8097e-01 -2.6734e-01 -2.6631e-01 -3.3230e-01 4.3749e-01 -4.7009e-01 -4.7009e-01 -3.2498e-01 -4.7009e-01 -3.2498e-01 -4.7950e-01 -3.2018e-01 -3.2765e-01 -5.7172e-01 -5.6073e-01 -5.7172e-01 -3.2498e-01 -4.7690e-01 -3.2498e-01 -3.2498e-01 5.4269e-01 -4.7486e-01 -4.8347e-01 7.1852e-01 -6.6771e-01 -6.6771e-01 -6.6771e-01 -6.6771e-01 9.9792e-01 -6.6771e-01 1.0000e+00 -8.3084e-01 -3.7470e-01 -6.6771e-01 -6.6771e-01 -6.6372e-01 -6.6181e-01 6.6179e-01 6.6307e-01 6.6449e-01 6.6179e-01 -6.5445e-01 6.6449e-01 -5.8502e-01 6.3516e-01 -5.1507e-01 -5.1351e-01 -6.9731e-01 6.3335e-01 -5.1413e-01 6.3213e-01 6.3213e-01 6.3068e-01 6.3068e-01 6.3068e-01
9.0816e-02 -8.4919e-03 6.2252e-02 2.2632e-01 2.5178e-01 1.1499e-01 1.5063e-01 1.5865e-01 1.5865e-01 1.2974e-01 1.5865e-01 1.5581e-01 3.2280e-01 3.2036e-01 3.9337e-01 -3.1724e-01 3.3942e-01 3.3942e-01 3.5705e-01 3.3942e-01 3.5705e-01 3.5216e-01 3.5257e-01 3.6045e-01 4.5656e-01 4.4369e-01 4.5656e-01 3.5705e-01 3.4802e-01 3.5705e-01 3.5705e-01 -4.0467e-01 5.7784e-01 5.8814e-01 -5.3131e-01 8.0365e-01 8.0365e-01 8.0365e-01 8.0365e-01 -8.3257e-01 8.0365e-01 -8.3084e-01 1.0000e+00 4.5099e-01 8.0365e-01 8.0365e-01 8.0028e-01 7.9799e-01 -5.7378e-01 -5.7145e-01 -5.7261e-01 -5.7378e-01 7.9468e-01 -5.7261e-01 7.0790e-01 -5.4841e-01 4.0466e-01 4.0336e-01 8.4607e-01 -5.4613e-01 4.0296e-01 -5.4418e-01 -5.4418e-01 -5.4299e-01 -5.4299e-01 -5.4299e-01
4.0346e-02 2.0248e-02 -3.0440e-02 1.6701e-01 3.6794e-01 -2.3532e-02 3.4698e-01 2.5354e-01 2.5354e-01 3.0722e-01 2.5354e-01 2.4293e-01 4.1648e-01 4.1445e-01 3.6522e-01 -1.6735e-01 1.6472e-01 1.6472e-01 4.3911e-01 1.6472e-01 4.3911e-01 1.9003e-01 4.3552e-01 4.3552e-01 1.5791e-01 1.3087e-01 1.5791e-01 4.3911e-01 1.9224e-01 4.3911e-01 4.3911e-01 -1.6589e-01 4.8294e-01 5.0366e-01 -3.4786e-01 -1.6446e-01 -1.6446e-01 -1.6446e-01 -1.6446e-01 -3.7548e-01 -1.6446e-01 -3.7470e-01 4.5099e-01 1.0000e+00 -1.6446e-01 -1.6446e-01 -1.6586e-01 -1.6539e-01 -2.5877e-01 -2.5772e-01 -2.5824e-01 -2.5877e-01 -1.0632e-01 -2.5824e-01 -1.5039e-01 -2.4733e-01 1.9601e-01 1.9543e-01 3.9903e-01 -2.4750e-01 1.9003e-01 -2.4135e-01 -2.4135e-01 -2.4081e-01 -2.4081e-01 -2.4081e-01
7.4270e-02 -2.4230e-02 8.9359e-02 1.4061e-01 3.4767e-02 1.4309e-01 -6.2915e-02 8.4773e-03 8.4773e-03 -5.9403e-02 8.4773e-03 1.2410e-02 8.1227e-02 7.9856e-02 1.9350e-01 -2.4180e-01 2.6803e-01 2.6803e-01 1.0416e-01 2.6803e-01 1.0416e-01 2.6533e-01 1.0159e-01 1.1032e-01 4.0240e-01 4.0611e-01 4.0240e-01 1.0416e-01 2.5928e-01 1.0416e-01 1.0416e-01 -3.3520e-01 3.1978e-01 3.1115e-01 -3.5345e-01 1.0000e+00 1.0000e+00 1.0000e+00 1.0000e+00 -6.6910e-01 1.0000e+00 -6.6771e-01 8.0365e-01 -1.6446e-01 1.0000e+00 1.0000e+00 9.9157e-01 9.9436e-01 -4.6112e-01 -4.5924e-01 -4.6018e-01 -4.6112e-01 9.5152e-01 -4.6018e-01 8.8457e-01 -4.4073e-01 3.2014e-01 3.1910e-01 6.7276e-01 -4.3798e-01 3.2224e-01 -4.3990e-01 -4.3990e-01 -4.3894e-01 -4.3894e-01 -4.3894e-01
7.4270e-02 -2.4230e-02 8.9359e-02 1.4061e-01 3.4767e-02 1.4309e-01 -6.2915e-02 8.4773e-03 8.4773e-03 -5.9403e-02 8.4773e-03 1.2410e-02 8.1227e-02 7.9856e-02 1.9350e-01 -2.4180e-01 2.6803e-01 2.6803e-01 1.0416e-01 2.6803e-01 1.0416e-01 2.6533e-01 1.0159e-01 1.1032e-01 4.0240e-01 4.0611e-01 4.0240e-01 1.0416e-01 2.5928e-01 1.0416e-01 1.0416e-01 -3.3520e-01 3.1978e-01 3.1115e-01 -3.5345e-01 1.0000e+00 1.0000e+00 1.0000e+00 1.0000e+00 -6.6910e-01 1.0000e+00 -6.6771e-01 8.0365e-01 -1.6446e-01 1.0000e+00 1.0000e+00 9.9157e-01 9.9436e-01 -4.6112e-01 -4.5924e-01 -4.6018e-01 -4.6112e-01 9.5152e-01 -4.6018e-01 8.8457e-01 -4.4073e-01 3.2014e-01 3.1910e-01 6.7276e-01 -4.3798e-01 3.2224e-01 -4.3990e-01 -4.3990e-01 -4.3894e-01 -4.3894e-01 -4.3894e-01
7.2257e-02 -1.9998e-02 8.8238e-02 1.4934e-01 3.3020e-02 1.4188e-01 -6.5260e-02 4.5130e-03 4.5130e-03 -6.2429e-02 4.5130e-03 1.9317e-02 7.8945e-02 7.7626e-02 1.9037e-01 -2.3514e-01 2.6144e-01 2.6144e-01 1.0160e-01 2.6144e-01 1.0160e-01 2.5869e-01 9.9027e-02 1.0771e-01 3.9458e-01 3.9831e-01 3.9458e-01 1.0160e-01 2.5270e-01 1.0160e-01 1.0160e-01 -3.3158e-01 3.1512e-01 3.1273e-01 -3.5210e-01 9.9157e-01 9.9157e-01 9.9157e-01 9.9157e-01 -6.6512e-01 9.9157e-01 -6.6372e-01 8.0028e-01 -1.6586e-01 9.9157e-01 9.9157e-01 1.0000e+00 9.9719e-01 -4.6504e-01 -4.6315e-01 -4.6409e-01 -4.6504e-01 9.5411e-01 -4.6409e-01 8.7700e-01 -4.4448e-01 3.1122e-01 3.1017e-01 6.6540e-01 -4.4208e-01 3.1333e-01 -4.4402e-01 -4.4402e-01 -4.4305e-01 -4.4305e-01 -4.4305e-01
7.2925e-02 -2.1404e-02 8.8610e-02 1.5064e-01 3.3601e-02 1.4228e-01 -6.4480e-02 5.8303e-03 5.8303e-03 -6.1423e-02 5.8303e-03 2.0693e-02 7.9703e-02 7.8367e-02 1.9141e-01 -2.3735e-01 2.6363e-01 2.6363e-01 1.0245e-01 2.6363e-01 1.0245e-01 2.6090e-01 9.9879e-02 1.0858e-01 3.9718e-01 4.0090e-01 3.9718e-01 1.0245e-01 2.5488e-01 1.0245e-01 1.0245e-01 -3.2962e-01 3.1667e-01 3.0803e-01 -3.4915e-01 9.9436e-01 9.9436e-01 9.9436e-01 9.9436e-01 -6.6321e-01 9.9436e-01 -6.6181e-01 7.9799e-01 -1.6539e-01 9.9436e-01 9.9436e-01 9.9719e-01 1.0000e+00 -4.6373e-01 -4.6184e-01 -4.6279e-01 -4.6373e-01 9.5691e-01 -4.6279e-01 8.7951e-01 -4.4323e-01 3.1418e-01 3.1313e-01 6.6784e-01 -4.4072e-01 3.1629e-01 -4.4264e-01 -4.4264e-01 -4.4168e-01 -4.4168e-01 -4.4168e-01
-6.5668e-02 1.1032e-01 -4.4754e-02 -8.5250e-02 -1.4343e-01 -6.5980e-02 -1.8073e-01 -1.7218e-01 -1.7218e-01 -1.9094e-01 -1.7218e-01 -1.7071e-01 -1.8924e-01 -1.9111e-01 -2.2650e-01 2.1419e-01 -1.9883e-01 -1.9883e-01 -2.1315e-01 -1.9883e-01 -2.1315e-01 -2.0450e-01 -2.0766e-01 -2.1506e-01 -2.7934e-01 -2.7039e-01 -2.7934e-01 -2.1315e-01 -2.0375e-01 -2.1315e-01 -2.1315e-01 2.3414e-01 -3.0888e-01 -3.1500e-01 4.3906e-01 -4.6112e-01 -4.6112e-01 -4.6112e-01 -4.6112e-01 6.6446e-01 -4.6112e-01 6.6179e-01 -5.7378e-01 -2.5877e-01 -4.6112e-01 -4.6112e-01 -4.6504e-01 -4.6373e-01 1.0000e+00 9.9593e-01 9.9796e-01 1.0000e+00 -4.8461e-01 9.9796e-01 -4.1660e-01 9.5578e-01 -8.8314e-01 -8.8089e-01 -5.0419e-01 9.7564e-01 -8.7958e-01 9.7165e-01 9.7165e-01 9.6957e-01 9.6957e-01 9.6957e-01
-6.4761e-02 1.1269e-01 -4.4379e-02 -8.3482e-02 -1.4262e-01 -6.5711e-02 -1.7935e-01 -1.7007e-01 -1.7007e-01 -1.8919e-01 -1.7007e-01 -1.6853e-01 -1.8828e-01 -1.9017e-01 -2.2538e-01 2.1533e-01 -2.0011e-01 -2.0011e-01 -2.1955e-01 -2.0011e-01 -2.1955e-01 -2.0573e-01 -2.1401e-01 -2.2141e-01 -2.8023e-01 -2.7129e-01 -2.8023e-01 -2.1955e-01 -2.0501e-01 -2.1955e-01 -2.1955e-01 2.3445e-01 -3.0727e-01 -3.1336e-01 4.4096e-01 -4.5924e-01 -4.5924e-01 -4.5924e-01 -4.5924e-01 6.6164e-01 -4.5924e-01 6.6307e-01 -5.7145e-01 -2.5772e-01 -4.5924e-01 -4.5924e-01 -4.6315e-01 -4.6184e-01 9.9593e-01 1.0000e+00 9.9796e-01 9.9593e-01 -4.8264e-01 9.9796e-01 -4.1487e-01 9.5558e-01 -8.7949e-01 -8.7723e-01 -5.0210e-01 9.7161e-01 -8.7594e-01 9.6763e-01 9.6763e-01 9.6555e-01 9.6555e-01 9.6555e-01
-6.5215e-02 1.1383e-01 -4.4566e-02 -8.4366e-02 -1.4303e-01 -6.5845e-02 -1.8004e-01 -1.7112e-01 -1.7112e-01 -1.9007e-01 -1.7112e-01 -1.6962e-01 -1.8876e-01 -1.9064e-01 -2.2594e-01 2.1684e-01 -2.0156e-01 -2.0156e-01 -2.2007e-01 -2.0156e-01 -2.2007e-01 -2.0720e-01 -2.1453e-01 -2.2194e-01 -2.8183e-01 -2.7288e-01 -2.8183e-01 -2.2007e-01 -2.0647e-01 -2.2007e-01 -2.2007e-01 2.3631e-01 -3.0807e-01 -3.1418e-01 4.4218e-01 -4.6018e-01 -4.6018e-01 -4.6018e-01 -4.6018e-01 6.6305e-01 -4.6018e-01 6.6449e-01 -5.7261e-01 -2.5824e-01 -4.6018e-01 -4.6018e-01 -4.6409e-01 -4.6279e-01 9.9796e-01 9.9796e-01 1.0000e+00 9.9796e-01 -4.8363e-01 1.0000e+00 -4.1573e-01 9.5773e-01 -8.8131e-01 -8.7906e-01 -5.0315e-01 9.7363e-01 -8.7776e-01 9.6964e-01 9.6964e-01 9.6756e-01 9.6756e-01 9.6756e-01
-6.5668e-02 1.1032e-01 -4.4754e-02 -8.5250e-02 -1.4343e-01 -6.5980e-02 -1.8073e-01 -1.7218e-01 -1.7218e-01 -1.9094e-01 -1.7218e-01 -1.7071e-01 -1.8924e-01 -1.9111e-01 -2.2650e-01 2.1419e-01 -1.9883e-01 -1.9883e-01 -2.1315e-01 -1.9883e-01 -2.1315e-01 -2.0450e-01 -2.0766e-01 -2.1506e-01 -2.7934e-01 -2.7039e-01 -2.7934e-01 -2.1315e-01 -2.0375e-01 -2.1315e-01 -2.1315e-01 2.3414e-01 -3.0888e-01 -3.1500e-01 4.3906e-01 -4.6112e-01 -4.6112e-01 -4.6112e-01 -4.6112e-01 6.6446e-01 -4.6112e-01 6.6179e-01 -5.7378e-01 -2.5877e-01 -4.6112e-01 -4.6112e-01 -4.6504e-01 -4.6373e-01 1.0000e+00 9.9593e-01 9.9796e-01 1.0000e+00 -4.8461e-01 9.9796e-01 -4.1660e-01 9.5578e-01 -8.8314e-01 -8.8089e-01 -5.0419e-01 9.7564e-01 -8.7958e-01 9.7165e-01 9.7165e-01 9.6957e-01 9.6957e-01 9.6957e-01
6.2526e-02 -3.1348e-02 8.2869e-02 1.3660e-01 2.4547e-02 1.3615e-01 -6.9663e-02 -9.3315e-03 -9.3315e-03 -7.1182e-02 -9.3315e-03 4.5464e-03 6.7911e-02 6.6843e-02 1.7535e-01 -2.0772e-01 2.3447e-01 2.3447e-01 8.9220e-02 2.3447e-01 8.9220e-02 2.3142e-01 8.6637e-02 9.5137e-02 3.6162e-01 3.6546e-01 3.6162e-01 8.9220e-02 2.2573e-01 8.9220e-02 8.9220e-02 -3.2353e-01 3.3592e-01 3.2685e-01 -3.5089e-01 9.5152e-01 9.5152e-01 9.5152e-01 9.5152e-01 -6.5589e-01 9.5152e-01 -6.5445e-01 7.9468e-01 -1.0632e-01 9.5152e-01 9.5152e-01 9.5411e-01 9.5691e-01 -4.8461e-01 -4.8264e-01 -4.8363e-01 -4.8461e-01 1.0000e+00 -4.8363e-01 8.6428e-01 -4.6319e-01 3.0977e-01 3.0866e-01 6.7730e-01 -4.6251e-01 3.1197e-01 -4.6453e-01 -4.6453e-01 -4.6352e-01 -4.6352e-01 -4.6352e-01
