1.0000e+00 5.9142e-01 -1.0815e-01 -6.0481e-02 -5.7447e-02 1.7600e-01 3.9224e-02 3.0268e-02 -5.5617e-02 4.6001e-02 5.0227e-02
5.9142e-01 1.0000e+00 -1.5852e-01 -1.3623e-01 -1.3214e-01 1.3929e-01 5.2107e-02 4.5923e-02 -7.4600e-02 4.8465e-03 -8.7987e-03
-1.0815e-01 -1.5852e-01 1.0000e+00 -9.2024e-02 -9.1451e-02 -2.8170e-02 -7.0002e-02 -6.9369e-02 9.4284e-02 -1.4813e-01 -9.6460e-02
-6.0481e-02 -1.3623e-01 -9.2024e-02 1.0000e+00 9.9378e-01 -4.3169e-02 -1.6000e-01 -1.7315e-01 -2.5479e-01 -1.4968e-01 -2.0196e-01
-5.7447e-02 -1.3214e-01 -9.1451e-02 9.9378e-01 1.0000e+00 -4.2568e-02 -1.5870e-01 -1.7192e-01 -2.4867e-01 -1.4532e-01 -1.9886e-01
1.7600e-01 1.3929e-01 -2.8170e-02 -4.3169e-02 -4.2568e-02 1.0000e+00 -5.8143e-02 -5.7617e-02 -8.9870e-02 -3.1127e-02 5.2307e-03
3.9224e-02 5.2107e-02 -7.0002e-02 -1.6000e-01 -1.5870e-01 -5.8143e-02 1.0000e+00 9.9097e-01 1.8536e-01 -2.5512e-01 -1.9535e-01
3.0268e-02 4.5923e-02 -6.9369e-02 -1.7315e-01 -1.7192e-01 -5.7617e-02 9.9097e-01 1.0000e+00 1.9517e-01 -2.6298e-01 -2.0446e-01
-5.5617e-02 -7.4600e-02 9.4284e-02 -2.5479e-01 -2.4867e-01 -8.9870e-02 1.8536e-01 1.9517e-01 1.0000e+00 5.0949e-01 3.4085e-01
4.6001e-02 4.8465e-03 -1.4813e-01 -1.4968e-01 -1.4532e-01 -3.1127e-02 -2.5512e-01 -2.6298e-01 5.0949e-01 1.0000e+00 6.5360e-01
5.0227e-02 -8.7987e-03 -9.6460e-02 -2.0196e-01 -1.9886e-01 5.2307e-03 -1.9535e-01 -2.0446e-01 3.4085e-01 6.5360e-01 1.0000e+00
