1.0000e+00 1.0000e+00 1.0000e+00 5.5051e-01 9.6239e-01 -1.1428e-02 -4.0523e-02 -4.0523e-02 -4.0523e-02 -4.0523e-02 -4.0523e-02 -3.7727e-02 -3.4784e-02 -3.5782e-02 -3.0588e-02 -1.9044e-02 3.2449e-03 9.0218e-03 3.2449e-03 1.1017e-02 3.2449e-03 9.0218e-03 9.0218e-03 8.7693e-03 -4.3741e-03 -3.6470e-02 -3.6470e-02 -1.3264e-03 -4.8477e-02 -4.1271e-02 -5.2271e-02 -3.6543e-03 -1.5764e-02 -3.6543e-03 -3.6543e-03 -2.6377e-02 -3.8195e-02 -2.0519e-02 -3.6543e-03 -3.8195e-02 -5.9105e-03 -2.4920e-02 -2.6996e-02 4.8478e-03 8.2621e-03 -2.2771e-02 2.9551e-02 -4.7911e-03 1.0773e-02 -4.7911e-03 -2.6996e-02 -2.2771e-02 -2.2771e-02 -3.6543e-03 3.8650e-02 1.3829e-02 -6.2279e-02 -4.2316e-02 -2.4997e-03 -6.0877e-02 -4.6191e-02 -2.4997e-03 -5.3721e-02 -2.4997e-03 -5.3721e-02 -2.4997e-03 -5.3721e-02 7.6379e-03 -3.6543e-03 -5.7953e-02 -2.7222e-02 -4.6621e-02 -7.7753e-03 -8.4429e-03 -2.0066e-02 -2.0066e-02 -8.4429e-03 1.0417e-02 -2.0066e-02 -7.7753e-03 -2.2068e-02 -1.4770e-02 -5.7998e-02 -2.1074e-02 -5.9775e-02 -1.0110e-01 -5.1656e-02 -5.1656e-02 1.6702e-02 -5.9851e-02 2.6350e-02 2.3536e-02 2.3536e-02 1.5583e-02 -5.3102e-02 -5.3102e-02 -6.0431e-02 -6.1008e-02 -5.3102e-02 1.6142e-02 2.2334e-02 -6.1008e-02 -6.1008e-02 -6.1008e-02 -5.8933e-02 -3.5297e-02 -5.8933e-02 -5.8933e-02 4.0739e-02 2.9293e-02 4.0739e-02 2.9293e-02 2.9293e-02 2.9293e-02 2.9293e-02 7.8156e-03 -4.1392e-02 4.4867e-02 5.3176e-02 -6.7866e-02 -6.7866e-02 -7.4592e-02 -6.2573e-02 -4.2794e-02 -2.4666e-04
1.0000e+00 1.0000e+00 1.0000e+00 5.5051e-01 9.6239e-01 -1.1428e-02 -4.0523e-02 -4.0523e-02 -4.0523e-02 -4.0523e-02 -4.0523e-02 -3.7727e-02 -3.4784e-02 -3.5782e-02 -3.0588e-02 -1.9044e-02 3.2449e-03 9.0218e-03 3.2449e-03 1.1017e-02 3.2449e-03 9.0218e-03 9.0218e-03 8.7693e-03 -4.3741e-03 -3.6470e-02 -3.6470e-02 -1.3264e-03 -4.8477e-02 -4.1271e-02 -5.2271e-02 -3.6543e-03 -1.5764e-02 -3.6543e-03 -3.6543e-03 -2.6377e-02 -3.8195e-02 -2.0519e-02 -3.6543e-03 -3.8195e-02 -5.9105e-03 -2.4920e-02 -2.6996e-02 4.8478e-03 8.2621e-03 -2.2771e-02 2.9551e-02 -4.7911e-03 1.0773e-02 -4.7911e-03 -2.6996e-02 -2.2771e-02 -2.2771e-02 -3.6543e-03 3.8650e-02 1.3829e-02 -6.2279e-02 -4.2316e-02 -2.4997e-03 -6.0877e-02 -4.6191e-02 -2.4997e-03 -5.3721e-02 -2.4997e-03 -5.3721e-02 -2.4997e-03 -5.3721e-02 7.6379e-03 -3.6543e-03 -5.7953e-02 -2.7222e-02 -4.6621e-02 -7.7753e-03 -8.4429e-03 -2.0066e-02 -2.0066e-02 -8.4429e-03 1.0417e-02 -2.0066e-02 -7.7753e-03 -2.2068e-02 -1.4770e-02 -5.7998e-02 -2.1074e-02 -5.9775e-02 -1.0110e-01 -5.1656e-02 -5.1656e-02 1.6702e-02 -5.9851e-02 2.6350e-02 2.3536e-02 2.3536e-02 1.5583e-02 -5.3102e-02 -5.3102e-02 -6.0431e-02 -6.1008e-02 -5.3102e-02 1.6142e-02 2.2334e-02 -6.1008e-02 -6.1008e-02 -6.1008e-02 -5.8933e-02 -3.5297e-02 -5.8933e-02 -5.8933e-02 4.0739e-02 2.9293e-02 4.0739e-02 2.9293e-02 2.9293e-02 2.9293e-02 2.9293e-02 7.8156e-03 -4.1392e-02 4.4867e-02 5.3176e-02 -6.7866e-02 -6.7866e-02 -7.4592e-02 -6.2573e-02 -4.2794e-02 -2.4666e-04
1.0000e+00 1.0000e+00 1.0000e+00 5.5051e-01 9.6239e-01 -1.1428e-02 -4.0523e-02 -4.0523e-02 -4.0523e-02 -4.0523e-02 -4.0523e-02 -3.7727e-02 -3.4784e-02 -3.5782e-02 -3.0588e-02 -1.9044e-02 3.2449e-03 9.0218e-03 3.2449e-03 1.1017e-02 3.2449e-03 9.0218e-03 9.0218e-03 8.7693e-03 -4.3741e-03 -3.6470e-02 -3.6470e-02 -1.3264e-03 -4.8477e-02 -4.1271e-02 -5.2271e-02 -3.6543e-03 -1.5764e-02 -3.6543e-03 -3.6543e-03 -2.6377e-02 -3.8195e-02 -2.0519e-02 -3.6543e-03 -3.8195e-02 -5.9105e-03 -2.4920e-02 -2.6996e-02 4.8478e-03 8.2621e-03 -2.2771e-02 2.9551e-02 -4.7911e-03 1.0773e-02 -4.7911e-03 -2.6996e-02 -2.2771e-02 -2.2771e-02 -3.6543e-03 3.8650e-02 1.3829e-02 -6.2279e-02 -4.2316e-02 -2.4997e-03 -6.0877e-02 -4.6191e-02 -2.4997e-03 -5.3721e-02 -2.4997e-03 -5.3721e-02 -2.4997e-03 -5.3721e-02 7.6379e-03 -3.6543e-03 -5.7953e-02 -2.7222e-02 -4.6621e-02 -7.7753e-03 -8.4429e-03 -2.0066e-02 -2.0066e-02 -8.4429e-03 1.0417e-02 -2.0066e-02 -7.7753e-03 -2.2068e-02 -1.4770e-02 -5.7998e-02 -2.1074e-02 -5.9775e-02 -1.0110e-01 -5.1656e-02 -5.1656e-02 1.6702e-02 -5.9851e-02 2.6350e-02 2.3536e-02 2.3536e-02 1.5583e-02 -5.3102e-02 -5.3102e-02 -6.0431e-02 -6.1008e-02 -5.3102e-02 1.6142e-02 2.2334e-02 -6.1008e-02 -6.1008e-02 -6.1008e-02 -5.8933e-02 -3.5297e-02 -5.8933e-02 -5.8933e-02 4.0739e-02 2.9293e-02 4.0739e-02 2.9293e-02 2.9293e-02 2.9293e-02 2.9293e-02 7.8156e-03 -4.1392e-02 4.4867e-02 5.3176e-02 -6.7866e-02 -6.7866e-02 -7.4592e-02 -6.2573e-02 -4.2794e-02 -2.4666e-04
5.5051e-01 5.5051e-01 5.5051e-01 1.0000e+00 5.2707e-01 -1.5123e-02 -4.7418e-02 -4.7418e-02 -4.7418e-02 -4.7418e-02 -4.7418e-02 -4.1439e-02 -3.5088e-02 -3.7250e-02 -2.5921e-02 -1.8683e-02 -2.3523e-02 -5.8862e-03 -2.3523e-02 -2.2781e-02 -2.3523e-02 -5.8862e-03 -5.8862e-03 -2.2704e-02 -4.7961e-02 -4.6674e-02 -4.6674e-02 -5.9740e-03 -7.4045e-02 -4.7886e-02 -6.9956e-02 -1.0145e-02 -5.5570e-02 -1.0145e-02 -1.0145e-02 -2.3739e-02 -4.6986e-02 -2.0812e-02 -1.0145e-02 -4.6986e-02 -1.4189e-02 -1.7933e-02 -2.2240e-02 -1.7249e-02 1.2173e-03 -2.5418e-02 9.3139e-03 -2.2622e-02 5.7171e-03 -2.2622e-02 -2.2240e-02 -2.5418e-02 -2.5418e-02 -2.0667e-02 -3.0041e-02 -2.3144e-02 3.1102e-02 -3.9388e-02 -1.8683e-02 2.7695e-02 2.0626e-02 -1.8683e-02 1.6447e-02 -1.8683e-02 1.6447e-02 -1.8683e-02 1.6447e-02 9.8593e-05 -2.0667e-02 -4.3470e-02 -1.1494e-02 6.5636e-03 -5.9697e-03 -7.1970e-03 -3.1189e-02 -3.1189e-02 -7.1970e-03 -1.3143e-03 -3.1189e-02 -5.9697e-03 -3.4907e-02 2.3767e-02 -3.9489e-02 -3.3061e-02 -4.3147e-02 -8.4082e-02 -5.3775e-02 -5.3775e-02 -1.6121e-02 -3.8248e-02 3.4691e-02 -1.2246e-02 -1.2246e-02 -1.8131e-02 -5.6862e-02 -5.6862e-02 -3.9434e-02 -4.0616e-02 -5.6862e-02 -1.7126e-02 -1.4350e-02 -4.0616e-02 -4.0616e-02 -4.0616e-02 -4.0001e-02 -2.4594e-02 -4.0001e-02 -4.0001e-02 -7.1924e-03 -1.3615e-02 -7.1924e-03 -1.3615e-02 -1.3615e-02 -1.3615e-02 -1.3615e-02 -1.8116e-02 -2.4856e-02 4.0010e-02 4.5987e-02 -6.9956e-02 -6.9956e-02 -7.2971e-02 -7.3292e-02 -8.2176e-02 -4.4805e-04
9.6239e-01 9.6239e-01 9.6239e-01 5.2707e-01 1.0000e+00 -1.0605e-02 -3.9956e-02 -3.9956e-02 -3.9956e-02 -3.9956e-02 -3.9956e-02 -3.7171e-02 -3.4240e-02 -3.5235e-02 -3.0060e-02 -1.8207e-02 5.1448e-03 1.0075e-02 5.1448e-03 1.3148e-02 5.1448e-03 1.0075e-02 1.0075e-02 1.9823e-02 6.7832e-03 -3.4367e-02 -3.4367e-02 -3.8382e-04 -4.4986e-02 -3.8790e-02 -4.9263e-02 -2.7092e-03 -1.4364e-02 -2.7092e-03 -2.7092e-03 -2.3694e-02 -3.4979e-02 -1.8211e-02 -2.7092e-03 -3.4979e-02 -4.9628e-03 -2.4223e-02 -2.6293e-02 5.7853e-03 2.0660e-03 -2.2079e-02 3.0490e-02 -3.8446e-03 4.5309e-03 -3.8446e-03 -2.6293e-02 -2.2079e-02 -2.2079e-02 -2.7092e-03 4.1668e-02 3.0142e-02 -7.3819e-02 -4.1741e-02 -1.5559e-03 -7.2398e-02 -5.7469e-02 -1.5559e-03 -6.5048e-02 -1.5559e-03 -6.5048e-02 -1.5559e-03 -6.5048e-02 1.4532e-03 -2.7092e-03 -5.7519e-02 -2.5897e-02 -4.9376e-02 -1.5451e-02 -1.6100e-02 -1.9227e-02 -1.9227e-02 -1.6100e-02 1.1221e-02 -1.9227e-02 -1.5451e-02 -2.1225e-02 -1.7627e-02 -5.6574e-02 -2.0233e-02 -5.8345e-02 -9.0774e-02 -5.0866e-02 -5.0866e-02 2.8081e-02 -5.8318e-02 2.7014e-02 2.6443e-02 2.6443e-02 2.6966e-02 -5.2305e-02 -5.2305e-02 -5.8895e-02 -5.9470e-02 -5.2305e-02 2.7523e-02 2.5245e-02 -5.9470e-02 -5.9470e-02 -5.9470e-02 -4.8316e-02 -3.5032e-02 -4.8316e-02 -4.8316e-02 4.2349e-02 3.0822e-02 4.2349e-02 3.0822e-02 3.0822e-02 3.0822e-02 3.0822e-02 8.8694e-03 -3.8448e-02 4.1708e-02 5.0064e-02 -6.4959e-02 -6.4959e-02 -7.1742e-02 -6.8533e-02 -2.3885e-02 -8.9165e-03
-1.1428e-02 -1.1428e-02 -1.1428e-02 -1.5123e-02 -1.0605e-02 1.0000e+00 -4.9422e-02 -4.9422e-02 -4.9422e-02 -4.9422e-02 -4.9422e-02 -4.7633e-02 -4.5787e-02 -2.2936e-02 -1.8146e-02 -3.7720e-02 -8.8765e-02 -4.0381e-02 -8.8765e-02 -8.9783e-02 -8.8765e-02 -4.0381e-02 -4.0381e-02 -1.4494e-01 -1.7095e-01 1.0674e-01 1.0674e-01 -1.7437e-02 3.6320e-02 6.6927e-02 3.8953e-02 -1.9112e-02 2.0679e-01 -1.9112e-02 -1.9112e-02 5.7957e-02 3.0918e-02 9.6051e-02 -1.9112e-02 3.0918e-02 -2.0741e-02 -5.1159e-02 -5.2291e-02 -1.3020e-02 1.0924e-01 -5.0007e-02 4.2676e-03 -1.9932e-02 1.0163e-01 -1.9932e-02 -5.2291e-02 -5.0007e-02 -5.0007e-02 -1.9112e-02 -1.1682e-01 -1.0605e-02 8.6346e-02 -5.0586e-02 -1.8280e-02 8.7179e-02 1.0764e-01 -1.8280e-02 1.0805e-01 -1.8280e-02 1.0805e-01 -1.8280e-02 1.0805e-01 1.0861e-01 -1.9112e-02 -4.8236e-02 -4.9024e-02 1.0586e-01 1.6259e-01 1.6174e-01 -1.9112e-02 -1.9112e-02 1.6174e-01 5.5795e-03 -1.9112e-02 1.6259e-01 -2.0741e-02 1.1642e-01 -7.1525e-02 -1.9932e-02 -7.2853e-02 -9.1818e-02 -1.6168e-02 -1.6168e-02 -1.4195e-01 -6.8810e-02 6.8405e-03 -1.1601e-01 -1.1601e-01 -1.4281e-01 -1.7680e-02 -1.7680e-02 -6.9256e-02 -6.9701e-02 -1.7680e-02 -1.4238e-01 -1.1682e-01 -6.9701e-02 -6.9701e-02 -6.9701e-02 -9.4521e-02 -2.9378e-02 -9.4521e-02 -9.4521e-02 1.1014e-01 1.1134e-01 1.1014e-01 1.1134e-01 1.1134e-01 1.1134e-01 1.1134e-01 7.1182e-02 2.0898e-02 -4.4811e-03 -1.3141e-02 2.9790e-02 2.9790e-02 3.0738e-02 -7.0417e-03 4.1694e-02 -6.2797e-03
-4.0523e-02 -4.0523e-02 -4.0523e-02 -4.7418e-02 -3.9956e-02 -4.9422e-02 1.0000e+00 1.0000e+00 1.0000e+00 1.0000e+00 1.0000e+00 9.3922e-01 9.0094e-01 8.8867e-01 8.2072e-01 5.9354e-01 2.6827e-01 5.5154e-01 2.6827e-01 2.3871e-01 2.6827e-01 5.5154e-01 5.5154e-01 1.8398e-01 1.8020e-01 -1.0689e-01 -1.0689e-01 2.8397e-01 2.3699e-02 -7.9311e-02 -1.0578e-01 2.7760e-01 -8.2750e-02 2.7760e-01 2.7760e-01 -7.5766e-02 -1.0280e-01 -1.0210e-01 2.7760e-01 -1.0280e-01 2.7152e-01 -2.4314e-02 -2.5812e-02 3.0133e-01 -1.1113e-01 -2.2765e-02 3.7746e-01 2.7452e-01 -1.0971e-01 2.7452e-01 -2.5812e-02 -2.2765e-02 -2.2765e-02 2.7760e-01 1.2518e-01 2.2574e-01 -1.2653e-01 -2.7756e-04 2.5989e-01 -1.2526e-01 -1.1436e-01 2.5989e-01 -1.1383e-01 2.5989e-01 -1.1383e-01 2.5989e-01 -1.1383e-01 -1.1148e-01 2.5691e-01 3.9616e-03 1.7722e-01 -1.3398e-01 -8.4809e-02 -8.5183e-02 2.5691e-01 2.5691e-01 -8.5183e-02 3.5726e-01 2.5691e-01 -8.4809e-02 2.5115e-01 -1.2572e-01 1.5558e-01 2.5400e-01 1.5290e-01 8.0918e-02 2.1061e-01 2.1061e-01 1.3248e-01 1.3863e-01 5.0515e-02 1.2626e-01 1.2626e-01 1.3156e-01 2.0662e-01 2.0662e-01 1.3783e-01 1.3704e-01 2.0662e-01 1.3202e-01 1.2518e-01 1.3704e-01 1.3704e-01 1.3704e-01 1.3213e-01 -2.7188e-02 1.3213e-01 1.3213e-01 4.3389e-03 5.0463e-03 4.3389e-03 5.0463e-03 5.0463e-03 5.0463e-03 5.0463e-03 4.5028e-02 1.0997e-02 -1.5471e-02 -1.5040e-02 3.1809e-02 3.1809e-02 3.2689e-02 -2.5192e-02 3.4103e-03 6.0625e-02
-4.0523e-02 -4.0523e-02 -4.0523e-02 -4.7418e-02 -3.9956e-02 -4.9422e-02 1.0000e+00 1.0000e+00 1.0000e+00 1.0000e+00 1.0000e+00 9.3922e-01 9.0094e-01 8.8867e-01 8.2072e-01 5.9354e-01 2.6827e-01 5.5154e-01 2.6827e-01 2.3871e-01 2.6827e-01 5.5154e-01 5.5154e-01 1.8398e-01 1.8020e-01 -1.0689e-01 -1.0689e-01 2.8397e-01 2.3699e-02 -7.9311e-02 -1.0578e-01 2.7760e-01 -8.2750e-02 2.7760e-01 2.7760e-01 -7.5766e-02 -1.0280e-01 -1.0210e-01 2.7760e-01 -1.0280e-01 2.7152e-01 -2.4314e-02 -2.5812e-02 3.0133e-01 -1.1113e-01 -2.2765e-02 3.7746e-01 2.7452e-01 -1.0971e-01 2.7452e-01 -2.5812e-02 -2.2765e-02 -2.2765e-02 2.7760e-01 1.2518e-01 2.2574e-01 -1.2653e-01 -2.7756e-04 2.5989e-01 -1.2526e-01 -1.1436e-01 2.5989e-01 -1.1383e-01 2.5989e-01 -1.1383e-01 2.5989e-01 -1.1383e-01 -1.1148e-01 2.5691e-01 3.9616e-03 1.7722e-01 -1.3398e-01 -8.4809e-02 -8.5183e-02 2.5691e-01 2.5691e-01 -8.5183e-02 3.5726e-01 2.5691e-01 -8.4809e-02 2.5115e-01 -1.2572e-01 1.5558e-01 2.5400e-01 1.5290e-01 8.0918e-02 2.1061e-01 2.1061e-01 1.3248e-01 1.3863e-01 5.0515e-02 1.2626e-01 1.2626e-01 1.3156e-01 2.0662e-01 2.0662e-01 1.3783e-01 1.3704e-01 2.0662e-01 1.3202e-01 1.2518e-01 1.3704e-01 1.3704e-01 1.3704e-01 1.3213e-01 -2.7188e-02 1.3213e-01 1.3213e-01 4.3389e-03 5.0463e-03 4.3389e-03 5.0463e-03 5.0463e-03 5.0463e-03 5.0463e-03 4.5028e-02 1.0997e-02 -1.5471e-02 -1.5040e-02 3.1809e-02 3.1809e-02 3.2689e-02 -2.5192e-02 3.4103e-03 6.0625e-02
-4.0523e-02 -4.0523e-02 -4.0523e-02 -4.7418e-02 -3.9956e-02 -4.9422e-02 1.0000e+00 1.0000e+00 1.0000e+00 1.0000e+00 1.0000e+00 9.3922e-01 9.0094e-01 8.8867e-01 8.2072e-01 5.9354e-01 2.6827e-01 5.5154e-01 2.6827e-01 2.3871e-01 2.6827e-01 5.5154e-01 5.5154e-01 1.8398e-01 1.8020e-01 -1.0689e-01 -1.0689e-01 2.8397e-01 2.3699e-02 -7.9311e-02 -1.0578e-01 2.7760e-01 -8.2750e-02 2.7760e-01 2.7760e-01 -7.5766e-02 -1.0280e-01 -1.0210e-01 2.7760e-01 -1.0280e-01 2.7152e-01 -2.4314e-02 -2.5812e-02 3.0133e-01 -1.1113e-01 -2.2765e-02 3.7746e-01 2.7452e-01 -1.0971e-01 2.7452e-01 -2.5812e-02 -2.2765e-02 -2.2765e-02 2.7760e-01 1.2518e-01 2.2574e-01 -1.2653e-01 -2.7756e-04 2.5989e-01 -1.2526e-01 -1.1436e-01 2.5989e-01 -1.1383e-01 2.5989e-01 -1.1383e-01 2.5989e-01 -1.1383e-01 -1.1148e-01 2.5691e-01 3.9616e-03 1.7722e-01 -1.3398e-01 -8.4809e-02 -8.5183e-02 2.5691e-01 2.5691e-01 -8.5183e-02 3.5726e-01 2.5691e-01 -8.4809e-02 2.5115e-01 -1.2572e-01 1.5558e-01 2.5400e-01 1.5290e-01 8.0918e-02 2.1061e-01 2.1061e-01 1.3248e-01 1.3863e-01 5.0515e-02 1.2626e-01 1.2626e-01 1.3156e-01 2.0662e-01 2.0662e-01 1.3783e-01 1.3704e-01 2.0662e-01 1.3202e-01 1.2518e-01 1.3704e-01 1.3704e-01 1.3704e-01 1.3213e-01 -2.7188e-02 1.3213e-01 1.3213e-01 4.3389e-03 5.0463e-03 4.3389e-03 5.0463e-03 5.0463e-03 5.0463e-03 5.0463e-03 4.5028e-02 1.0997e-02 -1.5471e-02 -1.5040e-02 3.1809e-02 3.1809e-02 3.2689e-02 -2.5192e-02 3.4103e-03 6.0625e-02
-4.0523e-02 -4.0523e-02 -4.0523e-02 -4.7418e-02 -3.9956e-02 -4.9422e-02 1.0000e+00 1.0000e+00 1.0000e+00 1.0000e+00 1.0000e+00 9.3922e-01 9.0094e-01 8.8867e-01 8.2072e-01 5.9354e-01 2.6827e-01 5.5154e-01 2.6827e-01 2.3871e-01 2.6827e-01 5.5154e-01 5.5154e-01 1.8398e-01 1.8020e-01 -1.0689e-01 -1.0689e-01 2.8397e-01 2.3699e-02 -7.9311e-02 -1.0578e-01 2.7760e-01 -8.2750e-02 2.7760e-01 2.7760e-01 -7.5766e-02 -1.0280e-01 -1.0210e-01 2.7760e-01 -1.0280e-01 2.7152e-01 -2.4314e-02 -2.5812e-02 3.0133e-01 -1.1113e-01 -2.2765e-02 3.7746e-01 2.7452e-01 -1.0971e-01 2.7452e-01 -2.5812e-02 -2.2765e-02 -2.2765e-02 2.7760e-01 1.2518e-01 2.2574e-01 -1.2653e-01 -2.7756e-04 2.5989e-01 -1.2526e-01 -1.1436e-01 2.5989e-01 -1.1383e-01 2.5989e-01 -1.1383e-01 2.5989e-01 -1.1383e-01 -1.1148e-01 2.5691e-01 3.9616e-03 1.7722e-01 -1.3398e-01 -8.4809e-02 -8.5183e-02 2.5691e-01 2.5691e-01 -8.5183e-02 3.5726e-01 2.5691e-01 -8.4809e-02 2.5115e-01 -1.2572e-01 1.5558e-01 2.5400e-01 1.5290e-01 8.0918e-02 2.1061e-01 2.1061e-01 1.3248e-01 1.3863e-01 5.0515e-02 1.2626e-01 1.2626e-01 1.3156e-01 2.0662e-01 2.0662e-01 1.3783e-01 1.3704e-01 2.0662e-01 1.3202e-01 1.2518e-01 1.3704e-01 1.3704e-01 1.3704e-01 1.3213e-01 -2.7188e-02 1.3213e-01 1.3213e-01 4.3389e-03 5.0463e-03 4.3389e-03 5.0463e-03 5.0463e-03 5.0463e-03 5.0463e-03 4.5028e-02 1.0997e-02 -1.5471e-02 -1.5040e-02 3.1809e-02 3.1809e-02 3.2689e-02 -2.5192e-02 3.4103e-03 6.0625e-02
-4.0523e-02 -4.0523e-02 -4.0523e-02 -4.7418e-02 -3.9956e-02 -4.9422e-02 1.0000e+00 1.0000e+00 1.0000e+00 1.0000e+00 1.0000e+00 9.3922e-01 9.0094e-01 8.8867e-01 8.2072e-01 5.9354e-01 2.6827e-01 5.5154e-01 2.6827e-01 2.3871e-01 2.6827e-01 5.5154e-01 5.5154e-01 1.8398e-01 1.8020e-01 -1.0689e-01 -1.0689e-01 2.8397e-01 2.3699e-02 -7.9311e-02 -1.0578e-01 2.7760e-01 -8.2750e-02 2.7760e-01 2.7760e-01 -7.5766e-02 -1.0280e-01 -1.0210e-01 2.7760e-01 -1.0280e-01 2.7152e-01 -2.4314e-02 -2.5812e-02 3.0133e-01 -1.1113e-01 -2.2765e-02 3.7746e-01 2.7452e-01 -1.0971e-01 2.7452e-01 -2.5812e-02 -2.2765e-02 -2.2765e-02 2.7760e-01 1.2518e-01 2.2574e-01 -1.2653e-01 -2.7756e-04 2.5989e-01 -1.2526e-01 -1.1436e-01 2.5989e-01 -1.1383e-01 2.5989e-01 -1.1383e-01 2.5989e-01 -1.1383e-01 -1.1148e-01 2.5691e-01 3.9616e-03 1.7722e-01 -1.3398e-01 -8.4809e-02 -8.5183e-02 2.5691e-01 2.5691e-01 -8.5183e-02 3.5726e-01 2.5691e-01 -8.4809e-02 2.5115e-01 -1.2572e-01 1.5558e-01 2.5400e-01 1.5290e-01 8.0918e-02 2.1061e-01 2.1061e-01 1.3248e-01 1.3863e-01 5.0515e-02 1.2626e-01 1.2626e-01 1.3156e-01 2.0662e-01 2.0662e-01 1.3783e-01 1.3704e-01 2.0662e-01 1.3202e-01 1.2518e-01 1.3704e-01 1.3704e-01 1.3704e-01 1.3213e-01 -2.7188e-02 1.3213e-01 1.3213e-01 4.3389e-03 5.0463e-03 4.3389e-03 5.0463e-03 5.0463e-03 5.0463e-03 5.0463e-03 4.5028e-02 1.0997e-02 -1.5471e-02 -1.5040e-02 3.1809e-02 3.1809e-02 3.2689e-02 -2.5192e-02 3.4103e-03 6.0625e-02
-3.7727e-02 -3.7727e-02 -3.7727e-02 -4.1439e-02 -3.7171e-02 -4.7633e-02 9.3922e-01 9.3922e-01 9.3922e-01 9.3922e-01 9.3922e-01 1.0000e+00 9.6123e-01 9.4825e-01 8.7954e-01 6.3921e-01 2.9760e-01 5.9525e-01 2.9760e-01 2.6705e-01 2.9760e-01 5.9525e-01 5.9525e-01 2.1208e-01 1.7899e-01 -1.0147e-01 -1.0147e-01 3.1916e-01 1.9184e-02 -1.0333e-01 -1.2691e-01 3.1229e-01 -7.9755e-02 3.1229e-01 3.1229e-01 -9.8880e-02 -1.2323e-01 -9.6122e-02 3.1229e-01 -1.2323e-01 3.0574e-01 -2.1810e-02 -2.3286e-02 3.3790e-01 -1.0557e-01 -2.0283e-02 4.2039e-01 3.0898e-01 -1.0421e-01 3.0898e-01 -2.3286e-02 -2.0283e-02 -2.0283e-02 3.1229e-01 1.4022e-01 2.5727e-01 -1.5130e-01 3.0144e-03 2.9411e-01 -1.5001e-01 -1.2906e-01 2.9411e-01 -1.2854e-01 2.9411e-01 -1.2854e-01 2.9411e-01 -1.2854e-01 -1.0591e-01 2.9089e-01 7.2457e-03 1.8913e-01 -1.4811e-01 -8.0043e-02 -8.0407e-02 2.9089e-01 2.9089e-01 -8.0407e-02 3.9982e-01 2.9089e-01 -8.0043e-02 2.8467e-01 -1.4076e-01 1.6791e-01 2.8775e-01 1.6521e-01 9.4115e-02 2.4102e-01 2.4102e-01 1.5046e-01 1.5086e-01 5.4166e-02 1.4130e-01 1.4130e-01 1.4956e-01 2.3673e-01 2.3673e-01 1.5005e-01 1.4926e-01 2.3673e-01 1.5001e-01 1.4022e-01 1.4926e-01 1.4926e-01 1.4926e-01 1.4668e-01 -2.6204e-02 1.4668e-01 1.4668e-01 9.7183e-03 1.0423e-02 9.7183e-03 1.0423e-02 1.0423e-02 1.0423e-02 1.0423e-02 5.0472e-02 2.3858e-02 -2.9408e-02 -2.8989e-02 4.5906e-02 4.5906e-02 4.6763e-02 -1.5519e-02 -3.1773e-03 5.5980e-02
-3.4784e-02 -3.4784e-02 -3.4784e-02 -3.5088e-02 -3.4240e-02 -4.5787e-02 9.0094e-01 9.0094e-01 9.0094e-01 9.0094e-01 9.0094e-01 9.6123e-01 1.0000e+00 9.8659e-01 9.1510e-01 6.6681e-01 3.1621e-01 6.2135e-01 3.1621e-01 2.8526e-01 3.1621e-01 6.2135e-01 6.2135e-01 2.3168e-01 1.9907e-01 -9.5808e-02 -9.5808e-02 3.3484e-01 1.4370e-02 -1.1820e-01 -1.3921e-01 3.2778e-01 -7.6663e-02 3.2778e-01 3.2778e-01 -1.1290e-01 -1.3484e-01 -8.9855e-02 3.2778e-01 -1.3484e-01 3.2106e-01 -1.9156e-02 -2.0611e-02 3.5409e-01 -9.9778e-02 -1.7651e-02 4.3901e-01 3.2438e-01 -9.8457e-02 3.2438e-01 -2.0611e-02 -1.7651e-02 -1.7651e-02 3.2778e-01 1.3452e-01 2.7113e-01 -1.6625e-01 6.5503e-03 3.0890e-01 -1.6495e-01 -1.2298e-01 3.0890e-01 -1.2248e-01 3.0890e-01 -1.2248e-01 3.0890e-01 -1.2248e-01 -1.0011e-01 3.0559e-01 1.0780e-02 1.7122e-01 -1.4040e-01 -7.5052e-02 -7.5405e-02 3.0559e-01 3.0559e-01 -7.5405e-02 4.1763e-01 3.0559e-01 -7.5052e-02 2.9921e-01 -1.3503e-01 1.5407e-01 3.0237e-01 1.5152e-01 8.6115e-02 2.5450e-01 2.5450e-01 1.4898e-01 1.3797e-01 5.8165e-02 1.3555e-01 1.3555e-01 1.4812e-01 2.5011e-01 2.5011e-01 1.3721e-01 1.3646e-01 2.5011e-01 1.4855e-01 1.3452e-01 1.3646e-01 1.3646e-01 1.3646e-01 1.3989e-01 -2.5188e-02 1.3989e-01 1.3989e-01 1.5504e-02 1.6206e-02 1.5504e-02 1.6206e-02 1.6206e-02 1.6206e-02 1.6206e-02 5.6388e-02 3.7691e-02 -4.4403e-02 -4.3996e-02 6.1097e-02 6.1097e-02 6.1931e-02 -5.1664e-03 -1.0249e-02 3.7103e-02
-3.5782e-02 -3.5782e-02 -3.5782e-02 -3.7250e-02 -3.5235e-02 -2.2936e-02 8.8867e-01 8.8867e-01 8.8867e-01 8.8867e-01 8.8867e-01 9.4825e-01 9.8659e-01 1.0000e+00 9.3129e-01 6.7936e-01 3.2293e-01 6.3374e-01 3.2293e-01 2.9143e-01 3.2293e-01 6.3374e-01 6.3374e-01 2.3567e-01 2.0260e-01 -9.7724e-02 -9.7724e-02 3.5170e-01 1.9445e-02 -1.2038e-01 -1.4193e-01 3.4435e-01 -7.7705e-02 3.4435e-01 3.4435e-01 -1.1529e-01 -1.3776e-01 -9.1979e-02 3.4435e-01 -1.3776e-01 3.3735e-01 -2.0059e-02 -2.1520e-02 3.7176e-01 -1.0174e-01 -1.8547e-02 4.6030e-01 3.4081e-01 -1.0040e-01 3.4081e-01 -2.1520e-02 -1.8547e-02 -1.8547e-02 3.4435e-01 1.4007e-01 2.8646e-01 -1.7282e-01 5.3419e-03 3.2589e-01 -1.7150e-01 -1.2866e-01 3.2589e-01 -1.2815e-01 3.2589e-01 -1.2815e-01 3.2589e-01 -1.2815e-01 -1.0207e-01 3.2244e-01 9.5711e-03 1.8241e-01 -1.4681e-01 -7.6743e-02 -7.7099e-02 3.2244e-01 3.2244e-01 -7.7099e-02 4.3957e-01 3.2244e-01 -7.6743e-02 3.1577e-01 -1.4060e-01 1.6326e-01 3.1906e-01 1.6064e-01 9.2501e-02 2.6910e-01 2.6910e-01 1.5291e-01 1.4666e-01 5.6789e-02 1.4112e-01 1.4112e-01 1.5204e-01 2.6453e-01 2.6453e-01 1.4588e-01 1.4511e-01 2.6453e-01 1.5247e-01 1.4007e-01 1.4511e-01 1.4511e-01 1.4511e-01 1.4591e-01 -2.5531e-02 1.4591e-01 1.4591e-01 1.3526e-02 1.4229e-02 1.3526e-02 1.4229e-02 1.4229e-02 1.4229e-02 1.4229e-02 5.4359e-02 4.3445e-02 -4.9646e-02 -4.9232e-02 5.5900e-02 5.5900e-02 5.6742e-02 -8.7002e-03 -7.8327e-03 3.4337e-02
-3.0588e-02 -3.0588e-02 -3.0588e-02 -2.5921e-02 -3.0060e-02 -1.8146e-02 8.2072e-01 8.2072e-01 8.2072e-01 8.2072e-01 8.2072e-01 8.7954e-01 9.1510e-01 9.3129e-01 1.0000e+00 7.3253e-01 3.5829e-01 6.8404e-01 3.5829e-01 3.2592e-01 3.5829e-01 6.8404e-01 6.8404e-01 2.2653e-01 1.9553e-01 -1.0026e-01 -1.0026e-01 3.8244e-01 2.5727e-02 -1.2078e-01 -1.5014e-01 3.7472e-01 -7.2367e-02 3.7472e-01 3.7472e-01 -1.1446e-01 -1.4476e-01 -9.3172e-02 3.7472e-01 -1.4476e-01 3.6736e-01 -1.5339e-02 -1.6766e-02 4.0356e-01 -1.0388e-01 -1.3861e-02 4.9701e-01 3.7099e-01 -1.0267e-01 3.7099e-01 -1.6766e-02 -1.3861e-02 -1.3861e-02 3.7472e-01 1.4597e-01 3.1358e-01 -1.7601e-01 1.1727e-02 3.5493e-01 -1.7475e-01 -1.3384e-01 3.5493e-01 -1.3335e-01 3.5493e-01 -1.3335e-01 3.5493e-01 -1.3335e-01 -1.0418e-01 3.5131e-01 1.5965e-02 2.0550e-01 -1.6202e-01 -8.1589e-02 -8.1902e-02 3.5131e-01 3.5131e-01 -8.1902e-02 4.7480e-01 3.5131e-01 -8.1589e-02 3.4431e-01 -1.5811e-01 1.8716e-01 3.4777e-01 1.8449e-01 9.4289e-02 2.9544e-01 2.9544e-01 1.5462e-01 1.7029e-01 6.4162e-02 1.5862e-01 1.5862e-01 1.5380e-01 2.9067e-01 2.9067e-01 1.6950e-01 1.6871e-01 2.9067e-01 1.5421e-01 1.5760e-01 1.6871e-01 1.6871e-01 1.6871e-01 1.5027e-01 -2.3777e-02 1.5027e-01 1.5027e-01 6.2176e-03 6.8461e-03 6.2176e-03 6.8461e-03 6.8461e-03 6.8461e-03 6.8461e-03 4.2474e-02 5.7976e-02 -6.6403e-02 -6.6013e-02 5.0063e-02 5.0063e-02 5.0846e-02 -1.3510e-02 -5.7746e-03 4.8996e-02
-1.9044e-02 -1.9044e-02 -1.9044e-02 -1.8683e-02 -1.8207e-02 -3.7720e-02 5.9354e-01 5.9354e-01 5.9354e-01 5.9354e-01 5.9354e-01 6.3921e-01 6.6681e-01 6.7936e-01 7.3253e-01 1.0000e+00 4.7832e-01 9.1196e-01 4.7832e-01 4.4557e-01 4.7832e-01 9.1196e-01 9.1196e-01 2.9437e-01 2.5351e-01 -1.2976e-01 -1.2976e-01 5.8500e-01 7.3166e-02 -1.5708e-01 -1.9603e-01 5.7351e-01 -8.3035e-02 5.7351e-01 5.7351e-01 -1.5505e-01 -1.9499e-01 -1.2712e-01 5.7351e-01 -1.9499e-01 5.6257e-01 2.6073e-02 2.3278e-02 4.8159e-01 -1.3458e-01 -3.2894e-02 6.4110e-01 4.9595e-01 -1.3297e-01 4.9595e-01 2.3278e-02 -3.2894e-02 -3.2894e-02 5.0091e-01 1.8455e-01 4.3137e-01 -2.3050e-01 -1.3313e-02 4.8771e-01 -2.2883e-01 -1.7488e-01 4.8771e-01 -1.7424e-01 4.8771e-01 -1.7424e-01 4.8771e-01 -1.7424e-01 -1.3498e-01 4.8276e-01 -8.9864e-03 2.5911e-01 -1.9317e-01 -1.0480e-01 -1.0522e-01 4.4646e-01 4.4646e-01 -1.0522e-01 5.8139e-01 4.4646e-01 -1.0480e-01 4.3749e-01 -1.5812e-01 2.2057e-01 4.4192e-01 2.1721e-01 1.3006e-01 3.9073e-01 3.9073e-01 1.5751e-01 2.1007e-01 3.0944e-01 1.6779e-01 1.6779e-01 1.5645e-01 3.8441e-01 3.8441e-01 2.0905e-01 2.0804e-01 3.8441e-01 1.5698e-01 1.6651e-01 2.0804e-01 2.0804e-01 2.0804e-01 1.7805e-01 2.6430e-03 1.7805e-01 1.7805e-01 1.0654e-02 1.1495e-02 1.0654e-02 1.1495e-02 1.1495e-02 1.1495e-02 1.1495e-02 5.9279e-02 9.0464e-02 -8.9335e-02 -9.7405e-02 3.6790e-02 3.6790e-02 3.7807e-02 -2.3476e-04 -4.9337e-03 1.5026e-02
3.2449e-03 3.2449e-03 3.2449e-03 -2.3523e-02 5.1448e-03 -8.8765e-02 2.6827e-01 2.6827e-01 2.6827e-01 2.6827e-01 2.6827e-01 2.9760e-01 3.1621e-01 3.2293e-01 3.5829e-01 4.7832e-01 1.0000e+00 5.2939e-01 1.0000e+00 9.1238e-01 1.0000e+00 5.2939e-01 5.2939e-01 1.1761e-01 5.0918e-02 -2.2293e-01 -2.2293e-01 2.8699e-01 6.7933e-02 -2.7296e-01 -6.3807e-02 2.8907e-01 -1.3460e-01 2.8907e-01 2.8907e-01 -2.8158e-01 -7.4887e-02 -2.3124e-01 2.8907e-01 -7.4887e-02 3.1242e-01 -1.1091e-02 -3.5699e-03 2.6476e-01 -2.2712e-01 -3.1189e-02 3.4337e-01 3.0618e-01 -2.2382e-01 3.0618e-01 -3.5699e-03 -3.1189e-02 -3.1189e-02 3.1065e-01 3.4659e-01 3.2182e-01 -4.1984e-01 -2.1035e-02 3.1521e-01 -4.1664e-01 -3.3997e-01 3.1521e-01 -3.3871e-01 3.1521e-01 -3.3871e-01 3.1521e-01 -3.3871e-01 -2.2795e-01 3.1065e-01 -1.2344e-02 1.3653e-01 -1.4880e-01 -1.8998e-01 -1.9083e-01 2.8907e-01 2.8907e-01 -1.9083e-01 3.3686e-01 2.8907e-01 -1.9625e-01 2.9118e-01 -1.2249e-01 1.1427e-01 2.9548e-01 1.0977e-01 2.0213e-01 2.3874e-01 2.3874e-01 6.3851e-02 9.1845e-02 1.6131e-01 1.2360e-01 1.2360e-01 6.6985e-02 2.3243e-01 2.3243e-01 8.4100e-02 8.9086e-02 2.3243e-01 6.2867e-02 1.2138e-01 8.9086e-02 8.9086e-02 8.9086e-02 1.9373e-02 -2.1025e-02 1.9373e-02 1.9373e-02 1.2241e-02 1.3852e-02 1.2241e-02 1.3852e-02 1.3852e-02 1.3852e-02 1.3852e-02 4.2250e-02 3.2750e-02 -1.8895e-02 -1.7922e-02 -2.3077e-03 -2.3077e-03 -5.4899e-03 -8.9295e-03 1.0358e-02 -1.2889e-02
9.0218e-03 9.0218e-03 9.0218e-03 -5.8862e-03 1.0075e-02 -4.0381e-02 5.5154e-01 5.5154e-01 5.5154e-01 5.5154e-01 5.5154e-01 5.9525e-01 6.2135e-01 6.3374e-01 6.8404e-01 9.1196e-01 5.2939e-01 1.0000e+00 5.2939e-01 4.8300e-01 5.2939e-01 1.0000e+00 1.0000e+00 2.9876e-01 2.5661e-01 -1.3574e-01 -1.3574e-01 5.8084e-01 7.1245e-02 -1.6396e-01 -2.0426e-01 5.8694e-01 -8.6879e-02 5.8694e-01 5.8694e-01 -1.6244e-01 -2.0375e-01 -1.3361e-01 5.8694e-01 -2.0375e-01 5.5839e-01 4.1198e-02 3.8024e-02 4.8159e-01 -1.4071e-01 -1.5464e-02 6.6271e-01 4.9399e-01 -1.3905e-01 4.9399e-01 3.8024e-02 -1.5464e-02 -1.5464e-02 4.9898e-01 1.7584e-01 4.2969e-01 -2.2295e-01 3.2652e-03 4.8635e-01 -2.2125e-01 -1.6643e-01 4.8635e-01 -1.6577e-01 4.8635e-01 -1.6577e-01 4.8635e-01 -1.6577e-01 -1.4112e-01 4.8138e-01 8.5046e-03 2.5702e-01 -1.8594e-01 -1.0999e-01 -1.1043e-01 4.4620e-01 4.4620e-01 -1.1043e-01 6.0548e-01 4.4620e-01 -1.0999e-01 4.3715e-01 -1.5900e-01 2.2779e-01 4.4162e-01 2.2431e-01 1.1464e-01 3.5847e-01 3.5847e-01 1.6291e-01 1.9542e-01 2.9782e-01 1.5966e-01 1.5966e-01 1.6181e-01 3.5246e-01 3.5246e-01 1.9441e-01 1.9341e-01 3.5246e-01 1.6236e-01 1.5835e-01 1.9341e-01 1.9341e-01 1.9341e-01 1.7953e-01 -3.2580e-02 1.7953e-01 1.7953e-01 1.7945e-02 1.8845e-02 1.7945e-02 1.8845e-02 1.8845e-02 1.8845e-02 1.8845e-02 7.0243e-02 5.7167e-02 -5.5243e-02 -6.3039e-02 4.6475e-02 4.6475e-02 4.7535e-02 1.4633e-02 -1.9704e-02 7.1607e-03
3.2449e-03 3.2449e-03 3.2449e-03 -2.3523e-02 5.1448e-03 -8.8765e-02 2.6827e-01 2.6827e-01 2.6827e-01 2.6827e-01 2.6827e-01 2.9760e-01 3.1621e-01 3.2293e-01 3.5829e-01 4.7832e-01 1.0000e+00 5.2939e-01 1.0000e+00 9.1238e-01 1.0000e+00 5.2939e-01 5.2939e-01 1.1761e-01 5.0918e-02 -2.2293e-01 -2.2293e-01 2.8699e-01 6.7933e-02 -2.7296e-01 -6.3807e-02 2.8907e-01 -1.3460e-01 2.8907e-01 2.8907e-01 -2.8158e-01 -7.4887e-02 -2.3124e-01 2.8907e-01 -7.4887e-02 3.1242e-01 -1.1091e-02 -3.5699e-03 2.6476e-01 -2.2712e-01 -3.1189e-02 3.4337e-01 3.0618e-01 -2.2382e-01 3.0618e-01 -3.5699e-03 -3.1189e-02 -3.1189e-02 3.1065e-01 3.4659e-01 3.2182e-01 -4.1984e-01 -2.1035e-02 3.1521e-01 -4.1664e-01 -3.3997e-01 3.1521e-01 -3.3871e-01 3.1521e-01 -3.3871e-01 3.1521e-01 -3.3871e-01 -2.2795e-01 3.1065e-01 -1.2344e-02 1.3653e-01 -1.4880e-01 -1.8998e-01 -1.9083e-01 2.8907e-01 2.8907e-01 -1.9083e-01 3.3686e-01 2.8907e-01 -1.9625e-01 2.9118e-01 -1.2249e-01 1.1427e-01 2.9548e-01 1.0977e-01 2.0213e-01 2.3874e-01 2.3874e-01 6.3851e-02 9.1845e-02 1.6131e-01 1.2360e-01 1.2360e-01 6.6985e-02 2.3243e-01 2.3243e-01 8.4100e-02 8.9086e-02 2.3243e-01 6.2867e-02 1.2138e-01 8.9086e-02 8.9086e-02 8.9086e-02 1.9373e-02 -2.1025e-02 1.9373e-02 1.9373e-02 1.2241e-02 1.3852e-02 1.2241e-02 1.3852e-02 1.3852e-02 1.3852e-02 1.3852e-02 4.2250e-02 3.2750e-02 -1.8895e-02 -1.7922e-02 -2.3077e-03 -2.3077e-03 -5.4899e-03 -8.9295e-03 1.0358e-02 -1.2889e-02
1.1017e-02 1.1017e-02 1.1017e-02 -2.2781e-02 1.3148e-02 -8.9783e-02 2.3871e-01 2.3871e-01 2.3871e-01 2.3871e-01 2.3871e-01 2.6705e-01 2.8526e-01 2.9143e-01 3.2592e-01 4.4557e-01 9.1238e-01 4.8300e-01 9.1238e-01 1.0000e+00 9.1238e-01 4.8300e-01 4.8300e-01 1.2743e-01 5.4384e-02 -2.5457e-01 -2.5457e-01 2.6458e-01 1.2952e-02 -3.0957e-01 -1.2255e-01 2.6606e-01 -1.5536e-01 2.6606e-01 2.6606e-01 -3.1969e-01 -1.3521e-01 -2.6433e-01 2.6606e-01 -1.3521e-01 2.8770e-01 -2.6451e-02 -1.9679e-02 2.4482e-01 -2.4380e-01 -4.5130e-02 3.1138e-01 2.8203e-01 -2.5092e-01 2.8203e-01 -1.9679e-02 -4.5130e-02 -4.5130e-02 2.8650e-01 2.9728e-01 2.9437e-01 -3.7111e-01 -3.5692e-02 2.9107e-01 -3.6782e-01 -2.8580e-01 2.9107e-01 -2.8448e-01 2.9107e-01 -2.8448e-01 2.9107e-01 -2.8448e-01 -2.5541e-01 2.8650e-01 -2.6727e-02 1.0859e-01 -1.0608e-01 -2.1068e-01 -2.1161e-01 2.6606e-01 2.6606e-01 -2.1161e-01 3.0541e-01 2.6606e-01 -2.1662e-01 2.6758e-01 -7.4962e-02 8.1137e-02 2.7189e-01 7.6488e-02 1.5198e-01 2.1424e-01 2.1424e-01 1.0836e-02 5.7384e-02 1.4364e-01 7.1047e-02 7.1047e-02 1.3540e-02 2.0788e-01 2.0788e-01 4.9924e-02 5.4524e-02 2.0788e-01 9.7714e-03 7.3791e-02 5.4524e-02 5.4524e-02 5.4524e-02 -1.3867e-02 -9.8815e-03 -1.3867e-02 -1.3867e-02 3.3150e-02 3.4997e-02 3.3150e-02 3.4997e-02 3.4997e-02 3.4997e-02 3.4997e-02 2.1404e-02 2.0285e-02 -2.2301e-03 -1.1677e-03 1.8236e-02 1.8236e-02 1.0666e-02 2.5823e-03 9.4899e-03 -5.8356e-03
3.2449e-03 3.2449e-03 3.2449e-03 -2.3523e-02 5.1448e-03 -8.8765e-02 2.6827e-01 2.6827e-01 2.6827e-01 2.6827e-01 2.6827e-01 2.9760e-01 3.1621e-01 3.2293e-01 3.5829e-01 4.7832e-01 1.0000e+00 5.2939e-01 1.0000e+00 9.1238e-01 1.0000e+00 5.2939e-01 5.2939e-01 1.1761e-01 5.0918e-02 -2.2293e-01 -2.2293e-01 2.8699e-01 6.7933e-02 -2.7296e-01 -6.3807e-02 2.8907e-01 -1.3460e-01 2.8907e-01 2.8907e-01 -2.8158e-01 -7.4887e-02 -2.3124e-01 2.8907e-01 -7.4887e-02 3.1242e-01 -1.1091e-02 -3.5699e-03 2.6476e-01 -2.2712e-01 -3.1189e-02 3.4337e-01 3.0618e-01 -2.2382e-01 3.0618e-01 -3.5699e-03 -3.1189e-02 -3.1189e-02 3.1065e-01 3.4659e-01 3.2182e-01 -4.1984e-01 -2.1035e-02 3.1521e-01 -4.1664e-01 -3.3997e-01 3.1521e-01 -3.3871e-01 3.1521e-01 -3.3871e-01 3.1521e-01 -3.3871e-01 -2.2795e-01 3.1065e-01 -1.2344e-02 1.3653e-01 -1.4880e-01 -1.8998e-01 -1.9083e-01 2.8907e-01 2.8907e-01 -1.9083e-01 3.3686e-01 2.8907e-01 -1.9625e-01 2.9118e-01 -1.2249e-01 1.1427e-01 2.9548e-01 1.0977e-01 2.0213e-01 2.3874e-01 2.3874e-01 6.3851e-02 9.1845e-02 1.6131e-01 1.2360e-01 1.2360e-01 6.6985e-02 2.3243e-01 2.3243e-01 8.4100e-02 8.9086e-02 2.3243e-01 6.2867e-02 1.2138e-01 8.9086e-02 8.9086e-02 8.9086e-02 1.9373e-02 -2.1025e-02 1.9373e-02 1.9373e-02 1.2241e-02 1.3852e-02 1.2241e-02 1.3852e-02 1.3852e-02 1.3852e-02 1.3852e-02 4.2250e-02 3.2750e-02 -1.8895e-02 -1.7922e-02 -2.3077e-03 -2.3077e-03 -5.4899e-03 -8.9295e-03 1.0358e-02 -1.2889e-02
9.0218e-03 9.0218e-03 9.0218e-03 -5.8862e-03 1.0075e-02 -4.0381e-02 5.5154e-01 5.5154e-01 5.5154e-01 5.5154e-01 5.5154e-01 5.9525e-01 6.2135e-01 6.3374e-01 6.8404e-01 9.1196e-01 5.2939e-01 1.0000e+00 5.2939e-01 4.8300e-01 5.2939e-01 1.0000e+00 1.0000e+00 2.9876e-01 2.5661e-01 -1.3574e-01 -1.3574e-01 5.8084e-01 7.1245e-02 -1.6396e-01 -2.0426e-01 5.8694e-01 -8.6879e-02 5.8694e-01 5.8694e-01 -1.6244e-01 -2.0375e-01 -1.3361e-01 5.8694e-01 -2.0375e-01 5.5839e-01 4.1198e-02 3.8024e-02 4.8159e-01 -1.4071e-01 -1.5464e-02 6.6271e-01 4.9399e-01 -1.3905e-01 4.9399e-01 3.8024e-02 -1.5464e-02 -1.5464e-02 4.9898e-01 1.7584e-01 4.2969e-01 -2.2295e-01 3.2652e-03 4.8635e-01 -2.2125e-01 -1.6643e-01 4.8635e-01 -1.6577e-01 4.8635e-01 -1.6577e-01 4.8635e-01 -1.6577e-01 -1.4112e-01 4.8138e-01 8.5046e-03 2.5702e-01 -1.8594e-01 -1.0999e-01 -1.1043e-01 4.4620e-01 4.4620e-01 -1.1043e-01 6.0548e-01 4.4620e-01 -1.0999e-01 4.3715e-01 -1.5900e-01 2.2779e-01 4.4162e-01 2.2431e-01 1.1464e-01 3.5847e-01 3.5847e-01 1.6291e-01 1.9542e-01 2.9782e-01 1.5966e-01 1.5966e-01 1.6181e-01 3.5246e-01 3.5246e-01 1.9441e-01 1.9341e-01 3.5246e-01 1.6236e-01 1.5835e-01 1.9341e-01 1.9341e-01 1.9341e-01 1.7953e-01 -3.2580e-02 1.7953e-01 1.7953e-01 1.7945e-02 1.8845e-02 1.7945e-02 1.8845e-02 1.8845e-02 1.8845e-02 1.8845e-02 7.0243e-02 5.7167e-02 -5.5243e-02 -6.3039e-02 4.6475e-02 4.6475e-02 4.7535e-02 1.4633e-02 -1.9704e-02 7.1607e-03
9.0218e-03 9.0218e-03 9.0218e-03 -5.8862e-03 1.0075e-02 -4.0381e-02 5.5154e-01 5.5154e-01 5.5154e-01 5.5154e-01 5.5154e-01 5.9525e-01 6.2135e-01 6.3374e-01 6.8404e-01 9.1196e-01 5.2939e-01 1.0000e+00 5.2939e-01 4.8300e-01 5.2939e-01 1.0000e+00 1.0000e+00 2.9876e-01 2.5661e-01 -1.3574e-01 -1.3574e-01 5.8084e-01 7.1245e-02 -1.6396e-01 -2.0426e-01 5.8694e-01 -8.6879e-02 5.8694e-01 5.8694e-01 -1.6244e-01 -2.0375e-01 -1.3361e-01 5.8694e-01 -2.0375e-01 5.5839e-01 4.1198e-02 3.8024e-02 4.8159e-01 -1.4071e-01 -1.5464e-02 6.6271e-01 4.9399e-01 -1.3905e-01 4.9399e-01 3.8024e-02 -1.5464e-02 -1.5464e-02 4.9898e-01 1.7584e-01 4.2969e-01 -2.2295e-01 3.2652e-03 4.8635e-01 -2.2125e-01 -1.6643e-01 4.8635e-01 -1.6577e-01 4.8635e-01 -1.6577e-01 4.8635e-01 -1.6577e-01 -1.4112e-01 4.8138e-01 8.5046e-03 2.5702e-01 -1.8594e-01 -1.0999e-01 -1.1043e-01 4.4620e-01 4.4620e-01 -1.1043e-01 6.0548e-01 4.4620e-01 -1.0999e-01 4.3715e-01 -1.5900e-01 2.2779e-01 4.4162e-01 2.2431e-01 1.1464e-01 3.5847e-01 3.5847e-01 1.6291e-01 1.9542e-01 2.9782e-01 1.5966e-01 1.5966e-01 1.6181e-01 3.5246e-01 3.5246e-01 1.9441e-01 1.9341e-01 3.5246e-01 1.6236e-01 1.5835e-01 1.9341e-01 1.9341e-01 1.9341e-01 1.7953e-01 -3.2580e-02 1.7953e-01 1.7953e-01 1.7945e-02 1.8845e-02 1.7945e-02 1.8845e-02 1.8845e-02 1.8845e-02 1.8845e-02 7.0243e-02 5.7167e-02 -5.5243e-02 -6.3039e-02 4.6475e-02 4.6475e-02 4.7535e-02 1.4633e-02 -1.9704e-02 7.1607e-03
8.7693e-03 8.7693e-03 8.7693e-03 -2.2704e-02 1.9823e-02 -1.4494e-01 1.8398e-01 1.8398e-01 1.8398e-01 1.8398e-01 1.8398e-01 2.1208e-01 2.3168e-01 2.3567e-01 2.2653e-01 2.9437e-01 1.1761e-01 2.9876e-01 1.1761e-01 1.2743e-01 1.1761e-01 2.9876e-01 2.9876e-01 1.0000e+00 8.6885e-01 -4.1432e-01 -4.1432e-01 3.0897e-01 -3.5382e-01 -4.8702e-01 -4.9572e-01 3.0648e-01 -2.6548e-01 3.0648e-01 3.0648e-01 -5.0351e-01 -5.1483e-01 -4.3001e-01 3.0648e-01 -5.1483e-01 2.8681e-01 1.0881e-01 1.0938e-01 2.5527e-01 -3.7319e-01 9.8260e-02 2.2350e-01 2.3971e-01 -3.6817e-01 2.3971e-01 1.0938e-01 9.8260e-02 9.8260e-02 2.3596e-01 2.2791e-01 1.8155e-01 -3.2483e-01 1.0358e-01 2.2329e-01 -3.2536e-01 -2.2617e-01 2.2329e-01 -2.2881e-01 2.2329e-01 -2.2881e-01 2.2329e-01 -2.2881e-01 -3.5136e-01 2.1833e-01 1.0237e-01 3.6068e-02 -3.0605e-01 -3.2013e-01 -3.2140e-01 2.0070e-01 2.0070e-01 -3.2140e-01 1.9672e-01 2.0070e-01 -3.2013e-01 1.9135e-01 -3.2612e-01 7.5700e-02 1.9598e-01 8.0170e-02 -1.1935e-01 1.2338e-01 1.2338e-01 4.7901e-01 4.0378e-02 1.0334e-01 2.8406e-01 2.8406e-01 4.7580e-01 1.2411e-01 1.2411e-01 3.8431e-02 4.1680e-02 1.2411e-01 4.7740e-01 2.8049e-01 4.1680e-02 4.1680e-02 4.1680e-02 2.6139e-01 1.1990e-01 2.6139e-01 2.6139e-01 -2.5844e-02 -2.3532e-02 -2.5844e-02 -2.3532e-02 -2.3532e-02 -2.3532e-02 -2.3532e-02 1.9917e-02 8.3592e-02 -8.8553e-02 -8.2862e-02 6.1260e-02 6.1260e-02 6.0122e-02 9.9365e-03 -1.4864e-03 3.6354e-02
-4.3741e-03 -4.3741e-03 -4.3741e-03 -4.7961e-02 6.7832e-03 -1.7095e-01 1.8020e-01 1.8020e-01 1.8020e-01 1.8020e-01 1.8020e-01 1.7899e-01 1.9907e-01 2.0260e-01 1.9553e-01 2.5351e-01 5.0918e-02 2.5661e-01 5.0918e-02 5.4384e-02 5.0918e-02 2.5661e-01 2.5661e-01 8.6885e-01 1.0000e+00 -4.4471e-01 -4.4471e-01 2.6799e-01 -2.1425e-01 -3.0112e-01 -3.3383e-01 2.6498e-01 -3.0838e-01 2.6498e-01 2.6498e-01 -3.2377e-01 -3.5750e-01 -4.6404e-01 2.6498e-01 -3.5750e-01 2.4529e-01 6.7192e-02 7.6630e-02 2.1736e-01 -4.0767e-01 5.7398e-02 2.0268e-01 2.0834e-01 -4.0183e-01 2.0834e-01 7.6630e-02 5.7398e-02 5.7398e-02 2.0506e-01 3.5788e-01 1.7169e-01 -2.5574e-01 6.2342e-02 1.9312e-01 -2.5581e-01 -3.5581e-01 1.9312e-01 -3.5800e-01 1.9312e-01 -3.5800e-01 1.9312e-01 -3.5800e-01 -3.8671e-01 1.8794e-01 6.2069e-02 2.8324e-01 -4.3729e-01 -3.6746e-01 -3.6891e-01 1.7082e-01 1.7082e-01 -3.6891e-01 1.7718e-01 1.7082e-01 -3.6746e-01 1.6102e-01 -4.3233e-01 2.7113e-01 1.6588e-01 2.7317e-01 1.7429e-02 8.9434e-02 8.9434e-02 5.4714e-01 2.1730e-01 9.9809e-02 3.8758e-01 3.8758e-01 5.4345e-01 8.9527e-02 8.9527e-02 2.1474e-01 2.1724e-01 8.9527e-02 5.4529e-01 3.8340e-01 2.1724e-01 2.1724e-01 2.1724e-01 3.8080e-01 9.9809e-02 3.8080e-01 3.8080e-01 -3.7947e-02 -3.5334e-02 -3.7947e-02 -3.5334e-02 -3.5334e-02 -3.5334e-02 -3.5334e-02 1.8755e-02 3.4388e-02 -3.8651e-02 -4.5022e-02 5.6564e-02 5.6564e-02 5.5984e-02 8.2692e-03 2.9579e-02 1.4515e-02
-3.6470e-02 -3.6470e-02 -3.6470e-02 -4.6674e-02 -3.4367e-02 1.0674e-01 -1.0689e-01 -1.0689e-01 -1.0689e-01 -1.0689e-01 -1.0689e-01 -1.0147e-01 -9.5808e-02 -9.7724e-02 -1.0026e-01 -1.2976e-01 -2.2293e-01 -1.3574e-01 -2.2293e-01 -2.5457e-01 -2.2293e-01 -1.3574e-01 -1.3574e-01 -4.1432e-01 -4.4471e-01 1.0000e+00 1.0000e+00 -1.4769e-01 6.1472e-01 8.5096e-01 6.9887e-01 -1.5041e-01 6.4208e-01 -1.5041e-01 -1.5041e-01 8.1961e-01 6.7525e-01 9.5848e-01 -1.5041e-01 6.7525e-01 -1.5310e-01 5.1050e-03 -5.6072e-04 -1.4069e-01 8.3489e-01 1.1007e-02 -1.1609e-01 -1.5176e-01 8.4398e-01 -1.5176e-01 -5.6072e-04 1.1007e-02 1.1007e-02 -1.5041e-01 -3.6301e-01 -1.6606e-01 2.9301e-01 -2.7392e-03 -1.4906e-01 2.9502e-01 3.5926e-01 -1.4906e-01 3.6027e-01 -1.4906e-01 3.6027e-01 -1.4906e-01 3.6027e-01 8.2763e-01 -1.5041e-01 9.1187e-03 -2.0644e-01 2.9608e-01 6.9446e-01 6.9730e-01 -1.4084e-01 -1.4084e-01 6.9730e-01 -1.0214e-01 -1.4084e-01 6.9446e-01 -1.2484e-01 2.8584e-01 -1.8513e-01 -1.3277e-01 -1.8275e-01 -5.5682e-02 -1.6630e-01 -1.6630e-01 -4.1447e-01 -2.0782e-01 -7.6609e-02 -3.0384e-01 -3.0384e-01 -4.1217e-01 -1.6050e-01 -1.6050e-01 -2.0329e-01 -2.0440e-01 -1.6050e-01 -4.1105e-01 -3.0117e-01 -2.0440e-01 -2.0440e-01 -2.0440e-01 -3.1249e-01 -7.6609e-02 -3.1249e-01 -3.1249e-01 -6.3712e-02 -6.2030e-02 -6.3712e-02 -6.2030e-02 -6.2030e-02 -6.2030e-02 -6.2030e-02 -6.2953e-02 5.5124e-02 -5.7591e-02 -6.9953e-02 -1.0395e-02 -1.0395e-02 -7.9772e-03 -4.3704e-03 3.1637e-02 -1.6612e-02
-3.6470e-02 -3.6470e-02 -3.6470e-02 -4.6674e-02 -3.4367e-02 1.0674e-01 -1.0689e-01 -1.0689e-01 -1.0689e-01 -1.0689e-01 -1.0689e-01 -1.0147e-01 -9.5808e-02 -9.7724e-02 -1.0026e-01 -1.2976e-01 -2.2293e-01 -1.3574e-01 -2.2293e-01 -2.5457e-01 -2.2293e-01 -1.3574e-01 -1.3574e-01 -4.1432e-01 -4.4471e-01 1.0000e+00 1.0000e+00 -1.4769e-01 6.1472e-01 8.5096e-01 6.9887e-01 -1.5041e-01 6.4208e-01 -1.5041e-01 -1.5041e-01 8.1961e-01 6.7525e-01 9.5848e-01 -1.5041e-01 6.7525e-01 -1.5310e-01 5.1050e-03 -5.6072e-04 -1.4069e-01 8.3489e-01 1.1007e-02 -1.1609e-01 -1.5176e-01 8.4398e-01 -1.5176e-01 -5.6072e-04 1.1007e-02 1.1007e-02 -1.5041e-01 -3.6301e-01 -1.6606e-01 2.9301e-01 -2.7392e-03 -1.4906e-01 2.9502e-01 3.5926e-01 -1.4906e-01 3.6027e-01 -1.4906e-01 3.6027e-01 -1.4906e-01 3.6027e-01 8.2763e-01 -1.5041e-01 9.1187e-03 -2.0644e-01 2.9608e-01 6.9446e-01 6.9730e-01 -1.4084e-01 -1.4084e-01 6.9730e-01 -1.0214e-01 -1.4084e-01 6.9446e-01 -1.2484e-01 2.8584e-01 -1.8513e-01 -1.3277e-01 -1.8275e-01 -5.5682e-02 -1.6630e-01 -1.6630e-01 -4.1447e-01 -2.0782e-01 -7.6609e-02 -3.0384e-01 -3.0384e-01 -4.1217e-01 -1.6050e-01 -1.6050e-01 -2.0329e-01 -2.0440e-01 -1.6050e-01 -4.1105e-01 -3.0117e-01 -2.0440e-01 -2.0440e-01 -2.0440e-01 -3.1249e-01 -7.6609e-02 -3.1249e-01 -3.1249e-01 -6.3712e-02 -6.2030e-02 -6.3712e-02 -6.2030e-02 -6.2030e-02 -6.2030e-02 -6.2030e-02 -6.2953e-02 5.5124e-02 -5.7591e-02 -6.9953e-02 -1.0395e-02 -1.0395e-02 -7.9772e-03 -4.3704e-03 3.1637e-02 -1.6612e-02
