1.0000e+00 -4.4877e-02 3.8808e-01 -9.5345e-02 -5.5869e-02 -3.5273e-02 -2.5594e-02 6.8354e-02 -3.0439e-02 1.0542e-01 -6.3836e-02 1.1017e-01 -1.5077e-02 -2.0571e-02 -3.3878e-02 -2.6156e-02 3.6551e-02
-4.4877e-02 1.0000e+00 -5.7817e-02 1.0827e-02 -2.6247e-02 -2.5198e-02 -8.7080e-02 5.0748e-02 9.9647e-03 -1.3539e-02 2.0489e-02 1.4983e-02 -1.3205e-02 8.8556e-03 3.9995e-02 5.1949e-02 -4.2949e-02
3.8808e-01 -5.7817e-02 1.0000e+00 -2.6396e-02 -2.5204e-02 -2.3609e-02 -2.5323e-02 6.2395e-02 -3.9944e-02 5.3042e-02 -4.7107e-02 4.0325e-02 -7.4440e-02 -3.0879e-02 1.6319e-02 -4.5248e-02 1.1558e-02
-9.5345e-02 1.0827e-02 -2.6396e-02 1.0000e+00 1.3748e-01 9.0792e-02 -7.9800e-02 -1.8766e-01 2.3405e-01 -2.4858e-01 4.9258e-02 1.4291e-02 -5.8398e-02 -2.8647e-02 -2.2979e-02 -1.7574e-03 -1.4685e-02
-5.5869e-02 -2.6247e-02 -2.5204e-02 1.3748e-01 1.0000e+00 8.6661e-01 1.1377e-01 -5.3302e-02 -5.1061e-02 -1.2032e-01 1.1781e-01 -1.0410e-01 -1.7762e-02 3.5459e-03 -3.2950e-02 4.0500e-02 -3.7267e-03
-3.5273e-02 -2.5198e-02 -2.3609e-02 9.0792e-02 8.6661e-01 1.0000e+00 1.3879e-01 -7.8546e-02 -5.0577e-02 -1.6782e-01 1.3662e-01 -1.2699e-01 -6.1999e-03 1.4332e-02 -3.2637e-02 5.4986e-02 1.2673e-02
-2.5594e-02 -8.7080e-02 -2.5323e-02 -7.9800e-02 1.1377e-01 1.3879e-01 1.0000e+00 -7.9040e-01 -1.0988e-01 -4.5355e-01 3.4663e-01 -2.7985e-01 5.5828e-02 -3.1824e-02 3.2181e-02 -6.5160e-02 -6.2398e-03
6.8354e-02 5.0748e-02 6.2395e-02 -1.8766e-01 -5.3302e-02 -7.8546e-02 -7.9040e-01 1.0000e+00 -1.3574e-01 6.1938e-01 -3.0036e-01 1.6810e-01 -3.6972e-02 5.5103e-02 4.6735e-02 1.7882e-02 2.4125e-02
-3.0439e-02 9.9647e-03 -3.9944e-02 2.3405e-01 -5.1061e-02 -5.0577e-02 -1.0988e-01 -1.3574e-01 1.0000e+00 -1.0537e-01 -7.7662e-02 1.8478e-01 -5.2262e-02 -1.8589e-02 -1.2422e-02 2.0116e-01 -2.9673e-02
1.0542e-01 -1.3539e-02 5.3042e-02 -2.4858e-01 -1.2032e-01 -1.6782e-01 -4.5355e-01 6.1938e-01 -1.0537e-01 1.0000e+00 -4.1059e-01 3.4725e-01 7.9728e-03 5.4050e-02 2.4945e-02 -6.5289e-02 5.9585e-02
-6.3836e-02 2.0489e-02 -4.7107e-02 4.9258e-02 1.1781e-01 1.3662e-01 3.4663e-01 -3.0036e-01 -7.7662e-02 -4.1059e-01 1.0000e+00 -2.7295e-01 8.6108e-02 -5.7297e-02 -5.0115e-02 -2.3783e-02 -2.8476e-02
1.1017e-01 1.4983e-02 4.0325e-02 1.4291e-02 -1.0410e-01 -1.2699e-01 -2.7985e-01 1.6810e-01 1.8478e-01 3.4725e-01 -2.7295e-01 1.0000e+00 -1.0628e-01 -1.7376e-02 3.3658e-02 -5.4962e-04 7.7013e-03
-1.5077e-02 -1.3205e-02 -7.4440e-02 -5.8398e-02 -1.7762e-02 -6.1999e-03 5.5828e-02 -3.6972e-02 -5.2262e-02 7.9728e-03 8.6108e-02 -1.0628e-01 1.0000e+00 -1.5898e-01 -3.3725e-02 -4.9968e-02 -6.8840e-03
-2.0571e-02 8.8556e-03 -3.0879e-02 -2.8647e-02 3.5459e-03 1.4332e-02 -3.1824e-02 5.5103e-02 -1.8589e-02 5.4050e-02 -5.7297e-02 -1.7376e-02 -1.5898e-01 1.0000e+00 -1.9192e-02 1.2027e-01 5.5112e-02
-3.3878e-02 3.9995e-02 1.6319e-02 -2.2979e-02 -3.2950e-02 -3.2637e-02 3.2181e-02 4.6735e-02 -1.2422e-02 2.4945e-02 -5.0115e-02 3.3658e-02 -3.3725e-02 -1.9192e-02 1.0000e+00 -2.3531e-02 -1.9148e-02
-2.6156e-02 5.1949e-02 -4.5248e-02 -1.7574e-03 4.0500e-02 5.4986e-02 -6.5160e-02 1.7882e-02 2.0116e-01 -6.5289e-02 -2.3783e-02 -5.4962e-04 -4.9968e-02 1.2027e-01 -2.3531e-02 1.0000e+00 -5.6208e-02
3.6551e-02 -4.2949e-02 1.1558e-02 -1.4685e-02 -3.7267e-03 1.2673e-02 -6.2398e-03 2.4125e-02 -2.9673e-02 5.9585e-02 -2.8476e-02 7.7013e-03 -6.8840e-03 5.5112e-02 -1.9148e-02 -5.6208e-02 1.0000e+00
