1.0000e+00 8.3949e-01 -3.9202e-02 1.9109e-01 2.2226e-01 1.5060e-01 2.2226e-01 1.5176e-01 -1.4502e-01 -1.0173e-01 -1.4502e-01 1.2652e-01 1.8989e-01 1.2814e-01 1.6764e-01 1.4094e-01 2.6844e-02 2.6844e-02 2.7306e-02 -2.0502e-02 -2.0502e-02 -6.9468e-02 1.4107e-02 7.9321e-03 7.9321e-03 -5.0876e-03 -9.0662e-03 -6.1722e-03 1.6063e-02 1.5571e-02 -1.1815e-02 -2.3928e-02 -2.3928e-02 1.7548e-02 -1.2815e-02 -1.2815e-02 -1.0632e-02 2.7066e-03 2.7066e-03 -3.2067e-03 -2.7066e-03 7.2842e-03 7.7996e-03 7.7996e-03 7.2686e-03 8.9360e-03 7.8213e-03 9.4981e-03 1.0632e-02 9.4981e-03 1.0063e-02 8.3771e-03 8.3771e-03 9.4981e-03 7.2686e-03 7.2686e-03 9.4981e-03 8.9360e-03 9.4981e-03 7.2686e-03 9.4981e-03 9.4981e-03 9.4981e-03 8.9360e-03 -7.5936e-03 4.1716e-02 3.7456e-02 4.0273e-02 -1.5566e-02 3.6079e-02 4.0992e-02 3.1751e-02 3.0090e-02 2.8995e-02 2.8995e-02 3.0090e-02 2.8995e-02 2.8995e-02 2.8995e-02 2.8995e-02
8.3949e-01 1.0000e+00 -3.8634e-02 2.2030e-01 2.6851e-01 1.7976e-01 2.6851e-01 1.8090e-01 -1.8466e-01 -1.1081e-01 -1.8466e-01 1.1626e-01 2.1929e-01 1.2536e-01 1.5865e-01 1.3218e-01 4.2720e-02 4.2720e-02 4.3195e-02 -5.2118e-03 -5.2118e-03 -8.0162e-02 -9.0252e-03 -1.4651e-02 -1.4651e-02 -7.4986e-03 -2.7818e-02 -8.5804e-03 5.9386e-03 5.4707e-03 -1.0873e-02 -3.9980e-02 -3.9980e-02 7.3523e-03 -1.9974e-03 -1.9974e-03 2.2834e-03 1.4647e-02 1.4647e-02 -1.5112e-02 -1.4647e-02 -4.1972e-03 -3.7139e-03 -3.7139e-03 -5.3911e-03 -3.8497e-03 -4.8800e-03 -3.3304e-03 -2.2834e-03 -3.3304e-03 -2.8083e-03 -4.3662e-03 -4.3662e-03 -3.3304e-03 -5.3911e-03 -5.3911e-03 -3.3304e-03 -3.8497e-03 -3.3304e-03 -5.3911e-03 -3.3304e-03 -3.3304e-03 -3.3304e-03 -3.8497e-03 -2.0456e-02 2.7819e-02 2.3886e-02 2.6488e-02 -2.3270e-02 2.2614e-02 2.7151e-02 2.0833e-02 1.9259e-02 1.8222e-02 1.8222e-02 1.9259e-02 1.8222e-02 1.8222e-02 1.8222e-02 1.8222e-02
-3.9202e-02 -3.8634e-02 1.0000e+00 2.1815e-01 3.5286e-01 1.6360e-01 3.5286e-01 1.6482e-01 -1.7020e-01 -8.9448e-02 -1.7020e-01 3.6840e-01 2.3043e-01 1.1811e-01 3.4494e-01 3.0015e-01 -1.1274e-01 -1.1274e-01 -1.1242e-01 -1.3988e-01 -1.3988e-01 -5.3427e-02 2.3607e-01 2.2512e-01 2.2512e-01 3.9471e-03 1.5689e-01 2.8500e-03 1.0354e-01 1.0288e-01 -4.1408e-02 1.1826e-01 1.1826e-01 1.0555e-01 6.1957e-02 6.1957e-02 5.5791e-02 3.8809e-02 3.8809e-02 -3.9256e-02 -3.8809e-02 -2.9094e-02 -2.8630e-02 -2.8630e-02 -4.4127e-02 -4.2786e-02 -4.3682e-02 -4.2336e-02 -4.1429e-02 -4.2336e-02 -4.1883e-02 -4.3235e-02 -4.3235e-02 -4.2336e-02 -4.4127e-02 -4.4127e-02 -4.2336e-02 -4.2786e-02 -4.2336e-02 -4.4127e-02 -4.2336e-02 -4.2336e-02 -4.2336e-02 -4.2786e-02 -4.4127e-02 -4.5349e-02 -4.8059e-02 -4.6261e-02 -6.1659e-02 -4.8946e-02 -4.5806e-02 -1.8771e-02 -2.0207e-02 -2.1155e-02 -2.1155e-02 -2.0207e-02 -8.2099e-03 -8.2099e-03 -8.2099e-03 -8.2099e-03
1.9109e-01 2.2030e-01 2.1815e-01 1.0000e+00 6.4460e-01 7.8144e-01 6.4460e-01 7.6975e-01 -7.1918e-01 -4.3852e-01 -7.1918e-01 5.0204e-01 6.9455e-01 4.4062e-01 5.1510e-01 4.6583e-01 2.9185e-02 2.9185e-02 2.6358e-02 -9.9670e-02 -9.9670e-02 -2.4760e-01 2.0818e-01 1.8493e-01 1.8493e-01 -8.4461e-02 3.0201e-02 -8.3539e-02 8.2665e-02 8.0640e-02 -5.4391e-02 1.4636e-01 1.4636e-01 7.3772e-02 5.5770e-02 5.5770e-02 -1.0415e-02 -1.7956e-02 -1.7956e-02 2.1274e-02 1.7956e-02 1.7438e-02 1.9505e-02 1.9505e-02 2.0040e-02 2.1000e-02 2.2259e-02 2.3241e-02 2.1980e-02 2.3241e-02 2.5495e-02 3.0210e-02 3.0210e-02 2.3241e-02 2.5728e-02 2.5728e-02 2.3241e-02 2.1000e-02 2.3241e-02 2.5728e-02 2.3241e-02 2.3241e-02 2.3241e-02 2.6735e-02 1.4351e-02 1.8159e-02 1.6096e-02 1.3335e-02 -1.4590e-02 5.3187e-03 1.5739e-02 4.7345e-02 4.6327e-02 4.7396e-02 4.7396e-02 5.1560e-02 5.7820e-02 5.7820e-02 5.7820e-02 5.7820e-02
2.2226e-01 2.6851e-01 3.5286e-01 6.4460e-01 1.0000e+00 5.0635e-01 1.0000e+00 5.0938e-01 -4.9379e-01 -3.0832e-01 -4.9379e-01 7.5247e-01 5.0584e-01 2.5002e-01 6.9416e-01 6.0792e-01 -1.2432e-01 -1.2432e-01 -1.2333e-01 -2.2771e-01 -2.2771e-01 -1.3533e-01 3.4146e-01 3.2505e-01 3.2505e-01 1.3860e-02 1.8798e-01 1.1162e-02 1.3221e-01 1.3078e-01 -7.7324e-02 9.1816e-02 9.1816e-02 1.3656e-01 -6.5520e-03 -6.5520e-03 -4.8773e-02 -4.5327e-02 -4.5327e-02 4.3899e-02 4.5327e-02 4.0524e-02 4.1920e-02 4.1920e-02 3.9627e-02 4.4160e-02 4.1129e-02 4.5688e-02 4.1793e-02 4.5688e-02 4.7226e-02 5.6446e-02 4.2640e-02 4.5688e-02 3.9627e-02 3.9627e-02 4.5688e-02 4.4160e-02 4.5688e-02 3.9627e-02 4.5688e-02 4.5688e-02 4.5688e-02 4.4160e-02 3.2761e-02 5.1553e-02 4.1554e-02 4.8171e-02 4.5993e-02 3.8315e-02 4.9855e-02 8.3124e-02 7.8774e-02 7.5907e-02 7.5907e-02 7.8774e-02 9.4781e-02 9.4781e-02 9.4781e-02 9.4781e-02
1.5060e-01 1.7976e-01 1.6360e-01 7.8144e-01 5.0635e-01 1.0000e+00 5.0635e-01 9.9008e-01 -5.5629e-01 -3.5603e-01 -5.5629e-01 4.1729e-01 5.4254e-01 3.7051e-01 4.3199e-01 3.8630e-01 -1.7693e-02 -3.1106e-02 -3.3388e-02 -6.5291e-02 -6.5291e-02 -2.5508e-01 1.3896e-01 1.2924e-01 1.2924e-01 -1.1100e-01 5.2785e-02 -1.1155e-01 5.2837e-02 5.0346e-02 -1.9540e-02 1.3472e-01 1.3472e-01 4.0931e-02 8.5711e-02 8.5711e-02 3.2024e-02 2.1896e-02 2.1896e-02 -1.9208e-02 -2.1896e-02 -2.1428e-02 -1.8891e-02 -1.8891e-02 -3.1438e-02 -4.0076e-02 -3.4301e-02 -3.7406e-02 -3.7636e-02 -3.7406e-02 -3.4722e-02 -3.1629e-02 -2.6078e-02 -3.7406e-02 -3.1438e-02 -3.1438e-02 -3.7406e-02 -4.0076e-02 -3.7406e-02 -3.1438e-02 -3.7406e-02 -3.7406e-02 -3.7406e-02 -2.8943e-02 -3.1438e-02 -3.4795e-02 -3.4028e-02 -4.0540e-02 -3.4788e-02 -3.3785e-02 -3.7677e-02 -1.5987e-02 -1.3320e-02 -1.3246e-02 -1.3246e-02 -1.3320e-02 -8.1870e-03 -8.1870e-03 -8.1870e-03 -8.1870e-03
2.2226e-01 2.6851e-01 3.5286e-01 6.4460e-01 1.0000e+00 5.0635e-01 1.0000e+00 5.0938e-01 -4.9379e-01 -3.0832e-01 -4.9379e-01 7.5247e-01 5.0584e-01 2.5002e-01 6.9416e-01 6.0792e-01 -1.2432e-01 -1.2432e-01 -1.2333e-01 -2.2771e-01 -2.2771e-01 -1.3533e-01 3.4146e-01 3.2505e-01 3.2505e-01 1.3860e-02 1.8798e-01 1.1162e-02 1.3221e-01 1.3078e-01 -7.7324e-02 9.1816e-02 9.1816e-02 1.3656e-01 -6.5520e-03 -6.5520e-03 -4.8773e-02 -4.5327e-02 -4.5327e-02 4.3899e-02 4.5327e-02 4.0524e-02 4.1920e-02 4.1920e-02 3.9627e-02 4.4160e-02 4.1129e-02 4.5688e-02 4.1793e-02 4.5688e-02 4.7226e-02 5.6446e-02 4.2640e-02 4.5688e-02 3.9627e-02 3.9627e-02 4.5688e-02 4.4160e-02 4.5688e-02 3.9627e-02 4.5688e-02 4.5688e-02 4.5688e-02 4.4160e-02 3.2761e-02 5.1553e-02 4.1554e-02 4.8171e-02 4.5993e-02 3.8315e-02 4.9855e-02 8.3124e-02 7.8774e-02 7.5907e-02 7.5907e-02 7.8774e-02 9.4781e-02 9.4781e-02 9.4781e-02 9.4781e-02
1.5176e-01 1.8090e-01 1.6482e-01 7.6975e-01 5.0938e-01 9.9008e-01 5.0938e-01 1.0000e+00 -5.6180e-01 -3.6028e-01 -5.6180e-01 4.2001e-01 5.4684e-01 3.6959e-01 4.2979e-01 3.8934e-01 -1.8525e-02 -3.1938e-02 -3.4235e-02 -6.4322e-02 -6.4322e-02 -2.6113e-01 1.4693e-01 1.3724e-01 1.3724e-01 -1.1357e-01 6.1373e-02 -1.1411e-01 5.5968e-02 5.3486e-02 -3.8677e-02 1.3747e-01 1.3747e-01 4.4034e-02 7.7761e-02 7.7761e-02 2.3935e-02 1.3910e-02 1.3910e-02 -1.1224e-02 -1.3910e-02 -1.3459e-02 -1.0921e-02 -1.0921e-02 -2.3382e-02 -3.2004e-02 -2.6240e-02 -2.9329e-02 -2.9548e-02 -2.9329e-02 -2.6639e-02 -2.3563e-02 -1.8012e-02 -2.9329e-02 -2.3382e-02 -2.3382e-02 -2.9329e-02 -3.2004e-02 -2.9329e-02 -2.3382e-02 -2.9329e-02 -2.9329e-02 -2.9329e-02 -2.0871e-02 -2.3382e-02 -2.6512e-02 -2.5805e-02 -3.2278e-02 -2.6286e-02 -2.5580e-02 -2.9405e-02 -8.0269e-03 -5.3624e-03 -5.2906e-03 -5.2906e-03 -5.3624e-03 -2.3134e-04 -2.3134e-04 -2.3134e-04 -2.3134e-04
-1.4502e-01 -1.8466e-01 -1.7020e-01 -7.1918e-01 -4.9379e-01 -5.5629e-01 -4.9379e-01 -5.6180e-01 1.0000e+00 6.4840e-01 1.0000e+00 -4.9204e-01 -7.7860e-01 -4.4715e-01 -4.9231e-01 -4.1331e-01 -8.9272e-02 -8.9272e-02 -9.1434e-02 6.3328e-02 6.3328e-02 3.3360e-01 -2.7816e-01 -2.6335e-01 -2.6335e-01 3.6169e-02 -9.1450e-02 3.5897e-02 -3.6668e-02 -3.9230e-02 1.2589e-01 -1.0087e-01 -1.0087e-01 -3.3806e-02 5.3917e-02 5.3917e-02 1.4744e-01 1.2013e-01 1.2013e-01 -1.2272e-01 -1.2013e-01 -9.8976e-02 -1.0158e-01 -1.0158e-01 -1.1874e-01 -1.3296e-01 -1.2715e-01 -1.3029e-01 -1.3055e-01 -1.3029e-01 -1.3323e-01 -1.4119e-01 -1.2448e-01 -1.3029e-01 -1.1874e-01 -1.1874e-01 -1.3029e-01 -1.2738e-01 -1.3029e-01 -1.1874e-01 -1.3029e-01 -1.3029e-01 -1.3029e-01 -1.2738e-01 -1.1319e-01 -1.4066e-01 -1.2149e-01 -1.3417e-01 -4.8069e-02 -1.1529e-01 -1.3740e-01 -1.5030e-01 -1.4747e-01 -1.5238e-01 -1.5238e-01 -1.5257e-01 -1.5746e-01 -1.5746e-01 -1.5746e-01 -1.5746e-01
-1.0173e-01 -1.1081e-01 -8.9448e-02 -4.3852e-01 -3.0832e-01 -3.5603e-01 -3.0832e-01 -3.6028e-01 6.4840e-01 1.0000e+00 6.4840e-01 -3.1904e-01 -5.0484e-01 -8.4048e-01 -3.2828e-01 -2.4267e-01 -2.9259e-01 -2.9259e-01 -2.9135e-01 -3.5196e-01 -3.5196e-01 5.6115e-01 -1.4975e-01 -1.5333e-01 -1.5333e-01 -1.0177e-01 -2.1981e-01 -1.0034e-01 8.1875e-02 8.0037e-02 2.2382e-01 -5.3534e-02 -5.3534e-02 8.7427e-02 1.2981e-01 1.2981e-01 1.2000e-01 4.7196e-02 4.7196e-02 -4.8941e-02 -4.7196e-02 -2.7989e-02 -3.1728e-02 -3.1728e-02 -4.7655e-02 -4.2155e-02 -4.5831e-02 -4.0303e-02 -4.2530e-02 -4.0303e-02 -4.4384e-02 -4.9892e-02 -4.9892e-02 -4.0303e-02 -4.1793e-02 -4.1793e-02 -4.0303e-02 -3.6246e-02 -4.0303e-02 -4.1793e-02 -4.0303e-02 -4.0303e-02 -4.0303e-02 -4.2155e-02 -3.0068e-02 -5.2452e-02 -4.5060e-02 -4.3574e-02 -2.1661e-02 -1.7661e-02 -4.7997e-02 -6.5575e-02 -6.5154e-02 -6.8460e-02 -6.8460e-02 -6.5154e-02 -6.8460e-02 -6.8460e-02 -6.8460e-02 -6.8460e-02
-1.4502e-01 -1.8466e-01 -1.7020e-01 -7.1918e-01 -4.9379e-01 -5.5629e-01 -4.9379e-01 -5.6180e-01 1.0000e+00 6.4840e-01 1.0000e+00 -4.9204e-01 -7.7860e-01 -4.4715e-01 -4.9231e-01 -4.1331e-01 -8.9272e-02 -8.9272e-02 -9.1434e-02 6.3328e-02 6.3328e-02 3.3360e-01 -2.7816e-01 -2.6335e-01 -2.6335e-01 3.6169e-02 -9.1450e-02 3.5897e-02 -3.6668e-02 -3.9230e-02 1.2589e-01 -1.0087e-01 -1.0087e-01 -3.3806e-02 5.3917e-02 5.3917e-02 1.4744e-01 1.2013e-01 1.2013e-01 -1.2272e-01 -1.2013e-01 -9.8976e-02 -1.0158e-01 -1.0158e-01 -1.1874e-01 -1.3296e-01 -1.2715e-01 -1.3029e-01 -1.3055e-01 -1.3029e-01 -1.3323e-01 -1.4119e-01 -1.2448e-01 -1.3029e-01 -1.1874e-01 -1.1874e-01 -1.3029e-01 -1.2738e-01 -1.3029e-01 -1.1874e-01 -1.3029e-01 -1.3029e-01 -1.3029e-01 -1.2738e-01 -1.1319e-01 -1.4066e-01 -1.2149e-01 -1.3417e-01 -4.8069e-02 -1.1529e-01 -1.3740e-01 -1.5030e-01 -1.4747e-01 -1.5238e-01 -1.5238e-01 -1.5257e-01 -1.5746e-01 -1.5746e-01 -1.5746e-01 -1.5746e-01
1.2652e-01 1.1626e-01 3.6840e-01 5.0204e-01 7.5247e-01 4.1729e-01 7.5247e-01 4.2001e-01 -4.9204e-01 -3.1904e-01 -4.9204e-01 1.0000e+00 6.3196e-01 3.7766e-01 9.2733e-01 8.3277e-01 -2.0476e-01 -2.0476e-01 -2.0398e-01 -2.9401e-01 -2.9401e-01 -1.1492e-01 3.9268e-01 3.7097e-01 3.7097e-01 -1.5588e-02 2.4402e-01 -1.8154e-02 2.2593e-01 2.3089e-01 -6.4999e-02 2.1313e-01 2.1313e-01 2.3684e-01 6.9930e-02 6.9930e-02 2.3587e-02 2.8513e-03 2.8513e-03 -4.0341e-03 -2.8513e-03 -5.2802e-03 -4.1180e-03 -4.1180e-03 -1.3005e-03 2.4674e-03 -5.1279e-05 3.7370e-03 -1.1734e-03 3.7370e-03 5.0138e-03 1.5983e-02 1.2046e-03 3.7370e-03 -1.3005e-03 -1.3005e-03 3.7370e-03 2.4674e-03 3.7370e-03 -1.3005e-03 3.7370e-03 3.7370e-03 3.7370e-03 2.4674e-03 -1.3005e-03 1.5476e-02 7.1207e-03 1.2652e-02 1.0411e-03 4.4099e-03 1.4059e-02 6.2680e-02 5.8849e-02 5.6325e-02 5.6325e-02 5.8849e-02 7.6528e-02 7.6528e-02 7.6528e-02 7.6528e-02
1.8989e-01 2.1929e-01 2.3043e-01 6.9455e-01 5.0584e-01 5.4254e-01 5.0584e-01 5.4684e-01 -7.7860e-01 -5.0484e-01 -7.7860e-01 6.3196e-01 1.0000e+00 5.9760e-01 6.3403e-01 5.5772e-01 1.7692e-01 1.7692e-01 1.7872e-01 3.4071e-02 3.4071e-02 -2.4051e-01 1.9826e-01 1.8232e-01 1.8232e-01 3.7841e-02 2.4782e-02 3.4105e-02 1.4012e-01 1.4325e-01 -1.0273e-01 1.5018e-01 1.5018e-01 1.3578e-01 7.2902e-02 7.2902e-02 9.9003e-04 -2.9822e-02 -2.9822e-02 3.3424e-02 2.9822e-02 3.0872e-02 3.2796e-02 3.2796e-02 3.3822e-02 4.0075e-02 3.5895e-02 4.2183e-02 4.0509e-02 4.2183e-02 4.4304e-02 4.9706e-02 3.7979e-02 4.2183e-02 3.3822e-02 3.3822e-02 4.2183e-02 4.0075e-02 4.2183e-02 3.3822e-02 4.2183e-02 4.2183e-02 4.2183e-02 4.0075e-02 2.7990e-02 3.1737e-02 1.8370e-02 2.7219e-02 7.5936e-03 1.4034e-02 2.9470e-02 5.1894e-02 5.1487e-02 5.3002e-02 5.3002e-02 5.6852e-02 6.3690e-02 6.3690e-02 6.3690e-02 6.3690e-02
1.2814e-01 1.2536e-01 1.1811e-01 4.4062e-01 2.5002e-01 3.7051e-01 2.5002e-01 3.6959e-01 -4.4715e-01 -8.4048e-01 -4.4715e-01 3.7766e-01 5.9760e-01 1.0000e+00 3.9104e-01 3.1332e-01 3.2299e-01 3.2299e-01 3.2149e-01 3.8071e-01 3.8071e-01 -4.6735e-01 8.4366e-03 9.8793e-03 9.8793e-03 3.4072e-02 8.4293e-02 3.3250e-02 -1.4313e-02 -1.2276e-02 -1.8179e-01 1.3420e-01 1.3420e-01 -2.0467e-02 -4.4593e-03 -4.4593e-03 1.8486e-02 4.2717e-02 4.2717e-02 -4.0426e-02 -4.2717e-02 -3.5208e-02 -3.2177e-02 -3.2177e-02 -3.2422e-02 -4.5311e-02 -4.0446e-02 -4.2091e-02 -4.1304e-02 -4.2091e-02 -3.8854e-02 -3.7229e-02 -3.1587e-02 -4.2091e-02 -3.8034e-02 -3.8034e-02 -4.2091e-02 -4.5311e-02 -4.2091e-02 -3.8034e-02 -4.2091e-02 -4.2091e-02 -4.2091e-02 -3.9653e-02 -4.9258e-02 -4.3602e-02 -4.5963e-02 -5.0501e-02 -2.9583e-02 -7.0676e-02 -4.7063e-02 -3.7553e-02 -3.6128e-02 -3.1762e-02 -3.1762e-02 -3.6128e-02 -3.1762e-02 -3.1762e-02 -3.1762e-02 -3.1762e-02
1.6764e-01 1.5865e-01 3.4494e-01 5.1510e-01 6.9416e-01 4.3199e-01 6.9416e-01 4.2979e-01 -4.9231e-01 -3.2828e-01 -4.9231e-01 9.2733e-01 6.3403e-01 3.9104e-01 1.0000e+00 8.7846e-01 -2.0768e-01 -2.1341e-01 -2.1831e-01 -3.0569e-01 -3.0569e-01 -1.3601e-01 3.8403e-01 3.6163e-01 3.6163e-01 1.1777e-02 2.5376e-01 9.1969e-03 2.0561e-01 2.1028e-01 -7.1825e-02 1.8388e-01 1.8388e-01 2.1637e-01 3.2134e-02 3.2134e-02 -8.5840e-03 -2.3590e-02 -2.3590e-02 2.2272e-02 2.3590e-02 3.9717e-02 4.1051e-02 4.1051e-02 3.5816e-02 3.2997e-02 3.7243e-02 3.4430e-02 3.0137e-02 3.4430e-02 3.5871e-02 4.5784e-02 4.5784e-02 3.4430e-02 4.2884e-02 4.2884e-02 3.4430e-02 3.2997e-02 3.4430e-02 4.2884e-02 3.4430e-02 3.4430e-02 3.4430e-02 4.0122e-02 3.5816e-02 5.1896e-02 5.7478e-02 4.8652e-02 3.2123e-02 3.9200e-02 5.0268e-02 7.7636e-02 8.6501e-02 9.0198e-02 9.0198e-02 7.9999e-02 9.6673e-02 9.6673e-02 9.6673e-02 9.6673e-02
1.4094e-01 1.3218e-01 3.0015e-01 4.6583e-01 6.0792e-01 3.8630e-01 6.0792e-01 3.8934e-01 -4.1331e-01 -2.4267e-01 -4.1331e-01 8.3277e-01 5.5772e-01 3.1332e-01 8.7846e-01 1.0000e+00 -2.4321e-01 -2.4321e-01 -2.4235e-01 -3.6107e-01 -3.6107e-01 -1.4917e-01 4.7445e-01 4.4943e-01 4.4943e-01 2.2706e-02 3.0712e-01 2.0037e-02 2.8486e-01 2.8914e-01 -7.8046e-02 2.3484e-01 2.3484e-01 2.9603e-01 4.5562e-02 4.5562e-02 -4.8251e-03 -3.6390e-02 -3.6390e-02 3.4974e-02 3.6390e-02 1.2418e-02 1.3761e-02 1.3761e-02 3.7389e-02 4.1929e-02 3.8894e-02 4.3460e-02 3.9596e-02 4.3460e-02 4.5001e-02 5.4163e-02 4.0407e-02 4.3460e-02 3.7389e-02 3.7389e-02 4.3460e-02 4.1929e-02 4.3460e-02 3.7389e-02 4.3460e-02 4.3460e-02 4.3460e-02 4.1929e-02 3.7389e-02 4.9518e-02 3.9505e-02 4.6132e-02 3.7073e-02 3.6262e-02 4.7819e-02 8.6801e-02 8.8698e-02 9.2045e-02 9.2045e-02 8.8698e-02 1.0458e-01 1.0458e-01 1.0458e-01 1.0458e-01
2.6844e-02 4.2720e-02 -1.1274e-01 2.9185e-02 -1.2432e-01 -1.7693e-02 -1.2432e-01 -1.8525e-02 -8.9272e-02 -2.9259e-01 -8.9272e-02 -2.0476e-01 1.7692e-01 3.2299e-01 -2.0768e-01 -2.4321e-01 1.0000e+00 9.8492e-01 9.8239e-01 7.2679e-01 7.2679e-01 -3.3973e-01 -3.0761e-01 -2.6721e-01 -2.6721e-01 1.5898e-01 -3.6490e-01 1.5646e-01 -1.0265e-01 -1.0396e-01 -1.2419e-01 -1.4644e-03 -1.4644e-03 -1.2058e-01 4.2025e-02 4.2025e-02 1.0831e-01 9.4473e-02 9.4473e-02 -9.5861e-02 -9.4473e-02 -4.7246e-02 -4.5765e-02 -4.5765e-02 -7.9414e-02 -8.1222e-02 -8.4162e-02 -7.9741e-02 -7.6759e-02 -7.9741e-02 -7.8254e-02 -8.2695e-02 -7.6453e-02 -7.9741e-02 -7.9414e-02 -7.9414e-02 -7.9741e-02 -7.4963e-02 -7.9741e-02 -7.9414e-02 -7.9741e-02 -7.9741e-02 -7.9741e-02 -8.1222e-02 -8.5623e-02 -9.9623e-02 -8.8488e-02 -9.5853e-02 -2.7740e-02 -1.0475e-01 -1.0112e-01 -1.2497e-01 -1.2314e-01 -1.2574e-01 -1.2574e-01 -1.2885e-01 -1.3142e-01 -1.3142e-01 -1.3142e-01 -1.3142e-01
2.6844e-02 4.2720e-02 -1.1274e-01 2.9185e-02 -1.2432e-01 -3.1106e-02 -1.2432e-01 -3.1938e-02 -8.9272e-02 -2.9259e-01 -8.9272e-02 -2.0476e-01 1.7692e-01 3.2299e-01 -2.1341e-01 -2.4321e-01 9.8492e-01 1.0000e+00 9.9749e-01 7.2679e-01 7.2679e-01 -3.3973e-01 -3.0761e-01 -2.6721e-01 -2.6721e-01 1.5898e-01 -3.7890e-01 1.5646e-01 -1.0809e-01 -1.0938e-01 -1.2419e-01 -1.4644e-03 -1.4644e-03 -1.2058e-01 3.6392e-02 3.6392e-02 1.0200e-01 8.8549e-02 8.8549e-02 -8.9951e-02 -8.8549e-02 -4.7246e-02 -4.5765e-02 -4.5765e-02 -7.3206e-02 -7.4963e-02 -7.7937e-02 -7.3465e-02 -7.0449e-02 -7.3465e-02 -7.1961e-02 -7.6453e-02 -7.0212e-02 -7.3465e-02 -7.3206e-02 -7.3206e-02 -7.3465e-02 -6.8704e-02 -7.3465e-02 -7.3206e-02 -7.3465e-02 -7.3465e-02 -7.3465e-02 -7.4963e-02 -7.9414e-02 -9.2823e-02 -8.1824e-02 -8.9100e-02 -2.7740e-02 -9.8130e-02 -9.4342e-02 -1.1922e-01 -1.2314e-01 -1.2574e-01 -1.2574e-01 -1.2314e-01 -1.2574e-01 -1.2574e-01 -1.2574e-01 -1.2574e-01
2.7306e-02 4.3195e-02 -1.1242e-01 2.6358e-02 -1.2333e-01 -3.3388e-02 -1.2333e-01 -3.4235e-02 -9.1434e-02 -2.9135e-01 -9.1434e-02 -2.0398e-01 1.7872e-01 3.2149e-01 -2.1831e-01 -2.4235e-01 9.8239e-01 9.9749e-01 1.0000e+00 7.2496e-01 7.2496e-01 -3.3888e-01 -3.0678e-01 -2.6628e-01 -2.6628e-01 1.5820e-01 -3.8235e-01 1.5568e-01 -1.0704e-01 -1.0833e-01 -1.2387e-01 1.0671e-03 1.0671e-03 -1.1955e-01 3.5330e-02 3.5330e-02 1.0119e-01 8.7631e-02 8.7631e-02 -8.9031e-02 -8.7631e-02 -4.6252e-02 -4.4773e-02 -4.4773e-02 -7.2339e-02 -7.4109e-02 -7.7079e-02 -7.2613e-02 -6.9600e-02 -7.2613e-02 -7.1110e-02 -7.5597e-02 -7.5597e-02 -7.2613e-02 -7.8554e-02 -7.8554e-02 -7.2613e-02 -6.7843e-02 -7.2613e-02 -7.8554e-02 -7.2613e-02 -7.2613e-02 -7.2613e-02 -7.4109e-02 -7.8554e-02 -9.2091e-02 -8.7728e-02 -8.8356e-02 -3.0863e-02 -9.7373e-02 -9.3608e-02 -1.1829e-01 -1.2220e-01 -1.2479e-01 -1.2479e-01 -1.2220e-01 -1.2479e-01 -1.2479e-01 -1.2479e-01 -1.2479e-01
-2.0502e-02 -5.2118e-03 -1.3988e-01 -9.9670e-02 -2.2771e-01 -6.5291e-02 -2.2771e-01 -6.4322e-02 6.3328e-02 -3.5196e-01 6.3328e-02 -2.9401e-01 3.4071e-02 3.8071e-01 -3.0569e-01 -3.6107e-01 7.2679e-01 7.2679e-01 7.2496e-01 1.0000e+00 1.0000e+00 -4.6744e-01 -3.8216e-01 -3.5241e-01 -3.5241e-01 2.5705e-01 -1.4351e-01 2.5378e-01 -9.1934e-02 -9.3807e-02 -1.7087e-01 -1.0732e-02 -1.0732e-02 -1.0601e-01 7.4427e-03 7.4427e-03 8.6620e-02 1.2056e-01 1.2056e-01 -1.1716e-01 -1.2056e-01 -7.2763e-02 -7.0743e-02 -7.0743e-02 -9.9123e-02 -1.0987e-01 -1.0268e-01 -1.0783e-01 -1.0371e-01 -1.0783e-01 -1.0578e-01 -1.1190e-01 -9.4995e-02 -1.0783e-01 -9.9123e-02 -9.9123e-02 -1.0783e-01 -1.0422e-01 -1.0783e-01 -9.9123e-02 -1.0783e-01 -1.0783e-01 -1.0783e-01 -1.0422e-01 -1.0473e-01 -1.1222e-01 -9.4817e-02 -1.1040e-01 -3.8573e-02 -1.2306e-01 -1.1436e-01 -1.6774e-01 -1.6796e-01 -1.6640e-01 -1.6640e-01 -1.6796e-01 -1.7667e-01 -1.7667e-01 -1.7667e-01 -1.7667e-01
-2.0502e-02 -5.2118e-03 -1.3988e-01 -9.9670e-02 -2.2771e-01 -6.5291e-02 -2.2771e-01 -6.4322e-02 6.3328e-02 -3.5196e-01 6.3328e-02 -2.9401e-01 3.4071e-02 3.8071e-01 -3.0569e-01 -3.6107e-01 7.2679e-01 7.2679e-01 7.2496e-01 1.0000e+00 1.0000e+00 -4.6744e-01 -3.8216e-01 -3.5241e-01 -3.5241e-01 2.5705e-01 -1.4351e-01 2.5378e-01 -9.1934e-02 -9.3807e-02 -1.7087e-01 -1.0732e-02 -1.0732e-02 -1.0601e-01 7.4427e-03 7.4427e-03 8.6620e-02 1.2056e-01 1.2056e-01 -1.1716e-01 -1.2056e-01 -7.2763e-02 -7.0743e-02 -7.0743e-02 -9.9123e-02 -1.0987e-01 -1.0268e-01 -1.0783e-01 -1.0371e-01 -1.0783e-01 -1.0578e-01 -1.1190e-01 -9.4995e-02 -1.0783e-01 -9.9123e-02 -9.9123e-02 -1.0783e-01 -1.0422e-01 -1.0783e-01 -9.9123e-02 -1.0783e-01 -1.0783e-01 -1.0783e-01 -1.0422e-01 -1.0473e-01 -1.1222e-01 -9.4817e-02 -1.1040e-01 -3.8573e-02 -1.2306e-01 -1.1436e-01 -1.6774e-01 -1.6796e-01 -1.6640e-01 -1.6640e-01 -1.6796e-01 -1.7667e-01 -1.7667e-01 -1.7667e-01 -1.7667e-01
-6.9468e-02 -8.0162e-02 -5.3427e-02 -2.4760e-01 -1.3533e-01 -2.5508e-01 -1.3533e-01 -2.6113e-01 3.3360e-01 5.6115e-01 3.3360e-01 -1.1492e-01 -2.4051e-01 -4.6735e-01 -1.3601e-01 -1.4917e-01 -3.3973e-01 -3.3973e-01 -3.3888e-01 -4.6744e-01 -4.6744e-01 1.0000e+00 -1.5979e-01 -1.6808e-01 -1.6808e-01 1.4387e-01 -1.6462e-01 1.4156e-01 -1.8982e-02 -2.0294e-02 3.1766e-01 -1.9171e-01 -1.9171e-01 -1.5022e-02 1.5362e-02 1.5362e-02 6.6951e-03 -3.1436e-02 -3.1436e-02 2.9901e-02 3.1436e-02 1.0895e-03 -3.5668e-03 -3.5668e-03 3.6807e-03 8.3584e-03 5.2314e-03 9.9349e-03 1.3115e-02 9.9349e-03 4.9354e-03 2.5968e-04 6.7907e-03 9.9349e-03 1.0177e-02 1.0177e-02 9.9349e-03 8.3584e-03 9.9349e-03 1.0177e-02 9.9349e-03 9.9349e-03 9.9349e-03 8.3584e-03 3.6807e-03 -9.5057e-03 -1.2240e-02 -5.7178e-03 4.9945e-02 1.2271e-02 -4.0599e-03 2.8617e-02 3.0177e-02 2.7240e-02 2.7240e-02 3.0177e-02 2.7240e-02 2.7240e-02 2.7240e-02 2.7240e-02
1.4107e-02 -9.0252e-03 2.3607e-01 2.0818e-01 3.4146e-01 1.3896e-01 3.4146e-01 1.4693e-01 -2.7816e-01 -1.4975e-01 -2.7816e-01 3.9268e-01 1.9826e-01 8.4366e-03 3.8403e-01 4.7445e-01 -3.0761e-01 -3.0761e-01 -3.0678e-01 -3.8216e-01 -3.8216e-01 -1.5979e-01 1.0000e+00 9.5806e-01 9.5806e-01 2.2243e-01 7.0884e-01 2.2067e-01 3.4631e-01 3.5028e-01 -1.0797e-01 1.2522e-01 1.2522e-01 3.5780e-01 -5.2773e-02 -5.2773e-02 -1.1852e-01 -9.5404e-02 -9.5404e-02 9.3793e-02 9.5404e-02 7.6488e-02 7.8030e-02 7.8030e-02 9.4477e-02 9.9673e-02 9.6198e-02 9.4687e-02 9.1414e-02 9.4687e-02 9.6434e-02 1.1134e-01 9.1227e-02 9.4687e-02 8.7809e-02 8.7809e-02 9.4687e-02 9.2951e-02 9.4687e-02 8.7809e-02 9.4687e-02 9.4687e-02 9.4687e-02 9.2951e-02 8.7809e-02 1.1510e-01 1.0336e-01 1.1112e-01 8.0818e-02 9.9567e-02 1.1310e-01 1.9083e-01 1.8562e-01 1.8219e-01 1.8219e-01 1.8562e-01 1.8219e-01 1.8219e-01 1.8219e-01 1.8219e-01
7.9321e-03 -1.4651e-02 2.2512e-01 1.8493e-01 3.2505e-01 1.2924e-01 3.2505e-01 1.3724e-01 -2.6335e-01 -1.5333e-01 -2.6335e-01 3.7097e-01 1.8232e-01 9.8793e-03 3.6163e-01 4.4943e-01 -2.6721e-01 -2.6721e-01 -2.6628e-01 -3.5241e-01 -3.5241e-01 -1.6808e-01 9.5806e-01 1.0000e+00 1.0000e+00 2.3765e-01 7.4070e-01 2.3586e-01 4.0342e-01 4.0713e-01 -1.1203e-01 1.4974e-01 1.4974e-01 4.1523e-01 -3.6622e-02 -3.6622e-02 -1.0345e-01 -8.5790e-02 -8.5790e-02 8.4148e-02 8.5790e-02 6.6755e-02 6.8328e-02 6.8328e-02 8.6115e-02 9.1411e-02 8.7870e-02 8.6592e-02 8.3522e-02 8.6592e-02 8.8372e-02 1.0277e-01 8.3065e-02 8.6592e-02 7.9581e-02 7.9581e-02 8.6592e-02 8.4823e-02 8.6592e-02 7.9581e-02 8.6592e-02 8.6592e-02 8.6592e-02 8.4823e-02 7.9581e-02 1.0132e-01 8.9507e-02 9.7323e-02 6.2006e-02 8.5686e-02 9.9315e-02 1.7239e-01 1.6714e-01 1.6369e-01 1.6369e-01 1.6714e-01 1.6369e-01 1.6369e-01 1.6369e-01 1.6369e-01
7.9321e-03 -1.4651e-02 2.2512e-01 1.8493e-01 3.2505e-01 1.2924e-01 3.2505e-01 1.3724e-01 -2.6335e-01 -1.5333e-01 -2.6335e-01 3.7097e-01 1.8232e-01 9.8793e-03 3.6163e-01 4.4943e-01 -2.6721e-01 -2.6721e-01 -2.6628e-01 -3.5241e-01 -3.5241e-01 -1.6808e-01 9.5806e-01 1.0000e+00 1.0000e+00 2.3765e-01 7.4070e-01 2.3586e-01 4.0342e-01 4.0713e-01 -1.1203e-01 1.4974e-01 1.4974e-01 4.1523e-01 -3.6622e-02 -3.6622e-02 -1.0345e-01 -8.5790e-02 -8.5790e-02 8.4148e-02 8.5790e-02 6.6755e-02 6.8328e-02 6.8328e-02 8.6115e-02 9.1411e-02 8.7870e-02 8.6592e-02 8.3522e-02 8.6592e-02 8.8372e-02 1.0277e-01 8.3065e-02 8.6592e-02 7.9581e-02 7.9581e-02 8.6592e-02 8.4823e-02 8.6592e-02 7.9581e-02 8.6592e-02 8.6592e-02 8.6592e-02 8.4823e-02 7.9581e-02 1.0132e-01 8.9507e-02 9.7323e-02 6.2006e-02 8.5686e-02 9.9315e-02 1.7239e-01 1.6714e-01 1.6369e-01 1.6369e-01 1.6714e-01 1.6369e-01 1.6369e-01 1.6369e-01 1.6369e-01
-5.0876e-03 -7.4986e-03 3.9471e-03 -8.4461e-02 1.3860e-02 -1.1100e-01 1.3860e-02 -1.1357e-01 3.6169e-02 -1.0177e-01 3.6169e-02 -1.5588e-02 3.7841e-02 3.4072e-02 1.1777e-02 2.2706e-02 1.5898e-01 1.5898e-01 1.5820e-01 2.5705e-01 2.5705e-01 1.4387e-01 2.2243e-01 2.3765e-01 2.3765e-01 1.0000e+00 3.1513e-01 9.8493e-01 1.9980e-01 2.0051e-01 5.9873e-02 -2.6573e-01 -2.6573e-01 1.9767e-01 -1.2351e-01 -1.2351e-01 -8.6724e-02 -8.0876e-02 -8.0876e-02 8.1826e-02 8.0876e-02 6.7050e-02 6.6076e-02 6.6076e-02 6.2117e-02 5.9017e-02 6.1088e-02 5.7974e-02 6.3586e-02 5.7974e-02 5.6926e-02 6.0055e-02 6.7683e-02 5.7974e-02 6.2117e-02 6.2117e-02 5.7974e-02 5.9017e-02 5.7974e-02 6.2117e-02 5.7974e-02 5.7974e-02 5.7974e-02 5.9017e-02 5.4530e-02 4.5501e-02 5.2265e-02 4.7782e-02 1.7450e-01 3.8286e-02 4.6645e-02 7.9847e-02 8.2649e-02 8.4502e-02 8.4502e-02 8.2649e-02 6.3646e-02 6.3646e-02 6.3646e-02 6.3646e-02
-9.0662e-03 -2.7818e-02 1.5689e-01 3.0201e-02 1.8798e-01 5.2785e-02 1.8798e-01 6.1373e-02 -9.1450e-02 -2.1981e-01 -9.1450e-02 2.4402e-01 2.4782e-02 8.4293e-02 2.5376e-01 3.0712e-01 -3.6490e-01 -3.7890e-01 -3.8235e-01 -1.4351e-01 -1.4351e-01 -1.6462e-01 7.0884e-01 7.4070e-01 7.4070e-01 3.1513e-01 1.0000e+00 3.1269e-01 3.0679e-01 3.0953e-01 -1.4062e-01 1.5455e-01 1.5455e-01 3.1376e-01 -7.7928e-02 -7.7928e-02 -1.0745e-01 -5.1914e-02 -5.1914e-02 4.9842e-02 5.1914e-02 -7.6294e-03 -5.7183e-03 -5.7183e-03 1.8433e-02 1.3163e-02 2.0540e-02 9.4444e-03 7.8073e-03 9.4444e-03 1.1551e-02 2.2659e-02 2.2659e-02 9.4444e-03 1.8433e-02 1.8433e-02 9.4444e-03 7.3500e-03 9.4444e-03 1.8433e-02 9.4444e-03 9.4444e-03 9.4444e-03 1.3163e-02 1.2667e-02 2.4459e-02 2.9323e-02 1.9828e-02 2.1289e-02 6.3082e-03 2.2135e-02 8.7813e-02 9.2223e-02 9.3377e-02 9.3377e-02 8.6918e-02 8.2810e-02 8.2810e-02 8.2810e-02 8.2810e-02
-6.1722e-03 -8.5804e-03 2.8500e-03 -8.3539e-02 1.1162e-02 -1.1155e-01 1.1162e-02 -1.1411e-01 3.5897e-02 -1.0034e-01 3.5897e-02 -1.8154e-02 3.4105e-02 3.3250e-02 9.1969e-03 2.0037e-02 1.5646e-01 1.5646e-01 1.5568e-01 2.5378e-01 2.5378e-01 1.4156e-01 2.2067e-01 2.3586e-01 2.3586e-01 9.8493e-01 3.1269e-01 1.0000e+00 1.9796e-01 1.9867e-01 7.3121e-02 -2.7333e-01 -2.7333e-01 1.9585e-01 -1.2144e-01 -1.2144e-01 -8.4894e-02 -7.8793e-02 -7.8793e-02 7.9740e-02 7.8793e-02 6.4826e-02 6.3856e-02 6.3856e-02 6.0105e-02 5.7016e-02 5.9080e-02 5.5977e-02 6.1636e-02 5.5977e-02 5.4932e-02 5.8050e-02 6.5718e-02 5.5977e-02 6.0105e-02 6.0105e-02 5.5977e-02 5.7016e-02 5.5977e-02 6.0105e-02 5.5977e-02 5.5977e-02 5.5977e-02 5.7016e-02 5.2478e-02 4.3679e-02 5.0422e-02 4.5953e-02 1.7722e-01 3.6351e-02 4.4819e-02 8.4698e-02 8.7445e-02 8.9262e-02 8.9262e-02 8.7445e-02 6.8298e-02 6.8298e-02 6.8298e-02 6.8298e-02
1.6063e-02 5.9386e-03 1.0354e-01 8.2665e-02 1.3221e-01 5.2837e-02 1.3221e-01 5.5968e-02 -3.6668e-02 8.1875e-02 -3.6668e-02 2.2593e-01 1.4012e-01 -1.4313e-02 2.0561e-01 2.8486e-01 -1.0265e-01 -1.0809e-01 -1.0704e-01 -9.1934e-02 -9.1934e-02 -1.8982e-02 3.4631e-01 4.0342e-01 4.0342e-01 1.9980e-01 3.0679e-01 1.9796e-01 1.0000e+00 9.9707e-01 -1.0672e-01 4.6333e-01 4.6333e-01 9.8528e-01 1.7353e-01 1.7353e-01 1.2912e-01 -1.0778e-02 -1.0778e-02 9.3752e-03 1.0778e-02 -5.6894e-02 -5.5657e-02 -5.5657e-02 -3.5028e-02 -3.0933e-02 -3.3670e-02 -2.9554e-02 -3.3598e-02 -2.9554e-02 -3.4972e-02 -1.8809e-02 -3.9053e-02 -2.9554e-02 -3.5028e-02 -3.5028e-02 -2.9554e-02 -3.0933e-02 -2.9554e-02 -3.5028e-02 -2.9554e-02 -2.9554e-02 -2.9554e-02 -3.0933e-02 -2.8316e-02 -3.4902e-02 -4.3528e-02 -3.7813e-02 -1.8490e-02 -4.6334e-02 -3.6362e-02 2.8969e-02 2.4797e-02 2.2044e-02 2.2044e-02 2.4797e-02 2.2044e-02 2.2044e-02 2.2044e-02 2.2044e-02
1.5571e-02 5.4707e-03 1.0288e-01 8.0640e-02 1.3078e-01 5.0346e-02 1.3078e-01 5.3486e-02 -3.9230e-02 8.0037e-02 -3.9230e-02 2.3089e-01 1.4325e-01 -1.2276e-02 2.1028e-01 2.8914e-01 -1.0396e-01 -1.0938e-01 -1.0833e-01 -9.3807e-02 -9.3807e-02 -2.0294e-02 3.5028e-01 4.0713e-01 4.0713e-01 2.0051e-01 3.0953e-01 1.9867e-01 9.9707e-01 1.0000e+00 -1.0703e-01 4.6469e-01 4.6469e-01 9.8828e-01 1.7443e-01 1.7443e-01 1.2990e-01 -9.6607e-03 -9.6607e-03 8.2563e-03 9.6607e-03 -5.7929e-02 -5.6691e-02 -5.6691e-02 -3.5995e-02 -3.1896e-02 -3.4635e-02 -3.0515e-02 -3.4544e-02 -3.0515e-02 -3.5920e-02 -1.9795e-02 -4.0006e-02 -3.0515e-02 -3.5995e-02 -3.5995e-02 -3.0515e-02 -3.1896e-02 -3.0515e-02 -3.5995e-02 -3.0515e-02 -3.0515e-02 -3.0515e-02 -3.1896e-02 -2.9294e-02 -3.5749e-02 -4.4385e-02 -3.8663e-02 -2.0206e-02 -4.7195e-02 -3.7211e-02 2.7768e-02 2.3591e-02 2.0836e-02 2.0836e-02 2.3591e-02 2.0836e-02 2.0836e-02 2.0836e-02 2.0836e-02
-1.1815e-02 -1.0873e-02 -4.1408e-02 -5.4391e-02 -7.7324e-02 -1.9540e-02 -7.7324e-02 -3.8677e-02 1.2589e-01 2.2382e-01 1.2589e-01 -6.4999e-02 -1.0273e-01 -1.8179e-01 -7.1825e-02 -7.8046e-02 -1.2419e-01 -1.2419e-01 -1.2387e-01 -1.7087e-01 -1.7087e-01 3.1766e-01 -1.0797e-01 -1.1203e-01 -1.1203e-01 5.9873e-02 -1.4062e-01 7.3121e-02 -1.0672e-01 -1.0703e-01 1.0000e+00 -2.3033e-01 -2.3033e-01 -1.0578e-01 1.0042e-01 1.0042e-01 8.4514e-02 9.2735e-02 9.2735e-02 -9.3058e-02 -9.2735e-02 -9.5313e-02 -9.4992e-02 -9.4992e-02 -8.6513e-02 -8.5516e-02 -8.6181e-02 -8.5182e-02 -8.4514e-02 -8.5182e-02 -8.4848e-02 -8.5849e-02 -8.5849e-02 -8.5182e-02 -8.6513e-02 -8.6513e-02 -8.5182e-02 -8.5516e-02 -8.5182e-02 -8.6513e-02 -8.5182e-02 -8.5182e-02 -8.5182e-02 -8.5516e-02 -8.6513e-02 -7.6299e-02 -7.8390e-02 -7.6999e-02 -1.1521e-01 -1.8812e-02 -7.6649e-02 -9.7234e-02 -9.8191e-02 -9.8828e-02 -9.8828e-02 -9.8191e-02 -9.8828e-02 -9.8828e-02 -9.8828e-02 -9.8828e-02
-2.3928e-02 -3.9980e-02 1.1826e-01 1.4636e-01 9.1816e-02 1.3472e-01 9.1816e-02 1.3747e-01 -1.0087e-01 -5.3534e-02 -1.0087e-01 2.1313e-01 1.5018e-01 1.3420e-01 1.8388e-01 2.3484e-01 -1.4644e-03 -1.4644e-03 1.0671e-03 -1.0732e-02 -1.0732e-02 -1.9171e-01 1.2522e-01 1.4974e-01 1.4974e-01 -2.6573e-01 1.5455e-01 -2.7333e-01 4.6333e-01 4.6469e-01 -2.3033e-01 1.0000e+00 1.0000e+00 4.5924e-01 3.6672e-01 3.6672e-01 3.0609e-01 1.5482e-01 1.5482e-01 -1.5744e-01 -1.5482e-01 -1.9639e-01 -1.9388e-01 -1.9388e-01 -1.5852e-01 -1.4475e-01 -1.5023e-01 -1.4198e-01 -1.4208e-01 -1.4198e-01 -1.4485e-01 -1.3631e-01 -1.5309e-01 -1.4198e-01 -1.5296e-01 -1.5296e-01 -1.4198e-01 -1.4475e-01 -1.4198e-01 -1.5296e-01 -1.4198e-01 -1.4198e-01 -1.4198e-01 -1.4475e-01 -1.4739e-01 -1.6845e-01 -1.8521e-01 -1.7410e-01 -2.4598e-01 -1.8474e-01 -1.7128e-01 -1.5462e-01 -1.5718e-01 -1.5718e-01 -1.5718e-01 -1.5718e-01 -1.4699e-01 -1.4699e-01 -1.4699e-01 -1.4699e-01
-2.3928e-02 -3.9980e-02 1.1826e-01 1.4636e-01 9.1816e-02 1.3472e-01 9.1816e-02 1.3747e-01 -1.0087e-01 -5.3534e-02 -1.0087e-01 2.1313e-01 1.5018e-01 1.3420e-01 1.8388e-01 2.3484e-01 -1.4644e-03 -1.4644e-03 1.0671e-03 -1.0732e-02 -1.0732e-02 -1.9171e-01 1.2522e-01 1.4974e-01 1.4974e-01 -2.6573e-01 1.5455e-01 -2.7333e-01 4.6333e-01 4.6469e-01 -2.3033e-01 1.0000e+00 1.0000e+00 4.5924e-01 3.6672e-01 3.6672e-01 3.0609e-01 1.5482e-01 1.5482e-01 -1.5744e-01 -1.5482e-01 -1.9639e-01 -1.9388e-01 -1.9388e-01 -1.5852e-01 -1.4475e-01 -1.5023e-01 -1.4198e-01 -1.4208e-01 -1.4198e-01 -1.4485e-01 -1.3631e-01 -1.5309e-01 -1.4198e-01 -1.5296e-01 -1.5296e-01 -1.4198e-01 -1.4475e-01 -1.4198e-01 -1.5296e-01 -1.4198e-01 -1.4198e-01 -1.4198e-01 -1.4475e-01 -1.4739e-01 -1.6845e-01 -1.8521e-01 -1.7410e-01 -2.4598e-01 -1.8474e-01 -1.7128e-01 -1.5462e-01 -1.5718e-01 -1.5718e-01 -1.5718e-01 -1.5718e-01 -1.4699e-01 -1.4699e-01 -1.4699e-01 -1.4699e-01
1.7548e-02 7.3523e-03 1.0555e-01 7.3772e-02 1.3656e-01 4.0931e-02 1.3656e-01 4.4034e-02 -3.3806e-02 8.7427e-02 -3.3806e-02 2.3684e-01 1.3578e-01 -2.0467e-02 2.1637e-01 2.9603e-01 -1.2058e-01 -1.2058e-01 -1.1955e-01 -1.0601e-01 -1.0601e-01 -1.5022e-02 3.5780e-01 4.1523e-01 4.1523e-01 1.9767e-01 3.1376e-01 1.9585e-01 9.8528e-01 9.8828e-01 -1.0578e-01 4.5924e-01 4.5924e-01 1.0000e+00 1.7082e-01 1.7082e-01 1.2674e-01 -1.4154e-02 -1.4154e-02 1.2755e-02 1.4154e-02 -6.6416e-02 -6.5212e-02 -6.5212e-02 -3.2107e-02 -2.8028e-02 -3.0754e-02 -2.6654e-02 -3.0742e-02 -2.6654e-02 -3.2111e-02 -1.5830e-02 -3.6177e-02 -2.6654e-02 -3.2107e-02 -3.2107e-02 -2.6654e-02 -2.8028e-02 -2.6654e-02 -3.2107e-02 -2.6654e-02 -2.6654e-02 -2.6654e-02 -2.8028e-02 -2.5361e-02 -3.2347e-02 -4.0942e-02 -3.5248e-02 -3.3761e-02 -4.3738e-02 -3.3802e-02 2.0110e-02 1.6027e-02 1.3333e-02 1.3333e-02 1.6027e-02 1.3333e-02 1.3333e-02 1.3333e-02 1.3333e-02
-1.2815e-02 -1.9974e-03 6.1957e-02 5.5770e-02 -6.5520e-03 8.5711e-02 -6.5520e-03 7.7761e-02 5.3917e-02 1.2981e-01 5.3917e-02 6.9930e-02 7.2902e-02 -4.4593e-03 3.2134e-02 4.5562e-02 4.2025e-02 3.6392e-02 3.5330e-02 7.4427e-03 7.4427e-03 1.5362e-02 -5.2773e-02 -3.6622e-02 -3.6622e-02 -1.2351e-01 -7.7928e-02 -1.2144e-01 1.7353e-01 1.7443e-01 1.0042e-01 3.6672e-01 3.6672e-01 1.7082e-01 1.0000e+00 1.0000e+00 8.4164e-01 6.0488e-01 6.0488e-01 -6.0221e-01 -6.0488e-01 -5.6444e-01 -5.6695e-01 -5.6695e-01 -6.2502e-01 -6.0616e-01 -6.1411e-01 -6.0216e-01 -5.9414e-01 -6.0216e-01 -6.0521e-01 -5.9615e-01 -6.1014e-01 -6.0216e-01 -6.1111e-01 -6.1111e-01 -6.0216e-01 -6.0616e-01 -6.0216e-01 -6.1111e-01 -6.0216e-01 -6.0216e-01 -6.0216e-01 -6.0616e-01 -5.9719e-01 -6.4553e-01 -6.4625e-01 -6.4572e-01 -4.0206e-01 -6.2432e-01 -6.4942e-01 -5.1114e-01 -5.1066e-01 -5.0612e-01 -5.0612e-01 -5.1066e-01 -5.0612e-01 -5.0612e-01 -5.0612e-01 -5.0612e-01
-1.2815e-02 -1.9974e-03 6.1957e-02 5.5770e-02 -6.5520e-03 8.5711e-02 -6.5520e-03 7.7761e-02 5.3917e-02 1.2981e-01 5.3917e-02 6.9930e-02 7.2902e-02 -4.4593e-03 3.2134e-02 4.5562e-02 4.2025e-02 3.6392e-02 3.5330e-02 7.4427e-03 7.4427e-03 1.5362e-02 -5.2773e-02 -3.6622e-02 -3.6622e-02 -1.2351e-01 -7.7928e-02 -1.2144e-01 1.7353e-01 1.7443e-01 1.0042e-01 3.6672e-01 3.6672e-01 1.7082e-01 1.0000e+00 1.0000e+00 8.4164e-01 6.0488e-01 6.0488e-01 -6.0221e-01 -6.0488e-01 -5.6444e-01 -5.6695e-01 -5.6695e-01 -6.2502e-01 -6.0616e-01 -6.1411e-01 -6.0216e-01 -5.9414e-01 -6.0216e-01 -6.0521e-01 -5.9615e-01 -6.1014e-01 -6.0216e-01 -6.1111e-01 -6.1111e-01 -6.0216e-01 -6.0616e-01 -6.0216e-01 -6.1111e-01 -6.0216e-01 -6.0216e-01 -6.0216e-01 -6.0616e-01 -5.9719e-01 -6.4553e-01 -6.4625e-01 -6.4572e-01 -4.0206e-01 -6.2432e-01 -6.4942e-01 -5.1114e-01 -5.1066e-01 -5.0612e-01 -5.0612e-01 -5.1066e-01 -5.0612e-01 -5.0612e-01 -5.0612e-01 -5.0612e-01
-1.0632e-02 2.2834e-03 5.5791e-02 -1.0415e-02 -4.8773e-02 3.2024e-02 -4.8773e-02 2.3935e-02 1.4744e-01 1.2000e-01 1.4744e-01 2.3587e-02 9.9003e-04 1.8486e-02 -8.5840e-03 -4.8251e-03 1.0831e-01 1.0200e-01 1.0119e-01 8.6620e-02 8.6620e-02 6.6951e-03 -1.1852e-01 -1.0345e-01 -1.0345e-01 -8.6724e-02 -1.0745e-01 -8.4894e-02 1.2912e-01 1.2990e-01 8.4514e-02 3.0609e-01 3.0609e-01 1.2674e-01 8.4164e-01 8.4164e-01 1.0000e+00 7.4031e-01 7.4031e-01 -7.3753e-01 -7.4031e-01 -6.7483e-01 -6.7737e-01 -6.7737e-01 -7.4308e-01 -7.3686e-01 -7.3059e-01 -7.3216e-01 -7.2272e-01 -7.3216e-01 -7.3535e-01 -7.2588e-01 -7.2588e-01 -7.3216e-01 -7.2749e-01 -7.2749e-01 -7.3216e-01 -7.2901e-01 -7.3216e-01 -7.2749e-01 -7.3216e-01 -7.3216e-01 -7.3216e-01 -7.2115e-01 -7.1191e-01 -7.7475e-01 -7.6023e-01 -7.7543e-01 -5.2635e-01 -7.5286e-01 -7.7934e-01 -6.3112e-01 -6.2411e-01 -6.1951e-01 -6.1951e-01 -6.2411e-01 -6.1951e-01 -6.1951e-01 -6.1951e-01 -6.1951e-01
2.7066e-03 1.4647e-02 3.8809e-02 -1.7956e-02 -4.5327e-02 2.1896e-02 -4.5327e-02 1.3910e-02 1.2013e-01 4.7196e-02 1.2013e-01 2.8513e-03 -2.9822e-02 4.2717e-02 -2.3590e-02 -3.6390e-02 9.4473e-02 8.8549e-02 8.7631e-02 1.2056e-01 1.2056e-01 -3.1436e-02 -9.5404e-02 -8.5790e-02 -8.5790e-02 -8.0876e-02 -5.1914e-02 -7.8793e-02 -1.0778e-02 -9.6607e-03 9.2735e-02 1.5482e-01 1.5482e-01 -1.4154e-02 6.0488e-01 6.0488e-01 7.4031e-01 1.0000e+00 1.0000e+00 -9.9652e-01 -1.0000e+00 -8.0836e-01 -8.1129e-01 -8.1129e-01 -8.9633e-01 -8.9266e-01 -8.8532e-01 -8.8898e-01 -8.8161e-01 -8.8898e-01 -8.8530e-01 -8.7426e-01 -8.6690e-01 -8.8898e-01 -8.7438e-01 -8.7438e-01 -8.8898e-01 -8.8528e-01 -8.8898e-01 -8.7438e-01 -8.8898e-01 -8.8898e-01 -8.8898e-01 -8.7791e-01 -8.5975e-01 -7.5866e-01 -7.4323e-01 -7.5869e-01 -5.0741e-01 -7.3574e-01 -7.6266e-01 -5.4066e-01 -5.3388e-01 -5.2944e-01 -5.2944e-01 -5.3388e-01 -5.2944e-01 -5.2944e-01 -5.2944e-01 -5.2944e-01
2.7066e-03 1.4647e-02 3.8809e-02 -1.7956e-02 -4.5327e-02 2.1896e-02 -4.5327e-02 1.3910e-02 1.2013e-01 4.7196e-02 1.2013e-01 2.8513e-03 -2.9822e-02 4.2717e-02 -2.3590e-02 -3.6390e-02 9.4473e-02 8.8549e-02 8.7631e-02 1.2056e-01 1.2056e-01 -3.1436e-02 -9.5404e-02 -8.5790e-02 -8.5790e-02 -8.0876e-02 -5.1914e-02 -7.8793e-02 -1.0778e-02 -9.6607e-03 9.2735e-02 1.5482e-01 1.5482e-01 -1.4154e-02 6.0488e-01 6.0488e-01 7.4031e-01 1.0000e+00 1.0000e+00 -9.9652e-01 -1.0000e+00 -8.0836e-01 -8.1129e-01 -8.1129e-01 -8.9633e-01 -8.9266e-01 -8.8532e-01 -8.8898e-01 -8.8161e-01 -8.8898e-01 -8.8530e-01 -8.7426e-01 -8.6690e-01 -8.8898e-01 -8.7438e-01 -8.7438e-01 -8.8898e-01 -8.8528e-01 -8.8898e-01 -8.7438e-01 -8.8898e-01 -8.8898e-01 -8.8898e-01 -8.7791e-01 -8.5975e-01 -7.5866e-01 -7.4323e-01 -7.5869e-01 -5.0741e-01 -7.3574e-01 -7.6266e-01 -5.4066e-01 -5.3388e-01 -5.2944e-01 -5.2944e-01 -5.3388e-01 -5.2944e-01 -5.2944e-01 -5.2944e-01 -5.2944e-01
-3.2067e-03 -1.5112e-02 -3.9256e-02 2.1274e-02 4.3899e-02 -1.9208e-02 4.3899e-02 -1.1224e-02 -1.2272e-01 -4.8941e-02 -1.2272e-01 -4.0341e-03 3.3424e-02 -4.0426e-02 2.2272e-02 3.4974e-02 -9.5861e-02 -8.9951e-02 -8.9031e-02 -1.1716e-01 -1.1716e-01 2.9901e-02 9.3793e-02 8.4148e-02 8.4148e-02 8.1826e-02 4.9842e-02 7.9740e-02 9.3752e-03 8.2563e-03 -9.3058e-02 -1.5744e-01 -1.5744e-01 1.2755e-02 -6.0221e-01 -6.0221e-01 -7.3753e-01 -9.9652e-01 -9.9652e-01 1.0000e+00 9.9652e-01 8.0528e-01 8.0822e-01 8.0822e-01 8.9317e-01 8.8952e-01 8.8219e-01 8.8585e-01 8.7851e-01 8.8585e-01 8.8218e-01 8.7116e-01 8.6382e-01 8.8585e-01 8.7127e-01 8.7127e-01 8.8585e-01 8.8216e-01 8.8585e-01 8.7127e-01 8.8585e-01 8.8585e-01 8.8585e-01 8.7480e-01 8.5667e-01 7.5595e-01 7.4052e-01 7.5597e-01 5.0988e-01 7.3304e-01 7.5993e-01 5.3817e-01 5.3140e-01 5.3365e-01 5.3365e-01 5.3811e-01 5.2696e-01 5.2696e-01 5.2696e-01 5.2696e-01
-2.7066e-03 -1.4647e-02 -3.8809e-02 1.7956e-02 4.5327e-02 -2.1896e-02 4.5327e-02 -1.3910e-02 -1.2013e-01 -4.7196e-02 -1.2013e-01 -2.8513e-03 2.9822e-02 -4.2717e-02 2.3590e-02 3.6390e-02 -9.4473e-02 -8.8549e-02 -8.7631e-02 -1.2056e-01 -1.2056e-01 3.1436e-02 9.5404e-02 8.5790e-02 8.5790e-02 8.0876e-02 5.1914e-02 7.8793e-02 1.0778e-02 9.6607e-03 -9.2735e-02 -1.5482e-01 -1.5482e-01 1.4154e-02 -6.0488e-01 -6.0488e-01 -7.4031e-01 -1.0000e+00 -1.0000e+00 9.9652e-01 1.0000e+00 8.0836e-01 8.1129e-01 8.1129e-01 8.9633e-01 8.9266e-01 8.8532e-01 8.8898e-01 8.8161e-01 8.8898e-01 8.8530e-01 8.7426e-01 8.6690e-01 8.8898e-01 8.7438e-01 8.7438e-01 8.8898e-01 8.8528e-01 8.8898e-01 8.7438e-01 8.8898e-01 8.8898e-01 8.8898e-01 8.7791e-01 8.5975e-01 7.5866e-01 7.4323e-01 7.5869e-01 5.0741e-01 7.3574e-01 7.6266e-01 5.4066e-01 5.3388e-01 5.2944e-01 5.2944e-01 5.3388e-01 5.2944e-01 5.2944e-01 5.2944e-01 5.2944e-01
7.2842e-03 -4.1972e-03 -2.9094e-02 1.7438e-02 4.0524e-02 -2.1428e-02 4.0524e-02 -1.3459e-02 -9.8976e-02 -2.7989e-02 -9.8976e-02 -5.2802e-03 3.0872e-02 -3.5208e-02 3.9717e-02 1.2418e-02 -4.7246e-02 -4.7246e-02 -4.6252e-02 -7.2763e-02 -7.2763e-02 1.0895e-03 7.6488e-02 6.6755e-02 6.6755e-02 6.7050e-02 -7.6294e-03 6.4826e-02 -5.6894e-02 -5.7929e-02 -9.5313e-02 -1.9639e-01 -1.9639e-01 -6.6416e-02 -5.6444e-01 -5.6444e-01 -6.7483e-01 -8.0836e-01 -8.0836e-01 8.0528e-01 8.0836e-01 1.0000e+00 9.9663e-01 9.9663e-01 9.0767e-01 8.8996e-01 8.9698e-01 8.8644e-01 8.7939e-01 8.8644e-01 8.8292e-01 8.7180e-01 8.8625e-01 8.8644e-01 8.9330e-01 8.9330e-01 8.8644e-01 8.8272e-01 8.8644e-01 8.9330e-01 8.8644e-01 8.8644e-01 8.8644e-01 8.8996e-01 8.8611e-01 7.5327e-01 7.6844e-01 7.6094e-01 5.5975e-01 7.3772e-01 7.5711e-01 5.3454e-01 5.3432e-01 5.2981e-01 5.2981e-01 5.2771e-01 5.2323e-01 5.2323e-01 5.2323e-01 5.2323e-01
7.7996e-03 -3.7139e-03 -2.8630e-02 1.9505e-02 4.1920e-02 -1.8891e-02 4.1920e-02 -1.0921e-02 -1.0158e-01 -3.1728e-02 -1.0158e-01 -4.1180e-03 3.2796e-02 -3.2177e-02 4.1051e-02 1.3761e-02 -4.5765e-02 -4.5765e-02 -4.4773e-02 -7.0743e-02 -7.0743e-02 -3.5668e-03 7.8030e-02 6.8328e-02 6.8328e-02 6.6076e-02 -5.7183e-03 6.3856e-02 -5.5657e-02 -5.6691e-02 -9.4992e-02 -1.9388e-01 -1.9388e-01 -6.5212e-02 -5.6695e-01 -5.6695e-01 -6.7737e-01 -8.1129e-01 -8.1129e-01 8.0822e-01 8.1129e-01 9.9663e-01 1.0000e+00 1.0000e+00 9.1074e-01 8.9298e-01 9.0002e-01 8.8945e-01 8.8237e-01 8.8945e-01 8.8591e-01 8.7478e-01 8.8926e-01 8.8945e-01 8.9633e-01 8.9633e-01 8.8945e-01 8.8572e-01 8.8945e-01 8.9633e-01 8.8945e-01 8.8945e-01 8.8945e-01 8.9298e-01 8.8913e-01 7.5588e-01 7.7111e-01 7.6357e-01 5.6284e-01 7.4033e-01 7.5973e-01 5.3694e-01 5.3673e-01 5.3222e-01 5.3222e-01 5.3010e-01 5.2562e-01 5.2562e-01 5.2562e-01 5.2562e-01
