1.0000e+00 1.0000e+00 9.8062e-01 9.8062e-01 9.8062e-01 9.8062e-01 9.8062e-01 9.8062e-01 9.8062e-01 9.8062e-01 9.8062e-01 9.7044e-01 9.6105e-01 5.1621e-01 5.1904e-01 5.1904e-01 -4.0630e-02 8.6336e-01 5.1904e-01 5.1904e-01 -1.1373e-01 -9.3787e-02 -8.8506e-02 -9.8192e-02 -1.2703e-01 -9.5447e-02 -2.8016e-02 4.0013e-02
1.0000e+00 1.0000e+00 9.8062e-01 9.8062e-01 9.8062e-01 9.8062e-01 9.8062e-01 9.8062e-01 9.8062e-01 9.8062e-01 9.8062e-01 9.7044e-01 9.6105e-01 5.1621e-01 5.1904e-01 5.1904e-01 -4.0630e-02 8.6336e-01 5.1904e-01 5.1904e-01 -1.1373e-01 -9.3787e-02 -8.8506e-02 -9.8192e-02 -1.2703e-01 -9.5447e-02 -2.8016e-02 4.0013e-02
9.8062e-01 9.8062e-01 1.0000e+00 1.0000e+00 1.0000e+00 1.0000e+00 1.0000e+00 1.0000e+00 1.0000e+00 1.0000e+00 1.0000e+00 9.9035e-01 9.8077e-01 5.0421e-01 5.0700e-01 5.0700e-01 -4.1433e-02 8.4654e-01 5.0700e-01 5.0700e-01 -1.1869e-01 -9.9341e-02 -9.3975e-02 -1.0382e-01 -1.3222e-01 -1.0072e-01 -2.8569e-02 4.6815e-02
9.8062e-01 9.8062e-01 1.0000e+00 1.0000e+00 1.0000e+00 1.0000e+00 1.0000e+00 1.0000e+00 1.0000e+00 1.0000e+00 1.0000e+00 9.9035e-01 9.8077e-01 5.0421e-01 5.0700e-01 5.0700e-01 -4.1433e-02 8.4654e-01 5.0700e-01 5.0700e-01 -1.1869e-01 -9.9341e-02 -9.3975e-02 -1.0382e-01 -1.3222e-01 -1.0072e-01 -2.8569e-02 4.6815e-02
9.8062e-01 9.8062e-01 1.0000e+00 1.0000e+00 1.0000e+00 1.0000e+00 1.0000e+00 1.0000e+00 1.0000e+00 1.0000e+00 1.0000e+00 9.9035e-01 9.8077e-01 5.0421e-01 5.0700e-01 5.0700e-01 -4.1433e-02 8.4654e-01 5.0700e-01 5.0700e-01 -1.1869e-01 -9.9341e-02 -9.3975e-02 -1.0382e-01 -1.3222e-01 -1.0072e-01 -2.8569e-02 4.6815e-02
9.8062e-01 9.8062e-01 1.0000e+00 1.0000e+00 1.0000e+00 1.0000e+00 1.0000e+00 1.0000e+00 1.0000e+00 1.0000e+00 1.0000e+00 9.9035e-01 9.8077e-01 5.0421e-01 5.0700e-01 5.0700e-01 -4.1433e-02 8.4654e-01 5.0700e-01 5.0700e-01 -1.1869e-01 -9.9341e-02 -9.3975e-02 -1.0382e-01 -1.3222e-01 -1.0072e-01 -2.8569e-02 4.6815e-02
9.8062e-01 9.8062e-01 1.0000e+00 1.0000e+00 1.0000e+00 1.0000e+00 1.0000e+00 1.0000e+00 1.0000e+00 1.0000e+00 1.0000e+00 9.9035e-01 9.8077e-01 5.0421e-01 5.0700e-01 5.0700e-01 -4.1433e-02 8.4654e-01 5.0700e-01 5.0700e-01 -1.1869e-01 -9.9341e-02 -9.3975e-02 -1.0382e-01 -1.3222e-01 -1.0072e-01 -2.8569e-02 4.6815e-02
9.8062e-01 9.8062e-01 1.0000e+00 1.0000e+00 1.0000e+00 1.0000e+00 1.0000e+00 1.0000e+00 1.0000e+00 1.0000e+00 1.0000e+00 9.9035e-01 9.8077e-01 5.0421e-01 5.0700e-01 5.0700e-01 -4.1433e-02 8.4654e-01 5.0700e-01 5.0700e-01 -1.1869e-01 -9.9341e-02 -9.3975e-02 -1.0382e-01 -1.3222e-01 -1.0072e-01 -2.8569e-02 4.6815e-02
9.8062e-01 9.8062e-01 1.0000e+00 1.0000e+00 1.0000e+00 1.0000e+00 1.0000e+00 1.0000e+00 1.0000e+00 1.0000e+00 1.0000e+00 9.9035e-01 9.8077e-01 5.0421e-01 5.0700e-01 5.0700e-01 -4.1433e-02 8.4654e-01 5.0700e-01 5.0700e-01 -1.1869e-01 -9.9341e-02 -9.3975e-02 -1.0382e-01 -1.3222e-01 -1.0072e-01 -2.8569e-02 4.6815e-02
9.8062e-01 9.8062e-01 1.0000e+00 1.0000e+00 1.0000e+00 1.0000e+00 1.0000e+00 1.0000e+00 1.0000e+00 1.0000e+00 1.0000e+00 9.9035e-01 9.8077e-01 5.0421e-01 5.0700e-01 5.0700e-01 -4.1433e-02 8.4654e-01 5.0700e-01 5.0700e-01 -1.1869e-01 -9.9341e-02 -9.3975e-02 -1.0382e-01 -1.3222e-01 -1.0072e-01 -2.8569e-02 4.6815e-02
9.8062e-01 9.8062e-01 1.0000e+00 1.0000e+00 1.0000e+00 1.0000e+00 1.0000e+00 1.0000e+00 1.0000e+00 1.0000e+00 1.0000e+00 9.9035e-01 9.8077e-01 5.0421e-01 5.0700e-01 5.0700e-01 -4.1433e-02 8.4654e-01 5.0700e-01 5.0700e-01 -1.1869e-01 -9.9341e-02 -9.3975e-02 -1.0382e-01 -1.3222e-01 -1.0072e-01 -2.8569e-02 4.6815e-02
9.7044e-01 9.7044e-01 9.9035e-01 9.9035e-01 9.9035e-01 9.9035e-01 9.9035e-01 9.9035e-01 9.9035e-01 9.9035e-01 9.9035e-01 1.0000e+00 9.9035e-01 5.1013e-01 5.1294e-01 5.1294e-01 -4.1033e-02 8.5484e-01 5.1294e-01 5.1294e-01 -1.1622e-01 -9.6584e-02 -9.1260e-02 -1.0103e-01 -1.2965e-01 -9.8103e-02 -2.8293e-02 5.2368e-02
9.6105e-01 9.6105e-01 9.8077e-01 9.8077e-01 9.8077e-01 9.8077e-01 9.8077e-01 9.8077e-01 9.8077e-01 9.8077e-01 9.8077e-01 9.9035e-01 1.0000e+00 5.1822e-01 5.2107e-01 5.2107e-01 -4.1433e-02 8.6792e-01 5.2107e-01 5.2107e-01 -1.1869e-01 -9.9341e-02 -9.3975e-02 -1.0382e-01 -1.3222e-01 -1.0072e-01 -2.8569e-02 5.5664e-02
5.1621e-01 5.1621e-01 5.0421e-01 5.0421e-01 5.0421e-01 5.0421e-01 5.0421e-01 5.0421e-01 5.0421e-01 5.0421e-01 5.0421e-01 5.1013e-01 5.1822e-01 1.0000e+00 9.9489e-01 9.9489e-01 4.9171e-01 6.1037e-01 9.9489e-01 9.9489e-01 -1.5984e-01 -1.1226e-01 -1.0428e-01 -1.1891e-01 -1.4742e-01 -1.1403e-01 6.7140e-02 4.2422e-02
5.1904e-01 5.1904e-01 5.0700e-01 5.0700e-01 5.0700e-01 5.0700e-01 5.0700e-01 5.0700e-01 5.0700e-01 5.0700e-01 5.0700e-01 5.1294e-01 5.2107e-01 9.9489e-01 1.0000e+00 1.0000e+00 4.9424e-01 6.1351e-01 1.0000e+00 1.0000e+00 -1.5795e-01 -1.1661e-01 -1.0869e-01 -1.2321e-01 -1.4531e-01 -1.1195e-01 6.7790e-02 3.9851e-02
5.1904e-01 5.1904e-01 5.0700e-01 5.0700e-01 5.0700e-01 5.0700e-01 5.0700e-01 5.0700e-01 5.0700e-01 5.0700e-01 5.0700e-01 5.1294e-01 5.2107e-01 9.9489e-01 1.0000e+00 1.0000e+00 4.9424e-01 6.1351e-01 1.0000e+00 1.0000e+00 -1.5795e-01 -1.1661e-01 -1.0869e-01 -1.2321e-01 -1.4531e-01 -1.1195e-01 6.7790e-02 3.9851e-02
-4.0630e-02 -4.0630e-02 -4.1433e-02 -4.1433e-02 -4.1433e-02 -4.1433e-02 -4.1433e-02 -4.1433e-02 -4.1433e-02 -4.1433e-02 -4.1433e-02 -4.1033e-02 -4.1433e-02 4.9171e-01 4.9424e-01 4.9424e-01 1.0000e+00 -3.6846e-02 4.9424e-01 4.9424e-01 -5.1077e-02 -2.0290e-02 -1.6183e-02 -2.3692e-02 -2.5048e-02 -1.4462e-02 1.8239e-01 -3.2700e-02
8.6336e-01 8.6336e-01 8.4654e-01 8.4654e-01 8.4654e-01 8.4654e-01 8.4654e-01 8.4654e-01 8.4654e-01 8.4654e-01 8.4654e-01 8.5484e-01 8.6792e-01 6.1037e-01 6.1351e-01 6.1351e-01 -3.6846e-02 1.0000e+00 6.1351e-01 6.1351e-01 -1.1953e-01 -9.6273e-02 -9.1542e-02 -1.0023e-01 -1.3139e-01 -9.9558e-02 -2.5407e-02 6.5241e-02
5.1904e-01 5.1904e-01 5.0700e-01 5.0700e-01 5.0700e-01 5.0700e-01 5.0700e-01 5.0700e-01 5.0700e-01 5.0700e-01 5.0700e-01 5.1294e-01 5.2107e-01 9.9489e-01 1.0000e+00 1.0000e+00 4.9424e-01 6.1351e-01 1.0000e+00 1.0000e+00 -1.5795e-01 -1.1661e-01 -1.0869e-01 -1.2321e-01 -1.4531e-01 -1.1195e-01 6.7790e-02 3.9851e-02
5.1904e-01 5.1904e-01 5.0700e-01 5.0700e-01 5.0700e-01 5.0700e-01 5.0700e-01 5.0700e-01 5.0700e-01 5.0700e-01 5.0700e-01 5.1294e-01 5.2107e-01 9.9489e-01 1.0000e+00 1.0000e+00 4.9424e-01 6.1351e-01 1.0000e+00 1.0000e+00 -1.5795e-01 -1.1661e-01 -1.0869e-01 -1.2321e-01 -1.4531e-01 -1.1195e-01 6.7790e-02 3.9851e-02
-1.1373e-01 -1.1373e-01 -1.1869e-01 -1.1869e-01 -1.1869e-01 -1.1869e-01 -1.1869e-01 -1.1869e-01 -1.1869e-01 -1.1869e-01 -1.1869e-01 -1.1622e-01 -1.1869e-01 -1.5984e-01 -1.5795e-01 -1.5795e-01 -5.1077e-02 -1.1953e-01 -1.5795e-01 -1.5795e-01 1.0000e+00 9.6523e-01 9.6866e-01 9.2482e-01 9.1300e-01 8.4477e-01 1.3250e-01 -1.5283e-02
-9.3787e-02 -9.3787e-02 -9.9341e-02 -9.9341e-02 -9.9341e-02 -9.9341e-02 -9.9341e-02 -9.9341e-02 -9.9341e-02 -9.9341e-02 -9.9341e-02 -9.6584e-02 -9.9341e-02 -1.1226e-01 -1.1661e-01 -1.1661e-01 -2.0290e-02 -9.6273e-02 -1.1661e-01 -1.1661e-01 9.6523e-01 1.0000e+00 9.7538e-01 9.5080e-01 9.2229e-01 8.5696e-01 1.2741e-01 6.1573e-03
-8.8506e-02 -8.8506e-02 -9.3975e-02 -9.3975e-02 -9.3975e-02 -9.3975e-02 -9.3975e-02 -9.3975e-02 -9.3975e-02 -9.3975e-02 -9.3975e-02 -9.1260e-02 -9.3975e-02 -1.0428e-01 -1.0869e-01 -1.0869e-01 -1.6183e-02 -9.1542e-02 -1.0869e-01 -1.0869e-01 9.6866e-01 9.7538e-01 1.0000e+00 9.5551e-01 9.2705e-01 8.5565e-01 1.3098e-01 1.7297e-03
-9.8192e-02 -9.8192e-02 -1.0382e-01 -1.0382e-01 -1.0382e-01 -1.0382e-01 -1.0382e-01 -1.0382e-01 -1.0382e-01 -1.0382e-01 -1.0382e-01 -1.0103e-01 -1.0382e-01 -1.1891e-01 -1.2321e-01 -1.2321e-01 -2.3692e-02 -1.0023e-01 -1.2321e-01 -1.2321e-01 9.2482e-01 9.5080e-01 9.5551e-01 1.0000e+00 9.6727e-01 8.9164e-01 1.2453e-01 -9.2537e-03
-1.2703e-01 -1.2703e-01 -1.3222e-01 -1.3222e-01 -1.3222e-01 -1.3222e-01 -1.3222e-01 -1.3222e-01 -1.3222e-01 -1.3222e-01 -1.3222e-01 -1.2965e-01 -1.3222e-01 -1.4742e-01 -1.4531e-01 -1.4531e-01 -2.5048e-02 -1.3139e-01 -1.4531e-01 -1.4531e-01 9.1300e-01 9.2229e-01 9.2705e-01 9.6727e-01 1.0000e+00 9.0885e-01 1.2340e-01 -1.8652e-02
-9.5447e-02 -9.5447e-02 -1.0072e-01 -1.0072e-01 -1.0072e-01 -1.0072e-01 -1.0072e-01 -1.0072e-01 -1.0072e-01 -1.0072e-01 -1.0072e-01 -9.8103e-02 -1.0072e-01 -1.1403e-01 -1.1195e-01 -1.1195e-01 -1.4462e-02 -9.9558e-02 -1.1195e-01 -1.1195e-01 8.4477e-01 8.5696e-01 8.5565e-01 8.9164e-01 9.0885e-01 1.0000e+00 1.3250e-01 -1.5283e-02
-2.8016e-02 -2.8016e-02 -2.8569e-02 -2.8569e-02 -2.8569e-02 -2.8569e-02 -2.8569e-02 -2.8569e-02 -2.8569e-02 -2.8569e-02 -2.8569e-02 -2.8293e-02 -2.8569e-02 6.7140e-02 6.7790e-02 6.7790e-02 1.8239e-01 -2.5407e-02 6.7790e-02 6.7790e-02 1.3250e-01 1.2741e-01 1.3098e-01 1.2453e-01 1.2340e-01 1.3250e-01 1.0000e+00 -8.7097e-02
4.0013e-02 4.0013e-02 4.6815e-02 4.6815e-02 4.6815e-02 4.6815e-02 4.6815e-02 4.6815e-02 4.6815e-02 4.6815e-02 4.6815e-02 5.2368e-02 5.5664e-02 4.2422e-02 3.9851e-02 3.9851e-02 -3.2700e-02 6.5241e-02 3.9851e-02 3.9851e-02 -1.5283e-02 6.1573e-03 1.7297e-03 -9.2537e-03 -1.8652e-02 -1.5283e-02 -8.7097e-02 1.0000e+00
