1.0000e+00 -6.1073e-02 -4.7222e-02 -1.0567e-01 -1.4246e-01 1.5131e-01 1.5131e-01 5.3616e-01 -9.4165e-02 -7.7319e-02 4.2264e-01 -5.3729e-02 6.0351e-02 -1.4583e-02 4.3018e-02 2.9524e-02 -1.6788e-02 -1.7858e-02 -2.1355e-02 -1.3635e-02 -4.7320e-02 -3.1581e-02 1.4155e-02 1.2187e-02
-6.1073e-02 1.0000e+00 -9.7398e-02 -2.4326e-01 4.2872e-01 3.4832e-01 3.4832e-01 5.0580e-01 -2.1677e-01 -1.7799e-01 4.3504e-01 -2.8930e-01 5.6743e-02 6.8562e-02 8.4093e-03 -9.5915e-04 -3.5788e-02 3.1505e-02 -2.5699e-02 -3.1386e-02 5.4171e-02 -3.9449e-02 5.0425e-02 -7.4718e-02
-4.7222e-02 -9.7398e-02 1.0000e+00 -1.8809e-01 -2.4606e-01 2.6932e-01 2.6932e-01 -8.8075e-02 2.2699e-01 -1.2803e-01 1.6121e-01 1.2231e-01 8.3969e-02 -2.5957e-02 5.7132e-02 1.0190e-02 -1.4653e-02 8.1168e-02 1.9664e-02 -2.4268e-02 2.7793e-02 4.4995e-02 -1.3680e-02 -3.3978e-02
-1.0567e-01 -2.4326e-01 -1.8809e-01 1.0000e+00 7.4180e-01 6.0268e-01 6.0268e-01 -1.8927e-01 5.2933e-01 7.0358e-01 -2.1071e-01 -5.9218e-03 -1.0144e-01 -5.8086e-02 6.8444e-02 -1.8867e-02 1.1633e-01 5.2863e-02 5.0068e-02 5.0454e-02 9.7187e-02 1.8989e-02 3.0692e-02 -4.2591e-02
-1.4246e-01 4.2872e-01 -2.4606e-01 7.4180e-01 1.0000e+00 8.0441e-01 8.0441e-01 1.5262e-01 3.3232e-01 5.2205e-01 8.5019e-02 -1.8552e-01 -6.5861e-02 -1.0551e-02 6.5973e-02 -2.4361e-02 7.6125e-02 6.3118e-02 2.5402e-02 2.3316e-02 1.1609e-01 -4.1399e-03 5.2874e-02 -7.7849e-02
1.5131e-01 3.4832e-01 2.6932e-01 6.0268e-01 8.0441e-01 1.0000e+00 1.0000e+00 2.7504e-01 4.3583e-01 4.2553e-01 3.0544e-01 -1.3587e-01 -7.5016e-03 -2.9048e-02 1.0468e-01 -9.3494e-03 7.0618e-02 1.0608e-01 2.8995e-02 5.8166e-03 1.2322e-01 9.9685e-03 4.2763e-02 -8.6734e-02
1.5131e-01 3.4832e-01 2.6932e-01 6.0268e-01 8.0441e-01 1.0000e+00 1.0000e+00 2.7504e-01 4.3583e-01 4.2553e-01 3.0544e-01 -1.3587e-01 -7.5016e-03 -2.9048e-02 1.0468e-01 -9.3494e-03 7.0618e-02 1.0608e-01 2.8995e-02 5.8166e-03 1.2322e-01 9.9685e-03 4.2763e-02 -8.6734e-02
5.3616e-01 5.0580e-01 -8.8075e-02 -1.8927e-01 1.5262e-01 2.7504e-01 2.7504e-01 1.0000e+00 -1.7563e-01 -1.4421e-01 8.3336e-01 -4.0075e-01 2.6697e-02 1.3040e-02 5.7231e-02 3.4699e-02 -3.5255e-02 8.0875e-03 -3.9830e-02 -2.5430e-02 2.5533e-02 -3.7849e-02 9.1099e-02 -5.4134e-02
-9.4165e-02 -2.1677e-01 2.2699e-01 5.2933e-01 3.3232e-01 4.3583e-01 4.3583e-01 -1.7563e-01 1.0000e+00 8.2111e-01 -1.8659e-01 4.8392e-04 -1.1983e-01 -2.5931e-02 1.1031e-02 -6.5154e-02 1.0309e-01 6.2887e-02 1.1999e-01 -4.8393e-02 8.3077e-02 -3.7256e-04 1.6378e-03 -1.4892e-02
-7.7319e-02 -1.7799e-01 -1.2803e-01 7.0358e-01 5.2205e-01 4.2553e-01 4.2553e-01 -1.4421e-01 8.2111e-01 1.0000e+00 -1.5095e-01 -7.1987e-02 -1.1304e-01 -4.2500e-02 -5.5353e-04 -4.5550e-02 1.1807e-01 4.4745e-02 9.7025e-02 -3.9736e-02 9.4482e-02 -1.4446e-02 2.3742e-03 -3.9374e-02
4.2264e-01 4.3504e-01 1.6121e-01 -2.1071e-01 8.5019e-02 3.0544e-01 3.0544e-01 8.3336e-01 -1.8659e-01 -1.5095e-01 1.0000e+00 -3.6403e-01 1.2925e-01 -3.0074e-02 7.0169e-02 6.0885e-02 -3.3584e-02 1.0762e-02 -4.4039e-02 -2.8118e-02 5.7352e-03 -3.0640e-02 8.9247e-02 -6.9721e-02
-5.3729e-02 -2.8930e-01 1.2231e-01 -5.9218e-03 -1.8552e-01 -1.3587e-01 -1.3587e-01 -4.0075e-01 4.8392e-04 -7.1987e-02 -3.6403e-01 1.0000e+00 7.2016e-02 3.7772e-02 3.5954e-02 -2.9022e-02 6.4478e-02 -1.0961e-02 1.2244e-02 -3.1465e-02 -8.5056e-02 1.1813e-01 -5.0806e-02 -1.7177e-02
6.0351e-02 5.6743e-02 8.3969e-02 -1.0144e-01 -6.5861e-02 -7.5016e-03 -7.5016e-03 2.6697e-02 -1.1983e-01 -1.1304e-01 1.2925e-01 7.2016e-02 1.0000e+00 3.8605e-02 9.2525e-02 2.9060e-02 -5.4637e-02 -3.1864e-02 -4.6870e-02 7.8000e-03 -2.8735e-02 2.2641e-02 -3.4124e-03 8.6841e-03
-1.4583e-02 6.8562e-02 -2.5957e-02 -5.8086e-02 -1.0551e-02 -2.9048e-02 -2.9048e-02 1.3040e-02 -2.5931e-02 -4.2500e-02 -3.0074e-02 3.7772e-02 3.8605e-02 1.0000e+00 -1.9244e-01 -4.9395e-01 -2.3337e-02 -3.8356e-02 7.5091e-02 -7.4946e-03 5.3554e-02 -2.9080e-02 -2.8235e-02 -4.4877e-02
4.3018e-02 8.4093e-03 5.7132e-02 6.8444e-02 6.5973e-02 1.0468e-01 1.0468e-01 5.7231e-02 1.1031e-02 -5.5353e-04 7.0169e-02 3.5954e-02 9.2525e-02 -1.9244e-01 1.0000e+00 3.5998e-01 1.2127e-01 -1.3099e-01 -2.6164e-01 3.8944e-02 4.6785e-02 6.2645e-02 1.0800e-02 3.8554e-02
2.9524e-02 -9.5915e-04 1.0190e-02 -1.8867e-02 -2.4361e-02 -9.3494e-03 -9.3494e-03 3.4699e-02 -6.5154e-02 -4.5550e-02 6.0885e-02 -2.9022e-02 2.9060e-02 -4.9395e-01 3.5998e-01 1.0000e+00 4.7245e-02 7.7651e-02 -6.7937e-01 1.5173e-02 -2.8757e-02 3.9593e-02 5.7162e-02 -8.1240e-03
-1.6788e-02 -3.5788e-02 -1.4653e-02 1.1633e-01 7.6125e-02 7.0618e-02 7.0618e-02 -3.5255e-02 1.0309e-01 1.1807e-01 -3.3584e-02 6.4478e-02 -5.4637e-02 -2.3337e-02 1.2127e-01 4.7245e-02 1.0000e+00 -1.1167e-01 -3.4174e-02 -2.1819e-02 1.4773e-01 -5.6936e-02 2.9922e-03 -5.9484e-02
-1.7858e-02 3.1505e-02 8.1168e-02 5.2863e-02 6.3118e-02 1.0608e-01 1.0608e-01 8.0875e-03 6.2887e-02 4.4745e-02 1.0762e-02 -1.0961e-02 -3.1864e-02 -3.8356e-02 -1.3099e-01 7.7651e-02 -1.1167e-01 1.0000e+00 -5.6167e-02 -3.5861e-02 3.6660e-01 4.0298e-01 3.7230e-02 -5.0208e-02
-2.1355e-02 -2.5699e-02 1.9664e-02 5.0068e-02 2.5402e-02 2.8995e-02 2.8995e-02 -3.9830e-02 1.1999e-01 9.7025e-02 -4.4039e-02 1.2244e-02 -4.6870e-02 7.5091e-02 -2.6164e-01 -6.7937e-01 -3.4174e-02 -5.6167e-02 1.0000e+00 -1.0975e-02 -5.7159e-02 -1.6334e-02 -4.1346e-02 3.0543e-02
-1.3635e-02 -3.1386e-02 -2.4268e-02 5.0454e-02 2.3316e-02 5.8166e-03 5.8166e-03 -2.5430e-02 -4.8393e-02 -3.9736e-02 -2.8118e-02 -3.1465e-02 7.8000e-03 -7.4946e-03 3.8944e-02 1.5173e-02 -2.1819e-02 -3.5861e-02 -1.0975e-02 1.0000e+00 -7.6067e-02 -2.7188e-02 -2.6398e-02 -4.1958e-02
-4.7320e-02 5.4171e-02 2.7793e-02 9.7187e-02 1.1609e-01 1.2322e-01 1.2322e-01 2.5533e-02 8.3077e-02 9.4482e-02 5.7352e-03 -8.5056e-02 -2.8735e-02 5.3554e-02 4.6785e-02 -2.8757e-02 1.4773e-01 3.6660e-01 -5.7159e-02 -7.6067e-02 1.0000e+00 3.5743e-01 1.1030e-01 -1.1647e-01
-3.1581e-02 -3.9449e-02 4.4995e-02 1.8989e-02 -4.1399e-03 9.9685e-03 9.9685e-03 -3.7849e-02 -3.7256e-04 -1.4446e-02 -3.0640e-02 1.1813e-01 2.2641e-02 -2.9080e-02 6.2645e-02 3.9593e-02 -5.6936e-02 4.0298e-01 -1.6334e-02 -2.7188e-02 3.5743e-01 1.0000e+00 3.9115e-02 -3.6117e-02
1.4155e-02 5.0425e-02 -1.3680e-02 3.0692e-02 5.2874e-02 4.2763e-02 4.2763e-02 9.1099e-02 1.6378e-03 2.3742e-03 8.9247e-02 -5.0806e-02 -3.4124e-03 -2.8235e-02 1.0800e-02 5.7162e-02 2.9922e-03 3.7230e-02 -4.1346e-02 -2.6398e-02 1.1030e-01 3.9115e-02 1.0000e+00 -1.4077e-01
1.2187e-02 -7.4718e-02 -3.3978e-02 -4.2591e-02 -7.7849e-02 -8.6734e-02 -8.6734e-02 -5.4134e-02 -1.4892e-02 -3.9374e-02 -6.9721e-02 -1.7177e-02 8.6841e-03 -4.4877e-02 3.8554e-02 -8.1240e-03 -5.9484e-02 -5.0208e-02 3.0543e-02 -4.1958e-02 -1.1647e-01 -3.6117e-02 -1.4077e-01 1.0000e+00
