1.0000e+00 -1.1882e-01 -3.3333e-01 -3.3333e-01 9.8281e-01 9.8568e-01 -9.8570e-02 9.8281e-01 9.7702e-01 -2.9390e-01 9.7704e-01 9.7125e-01 -3.1099e-01 9.7125e-01 9.6547e-01 -1.6449e-01 8.8923e-01 -1.5875e-01 -2.3168e-01 -8.0256e-02 -8.0256e-02 -8.0256e-02 -3.2738e-04 1.2824e-01 1.2501e-01 -5.6206e-02 -6.5448e-02 3.2433e-02 -7.6850e-02 5.7349e-02 6.7033e-02 6.5846e-02 6.7033e-02 6.5846e-02 7.5407e-02 7.5407e-02 7.5407e-02 7.5407e-02 7.5407e-02 7.5407e-02 7.5407e-02 7.8104e-02 7.5407e-02 6.6961e-02 7.5407e-02 7.5407e-02 6.6961e-02 7.5407e-02 7.5407e-02 7.4204e-02 7.4204e-02 7.0297e-02 7.0297e-02 6.1808e-02 7.0297e-02 7.0297e-02 -3.7641e-02 -2.6357e-02 -5.1536e-03 -2.1971e-02 -4.2946e-02 4.9979e-02 7.6119e-02 7.1205e-02 4.7568e-02 6.9312e-02 7.6119e-02 -4.4051e-02 -2.2443e-02 7.0446e-02 7.0446e-02 -1.6852e-02 6.9312e-02 -3.8187e-03 -1.1787e-02 -1.9036e-02 -1.7835e-02 1.2206e-02 -3.4605e-02 -3.1014e-02 -4.4784e-02 7.3232e-02 -2.1609e-02 -4.3626e-02 -3.1677e-02 -3.1677e-02 2.7763e-03 5.9268e-04 -2.5828e-02 1.6850e-03 -3.0421e-02 9.0497e-02 1.3778e-02 1.2215e-02 1.6515e-02 1.4473e-02 1.4473e-02 7.7477e-03 -3.5176e-02 7.7477e-03 7.7477e-03 3.8698e-02 3.4413e-02 4.0409e-02 3.8698e-02 4.3866e-02 7.7477e-03 4.5613e-02 4.5613e-02 4.3699e-02 4.3866e-02 4.7373e-02 -4.0492e-02 4.9243e-02 4.3866e-02 4.3866e-02 3.7815e-02 3.7142e-02 3.8969e-02 3.7142e-02 3.7142e-02 3.7142e-02 3.7815e-02 3.7142e-02 3.7142e-02 3.3055e-02 4.5613e-02 4.5613e-02 4.0190e-02
-1.1882e-01 1.0000e+00 -1.3748e-01 -1.3748e-01 -1.1678e-01 -1.1712e-01 -4.5632e-02 -1.1678e-01 -1.1746e-01 -1.3239e-01 -1.1814e-01 -1.1678e-01 -1.3273e-01 -1.1678e-01 -1.1678e-01 -7.4363e-02 -1.1200e-01 -7.5171e-02 9.2930e-02 6.1101e-01 6.1101e-01 6.1101e-01 -2.1034e-02 -8.2386e-02 -8.6640e-02 -3.5930e-02 2.0993e-01 -1.8257e-01 2.1152e-01 3.0135e-05 -4.1885e-03 -4.6536e-03 -4.1885e-03 -4.6536e-03 -9.1258e-04 -9.1258e-04 -9.1258e-04 -9.1258e-04 -9.1258e-04 -9.1258e-04 -9.1258e-04 -1.8522e-03 -9.1258e-04 3.8330e-03 -9.1258e-04 -9.1258e-04 3.8330e-03 -9.1258e-04 -9.1258e-04 -1.3828e-03 -1.3828e-03 -9.1258e-04 -9.1258e-04 3.8330e-03 -9.1258e-04 -9.1258e-04 -1.3371e-01 -1.3522e-01 -1.3543e-01 -1.3321e-01 -1.3172e-01 -1.0851e-01 2.6937e-02 7.0792e-03 -1.0477e-01 1.0274e-02 2.6937e-02 -1.1817e-01 -1.2310e-01 1.0732e-02 1.0732e-02 -1.4693e-02 1.0274e-02 -1.1605e-01 1.5537e-01 1.5113e-01 1.5183e-01 3.9497e-02 -1.6851e-02 5.1920e-02 -3.6151e-02 1.3989e-01 1.6698e-01 -3.5694e-02 1.1021e-03 1.1021e-03 4.3395e-02 4.2532e-02 1.1021e-03 4.2963e-02 1.6446e-03 -2.2182e-02 7.1747e-02 7.0910e-02 -6.5511e-02 -6.5949e-02 -6.5949e-02 -6.5511e-02 -8.8642e-02 -6.5511e-02 -6.5511e-02 8.1375e-02 2.2467e-02 8.2292e-02 8.1375e-02 8.4149e-02 -6.5511e-02 8.5089e-02 8.5089e-02 8.7959e-02 8.4149e-02 8.6038e-02 -3.9475e-02 8.3217e-02 8.4149e-02 8.4149e-02 1.0960e-01 2.3621e-02 1.1014e-01 2.3621e-02 2.3621e-02 2.3621e-02 1.0960e-01 2.3621e-02 2.3621e-02 2.1893e-02 8.5089e-02 8.5089e-02 8.6038e-02
-3.3333e-01 -1.3748e-01 1.0000e+00 1.0000e+00 -3.2760e-01 -3.2856e-01 3.2069e-01 -3.2760e-01 -3.2416e-01 9.2770e-01 -3.2608e-01 -3.2223e-01 9.2015e-01 -3.2223e-01 -3.1685e-01 4.7475e-01 -2.9215e-01 4.6663e-01 1.7457e-01 -7.7694e-02 -7.7694e-02 -7.7694e-02 -5.9004e-02 6.0137e-02 5.9431e-02 1.4309e-01 -7.1511e-02 8.9632e-02 -7.2341e-02 -3.4945e-02 -5.1251e-02 -5.2526e-02 -5.1251e-02 -5.2526e-02 -4.2282e-02 -4.2282e-02 -4.2282e-02 -4.2282e-02 -4.2282e-02 -4.2282e-02 -4.2282e-02 -4.0111e-02 -4.2282e-02 -5.3261e-02 -4.2282e-02 -4.2282e-02 -5.3261e-02 -4.2282e-02 -4.2282e-02 -4.3569e-02 -4.3569e-02 -4.2282e-02 -4.2282e-02 -5.3261e-02 -4.2282e-02 -4.2282e-02 6.5764e-02 6.6589e-02 1.0813e-01 7.1511e-02 7.5196e-02 5.0242e-02 -1.0250e-01 -2.6514e-02 4.9763e-02 -2.6839e-02 -9.5120e-02 9.1909e-02 9.0849e-02 -3.0149e-02 -3.0149e-02 5.8591e-04 -4.0536e-02 1.0636e-01 -1.0180e-01 -1.0441e-01 -1.0313e-01 -3.5490e-02 -9.0054e-03 -1.4227e-01 -2.3955e-02 -1.1537e-01 -9.0240e-02 -2.2581e-02 1.0844e-02 1.0844e-02 -2.1706e-02 -1.9711e-02 1.0844e-02 -2.2980e-02 1.2380e-02 -1.7513e-02 -7.4955e-02 -7.6501e-02 3.6317e-02 3.3858e-02 3.3858e-02 3.6317e-02 1.0484e-01 3.6317e-02 3.6317e-02 -7.0550e-02 -3.7013e-02 -7.5534e-02 -7.7119e-02 -7.8971e-02 3.6317e-02 -9.7349e-02 -9.7349e-02 -9.2728e-02 -9.2239e-02 -9.5817e-02 4.3274e-02 -1.0039e-01 -9.8873e-02 -9.8873e-02 -8.5165e-02 -3.9547e-02 -8.3921e-02 -3.9547e-02 -3.9547e-02 -3.9547e-02 -8.5165e-02 -3.9547e-02 -3.9547e-02 -3.3053e-02 -9.7349e-02 -9.7349e-02 -9.5817e-02
-3.3333e-01 -1.3748e-01 1.0000e+00 1.0000e+00 -3.2760e-01 -3.2856e-01 3.2069e-01 -3.2760e-01 -3.2416e-01 9.2770e-01 -3.2608e-01 -3.2223e-01 9.2015e-01 -3.2223e-01 -3.1685e-01 4.7475e-01 -2.9215e-01 4.6663e-01 1.7457e-01 -7.7694e-02 -7.7694e-02 -7.7694e-02 -5.9004e-02 6.0137e-02 5.9431e-02 1.4309e-01 -7.1511e-02 8.9632e-02 -7.2341e-02 -3.4945e-02 -5.1251e-02 -5.2526e-02 -5.1251e-02 -5.2526e-02 -4.2282e-02 -4.2282e-02 -4.2282e-02 -4.2282e-02 -4.2282e-02 -4.2282e-02 -4.2282e-02 -4.0111e-02 -4.2282e-02 -5.3261e-02 -4.2282e-02 -4.2282e-02 -5.3261e-02 -4.2282e-02 -4.2282e-02 -4.3569e-02 -4.3569e-02 -4.2282e-02 -4.2282e-02 -5.3261e-02 -4.2282e-02 -4.2282e-02 6.5764e-02 6.6589e-02 1.0813e-01 7.1511e-02 7.5196e-02 5.0242e-02 -1.0250e-01 -2.6514e-02 4.9763e-02 -2.6839e-02 -9.5120e-02 9.1909e-02 9.0849e-02 -3.0149e-02 -3.0149e-02 5.8591e-04 -4.0536e-02 1.0636e-01 -1.0180e-01 -1.0441e-01 -1.0313e-01 -3.5490e-02 -9.0054e-03 -1.4227e-01 -2.3955e-02 -1.1537e-01 -9.0240e-02 -2.2581e-02 1.0844e-02 1.0844e-02 -2.1706e-02 -1.9711e-02 1.0844e-02 -2.2980e-02 1.2380e-02 -1.7513e-02 -7.4955e-02 -7.6501e-02 3.6317e-02 3.3858e-02 3.3858e-02 3.6317e-02 1.0484e-01 3.6317e-02 3.6317e-02 -7.0550e-02 -3.7013e-02 -7.5534e-02 -7.7119e-02 -7.8971e-02 3.6317e-02 -9.7349e-02 -9.7349e-02 -9.2728e-02 -9.2239e-02 -9.5817e-02 4.3274e-02 -1.0039e-01 -9.8873e-02 -9.8873e-02 -8.5165e-02 -3.9547e-02 -8.3921e-02 -3.9547e-02 -3.9547e-02 -3.9547e-02 -8.5165e-02 -3.9547e-02 -3.9547e-02 -3.3053e-02 -9.7349e-02 -9.7349e-02 -9.5817e-02
9.8281e-01 -1.1678e-01 -3.2760e-01 -3.2760e-01 1.0000e+00 9.9709e-01 -1.0873e-01 1.0000e+00 9.9420e-01 -3.1546e-01 9.8847e-01 9.8833e-01 -3.1627e-01 9.8833e-01 9.8249e-01 -1.7719e-01 9.0520e-01 -1.7121e-01 -2.3457e-01 -7.8877e-02 -7.8877e-02 -7.8877e-02 1.0426e-03 1.3454e-01 1.3155e-01 -5.5948e-02 -6.8835e-02 3.3872e-02 -8.0438e-02 5.7465e-02 6.7522e-02 6.6354e-02 6.7522e-02 6.6354e-02 7.5761e-02 7.5761e-02 7.5761e-02 7.5761e-02 7.5761e-02 7.5761e-02 7.5761e-02 7.8547e-02 7.5761e-02 6.6919e-02 7.5761e-02 7.5761e-02 6.6919e-02 7.5761e-02 7.5761e-02 7.4578e-02 7.4578e-02 7.0602e-02 7.0602e-02 6.1717e-02 7.0602e-02 7.0602e-02 -4.5040e-02 -3.3566e-02 -6.1840e-03 -2.9243e-02 -5.0502e-02 4.5125e-02 7.2031e-02 6.8597e-02 4.2505e-02 6.6468e-02 7.2031e-02 -4.1596e-02 -2.4815e-02 6.7581e-02 6.7581e-02 -2.3888e-02 6.6468e-02 -6.7298e-03 -9.1354e-03 -1.6278e-02 -1.5095e-02 2.0947e-02 -3.7891e-02 -3.3587e-02 -4.7514e-02 6.9626e-02 -1.9082e-02 -4.6380e-02 -3.6330e-02 -3.6330e-02 5.9497e-03 3.8065e-03 -3.0424e-02 4.8786e-03 -3.5105e-02 9.2826e-02 1.2898e-02 1.1363e-02 2.0953e-02 1.8919e-02 1.8919e-02 1.2100e-02 -3.6712e-02 1.2100e-02 1.2100e-02 3.7557e-02 3.6407e-02 3.9237e-02 3.7557e-02 4.2632e-02 1.2100e-02 4.4347e-02 4.4347e-02 4.2266e-02 4.2632e-02 4.6075e-02 -3.8309e-02 4.8109e-02 4.2632e-02 4.2632e-02 3.8385e-02 3.9098e-02 3.9520e-02 3.9098e-02 3.9098e-02 3.9098e-02 3.8385e-02 3.9098e-02 3.9098e-02 3.5068e-02 4.4347e-02 4.4347e-02 3.8822e-02
9.8568e-01 -1.1712e-01 -3.2856e-01 -3.2856e-01 9.9709e-01 1.0000e+00 -1.0905e-01 9.9709e-01 9.9129e-01 -3.1092e-01 9.9135e-01 9.8544e-01 -3.1719e-01 9.8544e-01 9.7961e-01 -1.6974e-01 9.0250e-01 -1.6385e-01 -2.3925e-01 -7.9107e-02 -7.9107e-02 -7.9107e-02 8.1238e-04 1.3603e-01 1.3301e-01 -5.3581e-02 -7.0712e-02 3.6042e-02 -8.2284e-02 6.0884e-02 7.0854e-02 6.9680e-02 7.0854e-02 6.9680e-02 7.9134e-02 7.9134e-02 7.9134e-02 7.9134e-02 7.9134e-02 7.9134e-02 7.9134e-02 8.1899e-02 7.9134e-02 7.0388e-02 7.9134e-02 7.9134e-02 7.0388e-02 7.9134e-02 7.9134e-02 7.7944e-02 7.7944e-02 7.3983e-02 7.3983e-02 6.5194e-02 7.3983e-02 7.3983e-02 -4.2979e-02 -3.1537e-02 -7.7564e-03 -2.7204e-02 -4.8417e-02 4.6785e-02 7.2717e-02 7.1500e-02 4.4195e-02 6.9420e-02 7.2717e-02 -4.2929e-02 -2.6227e-02 7.0537e-02 7.0537e-02 -2.0043e-02 6.9420e-02 -8.0980e-03 -1.0507e-02 -1.7660e-02 -1.6475e-02 1.8674e-02 -3.9200e-02 -3.4404e-02 -4.8874e-02 6.7721e-02 -2.0434e-02 -4.7738e-02 -3.7513e-02 -3.7513e-02 7.8775e-03 5.7298e-03 -3.1616e-02 6.8041e-03 -3.6286e-02 9.2433e-02 1.1897e-02 1.0361e-02 2.0207e-02 1.8172e-02 1.8172e-02 1.1368e-02 -3.7615e-02 1.1368e-02 1.1368e-02 3.6561e-02 3.5093e-02 3.8242e-02 3.6561e-02 4.1639e-02 1.1368e-02 4.3356e-02 4.3356e-02 4.1291e-02 4.1639e-02 4.5085e-02 -3.8675e-02 4.7104e-02 4.1639e-02 4.1639e-02 4.1673e-02 3.7788e-02 4.2814e-02 3.7788e-02 3.7788e-02 3.7788e-02 4.1673e-02 3.7788e-02 3.7788e-02 3.3753e-02 4.3356e-02 4.3356e-02 3.7844e-02
-9.8570e-02 -4.5632e-02 3.2069e-01 3.2069e-01 -1.0873e-01 -1.0905e-01 1.0000e+00 -1.0873e-01 -1.0937e-01 3.4468e-01 -1.1000e-01 -1.0873e-01 3.3240e-01 -1.0873e-01 -1.0873e-01 5.6367e-01 -1.0428e-01 5.4099e-01 8.4869e-02 -3.0821e-02 -3.0821e-02 -3.0821e-02 -1.9584e-02 -8.8040e-02 -9.2070e-02 -1.3737e-01 -3.7553e-02 5.9609e-02 -3.6344e-02 -1.1675e-02 -2.6227e-02 -2.6643e-02 -2.6227e-02 -2.6643e-02 -2.3302e-02 -2.3302e-02 -2.3302e-02 -2.3302e-02 -2.3302e-02 -2.3302e-02 -2.3302e-02 -2.4140e-02 -2.3302e-02 -1.9074e-02 -2.3302e-02 -2.3302e-02 -1.9074e-02 -2.3302e-02 -2.3302e-02 -2.3721e-02 -2.3721e-02 -2.3302e-02 -2.3302e-02 -1.9074e-02 -2.3302e-02 -2.3302e-02 6.7867e-02 6.6694e-02 1.0521e-01 6.8258e-02 6.9431e-02 7.4398e-02 -1.4783e-02 -3.0275e-02 7.7055e-02 -2.7425e-02 -1.4783e-02 1.1103e-01 1.1401e-01 -2.7017e-02 -2.7017e-02 -1.8892e-02 -2.7425e-02 1.2642e-01 -7.2376e-02 -7.4631e-02 -7.4256e-02 -4.0653e-02 -3.5820e-02 -2.7732e-02 -4.3373e-02 -8.0082e-02 -8.3632e-02 -4.2960e-02 -3.2546e-02 -3.2546e-02 1.4321e-03 5.9381e-04 -3.2546e-02 1.0131e-03 -3.2099e-02 -2.0654e-02 -4.0715e-02 -4.1182e-02 1.2912e-02 1.2091e-02 1.2091e-02 1.2912e-02 1.9449e-02 1.2912e-02 1.2912e-02 -3.5434e-02 -2.1615e-02 -3.4940e-02 -3.5434e-02 -3.3944e-02 1.2912e-02 -3.3442e-02 -3.3442e-02 -3.1920e-02 -3.3944e-02 -3.2938e-02 -3.6754e-02 -3.4444e-02 -3.3944e-02 -3.3944e-02 -8.4251e-02 -2.0685e-02 -8.3878e-02 -2.0685e-02 -2.0685e-02 -2.0685e-02 -8.4251e-02 -2.0685e-02 -2.0685e-02 -9.8337e-03 -3.3442e-02 -3.3442e-02 -3.2938e-02
9.8281e-01 -1.1678e-01 -3.2760e-01 -3.2760e-01 1.0000e+00 9.9709e-01 -1.0873e-01 1.0000e+00 9.9420e-01 -3.1546e-01 9.8847e-01 9.8833e-01 -3.1627e-01 9.8833e-01 9.8249e-01 -1.7719e-01 9.0520e-01 -1.7121e-01 -2.3457e-01 -7.8877e-02 -7.8877e-02 -7.8877e-02 1.0426e-03 1.3454e-01 1.3155e-01 -5.5948e-02 -6.8835e-02 3.3872e-02 -8.0438e-02 5.7465e-02 6.7522e-02 6.6354e-02 6.7522e-02 6.6354e-02 7.5761e-02 7.5761e-02 7.5761e-02 7.5761e-02 7.5761e-02 7.5761e-02 7.5761e-02 7.8547e-02 7.5761e-02 6.6919e-02 7.5761e-02 7.5761e-02 6.6919e-02 7.5761e-02 7.5761e-02 7.4578e-02 7.4578e-02 7.0602e-02 7.0602e-02 6.1717e-02 7.0602e-02 7.0602e-02 -4.5040e-02 -3.3566e-02 -6.1840e-03 -2.9243e-02 -5.0502e-02 4.5125e-02 7.2031e-02 6.8597e-02 4.2505e-02 6.6468e-02 7.2031e-02 -4.1596e-02 -2.4815e-02 6.7581e-02 6.7581e-02 -2.3888e-02 6.6468e-02 -6.7298e-03 -9.1354e-03 -1.6278e-02 -1.5095e-02 2.0947e-02 -3.7891e-02 -3.3587e-02 -4.7514e-02 6.9626e-02 -1.9082e-02 -4.6380e-02 -3.6330e-02 -3.6330e-02 5.9497e-03 3.8065e-03 -3.0424e-02 4.8786e-03 -3.5105e-02 9.2826e-02 1.2898e-02 1.1363e-02 2.0953e-02 1.8919e-02 1.8919e-02 1.2100e-02 -3.6712e-02 1.2100e-02 1.2100e-02 3.7557e-02 3.6407e-02 3.9237e-02 3.7557e-02 4.2632e-02 1.2100e-02 4.4347e-02 4.4347e-02 4.2266e-02 4.2632e-02 4.6075e-02 -3.8309e-02 4.8109e-02 4.2632e-02 4.2632e-02 3.8385e-02 3.9098e-02 3.9520e-02 3.9098e-02 3.9098e-02 3.9098e-02 3.8385e-02 3.9098e-02 3.9098e-02 3.5068e-02 4.4347e-02 4.4347e-02 3.8822e-02
9.7702e-01 -1.1746e-01 -3.2416e-01 -3.2416e-01 9.9420e-01 9.9129e-01 -1.0937e-01 9.9420e-01 1.0000e+00 -3.1730e-01 9.9424e-01 9.9420e-01 -3.1812e-01 9.9420e-01 9.8838e-01 -1.7823e-01 9.1173e-01 -1.7228e-01 -2.3153e-01 -7.9337e-02 -7.9337e-02 -7.9337e-02 5.8295e-04 1.3751e-01 1.3447e-01 -5.1223e-02 -6.7696e-02 3.3388e-02 -7.9232e-02 5.9141e-02 6.9061e-02 6.7885e-02 6.9061e-02 6.7885e-02 7.7354e-02 7.7354e-02 7.7354e-02 7.7354e-02 7.7354e-02 7.7354e-02 7.7354e-02 8.0107e-02 7.7354e-02 6.8660e-02 7.7354e-02 7.7354e-02 6.8660e-02 7.7354e-02 7.7354e-02 7.6162e-02 7.6162e-02 7.2212e-02 7.2212e-02 6.3474e-02 7.2212e-02 7.2212e-02 -4.5816e-02 -3.4410e-02 -9.3237e-03 -3.0061e-02 -5.1221e-02 4.3378e-02 7.3400e-02 6.9470e-02 4.0844e-02 6.7420e-02 7.3400e-02 -4.4258e-02 -2.7635e-02 6.8540e-02 6.8540e-02 -2.1527e-02 6.7420e-02 -9.4617e-03 -1.1874e-02 -1.3533e-02 -1.2339e-02 2.1223e-02 -4.0506e-02 -3.5219e-02 -5.0230e-02 7.0834e-02 -1.6225e-02 -4.9092e-02 -3.8692e-02 -3.8692e-02 9.7991e-03 7.6468e-03 -3.2805e-02 8.7234e-03 -3.7464e-02 9.2042e-02 1.0901e-02 9.3631e-03 1.9463e-02 1.7427e-02 1.7427e-02 1.0639e-02 -3.8515e-02 1.0639e-02 1.0639e-02 3.5569e-02 3.3784e-02 3.7251e-02 3.5569e-02 4.0651e-02 1.0639e-02 4.2369e-02 4.2369e-02 4.0319e-02 4.0651e-02 4.4099e-02 -3.9040e-02 4.6102e-02 4.0651e-02 4.0651e-02 4.4950e-02 3.6482e-02 4.6097e-02 3.6482e-02 3.6482e-02 3.6482e-02 4.4950e-02 3.6482e-02 3.6482e-02 3.2443e-02 4.2369e-02 4.2369e-02 3.6870e-02
-2.9390e-01 -1.3239e-01 9.2770e-01 9.2770e-01 -3.1546e-01 -3.1092e-01 3.4468e-01 -3.1546e-01 -3.1730e-01 1.0000e+00 -3.0828e-01 -3.1546e-01 9.7186e-01 -3.1546e-01 -3.1546e-01 5.2432e-01 -2.9133e-01 5.1592e-01 1.6737e-01 -8.9419e-02 -8.9419e-02 -8.9419e-02 -5.6818e-02 8.9755e-02 8.4974e-02 1.8138e-01 -1.0447e-01 1.2325e-01 -1.0555e-01 -1.2383e-02 -2.8495e-02 -2.9739e-02 -2.8495e-02 -2.9739e-02 -1.9742e-02 -1.9742e-02 -1.9742e-02 -1.9742e-02 -1.9742e-02 -1.9742e-02 -1.9742e-02 -1.7427e-02 -1.9742e-02 -3.1442e-02 -1.9742e-02 -1.9742e-02 -3.1442e-02 -1.9742e-02 -1.9742e-02 -2.0998e-02 -2.0998e-02 -1.9742e-02 -1.9742e-02 -3.1442e-02 -1.9742e-02 -1.9742e-02 1.0789e-01 1.0899e-01 1.3229e-01 1.1366e-01 1.1715e-01 9.3320e-02 -1.0058e-01 1.3806e-05 8.7404e-02 -5.3563e-03 -9.3071e-02 1.0286e-01 1.0779e-01 -8.7823e-03 -8.7823e-03 1.6985e-02 -1.9292e-02 1.2240e-01 -1.4142e-01 -1.4332e-01 -1.4214e-01 -6.7951e-02 -5.5820e-03 -1.3248e-01 -1.9499e-02 -1.3457e-01 -1.2979e-01 -1.8172e-02 2.2991e-02 2.2991e-02 -4.9359e-02 -4.7215e-02 2.2991e-02 -5.0598e-02 2.4491e-02 -1.4426e-02 -6.2485e-02 -6.4001e-02 5.5262e-02 5.2781e-02 5.2781e-02 5.5262e-02 1.2023e-01 5.5262e-02 5.5262e-02 -5.8626e-02 -1.4507e-02 -6.3755e-02 -6.5310e-02 -6.7367e-02 5.5262e-02 -8.6124e-02 -8.6124e-02 -8.1596e-02 -8.0866e-02 -8.4623e-02 6.3123e-02 -8.9100e-02 -8.7616e-02 -8.7616e-02 -1.1476e-01 -1.7170e-02 -1.1359e-01 -1.7170e-02 -1.7170e-02 -1.7170e-02 -1.1476e-01 -1.7170e-02 -1.7170e-02 -1.0434e-02 -8.6124e-02 -8.6124e-02 -8.4623e-02
9.7704e-01 -1.1814e-01 -3.2608e-01 -3.2608e-01 9.8847e-01 9.9135e-01 -1.1000e-01 9.8847e-01 9.9424e-01 -3.0828e-01 1.0000e+00 9.8847e-01 -3.1996e-01 9.8847e-01 9.8267e-01 -1.6341e-01 9.0637e-01 -1.5763e-01 -2.4086e-01 -7.9797e-02 -7.9797e-02 -7.9797e-02 1.2632e-04 1.4046e-01 1.3737e-01 -4.6531e-02 -6.6568e-02 3.2908e-02 -7.8035e-02 6.0808e-02 7.0591e-02 6.9408e-02 7.0591e-02 6.9408e-02 7.8939e-02 7.8939e-02 7.8939e-02 7.8939e-02 7.8939e-02 7.8939e-02 7.8939e-02 8.1660e-02 7.8939e-02 7.0391e-02 7.8939e-02 7.8939e-02 7.0391e-02 7.8939e-02 7.8939e-02 7.7739e-02 7.7739e-02 7.3813e-02 7.3813e-02 6.5222e-02 7.3813e-02 7.3813e-02 -4.6589e-02 -3.5250e-02 -1.2443e-02 -3.0874e-02 -5.1936e-02 4.1643e-02 7.4762e-02 7.0339e-02 3.9195e-02 6.8368e-02 7.4762e-02 -4.6904e-02 -3.0437e-02 6.9495e-02 6.9495e-02 -1.9181e-02 6.8368e-02 -1.2176e-02 -9.0652e-03 -1.0805e-02 -9.6014e-03 2.1498e-02 -4.3106e-02 -3.6842e-02 -5.2930e-02 7.2035e-02 -1.3387e-02 -5.1789e-02 -4.1041e-02 -4.1041e-02 1.3624e-02 1.1463e-02 -3.5173e-02 1.2544e-02 -3.9809e-02 9.1265e-02 8.9173e-03 7.3767e-03 1.7984e-02 1.5945e-02 1.5945e-02 9.1887e-03 -4.0307e-02 9.1887e-03 9.1887e-03 3.3594e-02 3.1180e-02 3.5279e-02 3.3594e-02 3.8684e-02 9.1887e-03 4.0405e-02 4.0405e-02 3.8387e-02 3.8684e-02 4.2138e-02 -3.9768e-02 4.4110e-02 3.8684e-02 3.8684e-02 5.1475e-02 3.3884e-02 5.2632e-02 3.3884e-02 3.3884e-02 3.3884e-02 5.1475e-02 3.3884e-02 3.3884e-02 2.9836e-02 4.0405e-02 4.0405e-02 3.4932e-02
9.7125e-01 -1.1678e-01 -3.2223e-01 -3.2223e-01 9.8833e-01 9.8544e-01 -1.0873e-01 9.8833e-01 9.9420e-01 -3.1546e-01 9.8847e-01 1.0000e+00 -3.1627e-01 1.0000e+00 9.9416e-01 -1.7719e-01 9.1716e-01 -1.7121e-01 -2.3457e-01 -7.8877e-02 -7.8877e-02 -7.8877e-02 1.0426e-03 1.3454e-01 1.3155e-01 -5.5948e-02 -6.3931e-02 2.9040e-02 -7.5528e-02 6.2633e-02 7.2653e-02 7.1481e-02 7.2653e-02 7.1481e-02 8.0920e-02 8.0920e-02 8.0920e-02 8.0920e-02 8.0920e-02 8.0920e-02 8.0920e-02 8.3698e-02 8.0920e-02 7.2122e-02 8.0920e-02 8.0920e-02 7.2122e-02 8.0920e-02 8.0920e-02 7.9733e-02 7.9733e-02 7.5761e-02 7.5761e-02 6.6919e-02 7.5761e-02 7.5761e-02 -4.9945e-02 -3.8478e-02 -1.6675e-02 -3.4147e-02 -5.5401e-02 4.0047e-02 7.2031e-02 7.3539e-02 3.7451e-02 7.1426e-02 7.2031e-02 -5.2670e-02 -3.5699e-02 7.2542e-02 7.2542e-02 -1.8554e-02 7.1426e-02 -1.7893e-02 -9.1354e-03 -1.0755e-02 -9.5651e-03 1.6117e-02 -3.7891e-02 -3.3587e-02 -4.7514e-02 7.4654e-02 -1.3508e-02 -4.6380e-02 -4.2236e-02 -4.2236e-02 1.0880e-02 8.7413e-03 -3.6330e-02 9.8111e-03 -4.1021e-02 9.2826e-02 5.9996e-03 4.4850e-03 2.0953e-02 1.8919e-02 1.8919e-02 1.2100e-02 -3.6712e-02 1.2100e-02 1.2100e-02 3.7557e-02 3.6407e-02 3.9237e-02 3.7557e-02 4.2632e-02 1.2100e-02 4.4347e-02 4.4347e-02 4.2266e-02 4.2632e-02 4.6075e-02 -3.8309e-02 4.8109e-02 4.2632e-02 4.2632e-02 4.8555e-02 3.9098e-02 4.9698e-02 3.9098e-02 3.9098e-02 3.9098e-02 4.8555e-02 3.9098e-02 3.9098e-02 3.5068e-02 4.4347e-02 4.4347e-02 3.8822e-02
-3.1099e-01 -1.3273e-01 9.2015e-01 9.2015e-01 -3.1627e-01 -3.1719e-01 3.3240e-01 -3.1627e-01 -3.1812e-01 9.7186e-01 -3.1996e-01 -3.1627e-01 1.0000e+00 -3.1627e-01 -3.1627e-01 5.4533e-01 -2.9212e-01 5.3674e-01 1.8569e-01 -8.9648e-02 -8.9648e-02 -8.9648e-02 -5.6964e-02 8.1695e-02 7.6834e-02 1.7426e-01 -1.1080e-01 1.2971e-01 -1.1188e-01 -1.8746e-02 -3.4837e-02 -3.6078e-02 -3.4837e-02 -3.6078e-02 -2.6096e-02 -2.6096e-02 -2.6096e-02 -2.6096e-02 -2.6096e-02 -2.6096e-02 -2.6096e-02 -2.3783e-02 -2.6096e-02 -3.7787e-02 -2.6096e-02 -2.6096e-02 -3.7787e-02 -2.6096e-02 -2.6096e-02 -2.7350e-02 -2.7350e-02 -2.6096e-02 -2.6096e-02 -3.7787e-02 -2.6096e-02 -2.6096e-02 1.0503e-01 1.0611e-01 1.3065e-01 1.1080e-01 1.1431e-01 9.0081e-02 -1.1471e-01 -1.7834e-03 8.4219e-02 -7.1208e-03 -1.0721e-01 1.0142e-01 1.0629e-01 -1.0539e-02 -1.0539e-02 1.5540e-02 -2.1040e-02 1.2096e-01 -1.4776e-01 -1.4964e-01 -1.4846e-01 -6.9967e-02 -6.8610e-03 -1.4017e-01 -2.0824e-02 -1.4549e-01 -1.3615e-01 -1.9494e-02 2.1799e-02 2.1799e-02 -5.6710e-02 -5.4585e-02 2.1799e-02 -5.7956e-02 2.3301e-02 -1.4635e-02 -6.3327e-02 -6.4845e-02 5.4528e-02 5.2046e-02 5.2046e-02 5.4528e-02 1.1918e-01 5.4528e-02 5.4528e-02 -5.9431e-02 -1.5664e-02 -6.4550e-02 -6.6107e-02 -6.8151e-02 5.4528e-02 -8.6880e-02 -8.6880e-02 -8.2347e-02 -8.1633e-02 -8.5378e-02 6.2645e-02 -8.9861e-02 -8.8375e-02 -8.8375e-02 -1.2100e-01 -1.8317e-02 -1.1983e-01 -1.8317e-02 -1.8317e-02 -1.8317e-02 -1.2100e-01 -1.8317e-02 -1.8317e-02 -1.1600e-02 -8.6880e-02 -8.6880e-02 -8.5378e-02
9.7125e-01 -1.1678e-01 -3.2223e-01 -3.2223e-01 9.8833e-01 9.8544e-01 -1.0873e-01 9.8833e-01 9.9420e-01 -3.1546e-01 9.8847e-01 1.0000e+00 -3.1627e-01 1.0000e+00 9.9416e-01 -1.7719e-01 9.1716e-01 -1.7121e-01 -2.3457e-01 -7.8877e-02 -7.8877e-02 -7.8877e-02 1.0426e-03 1.3454e-01 1.3155e-01 -5.5948e-02 -6.3931e-02 2.9040e-02 -7.5528e-02 6.2633e-02 7.2653e-02 7.1481e-02 7.2653e-02 7.1481e-02 8.0920e-02 8.0920e-02 8.0920e-02 8.0920e-02 8.0920e-02 8.0920e-02 8.0920e-02 8.3698e-02 8.0920e-02 7.2122e-02 8.0920e-02 8.0920e-02 7.2122e-02 8.0920e-02 8.0920e-02 7.9733e-02 7.9733e-02 7.5761e-02 7.5761e-02 6.6919e-02 7.5761e-02 7.5761e-02 -4.9945e-02 -3.8478e-02 -1.6675e-02 -3.4147e-02 -5.5401e-02 4.0047e-02 7.2031e-02 7.3539e-02 3.7451e-02 7.1426e-02 7.2031e-02 -5.2670e-02 -3.5699e-02 7.2542e-02 7.2542e-02 -1.8554e-02 7.1426e-02 -1.7893e-02 -9.1354e-03 -1.0755e-02 -9.5651e-03 1.6117e-02 -3.7891e-02 -3.3587e-02 -4.7514e-02 7.4654e-02 -1.3508e-02 -4.6380e-02 -4.2236e-02 -4.2236e-02 1.0880e-02 8.7413e-03 -3.6330e-02 9.8111e-03 -4.1021e-02 9.2826e-02 5.9996e-03 4.4850e-03 2.0953e-02 1.8919e-02 1.8919e-02 1.2100e-02 -3.6712e-02 1.2100e-02 1.2100e-02 3.7557e-02 3.6407e-02 3.9237e-02 3.7557e-02 4.2632e-02 1.2100e-02 4.4347e-02 4.4347e-02 4.2266e-02 4.2632e-02 4.6075e-02 -3.8309e-02 4.8109e-02 4.2632e-02 4.2632e-02 4.8555e-02 3.9098e-02 4.9698e-02 3.9098e-02 3.9098e-02 3.9098e-02 4.8555e-02 3.9098e-02 3.9098e-02 3.5068e-02 4.4347e-02 4.4347e-02 3.8822e-02
9.6547e-01 -1.1678e-01 -3.1685e-01 -3.1685e-01 9.8249e-01 9.7961e-01 -1.0873e-01 9.8249e-01 9.8838e-01 -3.1546e-01 9.8267e-01 9.9416e-01 -3.1627e-01 9.9416e-01 1.0000e+00 -1.7719e-01 9.2314e-01 -1.7121e-01 -2.3457e-01 -7.8877e-02 -7.8877e-02 -7.8877e-02 1.0426e-03 1.3454e-01 1.3155e-01 -5.1123e-02 -5.9027e-02 2.4208e-02 -7.0619e-02 5.7465e-02 6.7522e-02 6.6354e-02 6.7522e-02 6.6354e-02 7.5761e-02 7.5761e-02 7.5761e-02 7.5761e-02 7.5761e-02 7.5761e-02 7.5761e-02 7.8547e-02 7.5761e-02 6.6919e-02 7.5761e-02 7.5761e-02 6.6919e-02 7.5761e-02 7.5761e-02 7.4578e-02 7.4578e-02 7.0602e-02 7.0602e-02 6.1717e-02 7.0602e-02 7.0602e-02 -5.4851e-02 -4.3389e-02 -1.6675e-02 -3.9051e-02 -6.0299e-02 3.4970e-02 7.2031e-02 6.8597e-02 3.2397e-02 6.6468e-02 7.2031e-02 -5.2670e-02 -3.5699e-02 6.7581e-02 6.7581e-02 -2.3888e-02 6.6468e-02 -1.7893e-02 -9.1354e-03 -1.0755e-02 -9.5651e-03 1.6117e-02 -3.7891e-02 -4.1100e-02 -4.7514e-02 7.4654e-02 -1.3508e-02 -4.6380e-02 -4.2236e-02 -4.2236e-02 1.0880e-02 8.7413e-03 -3.6330e-02 9.8111e-03 -4.1021e-02 9.2826e-02 5.9996e-03 4.4850e-03 2.0953e-02 1.8919e-02 1.8919e-02 1.2100e-02 -3.6712e-02 1.2100e-02 1.2100e-02 3.7557e-02 3.6407e-02 3.9237e-02 3.7557e-02 4.2632e-02 1.2100e-02 4.4347e-02 4.4347e-02 4.2266e-02 4.2632e-02 4.6075e-02 -3.8309e-02 4.8109e-02 4.2632e-02 4.2632e-02 4.8555e-02 3.9098e-02 4.9698e-02 3.9098e-02 3.9098e-02 3.9098e-02 4.8555e-02 3.9098e-02 3.9098e-02 3.5068e-02 4.4347e-02 4.4347e-02 3.8822e-02
-1.6449e-01 -7.4363e-02 4.7475e-01 4.7475e-01 -1.7719e-01 -1.6974e-01 5.6367e-01 -1.7719e-01 -1.7823e-01 5.2432e-01 -1.6341e-01 -1.7719e-01 5.4533e-01 -1.7719e-01 -1.7719e-01 1.0000e+00 -1.6993e-01 9.5679e-01 7.4445e-02 -5.0226e-02 -5.0226e-02 -5.0226e-02 -3.1915e-02 -1.1743e-01 -1.2384e-01 -8.4693e-02 -5.6781e-02 8.6183e-02 -5.4806e-02 -1.7993e-02 -3.1278e-02 -3.1965e-02 -3.1278e-02 -3.1965e-02 -2.6447e-02 -2.6447e-02 -2.6447e-02 -2.6447e-02 -2.6447e-02 -2.6447e-02 -2.6447e-02 -2.0790e-02 -2.6447e-02 -1.9459e-02 -2.6447e-02 -2.6447e-02 -1.9459e-02 -2.6447e-02 -2.6447e-02 -2.7140e-02 -2.7140e-02 -2.6447e-02 -2.6447e-02 -1.9459e-02 -2.6447e-02 -2.6447e-02 5.6123e-02 6.0863e-02 9.4498e-02 6.3486e-02 6.5451e-02 4.0812e-02 -6.3112e-02 -3.8132e-02 3.1704e-02 -4.7007e-02 -6.3112e-02 9.1945e-02 9.4686e-02 -5.3125e-02 -5.3125e-02 -2.9897e-02 -6.0564e-02 1.0495e-01 -7.1912e-02 -7.5946e-02 -7.5276e-02 -5.5137e-02 -5.3895e-02 -4.9953e-02 -5.8829e-02 -9.8984e-02 -9.4097e-02 -5.8141e-02 -6.0521e-02 -6.0521e-02 2.1240e-02 1.9891e-02 -6.0521e-02 2.0566e-02 -5.9806e-02 -3.3658e-02 -4.2428e-02 -4.3259e-02 7.0045e-02 5.6398e-02 5.6398e-02 5.7941e-02 1.8195e-02 5.7941e-02 5.7941e-02 -3.3004e-02 1.6131e-03 -4.1904e-02 -4.2757e-02 -4.0182e-02 5.7941e-02 -3.9313e-02 -3.9313e-02 -3.6678e-02 -4.0182e-02 -3.8440e-02 9.2552e-02 -4.1045e-02 -4.0182e-02 -4.0182e-02 -5.3364e-02 3.2532e-03 -5.2697e-02 3.2532e-03 3.2532e-03 3.2532e-03 -5.3364e-02 3.2532e-03 3.2532e-03 1.6837e-02 -3.9313e-02 -3.9313e-02 -3.8440e-02
8.8923e-01 -1.1200e-01 -2.9215e-01 -2.9215e-01 9.0520e-01 9.0250e-01 -1.0428e-01 9.0520e-01 9.1173e-01 -2.9133e-01 9.0637e-01 9.1716e-01 -2.9212e-01 9.1716e-01 9.2314e-01 -1.6993e-01 1.0000e+00 -1.7178e-01 -2.6309e-01 -7.5644e-02 -7.5644e-02 -7.5644e-02 -2.1857e-02 1.7083e-01 1.6856e-01 -3.5620e-02 -7.7094e-02 3.7389e-02 -8.9200e-02 5.0759e-02 6.1779e-02 6.0661e-02 6.1779e-02 6.0661e-02 6.9664e-02 6.9664e-02 6.9664e-02 6.9664e-02 6.9664e-02 6.9664e-02 6.9664e-02 7.2677e-02 6.9664e-02 6.5126e-02 6.9664e-02 6.9664e-02 6.5126e-02 6.9664e-02 6.9664e-02 6.8531e-02 6.8531e-02 6.4378e-02 6.4378e-02 5.9796e-02 6.4378e-02 6.4378e-02 -5.4577e-02 -4.7654e-02 -1.5844e-02 -4.3484e-02 -6.0440e-02 2.6529e-02 7.0467e-02 5.2262e-02 2.8611e-02 5.4605e-02 7.0467e-02 -4.5176e-02 -2.6853e-02 5.5668e-02 5.5668e-02 -2.4506e-02 5.4605e-02 -9.9528e-03 -6.5475e-03 -7.7565e-03 -6.6119e-03 1.8981e-02 -3.0578e-02 -2.9574e-02 -3.9222e-02 8.1615e-02 -5.3926e-03 -3.8127e-02 -3.1470e-02 -3.1470e-02 8.5659e-03 6.5131e-03 -2.5419e-02 7.5399e-03 -3.0289e-02 9.8563e-02 1.3143e-02 1.1669e-02 1.3550e-02 1.1637e-02 1.1637e-02 4.4807e-03 -4.5233e-02 4.4807e-03 4.4807e-03 4.4595e-02 3.7251e-02 4.6234e-02 4.4595e-02 4.9546e-02 4.4807e-03 5.1220e-02 5.1220e-02 4.8835e-02 4.9546e-02 5.2906e-02 -6.1647e-02 5.5241e-02 4.9546e-02 4.9546e-02 3.8073e-02 3.9840e-02 3.9162e-02 3.9840e-02 3.9840e-02 3.9840e-02 3.8073e-02 3.9840e-02 3.9840e-02 3.5964e-02 5.1220e-02 5.1220e-02 4.5476e-02
-1.5875e-01 -7.5171e-02 4.6663e-01 4.6663e-01 -1.7121e-01 -1.6385e-01 5.4099e-01 -1.7121e-01 -1.7228e-01 5.1592e-01 -1.5763e-01 -1.7121e-01 5.3674e-01 -1.7121e-01 -1.7121e-01 9.5679e-01 -1.7178e-01 1.0000e+00 6.8479e-02 -5.0772e-02 -5.0772e-02 -5.0772e-02 -3.2262e-02 -9.7959e-02 -1.0431e-01 -7.1252e-02 -6.1700e-02 9.1487e-02 -5.3054e-02 -2.9313e-02 -4.2527e-02 -4.3213e-02 -4.2527e-02 -4.3213e-02 -3.7704e-02 -3.7704e-02 -3.7704e-02 -3.7704e-02 -3.7704e-02 -3.7704e-02 -3.7704e-02 -3.2105e-02 -3.7704e-02 -3.0733e-02 -3.7704e-02 -3.7704e-02 -3.0733e-02 -3.7704e-02 -3.7704e-02 -3.8396e-02 -3.8396e-02 -3.7704e-02 -3.7704e-02 -3.0733e-02 -3.7704e-02 -3.7704e-02 5.4387e-02 5.9044e-02 1.0361e-01 6.1700e-02 6.3689e-02 3.8287e-02 -6.0390e-02 -5.6408e-02 3.6212e-02 -5.8456e-02 -6.0390e-02 1.0236e-01 1.1206e-01 -6.4514e-02 -6.4514e-02 -4.0997e-02 -7.1897e-02 1.2300e-01 -6.7516e-02 -7.1634e-02 -7.0951e-02 -3.4556e-02 -7.2330e-02 -5.1894e-02 -7.7054e-02 -9.6185e-02 -8.9491e-02 -7.6381e-02 -7.9389e-02 -7.9389e-02 4.6368e-02 4.5027e-02 -7.9389e-02 4.5698e-02 -7.8697e-02 -3.4024e-02 -5.4073e-02 -5.4880e-02 5.5513e-02 4.2037e-02 4.2037e-02 4.3513e-02 -3.4987e-03 4.3513e-02 4.3513e-02 -4.4929e-02 -1.7735e-02 -5.3773e-02 -5.4599e-02 -5.2107e-02 4.3513e-02 -5.1268e-02 -5.1268e-02 -4.8721e-02 -5.2107e-02 -5.0424e-02 7.1702e-02 -5.2942e-02 -5.2107e-02 -5.2107e-02 -5.0701e-02 -1.6143e-02 -5.0024e-02 -1.6143e-02 -1.6143e-02 -1.6143e-02 -5.0701e-02 -1.6143e-02 -1.6143e-02 -2.6241e-03 -5.1268e-02 -5.1268e-02 -5.0424e-02
-2.3168e-01 9.2930e-02 1.7457e-01 1.7457e-01 -2.3457e-01 -2.3925e-01 8.4869e-02 -2.3457e-01 -2.3153e-01 1.6737e-01 -2.4086e-01 -2.3457e-01 1.8569e-01 -2.3457e-01 -2.3457e-01 7.4445e-02 -2.6309e-01 6.8479e-02 1.0000e+00 7.0979e-02 7.0979e-02 7.0979e-02 4.5101e-02 -9.7710e-02 -9.0258e-02 1.4211e-01 1.6788e-02 1.8901e-02 2.4382e-02 -6.5888e-02 -5.6369e-02 -5.5321e-02 -5.6369e-02 -5.5321e-02 -6.3759e-02 -6.3759e-02 -6.3759e-02 -6.3759e-02 -6.3759e-02 -6.3759e-02 -6.3759e-02 -6.1637e-02 -6.3759e-02 -7.4493e-02 -6.3759e-02 -6.3759e-02 -7.4493e-02 -6.3759e-02 -6.3759e-02 -6.8188e-02 -6.8188e-02 -6.3759e-02 -6.3759e-02 -7.4493e-02 -6.3759e-02 -6.3759e-02 1.4617e-01 1.4400e-01 1.0563e-01 1.4515e-01 1.4733e-01 9.5957e-02 -4.8970e-03 1.0020e-02 8.8571e-02 3.2552e-03 1.2179e-02 9.3751e-02 9.5472e-02 2.2850e-03 2.2850e-03 1.1807e-01 -2.0266e-03 7.0100e-02 -9.9867e-02 -8.6714e-02 -9.3799e-02 -4.6924e-02 1.2175e-01 8.4167e-02 1.1495e-01 -1.8200e-01 -9.5155e-02 1.1985e-01 1.1945e-01 1.1945e-01 -1.3562e-01 -1.3907e-01 1.1945e-01 -1.3472e-01 1.1850e-01 4.7565e-02 7.5664e-02 6.9465e-02 6.5028e-02 6.6390e-02 6.6390e-02 6.5028e-02 1.0828e-01 6.5028e-02 6.5028e-02 1.0848e-01 1.2855e-01 1.0743e-01 1.0088e-01 9.7639e-02 6.5028e-02 9.6548e-02 9.6548e-02 9.3242e-02 9.7639e-02 9.5451e-02 4.0100e-02 9.1076e-02 9.7639e-02 9.7639e-02 -1.3058e-01 1.2040e-01 -1.3167e-01 1.2040e-01 1.2040e-01 1.2040e-01 -1.3058e-01 1.2040e-01 1.2040e-01 1.2324e-01 9.6548e-02 9.6548e-02 9.5451e-02
-8.0256e-02 6.1101e-01 -7.7694e-02 -7.7694e-02 -7.8877e-02 -7.9107e-02 -3.0821e-02 -7.8877e-02 -7.9337e-02 -8.9419e-02 -7.9797e-02 -7.8877e-02 -8.9648e-02 -7.8877e-02 -7.8877e-02 -5.0226e-02 -7.5644e-02 -5.0772e-02 7.0979e-02 1.0000e+00 9.0706e-01 9.0706e-01 -1.4207e-02 1.0612e-01 1.0424e-01 1.2781e-01 1.5298e-01 -1.3434e-01 1.5407e-01 -8.7777e-02 -8.9995e-02 -9.0242e-02 -8.9995e-02 -9.0242e-02 -8.8269e-02 -8.8269e-02 -8.8269e-02 -8.8269e-02 -8.8269e-02 -8.8269e-02 -8.8269e-02 -8.8762e-02 -8.8269e-02 -8.5808e-02 -8.8269e-02 -8.8269e-02 -8.5808e-02 -8.8269e-02 -8.8269e-02 -8.8516e-02 -8.8516e-02 -8.8269e-02 -8.8269e-02 -8.5808e-02 -8.8269e-02 -8.8269e-02 -1.8102e-01 -1.8215e-01 -9.8397e-02 -1.8065e-01 -1.7954e-01 -1.7877e-01 2.7336e-02 -9.1338e-02 -1.7574e-01 -8.9505e-02 2.7336e-02 -8.7129e-02 -9.0335e-02 -8.9244e-02 -8.9244e-02 -9.4469e-02 -8.9505e-02 -8.5756e-02 2.2792e-01 2.2409e-01 2.2472e-01 1.3338e-01 -8.5298e-02 -5.4245e-02 -8.9419e-02 1.8655e-01 2.2856e-01 -8.9190e-02 -6.0598e-02 -6.0598e-02 9.2652e-02 9.2126e-02 -6.0598e-02 9.2389e-02 -6.0338e-02 -1.4982e-02 -4.1403e-02 -4.1707e-02 -4.4247e-02 -4.4544e-02 -4.4544e-02 -4.4247e-02 -5.9870e-02 -4.4247e-02 -4.4247e-02 -3.7979e-02 -6.1375e-02 -3.7660e-02 -3.7979e-02 -3.7019e-02 -4.4247e-02 -3.6696e-02 -3.6696e-02 -3.5719e-02 -3.7019e-02 -3.6372e-02 -2.6662e-02 -3.7340e-02 -3.7019e-02 -3.7019e-02 1.9400e-01 -6.0857e-02 1.9445e-01 -6.0857e-02 -6.0857e-02 -6.0857e-02 1.9400e-01 -6.0857e-02 -6.0857e-02 -6.1634e-02 -3.6696e-02 -3.6696e-02 -3.6372e-02
-8.0256e-02 6.1101e-01 -7.7694e-02 -7.7694e-02 -7.8877e-02 -7.9107e-02 -3.0821e-02 -7.8877e-02 -7.9337e-02 -8.9419e-02 -7.9797e-02 -7.8877e-02 -8.9648e-02 -7.8877e-02 -7.8877e-02 -5.0226e-02 -7.5644e-02 -5.0772e-02 7.0979e-02 9.0706e-01 1.0000e+00 1.0000e+00 -1.4207e-02 1.0612e-01 1.0424e-01 1.4142e-01 1.5298e-01 -1.3434e-01 1.5407e-01 -8.7777e-02 -8.9995e-02 -9.0242e-02 -8.9995e-02 -9.0242e-02 -8.8269e-02 -8.8269e-02 -8.8269e-02 -8.8269e-02 -8.8269e-02 -8.8269e-02 -8.8269e-02 -8.8762e-02 -8.8269e-02 -8.5808e-02 -8.8269e-02 -8.8269e-02 -8.5808e-02 -8.8269e-02 -8.8269e-02 -8.8516e-02 -8.8516e-02 -8.8269e-02 -8.8269e-02 -8.5808e-02 -8.8269e-02 -8.8269e-02 -1.6718e-01 -1.6829e-01 -9.8397e-02 -1.6681e-01 -1.6572e-01 -1.7877e-01 4.7209e-03 -9.1338e-02 -1.7574e-01 -8.9505e-02 4.7209e-03 -8.7129e-02 -9.0335e-02 -8.9244e-02 -8.9244e-02 -7.9418e-02 -8.9505e-02 -8.5756e-02 2.1221e-01 2.0851e-01 2.0912e-01 1.1975e-01 -6.9507e-02 -5.4245e-02 -7.3989e-02 1.5817e-01 2.1284e-01 -7.3741e-02 -4.3933e-02 -4.3933e-02 6.4829e-02 6.4278e-02 -4.3933e-02 6.4553e-02 -4.3644e-02 -1.4982e-02 -4.1403e-02 -4.1707e-02 -4.4247e-02 -4.4544e-02 -4.4544e-02 -4.4247e-02 -5.9870e-02 -4.4247e-02 -4.4247e-02 -3.7979e-02 -6.1375e-02 -3.7660e-02 -3.7979e-02 -3.7019e-02 -4.4247e-02 -3.6696e-02 -3.6696e-02 -3.5719e-02 -3.7019e-02 -3.6372e-02 -2.6662e-02 -3.7340e-02 -3.7019e-02 -3.7019e-02 1.6530e-01 -6.0857e-02 1.6573e-01 -6.0857e-02 -6.0857e-02 -6.0857e-02 1.6530e-01 -6.0857e-02 -6.0857e-02 -6.1634e-02 -3.6696e-02 -3.6696e-02 -3.6372e-02
-8.0256e-02 6.1101e-01 -7.7694e-02 -7.7694e-02 -7.8877e-02 -7.9107e-02 -3.0821e-02 -7.8877e-02 -7.9337e-02 -8.9419e-02 -7.9797e-02 -7.8877e-02 -8.9648e-02 -7.8877e-02 -7.8877e-02 -5.0226e-02 -7.5644e-02 -5.0772e-02 7.0979e-02 9.0706e-01 1.0000e+00 1.0000e+00 -1.4207e-02 1.0612e-01 1.0424e-01 1.4142e-01 1.5298e-01 -1.3434e-01 1.5407e-01 -8.7777e-02 -8.9995e-02 -9.0242e-02 -8.9995e-02 -9.0242e-02 -8.8269e-02 -8.8269e-02 -8.8269e-02 -8.8269e-02 -8.8269e-02 -8.8269e-02 -8.8269e-02 -8.8762e-02 -8.8269e-02 -8.5808e-02 -8.8269e-02 -8.8269e-02 -8.5808e-02 -8.8269e-02 -8.8269e-02 -8.8516e-02 -8.8516e-02 -8.8269e-02 -8.8269e-02 -8.5808e-02 -8.8269e-02 -8.8269e-02 -1.6718e-01 -1.6829e-01 -9.8397e-02 -1.6681e-01 -1.6572e-01 -1.7877e-01 4.7209e-03 -9.1338e-02 -1.7574e-01 -8.9505e-02 4.7209e-03 -8.7129e-02 -9.0335e-02 -8.9244e-02 -8.9244e-02 -7.9418e-02 -8.9505e-02 -8.5756e-02 2.1221e-01 2.0851e-01 2.0912e-01 1.1975e-01 -6.9507e-02 -5.4245e-02 -7.3989e-02 1.5817e-01 2.1284e-01 -7.3741e-02 -4.3933e-02 -4.3933e-02 6.4829e-02 6.4278e-02 -4.3933e-02 6.4553e-02 -4.3644e-02 -1.4982e-02 -4.1403e-02 -4.1707e-02 -4.4247e-02 -4.4544e-02 -4.4544e-02 -4.4247e-02 -5.9870e-02 -4.4247e-02 -4.4247e-02 -3.7979e-02 -6.1375e-02 -3.7660e-02 -3.7979e-02 -3.7019e-02 -4.4247e-02 -3.6696e-02 -3.6696e-02 -3.5719e-02 -3.7019e-02 -3.6372e-02 -2.6662e-02 -3.7340e-02 -3.7019e-02 -3.7019e-02 1.6530e-01 -6.0857e-02 1.6573e-01 -6.0857e-02 -6.0857e-02 -6.0857e-02 1.6530e-01 -6.0857e-02 -6.0857e-02 -6.1634e-02 -3.6696e-02 -3.6696e-02 -3.6372e-02
-3.2738e-04 -2.1034e-02 -5.9004e-02 -5.9004e-02 1.0426e-03 8.1238e-04 -1.9584e-02 1.0426e-03 5.8295e-04 -5.6818e-02 1.2632e-04 1.0426e-03 -5.6964e-02 1.0426e-03 1.0426e-03 -3.1915e-02 -2.1857e-02 -3.2262e-02 4.5101e-02 -1.4207e-02 -1.4207e-02 -1.4207e-02 1.0000e+00 -1.3387e-01 -1.3629e-01 -1.0046e-01 -7.8641e-02 6.6732e-02 -5.6638e-02 1.1614e-01 1.1350e-01 1.1321e-01 1.1350e-01 1.1321e-01 1.1555e-01 1.1555e-01 1.1555e-01 1.1555e-01 1.1555e-01 1.1555e-01 1.1555e-01 1.1496e-01 1.1555e-01 1.1857e-01 1.1555e-01 1.1555e-01 1.1857e-01 1.1555e-01 1.1555e-01 1.1525e-01 1.1525e-01 1.1555e-01 1.1555e-01 1.1857e-01 1.1555e-01 1.1555e-01 5.6978e-02 5.6468e-02 -3.9534e-02 5.7149e-02 5.7660e-02 6.8489e-02 3.1740e-02 9.7501e-02 6.9552e-02 9.9191e-02 3.1740e-02 -3.1095e-02 -3.3549e-02 9.9435e-02 9.9435e-02 1.0362e-01 9.9191e-02 -3.0030e-02 -5.4782e-02 -3.1448e-02 -3.1272e-02 -2.4934e-02 9.2967e-02 -1.5385e-03 8.6978e-02 -2.6701e-02 -3.0208e-02 8.7299e-02 8.0332e-02 8.0332e-02 -3.1489e-02 -3.1904e-02 8.0332e-02 -3.1696e-02 8.0703e-02 -9.5202e-03 -8.4443e-03 -8.6895e-03 1.0683e-02 1.0278e-02 1.0278e-02 1.0683e-02 1.1492e-01 1.0683e-02 1.0683e-02 -5.6567e-03 1.9711e-03 -5.3943e-03 -5.6567e-03 -4.8648e-03 1.0683e-02 -4.5976e-03 -4.5976e-03 -3.7856e-03 -4.8648e-03 -4.3287e-03 4.4145e-02 -5.1304e-03 -4.8648e-03 -4.8648e-03 -2.3615e-02 2.4402e-03 -2.3432e-02 2.4402e-03 2.4402e-03 2.4402e-03 -2.3615e-02 2.4402e-03 2.4402e-03 1.7378e-03 -4.5976e-03 -4.5976e-03 -4.3287e-03
1.2824e-01 -8.2386e-02 6.0137e-02 6.0137e-02 1.3454e-01 1.3603e-01 -8.8040e-02 1.3454e-01 1.3751e-01 8.9755e-02 1.4046e-01 1.3454e-01 8.1695e-02 1.3454e-01 1.3454e-01 -1.1743e-01 1.7083e-01 -9.7959e-02 -9.7710e-02 1.0612e-01 1.0612e-01 1.0612e-01 -1.3387e-01 1.0000e+00 9.8220e-01 7.3776e-01 -2.3149e-01 1.6715e-01 -2.2320e-01 -1.1507e-01 -1.3212e-01 -1.3052e-01 -1.3212e-01 -1.3052e-01 -1.3893e-01 -1.3893e-01 -1.3893e-01 -1.3893e-01 -1.3893e-01 -1.3893e-01 -1.3893e-01 -1.4019e-01 -1.3893e-01 -1.5080e-01 -1.3893e-01 -1.3893e-01 -1.5080e-01 -1.3893e-01 -1.3893e-01 -1.4181e-01 -1.4181e-01 -1.4344e-01 -1.4344e-01 -1.5535e-01 -1.4344e-01 -1.4344e-01 3.5705e-02 2.7180e-02 1.7353e-01 2.5679e-02 2.5629e-02 6.9986e-02 7.8250e-02 -9.0814e-02 6.3711e-02 -8.8281e-02 8.5258e-02 1.6181e-01 1.6708e-01 -8.9778e-02 -8.9778e-02 -1.5792e-01 -8.3946e-02 1.3865e-01 -9.3324e-03 -9.2117e-03 -1.5679e-02 1.2433e-01 -1.9699e-01 -2.3523e-01 -1.9234e-01 9.3468e-02 2.3137e-02 -1.9417e-01 -1.5483e-01 -1.5483e-01 1.2650e-01 1.2519e-01 -1.5999e-01 1.2800e-01 -1.5683e-01 7.1117e-02 -1.6342e-01 -1.6695e-01 3.2000e-02 3.4400e-02 3.4400e-02 3.9740e-02 9.5430e-03 3.9740e-02 3.9740e-02 -1.5458e-01 -1.0264e-01 -1.5718e-01 -1.5458e-01 -1.4983e-01 3.9740e-02 -1.5877e-01 -1.5877e-01 -1.6042e-01 -1.6243e-01 -1.6142e-01 2.9062e-02 -1.6607e-01 -1.6243e-01 -1.6243e-01 5.5872e-02 -1.0128e-01 5.8870e-02 -1.0128e-01 -1.0128e-01 -1.0128e-01 5.5872e-02 -1.0128e-01 -1.0128e-01 -1.0587e-01 -1.5877e-01 -1.5877e-01 -1.5508e-01
1.2501e-01 -8.6640e-02 5.9431e-02 5.9431e-02 1.3155e-01 1.3301e-01 -9.2070e-02 1.3155e-01 1.3447e-01 8.4974e-02 1.3737e-01 1.3155e-01 7.6834e-02 1.3155e-01 1.3155e-01 -1.2384e-01 1.6856e-01 -1.0431e-01 -9.0258e-02 1.0424e-01 1.0424e-01 1.0424e-01 -1.3629e-01 9.8220e-01 1.0000e+00 7.2433e-01 -2.4261e-01 1.7961e-01 -2.3418e-01 -1.1829e-01 -1.3574e-01 -1.3416e-01 -1.3574e-01 -1.3416e-01 -1.4235e-01 -1.4235e-01 -1.4235e-01 -1.4235e-01 -1.4235e-01 -1.4235e-01 -1.4235e-01 -1.4369e-01 -1.4235e-01 -1.5395e-01 -1.4235e-01 -1.4235e-01 -1.5395e-01 -1.4235e-01 -1.4235e-01 -1.4529e-01 -1.4529e-01 -1.4689e-01 -1.4689e-01 -1.5853e-01 -1.4689e-01 -1.4689e-01 2.4031e-02 1.5337e-02 1.6343e-01 1.3983e-02 1.4049e-02 6.0297e-02 8.4389e-02 -9.1842e-02 5.4280e-02 -8.9053e-02 9.1439e-02 1.5292e-01 1.5785e-01 -9.0524e-02 -9.0524e-02 -1.5551e-01 -8.4691e-02 1.2978e-01 5.3201e-03 5.0951e-03 -1.3540e-03 1.3055e-01 -1.9801e-01 -2.2959e-01 -1.9402e-01 1.0352e-01 3.8046e-02 -1.9584e-01 -1.5414e-01 -1.5414e-01 1.2791e-01 1.2653e-01 -1.5934e-01 1.2939e-01 -1.5611e-01 6.9851e-02 -1.5918e-01 -1.6279e-01 2.7178e-02 2.9559e-02 2.9559e-02 3.4966e-02 2.8138e-03 3.4966e-02 3.4966e-02 -1.4956e-01 -1.0176e-01 -1.5210e-01 -1.4956e-01 -1.4457e-01 3.4966e-02 -1.5349e-01 -1.5349e-01 -1.5493e-01 -1.5724e-01 -1.5609e-01 2.6216e-02 -1.6098e-01 -1.5724e-01 -1.5724e-01 6.1939e-02 -1.0031e-01 6.4995e-02 -1.0031e-01 -1.0031e-01 -1.0031e-01 6.1939e-02 -1.0031e-01 -1.0031e-01 -1.0506e-01 -1.5349e-01 -1.5349e-01 -1.4971e-01
-5.6206e-02 -3.5930e-02 1.4309e-01 1.4309e-01 -5.5948e-02 -5.3581e-02 -1.3737e-01 -5.5948e-02 -5.1223e-02 1.8138e-01 -4.6531e-02 -5.5948e-02 1.7426e-01 -5.5948e-02 -5.1123e-02 -8.4693e-02 -3.5620e-02 -7.1252e-02 1.4211e-01 1.2781e-01 1.4142e-01 1.4142e-01 -1.0046e-01 7.3776e-01 7.2433e-01 1.0000e+00 -1.0087e-01 1.5144e-01 -7.8330e-02 -1.2574e-01 -1.3650e-01 -1.3439e-01 -1.3650e-01 -1.3439e-01 -1.4709e-01 -1.4709e-01 -1.4709e-01 -1.4709e-01 -1.4709e-01 -1.4709e-01 -1.4709e-01 -1.4709e-01 -1.4709e-01 -1.6435e-01 -1.4709e-01 -1.4709e-01 -1.6435e-01 -1.4709e-01 -1.4709e-01 -1.4922e-01 -1.4922e-01 -1.4709e-01 -1.4709e-01 -1.6435e-01 -1.4709e-01 -1.4709e-01 1.4743e-01 1.3712e-01 2.0613e-01 1.4546e-01 1.5171e-01 9.0560e-02 -4.5641e-03 -7.5091e-02 8.0500e-02 -7.6595e-02 -4.5641e-03 1.7120e-01 1.8001e-01 -7.8570e-02 -7.8570e-02 -5.9477e-02 -8.0694e-02 1.5027e-01 -2.5244e-02 -3.4941e-02 -2.8001e-02 8.9840e-02 -9.8886e-02 -2.3450e-01 -1.3957e-01 -3.5295e-02 -1.3630e-02 -1.4188e-01 -5.3220e-02 -5.3220e-02 -2.0289e-02 -2.0534e-02 -5.3220e-02 -2.2450e-02 -5.0731e-02 7.4699e-02 -9.3970e-02 -9.6699e-02 8.9612e-02 9.2548e-02 9.2548e-02 9.6930e-02 9.0194e-02 9.6930e-02 9.6930e-02 -6.8846e-02 2.5059e-03 -7.1862e-02 -6.8846e-02 -6.6048e-02 9.6930e-02 -7.5064e-02 -7.5064e-02 -7.8344e-02 -7.7959e-02 -7.8147e-02 7.6472e-02 -8.0836e-02 -7.7959e-02 -7.7959e-02 -1.0727e-01 2.7858e-03 -1.0512e-01 2.7858e-03 2.7858e-03 2.7858e-03 -1.0727e-01 2.7858e-03 2.7858e-03 -5.7842e-05 -7.5064e-02 -7.5064e-02 -7.2152e-02
