1.0000e+00 -1.2169e-01 -1.7034e-02 7.7835e-01 -5.3920e-02 -5.2150e-02 1.6327e-01 -6.3003e-02 -1.0470e-01 -1.4282e-01 -3.1848e-02 2.9712e-02 2.4336e-01 -2.5044e-02 -2.5907e-02 6.9590e-02 -2.6679e-02 5.3622e-02 -7.6322e-03 7.5373e-02 9.1386e-03 1.2822e-01
-1.2169e-01 1.0000e+00 -2.2911e-02 -1.1185e-01 -1.2200e-01 -1.5326e-01 4.6596e-01 -1.6119e-01 5.7917e-01 -4.0532e-01 1.7253e-01 8.7318e-02 1.2433e-01 2.9091e-01 -4.9188e-02 4.3251e-02 9.6678e-02 -3.1267e-02 9.1572e-02 -2.7169e-02 1.6496e-02 -6.7341e-02
-1.7034e-02 -2.2911e-02 1.0000e+00 -1.5656e-02 2.6117e-02 -2.1452e-02 6.7164e-02 1.8571e-01 -8.0764e-02 -5.8750e-02 1.4444e-01 -7.1422e-02 3.7069e-02 -8.3990e-03 8.0334e-02 5.6906e-02 -1.0975e-02 -2.1452e-02 1.7175e-02 -3.8482e-02 -1.1614e-02 1.9595e-02
7.7835e-01 -1.1185e-01 -1.5656e-02 1.0000e+00 -4.9558e-02 -4.7931e-02 1.3880e-01 -5.7906e-02 -1.4742e-01 -1.1957e-01 -6.1088e-02 2.7309e-02 2.8167e-01 -8.5462e-02 4.9077e-03 1.2391e-01 -2.4521e-02 6.6439e-02 1.8383e-03 5.7181e-02 5.4871e-02 1.4835e-01
-5.3920e-02 -1.2200e-01 2.6117e-02 -4.9558e-02 1.0000e+00 9.6717e-01 -2.9734e-01 -8.2040e-02 -2.3155e-01 -1.8597e-01 -1.2662e-01 3.8690e-02 -1.2991e-01 -8.5002e-02 4.7877e-02 9.6397e-02 -3.4740e-02 2.3260e-01 3.3856e-02 -6.5367e-02 -7.2708e-03 5.5669e-02
-5.2150e-02 -1.5326e-01 -2.1452e-02 -4.7931e-02 9.6717e-01 1.0000e+00 -3.1940e-01 -7.9347e-02 -2.4726e-01 -1.7987e-01 -1.2246e-01 3.7420e-02 -1.3416e-01 -1.0214e-01 5.0480e-02 9.5293e-02 -3.3600e-02 2.4371e-01 1.0345e-02 -4.4860e-02 -5.1917e-03 4.6897e-02
1.6327e-01 4.6596e-01 6.7164e-02 1.3880e-01 -2.9734e-01 -3.1940e-01 1.0000e+00 2.4842e-01 7.6192e-01 -8.6172e-01 3.8340e-01 1.6773e-01 4.0264e-01 3.4656e-01 -1.3922e-01 5.5182e-02 8.9396e-02 -1.4546e-02 6.3233e-02 -7.0111e-03 6.6027e-03 4.0134e-02
-6.3003e-02 -1.6119e-01 1.8571e-01 -5.7906e-02 -8.2040e-02 -7.9347e-02 2.4842e-01 1.0000e+00 -2.9873e-01 -2.1730e-01 6.4795e-01 2.0598e-02 1.6419e-01 -1.5904e-01 3.2493e-02 8.1284e-02 4.1298e-02 5.2326e-02 -6.9495e-02 7.1183e-03 -1.7111e-02 -2.5983e-02
-1.0470e-01 5.7917e-01 -8.0764e-02 -1.4742e-01 -2.3155e-01 -2.4726e-01 7.6192e-01 -2.9873e-01 1.0000e+00 -6.7716e-01 1.4554e-02 1.4088e-01 2.0420e-01 4.5374e-01 -1.6758e-01 -4.1291e-02 1.2412e-02 -6.5274e-02 9.6326e-02 -3.0551e-02 1.2275e-02 3.1721e-03
-1.4282e-01 -4.0532e-01 -5.8750e-02 -1.1957e-01 -1.8597e-01 -1.7987e-01 -8.6172e-01 -2.1730e-01 -6.7716e-01 1.0000e+00 -3.3537e-01 -1.9326e-01 -3.6421e-01 -3.0751e-01 1.1870e-01 -1.0167e-01 -2.6412e-02 -1.0954e-01 -7.0931e-02 3.0221e-02 -4.1989e-03 -6.5646e-02
-3.1848e-02 1.7253e-01 1.4444e-01 -6.1088e-02 -1.2662e-01 -1.2246e-01 3.8340e-01 6.4795e-01 1.4554e-02 -3.3537e-01 1.0000e+00 5.1897e-02 5.2206e-01 -2.5630e-01 -8.3968e-02 1.3267e-01 -3.1728e-03 4.7551e-02 -2.7289e-02 9.6483e-03 4.6332e-02 -8.2241e-03
2.9712e-02 8.7318e-02 -7.1422e-02 2.7309e-02 3.8690e-02 3.7420e-02 1.6773e-01 2.0598e-02 1.4088e-01 -1.9326e-01 5.1897e-02 1.0000e+00 8.1954e-02 -2.0665e-01 -1.8647e-01 7.2315e-02 1.9143e-02 -2.0406e-02 1.9775e-02 -4.9352e-02 2.0259e-02 4.2917e-02
2.4336e-01 1.2433e-01 3.7069e-02 2.8167e-01 -1.2991e-01 -1.3416e-01 4.0264e-01 1.6419e-01 2.0420e-01 -3.6421e-01 5.2206e-01 8.1954e-02 1.0000e+00 -3.7188e-01 -1.5541e-01 7.4372e-02 -1.9380e-02 6.9216e-02 -5.4994e-02 -3.0211e-02 2.4779e-02 1.5796e-02
-2.5044e-02 2.9091e-01 -8.3990e-03 -8.5462e-02 -8.5002e-02 -1.0214e-01 3.4656e-01 -1.5904e-01 4.5374e-01 -3.0751e-01 -2.5630e-01 -2.0665e-01 -3.7188e-01 1.0000e+00 3.9490e-02 -7.1734e-02 3.8275e-02 -7.5832e-02 1.3097e-01 4.8065e-02 -3.6056e-02 -2.8378e-02
-2.5907e-02 -4.9188e-02 8.0334e-02 4.9077e-03 4.7877e-02 5.0480e-02 -1.3922e-01 3.2493e-02 -1.6758e-01 1.1870e-01 -8.3968e-02 -1.8647e-01 -1.5541e-01 3.9490e-02 1.0000e+00 3.6798e-01 1.2338e-01 1.8823e-01 1.3598e-02 -2.9419e-04 -2.2125e-02 1.9716e-02
6.9590e-02 4.3251e-02 5.6906e-02 1.2391e-01 9.6397e-02 9.5293e-02 5.5182e-02 8.1284e-02 -4.1291e-02 -1.0167e-01 1.3267e-01 7.2315e-02 7.4372e-02 -7.1734e-02 3.6798e-01 1.0000e+00 1.6616e-01 2.5680e-01 1.4534e-05 3.3511e-02 2.5675e-02 1.0052e-01
-2.6679e-02 9.6678e-02 -1.0975e-02 -2.4521e-02 -3.4740e-02 -3.3600e-02 8.9396e-02 4.1298e-02 1.2412e-02 -2.6412e-02 -3.1728e-03 1.9143e-02 -1.9380e-02 3.8275e-02 1.2338e-01 1.6616e-01 1.0000e+00 -3.3600e-02 -4.0085e-02 1.5860e-02 -1.8190e-02 -3.8536e-02
5.3622e-02 -3.1267e-02 -2.1452e-02 6.6439e-02 2.3260e-01 2.4371e-01 -1.4546e-02 5.2326e-02 -6.5274e-02 -1.0954e-01 4.7551e-02 -2.0406e-02 6.9216e-02 -7.5832e-02 1.8823e-01 2.5680e-01 -3.3600e-02 1.0000e+00 1.0345e-02 -2.1797e-01 2.5174e-02 1.5384e-01
-7.6322e-03 9.1572e-02 1.7175e-02 1.8383e-03 3.3856e-02 1.0345e-02 6.3233e-02 -6.9495e-02 9.6326e-02 -7.0931e-02 -2.7289e-02 1.9775e-02 -5.4994e-02 1.3097e-01 1.3598e-02 1.4534e-05 -4.0085e-02 1.0345e-02 1.0000e+00 -4.0004e-01 2.9710e-01 6.7817e-02
7.5373e-02 -2.7169e-02 -3.8482e-02 5.7181e-02 -6.5367e-02 -4.4860e-02 -7.0111e-03 7.1183e-03 -3.0551e-02 3.0221e-02 9.6483e-03 -4.9352e-02 -3.0211e-02 4.8065e-02 -2.9419e-04 3.3511e-02 1.5860e-02 -2.1797e-01 -4.0004e-01 1.0000e+00 -1.8830e-01 -1.2963e-01
9.1386e-03 1.6496e-02 -1.1614e-02 5.4871e-02 -7.2708e-03 -5.1917e-03 6.6027e-03 -1.7111e-02 1.2275e-02 -4.1989e-03 4.6332e-02 2.0259e-02 2.4779e-02 -3.6056e-02 -2.2125e-02 2.5675e-02 -1.8190e-02 2.5174e-02 2.9710e-01 -1.8830e-01 1.0000e+00 2.0213e-01
1.2822e-01 -6.7341e-02 1.9595e-02 1.4835e-01 5.5669e-02 4.6897e-02 4.0134e-02 -2.5983e-02 3.1721e-03 -6.5646e-02 -8.2241e-03 4.2917e-02 1.5796e-02 -2.8378e-02 1.9716e-02 1.0052e-01 -3.8536e-02 1.5384e-01 6.7817e-02 -1.2963e-01 2.0213e-01 1.0000e+00
