1.0000e+00 -1.1990e-02 -1.9784e-02 -1.6300e-02 -1.4526e-02 -1.8767e-02 -1.8864e-02 -3.8808e-03 -1.7252e-03 2.4473e-02 -1.3871e-02 -1.2945e-02 1.2871e-01 2.0660e-02 2.0465e-02 1.6143e-01 7.2000e-02 -3.6092e-03 -6.8977e-02 -2.7144e-02 -1.0363e-02 -2.6650e-02 6.9218e-02 6.9951e-02 3.1046e-02 1.2630e-02 3.4922e-02 -1.5762e-02 -1.6737e-02 8.0468e-02 2.8321e-02 2.5894e-02 2.5788e-02 -2.5681e-02 -4.3766e-03 4.2073e-02 -1.1388e-02 -1.1444e-02 -5.3374e-03 -3.2370e-02 -8.8884e-03 -1.7850e-02 1.7946e-02 -1.7850e-02 -1.7850e-02 -8.7581e-03 -9.0814e-03 -3.6508e-02 -3.6657e-02 3.6807e-02 -4.0101e-03 -6.0769e-03 2.7588e-02 1.7125e-02 -7.1377e-03 -4.5249e-02 -4.5046e-02 -4.5046e-02 -4.5046e-02 -4.5046e-02
-1.1990e-02 1.0000e+00 -2.3840e-01 7.2827e-01 -9.6006e-03 1.4847e-01 1.4640e-01 2.6267e-03 -2.0788e-02 -5.1171e-02 5.2167e-02 4.0007e-02 -2.5351e-03 9.2238e-02 8.2727e-02 -2.6571e-02 -1.1818e-02 3.6010e-02 7.6460e-03 -3.0461e-02 -2.3940e-02 -2.3651e-02 -1.4594e-02 -1.1671e-02 2.0894e-02 -4.7289e-02 -3.6473e-02 -2.8051e-03 -1.3732e-02 -1.6881e-02 4.6257e-02 4.3503e-02 4.1996e-02 -4.0488e-02 -3.0751e-02 -1.6836e-02 3.3347e-03 2.1437e-03 6.3050e-02 5.1427e-03 7.5446e-03 -1.2591e-02 1.4315e-02 -1.2591e-02 -1.2591e-02 -1.0387e-03 3.1445e-03 -2.8530e-02 -3.0076e-02 3.1623e-02 2.3448e-02 2.3448e-02 3.6491e-02 -6.4568e-04 -2.5846e-03 2.2545e-02 1.7748e-02 1.1379e-02 1.1379e-02 1.1379e-02
-1.9784e-02 -2.3840e-01 1.0000e+00 -3.2408e-01 2.2852e-01 1.7466e-01 1.7642e-01 -7.7161e-02 -3.4301e-02 -1.0619e-01 -1.0198e-01 -5.6176e-02 -8.7355e-04 -6.1400e-02 -6.7098e-02 -2.8691e-02 -8.8522e-02 2.6007e-02 8.8292e-02 2.3106e-02 2.4830e-02 3.4555e-02 -9.8546e-02 -1.0014e-01 -6.7401e-02 3.3537e-02 6.8360e-02 -5.9336e-02 -6.0751e-02 1.4110e-02 2.5568e-02 3.7528e-02 3.9521e-02 -4.1518e-02 -2.2125e-02 2.6711e-02 -1.8997e-02 -2.0871e-02 1.4706e-02 -3.8306e-02 1.7844e-02 2.6366e-02 -2.8530e-02 2.6366e-02 2.6366e-02 1.4341e-02 -1.4433e-02 -1.6108e-02 -1.8639e-02 2.1174e-02 4.3832e-02 9.9506e-03 1.8207e-02 1.9214e-02 4.2750e-02 1.8259e-02 1.1484e-02 1.6184e-02 1.6184e-02 6.7838e-03
-1.6300e-02 7.2827e-01 -3.2408e-01 1.0000e+00 -7.1143e-02 1.9839e-02 1.7458e-02 1.7776e-01 -2.8260e-02 1.8410e-02 7.0448e-02 5.8593e-02 -1.2576e-04 6.1910e-02 5.2310e-02 2.6260e-03 2.5602e-02 2.7202e-02 -2.7917e-02 -1.0820e-02 2.8598e-03 -6.4186e-03 2.2883e-02 2.7155e-02 4.0534e-02 -1.9125e-02 -5.5137e-02 2.8297e-02 8.4032e-03 -8.8844e-03 1.2847e-02 1.1669e-02 9.5822e-03 -7.4920e-03 -3.5882e-02 -2.1767e-02 2.7127e-02 2.5423e-02 4.5925e-02 1.1023e-02 -1.4887e-02 3.1734e-02 -2.9256e-02 3.1734e-02 3.1734e-02 -2.0546e-02 -1.1246e-02 -3.6379e-02 -3.8478e-02 4.0581e-02 1.2239e-02 1.8547e-02 2.4006e-02 2.4754e-02 4.1601e-02 -1.9057e-02 -1.6841e-02 -1.6841e-02 -1.6841e-02 -1.6841e-02
-1.4526e-02 -9.6006e-03 2.2852e-01 -7.1143e-02 1.0000e+00 7.0254e-01 7.1062e-01 -5.6653e-02 -2.5184e-02 -4.5848e-01 -1.3858e-01 -1.2938e-01 -5.6270e-02 -2.3775e-02 -3.3607e-02 -4.8280e-02 -1.0921e-01 -5.2688e-02 1.1374e-01 2.1810e-02 7.8132e-02 3.0230e-02 -1.1972e-01 -1.1689e-01 -1.2558e-02 7.0650e-02 1.5372e-02 -9.2688e-02 -8.0028e-02 1.1986e-02 1.8699e-02 -1.6779e-02 -1.3322e-02 1.5203e-02 1.2992e-02 -6.7226e-02 -6.7945e-02 -6.9119e-02 8.1141e-02 2.9971e-02 8.0718e-02 -5.3033e-02 5.5016e-02 -5.3033e-02 -5.3033e-02 7.5146e-02 6.4252e-02 -3.0524e-02 -3.2394e-02 3.4266e-02 8.7853e-02 8.0311e-02 -5.1329e-02 -3.0802e-02 4.1660e-02 3.1156e-03 5.0592e-03 5.0592e-03 5.0592e-03 1.0628e-02
-1.8767e-02 1.4847e-01 1.7466e-01 1.9839e-02 7.0254e-01 1.0000e+00 9.9488e-01 -7.3197e-02 -3.2538e-02 -6.4542e-01 -1.6953e-01 -8.3135e-02 9.6292e-04 7.3798e-02 6.3946e-02 -8.0882e-03 -2.6784e-02 -7.9841e-03 3.8812e-02 -8.6598e-03 2.5784e-02 6.7008e-03 -3.1339e-02 -2.6823e-02 3.8048e-02 6.7778e-02 -7.5947e-04 -4.8359e-02 -3.7025e-02 3.3076e-02 3.8147e-02 1.7896e-02 2.0114e-02 -2.2335e-02 5.4514e-04 -4.0715e-02 -3.7723e-02 -3.9427e-02 6.4360e-02 -1.7645e-02 9.2325e-02 -4.6388e-02 4.9012e-02 -4.6388e-02 -4.6388e-02 7.1759e-02 5.8454e-02 -3.4682e-02 -3.7095e-02 3.9512e-02 6.9021e-02 6.8058e-02 -4.1158e-02 -3.8479e-02 -1.9023e-02 1.4519e-02 1.7014e-02 1.2199e-02 1.2199e-02 1.2199e-02
-1.8864e-02 1.4640e-01 1.7642e-01 1.7458e-02 7.1062e-01 9.9488e-01 1.0000e+00 -7.3574e-02 -3.2706e-02 -6.4966e-01 -1.7110e-01 -8.4785e-02 -1.4554e-04 7.6574e-02 6.6718e-02 -8.9505e-03 -2.8696e-02 -8.4810e-03 4.0782e-02 -3.3938e-03 2.4238e-02 1.2026e-02 -3.3319e-02 -2.8793e-02 3.3370e-02 6.9420e-02 -4.8344e-03 -5.0497e-02 -3.9329e-02 3.1226e-02 3.3027e-02 1.2355e-02 1.4544e-02 -1.6737e-02 -8.2395e-05 -4.3999e-02 -3.9260e-02 -4.0969e-02 6.3439e-02 -2.2233e-02 9.0828e-02 -3.8299e-02 4.0959e-02 -3.8299e-02 -3.8299e-02 7.0331e-02 5.7012e-02 -3.0698e-02 -3.3121e-02 3.5548e-02 6.8279e-02 6.7023e-02 -4.6218e-02 -3.5935e-02 9.6916e-04 1.7630e-02 2.0133e-02 1.5330e-02 1.5330e-02 1.5330e-02
-3.8808e-03 2.6267e-03 -7.7161e-02 1.7776e-01 -5.6653e-02 -7.3197e-02 -7.3574e-02 1.0000e+00 -6.7285e-03 9.5450e-02 -5.4099e-02 -5.0488e-02 -3.0152e-02 6.2685e-02 6.1854e-02 -2.4041e-02 2.3619e-01 -1.4077e-02 -2.2566e-01 -8.9279e-02 -4.0418e-02 -8.7306e-02 2.2649e-01 2.2905e-01 1.2109e-01 4.9261e-02 -7.8150e-02 2.2570e-01 1.9225e-01 -4.8228e-02 9.3961e-02 8.4270e-02 8.3840e-02 -8.3410e-02 2.2394e-01 -4.0973e-02 -4.4416e-02 -4.4632e-02 -2.0817e-02 5.0240e-03 9.1009e-02 6.9238e-03 -6.3356e-03 6.9238e-03 6.9238e-03 9.3114e-02 8.7982e-02 3.9982e-02 3.9511e-02 -3.9040e-02 -1.5641e-02 -2.3701e-02 -1.2412e-01 -7.0135e-02 -2.7839e-02 -7.1584e-02 -7.0953e-02 -7.0953e-02 -7.0953e-02 -7.0953e-02
-1.7252e-03 -2.0788e-02 -3.4301e-02 -2.8260e-02 -2.5184e-02 -3.2538e-02 -3.2706e-02 -6.7285e-03 1.0000e+00 -7.0493e-02 -2.4049e-02 -2.2444e-02 -1.3403e-02 3.5820e-02 3.5481e-02 -1.0687e-02 -2.3961e-02 -6.2576e-03 2.5011e-02 -1.0189e-02 -1.7967e-02 -9.2265e-03 -2.4924e-02 -2.4662e-02 1.7362e-02 2.1898e-02 -4.9400e-02 -2.7328e-02 -2.9018e-02 -2.1439e-02 -6.0914e-02 -6.6622e-02 -6.6898e-02 6.7176e-02 -7.5880e-03 -4.1004e-02 -1.9744e-02 -1.9840e-02 -9.2538e-03 5.3295e-02 -1.5411e-02 -3.0948e-02 3.1115e-02 -3.0948e-02 -3.0948e-02 -1.5185e-02 -1.5745e-02 1.0403e-02 1.0189e-02 -9.9756e-03 -6.9527e-03 -1.0536e-02 4.7832e-02 2.9690e-02 7.2315e-02 3.8125e-02 3.8298e-02 3.8298e-02 3.8298e-02 3.8298e-02
2.4473e-02 -5.1171e-02 -1.0619e-01 1.8410e-02 -4.5848e-01 -6.4542e-01 -6.4966e-01 9.5450e-02 -7.0493e-02 1.0000e+00 1.4063e-01 1.0217e-01 -5.1713e-03 -2.0040e-02 -8.8653e-03 -1.1967e-02 2.7198e-02 3.4250e-02 -3.4621e-02 -2.5659e-02 -1.3274e-01 -4.8140e-02 3.8095e-02 4.3141e-02 -6.1557e-02 -6.6785e-02 -3.7808e-02 6.4291e-02 7.4556e-02 -1.6008e-02 -1.9445e-02 3.4446e-03 2.4065e-03 2.8252e-03 3.2254e-02 6.4231e-02 3.5899e-02 3.8171e-02 -8.0843e-02 3.2377e-02 -8.8017e-02 6.5516e-02 -6.4148e-02 6.5516e-02 6.5516e-02 -6.3270e-02 -4.6842e-02 2.6675e-02 2.9810e-02 -3.2950e-02 -6.5427e-02 -8.2573e-02 9.0083e-03 1.9356e-02 -3.4216e-02 -2.0214e-02 -2.3465e-02 -1.4729e-02 -1.4729e-02 -2.3465e-02
-1.3871e-02 5.2167e-02 -1.0198e-01 7.0448e-02 -1.3858e-01 -1.6953e-01 -1.7110e-01 -5.4099e-02 -2.4049e-02 1.4063e-01 1.0000e+00 4.4169e-01 8.9197e-03 5.8459e-02 6.0763e-02 -4.2927e-02 -3.1182e-02 -5.0313e-02 2.9906e-02 -1.1103e-01 -6.2581e-02 -1.4167e-01 -2.1667e-02 -1.8319e-02 8.7437e-02 -1.7573e-01 1.4987e-02 2.9904e-02 7.7657e-03 1.0228e-02 4.2060e-02 4.7424e-02 5.1184e-02 -4.9441e-02 -2.1374e-02 8.0635e-02 1.8622e-02 2.5604e-02 7.5968e-03 4.5302e-02 -2.0565e-02 -2.2248e-02 1.7943e-02 -2.2248e-02 -2.2248e-02 -3.8366e-02 -4.8314e-03 -6.7226e-02 -6.9035e-02 4.9007e-02 8.7882e-03 2.4253e-03 2.5282e-02 -1.8630e-02 7.5955e-02 4.2019e-02 4.3815e-02 5.5297e-02 5.5297e-02 4.9556e-02
-1.2945e-02 4.0007e-02 -5.6176e-02 5.8593e-02 -1.2938e-01 -8.3135e-02 -8.4785e-02 -5.0488e-02 -2.2444e-02 1.0217e-01 4.4169e-01 1.0000e+00 1.6874e-01 1.2059e-01 1.2367e-01 2.2054e-01 -1.8094e-02 -2.1896e-02 2.3044e-02 -3.2571e-02 -7.7552e-02 -6.5405e-02 4.8460e-04 -3.7987e-03 -2.0680e-02 -1.9655e-01 8.4497e-02 3.5595e-02 1.4670e-02 2.2371e-02 3.2547e-02 4.8330e-02 5.2480e-02 -5.0858e-02 -3.6147e-02 8.1512e-02 -3.2961e-02 -3.4110e-02 -1.7821e-02 1.4870e-02 -5.0586e-02 -8.6955e-02 8.8612e-02 -8.6955e-02 -8.6955e-02 -5.9043e-02 -5.4274e-02 1.1317e-02 9.6734e-03 -8.0281e-03 -2.9548e-02 -4.8586e-02 -2.9453e-02 -6.7450e-02 9.1212e-02 5.0799e-02 5.8480e-02 5.2457e-02 5.2457e-02 5.2457e-02
1.2871e-01 -2.5351e-03 -8.7355e-04 -1.2576e-04 -5.6270e-02 9.6292e-04 -1.4554e-04 -3.0152e-02 -1.3403e-02 -5.1713e-03 8.9197e-03 1.6874e-01 1.0000e+00 -4.5859e-02 -3.8753e-02 4.7751e-01 1.7337e-01 -2.8042e-02 -1.9486e-01 -1.4132e-01 -8.0515e-02 -1.2856e-01 2.0735e-01 2.1074e-01 -5.1200e-02 3.5831e-02 8.1162e-02 -1.4932e-02 -2.6189e-02 5.5772e-02 2.1107e-02 3.4607e-02 3.3641e-02 -3.2674e-02 -2.4176e-03 4.9173e-02 1.9216e-02 1.8384e-02 -4.1468e-02 -8.8056e-02 2.9765e-02 1.1786e-02 -1.0620e-02 1.1786e-02 1.1786e-02 3.2033e-02 4.2649e-02 -4.0294e-02 -4.1304e-02 7.5081e-03 -3.1156e-02 -9.2035e-04 -2.8600e-02 3.0508e-02 -1.5507e-02 -3.0784e-02 -3.8850e-02 -3.8850e-02 -3.8850e-02 -3.8850e-02
2.0660e-02 9.2238e-02 -6.1400e-02 6.1910e-02 -2.3775e-02 7.3798e-02 7.6574e-02 6.2685e-02 3.5820e-02 -2.0040e-02 5.8459e-02 1.2059e-01 -4.5859e-02 1.0000e+00 9.8105e-01 4.7327e-02 8.0435e-02 7.4940e-02 -5.2953e-02 -2.2587e-03 -3.0412e-01 -1.4151e-02 6.8590e-02 8.7006e-02 1.4924e-01 1.4281e-02 -1.2779e-01 3.4387e-02 4.8945e-02 -1.1319e-02 -3.4433e-03 -6.9894e-03 -4.3379e-03 1.6820e-03 7.4941e-02 -2.8594e-02 3.9540e-02 4.1424e-02 4.4900e-02 1.2594e-02 2.6707e-02 -3.9221e-02 3.6083e-02 -3.9221e-02 -3.9221e-02 1.3582e-02 9.0981e-03 -9.6821e-02 -9.8632e-02 9.1668e-02 3.1259e-02 9.4239e-03 8.3650e-02 1.3162e-03 1.7226e-02 4.7314e-02 5.8316e-02 4.4469e-02 4.4469e-02 3.5238e-02
2.0465e-02 8.2727e-02 -6.7098e-02 5.2310e-02 -3.3607e-02 6.3946e-02 6.6718e-02 6.1854e-02 3.5481e-02 -8.8653e-03 6.0763e-02 1.2367e-01 -3.8753e-02 9.8105e-01 1.0000e+00 4.5807e-02 8.2852e-02 7.4232e-02 -5.4930e-02 3.4492e-03 -3.0815e-01 -8.3144e-03 7.0655e-02 8.9223e-02 1.4096e-01 2.4132e-02 -1.3177e-01 3.5613e-02 4.9771e-02 -1.9616e-03 -4.3969e-03 -8.7461e-03 -6.1211e-03 3.4918e-03 7.4021e-02 -2.1625e-02 4.3364e-02 4.5214e-02 4.3599e-02 -6.4945e-04 2.4356e-02 -3.4141e-02 3.1046e-02 -3.4141e-02 -3.4141e-02 1.1216e-02 6.6259e-03 -8.9669e-02 -9.1517e-02 8.4557e-02 3.0272e-02 7.7824e-03 7.8407e-02 8.5675e-04 2.5436e-02 4.4285e-02 5.5371e-02 3.6838e-02 3.6838e-02 2.7571e-02
1.6143e-01 -2.6571e-02 -2.8691e-02 2.6260e-03 -4.8280e-02 -8.0882e-03 -8.9505e-03 -2.4041e-02 -1.0687e-02 -1.1967e-02 -4.2927e-02 2.2054e-01 4.7751e-01 4.7327e-02 4.5807e-02 1.0000e+00 3.3107e-01 -2.2358e-02 -3.2955e-01 -1.3610e-01 -6.4196e-02 -1.2224e-01 3.4481e-01 3.4877e-01 -7.1773e-02 -4.4194e-02 9.9544e-02 8.7270e-02 7.4899e-02 3.2198e-02 -6.8908e-02 -1.1240e-03 -1.9177e-03 2.7127e-03 -2.7112e-02 5.1562e-02 1.1134e-01 1.1032e-01 -9.5744e-04 -8.4297e-02 -3.4831e-02 2.4961e-02 -2.3989e-02 2.4961e-02 2.4961e-02 -3.3766e-02 -1.6528e-02 -2.3325e-02 -2.4125e-02 2.4926e-02 -2.4842e-02 -9.2134e-03 5.3669e-02 1.7916e-02 4.8533e-03 -2.1385e-02 -2.0525e-02 -3.1765e-02 -3.1765e-02 -3.1765e-02
7.2000e-02 -1.1818e-02 -8.8522e-02 2.5602e-02 -1.0921e-01 -2.6784e-02 -2.8696e-02 2.3619e-01 -2.3961e-02 2.7198e-02 -3.1182e-02 -1.8094e-02 1.7337e-01 8.0435e-02 8.2852e-02 3.3107e-01 1.0000e+00 2.6116e-01 -9.5802e-01 -3.7700e-01 -1.4393e-01 -3.6466e-01 9.4703e-01 9.4990e-01 1.8777e-01 -5.9689e-02 6.0962e-02 3.7627e-01 3.0969e-01 -8.4195e-02 2.3416e-02 1.2252e-01 1.2085e-01 -1.1917e-01 5.8416e-02 4.9055e-02 1.2125e-01 1.1944e-01 -4.1249e-02 -7.0844e-02 2.1584e-02 8.0180e-02 -7.7932e-02 8.0180e-02 8.0180e-02 1.4746e-02 3.6624e-02 -4.2397e-02 -4.4184e-02 2.4080e-02 -5.5697e-02 -1.1607e-02 -8.0711e-02 -7.8192e-02 -2.3754e-02 -3.4703e-02 -4.4307e-02 -2.7040e-02 -2.7040e-02 -4.4307e-02
-3.6092e-03 3.6010e-02 2.6007e-02 2.7202e-02 -5.2688e-02 -7.9841e-03 -8.4810e-03 -1.4077e-02 -6.2576e-03 3.4250e-02 -5.0313e-02 -2.1896e-02 -2.8042e-02 7.4940e-02 7.4232e-02 -2.2358e-02 2.6116e-01 1.0000e+00 -2.5020e-01 -9.8459e-02 -3.7590e-02 -9.6669e-02 2.5107e-01 2.5373e-01 9.5008e-02 -2.0924e-01 1.0898e-01 2.0697e-01 1.9439e-01 -4.4853e-02 -1.2744e-01 7.5980e-02 7.5577e-02 -7.5176e-02 -1.5875e-02 1.3427e-01 2.6182e-01 2.6049e-01 -1.9360e-02 -8.2198e-02 -3.2241e-02 1.6113e-01 -1.6016e-01 1.6113e-01 1.6113e-01 -3.1768e-02 1.6454e-04 6.3277e-02 6.2855e-02 -6.2433e-02 -1.4546e-02 -2.2043e-02 8.2309e-02 6.2116e-02 1.4998e-02 6.1002e-02 6.1391e-02 6.1391e-02 6.1391e-02 4.2659e-02
-6.8977e-02 7.6460e-03 8.8292e-02 -2.7917e-02 1.1374e-01 3.8812e-02 4.0782e-02 -2.2566e-01 2.5011e-02 -3.4621e-02 2.9906e-02 2.3044e-02 -1.9486e-01 -5.2953e-02 -5.4930e-02 -3.2955e-01 -9.5802e-01 -2.5020e-01 1.0000e+00 3.9352e-01 1.5024e-01 3.8104e-01 -9.5473e-01 -9.4399e-01 -1.7673e-01 5.2996e-02 -7.8310e-02 -3.6963e-01 -3.0327e-01 7.0982e-02 -3.5212e-02 -1.3425e-01 -1.3250e-01 1.3075e-01 -5.2395e-02 -5.6883e-02 -1.2291e-01 -1.2103e-01 4.5424e-02 8.5438e-02 -2.2157e-02 -7.8470e-02 7.6138e-02 -7.8470e-02 -7.8470e-02 -1.5770e-02 -3.6398e-02 3.5203e-02 3.7063e-02 -1.7649e-02 5.8137e-02 1.7356e-02 6.6766e-02 7.1404e-02 5.8015e-03 1.7342e-02 2.6567e-02 9.7861e-03 9.7861e-03 2.6567e-02
-2.7144e-02 -3.0461e-02 2.3106e-02 -1.0820e-02 2.1810e-02 -8.6598e-03 -3.3938e-03 -8.9279e-02 -1.0189e-02 -2.5659e-02 -1.1103e-01 -3.2571e-02 -1.4132e-01 -2.2587e-03 3.4492e-03 -1.3610e-01 -3.7700e-01 -9.8459e-02 3.9352e-01 1.0000e+00 3.8178e-01 9.6958e-01 -3.7617e-01 -3.8268e-01 -2.8314e-01 4.7410e-02 -1.3460e-01 -7.2984e-02 -3.8964e-02 -1.1840e-01 -1.5359e-01 -1.9963e-01 -1.9918e-01 1.9463e-01 4.3076e-02 -7.5453e-02 -5.2574e-02 -5.5047e-02 4.9960e-02 5.8201e-02 1.9384e-02 -5.5393e-02 5.4543e-02 -5.5393e-02 -5.5393e-02 2.6267e-02 1.6944e-02 -6.1196e-02 -6.0626e-02 6.8195e-02 3.5241e-02 7.4023e-03 8.3153e-02 7.3974e-02 5.7471e-02 4.1664e-03 3.5219e-03 -7.5713e-04 -7.5713e-04 1.2080e-02
-1.0363e-02 -2.3940e-02 2.4830e-02 2.8598e-03 7.8132e-02 2.5784e-02 2.4238e-02 -4.0418e-02 -1.7967e-02 -1.3274e-01 -6.2581e-02 -7.7552e-02 -8.0515e-02 -3.0412e-01 -3.0815e-01 -6.4196e-02 -1.4393e-01 -3.7590e-02 1.5024e-01 3.8178e-01 1.0000e+00 3.8885e-01 -1.4972e-01 -1.4815e-01 -1.1251e-01 -1.3075e-01 6.7179e-02 4.5436e-02 3.6202e-02 -1.0395e-02 3.8705e-02 9.9341e-03 1.5450e-02 -1.4129e-02 -4.5581e-02 -3.6770e-02 -5.5630e-02 -5.6442e-02 1.2783e-01 5.1868e-02 1.0161e-02 -9.2050e-02 8.5516e-02 -9.2050e-02 -9.2050e-02 1.2824e-02 6.2921e-03 6.0219e-03 1.1485e-02 -3.3855e-03 1.7260e-01 8.1086e-02 -4.4153e-02 -1.2545e-01 1.5927e-01 -7.1103e-02 -6.9602e-02 -6.9602e-02 -6.9602e-02 -6.2468e-02
-2.6650e-02 -2.3651e-02 3.4555e-02 -6.4186e-03 3.0230e-02 6.7008e-03 1.2026e-02 -8.7306e-02 -9.2265e-03 -4.8140e-02 -1.4167e-01 -6.5405e-02 -1.2856e-01 -1.4151e-02 -8.3144e-03 -1.2224e-01 -3.6466e-01 -9.6669e-02 3.8104e-01 9.6958e-01 3.8885e-01 1.0000e+00 -3.8502e-01 -3.8099e-01 -2.9375e-01 6.3654e-02 -1.4293e-01 -7.9257e-02 -4.4059e-02 -1.2350e-01 -1.4599e-01 -2.0277e-01 -2.0225e-01 1.9761e-01 4.5719e-02 -7.8871e-02 -6.5115e-02 -6.7492e-02 5.3175e-02 6.0857e-02 2.4554e-02 -4.0581e-02 3.9685e-02 -4.0581e-02 -4.0581e-02 3.1382e-02 2.2218e-02 -5.2598e-02 -5.1948e-02 5.9461e-02 3.7650e-02 1.0920e-02 7.9730e-02 8.3572e-02 6.1745e-02 -4.1742e-03 -4.8844e-03 -9.1759e-03 -9.1759e-03 3.6985e-03
6.9218e-02 -1.4594e-02 -9.8546e-02 2.2883e-02 -1.1972e-01 -3.1339e-02 -3.3319e-02 2.2649e-01 -2.4924e-02 3.8095e-02 -2.1667e-02 4.8460e-04 2.0735e-01 6.8590e-02 7.0655e-02 3.4481e-01 9.4703e-01 2.5107e-01 -9.5473e-01 -3.7617e-01 -1.4972e-01 -3.8502e-01 1.0000e+00 9.7545e-01 1.6927e-01 -5.4172e-02 7.0277e-02 3.5862e-01 2.9264e-01 -7.0112e-02 3.2927e-02 1.3239e-01 1.3065e-01 -1.2891e-01 5.2880e-02 6.9965e-02 1.2414e-01 1.2227e-01 -4.5082e-02 -7.7660e-02 2.2950e-02 8.0140e-02 -7.7811e-02 8.0140e-02 8.0140e-02 1.6537e-02 3.7240e-02 -3.7560e-02 -3.9415e-02 1.9947e-02 -5.7935e-02 -1.6888e-02 -7.4538e-02 -7.9279e-02 -5.4169e-02 -3.0448e-02 -3.9685e-02 -2.2866e-02 -2.2866e-02 -3.9685e-02
6.9951e-02 -1.1671e-02 -1.0014e-01 2.7155e-02 -1.1689e-01 -2.6823e-02 -2.8793e-02 2.2905e-01 -2.4662e-02 4.3141e-02 -1.8319e-02 -3.7987e-03 2.1074e-01 8.7006e-02 8.9223e-02 3.4877e-01 9.4990e-01 2.5373e-01 -9.4399e-01 -3.8268e-01 -1.4815e-01 -3.8099e-01 9.7545e-01 1.0000e+00 1.8384e-01 -5.7736e-02 5.6624e-02 3.6509e-01 2.9890e-01 -9.0901e-02 2.0676e-02 1.2137e-01 1.1964e-01 -1.1791e-01 5.4353e-02 5.9839e-02 1.2788e-01 1.2600e-01 -4.4049e-02 -6.4728e-02 1.5191e-02 8.5202e-02 -8.2881e-02 8.5202e-02 8.5202e-02 8.5719e-03 2.9813e-02 -3.9335e-02 -4.1172e-02 2.1538e-02 -5.7328e-02 -1.5473e-02 -7.6665e-02 -7.7826e-02 -5.2746e-02 -3.0553e-02 -3.9889e-02 -2.2952e-02 -2.2952e-02 -3.9889e-02
3.1046e-02 2.0894e-02 -6.7401e-02 4.0534e-02 -1.2558e-02 3.8048e-02 3.3370e-02 1.2109e-01 1.7362e-02 -6.1557e-02 8.7437e-02 -2.0680e-02 -5.1200e-02 1.4924e-01 1.4096e-01 -7.1773e-02 1.8777e-01 9.5008e-02 -1.7673e-01 -2.8314e-01 -1.1251e-01 -2.9375e-01 1.6927e-01 1.8384e-01 1.0000e+00 -1.4056e-01 1.7610e-02 1.4372e-01 1.2843e-01 1.7171e-02 1.5627e-01 1.6104e-01 1.6517e-01 -1.6930e-01 5.0963e-03 -3.6403e-03 6.2736e-02 6.5554e-02 -7.5216e-02 2.7435e-02 -4.2565e-02 3.2749e-02 -3.2585e-02 3.2749e-02 3.2749e-02 -4.2983e-02 -6.0670e-02 -2.2429e-02 -1.8485e-02 1.4536e-02 -8.1487e-02 -6.7289e-02 -8.2386e-02 -1.3125e-01 -8.2114e-02 -1.2222e-02 -3.6723e-03 -3.6723e-03 -3.6723e-03 -1.2136e-02
1.2630e-02 -4.7289e-02 3.3537e-02 -1.9125e-02 7.0650e-02 6.7778e-02 6.9420e-02 4.9261e-02 2.1898e-02 -6.6785e-02 -1.7573e-01 -1.9655e-01 3.5831e-02 1.4281e-02 2.4132e-02 -4.4194e-02 -5.9689e-02 -2.0924e-01 5.2996e-02 4.7410e-02 -1.3075e-01 6.3654e-02 -5.4172e-02 -5.7736e-02 -1.4056e-01 1.0000e+00 -1.4215e-01 -4.1948e-01 -4.1372e-01 1.4001e-01 -6.0193e-03 -1.9947e-01 -1.9801e-01 1.9655e-01 5.5554e-02 -2.0395e-01 -1.8013e-01 -1.7822e-01 5.0238e-02 -9.6266e-02 9.0756e-02 -8.6446e-03 6.7687e-03 -8.6446e-03 -8.6446e-03 8.8821e-02 5.0265e-02 -1.0140e-01 -9.9847e-02 9.8297e-02 5.0903e-02 4.6122e-02 4.4031e-03 1.6047e-01 5.0456e-02 5.2449e-02 5.0673e-02 2.6150e-02 2.6150e-02 2.6150e-02
3.4922e-02 -3.6473e-02 6.8360e-02 -5.5137e-02 1.5372e-02 -7.5947e-04 -4.8344e-03 -7.8150e-02 -4.9400e-02 -3.7808e-02 1.4987e-02 8.4497e-02 8.1162e-02 -1.2779e-01 -1.3177e-01 9.9544e-02 6.0962e-02 1.0898e-01 -7.8310e-02 -1.3460e-01 6.7179e-02 -1.4293e-01 7.0277e-02 5.6624e-02 1.7610e-02 -1.4215e-01 1.0000e+00 8.8410e-02 3.2357e-02 4.0458e-01 4.0496e-01 5.0922e-01 5.1005e-01 -5.0681e-01 -9.5963e-02 4.3865e-01 1.6819e-01 1.6476e-01 1.2658e-01 -4.6314e-01 5.9338e-02 1.6024e-01 -1.6027e-01 1.6024e-01 1.6024e-01 4.3802e-02 5.5650e-02 2.0279e-01 2.0332e-01 -1.9576e-01 1.0880e-01 1.1646e-01 -5.6874e-02 4.2372e-02 4.6271e-02 -7.6218e-04 -1.1922e-03 3.0609e-03 3.0609e-03 3.0609e-03
-1.5762e-02 -2.8051e-03 -5.9336e-02 2.8297e-02 -9.2688e-02 -4.8359e-02 -5.0497e-02 2.2570e-01 -2.7328e-02 6.4291e-02 2.9904e-02 3.5595e-02 -1.4932e-02 3.4387e-02 3.5613e-02 8.7270e-02 3.7627e-01 2.0697e-01 -3.6963e-01 -7.2984e-02 4.5436e-02 -7.9257e-02 3.5862e-01 3.6509e-01 1.4372e-01 -4.1948e-01 8.8410e-02 1.0000e+00 8.9372e-01 -1.7393e-01 1.1357e-01 2.7840e-01 2.7660e-01 -2.7480e-01 2.0461e-01 5.0098e-02 1.1538e-01 1.1340e-01 -8.4549e-02 2.9358e-02 3.0614e-02 -2.1759e-02 1.8226e-02 -2.1759e-02 -2.1759e-02 2.5213e-02 5.2508e-02 7.4949e-02 7.2984e-02 -7.1019e-02 -6.3525e-02 -6.9498e-02 -1.7502e-01 -2.2082e-01 -2.0676e-02 -1.3389e-01 -1.3156e-01 -1.2627e-01 -1.2627e-01 -1.2627e-01
-1.6737e-02 -1.3732e-02 -6.0751e-02 8.4032e-03 -8.0028e-02 -3.7025e-02 -3.9329e-02 1.9225e-01 -2.9018e-02 7.4556e-02 7.7657e-03 1.4670e-02 -2.6189e-02 4.8945e-02 4.9771e-02 7.4899e-02 3.0969e-01 1.9439e-01 -3.0327e-01 -3.8964e-02 3.6202e-02 -4.4059e-02 2.9264e-01 2.9890e-01 1.2843e-01 -4.1372e-01 3.2357e-02 8.9372e-01 1.0000e+00 -1.8680e-01 1.5280e-01 3.1317e-01 3.1618e-01 -3.1429e-01 2.0858e-01 2.3768e-03 7.1538e-02 6.9627e-02 -8.9778e-02 8.4751e-02 3.4429e-02 -7.6192e-02 6.7264e-02 -7.6192e-02 -7.6192e-02 5.7586e-02 8.2038e-02 8.9604e-02 9.7236e-02 -8.5443e-02 -6.7453e-02 -8.9293e-02 -2.4331e-01 -3.0171e-01 -3.0833e-02 -1.1118e-01 -1.0876e-01 -1.1387e-01 -1.1387e-01 -1.0876e-01
8.0468e-02 -1.6881e-02 1.4110e-02 -8.8844e-03 1.1986e-02 3.3076e-02 3.1226e-02 -4.8228e-02 -2.1439e-02 -1.6008e-02 1.0228e-02 2.2371e-02 5.5772e-02 -1.1319e-02 -1.9616e-03 3.2198e-02 -8.4195e-02 -4.4853e-02 7.0982e-02 -1.1840e-01 -1.0395e-02 -1.2350e-01 -7.0112e-02 -9.0901e-02 1.7171e-02 1.4001e-01 4.0458e-01 -1.7393e-01 -1.8680e-01 1.0000e+00 3.5196e-01 3.2180e-01 3.2047e-01 -3.1915e-01 -5.4389e-02 4.3143e-01 1.2410e-01 1.2242e-01 4.0377e-02 -3.1448e-01 -2.0809e-02 3.0707e-02 -3.5615e-02 3.0707e-02 3.0707e-02 -4.0747e-02 -3.5833e-02 1.5538e-01 1.5390e-01 -1.5242e-01 -4.9835e-02 1.8974e-02 -1.7075e-01 -1.4300e-01 -7.5112e-02 -3.2283e-02 -3.0574e-02 -4.3026e-02 -4.3026e-02 -4.3026e-02
2.8321e-02 4.6257e-02 2.5568e-02 1.2847e-02 1.8699e-02 3.8147e-02 3.3027e-02 9.3961e-02 -6.0914e-02 -1.9445e-02 4.2060e-02 3.2547e-02 2.1107e-02 -3.4433e-03 -4.3969e-03 -6.8908e-02 2.3416e-02 -1.2744e-01 -3.5212e-02 -1.5359e-01 3.8705e-02 -1.4599e-01 3.2927e-02 2.0676e-02 1.5627e-01 -6.0193e-03 4.0496e-01 1.1357e-01 1.5280e-01 3.5196e-01 1.0000e+00 9.0616e-01 9.1054e-01 -9.0677e-01 9.5191e-02 2.3152e-01 -1.7672e-01 -1.7951e-01 1.2760e-01 -2.1882e-01 1.3809e-01 -1.0309e-01 9.8652e-02 -1.0309e-01 -1.0309e-01 1.2516e-01 1.0054e-01 6.0960e-02 6.0562e-02 -5.2071e-02 9.8157e-02 1.1914e-01 -2.7277e-01 -2.7759e-01 -1.9789e-02 -7.8427e-03 -7.3736e-03 -1.5885e-02 -1.5885e-02 -7.3736e-03
2.5894e-02 4.3503e-02 3.7528e-02 1.1669e-02 -1.6779e-02 1.7896e-02 1.2355e-02 8.4270e-02 -6.6622e-02 3.4446e-03 4.7424e-02 4.8330e-02 3.4607e-02 -6.9894e-03 -8.7461e-03 -1.1240e-03 1.2252e-01 7.5980e-02 -1.3425e-01 -1.9963e-01 9.9341e-03 -2.0277e-01 1.3239e-01 1.2137e-01 1.6104e-01 -1.9947e-01 5.0922e-01 2.7840e-01 3.1317e-01 3.2180e-01 9.0616e-01 1.0000e+00 9.9587e-01 -9.9175e-01 8.4116e-02 3.4518e-01 4.4410e-03 6.4733e-04 1.1426e-01 -2.9711e-01 1.2261e-01 -3.6383e-03 4.5471e-03 -3.6383e-03 -3.6383e-03 1.1784e-01 1.2198e-01 1.1017e-01 1.0944e-01 -1.0050e-01 8.8158e-02 1.1450e-01 -2.5166e-01 -2.6680e-01 -3.0823e-02 -1.9455e-03 -1.1021e-03 -5.4159e-03 -5.4159e-03 -1.1021e-03
2.5788e-02 4.1996e-02 3.9521e-02 9.5822e-03 -1.3322e-02 2.0114e-02 1.4544e-02 8.3840e-02 -6.6898e-02 2.4065e-03 5.1184e-02 5.2480e-02 3.3641e-02 -4.3379e-03 -6.1211e-03 -1.9177e-03 1.2085e-01 7.5577e-02 -1.3250e-01 -1.9918e-01 1.5450e-02 -2.0225e-01 1.3065e-01 1.1964e-01 1.6517e-01 -1.9801e-01 5.1005e-01 2.7660e-01 3.1618e-01 3.2047e-01 9.1054e-01 9.9587e-01 1.0000e+00 -9.9587e-01 8.3621e-02 3.5087e-01 2.9799e-03 -8.2398e-04 1.1366e-01 -3.0151e-01 1.2934e-01 -5.9371e-03 2.1393e-03 -5.9371e-03 -5.9371e-03 1.1681e-01 1.2091e-01 1.0966e-01 1.1302e-01 -9.9953e-02 8.7714e-02 1.1381e-01 -2.5651e-01 -2.6965e-01 -3.1766e-02 8.8115e-04 1.7381e-03 -2.5793e-03 -2.5793e-03 1.7381e-03
-2.5681e-02 -4.0488e-02 -4.1518e-02 -7.4920e-03 1.5203e-02 -2.2335e-02 -1.6737e-02 -8.3410e-02 6.7176e-02 2.8252e-03 -4.9441e-02 -5.0858e-02 -3.2674e-02 1.6820e-03 3.4918e-03 2.7127e-03 -1.1917e-01 -7.5176e-02 1.3075e-01 1.9463e-01 -1.4129e-02 1.9761e-01 -1.2891e-01 -1.1791e-01 -1.6930e-01 1.9655e-01 -5.0681e-01 -2.7480e-01 -3.1429e-01 -3.1915e-01 -9.0677e-01 -9.9175e-01 -9.9587e-01 1.0000e+00 -8.3128e-02 -3.4812e-01 -1.5165e-03 2.2977e-03 -1.1307e-01 2.9781e-01 -1.2830e-01 8.2398e-03 -4.4513e-03 8.2398e-03 8.2398e-03 -1.1578e-01 -1.1984e-01 -1.0505e-01 -1.0839e-01 9.5298e-02 -8.7271e-02 -1.1312e-01 2.5317e-01 2.6767e-01 3.2711e-02 -3.7125e-03 -4.5830e-03 -2.6201e-04 -2.6201e-04 -4.5830e-03
-4.3766e-03 -3.0751e-02 -2.2125e-02 -3.5882e-02 1.2992e-02 5.4514e-04 -8.2395e-05 2.2394e-01 -7.5880e-03 3.2254e-02 -2.1374e-02 -3.6147e-02 -2.4176e-03 7.4941e-02 7.4021e-02 -2.7112e-02 5.8416e-02 -1.5875e-02 -5.2395e-02 4.3076e-02 -4.5581e-02 4.5719e-02 5.2880e-02 5.4353e-02 5.0963e-03 5.5554e-02 -9.5963e-02 2.0461e-01 2.0858e-01 -5.4389e-02 9.5191e-02 8.4116e-02 8.3621e-02 -8.3128e-02 1.0000e+00 -1.0402e-01 -2.7227e-02 -2.7556e-02 -2.3476e-02 -1.2777e-01 4.3645e-01 -6.1475e-02 6.1947e-02 -6.1475e-02 -6.1475e-02 4.1473e-01 3.9953e-01 9.0356e-02 8.9853e-02 -8.9350e-02 -1.7638e-02 -2.6729e-02 -1.1443e-01 7.5323e-02 -3.1395e-02 -2.7805e-02 -2.7175e-02 -4.2716e-02 -4.2716e-02 -4.2716e-02
4.2073e-02 -1.6836e-02 2.6711e-02 -2.1767e-02 -6.7226e-02 -4.0715e-02 -4.3999e-02 -4.0973e-02 -4.1004e-02 6.4231e-02 8.0635e-02 8.1512e-02 4.9173e-02 -2.8594e-02 -2.1625e-02 5.1562e-02 4.9055e-02 1.3427e-01 -5.6883e-02 -7.5453e-02 -3.6770e-02 -7.8871e-02 6.9965e-02 5.9839e-02 -3.6403e-03 -2.0395e-01 4.3865e-01 5.0098e-02 2.3768e-03 4.3143e-01 2.3152e-01 3.4518e-01 3.5087e-01 -3.4812e-01 -1.0402e-01 1.0000e+00 2.8699e-01 2.8360e-01 -1.2686e-01 -4.8761e-01 -1.4779e-01 3.5853e-01 -3.6371e-01 3.5853e-01 3.5853e-01 -1.5996e-01 -1.3795e-01 1.9983e-01 2.0531e-01 -2.1081e-01 -7.8759e-02 -1.2214e-01 -1.3002e-01 3.1630e-02 -5.4191e-02 -1.5948e-02 -1.2751e-02 -3.9347e-03 -3.9347e-03 -3.9347e-03
-1.1388e-02 3.3347e-03 -1.8997e-02 2.7127e-02 -6.7945e-02 -3.7723e-02 -3.9260e-02 -4.4416e-02 -1.9744e-02 3.5899e-02 1.8622e-02 -3.2961e-02 1.9216e-02 3.9540e-02 4.3364e-02 1.1134e-01 1.2125e-01 2.6182e-01 -1.2291e-01 -5.2574e-02 -5.5630e-02 -6.5115e-02 1.2414e-01 1.2788e-01 6.2736e-02 -1.8013e-01 1.6819e-01 1.1538e-01 7.1538e-02 1.2410e-01 -1.7672e-01 4.4410e-03 2.9799e-03 -1.5165e-03 -2.7227e-02 2.8699e-01 1.0000e+00 9.9516e-01 -6.1086e-02 -3.7048e-01 -6.5962e-02 5.2182e-01 -5.1870e-01 5.2182e-01 5.2182e-01 -6.4016e-02 -1.0287e-02 2.2385e-01 2.2254e-01 -2.2122e-01 -2.1019e-02 -3.6041e-02 1.5874e-01 1.4404e-01 -9.3994e-03 2.6114e-02 2.7601e-02 5.4097e-02 5.4097e-02 4.7473e-02
-1.1444e-02 2.1437e-03 -2.0871e-02 2.5423e-02 -6.9119e-02 -3.9427e-02 -4.0969e-02 -4.4632e-02 -1.9840e-02 3.8171e-02 2.5604e-02 -3.4110e-02 1.8384e-02 4.1424e-02 4.5214e-02 1.1032e-01 1.1944e-01 2.6049e-01 -1.2103e-01 -5.5047e-02 -5.6442e-02 -6.7492e-02 1.2227e-01 1.2600e-01 6.5554e-02 -1.7822e-01 1.6476e-01 1.1340e-01 6.9627e-02 1.2242e-01 -1.7951e-01 6.4733e-04 -8.2398e-04 2.2977e-03 -2.7556e-02 2.8360e-01 9.9516e-01 1.0000e+00 -6.1383e-02 -3.7228e-01 -6.6590e-02 5.2535e-01 -5.2222e-01 5.2535e-01 5.2535e-01 -6.4639e-02 -1.1141e-02 2.2570e-01 2.2438e-01 -2.2305e-01 -2.1335e-02 -3.6504e-02 1.6086e-01 1.4518e-01 -1.0066e-02 2.8179e-02 2.9670e-02 5.6067e-02 5.6067e-02 4.9467e-02
-5.3374e-03 6.3050e-02 1.4706e-02 4.5925e-02 8.1141e-02 6.4360e-02 6.3439e-02 -2.0817e-02 -9.2538e-03 -8.0843e-02 7.5968e-03 -1.7821e-02 -4.1468e-02 4.4900e-02 4.3599e-02 -9.5744e-04 -4.1249e-02 -1.9360e-02 4.5424e-02 4.9960e-02 1.2783e-01 5.3175e-02 -4.5082e-02 -4.4049e-02 -7.5216e-02 5.0238e-02 1.2658e-01 -8.4549e-02 -8.9778e-02 4.0377e-02 1.2760e-01 1.1426e-01 1.1366e-01 -1.1307e-01 -2.3476e-02 -1.2686e-01 -6.1086e-02 -6.1383e-02 1.0000e+00 -1.7363e-01 4.8474e-01 -6.7550e-02 6.8146e-02 -6.7550e-02 -6.7550e-02 4.9221e-01 4.7407e-01 -1.7140e-01 -1.7219e-01 1.7297e-01 7.0303e-01 7.1564e-01 1.1140e-01 7.7446e-02 2.4245e-01 2.7786e-02 2.8458e-02 2.8458e-02 2.8458e-02 2.8458e-02
-3.2370e-02 5.1427e-03 -3.8306e-02 1.1023e-02 2.9971e-02 -1.7645e-02 -2.2233e-02 5.0240e-03 5.3295e-02 3.2377e-02 4.5302e-02 1.4870e-02 -8.8056e-02 1.2594e-02 -6.4945e-04 -8.4297e-02 -7.0844e-02 -8.2198e-02 8.5438e-02 5.8201e-02 5.1868e-02 6.0857e-02 -7.7660e-02 -6.4728e-02 2.7435e-02 -9.6266e-02 -4.6314e-01 2.9358e-02 8.4751e-02 -3.1448e-01 -2.1882e-01 -2.9711e-01 -3.0151e-01 2.9781e-01 -1.2777e-01 -4.8761e-01 -3.7048e-01 -3.7228e-01 -1.7363e-01 1.0000e+00 -2.5107e-01 -4.4149e-01 4.4502e-01 -4.4149e-01 -4.4149e-01 -2.2320e-01 -2.2063e-01 -3.2338e-01 -3.2770e-01 3.3204e-01 -1.3046e-01 -1.8699e-01 9.8863e-02 -1.2588e-01 -6.5903e-02 -4.7685e-02 -5.5967e-02 -6.4432e-02 -6.4432e-02 -6.0199e-02
-8.8884e-03 7.5446e-03 1.7844e-02 -1.4887e-02 8.0718e-02 9.2325e-02 9.0828e-02 9.1009e-02 -1.5411e-02 -8.8017e-02 -2.0565e-02 -5.0586e-02 2.9765e-02 2.6707e-02 2.4356e-02 -3.4831e-02 2.1584e-02 -3.2241e-02 -2.2157e-02 1.9384e-02 1.0161e-02 2.4554e-02 2.2950e-02 1.5191e-02 -4.2565e-02 9.0756e-02 5.9338e-02 3.0614e-02 3.4429e-02 -2.0809e-02 1.3809e-01 1.2261e-01 1.2934e-01 -1.2830e-01 4.3645e-01 -1.4779e-01 -6.5962e-02 -6.6590e-02 4.8474e-01 -2.5107e-01 1.0000e+00 -1.5945e-01 1.5145e-01 -1.5945e-01 -1.5945e-01 9.2625e-01 8.6417e-01 -1.4139e-01 -1.3491e-01 1.4383e-01 4.5116e-01 6.4269e-01 3.8970e-02 1.1665e-01 1.1314e-01 5.0330e-02 5.1445e-02 4.3340e-02 4.3340e-02 4.3340e-02
-1.7850e-02 -1.2591e-02 2.6366e-02 3.1734e-02 -5.3033e-02 -4.6388e-02 -3.8299e-02 6.9238e-03 -3.0948e-02 6.5516e-02 -2.2248e-02 -8.6955e-02 1.1786e-02 -3.9221e-02 -3.4141e-02 2.4961e-02 8.0180e-02 1.6113e-01 -7.8470e-02 -5.5393e-02 -9.2050e-02 -4.0581e-02 8.0140e-02 8.5202e-02 3.2749e-02 -8.6446e-03 1.6024e-01 -2.1759e-02 -7.6192e-02 3.0707e-02 -1.0309e-01 -3.6383e-03 -5.9371e-03 8.2398e-03 -6.1475e-02 3.5853e-01 5.2182e-01 5.2535e-01 -6.7550e-02 -4.4149e-01 -1.5945e-01 1.0000e+00 -9.9462e-01 1.0000e+00 1.0000e+00 -1.5711e-01 -1.1057e-01 4.0923e-01 4.0720e-01 -4.2395e-01 -7.1938e-02 -9.6529e-02 -9.9452e-02 2.4636e-01 -9.5316e-03 -5.9459e-03 -3.5424e-03 2.1137e-02 2.1137e-02 1.1265e-02
1.7946e-02 1.4315e-02 -2.8530e-02 -2.9256e-02 5.5016e-02 4.9012e-02 4.0959e-02 -6.3356e-03 3.1115e-02 -6.4148e-02 1.7943e-02 8.8612e-02 -1.0620e-02 3.6083e-02 3.1046e-02 -2.3989e-02 -7.7932e-02 -1.6016e-01 7.6138e-02 5.4543e-02 8.5516e-02 3.9685e-02 -7.7811e-02 -8.2881e-02 -3.2585e-02 6.7687e-03 -1.6027e-01 1.8226e-02 6.7264e-02 -3.5615e-02 9.8652e-02 4.5471e-03 2.1393e-03 -4.4513e-03 6.1947e-02 -3.6371e-01 -5.1870e-01 -5.2222e-01 6.8146e-02 4.4502e-01 1.5145e-01 -9.9462e-01 1.0000e+00 -9.9462e-01 -9.9462e-01 1.5796e-01 1.1160e-01 -4.0274e-01 -4.0537e-01 4.1738e-01 7.2327e-02 9.7153e-02 1.0447e-01 -2.4268e-01 1.0552e-02 2.7050e-03 2.9357e-04 -2.4317e-02 -2.4317e-02 -1.4473e-02
-1.7850e-02 -1.2591e-02 2.6366e-02 3.1734e-02 -5.3033e-02 -4.6388e-02 -3.8299e-02 6.9238e-03 -3.0948e-02 6.5516e-02 -2.2248e-02 -8.6955e-02 1.1786e-02 -3.9221e-02 -3.4141e-02 2.4961e-02 8.0180e-02 1.6113e-01 -7.8470e-02 -5.5393e-02 -9.2050e-02 -4.0581e-02 8.0140e-02 8.5202e-02 3.2749e-02 -8.6446e-03 1.6024e-01 -2.1759e-02 -7.6192e-02 3.0707e-02 -1.0309e-01 -3.6383e-03 -5.9371e-03 8.2398e-03 -6.1475e-02 3.5853e-01 5.2182e-01 5.2535e-01 -6.7550e-02 -4.4149e-01 -1.5945e-01 1.0000e+00 -9.9462e-01 1.0000e+00 1.0000e+00 -1.5711e-01 -1.1057e-01 4.0923e-01 4.0720e-01 -4.2395e-01 -7.1938e-02 -9.6529e-02 -9.9452e-02 2.4636e-01 -9.5316e-03 -5.9459e-03 -3.5424e-03 2.1137e-02 2.1137e-02 1.1265e-02
-1.7850e-02 -1.2591e-02 2.6366e-02 3.1734e-02 -5.3033e-02 -4.6388e-02 -3.8299e-02 6.9238e-03 -3.0948e-02 6.5516e-02 -2.2248e-02 -8.6955e-02 1.1786e-02 -3.9221e-02 -3.4141e-02 2.4961e-02 8.0180e-02 1.6113e-01 -7.8470e-02 -5.5393e-02 -9.2050e-02 -4.0581e-02 8.0140e-02 8.5202e-02 3.2749e-02 -8.6446e-03 1.6024e-01 -2.1759e-02 -7.6192e-02 3.0707e-02 -1.0309e-01 -3.6383e-03 -5.9371e-03 8.2398e-03 -6.1475e-02 3.5853e-01 5.2182e-01 5.2535e-01 -6.7550e-02 -4.4149e-01 -1.5945e-01 1.0000e+00 -9.9462e-01 1.0000e+00 1.0000e+00 -1.5711e-01 -1.1057e-01 4.0923e-01 4.0720e-01 -4.2395e-01 -7.1938e-02 -9.6529e-02 -9.9452e-02 2.4636e-01 -9.5316e-03 -5.9459e-03 -3.5424e-03 2.1137e-02 2.1137e-02 1.1265e-02
-8.7581e-03 -1.0387e-03 1.4341e-02 -2.0546e-02 7.5146e-02 7.1759e-02 7.0331e-02 9.3114e-02 -1.5185e-02 -6.3270e-02 -3.8366e-02 -5.9043e-02 3.2033e-02 1.3582e-02 1.1216e-02 -3.3766e-02 1.4746e-02 -3.1768e-02 -1.5770e-02 2.6267e-02 1.2824e-02 3.1382e-02 1.6537e-02 8.5719e-03 -4.2983e-02 8.8821e-02 4.3802e-02 2.5213e-02 5.7586e-02 -4.0747e-02 1.2516e-01 1.1784e-01 1.1681e-01 -1.1578e-01 4.1473e-01 -1.5996e-01 -6.4016e-02 -6.4639e-02 4.9221e-01 -2.2320e-01 9.2625e-01 -1.5711e-01 1.5796e-01 -1.5711e-01 -1.5711e-01 1.0000e+00 9.3539e-01 -1.1088e-01 -1.0426e-01 1.1325e-01 4.5788e-01 6.5234e-01 2.4939e-02 1.1394e-01 1.1632e-01 4.5593e-02 4.6698e-02 5.4905e-02 5.4905e-02 5.4905e-02
-9.0814e-03 3.1445e-03 -1.4433e-02 -1.1246e-02 6.4252e-02 5.8454e-02 5.7012e-02 8.7982e-02 -1.5745e-02 -4.6842e-02 -4.8314e-03 -5.4274e-02 4.2649e-02 9.0981e-03 6.6259e-03 -1.6528e-02 3.6624e-02 1.6454e-04 -3.6398e-02 1.6944e-02 6.2921e-03 2.2218e-02 3.7240e-02 2.9813e-02 -6.0670e-02 5.0265e-02 5.5650e-02 5.2508e-02 8.2038e-02 -3.5833e-02 1.0054e-01 1.2198e-01 1.2091e-01 -1.1984e-01 3.9953e-01 -1.3795e-01 -1.0287e-02 -1.1141e-02 4.7407e-01 -2.2063e-01 8.6417e-01 -1.1057e-01 1.1160e-01 -1.1057e-01 -1.1057e-01 9.3539e-01 1.0000e+00 -1.0647e-01 -1.0013e-01 1.0892e-01 4.4158e-01 6.2890e-01 1.7895e-02 1.3846e-01 1.0855e-01 5.7239e-02 5.8368e-02 7.4284e-02 7.4284e-02 7.4284e-02
-3.6508e-02 -2.8530e-02 -1.6108e-02 -3.6379e-02 -3.0524e-02 -3.4682e-02 -3.0698e-02 3.9982e-02 1.0403e-02 2.6675e-02 -6.7226e-02 1.1317e-02 -4.0294e-02 -9.6821e-02 -8.9669e-02 -2.3325e-02 -4.2397e-02 6.3277e-02 3.5203e-02 -6.1196e-02 6.0219e-03 -5.2598e-02 -3.7560e-02 -3.9335e-02 -2.2429e-02 -1.0140e-01 2.0279e-01 7.4949e-02 8.9604e-02 1.5538e-01 6.0960e-02 1.1017e-01 1.0966e-01 -1.0505e-01 9.0356e-02 1.9983e-01 2.2385e-01 2.2570e-01 -1.7140e-01 -3.2338e-01 -1.4139e-01 4.0923e-01 -4.0274e-01 4.0923e-01 4.0923e-01 -1.1088e-01 -1.0647e-01 1.0000e+00 9.9594e-01 -9.9190e-01 -1.4714e-01 -2.2297e-01 -5.0021e-01 -2.0550e-01 -1.1254e-01 -8.8345e-02 -8.7587e-02 -7.0481e-02 -7.0481e-02 -7.4758e-02
-3.6657e-02 -3.0076e-02 -1.8639e-02 -3.8478e-02 -3.2394e-02 -3.7095e-02 -3.3121e-02 3.9511e-02 1.0189e-02 2.9810e-02 -6.9035e-02 9.6734e-03 -4.1304e-02 -9.8632e-02 -9.1517e-02 -2.4125e-02 -4.4184e-02 6.2855e-02 3.7063e-02 -6.0626e-02 1.1485e-02 -5.1948e-02 -3.9415e-02 -4.1172e-02 -1.8485e-02 -9.9847e-02 2.0332e-01 7.2984e-02 9.7236e-02 1.5390e-01 6.0562e-02 1.0944e-01 1.1302e-01 -1.0839e-01 8.9853e-02 2.0531e-01 2.2254e-01 2.2438e-01 -1.7219e-01 -3.2770e-01 -1.3491e-01 4.0720e-01 -4.0537e-01 4.0720e-01 4.0720e-01 -1.0426e-01 -1.0013e-01 9.9594e-01 1.0000e+00 -9.8780e-01 -1.4774e-01 -2.2388e-01 -5.0511e-01 -2.1303e-01 -1.1351e-01 -8.5594e-02 -8.4824e-02 -6.7708e-02 -6.7708e-02 -7.1987e-02
3.6807e-02 3.1623e-02 2.1174e-02 4.0581e-02 3.4266e-02 3.9512e-02 3.5548e-02 -3.9040e-02 -9.9756e-03 -3.2950e-02 4.9007e-02 -8.0281e-03 7.5081e-03 9.1668e-02 8.4557e-02 2.4926e-02 2.4080e-02 -6.2433e-02 -1.7649e-02 6.8195e-02 -3.3855e-03 5.9461e-02 1.9947e-02 2.1538e-02 1.4536e-02 9.8297e-02 -1.9576e-01 -7.1019e-02 -8.5443e-02 -1.5242e-01 -5.2071e-02 -1.0050e-01 -9.9953e-02 9.5298e-02 -8.9350e-02 -2.1081e-01 -2.2122e-01 -2.2305e-01 1.7297e-01 3.3204e-01 1.4383e-01 -4.2395e-01 4.1738e-01 -4.2395e-01 -4.2395e-01 1.1325e-01 1.0892e-01 -9.9190e-01 -9.8780e-01 1.0000e+00 1.4834e-01 2.2479e-01 5.1002e-01 2.0138e-01 1.1449e-01 9.5707e-02 9.4903e-02 7.7777e-02 7.7777e-02 8.2058e-02
-4.0101e-03 2.3448e-02 4.3832e-02 1.2239e-02 8.7853e-02 6.9021e-02 6.8279e-02 -1.5641e-02 -6.9527e-03 -6.5427e-02 8.7882e-03 -2.9548e-02 -3.1156e-02 3.1259e-02 3.0272e-02 -2.4842e-02 -5.5697e-02 -1.4546e-02 5.8137e-02 3.5241e-02 1.7260e-01 3.7650e-02 -5.7935e-02 -5.7328e-02 -8.1487e-02 5.0903e-02 1.0880e-01 -6.3525e-02 -6.7453e-02 -4.9835e-02 9.8157e-02 8.8158e-02 8.7714e-02 -8.7271e-02 -1.7638e-02 -7.8759e-02 -2.1019e-02 -2.1335e-02 7.0303e-01 -1.3046e-01 4.5116e-01 -7.1938e-02 7.2327e-02 -7.1938e-02 -7.1938e-02 4.5788e-01 4.4158e-01 -1.4714e-01 -1.4774e-01 1.4834e-01 1.0000e+00 6.5990e-01 1.1119e-01 6.9016e-02 3.4035e-01 8.8623e-02 8.9023e-02 8.9023e-02 8.9023e-02 8.9023e-02
-6.0769e-03 2.3448e-02 9.9506e-03 1.8547e-02 8.0311e-02 6.8058e-02 6.7023e-02 -2.3701e-02 -1.0536e-02 -8.2573e-02 2.4253e-03 -4.8586e-02 -9.2035e-04 9.4239e-03 7.7824e-03 -9.2134e-03 -1.1607e-02 -2.2043e-02 1.7356e-02 7.4023e-03 8.1086e-02 1.0920e-02 -1.6888e-02 -1.5473e-02 -6.7289e-02 4.6122e-02 1.1646e-01 -6.9498e-02 -8.9293e-02 1.8974e-02 1.1914e-01 1.1450e-01 1.1381e-01 -1.1312e-01 -2.6729e-02 -1.2214e-01 -3.6041e-02 -3.6504e-02 7.1564e-01 -1.8699e-01 6.4269e-01 -9.6529e-02 9.7153e-02 -9.6529e-02 -9.6529e-02 6.5234e-01 6.2890e-01 -2.2297e-01 -2.2388e-01 2.2479e-01 6.5990e-01 1.0000e+00 1.6849e-01 1.0459e-01 2.0501e-01 5.4449e-02 5.5180e-02 6.6569e-02 6.6569e-02 6.6569e-02
2.7588e-02 3.6491e-02 1.8207e-02 2.4006e-02 -5.1329e-02 -4.1158e-02 -4.6218e-02 -1.2412e-01 4.7832e-02 9.0083e-03 2.5282e-02 -2.9453e-02 -2.8600e-02 8.3650e-02 7.8407e-02 5.3669e-02 -8.0711e-02 8.2309e-02 6.6766e-02 8.3153e-02 -4.4153e-02 7.9730e-02 -7.4538e-02 -7.6665e-02 -8.2386e-02 4.4031e-03 -5.6874e-02 -1.7502e-01 -2.4331e-01 -1.7075e-01 -2.7277e-01 -2.5166e-01 -2.5651e-01 2.5317e-01 -1.1443e-01 -1.3002e-01 1.5874e-01 1.6086e-01 1.1140e-01 9.8863e-02 3.8970e-02 -9.9452e-02 1.0447e-01 -9.9452e-02 -9.9452e-02 2.4939e-02 1.7895e-02 -5.0021e-01 -5.0511e-01 5.1002e-01 1.1119e-01 1.6849e-01 1.0000e+00 6.1116e-01 6.7437e-02 1.2148e-01 1.1760e-01 1.2186e-01 1.2186e-01 1.1760e-01
1.7125e-02 -6.4568e-04 1.9214e-02 2.4754e-02 -3.0802e-02 -3.8479e-02 -3.5935e-02 -7.0135e-02 2.9690e-02 1.9356e-02 -1.8630e-02 -6.7450e-02 3.0508e-02 1.3162e-03 8.5675e-04 1.7916e-02 -7.8192e-02 6.2116e-02 7.1404e-02 7.3974e-02 -1.2545e-01 8.3572e-02 -7.9279e-02 -7.7826e-02 -1.3125e-01 1.6047e-01 4.2372e-02 -2.2082e-01 -3.0171e-01 -1.4300e-01 -2.7759e-01 -2.6680e-01 -2.6965e-01 2.6767e-01 7.5323e-02 3.1630e-02 1.4404e-01 1.4518e-01 7.7446e-02 -1.2588e-01 1.1665e-01 2.4636e-01 -2.4268e-01 2.4636e-01 2.4636e-01 1.1394e-01 1.3846e-01 -2.0550e-01 -2.1303e-01 2.0138e-01 6.9016e-02 1.0459e-01 6.1116e-01 1.0000e+00 1.1183e-01 1.0667e-01 9.9160e-02 1.1430e-01 1.1430e-01 1.0925e-01
-7.1377e-03 -2.5846e-03 4.2750e-02 4.1601e-02 4.1660e-02 -1.9023e-02 9.6916e-04 -2.7839e-02 7.2315e-02 -3.4216e-02 7.5955e-02 9.1212e-02 -1.5507e-02 1.7226e-02 2.5436e-02 4.8533e-03 -2.3754e-02 1.4998e-02 5.8015e-03 5.7471e-02 1.5927e-01 6.1745e-02 -5.4169e-02 -5.2746e-02 -8.2114e-02 5.0456e-02 4.6271e-02 -2.0676e-02 -3.0833e-02 -7.5112e-02 -1.9789e-02 -3.0823e-02 -3.1766e-02 3.2711e-02 -3.1395e-02 -5.4191e-02 -9.3994e-03 -1.0066e-02 2.4245e-01 -6.5903e-02 1.1314e-01 -9.5316e-03 1.0552e-02 -9.5316e-03 -9.5316e-03 1.1632e-01 1.0855e-01 -1.1254e-01 -1.1351e-01 1.1449e-01 3.4035e-01 2.0501e-01 6.7437e-02 1.1183e-01 1.0000e+00 9.8680e-02 9.9485e-02 9.9485e-02 9.9485e-02 9.9485e-02
-4.5249e-02 2.2545e-02 1.8259e-02 -1.9057e-02 3.1156e-03 1.4519e-02 1.7630e-02 -7.1584e-02 3.8125e-02 -2.0214e-02 4.2019e-02 5.0799e-02 -3.0784e-02 4.7314e-02 4.4285e-02 -2.1385e-02 -3.4703e-02 6.1002e-02 1.7342e-02 4.1664e-03 -7.1103e-02 -4.1742e-03 -3.0448e-02 -3.0553e-02 -1.2222e-02 5.2449e-02 -7.6218e-04 -1.3389e-01 -1.1118e-01 -3.2283e-02 -7.8427e-03 -1.9455e-03 8.8115e-04 -3.7125e-03 -2.7805e-02 -1.5948e-02 2.6114e-02 2.8179e-02 2.7786e-02 -4.7685e-02 5.0330e-02 -5.9459e-03 2.7050e-03 -5.9459e-03 -5.9459e-03 4.5593e-02 5.7239e-02 -8.8345e-02 -8.5594e-02 9.5707e-02 8.8623e-02 5.4449e-02 1.2148e-01 1.0667e-01 9.8680e-02 1.0000e+00 9.8648e-01 9.5491e-01 9.5491e-01 9.3688e-01
-4.5046e-02 1.7748e-02 1.1484e-02 -1.6841e-02 5.0592e-03 1.7014e-02 2.0133e-02 -7.0953e-02 3.8298e-02 -2.3465e-02 4.3815e-02 5.8480e-02 -3.8850e-02 5.8316e-02 5.5371e-02 -2.0525e-02 -4.4307e-02 6.1391e-02 2.6567e-02 3.5219e-03 -6.9602e-02 -4.8844e-03 -3.9685e-02 -3.9889e-02 -3.6723e-03 5.0673e-02 -1.1922e-03 -1.3156e-01 -1.0876e-01 -3.0574e-02 -7.3736e-03 -1.1021e-03 1.7381e-03 -4.5830e-03 -2.7175e-02 -1.2751e-02 2.7601e-02 2.9670e-02 2.8458e-02 -5.5967e-02 5.1445e-02 -3.5424e-03 2.9357e-04 -3.5424e-03 -3.5424e-03 4.6698e-02 5.8368e-02 -8.7587e-02 -8.4824e-02 9.4903e-02 8.9023e-02 5.5180e-02 1.1760e-01 9.9160e-02 9.9485e-02 9.8648e-01 1.0000e+00 9.5948e-01 9.5948e-01 9.4597e-01
-4.5046e-02 1.1379e-02 1.6184e-02 -1.6841e-02 5.0592e-03 1.2199e-02 1.5330e-02 -7.0953e-02 3.8298e-02 -1.4729e-02 5.5297e-02 5.2457e-02 -3.8850e-02 4.4469e-02 3.6838e-02 -3.1765e-02 -2.7040e-02 6.1391e-02 9.7861e-03 -7.5713e-04 -6.9602e-02 -9.1759e-03 -2.2866e-02 -2.2952e-02 -3.6723e-03 2.6150e-02 3.0609e-03 -1.2627e-01 -1.1387e-01 -4.3026e-02 -1.5885e-02 -5.4159e-03 -2.5793e-03 -2.6201e-04 -4.2716e-02 -3.9347e-03 5.4097e-02 5.6067e-02 2.8458e-02 -6.4432e-02 4.3340e-02 2.1137e-02 -2.4317e-02 2.1137e-02 2.1137e-02 5.4905e-02 7.4284e-02 -7.0481e-02 -6.7708e-02 7.7777e-02 8.9023e-02 6.6569e-02 1.2186e-01 1.1430e-01 9.9485e-02 9.5491e-01 9.5948e-01 1.0000e+00 1.0000e+00 9.7749e-01
