1.0000e+00 1.0000e+00 9.9748e-01 9.9747e-01 9.9497e-01 9.9748e-01 9.6196e-01 9.5188e-01 9.5690e-01 9.4681e-01 8.4418e-01 9.1873e-01 3.6483e-01 3.6869e-01 2.0029e-01 -3.3177e-02 -2.6629e-02 -2.6629e-02 -3.0288e-02 9.0252e-02 -3.0288e-02 -3.0288e-02 8.4796e-02 -2.8894e-02 -2.8894e-02 -2.7504e-02 -3.0288e-02 -2.8894e-02 -6.6068e-02 -6.6068e-02 7.2413e-02 7.2413e-02 -6.6068e-02 -6.6068e-02 -6.7280e-02 -5.9323e-02 -6.2684e-02 7.2413e-02 -2.0428e-02 -2.0428e-02 5.1940e-02 8.2186e-02 2.1116e-02 1.6273e-02 -1.2818e-02 -1.0130e-02 -1.3579e-02 -1.3289e-02 -3.7544e-02 2.7070e-02 -5.8766e-02 1.4678e-02
1.0000e+00 1.0000e+00 9.9748e-01 9.9747e-01 9.9497e-01 9.9748e-01 9.6196e-01 9.5188e-01 9.5690e-01 9.4681e-01 8.4418e-01 9.1873e-01 3.6483e-01 3.6869e-01 2.0029e-01 -3.3177e-02 -2.6629e-02 -2.6629e-02 -3.0288e-02 9.0252e-02 -3.0288e-02 -3.0288e-02 8.4796e-02 -2.8894e-02 -2.8894e-02 -2.7504e-02 -3.0288e-02 -2.8894e-02 -6.6068e-02 -6.6068e-02 7.2413e-02 7.2413e-02 -6.6068e-02 -6.6068e-02 -6.7280e-02 -5.9323e-02 -6.2684e-02 7.2413e-02 -2.0428e-02 -2.0428e-02 5.1940e-02 8.2186e-02 2.1116e-02 1.6273e-02 -1.2818e-02 -1.0130e-02 -1.3579e-02 -1.3289e-02 -3.7544e-02 2.7070e-02 -5.8766e-02 1.4678e-02
9.9748e-01 9.9748e-01 1.0000e+00 9.9496e-01 9.9749e-01 9.9496e-01 9.5951e-01 9.5449e-01 9.5444e-01 9.4943e-01 8.4202e-01 9.1632e-01 3.6129e-01 3.6523e-01 1.9972e-01 -3.1320e-02 -2.5243e-02 -2.5243e-02 -2.8894e-02 9.1051e-02 -2.8894e-02 -2.8894e-02 8.5620e-02 -2.7498e-02 -2.7498e-02 -2.6106e-02 -2.8894e-02 -2.7498e-02 -6.4335e-02 -6.4335e-02 7.3236e-02 7.3236e-02 -6.4335e-02 -6.4335e-02 -6.9945e-02 -5.7669e-02 -6.0959e-02 7.3236e-02 -1.9258e-02 -1.9258e-02 5.2738e-02 8.3114e-02 1.8594e-02 1.3737e-02 -1.6727e-02 -8.5160e-03 -1.6682e-02 -1.1973e-02 -3.6392e-02 2.9004e-02 -5.9678e-02 1.3617e-02
9.9747e-01 9.9747e-01 9.9496e-01 1.0000e+00 9.9246e-01 9.9496e-01 9.6442e-01 9.4927e-01 9.5427e-01 9.4419e-01 8.4635e-01 9.2114e-01 3.6365e-01 3.7216e-01 2.0086e-01 -3.5038e-02 -2.8019e-02 -2.8019e-02 -3.1686e-02 8.9452e-02 -3.1686e-02 -3.1686e-02 8.3971e-02 -3.0294e-02 -3.0294e-02 -2.8905e-02 -3.1686e-02 -3.0294e-02 -6.7805e-02 -6.7805e-02 7.1588e-02 7.1588e-02 -6.7805e-02 -6.7805e-02 -6.9189e-02 -6.0981e-02 -6.4414e-02 7.1588e-02 -2.1601e-02 -2.1601e-02 5.1141e-02 8.1256e-02 1.9131e-02 1.4299e-02 -1.4113e-02 -1.1749e-02 -1.5205e-02 -1.4608e-02 -3.8698e-02 2.5132e-02 -5.7852e-02 9.8901e-03
9.9497e-01 9.9497e-01 9.9749e-01 9.9246e-01 1.0000e+00 9.9245e-01 9.5707e-01 9.5710e-01 9.5200e-01 9.4698e-01 8.3986e-01 9.1393e-01 3.5776e-01 3.6178e-01 1.9916e-01 -3.4035e-02 -2.3860e-02 -2.3860e-02 -2.7504e-02 9.1848e-02 -2.7504e-02 -2.7504e-02 8.6442e-02 -2.6106e-02 -2.6106e-02 -2.4712e-02 -2.7504e-02 -3.1139e-02 -6.2606e-02 -6.2606e-02 7.4058e-02 7.4058e-02 -6.2606e-02 -6.2606e-02 -7.2605e-02 -5.6020e-02 -5.9238e-02 7.4058e-02 -1.8091e-02 -1.8091e-02 5.3535e-02 8.4040e-02 2.0576e-02 1.5708e-02 -1.5432e-02 -6.9054e-03 -1.5058e-02 -1.0660e-02 -3.5244e-02 2.6425e-02 -5.4507e-02 1.2557e-02
9.9748e-01 9.9748e-01 9.9496e-01 9.9496e-01 9.9245e-01 1.0000e+00 9.5951e-01 9.4943e-01 9.5444e-01 9.4436e-01 8.4202e-01 9.1632e-01 3.6601e-01 3.6991e-01 1.9972e-01 -3.1320e-02 -2.5243e-02 -2.5243e-02 -2.8894e-02 9.1051e-02 -2.8894e-02 -2.8894e-02 8.5620e-02 -2.7498e-02 -2.7498e-02 -2.6106e-02 -2.8894e-02 -2.7498e-02 -6.4335e-02 -6.4335e-02 7.3236e-02 7.3236e-02 -6.4335e-02 -6.4335e-02 -6.9945e-02 -5.7669e-02 -6.0959e-02 7.3236e-02 -1.9258e-02 -1.9258e-02 5.2738e-02 8.3114e-02 1.8594e-02 1.3737e-02 -1.1527e-02 -8.5160e-03 -1.1957e-02 -1.1973e-02 -3.6392e-02 2.9004e-02 -5.9678e-02 1.3617e-02
9.6196e-01 9.6196e-01 9.5951e-01 9.6442e-01 9.5707e-01 9.5951e-01 1.0000e+00 9.8472e-01 9.8977e-01 9.7961e-01 8.8149e-01 9.4615e-01 3.5654e-01 3.6483e-01 2.0433e-01 -2.7838e-02 -2.1135e-02 -2.1135e-02 -2.4867e-02 9.1131e-02 -2.4867e-02 -2.4867e-02 8.5404e-02 -2.3503e-02 -2.3503e-02 -2.2143e-02 -2.4867e-02 -2.3503e-02 -5.9426e-02 -5.9426e-02 7.3097e-02 7.3097e-02 -5.9426e-02 -5.9426e-02 -6.2295e-02 -5.1858e-02 -5.5976e-02 7.3097e-02 -1.1991e-02 -1.1991e-02 5.3067e-02 6.9668e-02 2.5306e-02 2.0553e-02 -6.1993e-03 -2.4483e-03 -5.9646e-03 -1.2190e-02 -3.4322e-02 3.1637e-02 -6.4623e-02 1.6290e-02
9.5188e-01 9.5188e-01 9.5449e-01 9.4927e-01 9.5710e-01 9.4943e-01 9.8472e-01 1.0000e+00 9.9491e-01 9.8983e-01 8.7249e-01 9.4643e-01 3.5653e-01 3.6031e-01 2.0200e-01 -2.4991e-02 -1.5586e-02 -1.5586e-02 -1.9286e-02 9.4324e-02 -1.9286e-02 -1.9286e-02 8.8700e-02 -1.7915e-02 -1.7915e-02 -1.6547e-02 -1.9286e-02 -2.2978e-02 -5.2484e-02 -5.2484e-02 7.6392e-02 7.6392e-02 -5.2484e-02 -5.2484e-02 -6.3840e-02 -4.5240e-02 -4.9065e-02 7.6392e-02 -7.3275e-03 -7.3275e-03 5.6262e-02 7.3446e-02 2.8720e-02 2.3920e-02 -6.2630e-03 4.0042e-03 -4.2278e-03 -6.9045e-03 -2.9705e-02 3.4848e-02 -6.2136e-02 1.2013e-02
9.5690e-01 9.5690e-01 9.5444e-01 9.5427e-01 9.5200e-01 9.5444e-01 9.8977e-01 9.9491e-01 1.0000e+00 9.8982e-01 8.7697e-01 9.5139e-01 3.6367e-01 3.6727e-01 2.0316e-01 -2.4108e-02 -1.8354e-02 -1.8354e-02 -2.2070e-02 9.2730e-02 -2.2070e-02 -2.2070e-02 8.7055e-02 -2.0702e-02 -2.0702e-02 -1.9338e-02 -2.2070e-02 -2.0702e-02 -5.5946e-02 -5.5946e-02 7.4748e-02 7.4748e-02 -5.5946e-02 -5.5946e-02 -5.8467e-02 -4.8540e-02 -5.2512e-02 7.4748e-02 -9.6534e-03 -9.6534e-03 5.4668e-02 7.1561e-02 2.9284e-02 2.4510e-02 -3.6127e-03 7.8571e-04 -2.7149e-03 -9.5409e-03 -3.2008e-02 3.5519e-02 -6.6442e-02 1.4146e-02
9.4681e-01 9.4681e-01 9.4943e-01 9.4419e-01 9.4698e-01 9.4436e-01 9.7961e-01 9.8983e-01 9.8982e-01 1.0000e+00 8.7249e-01 9.4133e-01 3.5179e-01 3.5560e-01 2.0200e-01 -2.0397e-02 -2.0661e-02 -2.0661e-02 -2.4355e-02 9.4324e-02 -2.4355e-02 -2.4355e-02 8.8700e-02 -2.2978e-02 -2.2978e-02 -2.1604e-02 -2.4355e-02 -2.2978e-02 -5.2484e-02 -5.2484e-02 7.6392e-02 7.6392e-02 -5.2484e-02 -5.2484e-02 -6.3840e-02 -4.5240e-02 -4.9065e-02 7.6392e-02 -1.2870e-02 -1.2870e-02 5.6262e-02 7.3446e-02 2.4195e-02 1.9392e-02 -1.1487e-02 4.0042e-03 -4.2278e-03 -1.2080e-02 -3.5360e-02 3.9383e-02 -7.4371e-02 2.3746e-02
8.4418e-01 8.4418e-01 8.4202e-01 8.4635e-01 8.3986e-01 8.4202e-01 8.8149e-01 8.7249e-01 8.7697e-01 8.7249e-01 1.0000e+00 8.4101e-01 3.2385e-01 3.3029e-01 2.1686e-01 -5.1716e-02 -4.8594e-02 -4.8594e-02 -5.2773e-02 8.8911e-02 -5.2773e-02 -5.2773e-02 9.5094e-02 -5.1527e-02 -5.1527e-02 -5.0285e-02 -5.2773e-02 -5.1527e-02 -7.6177e-02 -7.6177e-02 8.3252e-02 8.3252e-02 -7.6177e-02 -7.6177e-02 -5.9344e-02 -6.3841e-02 -7.2294e-02 8.3252e-02 -2.5454e-02 -2.5454e-02 6.6248e-02 8.2986e-02 3.3735e-02 3.4373e-02 -1.1086e-02 -7.2518e-03 -6.1364e-03 -1.9115e-02 -3.4474e-02 4.2611e-02 -6.8222e-02 3.9915e-03
9.1873e-01 9.1873e-01 9.1632e-01 9.2114e-01 9.1393e-01 9.1632e-01 9.4615e-01 9.4643e-01 9.5139e-01 9.4133e-01 8.4101e-01 1.0000e+00 3.8631e-01 3.9438e-01 2.0375e-01 -3.9804e-02 -2.9928e-02 -2.9928e-02 -3.3640e-02 8.5431e-02 -3.3640e-02 -3.3640e-02 7.9824e-02 -3.2263e-02 -3.2263e-02 -3.0889e-02 -3.3640e-02 -3.2263e-02 -6.7122e-02 -6.7122e-02 6.7442e-02 6.7442e-02 -6.7122e-02 -6.7122e-02 -6.9593e-02 -5.4982e-02 -6.3686e-02 6.7442e-02 -1.6383e-02 -1.6383e-02 4.7119e-02 6.4648e-02 1.3676e-02 8.8997e-03 -4.9044e-03 -1.5131e-02 -1.8630e-02 -2.1253e-02 -3.3163e-02 1.9925e-02 -5.9394e-02 -2.4463e-03
3.6483e-01 3.6483e-01 3.6129e-01 3.6365e-01 3.5776e-01 3.6601e-01 3.5654e-01 3.5653e-01 3.6367e-01 3.5179e-01 3.2385e-01 3.8631e-01 1.0000e+00 9.6747e-01 7.8615e-02 3.0083e-02 -2.2680e-02 -2.2680e-02 -2.4262e-02 3.9658e-04 -2.4262e-02 -2.4262e-02 2.1793e-03 -2.5840e-02 -2.5840e-02 -1.7976e-02 -2.4262e-02 -2.1115e-02 -4.5020e-03 -4.5020e-03 -1.6535e-03 -1.6535e-03 -4.5020e-03 -4.5020e-03 -2.4266e-02 -5.4577e-03 -3.0119e-03 -1.6535e-03 -1.5785e-02 -1.5785e-02 9.1088e-04 -2.8591e-02 -5.1943e-02 -4.6244e-02 -3.8860e-02 -2.6273e-02 -2.3330e-02 -5.9654e-02 -4.9149e-02 -2.4982e-02 -5.6672e-02 -2.0844e-02
3.6869e-01 3.6869e-01 3.6523e-01 3.7216e-01 3.6178e-01 3.6991e-01 3.6483e-01 3.6031e-01 3.6727e-01 3.5560e-01 3.3029e-01 3.9438e-01 9.6747e-01 1.0000e+00 8.1972e-02 3.3352e-02 -1.0695e-02 -1.0695e-02 -1.2337e-02 7.4514e-03 -1.2337e-02 -1.2337e-02 8.7352e-03 -1.3976e-02 -1.3976e-02 -6.2544e-03 -1.2337e-02 -9.2923e-03 1.6259e-03 1.6259e-03 5.3211e-03 5.3211e-03 1.6259e-03 1.6259e-03 -2.0635e-02 -2.5078e-03 3.1631e-03 5.3211e-03 -3.8582e-03 -3.8582e-03 9.1963e-03 -7.7086e-03 -2.9681e-02 -2.3794e-02 -2.4948e-02 -5.8578e-03 -3.0119e-03 -3.6544e-02 -4.1179e-02 -1.0751e-02 -4.9989e-02 -1.8892e-02
2.0029e-01 2.0029e-01 1.9972e-01 2.0086e-01 1.9916e-01 1.9972e-01 2.0433e-01 2.0200e-01 2.0316e-01 2.0200e-01 2.1686e-01 2.0375e-01 7.8615e-02 8.1972e-02 1.0000e+00 -1.2849e-01 -1.7018e-01 -1.7018e-01 -1.6965e-01 -1.7943e-02 -1.6965e-01 -1.6965e-01 -1.5575e-02 -1.6912e-01 -1.6912e-01 -1.6859e-01 -1.6965e-01 -1.6912e-01 -1.1676e-01 -1.1676e-01 -1.7464e-02 -1.7464e-02 -1.1676e-01 -1.1676e-01 -1.0003e-01 -1.2468e-01 -1.1715e-01 -1.7464e-02 -1.5797e-01 -1.5797e-01 -2.3965e-02 1.4469e-02 -8.4824e-02 -8.6099e-02 -1.5157e-01 -1.0830e-01 -1.0791e-01 -1.4777e-01 -1.8240e-01 -1.0173e-01 -4.7018e-02 1.1281e-03
-3.3177e-02 -3.3177e-02 -3.1320e-02 -3.5038e-02 -3.4035e-02 -3.1320e-02 -2.7838e-02 -2.4991e-02 -2.4108e-02 -2.0397e-02 -5.1716e-02 -3.9804e-02 3.0083e-02 3.3352e-02 -1.2849e-01 1.0000e+00 7.4550e-01 7.4550e-01 7.4739e-01 4.9694e-01 7.4739e-01 7.4739e-01 5.0715e-01 7.4470e-01 7.4470e-01 7.4203e-01 7.4739e-01 7.4928e-01 8.6843e-01 8.6843e-01 4.8733e-01 4.8733e-01 8.6843e-01 8.6843e-01 7.8023e-01 8.2858e-01 8.6643e-01 4.8733e-01 6.0027e-01 6.0027e-01 4.5991e-01 2.1919e-01 3.9996e-01 4.1092e-01 4.6620e-01 5.2097e-01 5.1889e-01 4.0210e-01 4.8670e-01 3.5167e-01 -5.2974e-02 8.2511e-02
-2.6629e-02 -2.6629e-02 -2.5243e-02 -2.8019e-02 -2.3860e-02 -2.5243e-02 -2.1135e-02 -1.5586e-02 -1.8354e-02 -2.0661e-02 -4.8594e-02 -2.9928e-02 -2.2680e-02 -1.0695e-02 -1.7018e-01 7.4550e-01 1.0000e+00 1.0000e+00 9.9747e-01 6.6659e-01 9.9747e-01 9.9747e-01 6.8027e-01 9.9496e-01 9.9496e-01 9.9246e-01 9.9747e-01 9.9496e-01 7.1052e-01 7.1052e-01 6.5001e-01 6.5001e-01 7.1052e-01 7.1052e-01 6.3708e-01 6.5076e-01 7.1223e-01 6.5001e-01 8.0677e-01 8.0677e-01 6.1980e-01 3.5765e-01 4.3674e-01 4.4199e-01 6.4477e-01 5.1882e-01 5.1245e-01 5.7228e-01 6.5368e-01 3.8659e-01 1.1278e-01 1.6569e-01
-2.6629e-02 -2.6629e-02 -2.5243e-02 -2.8019e-02 -2.3860e-02 -2.5243e-02 -2.1135e-02 -1.5586e-02 -1.8354e-02 -2.0661e-02 -4.8594e-02 -2.9928e-02 -2.2680e-02 -1.0695e-02 -1.7018e-01 7.4550e-01 1.0000e+00 1.0000e+00 9.9747e-01 6.6659e-01 9.9747e-01 9.9747e-01 6.8027e-01 9.9496e-01 9.9496e-01 9.9246e-01 9.9747e-01 9.9496e-01 7.1052e-01 7.1052e-01 6.5001e-01 6.5001e-01 7.1052e-01 7.1052e-01 6.3708e-01 6.5076e-01 7.1223e-01 6.5001e-01 8.0677e-01 8.0677e-01 6.1980e-01 3.5765e-01 4.3674e-01 4.4199e-01 6.4477e-01 5.1882e-01 5.1245e-01 5.7228e-01 6.5368e-01 3.8659e-01 1.1278e-01 1.6569e-01
-3.0288e-02 -3.0288e-02 -2.8894e-02 -3.1686e-02 -2.7504e-02 -2.8894e-02 -2.4867e-02 -1.9286e-02 -2.2070e-02 -2.4355e-02 -5.2773e-02 -3.3640e-02 -2.4262e-02 -1.2337e-02 -1.6965e-01 7.4739e-01 9.9747e-01 9.9747e-01 1.0000e+00 6.6491e-01 1.0000e+00 1.0000e+00 6.7856e-01 9.9748e-01 9.9748e-01 9.9497e-01 1.0000e+00 9.9748e-01 7.1271e-01 7.1271e-01 6.4834e-01 6.4834e-01 7.1271e-01 7.1271e-01 6.3909e-01 6.5317e-01 7.1443e-01 6.4834e-01 8.1020e-01 8.1020e-01 6.1821e-01 3.5621e-01 4.3873e-01 4.4399e-01 6.4794e-01 5.2135e-01 5.1497e-01 5.7546e-01 6.5745e-01 3.8869e-01 1.1363e-01 1.6654e-01
9.0252e-02 9.0252e-02 9.1051e-02 8.9452e-02 9.1848e-02 9.1051e-02 9.1131e-02 9.4324e-02 9.2730e-02 9.4324e-02 8.8911e-02 8.5431e-02 3.9658e-04 7.4514e-03 -1.7943e-02 4.9694e-01 6.6659e-01 6.6659e-01 6.6491e-01 1.0000e+00 6.6491e-01 6.6491e-01 9.7988e-01 6.6323e-01 6.6323e-01 6.6156e-01 6.6491e-01 6.6323e-01 5.1561e-01 5.1561e-01 9.3011e-01 9.3011e-01 5.1561e-01 5.1561e-01 4.6566e-01 5.3977e-01 5.1678e-01 9.3011e-01 6.5432e-01 6.5432e-01 8.8142e-01 5.4217e-01 2.9503e-01 2.9853e-01 4.7489e-01 3.9444e-01 3.9331e-01 4.2446e-01 5.2032e-01 3.0384e-01 6.7820e-02 1.5112e-01
-3.0288e-02 -3.0288e-02 -2.8894e-02 -3.1686e-02 -2.7504e-02 -2.8894e-02 -2.4867e-02 -1.9286e-02 -2.2070e-02 -2.4355e-02 -5.2773e-02 -3.3640e-02 -2.4262e-02 -1.2337e-02 -1.6965e-01 7.4739e-01 9.9747e-01 9.9747e-01 1.0000e+00 6.6491e-01 1.0000e+00 1.0000e+00 6.7856e-01 9.9748e-01 9.9748e-01 9.9497e-01 1.0000e+00 9.9748e-01 7.1271e-01 7.1271e-01 6.4834e-01 6.4834e-01 7.1271e-01 7.1271e-01 6.3909e-01 6.5317e-01 7.1443e-01 6.4834e-01 8.1020e-01 8.1020e-01 6.1821e-01 3.5621e-01 4.3873e-01 4.4399e-01 6.4794e-01 5.2135e-01 5.1497e-01 5.7546e-01 6.5745e-01 3.8869e-01 1.1363e-01 1.6654e-01
-3.0288e-02 -3.0288e-02 -2.8894e-02 -3.1686e-02 -2.7504e-02 -2.8894e-02 -2.4867e-02 -1.9286e-02 -2.2070e-02 -2.4355e-02 -5.2773e-02 -3.3640e-02 -2.4262e-02 -1.2337e-02 -1.6965e-01 7.4739e-01 9.9747e-01 9.9747e-01 1.0000e+00 6.6491e-01 1.0000e+00 1.0000e+00 6.7856e-01 9.9748e-01 9.9748e-01 9.9497e-01 1.0000e+00 9.9748e-01 7.1271e-01 7.1271e-01 6.4834e-01 6.4834e-01 7.1271e-01 7.1271e-01 6.3909e-01 6.5317e-01 7.1443e-01 6.4834e-01 8.1020e-01 8.1020e-01 6.1821e-01 3.5621e-01 4.3873e-01 4.4399e-01 6.4794e-01 5.2135e-01 5.1497e-01 5.7546e-01 6.5745e-01 3.8869e-01 1.1363e-01 1.6654e-01
8.4796e-02 8.4796e-02 8.5620e-02 8.3971e-02 8.6442e-02 8.5620e-02 8.5404e-02 8.8700e-02 8.7055e-02 8.8700e-02 9.5094e-02 7.9824e-02 2.1793e-03 8.7352e-03 -1.5575e-02 5.0715e-01 6.8027e-01 6.8027e-01 6.7856e-01 9.7988e-01 6.7856e-01 6.7856e-01 1.0000e+00 6.7685e-01 6.7685e-01 6.7515e-01 6.7856e-01 6.7685e-01 5.2724e-01 5.2724e-01 9.5150e-01 9.5150e-01 5.2724e-01 5.2724e-01 4.7624e-01 5.5191e-01 5.2843e-01 9.5150e-01 6.7244e-01 6.7244e-01 9.0550e-01 5.3536e-01 3.0653e-01 3.1010e-01 4.9278e-01 4.0845e-01 4.0730e-01 4.4262e-01 5.4132e-01 3.1552e-01 7.3024e-02 1.5553e-01
-2.8894e-02 -2.8894e-02 -2.7498e-02 -3.0294e-02 -2.6106e-02 -2.7498e-02 -2.3503e-02 -1.7915e-02 -2.0702e-02 -2.2978e-02 -5.1527e-02 -3.2263e-02 -2.5840e-02 -1.3976e-02 -1.6912e-01 7.4470e-01 9.9496e-01 9.9496e-01 9.9748e-01 6.6323e-01 9.9748e-01 9.9748e-01 6.7685e-01 1.0000e+00 1.0000e+00 9.9245e-01 9.9748e-01 9.9496e-01 7.1023e-01 7.1023e-01 6.4668e-01 6.4668e-01 7.1023e-01 7.1023e-01 6.3652e-01 6.5082e-01 7.1195e-01 6.4668e-01 8.0812e-01 8.0812e-01 6.1664e-01 3.5477e-01 4.4072e-01 4.4600e-01 6.4592e-01 5.1914e-01 5.1277e-01 5.7349e-01 6.5558e-01 3.9079e-01 1.0839e-01 1.6739e-01
-2.8894e-02 -2.8894e-02 -2.7498e-02 -3.0294e-02 -2.6106e-02 -2.7498e-02 -2.3503e-02 -1.7915e-02 -2.0702e-02 -2.2978e-02 -5.1527e-02 -3.2263e-02 -2.5840e-02 -1.3976e-02 -1.6912e-01 7.4470e-01 9.9496e-01 9.9496e-01 9.9748e-01 6.6323e-01 9.9748e-01 9.9748e-01 6.7685e-01 1.0000e+00 1.0000e+00 9.9245e-01 9.9748e-01 9.9496e-01 7.1023e-01 7.1023e-01 6.4668e-01 6.4668e-01 7.1023e-01 7.1023e-01 6.3652e-01 6.5082e-01 7.1195e-01 6.4668e-01 8.0812e-01 8.0812e-01 6.1664e-01 3.5477e-01 4.4072e-01 4.4600e-01 6.4592e-01 5.1914e-01 5.1277e-01 5.7349e-01 6.5558e-01 3.9079e-01 1.0839e-01 1.6739e-01
-2.7504e-02 -2.7504e-02 -2.6106e-02 -2.8905e-02 -2.4712e-02 -2.6106e-02 -2.2143e-02 -1.6547e-02 -1.9338e-02 -2.1604e-02 -5.0285e-02 -3.0889e-02 -1.7976e-02 -6.2544e-03 -1.6859e-01 7.4203e-01 9.9246e-01 9.9246e-01 9.9497e-01 6.6156e-01 9.9497e-01 9.9497e-01 6.7515e-01 9.9245e-01 9.9245e-01 1.0000e+00 9.9497e-01 9.9245e-01 7.0776e-01 7.0776e-01 6.4503e-01 6.4503e-01 7.0776e-01 7.0776e-01 6.3396e-01 6.4849e-01 7.0948e-01 6.4503e-01 8.0604e-01 8.0604e-01 6.1507e-01 3.5334e-01 4.3371e-01 4.3899e-01 6.4390e-01 5.1694e-01 5.1057e-01 5.7153e-01 6.5371e-01 3.8387e-01 1.1533e-01 1.6824e-01
-3.0288e-02 -3.0288e-02 -2.8894e-02 -3.1686e-02 -2.7504e-02 -2.8894e-02 -2.4867e-02 -1.9286e-02 -2.2070e-02 -2.4355e-02 -5.2773e-02 -3.3640e-02 -2.4262e-02 -1.2337e-02 -1.6965e-01 7.4739e-01 9.9747e-01 9.9747e-01 1.0000e+00 6.6491e-01 1.0000e+00 1.0000e+00 6.7856e-01 9.9748e-01 9.9748e-01 9.9497e-01 1.0000e+00 9.9748e-01 7.1271e-01 7.1271e-01 6.4834e-01 6.4834e-01 7.1271e-01 7.1271e-01 6.3909e-01 6.5317e-01 7.1443e-01 6.4834e-01 8.1020e-01 8.1020e-01 6.1821e-01 3.5621e-01 4.3873e-01 4.4399e-01 6.4794e-01 5.2135e-01 5.1497e-01 5.7546e-01 6.5745e-01 3.8869e-01 1.1363e-01 1.6654e-01
-2.8894e-02 -2.8894e-02 -2.7498e-02 -3.0294e-02 -3.1139e-02 -2.7498e-02 -2.3503e-02 -2.2978e-02 -2.0702e-02 -2.2978e-02 -5.1527e-02 -3.2263e-02 -2.1115e-02 -9.2923e-03 -1.6912e-01 7.4928e-01 9.9496e-01 9.9496e-01 9.9748e-01 6.6323e-01 9.9748e-01 9.9748e-01 6.7685e-01 9.9496e-01 9.9496e-01 9.9245e-01 9.9748e-01 1.0000e+00 7.1023e-01 7.1023e-01 6.4668e-01 6.4668e-01 7.1023e-01 7.1023e-01 6.4109e-01 6.5082e-01 7.1195e-01 6.4668e-01 8.0812e-01 8.0812e-01 6.1664e-01 3.5477e-01 4.3622e-01 4.4149e-01 6.4592e-01 5.1914e-01 5.1277e-01 5.7349e-01 6.5558e-01 3.9079e-01 1.0839e-01 1.6739e-01
-6.6068e-02 -6.6068e-02 -6.4335e-02 -6.7805e-02 -6.2606e-02 -6.4335e-02 -5.9426e-02 -5.2484e-02 -5.5946e-02 -5.2484e-02 -7.6177e-02 -6.7122e-02 -4.5020e-03 1.6259e-03 -1.1676e-01 8.6843e-01 7.1052e-01 7.1052e-01 7.1271e-01 5.1561e-01 7.1271e-01 7.1271e-01 5.2724e-01 7.1023e-01 7.1023e-01 7.0776e-01 7.1271e-01 7.1023e-01 1.0000e+00 1.0000e+00 5.4780e-01 5.4780e-01 1.0000e+00 1.0000e+00 9.0714e-01 9.5689e-01 9.9783e-01 5.4780e-01 6.7658e-01 6.7658e-01 5.1823e-01 2.2220e-01 4.6204e-01 4.7257e-01 5.2450e-01 5.7236e-01 5.7040e-01 4.1207e-01 5.3818e-01 4.1510e-01 -1.1126e-01 1.1226e-01
-6.6068e-02 -6.6068e-02 -6.4335e-02 -6.7805e-02 -6.2606e-02 -6.4335e-02 -5.9426e-02 -5.2484e-02 -5.5946e-02 -5.2484e-02 -7.6177e-02 -6.7122e-02 -4.5020e-03 1.6259e-03 -1.1676e-01 8.6843e-01 7.1052e-01 7.1052e-01 7.1271e-01 5.1561e-01 7.1271e-01 7.1271e-01 5.2724e-01 7.1023e-01 7.1023e-01 7.0776e-01 7.1271e-01 7.1023e-01 1.0000e+00 1.0000e+00 5.4780e-01 5.4780e-01 1.0000e+00 1.0000e+00 9.0714e-01 9.5689e-01 9.9783e-01 5.4780e-01 6.7658e-01 6.7658e-01 5.1823e-01 2.2220e-01 4.6204e-01 4.7257e-01 5.2450e-01 5.7236e-01 5.7040e-01 4.1207e-01 5.3818e-01 4.1510e-01 -1.1126e-01 1.1226e-01
7.2413e-02 7.2413e-02 7.3236e-02 7.1588e-02 7.4058e-02 7.3236e-02 7.3097e-02 7.6392e-02 7.4748e-02 7.6392e-02 8.3252e-02 6.7442e-02 -1.6535e-03 5.3211e-03 -1.7464e-02 4.8733e-01 6.5001e-01 6.5001e-01 6.4834e-01 9.3011e-01 6.4834e-01 6.4834e-01 9.5150e-01 6.4668e-01 6.4668e-01 6.4503e-01 6.4834e-01 6.4668e-01 5.4780e-01 5.4780e-01 1.0000e+00 1.0000e+00 5.4780e-01 5.4780e-01 4.9693e-01 5.7247e-01 5.4899e-01 1.0000e+00 7.0019e-01 7.0019e-01 9.4604e-01 5.6191e-01 3.2607e-01 3.2961e-01 5.0503e-01 4.2139e-01 4.2024e-01 4.5441e-01 5.5327e-01 3.3498e-01 6.1104e-02 1.5945e-01
7.2413e-02 7.2413e-02 7.3236e-02 7.1588e-02 7.4058e-02 7.3236e-02 7.3097e-02 7.6392e-02 7.4748e-02 7.6392e-02 8.3252e-02 6.7442e-02 -1.6535e-03 5.3211e-03 -1.7464e-02 4.8733e-01 6.5001e-01 6.5001e-01 6.4834e-01 9.3011e-01 6.4834e-01 6.4834e-01 9.5150e-01 6.4668e-01 6.4668e-01 6.4503e-01 6.4834e-01 6.4668e-01 5.4780e-01 5.4780e-01 1.0000e+00 1.0000e+00 5.4780e-01 5.4780e-01 4.9693e-01 5.7247e-01 5.4899e-01 1.0000e+00 7.0019e-01 7.0019e-01 9.4604e-01 5.6191e-01 3.2607e-01 3.2961e-01 5.0503e-01 4.2139e-01 4.2024e-01 4.5441e-01 5.5327e-01 3.3498e-01 6.1104e-02 1.5945e-01
-6.6068e-02 -6.6068e-02 -6.4335e-02 -6.7805e-02 -6.2606e-02 -6.4335e-02 -5.9426e-02 -5.2484e-02 -5.5946e-02 -5.2484e-02 -7.6177e-02 -6.7122e-02 -4.5020e-03 1.6259e-03 -1.1676e-01 8.6843e-01 7.1052e-01 7.1052e-01 7.1271e-01 5.1561e-01 7.1271e-01 7.1271e-01 5.2724e-01 7.1023e-01 7.1023e-01 7.0776e-01 7.1271e-01 7.1023e-01 1.0000e+00 1.0000e+00 5.4780e-01 5.4780e-01 1.0000e+00 1.0000e+00 9.0714e-01 9.5689e-01 9.9783e-01 5.4780e-01 6.7658e-01 6.7658e-01 5.1823e-01 2.2220e-01 4.6204e-01 4.7257e-01 5.2450e-01 5.7236e-01 5.7040e-01 4.1207e-01 5.3818e-01 4.1510e-01 -1.1126e-01 1.1226e-01
-6.6068e-02 -6.6068e-02 -6.4335e-02 -6.7805e-02 -6.2606e-02 -6.4335e-02 -5.9426e-02 -5.2484e-02 -5.5946e-02 -5.2484e-02 -7.6177e-02 -6.7122e-02 -4.5020e-03 1.6259e-03 -1.1676e-01 8.6843e-01 7.1052e-01 7.1052e-01 7.1271e-01 5.1561e-01 7.1271e-01 7.1271e-01 5.2724e-01 7.1023e-01 7.1023e-01 7.0776e-01 7.1271e-01 7.1023e-01 1.0000e+00 1.0000e+00 5.4780e-01 5.4780e-01 1.0000e+00 1.0000e+00 9.0714e-01 9.5689e-01 9.9783e-01 5.4780e-01 6.7658e-01 6.7658e-01 5.1823e-01 2.2220e-01 4.6204e-01 4.7257e-01 5.2450e-01 5.7236e-01 5.7040e-01 4.1207e-01 5.3818e-01 4.1510e-01 -1.1126e-01 1.1226e-01
-6.7280e-02 -6.7280e-02 -6.9945e-02 -6.9189e-02 -7.2605e-02 -6.9945e-02 -6.2295e-02 -6.3840e-02 -5.8467e-02 -6.3840e-02 -5.9344e-02 -6.9593e-02 -2.4266e-02 -2.0635e-02 -1.0003e-01 7.8023e-01 6.3708e-01 6.3708e-01 6.3909e-01 4.6566e-01 6.3909e-01 6.3909e-01 4.7624e-01 6.3652e-01 6.3652e-01 6.3396e-01 6.3909e-01 6.4109e-01 9.0714e-01 9.0714e-01 4.9693e-01 4.9693e-01 9.0714e-01 9.0714e-01 1.0000e+00 8.6804e-01 9.0517e-01 4.9693e-01 6.1269e-01 6.1269e-01 4.7011e-01 1.7422e-01 5.1032e-01 5.2141e-01 4.7292e-01 5.2620e-01 5.2840e-01 3.5269e-01 4.8428e-01 4.5832e-01 -2.3887e-01 8.9631e-02
-5.9323e-02 -5.9323e-02 -5.7669e-02 -6.0981e-02 -5.6020e-02 -5.7669e-02 -5.1858e-02 -4.5240e-02 -4.8540e-02 -4.5240e-02 -6.3841e-02 -5.4982e-02 -5.4577e-03 -2.5078e-03 -1.2468e-01 8.2858e-01 6.5076e-01 6.5076e-01 6.5317e-01 5.3977e-01 6.5317e-01 6.5317e-01 5.5191e-01 6.5082e-01 6.5082e-01 6.4849e-01 6.5317e-01 6.5082e-01 9.5689e-01 9.5689e-01 5.7247e-01 5.7247e-01 9.5689e-01 9.5689e-01 8.6804e-01 1.0000e+00 9.5457e-01 5.7247e-01 7.0754e-01 7.0754e-01 5.4158e-01 2.4455e-01 4.5956e-01 4.6990e-01 5.0684e-01 6.1047e-01 6.0855e-01 4.4228e-01 5.6650e-01 4.5786e-01 -1.3127e-01 1.1613e-01
-6.2684e-02 -6.2684e-02 -6.0959e-02 -6.4414e-02 -5.9238e-02 -6.0959e-02 -5.5976e-02 -4.9065e-02 -5.2512e-02 -4.9065e-02 -7.2294e-02 -6.3686e-02 -3.0119e-03 3.1631e-03 -1.1715e-01 8.6643e-01 7.1223e-01 7.1223e-01 7.1443e-01 5.1678e-01 7.1443e-01 7.1443e-01 5.2843e-01 7.1195e-01 7.1195e-01 7.0948e-01 7.1443e-01 7.1195e-01 9.9783e-01 9.9783e-01 5.4899e-01 5.4899e-01 9.9783e-01 9.9783e-01 9.0517e-01 9.5457e-01 1.0000e+00 5.4899e-01 6.7808e-01 6.7808e-01 5.1936e-01 2.2329e-01 4.6001e-01 4.7053e-01 5.2602e-01 5.6982e-01 5.6786e-01 4.1354e-01 5.3956e-01 4.1719e-01 -1.1224e-01 1.1136e-01
7.2413e-02 7.2413e-02 7.3236e-02 7.1588e-02 7.4058e-02 7.3236e-02 7.3097e-02 7.6392e-02 7.4748e-02 7.6392e-02 8.3252e-02 6.7442e-02 -1.6535e-03 5.3211e-03 -1.7464e-02 4.8733e-01 6.5001e-01 6.5001e-01 6.4834e-01 9.3011e-01 6.4834e-01 6.4834e-01 9.5150e-01 6.4668e-01 6.4668e-01 6.4503e-01 6.4834e-01 6.4668e-01 5.4780e-01 5.4780e-01 1.0000e+00 1.0000e+00 5.4780e-01 5.4780e-01 4.9693e-01 5.7247e-01 5.4899e-01 1.0000e+00 7.0019e-01 7.0019e-01 9.4604e-01 5.6191e-01 3.2607e-01 3.2961e-01 5.0503e-01 4.2139e-01 4.2024e-01 4.5441e-01 5.5327e-01 3.3498e-01 6.1104e-02 1.5945e-01
-2.0428e-02 -2.0428e-02 -1.9258e-02 -2.1601e-02 -1.8091e-02 -1.9258e-02 -1.1991e-02 -7.3275e-03 -9.6534e-03 -1.2870e-02 -2.5454e-02 -1.6383e-02 -1.5785e-02 -3.8582e-03 -1.5797e-01 6.0027e-01 8.0677e-01 8.0677e-01 8.1020e-01 6.5432e-01 8.1020e-01 8.1020e-01 6.7244e-01 8.0812e-01 8.0812e-01 8.0604e-01 8.1020e-01 8.0812e-01 6.7658e-01 6.7658e-01 7.0019e-01 7.0019e-01 6.7658e-01 6.7658e-01 6.1269e-01 7.0754e-01 6.7808e-01 7.0019e-01 1.0000e+00 1.0000e+00 7.4895e-01 4.1364e-01 5.1728e-01 5.2185e-01 7.4966e-01 6.3230e-01 6.2560e-01 6.7809e-01 8.0646e-01 5.1397e-01 7.1034e-02 1.5595e-01
-2.0428e-02 -2.0428e-02 -1.9258e-02 -2.1601e-02 -1.8091e-02 -1.9258e-02 -1.1991e-02 -7.3275e-03 -9.6534e-03 -1.2870e-02 -2.5454e-02 -1.6383e-02 -1.5785e-02 -3.8582e-03 -1.5797e-01 6.0027e-01 8.0677e-01 8.0677e-01 8.1020e-01 6.5432e-01 8.1020e-01 8.1020e-01 6.7244e-01 8.0812e-01 8.0812e-01 8.0604e-01 8.1020e-01 8.0812e-01 6.7658e-01 6.7658e-01 7.0019e-01 7.0019e-01 6.7658e-01 6.7658e-01 6.1269e-01 7.0754e-01 6.7808e-01 7.0019e-01 1.0000e+00 1.0000e+00 7.4895e-01 4.1364e-01 5.1728e-01 5.2185e-01 7.4966e-01 6.3230e-01 6.2560e-01 6.7809e-01 8.0646e-01 5.1397e-01 7.1034e-02 1.5595e-01
5.1940e-02 5.1940e-02 5.2738e-02 5.1141e-02 5.3535e-02 5.2738e-02 5.3067e-02 5.6262e-02 5.4668e-02 5.6262e-02 6.6248e-02 4.7119e-02 9.1088e-04 9.1963e-03 -2.3965e-02 4.5991e-01 6.1980e-01 6.1980e-01 6.1821e-01 8.8142e-01 6.1821e-01 6.1821e-01 9.0550e-01 6.1664e-01 6.1664e-01 6.1507e-01 6.1821e-01 6.1664e-01 5.1823e-01 5.1823e-01 9.4604e-01 9.4604e-01 5.1823e-01 5.1823e-01 4.7011e-01 5.4158e-01 5.1936e-01 9.4604e-01 7.4895e-01 7.4895e-01 1.0000e+00 6.0283e-01 3.7419e-01 3.7760e-01 5.4797e-01 4.6650e-01 4.6536e-01 4.9567e-01 5.9530e-01 3.8278e-01 4.6699e-02 1.4801e-01
8.2186e-02 8.2186e-02 8.3114e-02 8.1256e-02 8.4040e-02 8.3114e-02 6.9668e-02 7.3446e-02 7.1561e-02 7.3446e-02 8.2986e-02 6.4648e-02 -2.8591e-02 -7.7086e-03 1.4469e-02 2.1919e-01 3.5765e-01 3.5765e-01 3.5621e-01 5.4217e-01 3.5621e-01 3.5621e-01 5.3536e-01 3.5477e-01 3.5477e-01 3.5334e-01 3.5621e-01 3.5477e-01 2.2220e-01 2.2220e-01 5.6191e-01 5.6191e-01 2.2220e-01 2.2220e-01 1.7422e-01 2.4455e-01 2.2329e-01 5.6191e-01 4.1364e-01 4.1364e-01 6.0283e-01 1.0000e+00 3.9404e-01 3.9806e-01 3.4977e-01 5.0537e-01 5.0405e-01 5.9933e-01 3.9499e-01 4.0415e-01 1.3600e-01 1.2434e-01
2.1116e-02 2.1116e-02 1.8594e-02 1.9131e-02 2.0576e-02 1.8594e-02 2.5306e-02 2.8720e-02 2.9284e-02 2.4195e-02 3.3735e-02 1.3676e-02 -5.1943e-02 -2.9681e-02 -8.4824e-02 3.9996e-01 4.3674e-01 4.3674e-01 4.3873e-01 2.9503e-01 4.3873e-01 4.3873e-01 3.0653e-01 4.4072e-01 4.4072e-01 4.3371e-01 4.3873e-01 4.3622e-01 4.6204e-01 4.6204e-01 3.2607e-01 3.2607e-01 4.6204e-01 4.6204e-01 5.1032e-01 4.5956e-01 4.6001e-01 3.2607e-01 5.1728e-01 5.1728e-01 3.7419e-01 3.9404e-01 1.0000e+00 9.8795e-01 6.3666e-01 7.7383e-01 7.7140e-01 6.3941e-01 5.4743e-01 8.1868e-01 -4.0733e-01 8.4320e-02
1.6273e-02 1.6273e-02 1.3737e-02 1.4299e-02 1.5708e-02 1.3737e-02 2.0553e-02 2.3920e-02 2.4510e-02 1.9392e-02 3.4373e-02 8.8997e-03 -4.6244e-02 -2.3794e-02 -8.6099e-02 4.1092e-01 4.4199e-01 4.4199e-01 4.4399e-01 2.9853e-01 4.4399e-01 4.4399e-01 3.1010e-01 4.4600e-01 4.4600e-01 4.3899e-01 4.4399e-01 4.4149e-01 4.7257e-01 4.7257e-01 3.2961e-01 3.2961e-01 4.7257e-01 4.7257e-01 5.2141e-01 4.6990e-01 4.7053e-01 3.2961e-01 5.2185e-01 5.2185e-01 3.7760e-01 3.9806e-01 9.8795e-01 1.0000e+00 6.4181e-01 7.8027e-01 7.8207e-01 6.4925e-01 5.5190e-01 8.3049e-01 -4.1121e-01 8.0659e-02
-1.2818e-02 -1.2818e-02 -1.6727e-02 -1.4113e-02 -1.5432e-02 -1.1527e-02 -6.1993e-03 -6.2630e-03 -3.6127e-03 -1.1487e-02 -1.1086e-02 -4.9044e-03 -3.8860e-02 -2.4948e-02 -1.5157e-01 4.6620e-01 6.4477e-01 6.4477e-01 6.4794e-01 4.7489e-01 6.4794e-01 6.4794e-01 4.9278e-01 6.4592e-01 6.4592e-01 6.4390e-01 6.4794e-01 6.4592e-01 5.2450e-01 5.2450e-01 5.0503e-01 5.0503e-01 5.2450e-01 5.2450e-01 4.7292e-01 5.0684e-01 5.2602e-01 5.0503e-01 7.4966e-01 7.4966e-01 5.4797e-01 3.4977e-01 6.3666e-01 6.4181e-01 1.0000e+00 5.8684e-01 5.8522e-01 7.1576e-01 8.6195e-01 5.0988e-01 1.1797e-01 1.0361e-01
-1.0130e-02 -1.0130e-02 -8.5160e-03 -1.1749e-02 -6.9054e-03 -8.5160e-03 -2.4483e-03 4.0042e-03 7.8571e-04 4.0042e-03 -7.2518e-03 -1.5131e-02 -2.6273e-02 -5.8578e-03 -1.0830e-01 5.2097e-01 5.1882e-01 5.1882e-01 5.2135e-01 3.9444e-01 5.2135e-01 5.2135e-01 4.0845e-01 5.1914e-01 5.1914e-01 5.1694e-01 5.2135e-01 5.1914e-01 5.7236e-01 5.7236e-01 4.2139e-01 4.2139e-01 5.7236e-01 5.7236e-01 5.2620e-01 6.1047e-01 5.6982e-01 4.2139e-01 6.3230e-01 6.3230e-01 4.6650e-01 5.0537e-01 7.7383e-01 7.8027e-01 5.8684e-01 1.0000e+00 9.9335e-01 8.0193e-01 6.8601e-01 8.0276e-01 -1.8332e-01 1.5348e-01
-1.3579e-02 -1.3579e-02 -1.6682e-02 -1.5205e-02 -1.5058e-02 -1.1957e-02 -5.9646e-03 -4.2278e-03 -2.7149e-03 -4.2278e-03 -6.1364e-03 -1.8630e-02 -2.3330e-02 -3.0119e-03 -1.0791e-01 5.1889e-01 5.1245e-01 5.1245e-01 5.1497e-01 3.9331e-01 5.1497e-01 5.1497e-01 4.0730e-01 5.1277e-01 5.1277e-01 5.1057e-01 5.1497e-01 5.1277e-01 5.7040e-01 5.7040e-01 4.2024e-01 4.2024e-01 5.7040e-01 5.7040e-01 5.2840e-01 6.0855e-01 5.6786e-01 4.2024e-01 6.2560e-01 6.2560e-01 4.6536e-01 5.0405e-01 7.7140e-01 7.8207e-01 5.8522e-01 9.9335e-01 1.0000e+00 8.0497e-01 6.8448e-01 8.0457e-01 -1.8227e-01 1.5435e-01
-1.3289e-02 -1.3289e-02 -1.1973e-02 -1.4608e-02 -1.0660e-02 -1.1973e-02 -1.2190e-02 -6.9045e-03 -9.5409e-03 -1.2080e-02 -1.9115e-02 -2.1253e-02 -5.9654e-02 -3.6544e-02 -1.4777e-01 4.0210e-01 5.7228e-01 5.7228e-01 5.7546e-01 4.2446e-01 5.7546e-01 5.7546e-01 4.4262e-01 5.7349e-01 5.7349e-01 5.7153e-01 5.7546e-01 5.7349e-01 4.1207e-01 4.1207e-01 4.5441e-01 4.5441e-01 4.1207e-01 4.1207e-01 3.5269e-01 4.4228e-01 4.1354e-01 4.5441e-01 6.7809e-01 6.7809e-01 4.9567e-01 5.9933e-01 6.3941e-01 6.4925e-01 7.1576e-01 8.0193e-01 8.0497e-01 1.0000e+00 8.5176e-01 6.6183e-01 2.4840e-01 1.6385e-01
-3.7544e-02 -3.7544e-02 -3.6392e-02 -3.8698e-02 -3.5244e-02 -3.6392e-02 -3.4322e-02 -2.9705e-02 -3.2008e-02 -3.5360e-02 -3.4474e-02 -3.3163e-02 -4.9149e-02 -4.1179e-02 -1.8240e-01 4.8670e-01 6.5368e-01 6.5368e-01 6.5745e-01 5.2032e-01 6.5745e-01 6.5745e-01 5.4132e-01 6.5558e-01 6.5558e-01 6.5371e-01 6.5745e-01 6.5558e-01 5.3818e-01 5.3818e-01 5.5327e-01 5.5327e-01 5.3818e-01 5.3818e-01 4.8428e-01 5.6650e-01 5.3956e-01 5.5327e-01 8.0646e-01 8.0646e-01 5.9530e-01 3.9499e-01 5.4743e-01 5.5190e-01 8.6195e-01 6.8601e-01 6.8448e-01 8.5176e-01 1.0000e+00 5.6372e-01 2.1007e-01 1.3977e-01
2.7070e-02 2.7070e-02 2.9004e-02 2.5132e-02 2.6425e-02 2.9004e-02 3.1637e-02 3.4848e-02 3.5519e-02 3.9383e-02 4.2611e-02 1.9925e-02 -2.4982e-02 -1.0751e-02 -1.0173e-01 3.5167e-01 3.8659e-01 3.8659e-01 3.8869e-01 3.0384e-01 3.8869e-01 3.8869e-01 3.1552e-01 3.9079e-01 3.9079e-01 3.8387e-01 3.8869e-01 3.9079e-01 4.1510e-01 4.1510e-01 3.3498e-01 3.3498e-01 4.1510e-01 4.1510e-01 4.5832e-01 4.5786e-01 4.1719e-01 3.3498e-01 5.1397e-01 5.1397e-01 3.8278e-01 4.0415e-01 8.1868e-01 8.3049e-01 5.0988e-01 8.0276e-01 8.0457e-01 6.6183e-01 5.6372e-01 1.0000e+00 -4.9891e-01 1.0132e-01
-5.8766e-02 -5.8766e-02 -5.9678e-02 -5.7852e-02 -5.4507e-02 -5.9678e-02 -6.4623e-02 -6.2136e-02 -6.6442e-02 -7.4371e-02 -6.8222e-02 -5.9394e-02 -5.6672e-02 -4.9989e-02 -4.7018e-02 -5.2974e-02 1.1278e-01 1.1278e-01 1.1363e-01 6.7820e-02 1.1363e-01 1.1363e-01 7.3024e-02 1.0839e-01 1.0839e-01 1.1533e-01 1.1363e-01 1.0839e-01 -1.1126e-01 -1.1126e-01 6.1104e-02 6.1104e-02 -1.1126e-01 -1.1126e-01 -2.3887e-01 -1.3127e-01 -1.1224e-01 6.1104e-02 7.1034e-02 7.1034e-02 4.6699e-02 1.3600e-01 -4.0733e-01 -4.1121e-01 1.1797e-01 -1.8332e-01 -1.8227e-01 2.4840e-01 2.1007e-01 -4.9891e-01 1.0000e+00 5.6544e-02
1.4678e-02 1.4678e-02 1.3617e-02 9.8901e-03 1.2557e-02 1.3617e-02 1.6290e-02 1.2013e-02 1.4146e-02 2.3746e-02 3.9915e-03 -2.4463e-03 -2.0844e-02 -1.8892e-02 1.1281e-03 8.2511e-02 1.6569e-01 1.6569e-01 1.6654e-01 1.5112e-01 1.6654e-01 1.6654e-01 1.5553e-01 1.6739e-01 1.6739e-01 1.6824e-01 1.6654e-01 1.6739e-01 1.1226e-01 1.1226e-01 1.5945e-01 1.5945e-01 1.1226e-01 1.1226e-01 8.9631e-02 1.1613e-01 1.1136e-01 1.5945e-01 1.5595e-01 1.5595e-01 1.4801e-01 1.2434e-01 8.4320e-02 8.0659e-02 1.0361e-01 1.5348e-01 1.5435e-01 1.6385e-01 1.3977e-01 1.0132e-01 5.6544e-02 1.0000e+00
