1.0000e+00 -4.5258e-01 -4.5258e-01 -4.2977e-01 -1.5722e-02 -2.0746e-02 -1.4982e-02 -1.6429e-02 1.5239e-02 -2.3727e-02 3.1414e-02 -3.7868e-02 1.2261e-02 1.2261e-02 -2.4942e-02 2.6788e-02 3.7585e-02 -9.4351e-03 6.4404e-03 -9.9945e-03 2.3186e-02 8.2807e-03 -3.4023e-02 -3.7385e-03 2.4271e-03 -5.9571e-03 2.5482e-03 -9.2775e-03 -3.4336e-02 -9.2775e-03 -8.9620e-03 -2.3376e-02 8.7222e-04 -2.7521e-02 -9.6458e-03 8.7222e-04 5.6238e-04 1.1626e-02 -2.0867e-02 6.8918e-03 9.6458e-03 -2.1154e-03 4.0433e-03 8.7008e-03 6.0244e-03 7.7834e-03 2.7433e-02 1.5483e-02 3.0334e-02 3.0921e-02 1.8592e-02 1.1299e-02 5.3276e-03 3.2258e-02 -2.3376e-02 2.5708e-02 -1.1539e-02 2.4056e-02 1.0623e-02 4.5243e-02 -1.0791e-02 5.1797e-03 6.8918e-03 -1.1539e-02 -2.0443e-02 -2.4832e-02 2.2592e-04 -1.0948e-02 -1.1166e-02 -1.1911e-02 1.4033e-02 -2.4832e-02 1.2553e-03 6.0244e-03 -2.9626e-02 6.0244e-03 -2.4735e-03 5.1797e-03 -1.9873e-02 -1.0249e-02 5.1797e-03 -2.9274e-02 5.1797e-03 5.1797e-03 5.1797e-03 5.7776e-03 9.1073e-03 1.1058e-02 1.0620e-02 2.7698e-03 1.3918e-03 -4.7209e-03 5.1797e-03 9.1990e-03 3.5202e-02 3.5202e-02 -5.8666e-03 -3.3470e-02 1.6018e-02 -1.9009e-02
-4.5258e-01 1.0000e+00 1.0000e+00 9.8880e-01 3.4738e-02 4.5839e-02 3.3104e-02 3.6300e-02 -4.3735e-02 3.3583e-02 -1.3904e-02 4.2741e-02 -5.3067e-02 -5.3067e-02 9.1392e-03 -1.9507e-02 -3.7473e-02 -5.8606e-03 -1.0860e-02 1.8262e-02 -1.8404e-02 -1.8296e-02 5.3690e-03 1.5151e-02 8.5777e-03 -1.0788e-02 -2.2548e-02 -8.5973e-03 6.2141e-03 -8.5973e-03 -9.3219e-03 2.9781e-02 1.8920e-02 2.4216e-02 -6.3883e-03 1.8920e-02 1.9592e-02 2.8354e-03 -8.4710e-03 1.1368e-02 6.3883e-03 -2.3190e-02 -2.2708e-02 -1.0119e-02 1.2946e-02 9.7507e-03 -3.9766e-02 -2.7063e-02 -1.3460e-02 -2.1972e-02 -5.2188e-02 -4.3976e-02 -5.4594e-02 -1.4511e-02 5.1649e-02 -4.5131e-02 3.8983e-02 3.3825e-02 4.9961e-02 -4.3127e-02 2.8360e-02 4.9061e-02 4.6828e-02 2.9992e-02 1.9410e-02 3.4217e-02 2.7400e-02 2.4189e-02 2.9178e-02 3.0803e-02 5.8641e-03 -7.0815e-03 5.4339e-02 4.7954e-02 3.0450e-02 4.7954e-02 -2.8100e-02 4.9061e-02 2.3684e-02 3.3134e-02 4.9061e-02 5.7988e-02 4.9061e-02 4.9061e-02 4.9061e-02 7.4266e-03 1.7227e-02 1.3266e-02 -1.4098e-02 5.2276e-02 6.0763e-02 4.3744e-02 4.9061e-02 1.2761e-02 -6.9128e-02 -6.9128e-02 -2.7083e-02 4.2641e-02 3.5614e-02 -3.8023e-02
-4.5258e-01 1.0000e+00 1.0000e+00 9.8880e-01 3.4738e-02 4.5839e-02 3.3104e-02 3.6300e-02 -4.3735e-02 3.3583e-02 -1.3904e-02 4.2741e-02 -5.3067e-02 -5.3067e-02 9.1392e-03 -1.9507e-02 -3.7473e-02 -5.8606e-03 -1.0860e-02 1.8262e-02 -1.8404e-02 -1.8296e-02 5.3690e-03 1.5151e-02 8.5777e-03 -1.0788e-02 -2.2548e-02 -8.5973e-03 6.2141e-03 -8.5973e-03 -9.3219e-03 2.9781e-02 1.8920e-02 2.4216e-02 -6.3883e-03 1.8920e-02 1.9592e-02 2.8354e-03 -8.4710e-03 1.1368e-02 6.3883e-03 -2.3190e-02 -2.2708e-02 -1.0119e-02 1.2946e-02 9.7507e-03 -3.9766e-02 -2.7063e-02 -1.3460e-02 -2.1972e-02 -5.2188e-02 -4.3976e-02 -5.4594e-02 -1.4511e-02 5.1649e-02 -4.5131e-02 3.8983e-02 3.3825e-02 4.9961e-02 -4.3127e-02 2.8360e-02 4.9061e-02 4.6828e-02 2.9992e-02 1.9410e-02 3.4217e-02 2.7400e-02 2.4189e-02 2.9178e-02 3.0803e-02 5.8641e-03 -7.0815e-03 5.4339e-02 4.7954e-02 3.0450e-02 4.7954e-02 -2.8100e-02 4.9061e-02 2.3684e-02 3.3134e-02 4.9061e-02 5.7988e-02 4.9061e-02 4.9061e-02 4.9061e-02 7.4266e-03 1.7227e-02 1.3266e-02 -1.4098e-02 5.2276e-02 6.0763e-02 4.3744e-02 4.9061e-02 1.2761e-02 -6.9128e-02 -6.9128e-02 -2.7083e-02 4.2641e-02 3.5614e-02 -3.8023e-02
-4.2977e-01 9.8880e-01 9.8880e-01 1.0000e+00 3.4738e-02 4.5839e-02 3.3104e-02 3.6300e-02 -5.0444e-02 3.3583e-02 -1.3904e-02 3.5919e-02 -5.3067e-02 -5.3067e-02 1.4775e-03 -1.2292e-02 -3.0462e-02 8.1636e-04 -1.0860e-02 1.0620e-02 -1.8404e-02 -1.1457e-02 5.3690e-03 8.2604e-03 1.6075e-03 -3.9453e-03 -1.5781e-02 -8.5973e-03 6.2141e-03 -8.5973e-03 -9.3219e-03 2.9781e-02 1.1971e-02 2.4216e-02 -6.3883e-03 1.1971e-02 1.2647e-02 2.8354e-03 -8.4710e-03 1.1368e-02 6.3883e-03 -1.6224e-02 -1.5821e-02 -1.0119e-02 1.2946e-02 9.7507e-03 -3.2817e-02 -1.9915e-02 -6.3184e-03 -1.4842e-02 -4.4782e-02 -3.6372e-02 -4.6808e-02 -7.8332e-03 5.1649e-02 -4.5131e-02 2.9992e-02 4.0516e-02 5.6637e-02 -3.6440e-02 1.9326e-02 4.9061e-02 4.6828e-02 2.1002e-02 1.2050e-02 3.4217e-02 1.9429e-02 1.6021e-02 2.0166e-02 2.1834e-02 1.2568e-02 -7.0815e-03 5.4339e-02 4.7954e-02 3.0450e-02 4.7954e-02 -3.4814e-02 4.9061e-02 1.6942e-02 2.6142e-02 4.9061e-02 5.1293e-02 4.9061e-02 4.9061e-02 4.9061e-02 1.4157e-02 8.9270e-03 4.8883e-03 -1.4098e-02 5.2276e-02 5.0942e-02 3.2640e-02 4.9061e-02 2.0113e-02 -7.7779e-02 -7.7779e-02 -3.4364e-02 4.2641e-02 3.5614e-02 -3.8023e-02
-1.5722e-02 3.4738e-02 3.4738e-02 3.4738e-02 1.0000e+00 7.5782e-01 9.5298e-01 8.6890e-01 1.1079e-03 1.0300e-02 3.9755e-02 -2.6629e-02 -2.3266e-02 -2.3266e-02 -1.7539e-02 8.5042e-03 1.6389e-02 3.1614e-02 -4.3734e-02 2.5806e-02 -1.5037e-02 5.8229e-03 2.6061e-02 -2.6289e-03 1.7067e-03 5.6112e-03 1.1483e-02 1.4311e-02 2.5731e-02 1.4311e-02 1.4553e-02 4.6199e-02 6.1333e-04 3.3053e-02 1.9665e-02 6.1333e-04 3.9546e-04 -1.9058e-02 7.6585e-03 -2.0546e-02 -1.9665e-02 -1.4875e-03 2.8432e-03 -1.9962e-02 -2.0832e-02 -2.0256e-02 -6.1333e-04 -9.5852e-03 -9.3537e-03 -8.8921e-03 -1.8746e-02 -2.4724e-02 -2.9705e-02 -6.0084e-03 -1.6437e-02 -1.5352e-02 3.0512e-02 -2.2478e-03 7.4697e-03 3.0844e-03 3.1227e-02 -2.1116e-02 -2.0546e-02 3.0512e-02 1.7246e-02 4.1684e-02 1.1575e-02 1.5699e-02 3.0869e-02 3.0158e-02 2.6721e-04 -1.7461e-02 -2.2487e-02 -2.0832e-02 2.9305e-02 -2.0832e-02 -1.7393e-03 -2.1116e-02 5.3363e-03 2.8072e-03 -2.1116e-02 -1.4105e-03 -2.1116e-02 -2.1116e-02 -2.1116e-02 -1.5216e-02 1.8291e-02 1.9773e-02 -1.9364e-02 -2.1947e-02 1.5044e-02 2.8486e-02 -2.1116e-02 3.8058e-02 2.4753e-02 2.4753e-02 -1.4553e-02 2.1307e-02 -1.7791e-02 -1.3367e-02
-2.0746e-02 4.5839e-02 4.5839e-02 4.5839e-02 7.5782e-01 1.0000e+00 7.2219e-01 6.5739e-01 -7.8801e-03 4.5452e-02 4.0191e-02 6.9295e-03 -2.1842e-02 -2.1842e-02 -1.3999e-02 -1.6949e-03 9.0737e-03 1.1168e-02 -2.6872e-02 3.5573e-02 -5.3314e-03 2.1290e-02 1.1824e-02 -2.0983e-03 3.6387e-03 6.0432e-03 1.3807e-02 4.4144e-03 -7.6132e-03 4.4144e-03 2.0652e-02 2.6162e-02 -1.3014e-02 1.9958e-02 2.5949e-02 -1.3014e-02 -1.3293e-02 -2.5149e-02 2.4065e-02 -2.7112e-02 -2.5949e-02 1.1894e-02 1.7452e-02 -2.6342e-02 -2.7490e-02 -2.6729e-02 1.3014e-02 1.5703e-03 1.8642e-03 2.4505e-03 -1.0004e-02 -1.7499e-02 -2.3709e-02 -2.6147e-03 -2.1690e-02 -2.0259e-02 -2.6596e-03 -1.2283e-02 4.5449e-03 -1.2509e-03 -1.9258e-03 -2.7864e-02 -2.7112e-02 -2.6596e-03 2.4222e-02 2.2143e-02 -2.2783e-02 -1.8283e-02 -2.2936e-03 -3.0238e-03 -8.9822e-03 -2.3041e-02 4.1741e-02 -2.7490e-02 1.0813e-02 -2.7490e-02 7.0528e-03 -2.7864e-02 1.2406e-02 5.0952e-03 -2.7864e-02 3.4656e-03 -2.7864e-02 -2.7864e-02 -2.7864e-02 -1.8740e-02 2.0834e-02 -1.3904e-02 -2.5552e-02 -2.8960e-02 -1.1408e-02 2.2463e-03 -2.7864e-02 3.9982e-02 1.0293e-02 1.0293e-02 -5.2516e-02 3.2010e-03 -2.3476e-02 -1.7638e-02
-1.4982e-02 3.3104e-02 3.3104e-02 3.3104e-02 9.5298e-01 7.2219e-01 1.0000e+00 8.1966e-01 -9.9318e-03 1.4959e-02 4.4619e-02 -1.9790e-02 -1.8120e-02 -1.8120e-02 -1.2531e-02 2.1964e-03 9.8768e-03 2.2838e-02 -5.4556e-02 3.2936e-02 -2.2295e-02 -1.9190e-03 5.7815e-03 5.0180e-03 9.2369e-03 -2.1241e-03 3.5548e-03 -2.6053e-04 5.5091e-03 -2.6053e-04 -4.3462e-05 4.9996e-02 8.1716e-03 3.8990e-02 1.8740e-02 8.1716e-03 7.9595e-03 -1.8162e-02 -9.7271e-03 -1.9580e-02 -1.8740e-02 -9.0232e-03 -4.8099e-03 -1.9024e-02 -1.9853e-02 -1.9303e-02 -8.1716e-03 -1.6939e-02 -1.6712e-02 -1.6259e-02 -2.5951e-02 -3.1864e-02 -3.6809e-02 3.3884e-03 -1.5665e-02 -1.4631e-02 3.6440e-02 6.9891e-03 1.8052e-02 -6.1871e-03 3.7157e-02 -2.0123e-02 -1.9580e-02 3.6440e-02 2.4471e-02 4.5360e-02 1.7558e-02 2.1650e-02 3.6797e-02 3.6085e-02 9.4038e-03 -1.6640e-02 -2.1429e-02 -1.9853e-02 3.2705e-02 -1.9853e-02 -1.0820e-02 -2.0123e-02 1.4287e-02 1.0310e-02 -2.0123e-02 7.7925e-03 -2.0123e-02 -2.0123e-02 -2.0123e-02 -7.1517e-03 2.4227e-02 2.5704e-02 -1.8453e-02 -2.0915e-02 1.9698e-02 3.3209e-02 -2.0123e-02 4.6303e-02 4.6991e-03 4.6991e-03 -2.1818e-02 2.4578e-02 -1.6954e-02 -1.2738e-02
-1.6429e-02 3.6300e-02 3.6300e-02 3.6300e-02 8.6890e-01 6.5739e-01 8.1966e-01 1.0000e+00 -7.2092e-03 6.0639e-03 3.5390e-02 -1.4214e-02 -7.6515e-03 -7.6515e-03 -1.1284e-03 1.4286e-02 2.2372e-02 3.9698e-02 -3.3933e-02 -1.6257e-03 -8.4357e-03 -2.4624e-02 2.0704e-02 9.2836e-03 3.3078e-02 -2.4860e-02 -1.8382e-02 7.6975e-03 2.0374e-02 7.6975e-03 7.9430e-03 4.2823e-02 3.1840e-02 2.7695e-02 2.0550e-02 3.1840e-02 3.1593e-02 -1.9916e-02 2.1690e-03 -2.1470e-02 -2.0550e-02 -3.2829e-02 -2.7949e-02 -2.0860e-02 -2.1770e-02 -2.1167e-02 -3.1840e-02 -4.2107e-02 -4.1839e-02 -4.1305e-02 -5.2840e-02 -5.9976e-02 -6.5997e-02 -3.2930e-02 -1.7177e-02 -1.6043e-02 4.9825e-02 -1.0693e-02 -2.1848e-03 -6.7845e-03 5.0660e-02 -2.2066e-02 -2.1470e-02 4.9825e-02 3.0873e-02 3.8408e-02 2.8001e-02 3.2705e-02 5.0241e-02 4.9412e-02 -8.0812e-03 -1.8247e-02 -2.3498e-02 -2.1770e-02 2.6257e-02 -2.1770e-02 6.5546e-03 -2.2066e-02 1.5666e-02 1.5142e-02 -2.2066e-02 8.5448e-03 -2.2066e-02 -2.2066e-02 -2.2066e-02 -2.2616e-02 3.5676e-02 3.7380e-02 -2.0235e-02 -2.2934e-02 3.7768e-02 5.4695e-02 -2.2066e-02 3.0601e-02 4.3129e-02 4.3129e-02 -7.9430e-03 -2.4594e-02 -1.8591e-02 -1.3968e-02
1.5239e-02 -4.3735e-02 -4.3735e-02 -5.0444e-02 1.1079e-03 -7.8801e-03 -9.9318e-03 -7.2092e-03 1.0000e+00 -3.4694e-01 -2.5811e-01 -3.1974e-01 2.6154e-01 2.6154e-01 -1.7903e-01 2.6001e-01 2.3430e-01 3.6101e-01 1.3137e-01 6.4432e-02 1.1266e-01 2.3583e-01 5.0028e-02 -1.8913e-01 -2.2894e-01 2.4229e-01 2.1359e-01 -3.9809e-02 6.3218e-02 -3.9809e-02 -4.2248e-02 9.4504e-02 -2.4591e-01 9.0722e-02 3.6232e-02 -2.4175e-01 -2.4348e-01 -1.5689e-02 -4.7533e-02 -2.7862e-02 -3.6232e-02 1.7228e-01 2.0738e-01 -1.2787e-01 -3.2217e-02 -4.4915e-02 2.0430e-01 2.1455e-01 2.0774e-01 2.2832e-01 1.5545e-01 1.9906e-01 1.5679e-01 1.5851e-01 8.1409e-02 3.5848e-02 -1.3774e-01 6.7010e-02 6.1990e-02 8.0374e-02 -1.2814e-01 3.5996e-02 4.6458e-02 -1.2697e-01 -8.7034e-02 4.7838e-02 -8.8026e-02 -8.6589e-02 -1.3025e-01 -1.2371e-01 3.6600e-02 8.4934e-02 4.1339e-02 4.1157e-02 3.0675e-02 4.1157e-02 -5.3315e-02 3.5996e-02 -1.0133e-01 -8.6276e-02 3.5996e-02 -9.0107e-02 3.5996e-02 3.5996e-02 3.5996e-02 3.7100e-02 -9.2734e-02 -9.7380e-02 4.6817e-02 2.1273e-02 -8.3552e-02 -1.1557e-01 2.5644e-02 1.1801e-01 -4.2595e-02 -4.2595e-02 -9.7272e-02 8.8438e-02 2.9393e-02 1.2957e-02
-2.3727e-02 3.3583e-02 3.3583e-02 3.3583e-02 1.0300e-02 4.5452e-02 1.4959e-02 6.0639e-03 -3.4694e-01 1.0000e+00 5.1063e-01 3.1149e-01 -1.5999e-01 -1.5999e-01 2.3412e-01 -2.4328e-01 -2.0432e-01 -2.1302e-01 -1.1504e-01 1.7379e-01 -1.2186e-01 -2.0811e-01 -1.1251e-01 1.7609e-01 1.9537e-01 -2.0906e-01 -1.8330e-01 -7.6928e-02 -1.2799e-01 -8.3045e-02 -7.6100e-02 -6.4929e-02 2.0216e-01 -1.0302e-01 -4.6557e-02 1.9632e-01 1.9534e-01 5.2646e-02 -5.7364e-02 3.8118e-02 4.6557e-02 -1.7096e-01 -1.7514e-01 3.0399e-01 3.5467e-02 4.0847e-02 -1.7879e-01 -1.8321e-01 -1.7016e-01 -1.2615e-01 -1.9351e-01 -2.0753e-01 -1.9709e-01 -1.3758e-01 -9.7612e-03 -4.1014e-02 2.0094e-01 -1.5669e-01 -1.6544e-01 -1.4373e-01 1.8896e-01 1.8352e-02 2.3209e-02 1.8582e-01 1.6827e-01 3.5211e-02 1.7064e-01 1.6942e-01 1.8738e-01 1.8426e-01 -1.2450e-01 -6.8973e-02 7.5838e-02 3.5467e-02 6.0283e-03 3.5467e-02 1.4144e-01 4.7426e-02 1.1024e-01 1.3564e-01 4.7426e-02 1.1674e-01 4.7426e-02 4.7426e-02 4.7426e-02 -1.1001e-01 1.9534e-01 1.8826e-01 1.8041e-02 2.5550e-02 1.6754e-01 1.6006e-01 3.2889e-02 -1.2958e-01 1.3878e-01 1.3878e-01 1.1284e-01 -9.2966e-02 -3.6155e-02 1.4493e-02
3.1414e-02 -1.3904e-02 -1.3904e-02 -1.3904e-02 3.9755e-02 4.0191e-02 4.4619e-02 3.5390e-02 -2.5811e-01 5.1063e-01 1.0000e+00 2.5739e-01 -1.4304e-01 -1.4304e-01 3.5970e-01 -3.0334e-01 -2.7206e-01 -1.8294e-01 -2.4166e-01 3.3220e-01 -2.9028e-01 -2.0895e-01 -6.9500e-02 2.1955e-01 2.3429e-01 -2.1718e-01 -1.9818e-01 -1.1288e-01 -7.0110e-02 -1.1288e-01 -1.1235e-01 -4.5950e-02 2.3053e-01 -7.6990e-02 3.4641e-02 2.3053e-01 2.2979e-01 -3.2340e-02 -8.8620e-02 -3.7915e-02 -3.4641e-02 -2.0286e-01 -2.1125e-01 4.4543e-01 -3.8965e-02 -3.6845e-02 -2.0758e-01 -2.0707e-01 -1.9055e-01 -1.9685e-01 -2.3104e-01 -2.2742e-01 -2.3655e-01 -1.4446e-01 2.6278e-02 -1.7218e-02 2.6526e-01 -1.3418e-01 -1.6019e-01 -1.6539e-01 2.6814e-01 1.7103e-02 2.0646e-02 2.6526e-01 2.0954e-01 -3.3446e-03 2.2702e-01 2.4337e-01 2.6670e-01 2.6384e-01 -1.0526e-01 -4.8812e-02 -8.9648e-03 -4.2145e-04 -1.9693e-02 -4.2145e-04 1.2347e-01 -1.9298e-03 1.4582e-01 1.6112e-01 -1.9298e-03 1.4078e-01 -1.9298e-03 -1.9298e-03 -1.9298e-03 -1.0249e-01 2.2641e-01 2.4142e-01 2.8377e-02 -6.2447e-03 2.1997e-01 2.4412e-01 -1.9298e-03 -8.2734e-02 1.6617e-01 1.6617e-01 8.0287e-02 -6.5793e-02 -2.7398e-02 -7.9988e-03
-3.7868e-02 4.2741e-02 4.2741e-02 3.5919e-02 -2.6629e-02 6.9295e-03 -1.9790e-02 -1.4214e-02 -3.1974e-01 3.1149e-01 2.5739e-01 1.0000e+00 -4.6657e-01 -4.6657e-01 6.7395e-01 -4.7995e-01 -3.9095e-01 -4.3480e-01 -3.5812e-01 3.1024e-01 -1.5552e-01 -3.0040e-01 -1.1686e-01 2.8982e-01 2.8015e-01 -3.0635e-01 -3.1488e-01 -1.5580e-01 -1.3991e-01 -1.5580e-01 -1.4975e-01 8.6299e-02 2.8783e-01 -1.2847e-01 -6.2013e-02 2.8783e-01 2.9021e-01 4.9883e-02 -1.2523e-01 5.7488e-02 5.0768e-02 -3.2071e-01 -3.0059e-01 1.7873e-01 5.2529e-02 6.2590e-02 -2.9629e-01 -2.9983e-01 -2.9786e-01 -2.5920e-01 -1.9374e-01 -1.7634e-01 -1.9543e-01 -2.6332e-01 5.9668e-02 2.3750e-02 1.9795e-01 -2.0621e-01 -2.1733e-01 -1.9461e-01 1.7578e-01 6.8755e-02 7.9080e-02 1.7058e-01 1.3706e-01 2.8808e-02 1.5323e-01 1.5180e-01 1.7317e-01 1.6801e-01 -2.0351e-01 -8.4350e-02 7.5003e-02 6.3187e-02 4.1870e-02 6.3187e-02 2.1698e-01 6.8755e-02 2.0386e-01 2.0434e-01 6.8755e-02 2.1591e-01 6.8755e-02 6.8755e-02 6.8755e-02 -1.6688e-01 1.7228e-01 1.7380e-01 3.3214e-02 5.4269e-02 1.9048e-01 1.7540e-01 4.7703e-02 -2.0510e-01 1.0228e-01 1.0228e-01 1.8522e-01 -1.1475e-01 4.8110e-02 1.0623e-02
1.2261e-02 -5.3067e-02 -5.3067e-02 -5.3067e-02 -2.3266e-02 -2.1842e-02 -1.8120e-02 -7.6515e-03 2.6154e-01 -1.5999e-01 -1.4304e-01 -4.6657e-01 1.0000e+00 9.9508e-01 -3.4522e-01 3.5736e-01 3.1665e-01 3.8233e-01 3.0276e-01 -3.0669e-01 -2.9302e-03 1.7923e-01 -6.5635e-02 -1.7043e-01 -1.7412e-01 1.9617e-01 1.9793e-01 3.2587e-02 -4.4044e-02 2.7768e-02 2.4328e-02 -3.9860e-02 -1.9848e-01 -5.8959e-02 1.9141e-02 -1.9848e-01 -1.9966e-01 -2.5045e-05 1.3642e-02 -1.6544e-02 -6.9074e-03 2.5376e-01 2.0812e-01 -9.4653e-02 -1.9596e-02 -2.5317e-02 1.8927e-01 2.3611e-01 2.2305e-01 1.8284e-01 1.1860e-01 1.1940e-01 1.7351e-01 2.1360e-01 -1.0887e-02 4.7820e-02 -1.2327e-01 1.1234e-01 1.0475e-01 1.2749e-01 -1.2649e-01 -4.5479e-02 -4.0035e-02 -1.2923e-01 -5.7835e-02 -4.9183e-02 -1.0635e-01 -9.6969e-02 -1.3383e-01 -1.2465e-01 1.0979e-01 -3.5504e-02 -3.6513e-02 -5.4383e-02 -4.2787e-02 -5.4383e-02 -1.5428e-01 -5.6931e-02 -1.3187e-01 -1.4500e-01 -5.6931e-02 -1.4869e-01 -5.6931e-02 -5.6931e-02 -5.6931e-02 1.2835e-01 -9.0105e-02 -1.0534e-01 4.6130e-02 -6.4273e-02 -1.4116e-01 -9.8665e-02 -5.6931e-02 9.6718e-02 -5.4328e-02 -5.4328e-02 -9.1854e-02 4.6640e-02 -1.1783e-02 -4.4195e-02
1.2261e-02 -5.3067e-02 -5.3067e-02 -5.3067e-02 -2.3266e-02 -2.1842e-02 -1.8120e-02 -7.6515e-03 2.6154e-01 -1.5999e-01 -1.4304e-01 -4.6657e-01 9.9508e-01 1.0000e+00 -3.4522e-01 3.5736e-01 3.1665e-01 3.8676e-01 2.9829e-01 -3.0162e-01 -2.9302e-03 1.8376e-01 -6.5635e-02 -1.7499e-01 -1.7874e-01 2.0071e-01 2.0241e-01 3.2587e-02 -4.4044e-02 2.7768e-02 2.4328e-02 -3.9860e-02 -2.0308e-01 -5.8959e-02 1.9141e-02 -2.0308e-01 -2.0426e-01 -2.5045e-05 1.3642e-02 -1.6544e-02 -6.9074e-03 2.5838e-01 2.1268e-01 -9.4653e-02 -1.9596e-02 -2.5317e-02 1.9388e-01 2.4084e-01 2.2778e-01 1.8756e-01 1.2351e-01 1.2444e-01 1.7867e-01 2.1803e-01 -1.0887e-02 4.7820e-02 -1.2327e-01 1.1234e-01 1.0475e-01 1.2749e-01 -1.2649e-01 -4.5479e-02 -4.0035e-02 -1.2923e-01 -5.7835e-02 -4.9183e-02 -1.0635e-01 -9.6969e-02 -1.3383e-01 -1.2465e-01 1.0979e-01 -3.5504e-02 -3.6513e-02 -5.4383e-02 -4.2787e-02 -5.4383e-02 -1.5428e-01 -5.6931e-02 -1.3187e-01 -1.4500e-01 -5.6931e-02 -1.4869e-01 -5.6931e-02 -5.6931e-02 -5.6931e-02 1.2835e-01 -9.0105e-02 -1.0534e-01 4.6130e-02 -6.4273e-02 -1.4116e-01 -9.8665e-02 -5.6931e-02 9.6718e-02 -5.4328e-02 -5.4328e-02 -9.1854e-02 4.6640e-02 -1.1783e-02 -4.4195e-02
-2.4942e-02 9.1392e-03 9.1392e-03 1.4775e-03 -1.7539e-02 -1.3999e-02 -1.2531e-02 -1.1284e-03 -1.7903e-01 2.3412e-01 3.5970e-01 6.7395e-01 -3.4522e-01 -3.4522e-01 1.0000e+00 -7.1346e-01 -6.1941e-01 -4.5404e-01 -4.9693e-01 4.1468e-01 -1.2800e-01 -3.7417e-01 -2.0020e-01 3.8550e-01 3.5225e-01 -3.7553e-01 -4.1243e-01 -2.5920e-01 -2.0724e-01 -2.5920e-01 -2.4822e-01 7.3169e-02 3.6414e-01 -1.9057e-01 -5.4911e-02 3.6889e-01 3.6746e-01 5.0156e-02 -2.0174e-01 6.7712e-02 5.4911e-02 -4.0322e-01 -3.9352e-01 2.7515e-01 5.1833e-02 5.9452e-02 -3.6889e-01 -3.4610e-01 -3.4458e-01 -3.4642e-01 -2.4551e-01 -2.0971e-01 -2.0184e-01 -2.9536e-01 1.1803e-01 -6.9343e-02 2.5674e-01 -1.9260e-01 -2.3988e-01 -1.9613e-01 2.3024e-01 6.0005e-02 6.7712e-02 2.2600e-01 1.1550e-01 1.5946e-02 1.6888e-01 1.7763e-01 2.3428e-01 2.3002e-01 -1.8356e-01 -8.2903e-02 5.3600e-02 6.3804e-02 5.1833e-02 6.3804e-02 2.0778e-01 7.1827e-02 1.8934e-01 2.1122e-01 7.1827e-02 2.1483e-01 7.1827e-02 7.1827e-02 7.1827e-02 -1.8623e-01 1.8213e-01 1.9685e-01 -3.0719e-02 6.0611e-02 2.2097e-01 1.9970e-01 4.8182e-02 -1.5238e-01 1.2679e-01 1.2679e-01 1.4863e-01 -9.8657e-02 -2.9486e-02 -1.9547e-02
2.6788e-02 -1.9507e-02 -1.9507e-02 -1.2292e-02 8.5042e-03 -1.6949e-03 2.1964e-03 1.4286e-02 2.6001e-01 -2.4328e-01 -3.0334e-01 -4.7995e-01 3.5736e-01 3.5736e-01 -7.1346e-01 1.0000e+00 8.8835e-01 6.2629e-01 4.7183e-01 -4.3792e-01 5.1478e-02 3.3967e-01 1.5461e-01 -3.2733e-01 -3.0509e-01 3.4119e-01 3.8672e-01 1.8256e-01 1.6162e-01 1.8256e-01 1.7190e-01 -1.2050e-01 -3.1959e-01 1.4912e-01 8.8661e-02 -3.1959e-01 -3.1802e-01 -7.4400e-02 1.4241e-01 -8.5916e-02 -8.8661e-02 3.6183e-01 3.5239e-01 -2.4797e-01 -7.0054e-02 -7.9075e-02 3.2407e-01 3.0298e-01 3.0131e-01 3.1175e-01 2.1276e-01 1.7013e-01 1.9216e-01 2.8696e-01 -1.3458e-01 8.2870e-02 -2.1721e-01 1.7297e-01 2.3688e-01 1.7490e-01 -1.9279e-01 -1.2140e-01 -1.0875e-01 -1.9405e-01 -7.4646e-02 -8.3274e-03 -1.6574e-01 -1.4698e-01 -2.0212e-01 -1.9179e-01 1.6156e-01 7.1457e-02 -1.2982e-01 -1.2642e-01 -2.4965e-02 -1.2642e-01 -1.9995e-01 -1.3253e-01 -1.5638e-01 -2.0048e-01 -1.3253e-01 -2.0734e-01 -1.3253e-01 -1.3253e-01 -1.3253e-01 1.9436e-01 -1.6426e-01 -1.6876e-01 3.9025e-02 -1.3940e-01 -2.1150e-01 -1.3355e-01 -1.3253e-01 1.9678e-01 -8.4924e-02 -8.4924e-02 -1.9065e-01 1.1984e-01 3.5064e-02 1.6529e-02
3.7585e-02 -3.7473e-02 -3.7473e-02 -3.0462e-02 1.6389e-02 9.0737e-03 9.8768e-03 2.2372e-02 2.3430e-01 -2.0432e-01 -2.7206e-01 -3.9095e-01 3.1665e-01 3.1665e-01 -6.1941e-01 8.8835e-01 1.0000e+00 7.0883e-01 3.7447e-01 -3.8017e-01 -9.4748e-03 2.6821e-01 4.9681e-02 -2.5382e-01 -2.3468e-01 2.6982e-01 3.1462e-01 7.7914e-02 5.6911e-02 7.7914e-02 6.7294e-02 -1.0502e-01 -2.4817e-01 3.5265e-02 8.3263e-02 -2.4817e-01 -2.4651e-01 -5.8294e-02 1.3320e-01 -6.8392e-02 -7.1706e-02 2.8969e-01 2.7805e-01 -2.2630e-01 -5.2767e-02 -6.1957e-02 2.4382e-01 2.2787e-01 2.3061e-01 2.3607e-01 1.4427e-01 1.0520e-01 1.2839e-01 2.0729e-01 -1.1870e-01 7.7205e-02 -1.8798e-01 1.0617e-01 1.7115e-01 1.2660e-01 -1.7020e-01 -1.0245e-01 -9.0582e-02 -1.7110e-01 -6.0090e-02 4.7398e-03 -1.3918e-01 -1.2323e-01 -1.7911e-01 -1.6874e-01 1.1408e-01 5.6428e-02 -1.0963e-01 -1.0754e-01 -8.9505e-03 -1.0754e-01 -1.5025e-01 -1.1327e-01 -1.1447e-01 -1.5113e-01 -1.1327e-01 -1.6351e-01 -1.1327e-01 -1.1327e-01 -1.1327e-01 1.3879e-01 -1.4142e-01 -1.4660e-01 4.0429e-02 -1.1933e-01 -1.9368e-01 -1.2481e-01 -1.1327e-01 1.6242e-01 -6.2330e-02 -6.2330e-02 -1.4931e-01 1.3375e-01 3.4452e-02 2.5885e-02
-9.4351e-03 -5.8606e-03 -5.8606e-03 8.1636e-04 3.1614e-02 1.1168e-02 2.2838e-02 3.9698e-02 3.6101e-01 -2.1302e-01 -1.8294e-01 -4.3480e-01 3.8233e-01 3.8676e-01 -4.5404e-01 6.2629e-01 7.0883e-01 1.0000e+00 1.1036e-01 -1.7949e-01 -4.4235e-02 2.6101e-01 5.1955e-02 -2.6996e-01 -2.5347e-01 2.7546e-01 3.0713e-01 7.4421e-03 5.9698e-02 3.1070e-03 -3.4593e-03 -6.0811e-02 -2.7104e-01 3.1146e-02 3.8816e-02 -2.6690e-01 -2.6875e-01 -1.7619e-02 5.9856e-02 -2.0976e-02 -2.7810e-02 3.1345e-01 2.9234e-01 -1.6294e-01 -1.5347e-02 -2.6756e-02 2.7518e-01 2.8543e-01 2.7875e-01 2.3994e-01 1.7891e-01 1.5568e-01 1.8841e-01 1.9408e-01 -8.6877e-02 9.4490e-02 -1.5908e-01 4.5906e-02 7.8134e-02 8.5410e-02 -1.5462e-01 -7.1679e-02 -6.3242e-02 -1.5372e-01 -5.8997e-02 2.3083e-02 -1.0369e-01 -9.5105e-02 -1.6223e-01 -1.5060e-01 5.7314e-02 9.6921e-02 -6.2119e-02 -6.7507e-02 5.5167e-03 -6.7507e-02 -8.7012e-02 -7.1679e-02 -8.8346e-02 -9.4129e-02 -7.1679e-02 -1.1388e-01 -7.1679e-02 -7.1679e-02 -7.1679e-02 8.0609e-02 -1.1951e-01 -1.2847e-01 5.5373e-02 -7.3735e-02 -1.8224e-01 -1.3298e-01 -7.1679e-02 1.8870e-01 -3.5848e-02 -3.5848e-02 -1.6143e-01 1.7418e-01 -7.3794e-03 -1.2357e-02
6.4404e-03 -1.0860e-02 -1.0860e-02 -1.0860e-02 -4.3734e-02 -2.6872e-02 -5.4556e-02 -3.3933e-02 1.3137e-01 -1.1504e-01 -2.4166e-01 -3.5812e-01 3.0276e-01 2.9829e-01 -4.9693e-01 4.7183e-01 3.7447e-01 1.1036e-01 1.0000e+00 -6.4802e-01 1.7060e-01 3.4090e-01 2.8369e-01 -3.3702e-01 -3.2250e-01 3.3459e-01 3.3881e-01 3.5628e-01 2.8009e-01 3.5628e-01 3.5473e-01 -8.7749e-02 -3.2088e-01 2.3905e-01 2.6283e-02 -3.2088e-01 -3.1889e-01 -2.5927e-03 2.7482e-01 -2.2128e-02 -1.5174e-02 2.8697e-01 3.2263e-01 -1.5267e-01 -1.7313e-02 -1.6266e-02 2.9162e-01 2.3209e-01 2.3005e-01 2.8176e-01 1.9306e-01 1.6116e-01 9.8259e-02 1.7751e-01 -8.7749e-02 -1.3498e-02 -1.0574e-01 7.8227e-02 1.1166e-01 6.7757e-02 -8.9197e-02 -3.3422e-02 -4.3460e-02 -8.9516e-02 -3.8736e-02 -1.7127e-02 -1.0005e-01 -1.0969e-01 -9.2067e-02 -8.6978e-02 6.1583e-02 -1.0408e-01 -3.0055e-02 -2.7844e-02 -2.7844e-02 -2.7844e-02 -1.1816e-01 -3.3422e-02 -8.9470e-02 -1.3488e-01 -3.3422e-02 -9.7809e-02 -3.3422e-02 -3.3422e-02 -3.3422e-02 7.9051e-02 -9.5843e-02 -9.7505e-02 -2.0245e-02 -1.9296e-02 -1.2008e-01 -1.1041e-01 -1.2623e-02 -3.2369e-02 -9.4891e-02 -9.4891e-02 2.1962e-02 -3.1457e-02 3.7245e-02 1.4229e-02
-9.9945e-03 1.8262e-02 1.8262e-02 1.0620e-02 2.5806e-02 3.5573e-02 3.2936e-02 -1.6257e-03 6.4432e-02 1.7379e-01 3.3220e-01 3.1024e-01 -3.0669e-01 -3.0162e-01 4.1468e-01 -4.3792e-01 -3.8017e-01 -1.7949e-01 -6.4802e-01 1.0000e+00 -1.8939e-01 -7.0968e-02 -1.6015e-01 1.1777e-01 7.6961e-02 -7.6865e-02 -1.2595e-01 -2.3672e-01 -1.5538e-01 -2.3672e-01 -2.3567e-01 1.4685e-01 8.9608e-02 -1.2341e-01 9.0658e-03 8.9608e-02 8.8339e-02 -2.6819e-03 -1.9316e-01 -5.9148e-03 3.5311e-03 -1.2796e-01 -1.2590e-01 2.7358e-01 3.0384e-03 -2.8505e-03 -1.1331e-01 -7.8804e-02 -7.2619e-02 -6.5144e-02 -1.5614e-01 -1.0274e-01 -1.1378e-01 -5.3024e-02 1.4685e-01 5.7549e-02 1.8660e-01 -4.1183e-02 -9.8197e-02 -4.9948e-02 1.7835e-01 8.2521e-02 9.0838e-02 1.8047e-01 1.0226e-01 -2.7106e-02 1.6598e-01 1.6924e-01 1.7633e-01 1.7235e-01 -2.2618e-02 1.5600e-01 6.3620e-02 8.6619e-02 -4.4722e-02 8.6619e-02 7.3959e-02 8.2521e-02 3.7750e-02 8.8093e-02 8.2521e-02 5.9373e-02 8.2521e-02 8.2521e-02 8.2521e-02 -5.2018e-02 1.7371e-01 1.8837e-01 5.7979e-02 7.0887e-02 1.3153e-01 9.1632e-02 7.0729e-02 2.5645e-02 9.4812e-02 9.4812e-02 -7.6916e-03 8.2121e-02 -1.6342e-02 1.6314e-02
2.3186e-02 -1.8404e-02 -1.8404e-02 -1.8404e-02 -1.5037e-02 -5.3314e-03 -2.2295e-02 -8.4357e-03 1.1266e-01 -1.2186e-01 -2.9028e-01 -1.5552e-01 -2.9302e-03 -2.9302e-03 -1.2800e-01 5.1478e-02 -9.4748e-03 -4.4235e-02 1.7060e-01 -1.8939e-01 1.0000e+00 2.3516e-01 2.1574e-03 -2.2108e-01 -2.5524e-01 2.0987e-01 1.8396e-01 1.4852e-01 -7.4948e-03 1.4852e-01 1.4725e-01 1.0191e-01 -2.5224e-01 5.0127e-02 -8.5844e-02 -2.5224e-01 -2.5526e-01 9.3392e-02 1.0389e-01 1.0429e-01 9.7868e-02 1.6756e-01 2.1514e-01 -2.9125e-01 1.0636e-01 1.0219e-01 2.1152e-01 1.8466e-01 1.7382e-01 2.3113e-01 2.7491e-01 3.0136e-01 2.4960e-01 1.3884e-01 5.9192e-02 -7.2005e-02 -1.8438e-01 1.1136e-01 8.6855e-02 1.4039e-01 -1.7702e-01 -4.1623e-03 -1.1154e-02 -1.7852e-01 -1.9275e-01 6.7920e-02 -1.5575e-01 -1.6212e-01 -1.7484e-01 -1.7051e-01 1.0905e-01 1.0826e-01 2.2538e-02 3.7840e-03 7.2168e-02 3.7840e-03 -1.1757e-01 7.0938e-03 -1.5879e-01 -7.6178e-02 7.0938e-03 -1.6839e-01 7.0938e-03 7.0938e-03 7.0938e-03 7.7204e-02 -1.6302e-01 -1.6722e-01 -2.6338e-02 1.6565e-02 -1.9849e-01 -2.2327e-01 7.0938e-03 9.9459e-03 -1.1506e-01 -1.1506e-01 -1.9246e-02 -1.0893e-01 -8.5875e-03 -3.9709e-03
8.2807e-03 -1.8296e-02 -1.8296e-02 -1.1457e-02 5.8229e-03 2.1290e-02 -1.9190e-03 -2.4624e-02 2.3583e-01 -2.0811e-01 -2.0895e-01 -3.0040e-01 1.7923e-01 1.8376e-01 -3.7417e-01 3.3967e-01 2.6821e-01 2.6101e-01 3.4090e-01 -7.0968e-02 2.3516e-01 1.0000e+00 3.7251e-01 -8.6378e-01 -9.0277e-01 9.6867e-01 9.1273e-01 4.9902e-01 3.4188e-01 4.9902e-01 5.0220e-01 1.2517e-01 -8.8324e-01 3.4133e-01 1.6594e-01 -8.8324e-01 -8.8105e-01 -1.4511e-01 4.2806e-01 -1.5745e-01 -1.4339e-01 7.9422e-01 8.2805e-01 -2.0376e-01 -1.5127e-01 -1.6382e-01 7.8566e-01 7.8032e-01 7.6490e-01 7.7768e-01 5.9531e-01 6.3436e-01 5.8314e-01 5.9468e-01 7.1771e-02 1.0266e-01 -2.9722e-01 2.9747e-01 3.2770e-01 2.7602e-01 -2.8092e-01 5.5258e-02 4.8215e-02 -2.8076e-01 -1.5870e-01 -5.6128e-02 -2.3812e-01 -2.5329e-01 -2.7259e-01 -2.7247e-01 2.7478e-01 1.0776e-01 6.1655e-02 5.1776e-02 -9.7837e-02 5.1776e-02 -2.8035e-01 5.5258e-02 -3.0967e-01 -3.6756e-01 5.5258e-02 -2.9319e-01 5.5258e-02 5.5258e-02 5.5258e-02 2.6754e-01 -2.2958e-01 -2.3660e-01 4.4514e-02 6.5268e-02 -2.0178e-01 -2.6130e-01 5.5258e-02 1.6641e-01 -1.6113e-01 -1.6113e-01 -1.6882e-01 1.0276e-01 3.6394e-02 -2.8491e-02
-3.4023e-02 5.3690e-03 5.3690e-03 5.3690e-03 2.6061e-02 1.1824e-02 5.7815e-03 2.0704e-02 5.0028e-02 -1.1251e-01 -6.9500e-02 -1.1686e-01 -6.5635e-02 -6.5635e-02 -2.0020e-01 1.5461e-01 4.9681e-02 5.1955e-02 2.8369e-01 -1.6015e-01 2.1574e-03 3.7251e-01 1.0000e+00 -3.5558e-01 -3.4037e-01 3.6640e-01 3.6224e-01 6.8599e-01 9.5593e-01 6.8599e-01 6.9898e-01 -7.2732e-02 -3.4415e-01 8.2441e-01 8.7012e-02 -3.4415e-01 -3.3950e-01 -8.4328e-02 4.5398e-01 -9.0910e-02 -8.7012e-02 3.3028e-01 3.4562e-01 -8.8328e-02 -9.2178e-02 -8.9627e-02 3.3332e-01 3.0324e-01 3.0398e-01 3.0547e-01 2.7520e-01 2.5832e-01 2.0869e-01 2.7298e-03 -5.5700e-02 -4.9751e-02 -1.2980e-01 6.6321e-02 1.3893e-01 5.7206e-02 -1.2089e-01 -1.2648e-02 -8.0574e-03 -1.1579e-01 -5.6051e-02 1.1572e-01 -1.2769e-01 -1.4569e-01 -1.1482e-01 -1.1676e-01 8.8041e-02 -2.9015e-02 -2.3245e-02 -1.0381e-02 7.1417e-02 -1.0381e-02 -6.3307e-02 -1.2648e-02 -5.1808e-02 -1.2422e-01 -1.2648e-02 -5.5062e-02 -1.2648e-02 -1.2648e-02 -1.2648e-02 4.2281e-02 -1.4414e-01 -1.3968e-01 -5.6496e-02 3.2835e-02 -9.0587e-02 -1.1218e-01 1.4280e-02 -3.9834e-02 -9.8108e-02 -9.8108e-02 3.8195e-02 -6.7559e-02 3.1884e-02 2.3955e-02
-3.7385e-03 1.5151e-02 1.5151e-02 8.2604e-03 -2.6289e-03 -2.0983e-03 5.0180e-03 9.2836e-03 -1.8913e-01 1.7609e-01 2.1955e-01 2.8982e-01 -1.7043e-01 -1.7499e-01 3.8550e-01 -3.2733e-01 -2.5382e-01 -2.6996e-01 -3.3702e-01 1.1777e-01 -2.2108e-01 -8.6378e-01 -3.5558e-01 1.0000e+00 9.4948e-01 -8.8680e-01 -9.1641e-01 -5.0934e-01 -3.6217e-01 -5.0934e-01 -5.0814e-01 1.0736e-01 9.1290e-01 -3.3052e-01 1.2239e-01 9.1290e-01 9.1075e-01 -1.1723e-01 -4.1386e-01 -1.2979e-01 -1.2239e-01 -9.0015e-01 -9.3011e-01 2.1111e-01 -1.2142e-01 -1.1631e-01 -8.9153e-01 -8.1605e-01 -7.9617e-01 -8.0914e-01 -7.0562e-01 -6.6668e-01 -6.1924e-01 -6.1860e-01 1.4771e-01 -1.1328e-01 2.3017e-01 -2.7096e-01 -3.1104e-01 -2.6177e-01 2.1880e-01 9.9369e-02 1.1011e-01 2.1911e-01 9.3511e-02 4.8956e-02 1.8791e-01 2.0079e-01 2.1064e-01 2.1099e-01 -2.5702e-01 -1.0344e-01 7.4940e-02 1.0466e-01 9.3895e-02 1.0466e-01 2.7130e-01 9.9369e-02 2.4330e-01 2.9830e-01 9.9369e-02 2.7855e-01 9.9369e-02 9.9369e-02 9.9369e-02 -2.5490e-01 1.6513e-01 1.7635e-01 -5.0696e-02 8.4336e-02 2.8178e-01 2.3937e-01 8.8736e-02 -1.4343e-01 1.3428e-01 1.3428e-01 1.4542e-01 -1.0626e-01 -1.8977e-02 4.9021e-02
2.4271e-03 8.5777e-03 8.5777e-03 1.6075e-03 1.7067e-03 3.6387e-03 9.2369e-03 3.3078e-02 -2.2894e-01 1.9537e-01 2.3429e-01 2.8015e-01 -1.7412e-01 -1.7874e-01 3.5225e-01 -3.0509e-01 -2.3468e-01 -2.5347e-01 -3.2250e-01 7.6961e-02 -2.5524e-01 -9.0277e-01 -3.4037e-01 9.4948e-01 1.0000e+00 -9.3024e-01 -8.7797e-01 -4.8798e-01 -3.4698e-01 -4.8798e-01 -4.8682e-01 -1.1620e-01 9.5466e-01 -3.1635e-01 1.1604e-01 9.5466e-01 9.5256e-01 -1.1106e-01 -3.9521e-01 -1.2318e-01 -1.1604e-01 -8.6349e-01 -8.9604e-01 2.2144e-01 -1.1460e-01 -1.0966e-01 -8.5955e-01 -8.5405e-01 -8.3400e-01 -8.4725e-01 -6.6156e-01 -6.9903e-01 -6.4506e-01 -5.9393e-01 -6.1778e-02 -1.0853e-01 2.6248e-01 -2.5618e-01 -2.9305e-01 -2.4559e-01 2.5090e-01 -4.1717e-02 -3.4934e-02 2.5129e-01 1.2566e-01 5.6419e-02 2.2248e-01 2.3480e-01 2.4268e-01 2.4312e-01 -2.4721e-01 -9.7743e-02 -5.7441e-02 -3.8365e-02 1.0321e-01 -3.8365e-02 2.5804e-01 -4.1717e-02 2.8634e-01 3.3663e-01 -4.1717e-02 2.6605e-01 -4.1717e-02 -4.1717e-02 -4.1717e-02 -2.3814e-01 1.9831e-01 2.0943e-01 -4.3635e-02 -5.1344e-02 2.2189e-01 2.6292e-01 -4.1717e-02 -1.3683e-01 1.5003e-01 1.5003e-01 1.3803e-01 -1.0794e-01 -2.4792e-02 5.4868e-02
-5.9571e-03 -1.0788e-02 -1.0788e-02 -3.9453e-03 5.6112e-03 6.0432e-03 -2.1241e-03 -2.4860e-02 2.4229e-01 -2.0906e-01 -2.1718e-01 -3.0635e-01 1.9617e-01 2.0071e-01 -3.7553e-01 3.4119e-01 2.6982e-01 2.7546e-01 3.3459e-01 -7.6865e-02 2.0987e-01 9.6867e-01 3.6640e-01 -8.8680e-01 -9.3024e-01 1.0000e+00 9.4381e-01 5.2457e-01 3.7300e-01 5.2457e-01 5.2333e-01 1.2491e-01 -9.1064e-01 3.4060e-01 1.7767e-01 -9.1064e-01 -9.0844e-01 -1.5716e-01 4.2711e-01 -1.6875e-01 -1.5511e-01 8.2164e-01 8.5104e-01 -2.0424e-01 -1.6244e-01 -1.7527e-01 8.0877e-01 8.0827e-01 7.8847e-01 8.0123e-01 6.1949e-01 6.5909e-01 6.0834e-01 6.2154e-01 7.1485e-02 1.1667e-01 -2.9827e-01 2.9571e-01 3.2170e-01 2.6581e-01 -2.8195e-01 5.4874e-02 4.7839e-02 -2.8179e-01 -1.5108e-01 -4.3880e-02 -2.3933e-01 -2.5447e-01 -2.7361e-01 -2.7350e-01 2.7305e-01 1.0747e-01 6.1247e-02 5.1396e-02 -8.7594e-02 5.1396e-02 -2.7865e-01 5.4874e-02 -3.0747e-01 -3.6922e-01 5.4874e-02 -2.8294e-01 5.4874e-02 5.4874e-02 5.4874e-02 2.6587e-01 -2.3071e-01 -2.3772e-01 4.4159e-02 6.4873e-02 -2.0267e-01 -2.6210e-01 5.4874e-02 1.6069e-01 -1.6745e-01 -1.6745e-01 -1.5866e-01 1.1192e-01 3.6066e-02 -4.5056e-02
2.5482e-03 -2.2548e-02 -2.2548e-02 -1.5781e-02 1.1483e-02 1.3807e-02 3.5548e-03 -1.8382e-02 2.1359e-01 -1.8330e-01 -1.9818e-01 -3.1488e-01 1.9793e-01 2.0241e-01 -4.1243e-01 3.8672e-01 3.1462e-01 3.0713e-01 3.3881e-01 -1.2595e-01 1.8396e-01 9.1273e-01 3.6224e-01 -9.1641e-01 -8.7797e-01 9.4381e-01 1.0000e+00 5.3383e-01 3.6891e-01 5.3383e-01 5.3250e-01 -9.2199e-02 -8.7072e-01 3.3365e-01 1.6514e-01 -8.7072e-01 -8.6845e-01 -1.4519e-01 4.3067e-01 -1.5585e-01 -1.4284e-01 8.5883e-01 8.8508e-01 -2.2426e-01 -1.4945e-01 -1.6245e-01 8.4134e-01 7.7344e-01 7.5376e-01 7.6618e-01 6.6659e-01 6.3206e-01 6.1197e-01 6.6114e-01 -1.3183e-01 1.2361e-01 -2.8616e-01 3.1678e-01 3.4344e-01 2.9462e-01 -2.7029e-01 -1.1191e-01 -1.2372e-01 -2.6987e-01 -1.3563e-01 -3.4020e-02 -2.3501e-01 -2.3719e-01 -2.6191e-01 -2.6154e-01 2.9712e-01 1.0318e-01 -9.4918e-02 -1.1773e-01 -7.5440e-02 -1.1773e-01 -3.0596e-01 -1.1191e-01 -2.7545e-01 -3.4052e-01 -1.1191e-01 -3.1654e-01 -1.1191e-01 -1.1191e-01 -1.1191e-01 2.9622e-01 -2.1472e-01 -2.2223e-01 5.4063e-02 -9.5388e-02 -2.7914e-01 -2.4034e-01 -1.0147e-01 1.7724e-01 -1.4421e-01 -1.4421e-01 -1.7628e-01 1.2331e-01 3.2961e-02 -3.7381e-02
-9.2775e-03 -8.5973e-03 -8.5973e-03 -8.5973e-03 1.4311e-02 4.4144e-03 -2.6053e-04 7.6975e-03 -3.9809e-02 -7.6928e-02 -1.1288e-01 -1.5580e-01 3.2587e-02 3.2587e-02 -2.5920e-01 1.8256e-01 7.7914e-02 7.4421e-03 3.5628e-01 -2.3672e-01 1.4852e-01 4.9902e-01 6.8599e-01 -5.0934e-01 -4.8798e-01 5.2457e-01 5.3383e-01 1.0000e+00 7.1105e-01 9.9528e-01 9.8818e-01 -1.0263e-01 -4.8877e-01 5.5898e-01 1.2279e-01 -4.8877e-01 -4.8532e-01 -1.1900e-01 7.9886e-01 -1.2829e-01 -1.2279e-01 4.7547e-01 4.8807e-01 -1.2464e-01 -1.3008e-01 -1.2648e-01 4.6170e-01 4.2363e-01 4.2468e-01 4.1753e-01 3.8391e-01 3.5503e-01 3.1084e-01 1.7613e-01 -8.8436e-02 -2.0082e-02 -1.8094e-01 1.7828e-01 2.6217e-01 1.3964e-01 -1.7243e-01 -3.0827e-02 -4.7706e-02 -1.6927e-01 -8.4328e-02 5.1855e-02 -1.7944e-01 -1.9705e-01 -1.6792e-01 -1.7644e-01 1.9872e-01 -6.8807e-02 -4.5053e-02 -2.7791e-02 2.9034e-02 -2.7791e-02 -1.7768e-01 -3.0827e-02 -1.1869e-01 -2.1484e-01 -3.0827e-02 -1.3367e-01 -3.0827e-02 -3.0827e-02 -3.0827e-02 1.7077e-01 -1.8561e-01 -1.7915e-01 -3.5755e-02 3.7904e-03 -1.3620e-01 -1.5443e-01 -8.3791e-03 -7.1359e-02 -1.8040e-01 -1.8040e-01 7.5448e-02 -7.5801e-02 7.4632e-03 -1.4186e-02
-3.4336e-02 6.2141e-03 6.2141e-03 6.2141e-03 2.5731e-02 -7.6132e-03 5.5091e-03 2.0374e-02 6.3218e-02 -1.2799e-01 -7.0110e-02 -1.3991e-01 -4.4044e-02 -4.4044e-02 -2.0724e-01 1.6162e-01 5.6911e-02 5.9698e-02 2.8009e-01 -1.5538e-01 -7.4948e-03 3.4188e-01 9.5593e-01 -3.6217e-01 -3.4698e-01 3.7300e-01 3.6891e-01 7.1105e-01 1.0000e+00 7.1105e-01 7.0142e-01 -7.2979e-02 -3.5075e-01 8.0727e-01 8.7308e-02 -3.5075e-01 -3.4611e-01 -8.4614e-02 4.3335e-01 -9.1219e-02 -8.7308e-02 3.3690e-01 3.4688e-01 -8.8628e-02 -9.2491e-02 -8.9931e-02 3.3455e-01 3.0991e-01 3.1066e-01 3.1214e-01 2.8198e-01 2.6520e-01 2.1575e-01 2.0976e-02 -5.5984e-02 -3.1881e-02 -1.3067e-01 7.4157e-02 1.4635e-01 5.9520e-02 -1.2177e-01 -4.0010e-02 -3.6104e-02 -1.1669e-01 -4.6144e-02 1.1504e-01 -1.3501e-01 -1.4671e-01 -1.1572e-01 -1.1766e-01 9.5907e-02 -2.9383e-02 -4.9111e-02 -3.8078e-02 7.0748e-02 -3.8078e-02 -6.6058e-02 -4.0010e-02 -3.8227e-02 -1.2043e-01 -4.0010e-02 -5.2139e-02 -4.0010e-02 -4.0010e-02 -4.0010e-02 4.5142e-02 -1.3868e-01 -1.3416e-01 -4.2290e-02 6.2897e-03 -9.9039e-02 -1.1280e-01 -1.3141e-02 -4.7120e-02 -1.0584e-01 -1.0584e-01 4.5468e-02 -5.5826e-02 3.1375e-02 2.3573e-02
-9.2775e-03 -8.5973e-03 -8.5973e-03 -8.5973e-03 1.4311e-02 4.4144e-03 -2.6053e-04 7.6975e-03 -3.9809e-02 -8.3045e-02 -1.1288e-01 -1.5580e-01 2.7768e-02 2.7768e-02 -2.5920e-01 1.8256e-01 7.7914e-02 3.1070e-03 3.5628e-01 -2.3672e-01 1.4852e-01 4.9902e-01 6.8599e-01 -5.0934e-01 -4.8798e-01 5.2457e-01 5.3383e-01 9.9528e-01 7.1105e-01 1.0000e+00 9.8818e-01 -1.0263e-01 -4.8877e-01 5.5898e-01 1.2279e-01 -4.8877e-01 -4.8532e-01 -1.1900e-01 7.9886e-01 -1.2829e-01 -1.2279e-01 4.7547e-01 4.8807e-01 -1.2464e-01 -1.3008e-01 -1.2648e-01 4.6170e-01 4.2363e-01 4.2468e-01 4.1753e-01 3.8391e-01 3.5997e-01 3.1084e-01 1.8046e-01 -8.8436e-02 -2.0082e-02 -1.8094e-01 1.7828e-01 2.6217e-01 1.3964e-01 -1.7243e-01 -3.0827e-02 -4.7706e-02 -1.6927e-01 -8.4328e-02 5.1855e-02 -1.7944e-01 -1.9705e-01 -1.6792e-01 -1.7644e-01 1.9872e-01 -6.8807e-02 -4.5053e-02 -2.7791e-02 2.9034e-02 -2.7791e-02 -1.7768e-01 -3.0827e-02 -1.1869e-01 -2.1484e-01 -3.0827e-02 -1.3367e-01 -3.0827e-02 -3.0827e-02 -3.0827e-02 1.7077e-01 -1.8561e-01 -1.7915e-01 -3.5755e-02 3.7904e-03 -1.3620e-01 -1.5443e-01 -8.3791e-03 -7.1359e-02 -1.8040e-01 -1.8040e-01 7.5448e-02 -7.5801e-02 7.4632e-03 -1.4186e-02
-8.9620e-03 -9.3219e-03 -9.3219e-03 -9.3219e-03 1.4553e-02 2.0652e-02 -4.3462e-05 7.9430e-03 -4.2248e-02 -7.6100e-02 -1.1235e-01 -1.4975e-01 2.4328e-02 2.4328e-02 -2.4822e-01 1.7190e-01 6.7294e-02 -3.4593e-03 3.5473e-01 -2.3567e-01 1.4725e-01 5.0220e-01 6.9898e-01 -5.0814e-01 -4.8682e-01 5.2333e-01 5.3250e-01 9.8818e-01 7.0142e-01 9.8818e-01 1.0000e+00 -1.0239e-01 -4.8760e-01 5.7234e-01 1.2250e-01 -4.8760e-01 -4.8415e-01 -1.1872e-01 8.1097e-01 -1.2798e-01 -1.2250e-01 4.7430e-01 4.8684e-01 -1.2435e-01 -1.2977e-01 -1.2618e-01 4.6050e-01 4.2254e-01 4.2359e-01 4.1642e-01 3.8291e-01 3.5902e-01 3.0991e-01 1.6971e-01 -8.8181e-02 -5.0124e-02 -1.8015e-01 1.8047e-01 2.6463e-01 1.4643e-01 -1.7163e-01 -3.0421e-02 -4.7327e-02 -1.6846e-01 -9.2590e-02 5.2264e-02 -1.8362e-01 -2.0142e-01 -1.6711e-01 -1.7564e-01 2.0088e-01 -6.8511e-02 -4.4632e-02 -2.7388e-02 2.9491e-02 -2.7388e-02 -1.7979e-01 -3.0421e-02 -1.2568e-01 -2.1799e-01 -3.0421e-02 -1.4049e-01 -3.0421e-02 -3.0421e-02 -3.0421e-02 1.7284e-01 -1.9009e-01 -1.8369e-01 -4.7565e-02 4.2466e-03 -1.3548e-01 -1.5386e-01 -7.9514e-03 -7.4818e-02 -1.7392e-01 -1.7392e-01 7.8831e-02 -7.5387e-02 7.8372e-03 -1.3923e-02
-2.3376e-02 2.9781e-02 2.9781e-02 2.9781e-02 4.6199e-02 2.6162e-02 4.9996e-02 4.2823e-02 9.4504e-02 -6.4929e-02 -4.5950e-02 8.6299e-02 -3.9860e-02 -3.9860e-02 7.3169e-02 -1.2050e-01 -1.0502e-01 -6.0811e-02 -8.7749e-02 1.4685e-01 1.0191e-01 1.2517e-01 -7.2732e-02 1.0736e-01 -1.1620e-01 1.2491e-01 -9.2199e-02 -1.0263e-01 -7.2979e-02 -1.0263e-01 -1.0239e-01 1.0000e+00 -1.1746e-01 -6.7734e-02 2.9239e-02 -1.1746e-01 -1.1772e-01 -2.8336e-02 -8.8225e-02 -3.0548e-02 -2.9239e-02 -1.1469e-01 -1.0698e-01 -2.9681e-02 -3.0974e-02 -3.0117e-02 -9.9557e-02 1.0751e-01 1.0775e-01 1.0824e-01 -1.3301e-01 9.2771e-02 7.3267e-02 -5.9889e-02 6.1584e-01 -2.2827e-02 -5.1948e-02 -1.0663e-01 -1.0735e-01 -1.2713e-01 -5.1360e-02 4.0727e-01 4.1935e-01 -5.1948e-02 -5.6636e-02 -2.5962e-02 -6.9072e-02 -6.5078e-02 -5.1655e-02 -5.2241e-02 -9.0008e-02 1.4343e-02 3.8063e-01 4.1320e-01 -3.0974e-02 4.1320e-01 1.0105e-01 4.0727e-01 -4.3507e-02 -3.3050e-02 4.0727e-01 1.0363e-01 4.0727e-01 4.0727e-01 4.0727e-01 -9.7868e-02 -6.2645e-02 -6.1280e-02 -2.8791e-02 3.9074e-01 2.0710e-01 -3.0551e-02 3.7353e-01 -7.1272e-02 -3.9948e-02 -3.9948e-02 7.3969e-02 -3.4994e-02 1.3147e-02 -1.9874e-02
8.7222e-04 1.8920e-02 1.8920e-02 1.1971e-02 6.1333e-04 -1.3014e-02 8.1716e-03 3.1840e-02 -2.4591e-01 2.0216e-01 2.3053e-01 2.8783e-01 -1.9848e-01 -2.0308e-01 3.6414e-01 -3.1959e-01 -2.4817e-01 -2.7104e-01 -3.2088e-01 8.9608e-02 -2.5224e-01 -8.8324e-01 -3.4415e-01 9.1290e-01 9.5466e-01 -9.1064e-01 -8.7072e-01 -4.8877e-01 -3.5075e-01 -4.8877e-01 -4.8760e-01 -1.1746e-01 1.0000e+00 -3.1987e-01 1.4053e-01 9.9569e-01 9.9354e-01 -1.3619e-01 -4.0468e-01 -1.1383e-01 -1.4053e-01 -9.0066e-01 -9.3224e-01 2.5268e-01 -1.0544e-01 -1.0018e-01 -8.8363e-01 -8.8422e-01 -8.6419e-01 -8.7730e-01 -6.8978e-01 -7.2849e-01 -6.7586e-01 -6.1869e-01 -6.3207e-02 -1.0971e-01 2.9053e-01 -2.6090e-01 -3.0271e-01 -2.5170e-01 2.7358e-01 -4.3668e-02 -3.6850e-02 2.7380e-01 1.2781e-01 5.4528e-02 2.3598e-01 2.4898e-01 2.6531e-01 2.6558e-01 -2.5172e-01 -9.9163e-02 -5.9479e-02 -4.0298e-02 1.0084e-01 -4.0298e-02 2.6238e-01 -4.3668e-02 2.9739e-01 3.5835e-01 -4.3668e-02 2.7642e-01 -4.3668e-02 -4.3668e-02 -4.3668e-02 -2.4232e-01 2.1307e-01 2.2444e-01 -5.7028e-02 -5.3347e-02 2.1715e-01 2.5866e-01 -4.3668e-02 -1.3391e-01 1.4469e-01 1.4469e-01 1.2632e-01 -1.0021e-01 -2.6467e-02 5.3384e-02
-2.7521e-02 2.4216e-02 2.4216e-02 2.4216e-02 3.3053e-02 1.9958e-02 3.8990e-02 2.7695e-02 9.0722e-02 -1.0302e-01 -7.6990e-02 -1.2847e-01 -5.8959e-02 -5.8959e-02 -1.9057e-01 1.4912e-01 3.5265e-02 3.1146e-02 2.3905e-01 -1.2341e-01 5.0127e-02 3.4133e-01 8.2441e-01 -3.3052e-01 -3.1635e-01 3.4060e-01 3.3365e-01 5.5898e-01 8.0727e-01 5.5898e-01 5.7234e-01 -6.7734e-02 -3.1987e-01 1.0000e+00 8.1033e-02 -3.1987e-01 -3.2057e-01 -7.8533e-02 3.0936e-01 -8.4663e-02 -8.1033e-02 3.0568e-01 3.1998e-01 -8.2259e-02 -8.5844e-02 -8.3468e-02 3.0852e-01 2.8044e-01 2.8114e-01 2.8253e-01 2.6031e-01 2.4469e-01 1.9431e-01 5.5549e-02 -4.9878e-02 -6.3263e-02 -1.1920e-01 1.4222e-01 2.3395e-01 6.8802e-02 -1.1007e-01 -3.0547e-02 -2.6753e-02 -1.1185e-01 -3.6017e-02 1.3038e-01 -1.3041e-01 -1.4451e-01 -1.1096e-01 -1.1274e-01 1.0909e-01 -2.1370e-02 -3.9364e-02 -2.8672e-02 8.5674e-02 -2.8672e-02 -1.2079e-01 -3.0547e-02 -5.1078e-02 -1.4156e-01 -3.0547e-02 -7.2899e-02 -3.0547e-02 -3.0547e-02 -3.0547e-02 1.1967e-01 -1.4397e-01 -1.3991e-01 -6.4493e-02 1.8553e-02 -8.9649e-02 -1.0847e-01 -2.3153e-03 5.3126e-02 -1.6192e-01 -1.6192e-01 -4.3212e-02 6.9204e-02 4.2649e-02 3.2044e-02
