1.0000e+00 -3.9115e-02 9.6652e-03 -3.1231e-02 7.4799e-02 -2.0707e-02 2.7451e-02 6.1222e-02 1.3236e-01 1.3236e-01 1.9134e-02 5.9879e-02 6.0941e-02 -1.3236e-01 -4.8522e-03 -3.8512e-02 -1.1835e-02 2.3790e-02 2.0380e-03 -9.8473e-03 3.9110e-03 2.6670e-03
-3.9115e-02 1.0000e+00 -2.5609e-02 -6.4661e-02 7.1163e-03 -2.7827e-02 2.2342e-02 1.6943e-03 6.5031e-03 6.5031e-03 -5.4391e-03 4.2925e-02 4.4911e-02 -6.5031e-03 -2.1394e-04 -2.7490e-02 -1.7764e-02 1.9102e-02 1.6675e-02 2.2098e-02 -5.4598e-03 -8.5842e-03
9.6652e-03 -2.5609e-02 1.0000e+00 7.9929e-01 4.2948e-02 6.0993e-02 -1.7576e-02 2.1623e-02 -1.1675e-02 -1.1675e-02 -1.3692e-01 -1.4479e-01 -1.4291e-01 1.1675e-02 -1.3081e-01 -1.2282e-01 -6.3347e-02 1.3395e-02 -2.4737e-02 -9.4282e-02 -5.5902e-02 -5.0012e-02
-3.1231e-02 -6.4661e-02 7.9929e-01 1.0000e+00 6.4003e-02 5.0300e-02 -1.3383e-02 2.0097e-02 1.0133e-02 1.0133e-02 -8.8053e-02 -1.6248e-01 -1.6201e-01 -1.0133e-02 -1.0133e-01 -9.5491e-02 -2.2869e-02 -8.2547e-03 1.4296e-02 -7.2204e-02 -7.8019e-03 -5.1280e-06
7.4799e-02 7.1163e-03 4.2948e-02 6.4003e-02 1.0000e+00 -4.9889e-03 -3.5455e-02 8.6752e-02 3.6276e-01 3.6276e-01 -7.6115e-02 5.4685e-02 5.6728e-02 -3.6276e-01 -4.0001e-02 -7.4327e-02 -6.4916e-02 1.4129e-01 6.0254e-03 -2.3683e-02 4.6082e-02 4.3369e-02
-2.0707e-02 -2.7827e-02 6.0993e-02 5.0300e-02 -4.9889e-03 1.0000e+00 -8.7175e-02 -2.6228e-01 -3.3999e-02 -3.3999e-02 -7.9106e-02 -4.9645e-02 -4.9006e-02 3.3999e-02 -6.5219e-02 -3.8598e-02 -5.3705e-02 2.4554e-02 -1.2615e-01 -1.2617e-02 -1.0662e-01 -1.0906e-01
2.7451e-02 2.2342e-02 -1.7576e-02 -1.3383e-02 -3.5455e-02 -8.7175e-02 1.0000e+00 3.3238e-01 -8.7823e-02 -8.7823e-02 -2.3561e-01 5.6324e-01 5.6948e-01 8.7823e-02 -1.7275e-01 -1.9492e-01 -1.7395e-01 -4.4505e-02 -2.1642e-02 -4.1457e-02 2.8416e-02 2.9291e-02
6.1222e-02 1.6943e-03 2.1623e-02 2.0097e-02 8.6752e-02 -2.6228e-01 3.3238e-01 1.0000e+00 1.0745e-01 1.0745e-01 2.5082e-01 2.0667e-01 2.1065e-01 -1.0745e-01 1.7796e-01 2.5807e-02 2.1549e-01 -1.1621e-01 -1.0814e-01 1.9299e-02 -8.8443e-02 -8.2892e-02
1.3236e-01 6.5031e-03 -1.1675e-02 1.0133e-02 3.6276e-01 -3.3999e-02 -8.7823e-02 1.0745e-01 1.0000e+00 1.0000e+00 -1.0137e-01 -8.6347e-02 -8.5658e-02 -1.0000e+00 -6.9175e-02 -1.1154e-01 -7.7185e-02 5.3164e-02 7.7207e-02 -1.6168e-02 9.1871e-02 9.0478e-02
1.3236e-01 6.5031e-03 -1.1675e-02 1.0133e-02 3.6276e-01 -3.3999e-02 -8.7823e-02 1.0745e-01 1.0000e+00 1.0000e+00 -1.0137e-01 -8.6347e-02 -8.5658e-02 -1.0000e+00 -6.9175e-02 -1.1154e-01 -7.7185e-02 5.3164e-02 7.7207e-02 -1.6168e-02 9.1871e-02 9.0478e-02
1.9134e-02 -5.4391e-03 -1.3692e-01 -8.8053e-02 -7.6115e-02 -7.9106e-02 -2.3561e-01 2.5082e-01 -1.0137e-01 -1.0137e-01 1.0000e+00 -2.0091e-01 -1.9931e-01 1.0137e-01 7.6580e-01 5.6446e-01 7.2944e-01 -1.1012e-01 9.0972e-02 1.5949e-01 9.0855e-02 8.6679e-02
5.9879e-02 4.2925e-02 -1.4479e-01 -1.6248e-01 5.4685e-02 -4.9645e-02 5.6324e-01 2.0667e-01 -8.6347e-02 -8.6347e-02 -2.0091e-01 1.0000e+00 9.9202e-01 8.6347e-02 -1.5748e-01 -8.9116e-02 -1.6451e-01 2.0175e-02 -1.3174e-01 -3.2043e-02 -5.3694e-02 -5.8247e-02
6.0941e-02 4.4911e-02 -1.4291e-01 -1.6201e-01 5.6728e-02 -4.9006e-02 5.6948e-01 2.1065e-01 -8.5658e-02 -8.5658e-02 -1.9931e-01 9.9202e-01 1.0000e+00 8.5658e-02 -1.5611e-01 -8.6291e-02 -1.6299e-01 2.1908e-02 -1.2811e-01 -3.1788e-02 -4.9751e-02 -5.4241e-02
-1.3236e-01 -6.5031e-03 1.1675e-02 -1.0133e-02 -3.6276e-01 3.3999e-02 8.7823e-02 -1.0745e-01 -1.0000e+00 -1.0000e+00 1.0137e-01 8.6347e-02 8.5658e-02 1.0000e+00 6.9175e-02 1.1154e-01 7.7185e-02 -5.3164e-02 -7.7207e-02 1.6168e-02 -9.1871e-02 -9.0478e-02
-4.8522e-03 -2.1394e-04 -1.3081e-01 -1.0133e-01 -4.0001e-02 -6.5219e-02 -1.7275e-01 1.7796e-01 -6.9175e-02 -6.9175e-02 7.6580e-01 -1.5748e-01 -1.5611e-01 6.9175e-02 1.0000e+00 4.7576e-01 6.2140e-01 -1.0356e-01 2.8735e-02 1.9345e-01 4.8789e-02 4.5148e-02
-3.8512e-02 -2.7490e-02 -1.2282e-01 -9.5491e-02 -7.4327e-02 -3.8598e-02 -1.9492e-01 2.5807e-02 -1.1154e-01 -1.1154e-01 5.6446e-01 -8.9116e-02 -8.6291e-02 1.1154e-01 4.7576e-01 1.0000e+00 7.0126e-01 -1.4252e-01 1.2770e-01 1.3155e-01 1.1229e-01 1.0724e-01
-1.1835e-02 -1.7764e-02 -6.3347e-02 -2.2869e-02 -6.4916e-02 -5.3705e-02 -1.7395e-01 2.1549e-01 -7.7185e-02 -7.7185e-02 7.2944e-01 -1.6451e-01 -1.6299e-01 7.7185e-02 6.2140e-01 7.0126e-01 1.0000e+00 -1.1403e-01 1.9262e-01 1.7812e-01 1.6972e-01 1.6666e-01
2.3790e-02 1.9102e-02 1.3395e-02 -8.2547e-03 1.4129e-01 2.4554e-02 -4.4505e-02 -1.1621e-01 5.3164e-02 5.3164e-02 -1.1012e-01 2.0175e-02 2.1908e-02 -5.3164e-02 -1.0356e-01 -1.4252e-01 -1.1403e-01 1.0000e+00 1.3066e-01 -2.2143e-02 1.1462e-01 1.1263e-01
2.0380e-03 1.6675e-02 -2.4737e-02 1.4296e-02 6.0254e-03 -1.2615e-01 -2.1642e-02 -1.0814e-01 7.7207e-02 7.7207e-02 9.0972e-02 -1.3174e-01 -1.2811e-01 -7.7207e-02 2.8735e-02 1.2770e-01 1.9262e-01 1.3066e-01 1.0000e+00 3.7982e-02 7.4233e-01 7.4655e-01
-9.8473e-03 2.2098e-02 -9.4282e-02 -7.2204e-02 -2.3683e-02 -1.2617e-02 -4.1457e-02 1.9299e-02 -1.6168e-02 -1.6168e-02 1.5949e-01 -3.2043e-02 -3.1788e-02 1.6168e-02 1.9345e-01 1.3155e-01 1.7812e-01 -2.2143e-02 3.7982e-02 1.0000e+00 3.8706e-02 3.8224e-02
3.9110e-03 -5.4598e-03 -5.5902e-02 -7.8019e-03 4.6082e-02 -1.0662e-01 2.8416e-02 -8.8443e-02 9.1871e-02 9.1871e-02 9.0855e-02 -5.3694e-02 -4.9751e-02 -9.1871e-02 4.8789e-02 1.1229e-01 1.6972e-01 1.1462e-01 7.4233e-01 3.8706e-02 1.0000e+00 9.8755e-01
2.6670e-03 -8.5842e-03 -5.0012e-02 -5.1280e-06 4.3369e-02 -1.0906e-01 2.9291e-02 -8.2892e-02 9.0478e-02 9.0478e-02 8.6679e-02 -5.8247e-02 -5.4241e-02 -9.0478e-02 4.5148e-02 1.0724e-01 1.6666e-01 1.1263e-01 7.4655e-01 3.8224e-02 9.8755e-01 1.0000e+00
