1.0000e+00 -2.7918e-01 -5.4898e-01 1.7030e-01 1.3022e-01 -2.1581e-02 8.7399e-03 9.5690e-02 3.0070e-04 -3.3594e-02 -5.9124e-03 -3.4527e-02 -1.9846e-03 -3.3328e-02 -3.7675e-02 2.0821e-02 2.0199e-02 2.4449e-02 -6.8653e-03 -1.0350e-02 -2.1962e-02 1.7486e-02 5.5356e-03 3.8607e-02 2.1379e-02 2.0610e-02 2.4118e-02 7.3149e-03 -1.2208e-02
-2.7918e-01 1.0000e+00 4.3093e-01 -1.1626e-01 -4.0082e-02 8.2294e-02 -8.3470e-02 -9.7267e-02 4.3336e-02 1.7711e-02 -2.7064e-02 8.0971e-03 3.5628e-02 6.0963e-02 -8.4648e-03 -1.3264e-02 -1.1427e-02 2.4162e-02 5.0505e-02 -1.0816e-02 -4.7599e-02 -4.1338e-03 -2.0829e-02 -1.4608e-02 -1.9972e-02 -2.6643e-02 5.5044e-02 -3.4589e-02 3.1692e-02
-5.4898e-01 4.3093e-01 1.0000e+00 -2.5359e-01 9.6274e-02 9.2117e-02 -4.9813e-02 -1.3566e-01 -3.8333e-02 -2.2490e-02 -1.4494e-02 2.3134e-02 3.0261e-02 2.9871e-02 4.3546e-02 -1.4854e-03 4.1824e-03 -1.5343e-02 6.1725e-02 -3.8750e-03 1.0301e-02 -3.8458e-02 1.3096e-02 -5.3124e-02 -4.6078e-02 -2.1059e-02 3.4525e-03 -3.3806e-02 4.1373e-02
1.7030e-01 -1.1626e-01 -2.5359e-01 1.0000e+00 -5.5927e-02 -6.7287e-02 1.5743e-01 1.1775e-01 -3.5895e-02 5.7617e-02 7.3635e-02 2.1824e-02 -2.7166e-02 -1.9750e-02 -3.2902e-02 -3.1321e-02 -2.8814e-02 5.1006e-02 2.3610e-02 -1.6568e-02 2.7418e-02 -1.0969e-02 2.2952e-02 2.4162e-02 -1.0748e-02 -3.1237e-02 1.0825e-02 -2.5156e-02 1.0013e-02
1.3022e-01 -4.0082e-02 9.6274e-02 -5.5927e-02 1.0000e+00 6.6848e-02 -1.0267e-01 -4.9017e-02 -4.4853e-02 -1.5709e-02 -2.3949e-02 4.6005e-02 -1.2030e-02 2.2991e-02 2.2616e-02 -8.9758e-03 -9.7140e-03 -3.8643e-02 3.5465e-02 8.4810e-03 -3.4311e-02 -4.4621e-02 -3.6898e-02 2.2356e-02 -4.2260e-02 -1.2862e-02 1.9563e-02 -1.3445e-02 2.1107e-02
-2.1581e-02 8.2294e-02 9.2117e-02 -6.7287e-02 6.6848e-02 1.0000e+00 -3.8497e-01 -6.6392e-01 -6.0488e-03 3.8894e-03 5.9382e-03 -3.0504e-02 1.7539e-02 2.0821e-02 3.4574e-02 -1.5793e-02 -1.1806e-02 1.5864e-03 -1.5106e-03 -3.3342e-02 1.7596e-02 -1.6602e-02 -4.3962e-02 -2.1944e-03 -7.8121e-03 -1.5146e-02 1.6836e-02 3.0586e-02 -7.4407e-03
8.7399e-03 -8.3470e-02 -4.9813e-02 1.5743e-01 -1.0267e-01 -3.8497e-01 1.0000e+00 3.0912e-01 -1.3497e-01 3.7666e-02 3.9755e-02 1.2908e-03 -1.0488e-02 -3.4306e-02 -7.5331e-02 -1.7027e-02 -1.1408e-02 3.1877e-02 2.6035e-02 -2.9760e-02 1.2230e-02 1.1355e-02 4.8721e-02 -1.0414e-02 3.5056e-02 2.1501e-02 6.1618e-03 2.3161e-02 -2.0877e-02
9.5690e-02 -9.7267e-02 -1.3566e-01 1.1775e-01 -4.9017e-02 -6.6392e-01 3.0912e-01 1.0000e+00 -1.6794e-01 -4.8545e-03 4.0334e-02 1.3565e-02 7.7698e-03 -5.1945e-03 -1.4905e-02 1.6148e-02 1.3208e-02 -2.6924e-02 1.1608e-02 6.9161e-02 -2.8654e-02 2.7458e-02 6.4918e-02 -2.2083e-02 2.4697e-02 -2.3726e-02 -3.8059e-04 -3.3081e-02 2.3819e-02
3.0070e-04 4.3336e-02 -3.8333e-02 -3.5895e-02 -4.4853e-02 -6.0488e-03 -1.3497e-01 -1.6794e-01 1.0000e+00 -7.9427e-03 -4.3826e-02 -1.9878e-02 -4.1217e-02 6.7780e-03 1.2202e-02 -1.0366e-02 -1.2967e-02 -1.6595e-02 -4.7303e-02 -1.7943e-02 -3.2490e-02 -2.2164e-02 -6.0496e-03 -5.2774e-03 -6.2455e-03 -1.7539e-02 4.8808e-03 1.5463e-02 -2.5924e-02
-3.3594e-02 1.7711e-02 -2.2490e-02 5.7617e-02 -1.5709e-02 3.8894e-03 3.7666e-02 -4.8545e-03 -7.9427e-03 1.0000e+00 4.2093e-01 1.0838e-01 -5.4168e-02 -8.6100e-02 -4.0220e-02 1.1054e-02 1.8568e-02 -8.5399e-02 -2.6789e-02 -3.5577e-02 -3.6256e-03 4.7685e-02 3.7097e-02 4.9967e-03 1.1028e-02 1.9783e-02 5.7368e-02 -3.1616e-02 3.3543e-02
-5.9124e-03 -2.7064e-02 -1.4494e-02 7.3635e-02 -2.3949e-02 5.9382e-03 3.9755e-02 4.0334e-02 -4.3826e-02 4.2093e-01 1.0000e+00 4.2325e-02 -4.4530e-02 -6.2196e-02 -5.6374e-02 -8.5305e-02 -8.7852e-02 -8.8251e-02 9.5533e-03 -1.6947e-02 1.3851e-02 4.0396e-02 2.1927e-02 6.0877e-02 -4.7044e-03 4.2843e-02 4.0443e-02 -3.0361e-02 1.2692e-02
-3.4527e-02 8.0971e-03 2.3134e-02 2.1824e-02 4.6005e-02 -3.0504e-02 1.2908e-03 1.3565e-02 -1.9878e-02 1.0838e-01 4.2325e-02 1.0000e+00 1.4659e-02 -1.8451e-01 8.0747e-02 9.8585e-02 1.0094e-01 6.9479e-02 4.7743e-02 3.3390e-02 -3.6005e-02 -9.9724e-03 2.1842e-02 -6.6961e-03 2.5874e-02 -1.6711e-02 1.8324e-02 -4.5093e-02 5.1459e-02
-1.9846e-03 3.5628e-02 3.0261e-02 -2.7166e-02 -1.2030e-02 1.7539e-02 -1.0488e-02 7.7698e-03 -4.1217e-02 -5.4168e-02 -4.4530e-02 1.4659e-02 1.0000e+00 -7.9683e-02 -2.1116e-02 1.5328e-01 1.5203e-01 1.8520e-01 -1.7552e-02 -2.2218e-03 3.2117e-03 -3.2075e-02 -5.3843e-02 3.1559e-02 -2.3993e-02 -2.3266e-02 -2.1450e-02 -7.7340e-03 1.5173e-02
-3.3328e-02 6.0963e-02 2.9871e-02 -1.9750e-02 2.2991e-02 2.0821e-02 -3.4306e-02 -5.1945e-03 6.7780e-03 -8.6100e-02 -6.2196e-02 -1.8451e-01 -7.9683e-02 1.0000e+00 2.5430e-01 -3.2926e-01 -3.3319e-01 2.5492e-01 5.2341e-02 -2.4964e-02 5.4090e-03 -6.0221e-02 -5.2149e-02 2.2975e-02 -5.4485e-03 1.7261e-02 -1.5960e-03 -6.1865e-03 4.7635e-03
-3.7675e-02 -8.4648e-03 4.3546e-02 -3.2902e-02 2.2616e-02 3.4574e-02 -7.5331e-02 -1.4905e-02 1.2202e-02 -4.0220e-02 -5.6374e-02 8.0747e-02 -2.1116e-02 2.5430e-01 1.0000e+00 -1.0905e-01 -1.1002e-01 -5.0840e-02 3.1262e-02 -2.0185e-02 1.4642e-02 1.5477e-02 2.4086e-02 -3.7902e-02 -1.1810e-02 -1.1122e-02 6.7247e-03 4.1134e-02 -2.2111e-02
2.0821e-02 -1.3264e-02 -1.4854e-03 -3.1321e-02 -8.9758e-03 -1.5793e-02 -1.7027e-02 1.6148e-02 -1.0366e-02 1.1054e-02 -8.5305e-02 9.8585e-02 1.5328e-01 -3.2926e-01 -1.0905e-01 1.0000e+00 9.9241e-01 -1.0647e-01 1.8717e-03 1.1923e-02 -4.9330e-02 8.8225e-03 -1.3707e-02 1.9233e-02 -2.0666e-02 -3.0593e-02 -2.7696e-02 1.0458e-02 -2.0181e-03
2.0199e-02 -1.1427e-02 4.1824e-03 -2.8814e-02 -9.7140e-03 -1.1806e-02 -1.1408e-02 1.3208e-02 -1.2967e-02 1.8568e-02 -8.7852e-02 1.0094e-01 1.5203e-01 -3.3319e-01 -1.1002e-01 9.9241e-01 1.0000e+00 -1.0096e-01 -5.3939e-03 1.5906e-02 -5.1173e-02 1.2104e-02 -6.0460e-03 1.4202e-02 -1.9247e-02 -2.9706e-02 -2.4596e-02 8.0031e-03 7.1729e-04
2.4449e-02 2.4162e-02 -1.5343e-02 5.1006e-02 -3.8643e-02 1.5864e-03 3.1877e-02 -2.6924e-02 -1.6595e-02 -8.5399e-02 -8.8251e-02 6.9479e-02 1.8520e-01 2.5492e-01 -5.0840e-02 -1.0647e-01 -1.0096e-01 1.0000e+00 9.6082e-02 -4.3680e-02 -5.9352e-03 -6.3815e-02 -2.7468e-02 1.2137e-03 3.0034e-02 1.8122e-04 1.5818e-02 1.2630e-02 -1.3761e-02
-6.8653e-03 5.0505e-02 6.1725e-02 2.3610e-02 3.5465e-02 -1.5106e-03 2.6035e-02 1.1608e-02 -4.7303e-02 -2.6789e-02 9.5533e-03 4.7743e-02 -1.7552e-02 5.2341e-02 3.1262e-02 1.8717e-03 -5.3939e-03 9.6082e-02 1.0000e+00 3.3992e-02 -1.9096e-02 -1.6509e-02 6.1948e-02 -1.1783e-02 -2.4423e-02 8.0264e-03 -7.1948e-03 2.6042e-02 -4.9453e-02
-1.0350e-02 -1.0816e-02 -3.8750e-03 -1.6568e-02 8.4810e-03 -3.3342e-02 -2.9760e-02 6.9161e-02 -1.7943e-02 -3.5577e-02 -1.6947e-02 3.3390e-02 -2.2218e-03 -2.4964e-02 -2.0185e-02 1.1923e-02 1.5906e-02 -4.3680e-02 3.3992e-02 1.0000e+00 -1.9797e-01 7.4064e-02 8.3740e-02 3.6956e-02 3.3765e-02 3.7881e-02 1.5397e-03 2.0797e-03 -2.2073e-02
-2.1962e-02 -4.7599e-02 1.0301e-02 2.7418e-02 -3.4311e-02 1.7596e-02 1.2230e-02 -2.8654e-02 -3.2490e-02 -3.6256e-03 1.3851e-02 -3.6005e-02 3.2117e-03 5.4090e-03 1.4642e-02 -4.9330e-02 -5.1173e-02 -5.9352e-03 -1.9096e-02 -1.9797e-01 1.0000e+00 -1.0757e-03 5.1264e-02 5.6568e-03 5.0245e-02 1.3267e-02 -8.3388e-03 1.7167e-02 7.4266e-03
1.7486e-02 -4.1338e-03 -3.8458e-02 -1.0969e-02 -4.4621e-02 -1.6602e-02 1.1355e-02 2.7458e-02 -2.2164e-02 4.7685e-02 4.0396e-02 -9.9724e-03 -3.2075e-02 -6.0221e-02 1.5477e-02 8.8225e-03 1.2104e-02 -6.3815e-02 -1.6509e-02 7.4064e-02 -1.0757e-03 1.0000e+00 2.2561e-01 -7.7463e-03 9.8292e-02 7.6782e-02 1.5420e-02 -1.7057e-02 1.8092e-02
5.5356e-03 -2.0829e-02 1.3096e-02 2.2952e-02 -3.6898e-02 -4.3962e-02 4.8721e-02 6.4918e-02 -6.0496e-03 3.7097e-02 2.1927e-02 2.1842e-02 -5.3843e-02 -5.2149e-02 2.4086e-02 -1.3707e-02 -6.0460e-03 -2.7468e-02 6.1948e-02 8.3740e-02 5.1264e-02 2.2561e-01 1.0000e+00 -2.8152e-01 2.1451e-01 -2.6125e-02 9.2610e-02 3.1636e-02 -2.4623e-02
3.8607e-02 -1.4608e-02 -5.3124e-02 2.4162e-02 2.2356e-02 -2.1944e-03 -1.0414e-02 -2.2083e-02 -5.2774e-03 4.9967e-03 6.0877e-02 -6.6961e-03 3.1559e-02 2.2975e-02 -3.7902e-02 1.9233e-02 1.4202e-02 1.2137e-03 -1.1783e-02 3.6956e-02 5.6568e-03 -7.7463e-03 -2.8152e-01 1.0000e+00 -3.4780e-02 9.0579e-02 -7.3536e-02 -1.9804e-02 -4.4822e-03
2.1379e-02 -1.9972e-02 -4.6078e-02 -1.0748e-02 -4.2260e-02 -7.8121e-03 3.5056e-02 2.4697e-02 -6.2455e-03 1.1028e-02 -4.7044e-03 2.5874e-02 -2.3993e-02 -5.4485e-03 -1.1810e-02 -2.0666e-02 -1.9247e-02 3.0034e-02 -2.4423e-02 3.3765e-02 5.0245e-02 9.8292e-02 2.1451e-01 -3.4780e-02 1.0000e+00 -8.7594e-02 -7.7230e-02 9.2865e-02 -6.5705e-02
2.0610e-02 -2.6643e-02 -2.1059e-02 -3.1237e-02 -1.2862e-02 -1.5146e-02 2.1501e-02 -2.3726e-02 -1.7539e-02 1.9783e-02 4.2843e-02 -1.6711e-02 -2.3266e-02 1.7261e-02 -1.1122e-02 -3.0593e-02 -2.9706e-02 1.8122e-04 8.0264e-03 3.7881e-02 1.3267e-02 7.6782e-02 -2.6125e-02 9.0579e-02 -8.7594e-02 1.0000e+00 5.1802e-02 -2.3281e-02 -3.4082e-04
2.4118e-02 5.5044e-02 3.4525e-03 1.0825e-02 1.9563e-02 1.6836e-02 6.1618e-03 -3.8059e-04 4.8808e-03 5.7368e-02 4.0443e-02 1.8324e-02 -2.1450e-02 -1.5960e-03 6.7247e-03 -2.7696e-02 -2.4596e-02 1.5818e-02 -7.1948e-03 1.5397e-03 -8.3388e-03 1.5420e-02 9.2610e-02 -7.3536e-02 -7.7230e-02 5.1802e-02 1.0000e+00 -1.6086e-01 1.8152e-01
7.3149e-03 -3.4589e-02 -3.3806e-02 -2.5156e-02 -1.3445e-02 3.0586e-02 2.3161e-02 -3.3081e-02 1.5463e-02 -3.1616e-02 -3.0361e-02 -4.5093e-02 -7.7340e-03 -6.1865e-03 4.1134e-02 1.0458e-02 8.0031e-03 1.2630e-02 2.6042e-02 2.0797e-03 1.7167e-02 -1.7057e-02 3.1636e-02 -1.9804e-02 9.2865e-02 -2.3281e-02 -1.6086e-01 1.0000e+00 -8.7721e-01
-1.2208e-02 3.1692e-02 4.1373e-02 1.0013e-02 2.1107e-02 -7.4407e-03 -2.0877e-02 2.3819e-02 -2.5924e-02 3.3543e-02 1.2692e-02 5.1459e-02 1.5173e-02 4.7635e-03 -2.2111e-02 -2.0181e-03 7.1729e-04 -1.3761e-02 -4.9453e-02 -2.2073e-02 7.4266e-03 1.8092e-02 -2.4623e-02 -4.4822e-03 -6.5705e-02 -3.4082e-04 1.8152e-01 -8.7721e-01 1.0000e+00
