1.0000e+00 6.9738e-01 -1.2842e-01 9.6467e-02 9.9741e-02 9.6467e-02 2.3602e-01 2.5689e-01 9.8810e-02 5.4918e-01 -9.4722e-02 4.5495e-01 4.8476e-01 4.7895e-01 4.1802e-01 4.7610e-01 -3.9298e-02 5.3038e-01 -9.5674e-02 -9.8040e-02 4.8476e-01 -7.2736e-02 2.2285e-01 4.7895e-01 -3.4458e-02 -1.5645e-01 4.7895e-01 -6.1731e-02 -1.0817e-01 -1.9581e-01 8.3671e-03 -4.6648e-02 1.1247e-02 8.3671e-03 8.3671e-03 -1.8451e-01 -1.8976e-01 -1.9098e-01 -1.8976e-01 -3.2463e-01 1.1247e-02 1.1247e-02 -3.2622e-01 1.1247e-02 -1.8334e-01 5.7296e-03 -1.8334e-01 -2.7274e-02 -1.8334e-01 -3.1814e-01 8.3671e-03 -5.6491e-02 8.3671e-03 8.3671e-03 8.3671e-03 -1.2170e-01 -1.8512e-01 1.1247e-02 -2.4748e-01 1.1247e-02 -2.4844e-01 1.1247e-02 -4.9992e-02 8.3671e-03 -1.8570e-01 -3.1814e-01 -4.9420e-02 8.3671e-03 8.3671e-03 -3.3270e-01 1.1247e-02 -4.0082e-02 8.3671e-03 8.3671e-03 8.3671e-03 -1.9034e-01 8.3671e-03 1.1247e-02 -2.9564e-02 -3.2943e-01 -2.9564e-02 -3.2943e-01 8.3671e-03 -1.9093e-01 -1.9093e-01 -1.9093e-01 -3.3270e-01 -1.9152e-01 -3.3435e-01 -1.9040e-01 -2.6139e-01 -1.8918e-01 -2.6343e-01 1.1247e-02 -1.9040e-01 -2.6343e-01 -1.8918e-01 -1.9098e-01 2.7274e-02 3.3908e-01 3.3745e-01 -1.8217e-01 -7.1176e-02 -1.8275e-01 -1.8275e-01 -1.8217e-01 1.1247e-02 -1.8217e-01 3.2943e-01 -1.8217e-01 -1.7525e-01 1.1247e-02 1.1247e-02 -1.8159e-01 -1.7326e-01 -1.8159e-01 -1.8159e-01 1.1247e-02 -1.8159e-01 -1.8159e-01 -1.8159e-01 -1.8159e-01 -1.8159e-01 5.8046e-02 5.6591e-02 -1.8918e-01 3.4072e-01 -1.8685e-01 1.1247e-02 -1.8570e-01 -1.8570e-01 -1.2825e-01 4.4546e-01 1.1247e-02 -1.8756e-01 -1.8756e-01 -1.8627e-01 1.1247e-02 -1.8859e-01 -1.8801e-01 -5.6173e-02 -1.8801e-01 -1.8926e-01 -1.8983e-01 -4.6476e-02 -1.8801e-01 2.3323e-02 -2.6281e-01 -2.6083e-01 1.1247e-02 -2.3323e-02 -2.6181e-01 -1.8812e-01 4.6548e-01 -1.8699e-01 -2.6335e-02 -5.5619e-02 -1.8526e-01 -1.8591e-01 -2.9270e-01 -1.8531e-01 -5.6199e-02 1.9313e-01 -1.8658e-01 -1.8658e-01 1.1247e-02 -1.8785e-01 -1.8594e-01 2.5758e-01 -3.1656e-01 1.7457e-01 1.1247e-02 1.1247e-02 -1.7053e-01 3.1374e-01 3.1141e-01 1.6347e-01 2.2694e-01
6.9738e-01 1.0000e+00 -1.1514e-01 8.5633e-02 8.8275e-02 8.5633e-02 1.8270e-01 1.9661e-01 8.7523e-02 4.3279e-01 -8.8636e-02 3.5219e-01 3.8129e-01 3.7663e-01 3.2285e-01 3.7435e-01 -3.2731e-02 4.1777e-01 -8.9395e-02 -9.1283e-02 3.8129e-01 -7.1256e-02 1.7993e-01 3.7663e-01 -2.8699e-02 -1.0086e-01 3.7663e-01 -5.5537e-02 -8.6624e-02 -1.6754e-01 -2.4051e-02 -3.2488e-02 -2.3016e-02 -2.4051e-02 -2.4051e-02 -1.6923e-01 -1.6678e-01 -1.6098e-01 -1.6678e-01 -2.6247e-01 -2.3016e-02 -2.3016e-02 -2.6377e-01 -2.3016e-02 -1.5862e-01 -2.5046e-02 -1.5862e-01 -3.4134e-03 -1.5862e-01 -2.5312e-01 -2.4051e-02 -4.3101e-02 -2.4051e-02 -2.4051e-02 -2.4051e-02 -9.5110e-02 -1.5330e-01 -2.3016e-02 -2.0920e-01 -2.3016e-02 -2.1000e-01 -2.3016e-02 -4.1067e-02 -2.4051e-02 -1.5378e-01 -2.5312e-01 -4.0589e-02 -2.4051e-02 -2.4051e-02 -2.6908e-01 -2.3016e-02 -2.9208e-02 -2.4051e-02 -2.4051e-02 -2.4051e-02 -1.6727e-01 -2.4051e-02 -2.3016e-02 -5.5968e-03 -2.6640e-01 -5.5968e-03 -2.6640e-01 -2.4051e-02 -1.6776e-01 -1.6776e-01 -1.6776e-01 -2.6908e-01 -1.6825e-01 -2.7044e-01 -1.6050e-01 -2.1938e-01 -1.6629e-01 -2.2893e-01 -2.3016e-02 -1.6050e-01 -2.2893e-01 -1.6629e-01 -1.6098e-01 3.4134e-03 2.7833e-01 2.7699e-01 -1.5764e-01 -6.2205e-02 -1.5813e-01 -1.5813e-01 -1.5764e-01 -2.3016e-02 -1.5764e-01 2.6640e-01 -1.5764e-01 -1.5187e-01 -2.3016e-02 -2.3016e-02 -1.5716e-01 -1.4342e-01 -1.5716e-01 -1.5716e-01 -2.3016e-02 -1.5716e-01 -1.5716e-01 -1.5716e-01 -1.5716e-01 -1.5716e-01 -3.4283e-02 -3.5223e-02 -1.6629e-01 2.7969e-01 -1.6434e-01 -2.3016e-02 -1.6338e-01 -1.6338e-01 -1.0346e-01 3.7744e-01 -2.3016e-02 -1.5813e-01 -1.5813e-01 -1.6386e-01 -2.3016e-02 -1.6580e-01 -1.6531e-01 -4.6227e-02 -1.6531e-01 -1.5955e-01 -1.6002e-01 -4.6688e-02 -1.6531e-01 -3.7025e-04 -2.3646e-01 -2.3476e-01 -2.3016e-02 3.7025e-04 -2.3560e-01 -1.5860e-01 5.6473e-01 -1.5765e-01 -2.1934e-02 -4.5765e-02 -1.5870e-01 -1.5924e-01 -2.4878e-01 -1.5178e-01 -5.5283e-02 1.4541e-01 -1.5283e-01 -1.5283e-01 -2.3016e-02 -1.5389e-01 -1.4250e-01 1.7888e-01 -2.5183e-01 1.4851e-01 -2.3016e-02 -2.3016e-02 -1.3373e-01 2.3664e-01 2.3481e-01 3.3073e-02 2.0865e-01
-1.2842e-01 -1.1514e-01 1.0000e+00 2.3634e-01 2.4220e-01 2.3634e-01 4.8407e-01 4.2317e-01 1.8312e-01 -1.0643e-01 4.5025e-01 8.2878e-03 5.4113e-03 9.8367e-03 9.3446e-02 1.5951e-02 2.3479e-01 -9.5891e-02 4.2240e-01 5.1233e-01 1.3370e-02 3.6648e-01 -5.4460e-02 9.8367e-03 2.3055e-01 -1.7772e-01 1.7728e-02 -7.9298e-02 -9.0847e-02 -1.3787e-01 8.8808e-03 -4.9791e-02 1.4299e-02 8.8808e-03 8.8808e-03 -1.1675e-01 -1.5031e-01 -1.5176e-01 -1.5031e-01 3.9328e-03 1.4299e-02 1.4299e-02 -4.2096e-03 1.4299e-02 -1.5362e-01 2.5270e-02 -1.5850e-01 -2.4578e-02 -1.5850e-01 -7.1520e-03 8.8808e-03 -1.2980e-01 8.8808e-03 8.8808e-03 8.8808e-03 -1.3395e-01 -1.6100e-01 1.4299e-02 1.0553e-02 1.4299e-02 9.3463e-03 1.4299e-02 2.2288e-01 8.8808e-03 -1.6210e-01 -7.1520e-03 2.1844e-01 8.8808e-03 8.8808e-03 1.0194e-02 1.4299e-02 2.1480e-01 8.8808e-03 8.8808e-03 8.8808e-03 -1.5629e-01 8.8808e-03 1.4299e-02 -1.3089e-02 1.3058e-02 -1.3089e-02 6.3216e-03 8.8808e-03 -1.5739e-01 -1.5739e-01 -1.5739e-01 1.0194e-02 -1.5362e-01 8.7504e-03 -1.5553e-01 2.2764e-02 -1.5408e-01 2.5365e-02 1.4299e-02 -1.5553e-01 2.5365e-02 -1.5408e-01 -1.5663e-01 2.4578e-02 -1.4479e-02 -9.1919e-03 -1.5629e-01 -4.6818e-02 -1.5739e-01 -1.5739e-01 -1.5629e-01 1.4299e-02 -1.5629e-01 -1.3058e-02 -1.5629e-01 -1.5772e-01 1.4299e-02 1.4299e-02 -1.5518e-01 -1.3822e-01 -1.5518e-01 -1.5518e-01 1.4299e-02 -1.5518e-01 -1.5518e-01 -1.5518e-01 -1.5518e-01 -1.5518e-01 1.9770e-01 2.0036e-01 -1.5408e-01 -1.3058e-02 -1.5456e-01 1.4299e-02 -1.5236e-01 -1.5236e-01 -1.2487e-01 -8.3292e-02 1.4299e-02 -1.5010e-01 -1.5010e-01 -1.4859e-01 1.4299e-02 -1.3836e-01 -1.4214e-01 2.2167e-01 -1.4701e-01 -1.4850e-01 -1.4959e-01 2.3214e-01 -1.4701e-01 5.0241e-02 4.3003e-02 4.5332e-02 1.4299e-02 -5.0241e-02 4.4169e-02 -1.5118e-01 -8.5020e-02 -1.4901e-01 2.0259e-02 2.2958e-01 -1.7923e-01 -1.8042e-01 8.5913e-03 -1.8387e-01 -7.3537e-02 1.8858e-01 -1.8621e-01 -1.9119e-01 1.4299e-02 -1.8358e-01 -1.9001e-01 9.9130e-04 1.0419e-03 1.1347e-01 1.4299e-02 1.4299e-02 -1.7743e-01 -7.2292e-02 -7.3729e-02 -7.7142e-02 -1.8332e-02
9.6467e-02 8.5633e-02 2.3634e-01 1.0000e+00 9.7581e-01 9.9289e-01 3.0223e-01 2.6820e-01 8.5604e-01 9.7184e-02 2.0389e-01 1.3613e-01 1.1668e-01 1.1861e-01 1.5078e-01 1.1957e-01 6.7188e-02 1.0254e-01 2.1843e-01 2.2201e-01 1.1668e-01 1.9185e-01 2.0671e-01 1.0991e-01 5.8912e-02 3.7600e-01 1.1861e-01 5.8130e-02 6.9229e-02 -8.6126e-02 4.9372e-02 7.9754e-02 4.7246e-02 4.9372e-02 4.9372e-02 -1.0441e-01 -1.0876e-01 -1.1921e-01 -1.0876e-01 8.0727e-02 4.7246e-02 4.7246e-02 8.2182e-02 4.7246e-02 -1.0615e-01 5.1414e-02 -1.0615e-01 5.0320e-02 -1.0615e-01 8.5118e-02 4.9372e-02 4.3122e-02 4.9372e-02 4.9372e-02 4.9372e-02 8.8479e-02 -1.1573e-01 4.7246e-02 3.7281e-02 4.7246e-02 3.8377e-02 4.7246e-02 1.7664e-01 4.9372e-02 -1.1486e-01 8.5118e-02 1.7586e-01 4.9372e-02 4.9372e-02 8.8092e-02 4.7246e-02 1.7743e-01 4.9372e-02 4.9372e-02 4.9372e-02 -1.0789e-01 4.9372e-02 4.7246e-02 5.4183e-02 8.5118e-02 5.4183e-02 8.5118e-02 4.9372e-02 -1.0702e-01 -1.0702e-01 -1.0702e-01 8.8092e-02 -1.0615e-01 8.9593e-02 -1.1473e-01 2.7304e-02 -1.0426e-01 4.0191e-02 4.7246e-02 -1.1473e-01 4.0191e-02 -1.0426e-01 -1.1385e-01 -5.0320e-02 -8.3646e-02 -8.2182e-02 -1.0789e-01 -2.5265e-01 -1.0702e-01 -1.0702e-01 -1.0789e-01 4.7246e-02 -1.0789e-01 -8.5118e-02 -1.0789e-01 -1.1298e-01 4.7246e-02 4.7246e-02 -1.0876e-01 -1.3403e-01 -1.0876e-01 -1.0876e-01 4.7246e-02 -1.0876e-01 -1.0876e-01 -1.0876e-01 -1.0876e-01 -1.0876e-01 1.7826e-01 1.7984e-01 -1.0963e-01 -7.7694e-02 -1.1312e-01 4.7246e-02 -1.1486e-01 -1.1486e-01 8.4966e-02 5.7954e-02 4.7246e-02 -1.2444e-01 -1.2444e-01 -1.1399e-01 4.7246e-02 -1.1051e-01 -1.1138e-01 1.8517e-01 -1.1138e-01 -1.2182e-01 -1.1560e-01 1.7920e-01 -1.0601e-01 -3.4200e-02 3.7650e-02 3.5446e-02 4.7246e-02 3.4200e-02 3.6546e-02 -1.1822e-01 5.4613e-02 -1.1996e-01 4.5025e-02 1.8440e-01 -1.0012e-01 -9.9247e-02 5.7715e-02 -1.1138e-01 -2.1418e-01 1.0075e-01 -1.0965e-01 -1.1514e-01 4.7246e-02 -1.1341e-01 -1.1600e-01 -8.5097e-02 7.6242e-02 -6.5068e-02 4.7246e-02 4.7246e-02 -1.0331e-01 7.3549e-02 7.4723e-02 3.1300e-02 3.2947e-02
9.9741e-02 8.8275e-02 2.4220e-01 9.7581e-01 1.0000e+00 9.7581e-01 3.1063e-01 2.7602e-01 8.4092e-01 1.0116e-01 2.1001e-01 1.4082e-01 1.2100e-01 1.2297e-01 1.5577e-01 1.2395e-01 6.8854e-02 1.0661e-01 2.2438e-01 2.2804e-01 1.2100e-01 1.9690e-01 2.1580e-01 1.1441e-01 6.0373e-02 3.5739e-01 1.2297e-01 6.7453e-02 4.6697e-02 -9.8246e-02 5.0596e-02 7.8232e-02 4.8417e-02 5.0596e-02 5.0596e-02 -1.1311e-01 -1.1756e-01 -1.2825e-01 -1.1756e-01 7.1622e-02 4.8417e-02 4.8417e-02 7.3083e-02 4.8417e-02 -1.1489e-01 5.2688e-02 -1.1489e-01 4.6250e-02 -1.1489e-01 7.6033e-02 5.0596e-02 1.3405e-02 5.0596e-02 5.0596e-02 5.0596e-02 6.8139e-02 -1.2469e-01 4.8417e-02 3.2426e-02 4.8417e-02 3.3541e-02 4.8417e-02 1.8243e-01 5.0596e-02 -1.2380e-01 7.6033e-02 1.8163e-01 5.0596e-02 5.0596e-02 7.9019e-02 4.8417e-02 1.8323e-01 5.0596e-02 5.0596e-02 5.0596e-02 -1.1667e-01 5.0596e-02 4.8417e-02 5.0285e-02 7.6033e-02 5.0285e-02 7.6033e-02 5.0596e-02 -1.1578e-01 -1.1578e-01 -1.1578e-01 7.9019e-02 -1.1489e-01 8.0526e-02 -1.2387e-01 2.2068e-02 -1.1317e-01 3.5181e-02 4.8417e-02 -1.2387e-01 3.5181e-02 -1.1317e-01 -1.2298e-01 -4.6250e-02 -7.4554e-02 -7.3083e-02 -1.1667e-01 -2.3944e-01 -1.1578e-01 -1.1578e-01 -1.1667e-01 4.8417e-02 -1.1667e-01 -7.6033e-02 -1.1667e-01 -1.2209e-01 4.8417e-02 4.8417e-02 -1.1756e-01 -1.4342e-01 -1.1756e-01 -1.1756e-01 4.8417e-02 -1.1756e-01 -1.1756e-01 -1.1756e-01 -1.1756e-01 -1.1756e-01 1.8505e-01 1.8666e-01 -1.1845e-01 -6.8727e-02 -1.2202e-01 4.8417e-02 -1.2380e-01 -1.2380e-01 6.4483e-02 6.3046e-02 4.8417e-02 -1.3360e-01 -1.3360e-01 -1.2291e-01 4.8417e-02 -1.1934e-01 -1.2023e-01 1.9114e-01 -1.2023e-01 -1.3092e-01 -1.2476e-01 1.8529e-01 -1.1495e-01 -2.9980e-02 3.3010e-02 3.0767e-02 4.8417e-02 2.9980e-02 3.1887e-02 -1.2744e-01 5.7166e-02 -1.2923e-01 4.6141e-02 1.9035e-01 -1.1249e-01 -1.1160e-01 4.8331e-02 -1.2397e-01 -2.0574e-01 1.1275e-01 -1.2220e-01 -1.2760e-01 4.8417e-02 -1.2584e-01 -1.2848e-01 -7.6162e-02 6.7268e-02 -4.8269e-02 4.8417e-02 4.8417e-02 -1.1593e-01 6.0513e-02 6.1784e-02 3.4379e-02 1.4722e-02
9.6467e-02 8.5633e-02 2.3634e-01 9.9289e-01 9.7581e-01 1.0000e+00 3.0783e-01 2.7398e-01 8.6307e-01 1.0680e-01 2.0389e-01 1.4422e-01 1.2545e-01 1.2731e-01 1.5844e-01 1.2823e-01 6.7188e-02 1.1190e-01 2.1843e-01 2.2201e-01 1.2545e-01 1.9185e-01 2.1244e-01 1.1861e-01 5.8912e-02 3.7600e-01 1.1861e-01 5.8130e-02 6.9229e-02 -9.1694e-02 4.9372e-02 7.2049e-02 4.7246e-02 4.9372e-02 4.9372e-02 -1.0441e-01 -1.0876e-01 -1.1921e-01 -1.0876e-01 8.0727e-02 4.7246e-02 4.7246e-02 8.2182e-02 4.7246e-02 -1.0615e-01 5.1414e-02 -1.0615e-01 4.1096e-02 -1.0615e-01 8.5118e-02 4.9372e-02 4.3122e-02 4.9372e-02 4.9372e-02 4.9372e-02 8.8479e-02 -1.1573e-01 4.7246e-02 4.3484e-02 4.7246e-02 4.4589e-02 4.7246e-02 1.8355e-01 4.9372e-02 -1.1486e-01 8.5118e-02 1.8278e-01 4.9372e-02 4.9372e-02 8.8092e-02 4.7246e-02 1.8432e-01 4.9372e-02 4.9372e-02 4.9372e-02 -1.0789e-01 4.9372e-02 4.7246e-02 4.5091e-02 8.5118e-02 4.5091e-02 8.5118e-02 4.9372e-02 -1.0702e-01 -1.0702e-01 -1.0702e-01 8.8092e-02 -1.0615e-01 8.9593e-02 -1.1473e-01 3.3386e-02 -1.0426e-01 4.6369e-02 4.7246e-02 -1.1473e-01 4.6369e-02 -1.0426e-01 -1.1385e-01 -4.1096e-02 -8.3646e-02 -8.2182e-02 -1.0789e-01 -2.5265e-01 -1.0702e-01 -1.0702e-01 -1.0789e-01 4.7246e-02 -1.0789e-01 -8.5118e-02 -1.0789e-01 -1.1298e-01 4.7246e-02 4.7246e-02 -1.0876e-01 -1.3403e-01 -1.0876e-01 -1.0876e-01 4.7246e-02 -1.0876e-01 -1.0876e-01 -1.0876e-01 -1.0876e-01 -1.0876e-01 1.8472e-01 1.8627e-01 -1.0963e-01 -7.7694e-02 -1.1312e-01 4.7246e-02 -1.1486e-01 -1.1486e-01 8.4966e-02 5.7954e-02 4.7246e-02 -1.2444e-01 -1.2444e-01 -1.1399e-01 4.7246e-02 -1.1051e-01 -1.1138e-01 1.9192e-01 -1.1138e-01 -1.2182e-01 -1.1560e-01 1.8594e-01 -1.0601e-01 -2.4740e-02 4.3907e-02 4.1684e-02 4.7246e-02 2.4740e-02 4.2794e-02 -1.1822e-01 5.4613e-02 -1.1996e-01 4.5025e-02 1.9117e-01 -1.0563e-01 -1.0476e-01 5.7715e-02 -1.1686e-01 -2.2021e-01 1.0630e-01 -1.1514e-01 -1.2062e-01 4.7246e-02 -1.1890e-01 -1.2148e-01 -8.5097e-02 7.6242e-02 -5.9691e-02 4.7246e-02 4.7246e-02 -1.0879e-01 7.3549e-02 7.4723e-02 3.1300e-02 3.2947e-02
2.3602e-01 1.8270e-01 4.8407e-01 3.0223e-01 3.1063e-01 3.0783e-01 1.0000e+00 9.0607e-01 2.7502e-01 4.0266e-01 5.7462e-01 4.8715e-01 4.4676e-01 4.5198e-01 5.2265e-01 4.5457e-01 1.9265e-01 4.0910e-01 5.8965e-01 6.7278e-01 4.3985e-01 4.6042e-01 1.6526e-01 4.3828e-01 1.6523e-01 -4.6905e-01 4.3828e-01 -2.1769e-01 -2.4980e-01 -3.8850e-01 1.1351e-01 -8.2948e-02 1.0527e-01 1.1351e-01 1.1351e-01 -3.4445e-01 -3.7476e-01 -3.9838e-01 -3.7476e-01 -2.4271e-01 1.0527e-01 1.0527e-01 -2.3953e-01 1.0527e-01 -3.6675e-01 1.2129e-01 -3.6675e-01 -2.5795e-02 -3.6675e-01 -2.3899e-01 1.1351e-01 -1.9360e-01 1.1351e-01 1.1351e-01 1.1351e-01 -2.6375e-01 -3.9191e-01 1.0527e-01 -1.8234e-01 1.0527e-01 -1.8427e-01 1.0527e-01 2.6429e-01 1.1351e-01 -3.9346e-01 -2.3899e-01 2.6673e-01 1.1351e-01 1.1351e-01 -2.5020e-01 1.0527e-01 2.7273e-01 1.1351e-01 1.1351e-01 1.1351e-01 -3.7209e-01 1.1351e-01 1.0527e-01 -3.2793e-02 -2.5068e-01 -3.2793e-02 -2.5653e-01 9.4220e-02 -3.7366e-01 -3.7366e-01 -3.7366e-01 -2.5020e-01 -3.7099e-01 -2.4702e-01 -3.9684e-01 -2.1158e-01 -3.7320e-01 -1.8631e-01 1.0527e-01 -3.9684e-01 -1.8631e-01 -3.7320e-01 -3.9416e-01 4.0324e-02 2.5384e-01 2.5698e-01 -3.7209e-01 -1.6348e-01 -3.7366e-01 -3.7366e-01 -3.7209e-01 1.0527e-01 -3.7209e-01 2.5068e-01 -3.7209e-01 -3.7038e-01 1.0527e-01 1.0527e-01 -3.7053e-01 -3.7245e-01 -3.7053e-01 -3.7053e-01 1.0527e-01 -3.7053e-01 -3.7053e-01 -3.7053e-01 -3.7053e-01 -3.7053e-01 3.3159e-01 3.3209e-01 -3.7320e-01 2.5653e-01 -3.7544e-01 1.0527e-01 -3.7234e-01 -3.7234e-01 -2.7589e-01 2.7819e-01 1.0527e-01 -3.9337e-01 -3.9337e-01 -3.6966e-01 1.0527e-01 -3.5895e-01 -3.6163e-01 2.5427e-01 -3.6586e-01 -3.8954e-01 -3.8686e-01 2.6257e-01 -3.6586e-01 5.0930e-02 -1.8419e-01 -1.8520e-01 1.0527e-01 -5.0930e-02 -1.8223e-01 -3.9069e-01 2.1253e-01 -3.8763e-01 9.6478e-02 2.6193e-01 -3.8698e-01 -3.8869e-01 -2.2163e-01 -4.1252e-01 -1.3254e-01 4.2962e-01 -4.1590e-01 -4.1590e-01 1.0527e-01 -4.1497e-01 -4.1421e-01 2.2283e-01 -2.5384e-01 3.0589e-01 1.0527e-01 1.0527e-01 -3.8304e-01 1.3597e-01 1.3291e-01 7.0215e-02 6.9216e-02
2.5689e-01 1.9661e-01 4.2317e-01 2.6820e-01 2.7602e-01 2.7398e-01 9.0607e-01 1.0000e+00 2.4523e-01 4.4090e-01 6.1474e-01 2.9763e-01 4.8231e-01 4.8099e-01 3.5546e-01 4.7684e-01 1.6706e-01 4.2554e-01 6.1998e-01 7.1720e-01 4.8231e-01 4.9488e-01 2.2288e-01 4.8099e-01 1.8153e-01 -4.0182e-01 4.8099e-01 -2.1293e-01 -2.7055e-01 -4.4937e-01 -1.2939e-02 -8.9415e-02 -7.1872e-03 -1.2939e-02 -1.2939e-02 -4.1436e-01 -4.4639e-01 -4.4212e-01 -4.4639e-01 -2.8041e-01 -7.1872e-03 -7.1872e-03 -2.7098e-01 -7.1872e-03 -4.3767e-01 -1.8256e-02 -4.3767e-01 1.1922e-04 -4.3767e-01 -2.7007e-01 -1.2939e-02 -1.5091e-01 -1.2939e-02 -1.2939e-02 -1.2939e-02 -3.0781e-01 -4.3479e-01 -7.1872e-03 -2.2574e-01 -7.1872e-03 -2.2759e-01 -7.1872e-03 3.0669e-01 -1.2939e-02 -4.3623e-01 -2.7007e-01 3.0906e-01 -1.2939e-02 -1.2939e-02 -2.8131e-01 -7.1872e-03 3.0993e-01 -1.2939e-02 -1.2939e-02 -1.2939e-02 -4.4785e-01 -1.2939e-02 -7.1872e-03 -6.6248e-03 -2.8817e-01 -6.6248e-03 -2.8817e-01 -1.2939e-02 -4.4932e-01 -4.4932e-01 -4.4932e-01 -2.9344e-01 -4.4641e-01 -2.9002e-01 -4.4069e-01 -2.2346e-01 -4.4493e-01 -2.3027e-01 -7.1872e-03 -4.4069e-01 -2.3027e-01 -4.4493e-01 -4.4212e-01 1.4872e-02 2.9158e-01 2.8898e-01 -4.4348e-01 -1.5881e-01 -4.4494e-01 -4.4494e-01 -4.4348e-01 -7.1872e-03 -4.4348e-01 2.8817e-01 -4.4348e-01 -4.3920e-01 -7.1872e-03 -7.1872e-03 -4.4202e-01 -4.1811e-01 -4.4202e-01 -4.4202e-01 -7.1872e-03 -4.4202e-01 -4.4202e-01 -4.4202e-01 -4.4202e-01 -4.4202e-01 3.8122e-01 3.8201e-01 -4.4493e-01 2.9420e-01 -4.4785e-01 -7.1872e-03 -4.4495e-01 -4.4495e-01 -3.2112e-01 3.1472e-01 -7.1872e-03 -4.3357e-01 -4.3357e-01 -4.4204e-01 -7.1872e-03 -4.3474e-01 -4.3329e-01 2.9793e-01 -4.3766e-01 -4.2913e-01 -4.3491e-01 3.0116e-01 -4.3766e-01 2.6623e-02 -2.3187e-01 -2.2812e-01 -7.1872e-03 -2.6623e-02 -2.2999e-01 -4.3064e-01 2.3505e-01 -4.2780e-01 -9.0931e-04 3.0569e-01 -4.5012e-01 -4.5174e-01 -2.5626e-01 -4.4276e-01 -1.5504e-01 4.5628e-01 -4.4592e-01 -4.4592e-01 -7.1872e-03 -4.4464e-01 -4.4434e-01 2.5866e-01 -2.8557e-01 3.7502e-01 -7.1872e-03 -7.1872e-03 -4.1186e-01 1.4561e-01 1.4271e-01 6.5956e-02 8.3255e-02
9.8810e-02 8.7523e-02 1.8312e-01 8.5604e-01 8.4092e-01 8.6307e-01 2.7502e-01 2.4523e-01 1.0000e+00 1.3803e-01 2.3418e-01 1.7147e-01 1.5445e-01 1.5612e-01 1.8464e-01 1.5694e-01 6.8380e-02 1.4247e-01 2.2914e-01 2.3273e-01 1.5445e-01 2.0256e-01 2.9249e-01 1.5612e-01 5.9957e-02 4.4300e-01 1.5612e-01 7.7149e-02 1.0564e-01 -1.2233e-01 5.0247e-02 1.2218e-01 4.8084e-02 5.0247e-02 5.0247e-02 -1.5169e-01 -1.5605e-01 -1.6654e-01 -1.5605e-01 6.6909e-02 4.8084e-02 4.8084e-02 6.8349e-02 4.8084e-02 -1.5344e-01 5.2325e-02 -1.5344e-01 8.1263e-02 -1.5344e-01 7.1256e-02 5.0247e-02 5.5860e-02 5.0247e-02 5.0247e-02 5.0247e-02 1.3017e-01 -1.6304e-01 4.8084e-02 4.8884e-03 4.8084e-02 5.9573e-03 4.8084e-02 2.0127e-01 5.0247e-02 -1.6217e-01 7.1256e-02 2.0052e-01 5.0247e-02 5.0247e-02 7.4198e-02 4.8084e-02 2.0202e-01 5.0247e-02 5.0247e-02 5.0247e-02 -1.5518e-01 5.0247e-02 4.8084e-02 8.4765e-02 7.1256e-02 8.4765e-02 7.1256e-02 5.0247e-02 -1.5431e-01 -1.5431e-01 -1.5431e-01 7.4198e-02 -1.5344e-01 7.5683e-02 -1.6212e-01 -4.7921e-03 -1.5162e-01 7.8061e-03 4.8084e-02 -1.6212e-01 7.8061e-03 -1.5162e-01 -1.6125e-01 -8.1263e-02 -6.9798e-02 -6.8349e-02 -1.5518e-01 -3.6125e-01 -1.5431e-01 -1.5431e-01 -1.5518e-01 4.8084e-02 -1.5518e-01 -7.1256e-02 -1.5518e-01 -1.6037e-01 4.8084e-02 4.8084e-02 -1.5605e-01 -1.8146e-01 -1.5605e-01 -1.5605e-01 4.8084e-02 -1.5605e-01 -1.5605e-01 -1.5605e-01 -1.5605e-01 -1.5605e-01 2.0226e-01 2.0379e-01 -1.5693e-01 -6.3917e-02 -1.6042e-01 4.8084e-02 -1.6217e-01 -1.6217e-01 1.2669e-01 8.8195e-02 4.8084e-02 -1.7180e-01 -1.7180e-01 -1.6129e-01 4.8084e-02 -1.5780e-01 -1.5867e-01 2.0947e-01 -1.5337e-01 -1.6917e-01 -1.6300e-01 2.0355e-01 -1.5337e-01 -6.5901e-02 5.1639e-03 3.0158e-03 4.8084e-02 6.5901e-02 4.0883e-03 -1.6563e-01 8.5530e-02 -1.6739e-01 4.5823e-02 2.0873e-01 -1.3079e-01 -1.2992e-01 4.4076e-02 -1.4206e-01 -2.8738e-01 1.3131e-01 -1.4033e-01 -1.4574e-01 4.8084e-02 -1.4402e-01 -1.4661e-01 -6.3800e-02 6.2479e-02 -5.3011e-02 4.8084e-02 4.8084e-02 -1.3404e-01 7.6971e-02 7.8155e-02 3.3507e-02 3.5847e-02
5.4918e-01 4.3279e-01 -1.0643e-01 9.7184e-02 1.0116e-01 1.0680e-01 4.0266e-01 4.4090e-01 1.3803e-01 1.0000e+00 -1.5457e-01 8.0500e-01 8.9372e-01 8.8418e-01 7.4761e-01 8.7951e-01 -4.5132e-02 9.6887e-01 -1.5550e-01 -1.4033e-01 8.9372e-01 -1.3370e-01 4.4602e-01 8.8418e-01 -3.9573e-02 -3.0974e-01 8.7243e-01 -1.5209e-01 -1.8878e-01 -3.4192e-01 -3.3164e-02 -5.8379e-02 -3.1736e-02 -3.3164e-02 -3.3164e-02 -3.2381e-01 -3.2029e-01 -3.1200e-01 -3.2029e-01 -5.6791e-01 -3.1736e-02 -3.1736e-02 -5.6027e-01 -3.1736e-02 -3.0786e-01 -3.4536e-02 -3.0786e-01 -2.0967e-02 -3.0786e-01 -5.5492e-01 -3.3164e-02 -1.2072e-01 -3.3164e-02 -3.3164e-02 -3.3164e-02 -1.9686e-01 -3.0024e-01 -3.1736e-02 -4.4957e-01 -3.1736e-02 -4.5090e-01 -3.1736e-02 -1.1385e-01 -3.3164e-02 -3.0093e-01 -5.5492e-01 -1.1332e-01 -3.3164e-02 -3.3164e-02 -5.6973e-01 -3.1736e-02 -1.0507e-01 -3.3164e-02 -3.3164e-02 -3.3164e-02 -3.2099e-01 -3.3164e-02 -3.1736e-02 -2.3745e-02 -5.7499e-01 -2.3745e-02 -5.7499e-01 -3.3164e-02 -3.2169e-01 -3.2169e-01 -3.2169e-01 -5.7982e-01 -3.2240e-01 -5.7215e-01 -3.1132e-01 -4.5508e-01 -3.1959e-01 -4.7067e-01 -3.1736e-02 -3.1132e-01 -4.7067e-01 -3.1959e-01 -3.1200e-01 2.0967e-02 5.8261e-01 5.8022e-01 -3.1372e-01 -1.2438e-01 -3.1443e-01 -3.1443e-01 -3.1372e-01 -3.1736e-02 -3.1372e-01 5.7499e-01 -3.1372e-01 -3.0544e-01 -3.1736e-02 -3.1736e-02 -3.1302e-01 -3.0065e-01 -3.1302e-01 -3.1302e-01 -3.1736e-02 -3.1302e-01 -3.1302e-01 -3.1302e-01 -3.1302e-01 -3.1302e-01 9.4170e-02 9.2409e-02 -3.1959e-01 5.8502e-01 -3.1681e-01 -3.1736e-02 -3.1542e-01 -3.1542e-01 -2.0984e-01 7.6123e-01 -3.1736e-02 -3.0794e-01 -3.0794e-01 -3.1611e-01 -3.1736e-02 -3.1889e-01 -3.1819e-01 -1.1969e-01 -3.1819e-01 -3.0996e-01 -3.1064e-01 -1.2021e-01 -3.1819e-01 1.6165e-02 -4.8302e-01 -4.8022e-01 -3.1736e-02 -1.6165e-02 -4.8162e-01 -3.0861e-01 5.7986e-01 -3.0727e-01 -3.0244e-02 -1.1916e-01 -3.2121e-01 -3.2202e-01 -5.3055e-01 -3.1096e-01 -1.1524e-01 3.1603e-01 -3.1251e-01 -3.1251e-01 -3.1736e-02 -3.1407e-01 -3.1174e-01 5.0585e-01 -5.6260e-01 2.9262e-01 -3.1736e-02 -3.1736e-02 -2.6882e-01 3.5448e-01 3.5183e-01 2.0829e-01 2.3052e-01
-9.4722e-02 -8.8636e-02 4.5025e-01 2.0389e-01 2.1001e-01 2.0389e-01 5.7462e-01 6.1474e-01 2.3418e-01 -1.5457e-01 1.0000e+00 -1.7710e-01 -1.9386e-02 -2.2552e-02 -7.2649e-02 -2.4116e-02 2.4173e-01 -1.3365e-01 8.7363e-01 8.5999e-01 -2.7468e-02 8.0542e-01 -9.8448e-02 -2.2552e-02 2.5602e-01 -3.5883e-01 -2.2552e-02 -1.7166e-01 -2.0930e-01 -4.0766e-01 1.1442e-02 -8.4336e-02 1.6839e-02 1.1442e-02 1.1442e-02 -3.5072e-01 -3.8962e-01 -3.9086e-01 -3.8962e-01 3.5304e-02 1.6839e-02 1.6839e-02 2.7179e-02 1.6839e-02 -3.9306e-01 2.8186e-02 -3.9306e-01 1.6037e-02 -3.9306e-01 2.4482e-02 1.1442e-02 -1.3844e-01 1.1442e-02 1.1442e-02 1.1442e-02 -2.5721e-01 -3.9536e-01 1.6839e-02 9.6713e-03 1.6839e-02 8.4956e-03 1.6839e-02 5.1676e-01 1.1442e-02 -3.9649e-01 2.4482e-02 5.1920e-01 1.1442e-02 1.1442e-02 4.2394e-02 1.6839e-02 5.2070e-01 1.1442e-02 1.1442e-02 1.1442e-02 -3.8581e-01 1.1442e-02 1.6839e-02 2.7343e-02 4.5006e-02 2.7343e-02 3.8165e-02 1.1442e-02 -3.8695e-01 -3.8695e-01 -3.8695e-01 4.9273e-02 -3.8810e-01 4.7976e-02 -3.8974e-01 1.0133e-02 -3.8847e-01 1.3179e-02 1.6839e-02 -3.8974e-01 1.3179e-02 -3.8847e-01 -3.9086e-01 -3.3038e-02 -4.6303e-02 -4.0788e-02 -3.9076e-01 -1.7717e-01 -3.9191e-01 -3.9191e-01 -3.9076e-01 1.6839e-02 -3.9076e-01 -4.5006e-02 -3.9076e-01 -3.8704e-01 1.6839e-02 1.6839e-02 -3.8962e-01 -3.7209e-01 -3.8962e-01 -3.8962e-01 1.6839e-02 -3.8962e-01 -3.8962e-01 -3.8962e-01 -3.8962e-01 -3.8962e-01 4.4431e-01 4.4631e-01 -3.8847e-01 -4.5006e-02 -3.8393e-01 1.6839e-02 -3.8166e-01 -3.8166e-01 -2.4848e-01 -1.4345e-01 1.6839e-02 -3.7431e-01 -3.7431e-01 -3.7785e-01 1.6839e-02 -3.7248e-01 -3.7630e-01 4.9721e-01 -3.7630e-01 -3.7764e-01 -3.8369e-01 5.0736e-01 -3.8125e-01 -1.6785e-02 2.5629e-02 2.7944e-02 1.6839e-02 1.6785e-02 2.6788e-02 -3.8035e-01 -9.5775e-02 -3.7813e-01 2.2783e-02 5.0572e-01 -3.9700e-01 -3.9828e-01 1.7839e-02 -3.9576e-01 -1.5049e-01 3.8701e-01 -3.9827e-01 -3.9827e-01 1.6839e-02 -3.9572e-01 -3.9701e-01 -3.1490e-02 3.2657e-02 3.2748e-01 1.6839e-02 1.6839e-02 -3.7931e-01 -4.9573e-02 -5.1068e-02 -6.1012e-02 -3.3968e-02
4.5495e-01 3.5219e-01 8.2878e-03 1.3613e-01 1.4082e-01 1.4422e-01 4.8715e-01 2.9763e-01 1.7147e-01 8.0500e-01 -1.7710e-01 1.0000e+00 7.3117e-01 7.3243e-01 9.1999e-01 7.3801e-01 2.6635e-02 8.2022e-01 -1.5603e-01 -1.6660e-01 7.2120e-01 -1.6608e-01 2.9999e-01 7.1265e-01 -4.9159e-02 -3.7872e-01 7.0276e-01 -1.3893e-01 -1.2345e-01 -1.9860e-01 1.5377e-01 -2.7455e-02 1.3504e-01 1.5377e-01 1.5377e-01 -1.8741e-01 -1.8336e-01 -2.1640e-01 -1.8336e-01 -4.2628e-01 1.3504e-01 1.3504e-01 -4.2005e-01 1.3504e-01 -1.7355e-01 1.4451e-01 -1.7355e-01 -3.5037e-02 -1.7355e-01 -4.1594e-01 1.5377e-01 -1.5667e-01 1.5377e-01 1.5377e-01 1.5377e-01 -9.9128e-02 -2.0743e-01 1.3504e-01 -3.2398e-01 1.3504e-01 -3.2531e-01 1.3504e-01 -1.4480e-01 1.5377e-01 -2.0824e-01 -4.1594e-01 -1.4414e-01 1.5377e-01 1.5377e-01 -4.2880e-01 1.3504e-01 -1.3762e-01 1.5377e-01 1.5377e-01 1.5377e-01 -1.8417e-01 1.5377e-01 1.3504e-01 -3.8360e-02 -4.3283e-01 -3.8360e-02 -4.3283e-01 1.2592e-01 -1.8498e-01 -1.8498e-01 -1.8498e-01 -4.3729e-01 -1.8579e-01 -4.3104e-01 -2.1560e-01 -3.7398e-01 -1.8255e-01 -3.4113e-01 1.3504e-01 -2.1560e-01 -3.4113e-01 -1.8255e-01 -2.1031e-01 3.5037e-02 4.3905e-01 4.3684e-01 -1.7805e-01 -1.3510e-01 -1.7886e-01 -1.7886e-01 -1.7805e-01 1.3504e-01 -1.7805e-01 4.3283e-01 -1.7805e-01 -1.7455e-01 1.3504e-01 1.3504e-01 -1.7725e-01 -2.0291e-01 -1.7725e-01 -1.7725e-01 1.3504e-01 -1.7725e-01 -1.7725e-01 -1.7725e-01 -1.7725e-01 -1.7725e-01 2.2967e-02 2.1088e-02 -1.8255e-01 4.4127e-01 -1.7934e-01 1.3504e-01 -1.7774e-01 -1.7774e-01 -1.0888e-01 6.0085e-01 1.3504e-01 -2.1769e-01 -2.1769e-01 -1.7854e-01 1.3504e-01 -1.8175e-01 -1.8094e-01 -1.5197e-01 -1.8094e-01 -2.2008e-01 -2.0871e-01 -1.5262e-01 -1.8094e-01 2.9301e-02 -3.5337e-01 -3.5770e-01 1.3504e-01 -2.9301e-02 -3.5198e-01 -2.1848e-01 4.6534e-01 -2.1689e-01 1.1483e-01 -1.5132e-01 -1.9059e-01 -1.9147e-01 -3.9852e-01 -2.2912e-01 -8.0070e-02 2.3288e-01 -2.3088e-01 -2.3088e-01 1.3504e-01 -2.3266e-01 -2.3000e-01 3.7564e-01 -4.2221e-01 1.5440e-01 1.3504e-01 1.3504e-01 -1.9435e-01 2.8989e-01 2.8729e-01 1.8378e-01 1.7666e-01
4.8476e-01 3.8129e-01 5.4113e-03 1.1668e-01 1.2100e-01 1.2545e-01 4.4676e-01 4.8231e-01 1.5445e-01 8.9372e-01 -1.9386e-02 7.3117e-01 1.0000e+00 9.8933e-01 8.3651e-01 9.8411e-01 3.7547e-01 8.9934e-01 -2.0968e-02 -2.4877e-02 9.8918e-01 -1.4960e-01 4.9200e-01 9.7861e-01 3.8820e-01 -3.4658e-01 9.6788e-01 -1.6597e-01 -2.1443e-01 -3.8282e-01 -3.7108e-02 -5.9213e-02 -3.5511e-02 -3.7108e-02 -3.7108e-02 -3.6169e-01 -3.5775e-01 -3.4847e-01 -3.5775e-01 -6.4604e-01 -3.5511e-02 -3.5511e-02 -6.3958e-01 -3.5511e-02 -3.4684e-01 -3.8643e-02 -3.4684e-01 -2.7523e-02 -3.4684e-01 -6.3574e-01 -3.7108e-02 -1.4235e-01 -3.7108e-02 -3.7108e-02 -3.7108e-02 -2.1962e-01 -3.3831e-01 -3.5511e-02 -5.1269e-01 -3.5511e-02 -5.1419e-01 -3.5511e-02 -1.3317e-01 -3.7108e-02 -3.3907e-01 -6.3574e-01 -1.3258e-01 -3.7108e-02 -3.7108e-02 -6.4110e-01 -3.5511e-02 -1.2526e-01 -3.7108e-02 -3.7108e-02 -3.7108e-02 -3.5853e-01 -3.7108e-02 -3.5511e-02 -3.0573e-02 -6.5405e-01 -3.0573e-02 -6.5405e-01 -3.7108e-02 -3.5932e-01 -3.5932e-01 -3.5932e-01 -6.5951e-01 -3.6011e-01 -6.5305e-01 -3.4771e-01 -5.1357e-01 -3.5696e-01 -5.3109e-01 -3.5511e-02 -3.4771e-01 -5.3109e-01 -3.5696e-01 -3.4847e-01 2.7523e-02 6.6049e-01 6.5779e-01 -3.5190e-01 -1.4473e-01 -3.5269e-01 -3.5269e-01 -3.5190e-01 -3.5511e-02 -3.5190e-01 6.5405e-01 -3.5190e-01 -3.4263e-01 -3.5511e-02 -3.5511e-02 -3.5112e-01 -3.3577e-01 -3.5112e-01 -3.5112e-01 -3.5511e-02 -3.5112e-01 -3.5112e-01 -3.5112e-01 -3.5112e-01 -3.5112e-01 5.3164e-02 5.1364e-02 -3.5696e-01 6.6320e-01 -3.5385e-01 -3.5511e-02 -3.5231e-01 -3.5231e-01 -2.3104e-01 6.7417e-01 -3.5511e-02 -3.4394e-01 -3.4394e-01 -3.5308e-01 -3.5511e-02 -3.5618e-01 -3.5540e-01 -1.3957e-01 -3.5540e-01 -3.4620e-01 -3.4695e-01 -1.4015e-01 -3.5540e-01 2.2253e-02 -5.4497e-01 -5.4182e-01 -3.5511e-02 -2.2253e-02 -5.4339e-01 -3.4469e-01 5.1748e-01 -3.4319e-01 -3.3841e-02 -1.3899e-01 -3.6800e-01 -3.6890e-01 -6.1035e-01 -3.5646e-01 -1.4242e-01 3.5850e-01 -3.5821e-01 -3.5821e-01 -3.5511e-02 -3.5996e-01 -3.5733e-01 5.9363e-01 -6.4222e-01 3.3279e-01 -3.5511e-02 -3.5511e-02 -3.1851e-01 3.0324e-01 3.0070e-01 1.7790e-01 1.9480e-01
4.7895e-01 3.7663e-01 9.8367e-03 1.1861e-01 1.2297e-01 1.2731e-01 4.5198e-01 4.8099e-01 1.5612e-01 8.8418e-01 -2.2552e-02 7.3243e-01 9.8933e-01 1.0000e+00 8.4553e-01 9.9472e-01 4.1578e-01 9.0115e-01 -8.1683e-03 -2.0148e-02 9.7861e-01 -1.5121e-01 4.8343e-01 9.6810e-01 3.8406e-01 -3.3731e-01 9.5747e-01 -1.6057e-01 -2.1001e-01 -3.7479e-01 -7.5612e-03 -6.1315e-02 -3.5894e-02 -7.5612e-03 -7.5612e-03 -3.5307e-01 -3.4910e-01 -3.4632e-01 -3.4910e-01 -6.3779e-01 -3.5894e-02 -3.5894e-02 -6.3140e-01 -3.5894e-02 -3.3832e-01 -1.0273e-02 -3.3832e-01 -2.9353e-02 -3.3832e-01 -6.2761e-01 -7.5612e-03 -1.4451e-01 -7.5612e-03 -7.5612e-03 -7.5612e-03 -2.1588e-01 -3.3629e-01 -3.5894e-02 -5.0467e-01 -3.5894e-02 -5.0617e-01 -3.5894e-02 -1.3510e-01 -7.5612e-03 -3.3706e-01 -6.2761e-01 -1.3451e-01 -7.5612e-03 -7.5612e-03 -6.3295e-01 -3.5894e-02 -1.2726e-01 -7.5612e-03 -7.5612e-03 -7.5612e-03 -3.4989e-01 -7.5612e-03 -3.5894e-02 -3.2414e-02 -6.4577e-01 -3.2414e-02 -6.4577e-01 -3.7508e-02 -3.5068e-01 -3.5068e-01 -3.5068e-01 -6.5120e-01 -3.5147e-01 -6.4480e-01 -3.4555e-01 -5.1283e-01 -3.4831e-01 -5.2288e-01 -3.5894e-02 -3.4555e-01 -5.2288e-01 -3.4831e-01 -3.3977e-01 2.9353e-02 6.5214e-01 6.4946e-01 -3.4331e-01 -1.4676e-01 -3.4410e-01 -3.4410e-01 -3.4331e-01 -3.5894e-02 -3.4331e-01 6.4577e-01 -3.4331e-01 -3.3398e-01 -3.5894e-02 -3.5894e-02 -3.4253e-01 -3.3350e-01 -3.4253e-01 -3.4253e-01 -3.5894e-02 -3.4253e-01 -3.4253e-01 -3.4253e-01 -3.4253e-01 -3.4253e-01 4.9293e-02 4.7489e-02 -3.4831e-01 6.5484e-01 -3.4518e-01 -3.5894e-02 -3.4362e-01 -3.4362e-01 -2.2714e-01 6.6632e-01 -3.5894e-02 -3.4174e-01 -3.4174e-01 -3.4440e-01 -3.5894e-02 -3.4752e-01 -3.4674e-01 -1.4156e-01 -3.4674e-01 -3.4402e-01 -3.3824e-01 -1.4214e-01 -3.4674e-01 2.4065e-02 -5.3673e-01 -5.3359e-01 -3.5894e-02 -2.4065e-02 -5.3516e-01 -3.4250e-01 5.1188e-01 -3.4098e-01 -3.4206e-02 -1.4097e-01 -3.5992e-01 -3.6083e-01 -6.0218e-01 -3.5504e-01 -1.3772e-01 3.5742e-01 -3.5680e-01 -3.5680e-01 -3.5894e-02 -3.5857e-01 -3.5592e-01 5.8591e-01 -6.3403e-01 3.2438e-01 -3.5894e-02 -3.5894e-02 -3.1745e-01 2.9856e-01 2.9603e-01 1.7512e-01 1.9153e-01
4.1802e-01 3.2285e-01 9.3446e-02 1.5078e-01 1.5577e-01 1.5844e-01 5.2265e-01 3.5546e-01 1.8464e-01 7.4761e-01 -7.2649e-02 9.1999e-01 8.3651e-01 8.4553e-01 1.0000e+00 8.4070e-01 3.5077e-01 7.6155e-01 -5.3267e-02 -7.1646e-02 8.2707e-01 -1.7883e-01 3.5601e-01 8.1744e-01 3.2473e-01 -4.0286e-01 8.0807e-01 -1.5881e-01 -1.4368e-01 -2.5413e-01 1.4027e-01 -4.5489e-02 1.2275e-01 1.4027e-01 1.4027e-01 -2.3438e-01 -2.2997e-01 -2.5991e-01 -2.2997e-01 -5.1772e-01 1.2275e-01 1.2275e-01 -5.1226e-01 1.2275e-01 -2.2103e-01 1.3128e-01 -2.2103e-01 -4.8622e-02 -2.2103e-01 -5.0926e-01 1.4027e-01 -1.7352e-01 1.4027e-01 1.4027e-01 1.4027e-01 -1.2448e-01 -2.5186e-01 1.2275e-01 -3.9282e-01 1.2275e-01 -3.9431e-01 1.2275e-01 -1.5999e-01 1.4027e-01 -2.5274e-01 -5.0926e-01 -1.5929e-01 1.4027e-01 1.4027e-01 -5.1430e-01 1.2275e-01 -1.5327e-01 1.4027e-01 1.4027e-01 1.4027e-01 -2.3085e-01 1.4027e-01 1.2275e-01 -5.2044e-02 -5.2525e-01 -5.2044e-02 -5.2525e-01 1.1389e-01 -2.3173e-01 -2.3173e-01 -2.3173e-01 -5.3038e-01 -2.3261e-01 -5.2491e-01 -2.5904e-01 -4.3681e-01 -2.2909e-01 -4.0836e-01 1.2275e-01 -2.5904e-01 -4.0836e-01 -2.2909e-01 -2.5414e-01 4.8622e-02 5.3070e-01 5.2817e-01 -2.2506e-01 -1.5234e-01 -2.2594e-01 -2.2594e-01 -2.2506e-01 1.2275e-01 -2.2506e-01 5.2525e-01 -2.2506e-01 -2.2039e-01 1.2275e-01 1.2275e-01 -2.2418e-01 -2.4529e-01 -2.2418e-01 -2.2418e-01 1.2275e-01 -2.2418e-01 -2.2418e-01 -2.2418e-01 -2.2418e-01 -2.2418e-01 -3.8550e-03 -5.7841e-03 -2.2909e-01 5.3325e-01 -2.2559e-01 1.2275e-01 -2.2385e-01 -2.2385e-01 -1.3339e-01 5.5298e-01 1.2275e-01 -2.5470e-01 -2.5470e-01 -2.2472e-01 1.2275e-01 -2.2821e-01 -2.2734e-01 -1.6763e-01 -2.2734e-01 -2.5730e-01 -2.5240e-01 -1.6831e-01 -2.2734e-01 4.2724e-02 -4.2206e-01 -4.2568e-01 1.2275e-01 -4.2724e-02 -4.2051e-01 -2.5557e-01 4.3155e-01 -2.5384e-01 1.0386e-01 -1.6694e-01 -2.4430e-01 -2.4527e-01 -4.8272e-01 -2.7315e-01 -1.1143e-01 2.8003e-01 -2.7508e-01 -2.7508e-01 1.2275e-01 -2.7702e-01 -2.7411e-01 4.7338e-01 -5.1475e-01 2.0277e-01 1.2275e-01 1.2275e-01 -2.4061e-01 2.5870e-01 2.5615e-01 1.6452e-01 1.5514e-01
4.7610e-01 3.7435e-01 1.5951e-02 1.1957e-01 1.2395e-01 1.2823e-01 4.5457e-01 4.7684e-01 1.5694e-01 8.7951e-01 -2.4116e-02 7.3801e-01 9.8411e-01 9.9472e-01 8.4070e-01 1.0000e+00 4.3569e-01 9.0778e-01 -1.8498e-03 -1.3873e-02 9.7343e-01 -1.5201e-01 4.7922e-01 9.6295e-01 3.8203e-01 -3.3922e-01 9.5236e-01 -1.5412e-01 -2.1132e-01 -3.7084e-01 -7.8854e-03 -6.2356e-02 -3.6084e-02 -7.8854e-03 -7.8854e-03 -3.4882e-01 -3.4484e-01 -3.4200e-01 -3.4484e-01 -6.3375e-01 -3.6084e-02 -3.6084e-02 -6.2738e-01 -3.6084e-02 -3.3412e-01 -1.0600e-02 -3.3412e-01 -3.0257e-02 -3.3412e-01 -6.2362e-01 -7.8854e-03 -1.4558e-01 -7.8854e-03 -7.8854e-03 -7.8854e-03 -2.1741e-01 -3.3204e-01 -3.6084e-02 -5.0073e-01 -3.6084e-02 -5.0222e-01 -3.6084e-02 -1.3606e-01 -7.8854e-03 -3.3282e-01 -6.2362e-01 -1.3546e-01 -7.8854e-03 -7.8854e-03 -6.2895e-01 -3.6084e-02 -1.2826e-01 -7.8854e-03 -7.8854e-03 -7.8854e-03 -3.4564e-01 -7.8854e-03 -3.6084e-02 -3.3324e-02 -6.4170e-01 -3.3324e-02 -6.4170e-01 -3.7708e-02 -3.4643e-01 -3.4643e-01 -3.4643e-01 -6.4713e-01 -3.4723e-01 -6.4076e-01 -3.4123e-01 -5.0878e-01 -3.4405e-01 -5.1885e-01 -3.6084e-02 -3.4123e-01 -5.1885e-01 -3.4405e-01 -3.3548e-01 3.0257e-02 6.4804e-01 6.4537e-01 -3.3909e-01 -1.4777e-01 -3.3988e-01 -3.3988e-01 -3.3909e-01 -3.6084e-02 -3.3909e-01 6.4170e-01 -3.3909e-01 -3.2973e-01 -3.6084e-02 -3.6084e-02 -3.3830e-01 -3.2914e-01 -3.3830e-01 -3.3830e-01 -3.6084e-02 -3.3830e-01 -3.3830e-01 -3.3830e-01 -3.3830e-01 -3.3830e-01 4.7385e-02 4.5578e-02 -3.4405e-01 6.5074e-01 -3.4091e-01 -3.6084e-02 -3.3935e-01 -3.3935e-01 -2.2861e-01 6.6248e-01 -3.6084e-02 -3.4392e-01 -3.4392e-01 -3.4013e-01 -3.6084e-02 -3.4326e-01 -3.4248e-01 -1.4254e-01 -3.4248e-01 -3.4622e-01 -3.3395e-01 -1.4313e-01 -3.4248e-01 2.4961e-02 -5.3269e-01 -5.2955e-01 -3.6084e-02 -2.4961e-02 -5.3112e-01 -3.4469e-01 5.0914e-01 -3.4316e-01 -3.4388e-02 -1.4196e-01 -3.5595e-01 -3.5686e-01 -5.9817e-01 -3.5769e-01 -1.3173e-01 3.6028e-01 -3.5946e-01 -3.5946e-01 -3.6084e-02 -3.6124e-01 -3.5857e-01 5.8213e-01 -6.3001e-01 3.2024e-01 -3.6084e-02 -3.6084e-02 -3.2028e-01 2.9626e-01 2.9373e-01 1.7376e-01 1.8992e-01
-3.9298e-02 -3.2731e-02 2.3479e-01 6.7188e-02 6.8854e-02 6.7188e-02 1.9265e-01 1.6706e-01 6.8380e-02 -4.5132e-02 2.4173e-01 2.6635e-02 3.7547e-01 4.1578e-01 3.5077e-01 4.3569e-01 1.0000e+00 7.3086e-02 2.9024e-01 2.3630e-01 3.5305e-01 -6.6230e-02 1.6238e-01 3.4909e-01 8.7682e-01 -1.2625e-01 3.4909e-01 -3.5856e-02 -8.6546e-02 -1.3177e-01 4.6175e-02 -2.0479e-02 -1.5722e-02 4.6175e-02 4.6175e-02 -1.1979e-01 -1.1810e-01 -1.2782e-01 -1.1810e-01 -2.5623e-01 -1.5722e-02 -1.5722e-02 -2.5732e-01 -1.5722e-02 -1.1911e-01 4.3070e-02 -1.1911e-01 -2.3860e-02 -1.1911e-01 -2.5953e-01 4.6175e-02 -7.7263e-02 4.6175e-02 4.6175e-02 4.6175e-02 -8.4042e-02 -1.2915e-01 -1.5722e-02 -2.0081e-01 -1.5722e-02 -2.0144e-01 -1.5722e-02 -7.0273e-02 4.6175e-02 -1.2948e-01 -2.5953e-01 -7.0037e-02 4.6175e-02 4.6175e-02 -2.4271e-01 -1.5722e-02 -7.0508e-02 4.6175e-02 4.6175e-02 4.6175e-02 -1.1844e-01 4.6175e-02 -1.5722e-02 -2.5044e-02 -2.5953e-01 -2.5044e-02 -2.5953e-01 -1.6429e-02 -1.1877e-01 -1.1877e-01 -1.1877e-01 -2.6179e-01 -1.1911e-01 -2.6293e-01 -1.2749e-01 -2.0730e-01 -1.1777e-01 -1.9895e-01 -1.5722e-02 -1.2749e-01 -1.9895e-01 -1.1777e-01 -1.1413e-01 2.3860e-02 2.5842e-01 2.5732e-01 -1.1844e-01 -7.4948e-02 -1.1877e-01 -1.1877e-01 -1.1844e-01 -1.5722e-02 -1.1844e-01 2.5953e-01 -1.1844e-01 -1.1446e-01 -1.5722e-02 -1.5722e-02 -1.1810e-01 -1.2229e-01 -1.1810e-01 -1.1810e-01 -1.5722e-02 -1.1810e-01 -1.1810e-01 -1.1810e-01 -1.1810e-01 -1.1810e-01 -7.8646e-02 -7.9107e-02 -1.1777e-01 2.5953e-01 -1.1644e-01 -1.5722e-02 -1.1577e-01 -1.1577e-01 -8.3006e-02 -4.9123e-02 -1.5722e-02 -1.3952e-01 -1.3952e-01 -1.1610e-01 -1.5722e-02 -1.1743e-01 -1.1710e-01 -7.2853e-02 -1.1710e-01 -1.4052e-01 -1.1347e-01 -7.3086e-02 -1.1710e-01 2.1825e-02 -2.0463e-01 -2.0334e-01 -1.5722e-02 -2.1825e-02 -2.0398e-01 -1.3985e-01 -2.7965e-02 -1.3920e-01 -1.4982e-02 -7.2619e-02 -1.3966e-01 -1.4005e-01 -2.5220e-01 -1.6271e-01 -5.8559e-02 1.5858e-01 -1.6349e-01 -1.6349e-01 -1.5722e-02 -1.6427e-01 -1.6310e-01 2.6525e-01 -2.5842e-01 1.1877e-01 -1.5722e-02 -1.5722e-02 -1.6388e-01 -4.8566e-02 -4.8845e-02 -2.9218e-02 -3.7322e-02
5.3038e-01 4.1777e-01 -9.5891e-02 1.0254e-01 1.0661e-01 1.1190e-01 4.0910e-01 4.2554e-01 1.4247e-01 9.6887e-01 -1.3365e-01 8.2022e-01 8.9934e-01 9.0115e-01 7.6155e-01 9.0778e-01 7.3086e-02 1.0000e+00 -1.1751e-01 -1.2880e-01 8.8779e-01 -1.3799e-01 4.3773e-01 8.7825e-01 -1.3687e-02 -3.1269e-01 8.6680e-01 -1.4153e-01 -1.9575e-01 -3.2751e-01 -1.9871e-03 -4.3590e-02 -3.2756e-02 -1.9871e-03 -1.9871e-03 -3.1465e-01 -3.1104e-01 -3.0960e-01 -3.1104e-01 -5.5545e-01 -3.2756e-02 -3.2756e-02 -5.4806e-01 -3.2756e-02 -2.9903e-01 -4.6521e-03 -2.9903e-01 -1.3834e-02 -2.9903e-01 -5.4297e-01 -1.9871e-03 -1.2665e-01 -1.9871e-03 -1.9871e-03 -1.9871e-03 -1.9763e-01 -2.9829e-01 -3.2756e-02 -4.4438e-01 -3.2756e-02 -4.4572e-01 -3.2756e-02 -1.1913e-01 -1.9871e-03 -2.9899e-01 -5.4297e-01 -1.1858e-01 -1.9871e-03 -1.9871e-03 -5.5750e-01 -3.2756e-02 -1.1061e-01 -1.9871e-03 -1.9871e-03 -1.9871e-03 -3.1176e-01 -1.9871e-03 -3.2756e-02 -1.6813e-02 -5.6251e-01 -1.6813e-02 -5.6251e-01 -3.4230e-02 -3.1248e-01 -3.1248e-01 -3.1248e-01 -5.6733e-01 -3.1320e-01 -5.5991e-01 -3.0890e-01 -4.5703e-01 -3.1032e-01 -4.6478e-01 -3.2756e-02 -3.0890e-01 -4.6478e-01 -3.1032e-01 -3.0255e-01 1.3834e-02 5.6989e-01 5.6751e-01 -3.0468e-01 -1.2994e-01 -3.0540e-01 -3.0540e-01 -3.0468e-01 -3.2756e-02 -3.0468e-01 5.6251e-01 -3.0468e-01 -2.9619e-01 -3.2756e-02 -3.2756e-02 -3.0396e-01 -2.9793e-01 -3.0396e-01 -3.0396e-01 -3.2756e-02 -3.0396e-01 -3.0396e-01 -3.0396e-01 -3.0396e-01 -3.0396e-01 8.2530e-02 8.0760e-02 -3.1032e-01 5.7229e-01 -3.0747e-01 -3.2756e-02 -3.0606e-01 -3.0606e-01 -2.1014e-01 7.3580e-01 -3.2756e-02 -3.1247e-01 -3.1247e-01 -3.0676e-01 -3.2756e-02 -3.0961e-01 -3.0889e-01 -1.2512e-01 -3.0889e-01 -3.1455e-01 -3.0115e-01 -1.2566e-01 -3.0889e-01 8.6780e-03 -4.7727e-01 -4.7444e-01 -3.2756e-02 -8.6780e-03 -4.7585e-01 -3.1316e-01 5.6160e-01 -3.1178e-01 -3.1216e-02 -1.2458e-01 -3.1408e-01 -3.1490e-01 -5.2713e-01 -3.1803e-01 -1.0684e-01 3.1678e-01 -3.1963e-01 -3.1963e-01 -3.2756e-02 -3.2124e-01 -3.1883e-01 4.9544e-01 -5.5039e-01 2.8416e-01 -3.2756e-02 -3.2756e-02 -2.7712e-01 3.3964e-01 3.3702e-01 1.9949e-01 2.2019e-01
-9.5674e-02 -8.9395e-02 4.2240e-01 2.1843e-01 2.2438e-01 2.1843e-01 5.8965e-01 6.1998e-01 2.2914e-01 -1.5550e-01 8.7363e-01 -1.5603e-01 -2.0968e-02 -8.1683e-03 -5.3267e-02 -1.8498e-03 2.9024e-01 -1.1751e-01 1.0000e+00 8.7822e-01 -2.9022e-02 7.1472e-01 -7.5107e-02 -2.4140e-02 2.5449e-01 -2.9908e-01 -2.4140e-02 -1.4515e-01 -1.9083e-01 -3.4639e-01 3.3355e-02 -5.7694e-02 1.6267e-02 3.3355e-02 3.3355e-02 -3.1072e-01 -3.4949e-01 -3.5565e-01 -3.4949e-01 3.0501e-02 1.6267e-02 1.6267e-02 2.2379e-02 1.6267e-02 -3.5291e-01 4.9147e-02 -3.5291e-01 4.8314e-02 -3.5291e-01 1.9639e-02 3.3355e-02 -1.2252e-01 3.3355e-02 3.3355e-02 3.3355e-02 -2.3965e-01 -3.6014e-01 1.6267e-02 -1.6081e-02 1.6267e-02 -1.7300e-02 1.6267e-02 4.3655e-01 3.3355e-02 -3.6127e-01 1.9639e-02 4.3882e-01 3.3355e-02 3.3355e-02 3.7435e-02 1.6267e-02 4.4062e-01 3.3355e-02 3.3355e-02 3.3355e-02 -3.4569e-01 3.3355e-02 1.6267e-02 5.9068e-02 4.0092e-02 5.9068e-02 3.3274e-02 1.0865e-02 -3.4683e-01 -3.4683e-01 -3.4683e-01 4.4290e-02 -3.4797e-01 4.2971e-02 -3.5453e-01 -9.3644e-03 -3.4835e-01 -1.0996e-03 1.6267e-02 -3.5453e-01 -1.0996e-03 -3.4835e-01 -3.5073e-01 -4.8314e-02 -4.1410e-02 -3.5941e-02 -3.5062e-01 -1.6071e-01 -3.5177e-01 -3.5177e-01 -3.5062e-01 1.6267e-02 -3.5062e-01 -4.0092e-02 -3.5062e-01 -3.5185e-01 1.6267e-02 1.6267e-02 -3.4949e-01 -3.3691e-01 -3.4949e-01 -3.4949e-01 1.6267e-02 -3.4949e-01 -3.4949e-01 -3.4949e-01 -3.4949e-01 -3.4949e-01 3.7499e-01 3.8310e-01 -3.4835e-01 -4.0092e-02 -3.4382e-01 1.6267e-02 -3.4157e-01 -3.4157e-01 -2.3086e-01 -1.4455e-01 1.6267e-02 -3.4406e-01 -3.4406e-01 -3.3777e-01 1.6267e-02 -3.3242e-01 -3.3622e-01 4.3108e-01 -3.3622e-01 -3.4739e-01 -3.4358e-01 4.4131e-01 -3.4115e-01 -3.2597e-02 1.1022e-02 1.3393e-02 1.6267e-02 3.2597e-02 1.2209e-02 -3.5008e-01 -9.6353e-02 -3.4787e-01 2.2214e-02 4.3945e-01 -3.5138e-01 -3.5264e-01 7.2090e-03 -3.6038e-01 -1.2517e-01 3.4633e-01 -3.6286e-01 -3.6286e-01 1.6267e-02 -3.6031e-01 -3.6162e-01 -2.6488e-02 2.7812e-02 2.8263e-01 1.6267e-02 1.6267e-02 -3.4396e-01 -4.2675e-02 -4.4213e-02 -6.1753e-02 -2.4677e-02
