1.0000e+00 1.3438e-01 -7.2552e-02 4.0335e-02 2.2314e-02 3.4287e-02 -6.2579e-02 6.6065e-02 -3.9993e-02 4.3754e-02 1.1125e-01 -4.3221e-02 -4.3221e-02 -3.7079e-02 -3.2804e-02 5.4255e-02 6.6221e-02 -8.5403e-03 1.6467e-02 1.3621e-02 -7.6838e-03 1.1419e-02
1.3438e-01 1.0000e+00 -2.4184e-01 9.6005e-02 -1.8810e-02 7.4787e-03 4.0545e-03 -6.6289e-02 -3.9904e-02 1.8899e-01 -7.3620e-02 -4.8509e-03 -4.8509e-03 1.2472e-02 -4.6618e-02 3.1950e-03 3.9075e-02 -1.4098e-02 -6.2687e-03 1.1467e-02 -3.8642e-02 3.3687e-03
-7.2552e-02 -2.4184e-01 1.0000e+00 -2.2079e-02 -6.3501e-02 1.5454e-02 7.4155e-02 -1.9077e-04 1.7963e-03 -4.5302e-02 -4.4544e-02 1.9900e-02 1.9900e-02 1.4458e-02 3.9678e-03 7.3102e-03 -2.8745e-02 -1.2723e-02 4.6537e-02 2.0443e-02 4.5062e-02 4.0483e-03
4.0335e-02 9.6005e-02 -2.2079e-02 1.0000e+00 2.0801e-01 1.7672e-01 6.6586e-02 6.6530e-02 -1.0517e-01 -8.6903e-02 -3.6925e-02 -3.3685e-02 -3.3685e-02 -4.0906e-02 -1.9151e-02 1.6017e-02 4.9630e-02 4.6957e-02 1.1899e-02 -8.8814e-03 -2.8515e-04 -2.9595e-03
2.2314e-02 -1.8810e-02 -6.3501e-02 2.0801e-01 1.0000e+00 3.1729e-02 3.8198e-03 1.5256e-02 -1.0248e-01 8.9895e-02 1.2132e-03 -3.2540e-02 -3.2540e-02 -3.3233e-02 3.1210e-02 -9.3884e-03 -1.9050e-02 6.9749e-03 -3.3486e-02 -4.1268e-02 4.0555e-02 -6.0584e-02
3.4287e-02 7.4787e-03 1.5454e-02 1.7672e-01 3.1729e-02 1.0000e+00 -4.2982e-02 3.9513e-01 -6.1749e-02 -8.5396e-02 -1.8737e-04 -7.5868e-02 -7.5868e-02 -7.8060e-02 -3.1734e-02 5.3615e-02 7.6026e-02 6.0525e-03 -5.1548e-03 1.1737e-02 4.5669e-03 1.4722e-02
-6.2579e-02 4.0545e-03 7.4155e-02 6.6586e-02 3.8198e-03 -4.2982e-02 1.0000e+00 -1.0878e-01 -5.2445e-02 -7.5025e-02 -3.7702e-02 2.8400e-02 2.8400e-02 2.5348e-02 1.6116e-02 -1.7338e-02 -3.0754e-02 1.4241e-02 -1.0883e-02 3.1748e-03 8.6412e-03 -7.0602e-03
6.6065e-02 -6.6289e-02 -1.9077e-04 6.6530e-02 1.5256e-02 3.9513e-01 -1.0878e-01 1.0000e+00 4.8212e-01 -1.0938e-01 6.1858e-02 -1.1018e-01 -1.1018e-01 -1.0171e-01 -6.5366e-02 8.4808e-02 5.2720e-02 -1.6754e-02 -4.7428e-03 -1.4602e-02 1.2099e-02 1.9114e-03
-3.9993e-02 -3.9904e-02 1.7963e-03 -1.0517e-01 -1.0248e-01 -6.1749e-02 -5.2445e-02 4.8212e-01 1.0000e+00 1.4169e-01 2.6867e-02 -2.8364e-02 -2.8364e-02 -2.0036e-02 -2.2514e-02 1.0862e-02 8.8979e-03 -1.1257e-02 -1.1220e-02 -1.3492e-02 -1.7648e-02 1.6688e-02
4.3754e-02 1.8899e-01 -4.5302e-02 -8.6903e-02 8.9895e-02 -8.5396e-02 -7.5025e-02 -1.0938e-01 1.4169e-01 1.0000e+00 -4.0591e-02 3.5732e-02 3.5732e-02 5.6858e-02 -1.4656e-02 -9.2088e-02 6.7711e-03 2.1095e-02 2.3960e-03 2.3547e-02 -4.2199e-02 3.5324e-02
1.1125e-01 -7.3620e-02 -4.4544e-02 -3.6925e-02 1.2132e-03 -1.8737e-04 -3.7702e-02 6.1858e-02 2.6867e-02 -4.0591e-02 1.0000e+00 -1.8849e-01 -1.8849e-01 -1.6981e-01 -1.3603e-01 3.9009e-02 1.0083e-02 5.3711e-02 1.3264e-01 1.1201e-01 -5.5513e-03 7.1678e-02
-4.3221e-02 -4.8509e-03 1.9900e-02 -3.3685e-02 -3.2540e-02 -7.5868e-02 2.8400e-02 -1.1018e-01 -2.8364e-02 3.5732e-02 -1.8849e-01 1.0000e+00 1.0000e+00 9.5769e-01 4.9094e-01 -5.2055e-02 -5.4284e-02 -2.1899e-02 -3.5530e-02 7.7701e-03 -1.5807e-02 -5.3831e-02
-4.3221e-02 -4.8509e-03 1.9900e-02 -3.3685e-02 -3.2540e-02 -7.5868e-02 2.8400e-02 -1.1018e-01 -2.8364e-02 3.5732e-02 -1.8849e-01 1.0000e+00 1.0000e+00 9.5769e-01 4.9094e-01 -5.2055e-02 -5.4284e-02 -2.1899e-02 -3.5530e-02 7.7701e-03 -1.5807e-02 -5.3831e-02
-3.7079e-02 1.2472e-02 1.4458e-02 -4.0906e-02 -3.3233e-02 -7.8060e-02 2.5348e-02 -1.0171e-01 -2.0036e-02 5.6858e-02 -1.6981e-01 9.5769e-01 9.5769e-01 1.0000e+00 4.7557e-01 -5.2801e-02 -5.5852e-02 -2.3797e-02 -2.5074e-02 1.7043e-02 -3.2132e-02 -3.5897e-02
-3.2804e-02 -4.6618e-02 3.9678e-03 -1.9151e-02 3.1210e-02 -3.1734e-02 1.6116e-02 -6.5366e-02 -2.2514e-02 -1.4656e-02 -1.3603e-01 4.9094e-01 4.9094e-01 4.7557e-01 1.0000e+00 -1.9263e-02 9.1667e-02 1.4276e-02 -2.0803e-02 -1.2249e-02 1.1784e-02 4.7318e-03
5.4255e-02 3.1950e-03 7.3102e-03 1.6017e-02 -9.3884e-03 5.3615e-02 -1.7338e-02 8.4808e-02 1.0862e-02 -9.2088e-02 3.9009e-02 -5.2055e-02 -5.2055e-02 -5.2801e-02 -1.9263e-02 1.0000e+00 9.5366e-02 8.0631e-02 -1.1747e-01 -1.1344e-01 7.1434e-02 3.0947e-02
6.6221e-02 3.9075e-02 -2.8745e-02 4.9630e-02 -1.9050e-02 7.6026e-02 -3.0754e-02 5.2720e-02 8.8979e-03 6.7711e-03 1.0083e-02 -5.4284e-02 -5.4284e-02 -5.5852e-02 9.1667e-02 9.5366e-02 1.0000e+00 -3.1379e-02 -5.3910e-02 -5.5028e-02 -4.7361e-02 -4.7279e-02
-8.5403e-03 -1.4098e-02 -1.2723e-02 4.6957e-02 6.9749e-03 6.0525e-03 1.4241e-02 -1.6754e-02 -1.1257e-02 2.1095e-02 5.3711e-02 -2.1899e-02 -2.1899e-02 -2.3797e-02 1.4276e-02 8.0631e-02 -3.1379e-02 1.0000e+00 3.0666e-02 2.9376e-02 -3.0048e-02 6.0858e-02
1.6467e-02 -6.2687e-03 4.6537e-02 1.1899e-02 -3.3486e-02 -5.1548e-03 -1.0883e-02 -4.7428e-03 -1.1220e-02 2.3960e-03 1.3264e-01 -3.5530e-02 -3.5530e-02 -2.5074e-02 -2.0803e-02 -1.1747e-01 -5.3910e-02 3.0666e-02 1.0000e+00 8.9623e-01 -2.1391e-01 1.6573e-01
1.3621e-02 1.1467e-02 2.0443e-02 -8.8814e-03 -4.1268e-02 1.1737e-02 3.1748e-03 -1.4602e-02 -1.3492e-02 2.3547e-02 1.1201e-01 7.7701e-03 7.7701e-03 1.7043e-02 -1.2249e-02 -1.1344e-01 -5.5028e-02 2.9376e-02 8.9623e-01 1.0000e+00 -2.2257e-01 1.8052e-01
-7.6838e-03 -3.8642e-02 4.5062e-02 -2.8515e-04 4.0555e-02 4.5669e-03 8.6412e-03 1.2099e-02 -1.7648e-02 -4.2199e-02 -5.5513e-03 -1.5807e-02 -1.5807e-02 -3.2132e-02 1.1784e-02 7.1434e-02 -4.7361e-02 -3.0048e-02 -2.1391e-01 -2.2257e-01 1.0000e+00 -1.7745e-01
1.1419e-02 3.3687e-03 4.0483e-03 -2.9595e-03 -6.0584e-02 1.4722e-02 -7.0602e-03 1.9114e-03 1.6688e-02 3.5324e-02 7.1678e-02 -5.3831e-02 -5.3831e-02 -3.5897e-02 4.7318e-03 3.0947e-02 -4.7279e-02 6.0858e-02 1.6573e-01 1.8052e-01 -1.7745e-01 1.0000e+00
