1.0000e+00 -1.8962e-01 -1.8962e-01 -2.4427e-02 -2.3488e-02 -4.6577e-02 -1.7784e-02 3.9303e-02 5.6668e-02 4.0850e-02 4.0850e-02 3.8532e-02 3.7295e-02 5.6668e-02 3.8532e-02 3.7295e-02 3.7295e-02 3.8806e-02 -1.6442e-02 -6.4577e-02 -3.7295e-02 -3.8049e-02 -3.8049e-02 -1.9299e-02 -5.5546e-02 -5.7575e-02 -2.5076e-02 -4.2855e-02 -5.3873e-02 -5.3873e-02 -3.9189e-02 -3.4365e-02 -3.1407e-02 -3.1407e-02 -3.6328e-02 -5.7395e-02 -5.0780e-02 -4.6804e-02 -4.6804e-02 -5.0156e-02 -4.6804e-02 -9.9439e-03 -5.3365e-02 -4.2896e-02 -5.2372e-02 -5.0769e-02 -2.0590e-02 3.5519e-02 2.6816e-02 -4.0892e-02 3.4310e-03 -6.6485e-03 -2.0598e-02 3.0472e-02 -1.8095e-02 -8.1505e-03 9.9143e-03 9.9143e-03 9.9143e-03 8.6233e-03 7.8810e-03 -2.5182e-02 1.5180e-02 4.8223e-02 6.9341e-03 -1.5776e-02 4.0818e-03 3.4650e-02 2.1239e-03 2.7773e-03 3.4299e-03 -3.4595e-02 -1.3906e-02 3.4595e-02 3.2588e-02 3.4595e-02 3.4595e-02 3.4650e-02 3.5261e-02 -2.2846e-02 4.6350e-02 -2.2846e-02 -2.3481e-02 -2.2846e-02 3.7679e-02 2.2288e-02 -1.4133e-02 4.4708e-02 4.9311e-02 4.4313e-02 -3.6765e-02 -1.6563e-04 -2.8615e-02 -2.9464e-02 2.2166e-02 1.1699e-02 -1.9872e-02 -6.8132e-02 -1.8651e-02 2.3931e-02 -7.1618e-03 2.8235e-02 3.4142e-02 -1.7727e-02 -6.0806e-02 3.1834e-02 4.8334e-02 -4.6884e-02 5.2878e-03 -1.3919e-02 6.8957e-03 -9.9130e-03 -3.4877e-02 4.1757e-02 -3.3082e-03 -2.9930e-02 -2.8411e-02 5.1526e-02 -2.5652e-02 -3.2016e-02 -2.9875e-02 -1.2926e-02 -4.2350e-02 1.9247e-02 6.8950e-03 6.8950e-03 7.8045e-03 -1.8904e-03 -6.1669e-03 1.6078e-03 5.7164e-03 -2.6176e-02 -2.8194e-02 2.3231e-02 2.0392e-02 -2.6472e-02 -3.4905e-02 -4.5055e-02 1.0348e-02 -4.0850e-02 -8.4765e-03 2.9670e-02 2.8642e-02 -1.2308e-02 -8.0668e-03 1.9925e-02 9.7877e-03 -1.8126e-02 1.0244e-02 1.1007e-02 1.5532e-02 -9.7191e-03 -9.8470e-03 -2.3579e-03 -3.1240e-03 -2.3579e-03 -5.3465e-03 -2.3931e-02 -9.1878e-03 -8.3232e-03 -9.1878e-03 -1.5540e-03 -9.1878e-03 -9.1878e-03 -6.7410e-03 -4.9923e-03 -4.4381e-02 -7.0726e-03 3.0628e-03 -4.4607e-03 1.1253e-02 -3.6155e-02 1.1253e-02 1.1253e-02 9.8846e-03 1.0568e-02 1.1940e-02 -1.0623e-02 2.1687e-02 1.5512e-02 1.8112e-02 1.9575e-02 -1.8382e-02 -3.6221e-02 2.5632e-02 3.3630e-02 2.5632e-02 -2.3554e-04 -3.9973e-02 4.2392e-02 4.1962e-02
-1.8962e-01 1.0000e+00 9.6341e-01 -6.0175e-03 -6.4211e-04 1.7997e-02 1.0255e-02 -2.9236e-03 -1.9620e-02 -4.0646e-03 -4.0646e-03 -2.3553e-03 4.3535e-03 -1.9620e-02 -2.3553e-03 4.3535e-03 4.3535e-03 3.2489e-03 -1.2091e-02 3.2023e-02 -4.3535e-03 -3.8019e-03 -3.8019e-03 -1.8459e-02 1.2503e-02 2.0283e-02 -1.9448e-02 3.6120e-03 4.0935e-02 4.0935e-02 2.3744e-02 3.3120e-02 2.4400e-02 2.4400e-02 4.2556e-02 4.8002e-02 -4.0523e-02 5.8979e-02 5.8979e-02 -4.1017e-02 5.8979e-02 1.2587e-02 5.6501e-02 5.5685e-02 5.5685e-02 6.1780e-02 -6.1996e-03 3.3625e-02 7.9381e-03 4.2078e-02 1.8334e-02 1.3203e-02 -6.5045e-02 -8.4816e-03 -2.4314e-02 -4.5002e-03 6.4213e-03 6.4213e-03 6.4213e-03 7.4502e-03 7.0204e-03 3.3533e-02 7.9656e-03 -3.9034e-02 1.9931e-02 3.4386e-02 2.8865e-02 -2.7177e-02 3.0460e-02 2.9927e-02 2.9396e-02 3.4325e-02 5.9004e-02 -4.3949e-02 -4.2435e-02 -4.3949e-02 -4.3949e-02 -2.7177e-02 -4.4452e-02 6.9849e-03 -4.4574e-02 6.9849e-03 7.4886e-03 6.9849e-03 -4.4065e-02 4.3161e-02 4.7018e-02 -3.5269e-02 -4.4674e-02 -3.3401e-02 4.0830e-03 1.5001e-02 7.5350e-03 8.1716e-03 -1.7873e-02 -2.1020e-02 3.9208e-02 2.9116e-02 5.0699e-02 3.6985e-02 -2.9896e-03 2.5868e-02 -3.0353e-02 2.3642e-02 7.9352e-02 -9.1074e-03 -6.8804e-02 6.7609e-02 -1.1341e-02 -3.3729e-02 4.7132e-02 1.7768e-02 3.1746e-02 -3.3810e-02 -8.4269e-03 3.4786e-02 2.0580e-02 -1.9331e-02 1.7361e-02 2.9447e-02 -3.5867e-04 -1.0523e-02 -1.8029e-02 -1.5559e-03 1.7810e-02 1.7810e-02 1.7162e-02 5.3148e-02 2.7149e-02 -2.7821e-02 -1.5559e-03 2.1020e-02 2.2604e-02 -1.4303e-02 -1.7892e-02 1.3260e-02 1.4283e-02 2.1081e-02 -5.2613e-03 4.0646e-03 3.8694e-02 -4.4065e-02 2.3463e-03 1.3002e-02 7.7626e-03 -1.5628e-02 1.3937e-02 5.5696e-05 -1.6942e-02 -1.7524e-02 -2.0977e-02 -3.3386e-02 2.0799e-02 4.4656e-03 5.0708e-03 4.4656e-03 1.0005e-02 2.1333e-02 4.9337e-03 4.2610e-03 4.9337e-03 -1.0065e-03 4.9337e-03 4.9337e-03 -2.4723e-02 -2.5942e-02 -5.4901e-03 -2.2961e-02 -2.2961e-02 8.2522e-03 -7.7149e-03 -1.0101e-02 -7.7149e-03 -7.7149e-03 -6.6431e-03 -7.1785e-03 -8.2522e-03 -1.2233e-02 -6.5607e-03 1.6898e-03 1.2800e-02 -4.9343e-03 -1.4499e-02 -1.4784e-03 -4.6374e-03 -1.4480e-02 -4.6374e-03 -3.6985e-02 4.7199e-02 5.5489e-02 9.4583e-04
-1.8962e-01 9.6341e-01 1.0000e+00 1.2609e-02 1.7814e-02 3.5940e-02 -2.6730e-03 -2.9236e-03 -1.9620e-02 -4.0646e-03 -4.0646e-03 -2.3553e-03 4.3535e-03 -1.9620e-02 -2.3553e-03 4.3535e-03 4.3535e-03 3.2489e-03 -1.2091e-02 3.2023e-02 -4.3535e-03 -3.8019e-03 -3.8019e-03 -1.8459e-02 1.2503e-02 2.0283e-02 -1.9448e-02 3.6120e-03 4.0935e-02 4.0935e-02 2.3744e-02 3.3120e-02 2.4400e-02 2.4400e-02 4.2556e-02 4.8002e-02 -4.0523e-02 5.8979e-02 5.8979e-02 -4.1017e-02 5.8979e-02 1.2587e-02 5.6501e-02 5.5685e-02 5.5685e-02 6.1780e-02 -1.9758e-02 3.3625e-02 7.9381e-03 4.2078e-02 3.1089e-02 2.5524e-02 -7.3588e-02 -3.1296e-02 -7.2213e-03 -4.5002e-03 6.4213e-03 6.4213e-03 6.4213e-03 7.4502e-03 7.0204e-03 3.3533e-02 7.9656e-03 -3.9034e-02 1.9931e-02 3.4386e-02 2.8865e-02 -2.7177e-02 3.0460e-02 2.9927e-02 2.9396e-02 5.3573e-02 5.9004e-02 -6.3197e-02 -6.1752e-02 -6.3197e-02 -6.3197e-02 -2.7177e-02 -6.3678e-02 2.4596e-02 -6.4258e-02 2.4596e-02 2.5090e-02 2.4596e-02 -6.3775e-02 4.3161e-02 4.7018e-02 -4.4513e-02 -5.3772e-02 -4.2207e-02 2.3012e-02 1.5001e-02 2.9070e-02 2.9748e-02 -3.5623e-02 -3.8835e-02 5.6268e-02 2.6086e-03 6.8112e-02 3.6985e-02 -2.9896e-03 2.5868e-02 -9.3668e-03 4.5522e-02 5.9820e-02 1.5994e-02 -5.0247e-02 4.9087e-02 1.9831e-02 -3.3729e-02 4.7132e-02 2.7547e-02 3.1746e-02 -4.3446e-02 1.5453e-02 5.1940e-02 2.0580e-02 -2.8689e-02 3.5292e-02 2.9447e-02 2.2193e-02 -1.0523e-02 -8.1074e-03 -1.5559e-03 5.7366e-03 5.7366e-03 5.0548e-03 3.2065e-02 1.5547e-02 -2.7821e-02 -1.5559e-03 1.2113e-02 1.3679e-02 -1.4303e-02 -1.7892e-02 4.5070e-03 5.5215e-03 1.2072e-02 -5.2613e-03 4.0646e-03 1.6602e-02 -3.4209e-02 2.3463e-03 1.3002e-02 7.7626e-03 -1.5628e-02 1.3937e-02 5.5696e-05 -1.6942e-02 -1.7524e-02 -2.0977e-02 -3.3386e-02 2.0799e-02 4.4656e-03 5.0708e-03 4.4656e-03 1.0005e-02 -7.8259e-03 1.6423e-02 1.5723e-02 1.6423e-02 1.0244e-02 1.6423e-02 1.6423e-02 -1.3002e-02 -1.4281e-02 -5.4901e-03 -1.0489e-02 -1.0489e-02 1.7456e-02 -1.6911e-02 -1.0101e-02 -1.6911e-02 -1.6911e-02 -1.5823e-02 -1.6366e-02 -1.7456e-02 -2.0625e-03 -1.5883e-02 -7.6504e-03 2.6448e-03 -1.4230e-02 -4.6435e-03 8.7081e-03 -1.4480e-02 -2.4322e-02 -1.4480e-02 -3.6985e-02 5.6101e-02 5.5489e-02 9.4583e-04
-2.4427e-02 -6.0175e-03 1.2609e-02 1.0000e+00 9.6739e-01 8.6850e-01 4.2121e-02 1.3488e-02 3.2762e-02 2.1520e-02 2.1520e-02 1.6963e-02 -9.1767e-04 3.2762e-02 1.6963e-02 -9.1767e-04 -9.1767e-04 2.0257e-03 3.4585e-02 -6.4794e-02 9.1767e-04 4.3641e-03 4.3641e-03 6.6422e-02 1.8161e-03 -1.7937e-02 6.0158e-02 1.5093e-02 2.7999e-02 2.7999e-02 4.3396e-02 4.5069e-02 4.1858e-02 4.1858e-02 2.4479e-02 3.8343e-02 -4.6081e-02 2.8043e-02 2.8043e-02 -4.4784e-02 2.8043e-02 -6.8152e-02 2.7217e-02 2.8923e-02 2.2988e-02 7.4350e-02 5.8738e-02 4.2707e-02 2.8000e-02 7.2138e-02 6.7541e-02 5.0873e-02 -5.7060e-02 -3.7361e-02 2.2077e-02 -3.5634e-03 1.8313e-03 1.8313e-03 1.8313e-03 -8.6516e-04 3.4999e-03 -1.1086e-02 -1.1240e-02 9.2716e-03 -1.5599e-02 -6.5427e-03 -1.4882e-02 -8.1891e-03 -1.4445e-02 -1.3079e-02 -1.6247e-02 -1.3645e-02 5.4628e-03 8.7460e-03 1.4197e-02 8.7460e-03 8.7460e-03 1.1807e-02 5.3066e-03 -9.4100e-03 3.2062e-02 -9.4100e-03 -1.0745e-02 -9.4100e-03 3.0603e-02 4.6180e-02 -3.3728e-02 -6.8448e-02 -5.4927e-02 -4.8859e-02 3.2406e-02 2.6954e-02 9.0113e-03 7.3857e-03 -2.6701e-02 -3.6796e-02 -1.0445e-02 -1.1427e-02 1.8970e-02 5.0725e-02 -3.6920e-02 3.4061e-02 -9.7908e-03 -4.1739e-03 -2.8859e-02 -1.2180e-02 2.2399e-02 -1.9536e-02 -3.6908e-03 -5.4419e-02 -2.0693e-02 5.1952e-04 2.0642e-03 3.1812e-02 1.3249e-02 -1.0294e-02 2.4089e-02 2.6508e-02 -1.7692e-02 7.0454e-03 3.4792e-02 7.0844e-02 -3.3356e-02 -2.3363e-02 1.2395e-02 1.2395e-02 1.4274e-02 4.1487e-02 2.0841e-02 -1.9731e-02 -2.3363e-02 3.2262e-02 2.8245e-02 -1.7013e-02 -7.2261e-03 1.1985e-02 1.3787e-02 1.3890e-02 -2.1154e-02 1.8506e-02 7.5230e-03 5.0366e-04 -4.3126e-02 1.0295e-02 9.4304e-03 -6.2201e-02 2.0986e-02 -1.3424e-02 -4.2672e-02 -3.5552e-02 -3.6264e-02 -1.0060e-02 3.7713e-03 -3.0420e-02 -3.2050e-02 -3.0420e-02 -2.3435e-02 -3.5882e-02 3.8996e-02 3.4814e-02 3.8996e-02 3.0700e-02 3.8996e-02 3.8996e-02 4.3400e-02 4.0795e-02 -1.4968e-02 4.8834e-02 4.8834e-02 -2.3285e-04 -1.1679e-03 -1.4402e-03 -1.1679e-03 -1.1679e-03 -3.9622e-03 -2.5662e-03 -4.4521e-03 4.4099e-02 -3.6132e-03 -1.0284e-02 -5.0747e-02 1.6133e-03 5.5686e-02 2.1875e-02 -1.7032e-02 -2.2042e-02 -1.7032e-02 8.6459e-03 -2.0778e-02 -3.2588e-02 -4.3457e-02
-2.3488e-02 -6.4211e-04 1.7814e-02 9.6739e-01 1.0000e+00 8.9471e-01 3.6796e-02 5.7753e-03 2.1948e-02 1.3813e-02 1.3813e-02 9.1795e-03 -9.0056e-03 2.1948e-02 9.1795e-03 -9.0056e-03 -9.0056e-03 -6.0116e-03 3.7702e-02 -5.4296e-02 9.0056e-03 1.2382e-02 1.2382e-02 5.2574e-02 1.2681e-02 -7.2926e-03 4.6465e-02 2.3167e-02 3.6712e-02 3.6712e-02 5.3847e-02 5.3976e-02 5.2289e-02 5.2289e-02 3.3152e-02 4.7172e-02 -2.7890e-02 3.7000e-02 3.7000e-02 -2.6561e-02 3.7000e-02 -5.3307e-02 3.6287e-02 3.8013e-02 3.2131e-02 8.3744e-02 6.5813e-02 3.8435e-02 2.9502e-02 7.1716e-02 5.8673e-02 4.1759e-02 -6.3956e-02 -3.8861e-02 1.8935e-02 3.2934e-03 3.3274e-04 3.3274e-04 3.3274e-04 -2.4296e-03 6.0231e-03 -1.5681e-02 -8.2841e-03 -6.2636e-04 -7.2070e-03 -1.1260e-02 -2.1124e-02 -5.7508e-03 -2.0837e-02 -1.9435e-02 -2.2525e-02 -7.1315e-03 1.1338e-02 2.2774e-03 7.5104e-03 2.2774e-03 2.2774e-03 1.4062e-02 -1.0747e-03 -8.2467e-03 1.9383e-02 -8.2467e-03 -9.6146e-03 -8.2467e-03 1.7872e-02 4.7278e-02 -2.3686e-02 -7.2150e-02 -5.7817e-02 -5.8371e-02 2.8133e-02 2.8969e-02 3.2174e-03 6.9827e-03 -3.3700e-02 -4.3461e-02 -5.7478e-03 -1.0166e-02 2.3170e-02 4.7044e-02 -3.3597e-02 3.5675e-02 -1.5457e-02 -4.8597e-03 -2.0888e-02 -1.6297e-02 1.2685e-02 -9.7740e-03 -5.1105e-03 -4.9213e-02 -2.2876e-02 -7.1528e-03 -1.7222e-02 3.4796e-02 4.1006e-03 -2.1131e-02 3.5060e-03 3.0713e-02 -1.5454e-02 -1.1877e-02 2.7248e-02 6.6312e-02 -3.5279e-02 -2.5621e-02 1.5562e-02 1.5562e-02 1.7494e-02 3.5019e-02 2.2931e-02 -1.5895e-02 -2.5621e-02 2.9983e-02 2.5866e-02 -1.1321e-02 -1.3354e-03 1.1331e-02 1.3028e-02 1.0990e-02 -3.1233e-02 1.5932e-02 6.3133e-04 -2.0110e-03 -2.8359e-02 2.4563e-02 2.3578e-03 -6.0272e-02 1.0010e-02 -2.7192e-02 -3.1533e-02 -2.4445e-02 -2.4951e-02 -7.0646e-03 -3.3429e-03 -1.8828e-02 -2.0476e-02 -1.8828e-02 -1.9047e-02 -3.2337e-02 1.3433e-02 9.4067e-03 1.3433e-02 6.2439e-03 1.3433e-02 1.3433e-02 2.2729e-02 2.0369e-02 -4.3938e-02 2.5438e-02 2.5438e-02 -2.2878e-02 2.1424e-02 -2.8782e-02 2.1424e-02 2.1424e-02 1.8525e-02 1.9973e-02 1.8236e-02 2.4593e-02 2.0013e-02 1.3543e-02 -3.1261e-02 2.4985e-02 3.7754e-02 2.4922e-03 4.7371e-04 -4.4904e-03 4.7371e-04 1.1783e-02 -2.2525e-02 -2.1875e-02 -4.4717e-02
-4.6577e-02 1.7997e-02 3.5940e-02 8.6850e-01 8.9471e-01 1.0000e+00 3.2434e-02 2.4242e-02 3.7546e-02 2.7630e-02 2.7630e-02 2.7356e-02 7.3730e-03 3.7546e-02 2.7356e-02 7.3730e-03 7.3730e-03 5.9201e-03 6.2106e-02 -6.7659e-02 -7.3730e-03 -4.2794e-03 -4.2794e-03 5.2608e-02 -1.5017e-03 -2.3519e-02 4.6973e-02 6.9581e-03 3.1759e-02 3.1759e-02 5.9114e-02 5.0699e-02 5.7425e-02 5.7425e-02 2.7853e-02 4.3236e-02 -3.7720e-02 3.3561e-02 3.3561e-02 -3.6279e-02 3.3561e-02 -3.8415e-02 3.3501e-02 3.5388e-02 2.9670e-02 4.5907e-02 6.4038e-02 3.0080e-02 2.6050e-02 6.7812e-02 5.3189e-02 4.6581e-02 -9.1493e-02 -2.6327e-02 -1.9371e-03 -9.1874e-03 -1.6145e-02 -1.6145e-02 -1.6145e-02 -1.9160e-02 1.4799e-02 -3.6704e-02 -2.5017e-02 5.8867e-03 -3.1521e-03 -3.2703e-02 -3.8498e-02 2.6806e-03 -3.8722e-02 -3.7191e-02 -4.0028e-02 -5.3384e-03 -1.1165e-02 6.1922e-04 5.1927e-03 6.1922e-04 6.1922e-04 2.1943e-02 -2.4693e-03 2.6611e-03 1.4104e-02 2.6611e-03 1.1711e-03 2.6611e-03 1.2456e-02 5.1285e-02 -1.6796e-02 -7.8951e-02 -7.0765e-02 -7.6064e-02 -1.4163e-03 1.5971e-02 -7.3582e-03 -3.9071e-03 -2.4173e-02 -3.2693e-02 -2.1271e-02 2.4058e-02 7.0957e-03 3.4481e-02 -2.2219e-02 4.1424e-02 -3.8259e-02 -2.2279e-02 -3.8082e-05 -1.7105e-02 -9.2712e-04 -4.8302e-04 2.1728e-03 -4.1377e-02 -3.3788e-02 -1.2693e-02 -4.1637e-03 2.7339e-02 1.8059e-02 -1.1698e-02 1.4911e-02 1.4223e-02 1.5732e-04 1.4503e-03 4.4332e-02 5.4887e-02 -3.8207e-02 -2.0494e-02 7.6680e-03 7.6680e-03 9.7376e-03 2.9278e-02 6.3793e-03 -1.6632e-03 -2.0494e-02 2.8325e-02 1.9475e-02 -1.7628e-02 -6.7661e-03 1.9412e-02 1.6467e-02 7.1624e-03 -8.9980e-03 -3.5310e-03 4.8996e-03 1.2456e-02 -4.9398e-02 4.8858e-02 2.0546e-02 -5.3841e-02 1.8000e-02 -2.8348e-02 -5.0568e-02 -4.3453e-02 -4.2623e-02 3.2930e-03 -7.1128e-03 -3.4541e-02 -3.6352e-02 -3.4541e-02 -6.4192e-03 -2.0182e-02 2.9625e-02 2.5872e-02 2.9625e-02 2.4068e-02 2.3991e-02 2.9625e-02 2.5857e-02 2.3952e-02 -3.8432e-02 3.0032e-02 3.6148e-02 -7.6354e-03 1.0583e-02 -2.2413e-02 1.0583e-02 1.0583e-02 7.4591e-03 9.0195e-03 7.6354e-03 3.4856e-02 6.9522e-03 9.6517e-04 -4.1500e-02 1.1332e-02 4.6284e-02 1.8202e-02 -1.4104e-02 -1.8931e-02 -1.4104e-02 8.4141e-03 3.6231e-03 -8.2490e-04 -2.5950e-02
-1.7784e-02 1.0255e-02 -2.6730e-03 4.2121e-02 3.6796e-02 3.2434e-02 1.0000e+00 1.4329e-01 1.0010e-01 1.4194e-01 1.4194e-01 1.4397e-01 1.4519e-01 1.0010e-01 1.4397e-01 1.4519e-01 1.4519e-01 1.4384e-01 -6.0132e-02 -8.6207e-02 -1.4519e-01 -1.5134e-01 -1.5134e-01 2.1648e-01 -1.0827e-01 -1.0700e-01 2.1478e-01 -1.5401e-01 -1.2313e-01 -1.2313e-01 -1.5250e-01 -1.2190e-01 -1.5185e-01 -1.5185e-01 -1.2170e-01 -1.1902e-01 -1.2127e-01 -1.1142e-01 -1.1142e-01 -1.1600e-01 -1.1142e-01 -1.5079e-01 -1.1364e-01 -1.0613e-01 -1.0613e-01 -1.0583e-01 -3.7521e-02 -2.9249e-02 -1.7223e-02 -1.9028e-02 -3.5791e-02 -4.8793e-02 -4.2127e-02 -1.6113e-02 -3.3071e-02 -5.6781e-02 -3.0325e-02 -3.0325e-02 -3.0325e-02 -2.8805e-02 -4.4748e-02 -1.7223e-02 -3.4307e-02 1.1735e-02 -1.8285e-02 -7.0800e-03 -2.3458e-02 4.1884e-02 -2.7452e-02 -2.8217e-02 -2.8981e-02 1.7332e-02 -6.3256e-02 -1.7332e-02 -1.4850e-02 -1.7332e-02 -1.7332e-02 -4.1387e-02 -1.8156e-02 2.4690e-02 -1.6080e-02 2.4690e-02 2.5450e-02 2.4690e-02 -1.5236e-02 5.9079e-02 -1.8031e-02 -2.2174e-02 -3.6998e-02 -5.5800e-02 9.4463e-03 1.8348e-02 2.7741e-02 3.6365e-02 -1.7379e-02 -1.5841e-02 -2.2288e-03 -5.3025e-02 3.7218e-02 3.5719e-02 -7.9878e-03 2.0235e-04 2.2937e-02 1.2679e-02 -3.9785e-04 -1.4634e-02 -6.7125e-04 -9.5624e-04 1.9946e-02 -3.9176e-02 3.5698e-02 4.0997e-02 2.0935e-03 -9.6982e-03 6.9500e-02 3.6881e-02 9.7270e-03 -1.8379e-02 4.9157e-02 1.0796e-02 2.6928e-02 1.3852e-02 -3.0386e-03 1.3859e-02 -3.1860e-02 -3.1860e-02 -2.4458e-02 -2.0006e-02 -3.1734e-02 -1.0200e-02 1.3859e-02 1.5841e-02 2.4528e-02 -2.5902e-02 -2.4921e-02 3.3445e-03 4.8862e-03 4.0056e-03 -2.6605e-02 1.7805e-02 2.4052e-03 -5.0055e-02 2.0244e-02 -1.1328e-02 -2.1247e-02 -2.3799e-02 -5.5957e-03 2.0563e-02 1.8728e-04 -7.4774e-04 1.1538e-03 -5.0842e-02 -6.8909e-03 -6.3981e-04 2.6946e-04 -6.3981e-04 3.5395e-02 -1.5115e-02 2.7389e-02 3.4415e-02 2.7389e-02 2.5879e-02 2.7389e-02 2.7389e-02 3.6174e-02 3.3942e-02 1.8015e-02 5.3772e-02 5.3772e-02 2.5910e-02 -3.1578e-02 9.7884e-03 -3.1578e-02 -3.1578e-02 -3.6398e-02 -3.7236e-02 -3.8917e-02 1.8295e-02 -4.4289e-02 -3.9415e-02 -1.7376e-02 -4.1715e-02 1.2619e-02 3.3613e-02 -2.5647e-02 -2.5647e-02 -2.5647e-02 4.6696e-02 2.1340e-02 -6.3417e-03 -4.2996e-02
3.9303e-02 -2.9236e-03 -2.9236e-03 1.3488e-02 5.7753e-03 2.4242e-02 1.4329e-01 1.0000e+00 8.3883e-01 9.8948e-01 9.8948e-01 9.9738e-01 9.6697e-01 8.3883e-01 9.9738e-01 9.6697e-01 9.6697e-01 9.6155e-01 -2.7396e-01 -7.9025e-01 -9.6697e-01 -9.6426e-01 -9.6426e-01 4.7440e-01 -7.9443e-01 -8.3034e-01 4.7171e-01 -9.4419e-01 -7.0914e-01 -7.0914e-01 -7.8027e-01 -6.6211e-01 -7.7745e-01 -7.7745e-01 -7.0345e-01 -6.6911e-01 -4.3983e-01 -6.6575e-01 -6.6575e-01 -4.3869e-01 -6.6575e-01 -5.3364e-01 -6.5584e-01 -6.5884e-01 -6.5259e-01 -5.4802e-01 1.7361e-02 7.8948e-03 -3.1233e-02 4.0244e-02 -3.2114e-02 -2.9624e-02 -6.1348e-02 2.9571e-02 -6.1314e-02 -6.0883e-02 2.1497e-02 2.1497e-02 2.1497e-02 1.9116e-02 -8.6831e-02 -1.0661e-02 8.4231e-03 7.8718e-02 4.7761e-03 -1.9321e-02 5.9705e-03 4.2976e-02 1.1902e-02 8.3312e-03 9.5350e-03 2.8911e-03 -3.2138e-02 -8.0480e-03 -1.2012e-02 -8.0480e-03 -8.0480e-03 -2.0170e-02 -1.1884e-02 1.5027e-02 -2.1745e-02 1.5027e-02 1.3824e-02 1.5027e-02 -3.3674e-02 4.1183e-02 -4.6571e-02 -5.2878e-02 -5.2935e-02 -7.1646e-02 8.9176e-03 -4.6524e-03 5.0090e-02 6.6064e-02 -2.0289e-02 -1.3104e-02 3.7820e-02 -2.9042e-02 1.3523e-02 6.6162e-03 -1.9874e-02 2.6444e-02 4.3260e-03 8.0041e-02 -8.3852e-03 6.0298e-02 1.3368e-02 -1.5790e-02 6.5019e-02 -3.7190e-03 -3.3239e-02 -2.1714e-02 -3.5715e-02 -8.1648e-02 1.0413e-01 4.6260e-02 -3.9413e-02 -8.0083e-02 7.3073e-02 -3.0795e-02 6.7097e-02 -2.0334e-02 -2.8475e-02 -8.9488e-03 -3.4037e-02 -3.4037e-02 -3.2489e-02 -8.0213e-02 -3.7697e-02 -1.6335e-03 -2.6607e-05 -3.9397e-02 -3.8327e-02 1.2835e-02 1.6535e-02 -1.0052e-02 -2.1830e-02 6.9341e-03 1.7494e-02 6.8584e-04 -3.6866e-02 1.3853e-02 2.7340e-02 5.9682e-03 1.2958e-02 3.6817e-02 1.4844e-02 -1.2296e-02 -2.3149e-02 -2.1661e-02 -1.8487e-02 9.6987e-03 -5.6464e-02 -2.6299e-02 -2.2195e-02 -2.6299e-02 7.9504e-03 -5.3489e-02 6.6335e-03 8.1743e-03 6.6335e-03 2.1632e-03 1.2790e-02 6.6335e-03 1.9153e-02 9.7265e-03 1.0484e-02 1.6528e-02 1.6528e-02 -4.6395e-02 4.5105e-02 -1.1342e-03 4.5105e-02 4.5105e-02 4.2534e-02 4.3819e-02 3.6531e-02 -2.1545e-02 3.9742e-02 4.2356e-02 2.5574e-02 3.5842e-02 -3.8955e-02 -1.7503e-02 2.7019e-02 2.7019e-02 2.7019e-02 5.5881e-02 -9.5445e-03 -8.6119e-02 -2.6716e-02
5.6668e-02 -1.9620e-02 -1.9620e-02 3.2762e-02 2.1948e-02 3.7546e-02 1.0010e-01 8.3883e-01 1.0000e+00 8.3745e-01 8.3745e-01 8.3663e-01 8.1112e-01 1.0000e+00 8.3663e-01 8.1112e-01 8.1112e-01 8.1526e-01 7.8029e-02 -9.4209e-01 -8.1112e-01 -8.0748e-01 -8.0748e-01 3.9794e-01 -9.4742e-01 -9.8401e-01 3.9445e-01 -7.8794e-01 -8.3178e-01 -8.3178e-01 -6.6837e-01 -7.8281e-01 -6.6453e-01 -6.6453e-01 -8.2493e-01 -7.8240e-01 -4.4103e-01 -7.8597e-01 -7.8597e-01 -4.4008e-01 -7.8597e-01 -4.7093e-01 -7.7590e-01 -7.7260e-01 -7.7260e-01 -6.6311e-01 7.6885e-02 -1.9920e-02 -7.7998e-02 3.3563e-02 -6.6069e-03 1.4472e-05 -6.8640e-02 1.7458e-02 -4.9630e-02 -6.3445e-02 8.3149e-04 8.3149e-04 8.3149e-04 -1.1862e-03 -9.2489e-02 -2.5072e-02 -1.2671e-02 6.0667e-02 2.1678e-02 -3.4206e-02 -2.4054e-02 3.0498e-02 -2.1880e-02 -2.0851e-02 -1.9824e-02 -2.3128e-02 -5.3758e-02 1.7442e-02 1.4203e-02 1.7442e-02 1.7442e-02 -1.5918e-02 1.2838e-02 -4.6541e-03 9.2828e-03 -4.6541e-03 -5.6544e-03 -4.6541e-03 2.3498e-03 3.4545e-02 -4.7114e-02 -6.7787e-02 -6.3141e-02 -8.3785e-02 -3.3327e-02 2.9381e-03 2.4155e-02 3.5721e-02 4.2217e-03 1.0326e-02 2.1922e-02 -1.7575e-02 7.8334e-03 3.0276e-02 -6.2187e-03 1.5396e-02 3.1182e-03 6.6279e-02 1.0117e-02 6.5555e-02 -9.9607e-03 6.5811e-03 5.3529e-02 1.0503e-02 -3.0450e-02 -3.7902e-02 -1.2869e-02 -9.1794e-02 6.4329e-02 3.9420e-02 -1.2948e-02 -9.9071e-02 5.8844e-02 -8.9592e-03 5.6988e-02 -1.4594e-02 -3.1885e-02 -3.0314e-03 -5.2412e-02 -5.2412e-02 -5.1181e-02 -8.3550e-02 -6.3342e-02 -2.0122e-02 6.8061e-03 -3.6639e-02 -3.9758e-02 -1.5687e-02 -1.3720e-02 -1.4434e-02 -2.6797e-02 -6.6031e-03 4.4433e-03 -1.2838e-02 6.7984e-03 2.3498e-03 3.9618e-02 -1.0173e-02 -4.3986e-03 3.0883e-02 3.5320e-02 3.3563e-02 -4.5612e-02 -4.4314e-02 -4.2857e-02 -1.0051e-02 -1.3659e-02 -4.2565e-02 -3.7691e-02 -3.6449e-02 -2.9153e-03 -3.0276e-02 -6.7068e-03 -5.3848e-03 -6.7068e-03 -1.6782e-03 -6.7068e-03 -6.7068e-03 -1.7525e-02 -2.1668e-02 -1.9305e-02 -2.7805e-02 -2.7805e-02 -5.1370e-02 5.0278e-02 -3.3727e-02 5.0278e-02 5.0278e-02 4.8100e-02 4.9188e-02 4.5932e-02 -4.7103e-02 5.0378e-02 5.2604e-02 5.1874e-02 4.7058e-02 -5.5875e-02 -4.2318e-02 4.3050e-02 4.3050e-02 4.3050e-02 3.8632e-02 -1.4565e-02 -7.3950e-02 -1.8946e-02
4.0850e-02 -4.0646e-03 -4.0646e-03 2.1520e-02 1.3813e-02 2.7630e-02 1.4194e-01 9.8948e-01 8.3745e-01 1.0000e+00 1.0000e+00 9.9214e-01 9.6189e-01 8.3745e-01 9.9214e-01 9.6189e-01 9.6189e-01 9.5641e-01 -2.7541e-01 -7.9443e-01 -9.6189e-01 -9.5915e-01 -9.5915e-01 4.7191e-01 -7.9314e-01 -8.2893e-01 4.6919e-01 -9.3911e-01 -7.0645e-01 -7.0645e-01 -7.7322e-01 -6.5954e-01 -7.7037e-01 -7.7037e-01 -7.0070e-01 -6.6646e-01 -4.3193e-01 -6.6312e-01 -6.6312e-01 -4.3080e-01 -6.6312e-01 -5.2312e-01 -6.5326e-01 -6.5629e-01 -6.5003e-01 -5.4563e-01 2.3068e-02 4.8002e-03 -2.6189e-02 3.8793e-02 -3.0441e-02 -3.4479e-02 -6.1764e-02 3.3717e-02 -6.1766e-02 -6.2496e-02 2.7574e-02 2.7574e-02 2.7574e-02 2.5212e-02 -8.7602e-02 -5.5631e-03 1.4504e-02 8.3646e-02 3.0312e-03 -1.4215e-02 1.2124e-02 4.2585e-02 1.8111e-02 1.4518e-02 1.5711e-02 1.0844e-02 -2.9005e-02 -1.6015e-02 -1.9986e-02 -1.6015e-02 -1.6015e-02 -2.0726e-02 -1.9862e-02 2.3352e-02 -2.9739e-02 2.3352e-02 2.2151e-02 2.3352e-02 -4.1699e-02 4.0967e-02 -4.2667e-02 -6.1034e-02 -5.6260e-02 -7.5388e-02 1.6906e-02 -5.1464e-03 4.7967e-02 6.3990e-02 -1.6891e-02 -9.7324e-03 4.7020e-02 -3.0788e-02 1.4497e-02 7.3187e-03 -2.0562e-02 2.6102e-02 6.6908e-03 7.8054e-02 -1.1098e-02 5.8660e-02 1.6425e-02 -1.8868e-02 6.3824e-02 -4.7317e-03 -3.4598e-02 -2.4340e-02 -3.7071e-02 -8.4629e-02 1.0247e-01 4.6866e-02 -4.0730e-02 -8.3251e-02 6.9931e-02 -3.2157e-02 6.5177e-02 -1.7364e-02 -2.5942e-02 -1.0235e-02 -3.2231e-02 -3.2231e-02 -3.0686e-02 -9.2717e-02 -3.5788e-02 8.5685e-04 -1.2894e-03 -3.8121e-02 -3.7016e-02 1.4636e-02 1.8268e-02 -9.0215e-03 -2.0811e-02 8.5110e-03 1.6240e-02 8.5928e-03 -4.9751e-02 1.6542e-02 2.6188e-02 1.6649e-03 2.2278e-02 3.6623e-02 2.2997e-02 -6.3583e-03 -3.1229e-02 -2.9733e-02 -2.6532e-02 9.1055e-03 -4.6661e-02 -3.4339e-02 -3.0226e-02 -3.4339e-02 3.4162e-03 -5.4314e-02 4.6139e-03 6.1513e-03 4.6139e-03 6.6087e-05 1.0786e-02 4.6139e-03 1.7225e-02 7.7592e-03 9.5915e-03 1.4760e-02 1.4760e-02 -4.4658e-02 4.3377e-02 -2.1054e-03 4.3377e-02 4.3377e-02 4.0822e-02 4.2098e-02 3.4769e-02 -1.8624e-02 3.7825e-02 4.0422e-02 2.2679e-02 3.3950e-02 -3.6404e-02 -1.4557e-02 2.4451e-02 2.4451e-02 2.4451e-02 5.5341e-02 -1.2983e-02 -9.5023e-02 -2.8867e-02
4.0850e-02 -4.0646e-03 -4.0646e-03 2.1520e-02 1.3813e-02 2.7630e-02 1.4194e-01 9.8948e-01 8.3745e-01 1.0000e+00 1.0000e+00 9.9214e-01 9.6189e-01 8.3745e-01 9.9214e-01 9.6189e-01 9.6189e-01 9.5641e-01 -2.7541e-01 -7.9443e-01 -9.6189e-01 -9.5915e-01 -9.5915e-01 4.7191e-01 -7.9314e-01 -8.2893e-01 4.6919e-01 -9.3911e-01 -7.0645e-01 -7.0645e-01 -7.7322e-01 -6.5954e-01 -7.7037e-01 -7.7037e-01 -7.0070e-01 -6.6646e-01 -4.3193e-01 -6.6312e-01 -6.6312e-01 -4.3080e-01 -6.6312e-01 -5.2312e-01 -6.5326e-01 -6.5629e-01 -6.5003e-01 -5.4563e-01 2.3068e-02 4.8002e-03 -2.6189e-02 3.8793e-02 -3.0441e-02 -3.4479e-02 -6.1764e-02 3.3717e-02 -6.1766e-02 -6.2496e-02 2.7574e-02 2.7574e-02 2.7574e-02 2.5212e-02 -8.7602e-02 -5.5631e-03 1.4504e-02 8.3646e-02 3.0312e-03 -1.4215e-02 1.2124e-02 4.2585e-02 1.8111e-02 1.4518e-02 1.5711e-02 1.0844e-02 -2.9005e-02 -1.6015e-02 -1.9986e-02 -1.6015e-02 -1.6015e-02 -2.0726e-02 -1.9862e-02 2.3352e-02 -2.9739e-02 2.3352e-02 2.2151e-02 2.3352e-02 -4.1699e-02 4.0967e-02 -4.2667e-02 -6.1034e-02 -5.6260e-02 -7.5388e-02 1.6906e-02 -5.1464e-03 4.7967e-02 6.3990e-02 -1.6891e-02 -9.7324e-03 4.7020e-02 -3.0788e-02 1.4497e-02 7.3187e-03 -2.0562e-02 2.6102e-02 6.6908e-03 7.8054e-02 -1.1098e-02 5.8660e-02 1.6425e-02 -1.8868e-02 6.3824e-02 -4.7317e-03 -3.4598e-02 -2.4340e-02 -3.7071e-02 -8.4629e-02 1.0247e-01 4.6866e-02 -4.0730e-02 -8.3251e-02 6.9931e-02 -3.2157e-02 6.5177e-02 -1.7364e-02 -2.5942e-02 -1.0235e-02 -3.2231e-02 -3.2231e-02 -3.0686e-02 -9.2717e-02 -3.5788e-02 8.5685e-04 -1.2894e-03 -3.8121e-02 -3.7016e-02 1.4636e-02 1.8268e-02 -9.0215e-03 -2.0811e-02 8.5110e-03 1.6240e-02 8.5928e-03 -4.9751e-02 1.6542e-02 2.6188e-02 1.6649e-03 2.2278e-02 3.6623e-02 2.2997e-02 -6.3583e-03 -3.1229e-02 -2.9733e-02 -2.6532e-02 9.1055e-03 -4.6661e-02 -3.4339e-02 -3.0226e-02 -3.4339e-02 3.4162e-03 -5.4314e-02 4.6139e-03 6.1513e-03 4.6139e-03 6.6087e-05 1.0786e-02 4.6139e-03 1.7225e-02 7.7592e-03 9.5915e-03 1.4760e-02 1.4760e-02 -4.4658e-02 4.3377e-02 -2.1054e-03 4.3377e-02 4.3377e-02 4.0822e-02 4.2098e-02 3.4769e-02 -1.8624e-02 3.7825e-02 4.0422e-02 2.2679e-02 3.3950e-02 -3.6404e-02 -1.4557e-02 2.4451e-02 2.4451e-02 2.4451e-02 5.5341e-02 -1.2983e-02 -9.5023e-02 -2.8867e-02
3.8532e-02 -2.3553e-03 -2.3553e-03 1.6963e-02 9.1795e-03 2.7356e-02 1.4397e-01 9.9738e-01 8.3663e-01 9.9214e-01 9.9214e-01 1.0000e+00 9.6951e-01 8.3663e-01 1.0000e+00 9.6951e-01 9.6951e-01 9.6411e-01 -2.7324e-01 -7.8818e-01 -9.6951e-01 -9.6681e-01 -9.6681e-01 4.7565e-01 -7.9225e-01 -8.2816e-01 4.7296e-01 -9.4673e-01 -7.0727e-01 -7.0727e-01 -7.8379e-01 -6.6027e-01 -7.8099e-01 -7.8099e-01 -7.0160e-01 -6.6727e-01 -4.3692e-01 -6.6392e-01 -6.6392e-01 -4.3578e-01 -6.6392e-01 -5.3144e-01 -6.5401e-01 -6.5700e-01 -6.5076e-01 -5.4624e-01 1.8146e-02 9.4362e-03 -3.0321e-02 4.0967e-02 -3.2948e-02 -3.0504e-02 -6.3428e-02 3.0558e-02 -6.3376e-02 -6.0081e-02 2.3207e-02 2.3207e-02 2.3207e-02 2.0821e-02 -8.6448e-02 -9.7758e-03 1.0138e-02 7.9541e-02 5.6452e-03 -1.8429e-02 7.6665e-03 4.3171e-02 1.3579e-02 1.0017e-02 1.1223e-02 6.6554e-03 -3.0910e-02 -1.1806e-02 -1.5793e-02 -1.1806e-02 -1.1806e-02 -1.9893e-02 -1.5627e-02 1.7949e-02 -2.5665e-02 1.7949e-02 1.6741e-02 1.7949e-02 -3.7589e-02 4.1291e-02 -4.5478e-02 -5.6238e-02 -5.6148e-02 -7.4495e-02 1.2536e-02 -4.4065e-03 5.1148e-02 6.7098e-02 -2.1981e-02 -1.4783e-02 4.0085e-02 -2.8173e-02 1.5367e-02 6.2665e-03 -1.9532e-02 2.6614e-02 3.1482e-03 8.1032e-02 -7.0341e-03 6.1115e-02 1.1845e-02 -1.4257e-02 6.5615e-02 -3.2146e-03 -3.2562e-02 -2.3023e-02 -3.5041e-02 -8.5320e-02 1.0495e-01 4.8253e-02 -3.8757e-02 -8.3515e-02 7.4638e-02 -3.0117e-02 6.8054e-02 -2.4547e-02 -2.9737e-02 -8.3084e-03 -3.4938e-02 -3.4938e-02 -3.3388e-02 -9.0909e-02 -3.8649e-02 -2.8739e-03 6.0231e-04 -4.2417e-02 -4.1368e-02 1.4384e-02 1.8105e-02 -1.2907e-02 -2.4682e-02 3.7381e-03 1.8120e-02 2.0078e-03 -4.8182e-02 1.5151e-02 2.7915e-02 4.9754e-03 1.9967e-02 3.6914e-02 1.8027e-02 -1.1505e-02 -2.7687e-02 -2.6186e-02 -2.2933e-02 9.9942e-03 -5.5340e-02 -3.0604e-02 -2.6518e-02 -3.0604e-02 5.6443e-03 -5.3079e-02 7.6395e-03 9.1820e-03 7.6395e-03 3.2077e-03 1.3788e-02 7.6395e-03 2.0113e-02 1.0706e-02 1.0929e-02 1.7409e-02 1.7409e-02 -4.4797e-02 4.3506e-02 -6.5047e-04 4.3506e-02 4.3506e-02 4.0932e-02 4.2218e-02 3.4947e-02 -2.0278e-02 3.8203e-02 4.0821e-02 2.4298e-02 3.4297e-02 -3.7589e-02 -1.6245e-02 2.5665e-02 2.5665e-02 2.5665e-02 5.6150e-02 -7.8322e-03 -8.8580e-02 -2.5645e-02
3.7295e-02 4.3535e-03 4.3535e-03 -9.1767e-04 -9.0056e-03 7.3730e-03 1.4519e-01 9.6697e-01 8.1112e-01 9.6189e-01 9.6189e-01 9.6951e-01 1.0000e+00 8.1112e-01 9.6951e-01 1.0000e+00 1.0000e+00 9.9491e-01 -2.6491e-01 -7.6415e-01 -1.0000e+00 -9.9746e-01 -9.9746e-01 4.9061e-01 -8.3392e-01 -8.0282e-01 4.8806e-01 -9.7722e-01 -6.8560e-01 -6.8560e-01 -8.2574e-01 -7.1282e-01 -8.2315e-01 -8.2315e-01 -6.8011e-01 -6.4593e-01 -4.0729e-01 -6.4258e-01 -6.4258e-01 -4.0611e-01 -6.4258e-01 -5.1066e-01 -6.3269e-01 -6.3559e-01 -6.2944e-01 -5.4312e-01 2.0281e-02 -1.3749e-03 -2.6320e-02 4.2140e-02 -3.6086e-02 -3.4407e-02 -5.6485e-02 4.2233e-02 -6.5229e-02 -5.8436e-02 2.4739e-02 2.4739e-02 2.4739e-02 2.2278e-02 -1.0116e-01 -1.2824e-02 1.1698e-02 8.2850e-02 9.1854e-03 -1.4671e-02 8.9337e-03 4.5500e-02 1.4593e-02 1.1139e-02 1.2382e-02 5.4375e-03 -2.7418e-02 -1.0512e-02 -1.4619e-02 -1.0512e-02 -1.0512e-02 -3.7347e-02 -1.4218e-02 6.0365e-03 -1.4877e-02 6.0365e-03 9.4375e-03 6.0365e-03 -2.6674e-02 4.2590e-02 -5.6543e-02 -4.7192e-02 -5.0943e-02 -6.6392e-02 -4.6131e-03 -1.5045e-03 3.5282e-02 4.5212e-02 -4.5398e-03 2.9505e-03 2.6377e-02 -2.4910e-02 -4.1617e-03 2.1396e-03 -1.5500e-02 2.8638e-02 3.0798e-04 6.9701e-02 3.7672e-03 3.7705e-02 3.6569e-03 -5.9315e-03 4.8033e-02 -8.0251e-03 -2.4591e-02 -2.8177e-02 -3.5868e-02 -8.8083e-02 1.0215e-01 4.4683e-02 -4.0118e-02 -8.4600e-02 6.9526e-02 -3.0793e-02 6.1556e-02 -2.0437e-02 -3.4187e-02 -1.8309e-02 -2.6488e-02 -2.6488e-02 -2.4862e-02 -9.4985e-02 -3.1548e-02 -1.4583e-03 -9.5300e-03 -4.9915e-02 -4.9065e-02 1.3406e-02 1.7476e-02 -1.8937e-02 -3.0656e-02 4.0042e-03 2.5511e-02 -3.1116e-03 -5.3702e-02 4.5041e-03 3.4711e-02 -5.6515e-04 1.0909e-02 3.8075e-02 8.0388e-03 -9.5586e-03 -2.5043e-02 -2.3501e-02 -1.9924e-02 1.3489e-02 -4.8018e-02 -2.6876e-02 -2.2911e-02 -2.6876e-02 9.0302e-04 -4.8262e-02 1.9522e-02 2.1085e-02 1.9522e-02 1.5543e-02 2.5580e-02 1.9522e-02 1.9105e-02 9.9865e-03 1.6187e-02 2.1245e-02 2.1245e-02 -4.5372e-02 4.4041e-02 5.0608e-03 4.4041e-02 4.4041e-02 4.1387e-02 4.2713e-02 3.5667e-02 -1.6056e-02 3.4797e-02 3.7488e-02 1.9959e-02 3.0781e-02 -3.7066e-02 -1.2141e-02 2.5256e-02 2.5256e-02 2.5256e-02 5.9357e-02 -1.6983e-03 -8.5988e-02 -1.3014e-02
5.6668e-02 -1.9620e-02 -1.9620e-02 3.2762e-02 2.1948e-02 3.7546e-02 1.0010e-01 8.3883e-01 1.0000e+00 8.3745e-01 8.3745e-01 8.3663e-01 8.1112e-01 1.0000e+00 8.3663e-01 8.1112e-01 8.1112e-01 8.1526e-01 7.8029e-02 -9.4209e-01 -8.1112e-01 -8.0748e-01 -8.0748e-01 3.9794e-01 -9.4742e-01 -9.8401e-01 3.9445e-01 -7.8794e-01 -8.3178e-01 -8.3178e-01 -6.6837e-01 -7.8281e-01 -6.6453e-01 -6.6453e-01 -8.2493e-01 -7.8240e-01 -4.4103e-01 -7.8597e-01 -7.8597e-01 -4.4008e-01 -7.8597e-01 -4.7093e-01 -7.7590e-01 -7.7260e-01 -7.7260e-01 -6.6311e-01 7.6885e-02 -1.9920e-02 -7.7998e-02 3.3563e-02 -6.6069e-03 1.4472e-05 -6.8640e-02 1.7458e-02 -4.9630e-02 -6.3445e-02 8.3149e-04 8.3149e-04 8.3149e-04 -1.1862e-03 -9.2489e-02 -2.5072e-02 -1.2671e-02 6.0667e-02 2.1678e-02 -3.4206e-02 -2.4054e-02 3.0498e-02 -2.1880e-02 -2.0851e-02 -1.9824e-02 -2.3128e-02 -5.3758e-02 1.7442e-02 1.4203e-02 1.7442e-02 1.7442e-02 -1.5918e-02 1.2838e-02 -4.6541e-03 9.2828e-03 -4.6541e-03 -5.6544e-03 -4.6541e-03 2.3498e-03 3.4545e-02 -4.7114e-02 -6.7787e-02 -6.3141e-02 -8.3785e-02 -3.3327e-02 2.9381e-03 2.4155e-02 3.5721e-02 4.2217e-03 1.0326e-02 2.1922e-02 -1.7575e-02 7.8334e-03 3.0276e-02 -6.2187e-03 1.5396e-02 3.1182e-03 6.6279e-02 1.0117e-02 6.5555e-02 -9.9607e-03 6.5811e-03 5.3529e-02 1.0503e-02 -3.0450e-02 -3.7902e-02 -1.2869e-02 -9.1794e-02 6.4329e-02 3.9420e-02 -1.2948e-02 -9.9071e-02 5.8844e-02 -8.9592e-03 5.6988e-02 -1.4594e-02 -3.1885e-02 -3.0314e-03 -5.2412e-02 -5.2412e-02 -5.1181e-02 -8.3550e-02 -6.3342e-02 -2.0122e-02 6.8061e-03 -3.6639e-02 -3.9758e-02 -1.5687e-02 -1.3720e-02 -1.4434e-02 -2.6797e-02 -6.6031e-03 4.4433e-03 -1.2838e-02 6.7984e-03 2.3498e-03 3.9618e-02 -1.0173e-02 -4.3986e-03 3.0883e-02 3.5320e-02 3.3563e-02 -4.5612e-02 -4.4314e-02 -4.2857e-02 -1.0051e-02 -1.3659e-02 -4.2565e-02 -3.7691e-02 -3.6449e-02 -2.9153e-03 -3.0276e-02 -6.7068e-03 -5.3848e-03 -6.7068e-03 -1.6782e-03 -6.7068e-03 -6.7068e-03 -1.7525e-02 -2.1668e-02 -1.9305e-02 -2.7805e-02 -2.7805e-02 -5.1370e-02 5.0278e-02 -3.3727e-02 5.0278e-02 5.0278e-02 4.8100e-02 4.9188e-02 4.5932e-02 -4.7103e-02 5.0378e-02 5.2604e-02 5.1874e-02 4.7058e-02 -5.5875e-02 -4.2318e-02 4.3050e-02 4.3050e-02 4.3050e-02 3.8632e-02 -1.4565e-02 -7.3950e-02 -1.8946e-02
3.8532e-02 -2.3553e-03 -2.3553e-03 1.6963e-02 9.1795e-03 2.7356e-02 1.4397e-01 9.9738e-01 8.3663e-01 9.9214e-01 9.9214e-01 1.0000e+00 9.6951e-01 8.3663e-01 1.0000e+00 9.6951e-01 9.6951e-01 9.6411e-01 -2.7324e-01 -7.8818e-01 -9.6951e-01 -9.6681e-01 -9.6681e-01 4.7565e-01 -7.9225e-01 -8.2816e-01 4.7296e-01 -9.4673e-01 -7.0727e-01 -7.0727e-01 -7.8379e-01 -6.6027e-01 -7.8099e-01 -7.8099e-01 -7.0160e-01 -6.6727e-01 -4.3692e-01 -6.6392e-01 -6.6392e-01 -4.3578e-01 -6.6392e-01 -5.3144e-01 -6.5401e-01 -6.5700e-01 -6.5076e-01 -5.4624e-01 1.8146e-02 9.4362e-03 -3.0321e-02 4.0967e-02 -3.2948e-02 -3.0504e-02 -6.3428e-02 3.0558e-02 -6.3376e-02 -6.0081e-02 2.3207e-02 2.3207e-02 2.3207e-02 2.0821e-02 -8.6448e-02 -9.7758e-03 1.0138e-02 7.9541e-02 5.6452e-03 -1.8429e-02 7.6665e-03 4.3171e-02 1.3579e-02 1.0017e-02 1.1223e-02 6.6554e-03 -3.0910e-02 -1.1806e-02 -1.5793e-02 -1.1806e-02 -1.1806e-02 -1.9893e-02 -1.5627e-02 1.7949e-02 -2.5665e-02 1.7949e-02 1.6741e-02 1.7949e-02 -3.7589e-02 4.1291e-02 -4.5478e-02 -5.6238e-02 -5.6148e-02 -7.4495e-02 1.2536e-02 -4.4065e-03 5.1148e-02 6.7098e-02 -2.1981e-02 -1.4783e-02 4.0085e-02 -2.8173e-02 1.5367e-02 6.2665e-03 -1.9532e-02 2.6614e-02 3.1482e-03 8.1032e-02 -7.0341e-03 6.1115e-02 1.1845e-02 -1.4257e-02 6.5615e-02 -3.2146e-03 -3.2562e-02 -2.3023e-02 -3.5041e-02 -8.5320e-02 1.0495e-01 4.8253e-02 -3.8757e-02 -8.3515e-02 7.4638e-02 -3.0117e-02 6.8054e-02 -2.4547e-02 -2.9737e-02 -8.3084e-03 -3.4938e-02 -3.4938e-02 -3.3388e-02 -9.0909e-02 -3.8649e-02 -2.8739e-03 6.0231e-04 -4.2417e-02 -4.1368e-02 1.4384e-02 1.8105e-02 -1.2907e-02 -2.4682e-02 3.7381e-03 1.8120e-02 2.0078e-03 -4.8182e-02 1.5151e-02 2.7915e-02 4.9754e-03 1.9967e-02 3.6914e-02 1.8027e-02 -1.1505e-02 -2.7687e-02 -2.6186e-02 -2.2933e-02 9.9942e-03 -5.5340e-02 -3.0604e-02 -2.6518e-02 -3.0604e-02 5.6443e-03 -5.3079e-02 7.6395e-03 9.1820e-03 7.6395e-03 3.2077e-03 1.3788e-02 7.6395e-03 2.0113e-02 1.0706e-02 1.0929e-02 1.7409e-02 1.7409e-02 -4.4797e-02 4.3506e-02 -6.5047e-04 4.3506e-02 4.3506e-02 4.0932e-02 4.2218e-02 3.4947e-02 -2.0278e-02 3.8203e-02 4.0821e-02 2.4298e-02 3.4297e-02 -3.7589e-02 -1.6245e-02 2.5665e-02 2.5665e-02 2.5665e-02 5.6150e-02 -7.8322e-03 -8.8580e-02 -2.5645e-02
3.7295e-02 4.3535e-03 4.3535e-03 -9.1767e-04 -9.0056e-03 7.3730e-03 1.4519e-01 9.6697e-01 8.1112e-01 9.6189e-01 9.6189e-01 9.6951e-01 1.0000e+00 8.1112e-01 9.6951e-01 1.0000e+00 1.0000e+00 9.9491e-01 -2.6491e-01 -7.6415e-01 -1.0000e+00 -9.9746e-01 -9.9746e-01 4.9061e-01 -8.3392e-01 -8.0282e-01 4.8806e-01 -9.7722e-01 -6.8560e-01 -6.8560e-01 -8.2574e-01 -7.1282e-01 -8.2315e-01 -8.2315e-01 -6.8011e-01 -6.4593e-01 -4.0729e-01 -6.4258e-01 -6.4258e-01 -4.0611e-01 -6.4258e-01 -5.1066e-01 -6.3269e-01 -6.3559e-01 -6.2944e-01 -5.4312e-01 2.0281e-02 -1.3749e-03 -2.6320e-02 4.2140e-02 -3.6086e-02 -3.4407e-02 -5.6485e-02 4.2233e-02 -6.5229e-02 -5.8436e-02 2.4739e-02 2.4739e-02 2.4739e-02 2.2278e-02 -1.0116e-01 -1.2824e-02 1.1698e-02 8.2850e-02 9.1854e-03 -1.4671e-02 8.9337e-03 4.5500e-02 1.4593e-02 1.1139e-02 1.2382e-02 5.4375e-03 -2.7418e-02 -1.0512e-02 -1.4619e-02 -1.0512e-02 -1.0512e-02 -3.7347e-02 -1.4218e-02 6.0365e-03 -1.4877e-02 6.0365e-03 9.4375e-03 6.0365e-03 -2.6674e-02 4.2590e-02 -5.6543e-02 -4.7192e-02 -5.0943e-02 -6.6392e-02 -4.6131e-03 -1.5045e-03 3.5282e-02 4.5212e-02 -4.5398e-03 2.9505e-03 2.6377e-02 -2.4910e-02 -4.1617e-03 2.1396e-03 -1.5500e-02 2.8638e-02 3.0798e-04 6.9701e-02 3.7672e-03 3.7705e-02 3.6569e-03 -5.9315e-03 4.8033e-02 -8.0251e-03 -2.4591e-02 -2.8177e-02 -3.5868e-02 -8.8083e-02 1.0215e-01 4.4683e-02 -4.0118e-02 -8.4600e-02 6.9526e-02 -3.0793e-02 6.1556e-02 -2.0437e-02 -3.4187e-02 -1.8309e-02 -2.6488e-02 -2.6488e-02 -2.4862e-02 -9.4985e-02 -3.1548e-02 -1.4583e-03 -9.5300e-03 -4.9915e-02 -4.9065e-02 1.3406e-02 1.7476e-02 -1.8937e-02 -3.0656e-02 4.0042e-03 2.5511e-02 -3.1116e-03 -5.3702e-02 4.5041e-03 3.4711e-02 -5.6515e-04 1.0909e-02 3.8075e-02 8.0388e-03 -9.5586e-03 -2.5043e-02 -2.3501e-02 -1.9924e-02 1.3489e-02 -4.8018e-02 -2.6876e-02 -2.2911e-02 -2.6876e-02 9.0302e-04 -4.8262e-02 1.9522e-02 2.1085e-02 1.9522e-02 1.5543e-02 2.5580e-02 1.9522e-02 1.9105e-02 9.9865e-03 1.6187e-02 2.1245e-02 2.1245e-02 -4.5372e-02 4.4041e-02 5.0608e-03 4.4041e-02 4.4041e-02 4.1387e-02 4.2713e-02 3.5667e-02 -1.6056e-02 3.4797e-02 3.7488e-02 1.9959e-02 3.0781e-02 -3.7066e-02 -1.2141e-02 2.5256e-02 2.5256e-02 2.5256e-02 5.9357e-02 -1.6983e-03 -8.5988e-02 -1.3014e-02
3.7295e-02 4.3535e-03 4.3535e-03 -9.1767e-04 -9.0056e-03 7.3730e-03 1.4519e-01 9.6697e-01 8.1112e-01 9.6189e-01 9.6189e-01 9.6951e-01 1.0000e+00 8.1112e-01 9.6951e-01 1.0000e+00 1.0000e+00 9.9491e-01 -2.6491e-01 -7.6415e-01 -1.0000e+00 -9.9746e-01 -9.9746e-01 4.9061e-01 -8.3392e-01 -8.0282e-01 4.8806e-01 -9.7722e-01 -6.8560e-01 -6.8560e-01 -8.2574e-01 -7.1282e-01 -8.2315e-01 -8.2315e-01 -6.8011e-01 -6.4593e-01 -4.0729e-01 -6.4258e-01 -6.4258e-01 -4.0611e-01 -6.4258e-01 -5.1066e-01 -6.3269e-01 -6.3559e-01 -6.2944e-01 -5.4312e-01 2.0281e-02 -1.3749e-03 -2.6320e-02 4.2140e-02 -3.6086e-02 -3.4407e-02 -5.6485e-02 4.2233e-02 -6.5229e-02 -5.8436e-02 2.4739e-02 2.4739e-02 2.4739e-02 2.2278e-02 -1.0116e-01 -1.2824e-02 1.1698e-02 8.2850e-02 9.1854e-03 -1.4671e-02 8.9337e-03 4.5500e-02 1.4593e-02 1.1139e-02 1.2382e-02 5.4375e-03 -2.7418e-02 -1.0512e-02 -1.4619e-02 -1.0512e-02 -1.0512e-02 -3.7347e-02 -1.4218e-02 6.0365e-03 -1.4877e-02 6.0365e-03 9.4375e-03 6.0365e-03 -2.6674e-02 4.2590e-02 -5.6543e-02 -4.7192e-02 -5.0943e-02 -6.6392e-02 -4.6131e-03 -1.5045e-03 3.5282e-02 4.5212e-02 -4.5398e-03 2.9505e-03 2.6377e-02 -2.4910e-02 -4.1617e-03 2.1396e-03 -1.5500e-02 2.8638e-02 3.0798e-04 6.9701e-02 3.7672e-03 3.7705e-02 3.6569e-03 -5.9315e-03 4.8033e-02 -8.0251e-03 -2.4591e-02 -2.8177e-02 -3.5868e-02 -8.8083e-02 1.0215e-01 4.4683e-02 -4.0118e-02 -8.4600e-02 6.9526e-02 -3.0793e-02 6.1556e-02 -2.0437e-02 -3.4187e-02 -1.8309e-02 -2.6488e-02 -2.6488e-02 -2.4862e-02 -9.4985e-02 -3.1548e-02 -1.4583e-03 -9.5300e-03 -4.9915e-02 -4.9065e-02 1.3406e-02 1.7476e-02 -1.8937e-02 -3.0656e-02 4.0042e-03 2.5511e-02 -3.1116e-03 -5.3702e-02 4.5041e-03 3.4711e-02 -5.6515e-04 1.0909e-02 3.8075e-02 8.0388e-03 -9.5586e-03 -2.5043e-02 -2.3501e-02 -1.9924e-02 1.3489e-02 -4.8018e-02 -2.6876e-02 -2.2911e-02 -2.6876e-02 9.0302e-04 -4.8262e-02 1.9522e-02 2.1085e-02 1.9522e-02 1.5543e-02 2.5580e-02 1.9522e-02 1.9105e-02 9.9865e-03 1.6187e-02 2.1245e-02 2.1245e-02 -4.5372e-02 4.4041e-02 5.0608e-03 4.4041e-02 4.4041e-02 4.1387e-02 4.2713e-02 3.5667e-02 -1.6056e-02 3.4797e-02 3.7488e-02 1.9959e-02 3.0781e-02 -3.7066e-02 -1.2141e-02 2.5256e-02 2.5256e-02 2.5256e-02 5.9357e-02 -1.6983e-03 -8.5988e-02 -1.3014e-02
3.8806e-02 3.2489e-03 3.2489e-03 2.0257e-03 -6.0116e-03 5.9201e-03 1.4384e-01 9.6155e-01 8.1526e-01 9.5641e-01 9.5641e-01 9.6411e-01 9.9491e-01 8.1526e-01 9.6411e-01 9.9491e-01 9.9491e-01 1.0000e+00 -2.6626e-01 -7.6806e-01 -9.9491e-01 -9.9235e-01 -9.9235e-01 4.8811e-01 -8.3820e-01 -8.0693e-01 4.8554e-01 -9.7214e-01 -6.8912e-01 -6.8912e-01 -8.3000e-01 -7.1648e-01 -8.2739e-01 -8.2739e-01 -6.8360e-01 -6.4940e-01 -4.1289e-01 -6.4605e-01 -6.4605e-01 -4.1172e-01 -6.4605e-01 -5.1486e-01 -6.3615e-01 -6.3907e-01 -6.3291e-01 -5.4653e-01 2.5899e-02 4.0478e-04 -2.8104e-02 4.0710e-02 -3.4444e-02 -3.2677e-02 -5.6871e-02 4.0308e-02 -6.5672e-02 -6.0006e-02 2.6044e-02 2.6044e-02 2.6044e-02 2.3598e-02 -1.0194e-01 -1.4576e-02 1.3003e-02 8.7695e-02 7.4785e-03 -1.6420e-02 5.5899e-03 4.5114e-02 1.1285e-02 7.8150e-03 9.0542e-03 -1.9921e-03 -2.9827e-02 -3.0944e-03 -7.1546e-03 -3.0944e-03 -3.0944e-03 -3.7932e-02 -6.8280e-03 2.4056e-04 -7.1150e-03 2.4056e-04 3.6620e-03 2.4056e-04 -1.8919e-02 4.2373e-02 -5.8718e-02 -5.0306e-02 -5.4201e-02 -7.0049e-02 -1.1794e-02 -1.9821e-03 3.3149e-02 4.3109e-02 -1.1563e-03 6.3082e-03 2.6378e-02 -1.9608e-02 -7.8493e-03 2.8187e-03 -1.6163e-02 2.8303e-02 -2.9218e-03 6.7707e-02 6.2903e-03 3.6028e-02 1.7353e-03 -4.0384e-03 4.6805e-02 -9.0311e-03 -2.5901e-02 -2.5604e-02 -2.8396e-02 -8.5925e-02 1.0051e-01 4.5268e-02 -3.2305e-02 -8.2767e-02 6.6414e-02 -2.3440e-02 6.5601e-02 -1.7512e-02 -3.6948e-02 -1.9596e-02 -2.4687e-02 -2.4687e-02 -2.3065e-02 -9.6165e-02 -2.9649e-02 -9.7420e-03 -1.0795e-02 -5.3386e-02 -5.2512e-02 1.0345e-02 1.4375e-02 -2.2570e-02 -3.4301e-02 7.8571e-04 2.4293e-02 -5.7320e-03 -5.4736e-02 1.9157e-03 4.2630e-02 -4.8153e-03 4.7280e-03 3.7881e-02 6.5033e-03 -1.1112e-02 -2.7356e-02 -2.5817e-02 -2.2273e-02 1.2913e-02 -5.0209e-02 -2.9312e-02 -2.5330e-02 -2.9312e-02 9.3207e-04 -4.9052e-02 1.7565e-02 1.9124e-02 1.7565e-02 1.3511e-02 2.3637e-02 1.7565e-02 1.7205e-02 8.0500e-03 1.5320e-02 1.9514e-02 1.9514e-02 -4.8518e-02 4.7191e-02 4.1204e-03 4.7191e-02 4.7191e-02 4.4544e-02 4.5866e-02 3.8789e-02 -1.8541e-02 3.7819e-02 4.0503e-02 2.2461e-02 3.3814e-02 -3.9754e-02 -1.4610e-02 2.7922e-02 2.7922e-02 2.7922e-02 5.8826e-02 -3.5543e-04 -8.5652e-02 -1.5092e-02
