1.0000e+00 -2.1938e-02 6.7695e-02 -1.6127e-02 -1.8361e-02 2.9911e-01 5.0503e-01 -1.1345e-01 1.2281e-02 6.1488e-02 -7.9387e-02 -7.5007e-02 -7.7256e-02
-2.1938e-02 1.0000e+00 3.1860e-01 1.9342e-01 -1.7382e-02 4.9912e-01 -9.1177e-02 2.5302e-01 9.4588e-03 -1.8167e-01 -1.1478e-02 2.0607e-02 3.4663e-02
6.7695e-02 3.1860e-01 1.0000e+00 3.3828e-01 4.5785e-01 6.0733e-01 -1.6046e-01 2.0233e-01 8.4264e-02 -1.4494e-02 -1.6253e-01 -8.8586e-02 1.2951e-01
-1.6127e-02 1.9342e-01 3.3828e-01 1.0000e+00 -4.2566e-02 2.0879e-01 -5.4282e-02 1.1068e-01 -2.8557e-02 -9.2209e-02 -5.8851e-02 2.9318e-02 4.1223e-02
-1.8361e-02 -1.7382e-02 4.5785e-01 -4.2566e-02 1.0000e+00 2.8914e-01 -7.5171e-02 7.3481e-03 2.3369e-01 6.6112e-02 -1.3524e-01 -6.7105e-02 5.7844e-02
2.9911e-01 4.9912e-01 6.0733e-01 2.0879e-01 2.8914e-01 1.0000e+00 3.6872e-01 8.2097e-02 1.5882e-02 -2.3822e-01 -1.4603e-01 -1.7223e-01 1.1316e-01
5.0503e-01 -9.1177e-02 -1.6046e-01 -5.4282e-02 -7.5171e-02 3.6872e-01 1.0000e+00 -3.6608e-01 -5.0431e-02 5.1428e-02 -4.3063e-02 -4.0322e-02 -5.1358e-02
-1.1345e-01 2.5302e-01 2.0233e-01 1.1068e-01 7.3481e-03 8.2097e-02 -3.6608e-01 1.0000e+00 -1.9877e-01 -1.9866e-01 1.5427e-01 2.0435e-01 -7.4515e-02
1.2281e-02 9.4588e-03 8.4264e-02 -2.8557e-02 2.3369e-01 1.5882e-02 -5.0431e-02 -1.9877e-01 1.0000e+00 9.1921e-02 -9.3931e-02 -6.5723e-02 3.9392e-02
6.1488e-02 -1.8167e-01 -1.4494e-02 -9.2209e-02 6.6112e-02 -2.3822e-01 5.1428e-02 -1.9866e-01 9.1921e-02 1.0000e+00 8.3614e-02 1.8906e-01 -1.4608e-01
-7.9387e-02 -1.1478e-02 -1.6253e-01 -5.8851e-02 -1.3524e-01 -1.4603e-01 -4.3063e-02 1.5427e-01 -9.3931e-02 8.3614e-02 1.0000e+00 4.3726e-01 1.2361e-01
-7.5007e-02 2.0607e-02 -8.8586e-02 2.9318e-02 -6.7105e-02 -1.7223e-01 -4.0322e-02 2.0435e-01 -6.5723e-02 1.8906e-01 4.3726e-01 1.0000e+00 -2.3168e-01
-7.7256e-02 3.4663e-02 1.2951e-01 4.1223e-02 5.7844e-02 1.1316e-01 -5.1358e-02 -7.4515e-02 3.9392e-02 -1.4608e-01 1.2361e-01 -2.3168e-01 1.0000e+00
