1.0000e+00 -7.2946e-02 7.5125e-02 -6.3300e-02 -4.2980e-02 -2.2703e-02 -9.9898e-02 6.9265e-02 1.2106e-01 -9.6100e-02 2.2206e-02 -1.1218e-01 -5.5557e-02 -8.4272e-02 7.8217e-02 -9.3454e-02 3.7185e-02 -9.4266e-02 4.1004e-02 -3.5651e-02 -1.0332e-01 -4.4472e-02 -5.5660e-02 -8.0401e-03 2.8520e-02 5.1314e-02 -1.0816e-03 5.0243e-03 -3.5960e-03 -2.8278e-03 -3.6903e-02
-7.2946e-02 1.0000e+00 -5.4800e-03 6.0091e-03 -6.8589e-03 5.7263e-02 7.6946e-02 -2.2426e-02 -1.3895e-02 -4.8965e-03 -8.5499e-03 -1.0836e-02 -4.8318e-02 -3.4555e-03 -4.9998e-02 -1.8666e-02 -4.1092e-02 -3.8653e-03 -2.9910e-03 -1.9936e-02 -4.2363e-03 -6.7285e-03 -1.8670e-02 2.9327e-02 -1.9648e-02 -9.2538e-03 -2.2353e-02 1.8435e-02 -2.0975e-02 -4.8965e-03 -4.5780e-03
7.5125e-02 -5.4800e-03 1.0000e+00 1.1010e-02 2.1601e-02 -3.0501e-02 -1.5479e-02 -2.7689e-02 -2.5458e-02 -8.9712e-03 -1.5665e-02 -1.9853e-02 3.2640e-02 -6.3309e-03 2.9121e-02 -2.0838e-02 4.9901e-02 -7.0817e-03 -5.4800e-03 2.5754e-02 -7.7615e-03 -1.2328e-02 -3.4206e-02 -4.1578e-02 -4.5076e-03 -1.6954e-02 -1.2343e-02 -2.4807e-02 2.1509e-02 -8.9712e-03 -8.3876e-03
-6.3300e-02 6.0091e-03 1.1010e-02 1.0000e+00 5.1246e-02 -7.1371e-02 2.2019e-02 8.3245e-03 -8.7179e-02 9.8373e-03 1.7177e-02 2.1770e-02 2.3259e-02 6.9421e-03 4.5289e-02 -7.2378e-02 4.4424e-02 7.7654e-03 6.0091e-03 4.0053e-02 8.5109e-03 1.3518e-02 -2.2386e-02 -2.9311e-03 1.0698e-02 -3.7072e-02 -7.3807e-03 -3.7036e-02 4.2140e-02 9.8373e-03 9.1974e-03
-4.2980e-02 -6.8589e-03 2.1601e-02 5.1246e-02 1.0000e+00 -3.7042e-01 -2.9677e-01 5.2827e-01 -2.0513e-01 1.9301e-02 -8.6241e-02 9.6050e-02 -2.4196e-01 7.8255e-02 -1.2146e-01 1.3391e-01 -1.5352e-01 5.8615e-02 6.7737e-02 -1.1735e-01 6.9525e-02 1.8132e-02 -8.2724e-02 -1.2527e-01 3.5903e-02 -6.1449e-04 -4.8027e-03 -8.1158e-02 5.5307e-02 -3.5962e-03 -4.3119e-02
-2.2703e-02 5.7263e-02 -3.0501e-02 -7.1371e-02 -3.7042e-01 1.0000e+00 7.6599e-01 -2.7175e-01 4.5806e-01 5.8157e-02 -8.4871e-02 -8.2693e-02 1.7264e-02 -3.4301e-02 -1.1547e-01 8.3400e-02 -1.4627e-01 -3.8369e-02 -2.9690e-02 -1.6843e-01 -4.2052e-02 -2.7669e-02 1.9461e-01 8.0118e-02 6.1248e-03 -3.4210e-02 4.2109e-02 -2.0949e-02 1.8685e-02 -2.1915e-02 6.8633e-02
-9.9898e-02 7.6946e-02 -1.5479e-02 2.2019e-02 -2.9677e-01 7.6599e-01 1.0000e+00 -4.6384e-01 -1.0926e-01 -3.8501e-02 -6.7227e-02 -7.0835e-02 1.3897e-01 -2.7170e-02 -1.0713e-01 5.4102e-02 -1.7482e-01 -3.0392e-02 -2.3518e-02 -1.4825e-01 -3.3310e-02 -7.7056e-03 2.8321e-01 1.3197e-01 -9.4235e-02 -2.2809e-02 7.4509e-02 5.4031e-03 1.5301e-02 -7.6635e-03 6.2855e-02
6.9265e-02 -2.2426e-02 -2.7689e-02 8.3245e-03 5.2827e-01 -2.7175e-01 -4.6384e-01 1.0000e+00 2.3555e-01 -5.1678e-02 -1.5556e-01 1.7323e-01 -4.4665e-01 5.8577e-02 -3.4551e-01 4.0415e-01 -2.7904e-01 3.7172e-02 -5.8991e-02 -2.0731e-01 4.5919e-02 3.1806e-02 -1.5954e-01 -1.7611e-01 1.2003e-01 -6.9880e-04 -3.0966e-02 -6.7714e-02 2.1630e-02 -6.7833e-03 5.6506e-03
1.2106e-01 -1.3895e-02 -2.5458e-02 -8.7179e-02 -2.0513e-01 4.5806e-01 -1.0926e-01 2.3555e-01 1.0000e+00 -2.2747e-02 -3.9719e-02 -5.0339e-02 -1.5731e-01 -1.6053e-02 -6.4997e-02 8.5448e-02 -1.7440e-02 -1.7956e-02 -1.3895e-02 -6.6727e-02 -1.9680e-02 -3.1258e-02 -4.5865e-02 -3.9207e-02 1.3125e-01 -1.7669e-02 -4.4379e-02 9.1082e-03 2.2166e-03 -2.2747e-02 2.8838e-02
-9.6100e-02 -4.8965e-03 -8.9712e-03 9.8373e-03 1.9301e-02 5.8157e-02 -3.8501e-02 -5.1678e-02 -2.2747e-02 1.0000e+00 -1.3997e-02 -1.7739e-02 3.3676e-02 -5.6569e-03 -1.4431e-02 2.1672e-02 2.6408e-03 -6.3277e-03 -4.8965e-03 3.6924e-02 -6.9351e-03 -1.1015e-02 -3.0564e-02 -5.2153e-03 7.3351e-02 -1.5149e-02 5.9274e-02 -4.4599e-02 -8.6510e-04 -8.0160e-03 -7.4946e-03
2.2206e-02 -8.5499e-03 -1.5665e-02 1.7177e-02 -8.6241e-02 -8.4871e-02 -6.7227e-02 -1.5556e-01 -3.9719e-02 -1.3997e-02 1.0000e+00 -3.0974e-02 1.7695e-01 -9.8775e-03 1.7100e-01 -1.5758e-01 1.9450e-01 -1.1049e-02 -8.5499e-03 -5.6988e-02 -1.2109e-02 -1.9234e-02 -3.2063e-02 4.1705e-03 -3.5693e-02 1.3147e-02 -2.6698e-02 8.5338e-02 -1.5106e-03 -1.3997e-02 -1.3086e-02
-1.1218e-01 -1.0836e-02 -1.9853e-02 2.1770e-02 9.6050e-02 -8.2693e-02 -7.0835e-02 1.7323e-01 -5.0339e-02 -1.7739e-02 -3.0974e-02 1.0000e+00 -1.7504e-01 -1.2518e-02 -1.4972e-01 1.6528e-01 -1.3801e-01 -1.4003e-02 -1.0836e-02 -5.6021e-02 5.2369e-02 1.8646e-02 -6.7637e-02 -5.6708e-02 -2.2022e-02 -3.3525e-02 -2.1429e-02 -3.3375e-02 3.3173e-02 -1.7739e-02 -1.6585e-02
-5.5557e-02 -4.8318e-02 3.2640e-02 2.3259e-02 -2.4196e-01 1.7264e-02 1.3897e-01 -4.4665e-01 -1.5731e-01 3.3676e-02 1.7695e-01 -1.7504e-01 1.0000e+00 -5.5820e-02 6.1640e-01 -5.3793e-01 6.7942e-01 -6.2440e-02 -4.8318e-02 3.8771e-01 -6.8434e-02 -9.5138e-03 8.4992e-02 1.0626e-01 -8.4446e-02 -3.9878e-02 3.3605e-02 7.1911e-02 -4.5237e-02 -3.3990e-02 2.2447e-02
-8.4272e-02 -3.4555e-03 -6.3309e-03 6.9421e-03 7.8255e-02 -3.4301e-02 -2.7170e-02 5.8577e-02 -1.6053e-02 -5.6569e-03 -9.8775e-03 -1.2518e-02 -5.5820e-02 1.0000e+00 -2.6043e-02 -6.3687e-02 -4.7473e-02 8.9398e-01 -3.4555e-03 -2.3032e-02 8.1568e-01 1.2256e-01 3.0094e-02 -1.9778e-02 2.6943e-02 -1.0691e-02 -2.5824e-02 8.1044e-03 -2.4232e-02 -5.6569e-03 -5.2889e-03
7.8217e-02 -4.9998e-02 2.9121e-02 4.5289e-02 -1.2146e-01 -1.1547e-01 -1.0713e-01 -3.4551e-01 -6.4997e-02 -1.4431e-02 1.7100e-01 -1.4972e-01 6.1640e-01 -2.6043e-02 1.0000e+00 -9.1751e-01 8.1772e-01 -3.6228e-02 -4.9998e-02 3.9874e-01 -4.4890e-02 -1.3654e-02 -5.7472e-02 6.9820e-02 -2.7325e-02 -9.0708e-03 2.5155e-03 4.4744e-02 -1.6296e-02 -1.4431e-02 -2.8500e-02
-9.3454e-02 -1.8666e-02 -2.0838e-02 -7.2378e-02 1.3391e-01 8.3400e-02 5.4102e-02 4.0415e-01 8.5448e-02 2.1672e-02 -1.5758e-01 1.6528e-01 -5.3793e-01 -6.3687e-02 -9.1751e-01 1.0000e+00 -7.5736e-01 -7.1240e-02 -5.5127e-02 -3.6744e-01 -5.2257e-02 7.2238e-03 5.9060e-02 -5.9222e-02 5.0253e-02 -3.7605e-02 8.1034e-03 -3.8832e-02 -6.0232e-03 2.1672e-02 3.5210e-02
3.7185e-02 -4.1092e-02 4.9901e-02 4.4424e-02 -1.5352e-01 -1.4627e-01 -1.7482e-01 -2.7904e-01 -1.7440e-02 2.6408e-03 1.9450e-01 -1.3801e-01 6.7942e-01 -4.7473e-02 8.1772e-01 -7.5736e-01 1.0000e+00 -5.3103e-02 -4.1092e-02 4.8516e-01 -5.8200e-02 1.0033e-02 -9.4018e-02 2.7427e-02 -1.6237e-02 -2.6467e-02 -1.1585e-02 6.1369e-02 -1.5772e-02 -2.0663e-02 -1.3094e-02
-9.4266e-02 -3.8653e-03 -7.0817e-03 7.7654e-03 5.8615e-02 -3.8369e-02 -3.0392e-02 3.7172e-02 -1.7956e-02 -6.3277e-03 -1.1049e-02 -1.4003e-02 -6.2440e-02 8.9398e-01 -3.6228e-02 -7.1240e-02 -5.3103e-02 1.0000e+00 -3.8653e-03 -2.5763e-02 9.1241e-01 1.0794e-01 2.2105e-02 -2.9326e-02 1.9032e-02 -1.1959e-02 -2.8887e-02 2.1124e-04 1.5171e-02 -6.3277e-03 -5.9161e-03
4.1004e-02 -2.9910e-03 -5.4800e-03 6.0091e-03 6.7737e-02 -2.9690e-02 -2.3518e-02 -5.8991e-02 -1.3895e-02 -4.8965e-03 -8.5499e-03 -1.0836e-02 -4.8318e-02 -3.4555e-03 -4.9998e-02 -5.5127e-02 -4.1092e-02 -3.8653e-03 1.0000e+00 -1.9936e-02 -4.2363e-03 -6.7285e-03 -1.8670e-02 2.9327e-02 -1.9648e-02 -9.2538e-03 -2.2353e-02 6.4112e-02 -2.0975e-02 -4.8965e-03 -4.5780e-03
-3.5651e-02 -1.9936e-02 2.5754e-02 4.0053e-02 -1.1735e-01 -1.6843e-01 -1.4825e-01 -2.0731e-01 -6.6727e-02 3.6924e-02 -5.6988e-02 -5.6021e-02 3.8771e-01 -2.3032e-02 3.9874e-01 -3.6744e-01 4.8516e-01 -2.5763e-02 -1.9936e-02 1.0000e+00 -2.8236e-02 -1.9358e-02 -8.4026e-02 8.4235e-02 -3.3874e-02 -2.4119e-02 -1.6677e-02 1.3577e-01 -9.3609e-02 -3.2637e-02 6.6496e-03
-1.0332e-01 -4.2363e-03 -7.7615e-03 8.5109e-03 6.9525e-02 -4.2052e-02 -3.3310e-02 4.5919e-02 -1.9680e-02 -6.9351e-03 -1.2109e-02 5.2369e-02 -6.8434e-02 8.1568e-01 -4.4890e-02 -5.2257e-02 -5.8200e-02 9.1241e-01 -4.2363e-03 -2.8236e-02 1.0000e+00 2.0351e-01 1.5782e-02 -3.7404e-02 1.2745e-02 -1.3106e-02 -3.1659e-02 -6.2380e-03 8.9047e-03 -6.9351e-03 -6.4840e-03
-4.4472e-02 -6.7285e-03 -1.2328e-02 1.3518e-02 1.8132e-02 -2.7669e-02 -7.7056e-03 3.1806e-02 -3.1258e-02 -1.1015e-02 -1.9234e-02 1.8646e-02 -9.5138e-03 1.2256e-01 -1.3654e-02 7.2238e-03 1.0033e-02 1.0794e-01 -6.7285e-03 -1.9358e-02 2.0351e-01 1.0000e+00 -4.1999e-02 -8.9737e-04 -4.4200e-02 -2.0817e-02 -3.4454e-03 -6.1285e-02 2.6409e-02 -1.1015e-02 -1.0299e-02
-5.5660e-02 -1.8670e-02 -3.4206e-02 -2.2386e-02 -8.2724e-02 1.9461e-01 2.8321e-01 -1.5954e-01 -4.5865e-02 -3.0564e-02 -3.2063e-02 -6.7637e-02 8.4992e-02 3.0094e-02 -5.7472e-02 5.9060e-02 -9.4018e-02 2.2105e-02 -1.8670e-02 -8.4026e-02 1.5782e-02 -4.1999e-02 1.0000e+00 3.4873e-01 -7.1554e-02 -5.7762e-02 2.7822e-01 3.3605e-02 -6.2858e-02 -3.0564e-02 4.9648e-02
-8.0401e-03 2.9327e-02 -4.1578e-02 -2.9311e-03 -1.2527e-01 8.0118e-02 1.3197e-01 -1.7611e-01 -3.9207e-02 -5.2153e-03 4.1705e-03 -5.6708e-02 1.0626e-01 -1.9778e-02 6.9820e-02 -5.9222e-02 2.7427e-02 -2.9326e-02 2.9327e-02 8.4235e-02 -3.7404e-02 -8.9737e-04 3.4873e-01 1.0000e+00 -2.9553e-01 -3.6976e-03 1.6132e-01 3.1112e-01 -1.5187e-01 -5.2153e-03 4.2642e-03
2.8520e-02 -1.9648e-02 -4.5076e-03 1.0698e-02 3.5903e-02 6.1248e-03 -9.4235e-02 1.2003e-01 1.3125e-01 7.3351e-02 -3.5693e-02 -2.2022e-02 -8.4446e-02 2.6943e-02 -2.7325e-02 5.0253e-02 -1.6237e-02 1.9032e-02 -1.9648e-02 -3.3874e-02 1.2745e-02 -4.4200e-02 -7.1554e-02 -2.9553e-01 1.0000e+00 -6.0788e-02 -5.7636e-02 -7.7202e-02 -4.4350e-02 7.3351e-02 4.5091e-02
5.1314e-02 -9.2538e-03 -1.6954e-02 -3.7072e-02 -6.1449e-04 -3.4210e-02 -2.2809e-02 -6.9880e-04 -1.7669e-02 -1.5149e-02 1.3147e-02 -3.3525e-02 -3.9878e-02 -1.0691e-02 -9.0708e-03 -3.7605e-02 -2.6467e-02 -1.1959e-02 -9.2538e-03 -2.4119e-02 -1.3106e-02 -2.0817e-02 -5.7762e-02 -3.6976e-03 -6.0788e-02 1.0000e+00 1.7118e-02 -6.9145e-02 -4.6820e-02 -1.5149e-02 -1.4164e-02
-1.0816e-03 -2.2353e-02 -1.2343e-02 -7.3807e-03 -4.8027e-03 4.2109e-02 7.4509e-02 -3.0966e-02 -4.4379e-02 5.9274e-02 -2.6698e-02 -2.1429e-02 3.3605e-02 -2.5824e-02 2.5155e-03 8.1034e-03 -1.1585e-02 -2.8887e-02 -2.2353e-02 -1.6677e-02 -3.1659e-02 -3.4454e-03 2.7822e-01 1.6132e-01 -5.7636e-02 1.7118e-02 1.0000e+00 -1.8226e-01 -1.4827e-01 -3.6594e-02 -3.4213e-02
5.0243e-03 1.8435e-02 -2.4807e-02 -3.7036e-02 -8.1158e-02 -2.0949e-02 5.4031e-03 -6.7714e-02 9.1082e-03 -4.4599e-02 8.5338e-02 -3.3375e-02 7.1911e-02 8.1044e-03 4.4744e-02 -3.8832e-02 6.1369e-02 2.1124e-04 6.4112e-02 1.3577e-01 -6.2380e-03 -6.1285e-02 3.3605e-02 3.1112e-01 -7.7202e-02 -6.9145e-02 -1.8226e-01 1.0000e+00 -1.9105e-01 -1.6557e-02 -1.1735e-02
-3.5960e-03 -2.0975e-02 2.1509e-02 4.2140e-02 5.5307e-02 1.8685e-02 1.5301e-02 2.1630e-02 2.2166e-03 -8.6510e-04 -1.5106e-03 3.3173e-02 -4.5237e-02 -2.4232e-02 -1.6296e-02 -6.0232e-03 -1.5772e-02 1.5171e-02 -2.0975e-02 -9.3609e-02 8.9047e-03 2.6409e-02 -6.2858e-02 -1.5187e-01 -4.4350e-02 -4.6820e-02 -1.4827e-01 -1.9105e-01 1.0000e+00 -8.6510e-04 1.1096e-01
-2.8278e-03 -4.8965e-03 -8.9712e-03 9.8373e-03 -3.5962e-03 -2.1915e-02 -7.6635e-03 -6.7833e-03 -2.2747e-02 -8.0160e-03 -1.3997e-02 -1.7739e-02 -3.3990e-02 -5.6569e-03 -1.4431e-02 2.1672e-02 -2.0663e-02 -6.3277e-03 -4.8965e-03 -3.2637e-02 -6.9351e-03 -1.1015e-02 -3.0564e-02 -5.2153e-03 7.3351e-02 -1.5149e-02 -3.6594e-02 -1.6557e-02 -8.6510e-04 1.0000e+00 -7.4946e-03
-3.6903e-02 -4.5780e-03 -8.3876e-03 9.1974e-03 -4.3119e-02 6.8633e-02 6.2855e-02 5.6506e-03 2.8838e-02 -7.4946e-03 -1.3086e-02 -1.6585e-02 2.2447e-02 -5.2889e-03 -2.8500e-02 3.5210e-02 -1.3094e-02 -5.9161e-03 -4.5780e-03 6.6496e-03 -6.4840e-03 -1.0299e-02 4.9648e-02 4.2642e-03 4.5091e-02 -1.4164e-02 -3.4213e-02 -1.1735e-02 1.1096e-01 -7.4946e-03 1.0000e+00
