1.0000e+00 9.8971e-01 1.6230e-02 4.8521e-03 1.5076e-02 3.7246e-02 -2.7184e-02 2.8895e-02 1.9676e-03 -3.0698e-02 -4.2624e-02 -5.0928e-02 -2.0983e-02 -2.0983e-02 -3.3280e-02 -3.0169e-02 -5.2362e-02 -5.2362e-02 -3.3280e-02 -5.7125e-02 -5.2362e-02 -5.7125e-02 -2.0983e-02 -5.2362e-02 -2.0983e-02 -2.0983e-02 -5.7125e-02 -2.0983e-02 -2.8090e-02 -2.9476e-02 -5.2362e-02 -3.0169e-02 -5.2362e-02 -5.3077e-02 -3.0169e-02 -5.2362e-02 -2.9476e-02 -2.0983e-02 -2.1158e-03 -2.0983e-02 -2.0983e-02 -2.3595e-02 -2.0983e-02 -1.4151e-02 -6.4538e-03 -1.8397e-02 -3.1768e-02 2.4442e-02 -1.1739e-02 9.1574e-03 -8.4477e-03 -1.0722e-02 -9.7108e-03 -3.8647e-02 -3.8647e-02 -4.3008e-02 3.3788e-02 -1.1739e-02 -4.5065e-02 -1.3887e-02 -1.4828e-02 4.4540e-02 -1.7734e-02 -1.8765e-02 -2.1447e-02 -1.8765e-02 7.0686e-02
9.8971e-01 1.0000e+00 1.6230e-02 4.8521e-03 1.5076e-02 3.0807e-02 -2.0739e-02 2.8895e-02 1.9676e-03 -3.8526e-02 -4.2624e-02 -5.0928e-02 -2.8670e-02 -2.8670e-02 -3.3280e-02 -2.3773e-02 -5.2362e-02 -5.2362e-02 -3.3280e-02 -5.7125e-02 -5.2362e-02 -5.7125e-02 -2.8670e-02 -5.2362e-02 -2.8670e-02 -2.8670e-02 -5.7125e-02 -2.8670e-02 -2.1694e-02 -2.3080e-02 -5.2362e-02 -2.3773e-02 -5.2362e-02 -5.3077e-02 -2.3773e-02 -5.2362e-02 -2.3080e-02 -2.8670e-02 -2.1158e-03 -2.8670e-02 -2.8670e-02 -3.1319e-02 -2.8670e-02 -2.1851e-02 -5.0917e-05 -2.6048e-02 -3.1768e-02 2.4442e-02 -2.0845e-02 9.1574e-03 -8.4477e-03 -1.0722e-02 -9.7108e-03 -3.8647e-02 -3.8647e-02 -4.3008e-02 3.3788e-02 -1.1739e-02 -4.5065e-02 -1.3887e-02 -1.4828e-02 4.4540e-02 -1.7734e-02 -1.8765e-02 -2.1447e-02 -1.8765e-02 7.0686e-02
1.6230e-02 1.6230e-02 1.0000e+00 9.8742e-01 9.6840e-01 -4.6397e-02 4.8908e-02 -5.0899e-02 -6.0962e-02 3.0987e-02 3.3450e-02 3.3017e-04 2.2342e-02 2.2342e-02 -8.4157e-03 -1.6460e-02 1.6943e-03 1.6943e-03 -8.4157e-03 9.6151e-03 1.6943e-03 9.6151e-03 2.2342e-02 1.6943e-03 2.2342e-02 2.2342e-02 9.6151e-03 2.2342e-02 -1.8295e-02 -1.7071e-02 1.6943e-03 -1.6460e-02 1.6943e-03 2.3741e-03 -1.6460e-02 1.6943e-03 -1.7071e-02 2.2342e-02 2.0870e-02 2.2342e-02 2.2342e-02 2.4666e-02 2.2342e-02 2.3114e-02 -2.4705e-02 2.0041e-02 -9.8495e-03 -1.6701e-02 4.4911e-02 2.8888e-02 -2.9533e-02 4.3915e-02 4.2925e-02 -4.9075e-03 -4.9075e-03 1.0445e-02 -3.5643e-02 4.4911e-02 -3.5205e-02 -4.7593e-02 4.7939e-02 -5.6596e-02 -4.7915e-02 -4.7184e-02 6.6774e-02 -4.7184e-02 -4.3852e-02
4.8521e-03 4.8521e-03 9.8742e-01 1.0000e+00 9.6840e-01 -3.9277e-02 4.1780e-02 -4.2329e-02 -6.0962e-02 3.0987e-02 3.3450e-02 3.3017e-04 2.2342e-02 2.2342e-02 -8.4157e-03 -1.6460e-02 1.6943e-03 1.6943e-03 -8.4157e-03 9.6151e-03 1.6943e-03 9.6151e-03 2.2342e-02 1.6943e-03 2.2342e-02 2.2342e-02 9.6151e-03 2.2342e-02 -1.8295e-02 -1.7071e-02 1.6943e-03 -1.6460e-02 1.6943e-03 2.3741e-03 -1.6460e-02 1.6943e-03 -1.7071e-02 2.2342e-02 2.0870e-02 2.2342e-02 2.2342e-02 2.4666e-02 2.2342e-02 2.3114e-02 -2.4705e-02 2.0041e-02 -9.8495e-03 -9.4243e-03 4.4911e-02 2.8888e-02 -2.9533e-02 4.3915e-02 4.2925e-02 -4.9075e-03 -4.9075e-03 1.0445e-02 -3.5643e-02 4.4911e-02 -3.5205e-02 -4.7593e-02 4.7939e-02 -5.6596e-02 -4.7915e-02 -4.7184e-02 6.6774e-02 -4.7184e-02 -4.3852e-02
1.5076e-02 1.5076e-02 9.6840e-01 9.6840e-01 1.0000e+00 -5.6965e-02 5.9470e-02 -5.7906e-02 -4.1930e-02 3.2992e-02 2.7985e-02 -1.8650e-03 2.4362e-02 2.4362e-02 -1.0526e-02 -2.0115e-02 -5.0465e-04 -5.0465e-04 -1.0526e-02 4.8513e-03 -5.0465e-04 4.8513e-03 2.4362e-02 -5.0465e-04 2.4362e-02 2.4362e-02 4.8513e-03 2.4362e-02 -2.1939e-02 -2.0723e-02 -5.0465e-04 -2.0115e-02 -5.0465e-04 1.7328e-04 -2.0115e-02 -5.0465e-04 -2.0723e-02 2.4362e-02 6.0524e-03 2.4362e-02 2.4362e-02 2.6682e-02 2.4362e-02 2.5132e-02 -2.8230e-02 2.2066e-02 -1.1957e-02 -6.6746e-03 4.6606e-02 4.6472e-02 -4.7122e-02 5.5703e-02 5.4685e-02 -2.2410e-02 -2.2410e-02 -7.0709e-03 -4.4493e-02 5.6728e-02 -3.4983e-02 -6.5261e-02 5.9843e-02 -6.7934e-02 -4.6690e-02 -4.5961e-02 6.9767e-02 -4.5961e-02 -4.3219e-02
3.7246e-02 3.0807e-02 -4.6397e-02 -3.9277e-02 -5.6965e-02 1.0000e+00 -9.7986e-01 5.7586e-02 -5.4494e-02 -3.4186e-01 7.7696e-02 -1.1624e-01 -3.0266e-01 -3.0266e-01 -1.6288e-01 1.4657e-01 -1.1547e-01 -1.1547e-01 -1.6288e-01 1.8442e-01 -1.1547e-01 1.8442e-01 -3.0266e-01 -1.1547e-01 -3.0266e-01 -3.0266e-01 1.8442e-01 -3.0266e-01 1.4787e-01 1.4834e-01 -1.1547e-01 1.4657e-01 -1.1547e-01 -1.1732e-01 1.4657e-01 -1.1547e-01 1.4834e-01 -3.0266e-01 1.2332e-01 -3.0266e-01 -3.0266e-01 -3.0087e-01 -3.0266e-01 -3.0046e-01 1.1490e-01 -2.9488e-01 -1.5922e-01 -1.5111e-01 -2.6702e-01 -2.2692e-01 2.2886e-01 -2.6943e-01 -2.6616e-01 1.6143e-01 1.6143e-01 1.4037e-01 8.0576e-02 -2.7272e-01 1.0191e-01 1.9624e-01 -2.7699e-01 1.5102e-01 -4.2562e-02 -3.9522e-02 -3.1938e-02 -3.9522e-02 8.5297e-02
-2.7184e-02 -2.0739e-02 4.8908e-02 4.1780e-02 5.9470e-02 -9.7986e-01 1.0000e+00 -5.8269e-02 5.6134e-02 3.4634e-01 -7.2720e-02 1.2036e-01 3.0724e-01 3.0724e-01 1.6760e-01 -1.4674e-01 1.1954e-01 1.1954e-01 1.6760e-01 -1.7868e-01 1.1954e-01 -1.7868e-01 3.0724e-01 1.1954e-01 3.0724e-01 3.0724e-01 -1.7868e-01 3.0724e-01 -1.4800e-01 -1.4850e-01 1.1954e-01 -1.4674e-01 1.1954e-01 1.2137e-01 -1.4674e-01 1.1954e-01 -1.4850e-01 3.0724e-01 -1.3041e-01 3.0724e-01 3.0724e-01 3.0542e-01 3.0724e-01 3.0503e-01 -1.1464e-01 2.9949e-01 1.6399e-01 1.4932e-01 2.7057e-01 2.3340e-01 -2.3533e-01 2.7299e-01 2.6974e-01 -1.6466e-01 -1.6466e-01 -1.4396e-01 -8.3069e-02 2.7627e-01 -1.0109e-01 -1.9882e-01 2.8051e-01 -1.4951e-01 4.5931e-02 4.2875e-02 3.3741e-02 4.2875e-02 -9.2172e-02
2.8895e-02 2.8895e-02 -5.0899e-02 -4.2329e-02 -5.7906e-02 5.7586e-02 -5.8269e-02 1.0000e+00 1.8608e-01 -2.6160e-01 -2.8091e-02 1.4823e-01 -2.0127e-01 -2.0127e-01 2.6222e-01 2.9356e-01 1.4487e-01 1.4487e-01 2.6222e-01 -1.5264e-01 1.4487e-01 -1.5264e-01 -2.0127e-01 1.4487e-01 -2.0127e-01 -2.0127e-01 -1.5264e-01 -2.0127e-01 2.9523e-01 2.9732e-01 1.4487e-01 2.9356e-01 1.4487e-01 1.4051e-01 2.9356e-01 1.4487e-01 2.9732e-01 -2.0127e-01 2.5911e-01 -2.0127e-01 -2.0127e-01 -1.9845e-01 -2.0127e-01 -2.0613e-01 3.8818e-01 -2.0409e-01 2.6049e-01 1.9421e-01 -1.5476e-01 1.3818e-01 -1.3933e-01 -1.4213e-01 -1.4321e-01 -1.0462e-01 -1.0462e-01 -8.7502e-02 2.3615e-01 -1.4790e-01 -6.0358e-02 -1.0521e-01 -1.5851e-01 1.2550e-01 1.4811e-01 1.5002e-01 -1.8582e-01 1.5002e-01 -7.5546e-02
1.9676e-03 1.9676e-03 -6.0962e-02 -6.0962e-02 -4.1930e-02 -5.4494e-02 5.6134e-02 1.8608e-01 1.0000e+00 -6.4397e-02 -9.0197e-02 -2.0403e-01 -5.5911e-02 -5.5911e-02 3.1138e-02 -1.3478e-01 -2.0270e-01 -2.0270e-01 3.1138e-02 -1.0267e-01 -2.0270e-01 -1.0267e-01 -5.5911e-02 -2.0270e-01 -5.5911e-02 -5.5911e-02 -1.0267e-01 -5.5911e-02 -1.3596e-01 -1.3517e-01 -2.0270e-01 -1.3478e-01 -2.0270e-01 -2.0204e-01 -1.3478e-01 -2.0270e-01 -1.3517e-01 -5.5911e-02 -2.4054e-02 -5.5911e-02 -5.5911e-02 -5.4754e-02 -5.5911e-02 -5.5526e-02 7.4442e-02 -5.7060e-02 3.0310e-02 -8.0914e-02 -3.6773e-02 -7.9818e-02 7.9452e-02 -2.2425e-02 -2.2919e-02 9.1729e-02 9.1729e-02 9.0713e-02 1.8590e-01 -2.1928e-02 2.3496e-02 8.5664e-02 -2.0423e-02 -6.4279e-03 1.2378e-01 1.2469e-01 -2.7475e-02 1.2469e-01 -2.6222e-03
-3.0698e-02 -3.8526e-02 3.0987e-02 3.0987e-02 3.2992e-02 -3.4186e-01 3.4634e-01 -2.6160e-01 -6.4397e-02 1.0000e+00 -3.2664e-01 3.2027e-01 9.4496e-01 9.4496e-01 2.9560e-01 -5.0161e-01 3.1643e-01 3.1643e-01 2.9560e-01 -3.6744e-01 3.1643e-01 -3.6744e-01 9.4496e-01 3.1643e-01 9.4496e-01 9.4496e-01 -3.6744e-01 9.4496e-01 -5.0470e-01 -5.0264e-01 3.1643e-01 -5.0161e-01 3.1643e-01 3.1723e-01 -5.0161e-01 3.1643e-01 -5.0264e-01 9.4496e-01 -1.2343e-01 9.4496e-01 9.4496e-01 9.3563e-01 9.4496e-01 9.4185e-01 -5.2792e-01 9.3680e-01 2.9400e-01 3.0779e-01 6.0478e-01 2.0114e-01 -2.0231e-01 5.8087e-01 5.7777e-01 -1.3334e-01 -1.3334e-01 -2.0445e-01 -1.7805e-01 5.8400e-01 -5.9299e-02 -1.8775e-01 5.8656e-01 -2.9900e-01 -1.3282e-01 -1.3173e-01 2.5004e-01 -1.3173e-01 -9.3993e-02
-4.2624e-02 -4.2624e-02 3.3450e-02 3.3450e-02 2.7985e-02 7.7696e-02 -7.2720e-02 -2.8091e-02 -9.0197e-02 -3.2664e-01 1.0000e+00 3.6976e-01 -2.6316e-01 -2.6316e-01 3.4600e-01 5.5343e-01 3.7174e-01 3.7174e-01 3.4600e-01 7.7047e-01 3.7174e-01 7.7047e-01 -2.6316e-01 3.7174e-01 -2.6316e-01 -2.6316e-01 7.7047e-01 -2.6316e-01 5.4967e-01 5.5218e-01 3.7174e-01 5.5343e-01 3.7174e-01 3.7273e-01 5.5343e-01 3.7174e-01 5.5218e-01 -2.6316e-01 3.7789e-01 -2.6316e-01 -2.6316e-01 -2.5989e-01 -2.6316e-01 -2.6207e-01 5.2265e-01 -2.5060e-01 3.4402e-01 -2.9223e-01 -1.7708e-01 -7.5378e-02 7.4125e-02 -1.5332e-01 -1.5466e-01 1.2848e-01 1.2848e-01 1.4602e-01 2.5585e-01 -1.5825e-01 -7.2113e-02 7.2779e-02 -1.5424e-01 1.0035e-01 2.5460e-01 2.5085e-01 -1.9689e-01 2.5085e-01 -3.7682e-02
-5.0928e-02 -5.0928e-02 3.3017e-04 3.3017e-04 -1.8650e-03 -1.1624e-01 1.2036e-01 1.4823e-01 -2.0403e-01 3.2027e-01 3.6976e-01 1.0000e+00 3.3073e-01 3.3073e-01 9.3025e-01 6.1550e-01 9.9505e-01 9.9505e-01 9.3025e-01 4.5633e-01 9.9505e-01 4.5633e-01 3.3073e-01 9.9505e-01 3.3073e-01 3.3073e-01 4.5633e-01 3.3073e-01 6.1029e-01 6.1673e-01 9.9505e-01 6.1550e-01 9.9505e-01 9.9260e-01 6.1550e-01 9.9505e-01 6.1673e-01 3.3073e-01 1.4718e-01 3.3073e-01 3.3073e-01 3.2788e-01 3.3073e-01 3.2978e-01 5.3118e-01 3.3358e-01 9.2527e-01 1.6643e-01 1.9663e-01 4.0106e-01 -3.9999e-01 2.1044e-01 2.0529e-01 -2.4815e-01 -2.4815e-01 -2.7331e-01 5.1071e-02 2.0929e-01 5.1024e-02 -3.4996e-01 2.1222e-01 1.2917e-02 5.5842e-02 5.4260e-02 -1.0246e-01 5.4260e-02 -2.2808e-01
-2.0983e-02 -2.8670e-02 2.2342e-02 2.2342e-02 2.4362e-02 -3.0266e-01 3.0724e-01 -2.0127e-01 -5.5911e-02 9.4496e-01 -2.6316e-01 3.3073e-01 1.0000e+00 1.0000e+00 3.1105e-01 -5.3308e-01 3.3238e-01 3.3238e-01 3.1105e-01 -3.9522e-01 3.3238e-01 -3.9522e-01 1.0000e+00 3.3238e-01 1.0000e+00 1.0000e+00 -3.9522e-01 1.0000e+00 -5.3627e-01 -5.3414e-01 3.3238e-01 -5.3308e-01 3.3238e-01 3.3320e-01 -5.3308e-01 3.3238e-01 -5.3414e-01 1.0000e+00 -1.2747e-01 1.0000e+00 1.0000e+00 9.9138e-01 1.0000e+00 9.9713e-01 -5.6026e-01 9.9146e-01 3.0941e-01 2.7663e-01 5.8989e-01 1.8187e-01 -1.8306e-01 5.6635e-01 5.6324e-01 -1.2206e-01 -1.2206e-01 -1.9062e-01 -1.8562e-01 5.6948e-01 -6.1238e-02 -1.6799e-01 5.7219e-01 -2.8163e-01 -1.4134e-01 -1.4023e-01 2.7590e-01 -1.4023e-01 -8.8258e-02
-2.0983e-02 -2.8670e-02 2.2342e-02 2.2342e-02 2.4362e-02 -3.0266e-01 3.0724e-01 -2.0127e-01 -5.5911e-02 9.4496e-01 -2.6316e-01 3.3073e-01 1.0000e+00 1.0000e+00 3.1105e-01 -5.3308e-01 3.3238e-01 3.3238e-01 3.1105e-01 -3.9522e-01 3.3238e-01 -3.9522e-01 1.0000e+00 3.3238e-01 1.0000e+00 1.0000e+00 -3.9522e-01 1.0000e+00 -5.3627e-01 -5.3414e-01 3.3238e-01 -5.3308e-01 3.3238e-01 3.3320e-01 -5.3308e-01 3.3238e-01 -5.3414e-01 1.0000e+00 -1.2747e-01 1.0000e+00 1.0000e+00 9.9138e-01 1.0000e+00 9.9713e-01 -5.6026e-01 9.9146e-01 3.0941e-01 2.7663e-01 5.8989e-01 1.8187e-01 -1.8306e-01 5.6635e-01 5.6324e-01 -1.2206e-01 -1.2206e-01 -1.9062e-01 -1.8562e-01 5.6948e-01 -6.1238e-02 -1.6799e-01 5.7219e-01 -2.8163e-01 -1.4134e-01 -1.4023e-01 2.7590e-01 -1.4023e-01 -8.8258e-02
-3.3280e-02 -3.3280e-02 -8.4157e-03 -8.4157e-03 -1.0526e-02 -1.6288e-01 1.6760e-01 2.6222e-01 3.1138e-02 2.9560e-01 3.4600e-01 9.3025e-01 3.1105e-01 3.1105e-01 1.0000e+00 5.7887e-01 9.3583e-01 9.3583e-01 1.0000e+00 4.2917e-01 9.3583e-01 4.2917e-01 3.1105e-01 9.3583e-01 3.1105e-01 3.1105e-01 4.2917e-01 3.1105e-01 5.7318e-01 5.8002e-01 9.3583e-01 5.7887e-01 9.3583e-01 9.3352e-01 5.7887e-01 9.3583e-01 5.8002e-01 3.1105e-01 1.3842e-01 3.1105e-01 3.1105e-01 3.0837e-01 3.1105e-01 3.1016e-01 6.0839e-01 3.1373e-01 9.9473e-01 1.2337e-01 1.8638e-01 3.7457e-01 -3.7357e-01 2.0049e-01 1.9508e-01 -2.0672e-01 -2.0672e-01 -2.3011e-01 1.7336e-01 1.9941e-01 4.6238e-02 -3.2048e-01 2.0275e-01 8.0044e-03 1.3157e-01 1.3030e-01 -1.1284e-01 1.3030e-01 -2.5808e-01
-3.0169e-02 -2.3773e-02 -1.6460e-02 -1.6460e-02 -2.0115e-02 1.4657e-01 -1.4674e-01 2.9356e-01 -1.3478e-01 -5.0161e-01 5.5343e-01 6.1550e-01 -5.3308e-01 -5.3308e-01 5.7887e-01 1.0000e+00 6.1856e-01 6.1856e-01 5.7887e-01 7.4140e-01 6.1856e-01 7.4140e-01 -5.3308e-01 6.1856e-01 -5.3308e-01 -5.3308e-01 7.4140e-01 -5.3308e-01 9.9405e-01 9.9801e-01 6.1856e-01 1.0000e+00 6.1856e-01 6.2009e-01 1.0000e+00 6.1856e-01 9.9801e-01 -5.3308e-01 2.3911e-01 -5.3308e-01 -5.3308e-01 -5.2849e-01 -5.3308e-01 -5.3155e-01 9.4352e-01 -5.2340e-01 5.7582e-01 -8.8901e-02 -3.1818e-01 2.0793e-01 -2.0598e-01 -2.8622e-01 -2.8821e-01 -1.1766e-01 -1.1766e-01 -8.3425e-02 2.0258e-01 -2.8988e-01 9.7272e-02 -1.7398e-01 -2.8960e-01 2.4844e-01 1.7003e-01 1.6768e-01 -3.2094e-01 1.6768e-01 -1.3777e-01
-5.2362e-02 -5.2362e-02 1.6943e-03 1.6943e-03 -5.0465e-04 -1.1547e-01 1.1954e-01 1.4487e-01 -2.0270e-01 3.1643e-01 3.7174e-01 9.9505e-01 3.3238e-01 3.3238e-01 9.3583e-01 6.1856e-01 1.0000e+00 1.0000e+00 9.3583e-01 4.5860e-01 1.0000e+00 4.5860e-01 3.3238e-01 1.0000e+00 3.3238e-01 3.3238e-01 4.5860e-01 3.3238e-01 6.1339e-01 6.1979e-01 1.0000e+00 6.1856e-01 1.0000e+00 9.9753e-01 6.1856e-01 1.0000e+00 6.1979e-01 3.3238e-01 1.4791e-01 3.3238e-01 3.3238e-01 3.2951e-01 3.3238e-01 3.3142e-01 5.3465e-01 3.3524e-01 9.3090e-01 1.6043e-01 1.9802e-01 4.0364e-01 -4.0257e-01 2.1180e-01 2.0667e-01 -2.4707e-01 -2.4707e-01 -2.7240e-01 5.2779e-02 2.1065e-01 5.1419e-02 -3.5278e-01 2.1355e-01 1.0867e-02 5.7561e-02 5.5975e-02 -9.8942e-02 5.5975e-02 -2.3617e-01
-5.2362e-02 -5.2362e-02 1.6943e-03 1.6943e-03 -5.0465e-04 -1.1547e-01 1.1954e-01 1.4487e-01 -2.0270e-01 3.1643e-01 3.7174e-01 9.9505e-01 3.3238e-01 3.3238e-01 9.3583e-01 6.1856e-01 1.0000e+00 1.0000e+00 9.3583e-01 4.5860e-01 1.0000e+00 4.5860e-01 3.3238e-01 1.0000e+00 3.3238e-01 3.3238e-01 4.5860e-01 3.3238e-01 6.1339e-01 6.1979e-01 1.0000e+00 6.1856e-01 1.0000e+00 9.9753e-01 6.1856e-01 1.0000e+00 6.1979e-01 3.3238e-01 1.4791e-01 3.3238e-01 3.3238e-01 3.2951e-01 3.3238e-01 3.3142e-01 5.3465e-01 3.3524e-01 9.3090e-01 1.6043e-01 1.9802e-01 4.0364e-01 -4.0257e-01 2.1180e-01 2.0667e-01 -2.4707e-01 -2.4707e-01 -2.7240e-01 5.2779e-02 2.1065e-01 5.1419e-02 -3.5278e-01 2.1355e-01 1.0867e-02 5.7561e-02 5.5975e-02 -9.8942e-02 5.5975e-02 -2.3617e-01
-3.3280e-02 -3.3280e-02 -8.4157e-03 -8.4157e-03 -1.0526e-02 -1.6288e-01 1.6760e-01 2.6222e-01 3.1138e-02 2.9560e-01 3.4600e-01 9.3025e-01 3.1105e-01 3.1105e-01 1.0000e+00 5.7887e-01 9.3583e-01 9.3583e-01 1.0000e+00 4.2917e-01 9.3583e-01 4.2917e-01 3.1105e-01 9.3583e-01 3.1105e-01 3.1105e-01 4.2917e-01 3.1105e-01 5.7318e-01 5.8002e-01 9.3583e-01 5.7887e-01 9.3583e-01 9.3352e-01 5.7887e-01 9.3583e-01 5.8002e-01 3.1105e-01 1.3842e-01 3.1105e-01 3.1105e-01 3.0837e-01 3.1105e-01 3.1016e-01 6.0839e-01 3.1373e-01 9.9473e-01 1.2337e-01 1.8638e-01 3.7457e-01 -3.7357e-01 2.0049e-01 1.9508e-01 -2.0672e-01 -2.0672e-01 -2.3011e-01 1.7336e-01 1.9941e-01 4.6238e-02 -3.2048e-01 2.0275e-01 8.0044e-03 1.3157e-01 1.3030e-01 -1.1284e-01 1.3030e-01 -2.5808e-01
-5.7125e-02 -5.7125e-02 9.6151e-03 9.6151e-03 4.8513e-03 1.8442e-01 -1.7868e-01 -1.5264e-01 -1.0267e-01 -3.6744e-01 7.7047e-01 4.5633e-01 -3.9522e-01 -3.9522e-01 4.2917e-01 7.4140e-01 4.5860e-01 4.5860e-01 4.2917e-01 1.0000e+00 4.5860e-01 1.0000e+00 -3.9522e-01 4.5860e-01 -3.9522e-01 -3.9522e-01 1.0000e+00 -3.9522e-01 7.3699e-01 7.3992e-01 4.5860e-01 7.4140e-01 4.5860e-01 4.5974e-01 7.4140e-01 4.5860e-01 7.3992e-01 -3.9522e-01 3.2252e-01 -3.9522e-01 -3.9522e-01 -3.9182e-01 -3.9522e-01 -3.9409e-01 7.0543e-01 -3.8370e-01 4.2691e-01 -3.9314e-01 -2.3197e-01 -5.4868e-02 5.7671e-02 -2.0977e-01 -2.1126e-01 1.3127e-01 1.3127e-01 1.5493e-01 2.7144e-01 -2.1421e-01 1.3653e-01 6.9967e-02 -2.0976e-01 1.5462e-01 2.3944e-01 2.3630e-01 -1.8827e-01 2.3630e-01 -7.9490e-02
-5.2362e-02 -5.2362e-02 1.6943e-03 1.6943e-03 -5.0465e-04 -1.1547e-01 1.1954e-01 1.4487e-01 -2.0270e-01 3.1643e-01 3.7174e-01 9.9505e-01 3.3238e-01 3.3238e-01 9.3583e-01 6.1856e-01 1.0000e+00 1.0000e+00 9.3583e-01 4.5860e-01 1.0000e+00 4.5860e-01 3.3238e-01 1.0000e+00 3.3238e-01 3.3238e-01 4.5860e-01 3.3238e-01 6.1339e-01 6.1979e-01 1.0000e+00 6.1856e-01 1.0000e+00 9.9753e-01 6.1856e-01 1.0000e+00 6.1979e-01 3.3238e-01 1.4791e-01 3.3238e-01 3.3238e-01 3.2951e-01 3.3238e-01 3.3142e-01 5.3465e-01 3.3524e-01 9.3090e-01 1.6043e-01 1.9802e-01 4.0364e-01 -4.0257e-01 2.1180e-01 2.0667e-01 -2.4707e-01 -2.4707e-01 -2.7240e-01 5.2779e-02 2.1065e-01 5.1419e-02 -3.5278e-01 2.1355e-01 1.0867e-02 5.7561e-02 5.5975e-02 -9.8942e-02 5.5975e-02 -2.3617e-01
-5.7125e-02 -5.7125e-02 9.6151e-03 9.6151e-03 4.8513e-03 1.8442e-01 -1.7868e-01 -1.5264e-01 -1.0267e-01 -3.6744e-01 7.7047e-01 4.5633e-01 -3.9522e-01 -3.9522e-01 4.2917e-01 7.4140e-01 4.5860e-01 4.5860e-01 4.2917e-01 1.0000e+00 4.5860e-01 1.0000e+00 -3.9522e-01 4.5860e-01 -3.9522e-01 -3.9522e-01 1.0000e+00 -3.9522e-01 7.3699e-01 7.3992e-01 4.5860e-01 7.4140e-01 4.5860e-01 4.5974e-01 7.4140e-01 4.5860e-01 7.3992e-01 -3.9522e-01 3.2252e-01 -3.9522e-01 -3.9522e-01 -3.9182e-01 -3.9522e-01 -3.9409e-01 7.0543e-01 -3.8370e-01 4.2691e-01 -3.9314e-01 -2.3197e-01 -5.4868e-02 5.7671e-02 -2.0977e-01 -2.1126e-01 1.3127e-01 1.3127e-01 1.5493e-01 2.7144e-01 -2.1421e-01 1.3653e-01 6.9967e-02 -2.0976e-01 1.5462e-01 2.3944e-01 2.3630e-01 -1.8827e-01 2.3630e-01 -7.9490e-02
-2.0983e-02 -2.8670e-02 2.2342e-02 2.2342e-02 2.4362e-02 -3.0266e-01 3.0724e-01 -2.0127e-01 -5.5911e-02 9.4496e-01 -2.6316e-01 3.3073e-01 1.0000e+00 1.0000e+00 3.1105e-01 -5.3308e-01 3.3238e-01 3.3238e-01 3.1105e-01 -3.9522e-01 3.3238e-01 -3.9522e-01 1.0000e+00 3.3238e-01 1.0000e+00 1.0000e+00 -3.9522e-01 1.0000e+00 -5.3627e-01 -5.3414e-01 3.3238e-01 -5.3308e-01 3.3238e-01 3.3320e-01 -5.3308e-01 3.3238e-01 -5.3414e-01 1.0000e+00 -1.2747e-01 1.0000e+00 1.0000e+00 9.9138e-01 1.0000e+00 9.9713e-01 -5.6026e-01 9.9146e-01 3.0941e-01 2.7663e-01 5.8989e-01 1.8187e-01 -1.8306e-01 5.6635e-01 5.6324e-01 -1.2206e-01 -1.2206e-01 -1.9062e-01 -1.8562e-01 5.6948e-01 -6.1238e-02 -1.6799e-01 5.7219e-01 -2.8163e-01 -1.4134e-01 -1.4023e-01 2.7590e-01 -1.4023e-01 -8.8258e-02
-5.2362e-02 -5.2362e-02 1.6943e-03 1.6943e-03 -5.0465e-04 -1.1547e-01 1.1954e-01 1.4487e-01 -2.0270e-01 3.1643e-01 3.7174e-01 9.9505e-01 3.3238e-01 3.3238e-01 9.3583e-01 6.1856e-01 1.0000e+00 1.0000e+00 9.3583e-01 4.5860e-01 1.0000e+00 4.5860e-01 3.3238e-01 1.0000e+00 3.3238e-01 3.3238e-01 4.5860e-01 3.3238e-01 6.1339e-01 6.1979e-01 1.0000e+00 6.1856e-01 1.0000e+00 9.9753e-01 6.1856e-01 1.0000e+00 6.1979e-01 3.3238e-01 1.4791e-01 3.3238e-01 3.3238e-01 3.2951e-01 3.3238e-01 3.3142e-01 5.3465e-01 3.3524e-01 9.3090e-01 1.6043e-01 1.9802e-01 4.0364e-01 -4.0257e-01 2.1180e-01 2.0667e-01 -2.4707e-01 -2.4707e-01 -2.7240e-01 5.2779e-02 2.1065e-01 5.1419e-02 -3.5278e-01 2.1355e-01 1.0867e-02 5.7561e-02 5.5975e-02 -9.8942e-02 5.5975e-02 -2.3617e-01
-2.0983e-02 -2.8670e-02 2.2342e-02 2.2342e-02 2.4362e-02 -3.0266e-01 3.0724e-01 -2.0127e-01 -5.5911e-02 9.4496e-01 -2.6316e-01 3.3073e-01 1.0000e+00 1.0000e+00 3.1105e-01 -5.3308e-01 3.3238e-01 3.3238e-01 3.1105e-01 -3.9522e-01 3.3238e-01 -3.9522e-01 1.0000e+00 3.3238e-01 1.0000e+00 1.0000e+00 -3.9522e-01 1.0000e+00 -5.3627e-01 -5.3414e-01 3.3238e-01 -5.3308e-01 3.3238e-01 3.3320e-01 -5.3308e-01 3.3238e-01 -5.3414e-01 1.0000e+00 -1.2747e-01 1.0000e+00 1.0000e+00 9.9138e-01 1.0000e+00 9.9713e-01 -5.6026e-01 9.9146e-01 3.0941e-01 2.7663e-01 5.8989e-01 1.8187e-01 -1.8306e-01 5.6635e-01 5.6324e-01 -1.2206e-01 -1.2206e-01 -1.9062e-01 -1.8562e-01 5.6948e-01 -6.1238e-02 -1.6799e-01 5.7219e-01 -2.8163e-01 -1.4134e-01 -1.4023e-01 2.7590e-01 -1.4023e-01 -8.8258e-02
-2.0983e-02 -2.8670e-02 2.2342e-02 2.2342e-02 2.4362e-02 -3.0266e-01 3.0724e-01 -2.0127e-01 -5.5911e-02 9.4496e-01 -2.6316e-01 3.3073e-01 1.0000e+00 1.0000e+00 3.1105e-01 -5.3308e-01 3.3238e-01 3.3238e-01 3.1105e-01 -3.9522e-01 3.3238e-01 -3.9522e-01 1.0000e+00 3.3238e-01 1.0000e+00 1.0000e+00 -3.9522e-01 1.0000e+00 -5.3627e-01 -5.3414e-01 3.3238e-01 -5.3308e-01 3.3238e-01 3.3320e-01 -5.3308e-01 3.3238e-01 -5.3414e-01 1.0000e+00 -1.2747e-01 1.0000e+00 1.0000e+00 9.9138e-01 1.0000e+00 9.9713e-01 -5.6026e-01 9.9146e-01 3.0941e-01 2.7663e-01 5.8989e-01 1.8187e-01 -1.8306e-01 5.6635e-01 5.6324e-01 -1.2206e-01 -1.2206e-01 -1.9062e-01 -1.8562e-01 5.6948e-01 -6.1238e-02 -1.6799e-01 5.7219e-01 -2.8163e-01 -1.4134e-01 -1.4023e-01 2.7590e-01 -1.4023e-01 -8.8258e-02
-5.7125e-02 -5.7125e-02 9.6151e-03 9.6151e-03 4.8513e-03 1.8442e-01 -1.7868e-01 -1.5264e-01 -1.0267e-01 -3.6744e-01 7.7047e-01 4.5633e-01 -3.9522e-01 -3.9522e-01 4.2917e-01 7.4140e-01 4.5860e-01 4.5860e-01 4.2917e-01 1.0000e+00 4.5860e-01 1.0000e+00 -3.9522e-01 4.5860e-01 -3.9522e-01 -3.9522e-01 1.0000e+00 -3.9522e-01 7.3699e-01 7.3992e-01 4.5860e-01 7.4140e-01 4.5860e-01 4.5974e-01 7.4140e-01 4.5860e-01 7.3992e-01 -3.9522e-01 3.2252e-01 -3.9522e-01 -3.9522e-01 -3.9182e-01 -3.9522e-01 -3.9409e-01 7.0543e-01 -3.8370e-01 4.2691e-01 -3.9314e-01 -2.3197e-01 -5.4868e-02 5.7671e-02 -2.0977e-01 -2.1126e-01 1.3127e-01 1.3127e-01 1.5493e-01 2.7144e-01 -2.1421e-01 1.3653e-01 6.9967e-02 -2.0976e-01 1.5462e-01 2.3944e-01 2.3630e-01 -1.8827e-01 2.3630e-01 -7.9490e-02
-2.0983e-02 -2.8670e-02 2.2342e-02 2.2342e-02 2.4362e-02 -3.0266e-01 3.0724e-01 -2.0127e-01 -5.5911e-02 9.4496e-01 -2.6316e-01 3.3073e-01 1.0000e+00 1.0000e+00 3.1105e-01 -5.3308e-01 3.3238e-01 3.3238e-01 3.1105e-01 -3.9522e-01 3.3238e-01 -3.9522e-01 1.0000e+00 3.3238e-01 1.0000e+00 1.0000e+00 -3.9522e-01 1.0000e+00 -5.3627e-01 -5.3414e-01 3.3238e-01 -5.3308e-01 3.3238e-01 3.3320e-01 -5.3308e-01 3.3238e-01 -5.3414e-01 1.0000e+00 -1.2747e-01 1.0000e+00 1.0000e+00 9.9138e-01 1.0000e+00 9.9713e-01 -5.6026e-01 9.9146e-01 3.0941e-01 2.7663e-01 5.8989e-01 1.8187e-01 -1.8306e-01 5.6635e-01 5.6324e-01 -1.2206e-01 -1.2206e-01 -1.9062e-01 -1.8562e-01 5.6948e-01 -6.1238e-02 -1.6799e-01 5.7219e-01 -2.8163e-01 -1.4134e-01 -1.4023e-01 2.7590e-01 -1.4023e-01 -8.8258e-02
-2.8090e-02 -2.1694e-02 -1.8295e-02 -1.8295e-02 -2.1939e-02 1.4787e-01 -1.4800e-01 2.9523e-01 -1.3596e-01 -5.0470e-01 5.4967e-01 6.1029e-01 -5.3627e-01 -5.3627e-01 5.7318e-01 9.9405e-01 6.1339e-01 6.1339e-01 5.7318e-01 7.3699e-01 6.1339e-01 7.3699e-01 -5.3627e-01 6.1339e-01 -5.3627e-01 -5.3627e-01 7.3699e-01 -5.3627e-01 1.0000e+00 9.9603e-01 6.1339e-01 9.9405e-01 6.1339e-01 6.1051e-01 9.9405e-01 6.1339e-01 9.9603e-01 -5.3627e-01 2.3769e-01 -5.3627e-01 -5.3627e-01 -5.3165e-01 -5.3627e-01 -5.3473e-01 9.4125e-01 -5.2662e-01 5.7009e-01 -8.5416e-02 -3.1497e-01 2.0736e-01 -2.0542e-01 -2.8303e-01 -2.8505e-01 -1.2038e-01 -1.2038e-01 -8.5834e-02 2.0013e-01 -2.8666e-01 9.6589e-02 -1.7322e-01 -2.8630e-01 2.4062e-01 1.6755e-01 1.6521e-01 -3.2121e-01 1.6521e-01 -1.3055e-01
-2.9476e-02 -2.3080e-02 -1.7071e-02 -1.7071e-02 -2.0723e-02 1.4834e-01 -1.4850e-01 2.9732e-01 -1.3517e-01 -5.0264e-01 5.5218e-01 6.1673e-01 -5.3414e-01 -5.3414e-01 5.8002e-01 9.9801e-01 6.1979e-01 6.1979e-01 5.8002e-01 7.3992e-01 6.1979e-01 7.3992e-01 -5.3414e-01 6.1979e-01 -5.3414e-01 -5.3414e-01 7.3992e-01 -5.3414e-01 9.9603e-01 1.0000e+00 6.1979e-01 9.9801e-01 6.1979e-01 6.1690e-01 9.9801e-01 6.1979e-01 1.0000e+00 -5.3414e-01 2.3864e-01 -5.3414e-01 -5.3414e-01 -5.2954e-01 -5.3414e-01 -5.3261e-01 9.4542e-01 -5.2447e-01 5.7697e-01 -8.6376e-02 -3.1334e-01 2.1047e-01 -2.0853e-01 -2.8139e-01 -2.8341e-01 -1.1990e-01 -1.1990e-01 -8.5556e-02 2.0176e-01 -2.8503e-01 9.7043e-02 -1.7643e-01 -2.8469e-01 2.4408e-01 1.6920e-01 1.6686e-01 -3.1826e-01 1.6686e-01 -1.3826e-01
-5.2362e-02 -5.2362e-02 1.6943e-03 1.6943e-03 -5.0465e-04 -1.1547e-01 1.1954e-01 1.4487e-01 -2.0270e-01 3.1643e-01 3.7174e-01 9.9505e-01 3.3238e-01 3.3238e-01 9.3583e-01 6.1856e-01 1.0000e+00 1.0000e+00 9.3583e-01 4.5860e-01 1.0000e+00 4.5860e-01 3.3238e-01 1.0000e+00 3.3238e-01 3.3238e-01 4.5860e-01 3.3238e-01 6.1339e-01 6.1979e-01 1.0000e+00 6.1856e-01 1.0000e+00 9.9753e-01 6.1856e-01 1.0000e+00 6.1979e-01 3.3238e-01 1.4791e-01 3.3238e-01 3.3238e-01 3.2951e-01 3.3238e-01 3.3142e-01 5.3465e-01 3.3524e-01 9.3090e-01 1.6043e-01 1.9802e-01 4.0364e-01 -4.0257e-01 2.1180e-01 2.0667e-01 -2.4707e-01 -2.4707e-01 -2.7240e-01 5.2779e-02 2.1065e-01 5.1419e-02 -3.5278e-01 2.1355e-01 1.0867e-02 5.7561e-02 5.5975e-02 -9.8942e-02 5.5975e-02 -2.3617e-01
-3.0169e-02 -2.3773e-02 -1.6460e-02 -1.6460e-02 -2.0115e-02 1.4657e-01 -1.4674e-01 2.9356e-01 -1.3478e-01 -5.0161e-01 5.5343e-01 6.1550e-01 -5.3308e-01 -5.3308e-01 5.7887e-01 1.0000e+00 6.1856e-01 6.1856e-01 5.7887e-01 7.4140e-01 6.1856e-01 7.4140e-01 -5.3308e-01 6.1856e-01 -5.3308e-01 -5.3308e-01 7.4140e-01 -5.3308e-01 9.9405e-01 9.9801e-01 6.1856e-01 1.0000e+00 6.1856e-01 6.2009e-01 1.0000e+00 6.1856e-01 9.9801e-01 -5.3308e-01 2.3911e-01 -5.3308e-01 -5.3308e-01 -5.2849e-01 -5.3308e-01 -5.3155e-01 9.4352e-01 -5.2340e-01 5.7582e-01 -8.8901e-02 -3.1818e-01 2.0793e-01 -2.0598e-01 -2.8622e-01 -2.8821e-01 -1.1766e-01 -1.1766e-01 -8.3425e-02 2.0258e-01 -2.8988e-01 9.7272e-02 -1.7398e-01 -2.8960e-01 2.4844e-01 1.7003e-01 1.6768e-01 -3.2094e-01 1.6768e-01 -1.3777e-01
-5.2362e-02 -5.2362e-02 1.6943e-03 1.6943e-03 -5.0465e-04 -1.1547e-01 1.1954e-01 1.4487e-01 -2.0270e-01 3.1643e-01 3.7174e-01 9.9505e-01 3.3238e-01 3.3238e-01 9.3583e-01 6.1856e-01 1.0000e+00 1.0000e+00 9.3583e-01 4.5860e-01 1.0000e+00 4.5860e-01 3.3238e-01 1.0000e+00 3.3238e-01 3.3238e-01 4.5860e-01 3.3238e-01 6.1339e-01 6.1979e-01 1.0000e+00 6.1856e-01 1.0000e+00 9.9753e-01 6.1856e-01 1.0000e+00 6.1979e-01 3.3238e-01 1.4791e-01 3.3238e-01 3.3238e-01 3.2951e-01 3.3238e-01 3.3142e-01 5.3465e-01 3.3524e-01 9.3090e-01 1.6043e-01 1.9802e-01 4.0364e-01 -4.0257e-01 2.1180e-01 2.0667e-01 -2.4707e-01 -2.4707e-01 -2.7240e-01 5.2779e-02 2.1065e-01 5.1419e-02 -3.5278e-01 2.1355e-01 1.0867e-02 5.7561e-02 5.5975e-02 -9.8942e-02 5.5975e-02 -2.3617e-01
-5.3077e-02 -5.3077e-02 2.3741e-03 2.3741e-03 1.7328e-04 -1.1732e-01 1.2137e-01 1.4051e-01 -2.0204e-01 3.1723e-01 3.7273e-01 9.9260e-01 3.3320e-01 3.3320e-01 9.3352e-01 6.2009e-01 9.9753e-01 9.9753e-01 9.3352e-01 4.5974e-01 9.9753e-01 4.5974e-01 3.3320e-01 9.9753e-01 3.3320e-01 3.3320e-01 4.5974e-01 3.3320e-01 6.1051e-01 6.1690e-01 9.9753e-01 6.2009e-01 9.9753e-01 1.0000e+00 6.2009e-01 9.9753e-01 6.1690e-01 3.3320e-01 1.4827e-01 3.3320e-01 3.3320e-01 3.3033e-01 3.3320e-01 3.3224e-01 5.3195e-01 3.3607e-01 9.2860e-01 1.5744e-01 1.9241e-01 4.0037e-01 -3.9930e-01 2.0619e-01 2.0109e-01 -2.4430e-01 -2.4430e-01 -2.6972e-01 5.3630e-02 2.0502e-01 5.1616e-02 -3.4965e-01 2.0785e-01 1.5717e-02 5.8418e-02 5.6830e-02 -1.0181e-01 5.6830e-02 -2.3537e-01
-3.0169e-02 -2.3773e-02 -1.6460e-02 -1.6460e-02 -2.0115e-02 1.4657e-01 -1.4674e-01 2.9356e-01 -1.3478e-01 -5.0161e-01 5.5343e-01 6.1550e-01 -5.3308e-01 -5.3308e-01 5.7887e-01 1.0000e+00 6.1856e-01 6.1856e-01 5.7887e-01 7.4140e-01 6.1856e-01 7.4140e-01 -5.3308e-01 6.1856e-01 -5.3308e-01 -5.3308e-01 7.4140e-01 -5.3308e-01 9.9405e-01 9.9801e-01 6.1856e-01 1.0000e+00 6.1856e-01 6.2009e-01 1.0000e+00 6.1856e-01 9.9801e-01 -5.3308e-01 2.3911e-01 -5.3308e-01 -5.3308e-01 -5.2849e-01 -5.3308e-01 -5.3155e-01 9.4352e-01 -5.2340e-01 5.7582e-01 -8.8901e-02 -3.1818e-01 2.0793e-01 -2.0598e-01 -2.8622e-01 -2.8821e-01 -1.1766e-01 -1.1766e-01 -8.3425e-02 2.0258e-01 -2.8988e-01 9.7272e-02 -1.7398e-01 -2.8960e-01 2.4844e-01 1.7003e-01 1.6768e-01 -3.2094e-01 1.6768e-01 -1.3777e-01
-5.2362e-02 -5.2362e-02 1.6943e-03 1.6943e-03 -5.0465e-04 -1.1547e-01 1.1954e-01 1.4487e-01 -2.0270e-01 3.1643e-01 3.7174e-01 9.9505e-01 3.3238e-01 3.3238e-01 9.3583e-01 6.1856e-01 1.0000e+00 1.0000e+00 9.3583e-01 4.5860e-01 1.0000e+00 4.5860e-01 3.3238e-01 1.0000e+00 3.3238e-01 3.3238e-01 4.5860e-01 3.3238e-01 6.1339e-01 6.1979e-01 1.0000e+00 6.1856e-01 1.0000e+00 9.9753e-01 6.1856e-01 1.0000e+00 6.1979e-01 3.3238e-01 1.4791e-01 3.3238e-01 3.3238e-01 3.2951e-01 3.3238e-01 3.3142e-01 5.3465e-01 3.3524e-01 9.3090e-01 1.6043e-01 1.9802e-01 4.0364e-01 -4.0257e-01 2.1180e-01 2.0667e-01 -2.4707e-01 -2.4707e-01 -2.7240e-01 5.2779e-02 2.1065e-01 5.1419e-02 -3.5278e-01 2.1355e-01 1.0867e-02 5.7561e-02 5.5975e-02 -9.8942e-02 5.5975e-02 -2.3617e-01
-2.9476e-02 -2.3080e-02 -1.7071e-02 -1.7071e-02 -2.0723e-02 1.4834e-01 -1.4850e-01 2.9732e-01 -1.3517e-01 -5.0264e-01 5.5218e-01 6.1673e-01 -5.3414e-01 -5.3414e-01 5.8002e-01 9.9801e-01 6.1979e-01 6.1979e-01 5.8002e-01 7.3992e-01 6.1979e-01 7.3992e-01 -5.3414e-01 6.1979e-01 -5.3414e-01 -5.3414e-01 7.3992e-01 -5.3414e-01 9.9603e-01 1.0000e+00 6.1979e-01 9.9801e-01 6.1979e-01 6.1690e-01 9.9801e-01 6.1979e-01 1.0000e+00 -5.3414e-01 2.3864e-01 -5.3414e-01 -5.3414e-01 -5.2954e-01 -5.3414e-01 -5.3261e-01 9.4542e-01 -5.2447e-01 5.7697e-01 -8.6376e-02 -3.1334e-01 2.1047e-01 -2.0853e-01 -2.8139e-01 -2.8341e-01 -1.1990e-01 -1.1990e-01 -8.5556e-02 2.0176e-01 -2.8503e-01 9.7043e-02 -1.7643e-01 -2.8469e-01 2.4408e-01 1.6920e-01 1.6686e-01 -3.1826e-01 1.6686e-01 -1.3826e-01
-2.0983e-02 -2.8670e-02 2.2342e-02 2.2342e-02 2.4362e-02 -3.0266e-01 3.0724e-01 -2.0127e-01 -5.5911e-02 9.4496e-01 -2.6316e-01 3.3073e-01 1.0000e+00 1.0000e+00 3.1105e-01 -5.3308e-01 3.3238e-01 3.3238e-01 3.1105e-01 -3.9522e-01 3.3238e-01 -3.9522e-01 1.0000e+00 3.3238e-01 1.0000e+00 1.0000e+00 -3.9522e-01 1.0000e+00 -5.3627e-01 -5.3414e-01 3.3238e-01 -5.3308e-01 3.3238e-01 3.3320e-01 -5.3308e-01 3.3238e-01 -5.3414e-01 1.0000e+00 -1.2747e-01 1.0000e+00 1.0000e+00 9.9138e-01 1.0000e+00 9.9713e-01 -5.6026e-01 9.9146e-01 3.0941e-01 2.7663e-01 5.8989e-01 1.8187e-01 -1.8306e-01 5.6635e-01 5.6324e-01 -1.2206e-01 -1.2206e-01 -1.9062e-01 -1.8562e-01 5.6948e-01 -6.1238e-02 -1.6799e-01 5.7219e-01 -2.8163e-01 -1.4134e-01 -1.4023e-01 2.7590e-01 -1.4023e-01 -8.8258e-02
-2.1158e-03 -2.1158e-03 2.0870e-02 2.0870e-02 6.0524e-03 1.2332e-01 -1.3041e-01 2.5911e-01 -2.4054e-02 -1.2343e-01 3.7789e-01 1.4718e-01 -1.2747e-01 -1.2747e-01 1.3842e-01 2.3911e-01 1.4791e-01 1.4791e-01 1.3842e-01 3.2252e-01 1.4791e-01 3.2252e-01 -1.2747e-01 1.4791e-01 -1.2747e-01 -1.2747e-01 3.2252e-01 -1.2747e-01 2.3769e-01 2.3864e-01 1.4791e-01 2.3911e-01 1.4791e-01 1.4827e-01 2.3911e-01 1.4791e-01 2.3864e-01 -1.2747e-01 1.0000e+00 -1.2747e-01 -1.2747e-01 -1.2637e-01 -1.2747e-01 -1.2710e-01 2.2751e-01 -1.2856e-01 1.3769e-01 -1.8753e-01 -9.7737e-02 -1.4091e-01 1.4049e-01 -6.0566e-02 -6.1065e-02 1.6684e-01 1.6684e-01 1.7792e-01 4.7990e-01 -7.2623e-02 -2.7251e-02 1.4760e-01 -7.1219e-02 7.3474e-02 3.9913e-01 4.0092e-01 -1.1254e-01 4.0092e-01 -3.8588e-02
-2.0983e-02 -2.8670e-02 2.2342e-02 2.2342e-02 2.4362e-02 -3.0266e-01 3.0724e-01 -2.0127e-01 -5.5911e-02 9.4496e-01 -2.6316e-01 3.3073e-01 1.0000e+00 1.0000e+00 3.1105e-01 -5.3308e-01 3.3238e-01 3.3238e-01 3.1105e-01 -3.9522e-01 3.3238e-01 -3.9522e-01 1.0000e+00 3.3238e-01 1.0000e+00 1.0000e+00 -3.9522e-01 1.0000e+00 -5.3627e-01 -5.3414e-01 3.3238e-01 -5.3308e-01 3.3238e-01 3.3320e-01 -5.3308e-01 3.3238e-01 -5.3414e-01 1.0000e+00 -1.2747e-01 1.0000e+00 1.0000e+00 9.9138e-01 1.0000e+00 9.9713e-01 -5.6026e-01 9.9146e-01 3.0941e-01 2.7663e-01 5.8989e-01 1.8187e-01 -1.8306e-01 5.6635e-01 5.6324e-01 -1.2206e-01 -1.2206e-01 -1.9062e-01 -1.8562e-01 5.6948e-01 -6.1238e-02 -1.6799e-01 5.7219e-01 -2.8163e-01 -1.4134e-01 -1.4023e-01 2.7590e-01 -1.4023e-01 -8.8258e-02
-2.0983e-02 -2.8670e-02 2.2342e-02 2.2342e-02 2.4362e-02 -3.0266e-01 3.0724e-01 -2.0127e-01 -5.5911e-02 9.4496e-01 -2.6316e-01 3.3073e-01 1.0000e+00 1.0000e+00 3.1105e-01 -5.3308e-01 3.3238e-01 3.3238e-01 3.1105e-01 -3.9522e-01 3.3238e-01 -3.9522e-01 1.0000e+00 3.3238e-01 1.0000e+00 1.0000e+00 -3.9522e-01 1.0000e+00 -5.3627e-01 -5.3414e-01 3.3238e-01 -5.3308e-01 3.3238e-01 3.3320e-01 -5.3308e-01 3.3238e-01 -5.3414e-01 1.0000e+00 -1.2747e-01 1.0000e+00 1.0000e+00 9.9138e-01 1.0000e+00 9.9713e-01 -5.6026e-01 9.9146e-01 3.0941e-01 2.7663e-01 5.8989e-01 1.8187e-01 -1.8306e-01 5.6635e-01 5.6324e-01 -1.2206e-01 -1.2206e-01 -1.9062e-01 -1.8562e-01 5.6948e-01 -6.1238e-02 -1.6799e-01 5.7219e-01 -2.8163e-01 -1.4134e-01 -1.4023e-01 2.7590e-01 -1.4023e-01 -8.8258e-02
-2.3595e-02 -3.1319e-02 2.4666e-02 2.4666e-02 2.6682e-02 -3.0087e-01 3.0542e-01 -1.9845e-01 -5.4754e-02 9.3563e-01 -2.5989e-01 3.2788e-01 9.9138e-01 9.9138e-01 3.0837e-01 -5.2849e-01 3.2951e-01 3.2951e-01 3.0837e-01 -3.9182e-01 3.2951e-01 -3.9182e-01 9.9138e-01 3.2951e-01 9.9138e-01 9.9138e-01 -3.9182e-01 9.9138e-01 -5.3165e-01 -5.2954e-01 3.2951e-01 -5.2849e-01 3.2951e-01 3.3033e-01 -5.2849e-01 3.2951e-01 -5.2954e-01 9.9138e-01 -1.2637e-01 9.9138e-01 9.9138e-01 1.0000e+00 9.9138e-01 9.8846e-01 -5.5544e-01 9.8292e-01 3.0674e-01 2.8364e-01 5.9570e-01 1.8839e-01 -1.8957e-01 5.7206e-01 5.6895e-01 -1.2904e-01 -1.2904e-01 -1.9826e-01 -1.8356e-01 5.7520e-01 -6.0710e-02 -1.7463e-01 5.7788e-01 -2.8628e-01 -1.3903e-01 -1.3793e-01 2.7758e-01 -1.3793e-01 -8.6937e-02
-2.0983e-02 -2.8670e-02 2.2342e-02 2.2342e-02 2.4362e-02 -3.0266e-01 3.0724e-01 -2.0127e-01 -5.5911e-02 9.4496e-01 -2.6316e-01 3.3073e-01 1.0000e+00 1.0000e+00 3.1105e-01 -5.3308e-01 3.3238e-01 3.3238e-01 3.1105e-01 -3.9522e-01 3.3238e-01 -3.9522e-01 1.0000e+00 3.3238e-01 1.0000e+00 1.0000e+00 -3.9522e-01 1.0000e+00 -5.3627e-01 -5.3414e-01 3.3238e-01 -5.3308e-01 3.3238e-01 3.3320e-01 -5.3308e-01 3.3238e-01 -5.3414e-01 1.0000e+00 -1.2747e-01 1.0000e+00 1.0000e+00 9.9138e-01 1.0000e+00 9.9713e-01 -5.6026e-01 9.9146e-01 3.0941e-01 2.7663e-01 5.8989e-01 1.8187e-01 -1.8306e-01 5.6635e-01 5.6324e-01 -1.2206e-01 -1.2206e-01 -1.9062e-01 -1.8562e-01 5.6948e-01 -6.1238e-02 -1.6799e-01 5.7219e-01 -2.8163e-01 -1.4134e-01 -1.4023e-01 2.7590e-01 -1.4023e-01 -8.8258e-02
-1.4151e-02 -2.1851e-02 2.3114e-02 2.3114e-02 2.5132e-02 -3.0046e-01 3.0503e-01 -2.0613e-01 -5.5526e-02 9.4185e-01 -2.6207e-01 3.2978e-01 9.9713e-01 9.9713e-01 3.1016e-01 -5.3155e-01 3.3142e-01 3.3142e-01 3.1016e-01 -3.9409e-01 3.3142e-01 -3.9409e-01 9.9713e-01 3.3142e-01 9.9713e-01 9.9713e-01 -3.9409e-01 9.9713e-01 -5.3473e-01 -5.3261e-01 3.3142e-01 -5.3155e-01 3.3142e-01 3.3224e-01 -5.3155e-01 3.3142e-01 -5.3261e-01 9.9713e-01 -1.2710e-01 9.9713e-01 9.9713e-01 9.8846e-01 9.9713e-01 1.0000e+00 -5.5866e-01 9.8862e-01 3.0852e-01 2.7404e-01 5.8500e-01 1.7911e-01 -1.8029e-01 5.6145e-01 5.5836e-01 -1.1955e-01 -1.1955e-01 -1.8836e-01 -1.8494e-01 5.6456e-01 -6.1062e-02 -1.6530e-01 5.6720e-01 -2.7683e-01 -1.4057e-01 -1.3947e-01 2.7812e-01 -1.3947e-01 -8.7819e-02
-6.4538e-03 -5.0917e-05 -2.4705e-02 -2.4705e-02 -2.8230e-02 1.1490e-01 -1.1464e-01 3.8818e-01 7.4442e-02 -5.2792e-01 5.2265e-01 5.3118e-01 -5.6026e-01 -5.6026e-01 6.0839e-01 9.4352e-01 5.3465e-01 5.3465e-01 6.0839e-01 7.0543e-01 5.3465e-01 7.0543e-01 -5.6026e-01 5.3465e-01 -5.6026e-01 -5.6026e-01 7.0543e-01 -5.6026e-01 9.4125e-01 9.4542e-01 5.3465e-01 9.4352e-01 5.3465e-01 5.3195e-01 9.4352e-01 5.3465e-01 9.4542e-01 -5.6026e-01 2.2751e-01 -5.6026e-01 -5.6026e-01 -5.5544e-01 -5.6026e-01 -5.5866e-01 1.0000e+00 -5.5081e-01 6.0518e-01 -1.2817e-01 -3.2760e-01 1.6922e-01 -1.6735e-01 -2.9572e-01 -2.9783e-01 -7.3651e-02 -7.3651e-02 -3.7108e-02 3.0703e-01 -2.9927e-01 9.1680e-02 -1.3390e-01 -2.9864e-01 2.3973e-01 2.3382e-01 2.3178e-01 -3.2500e-01 2.3178e-01 -1.5000e-01
-1.8397e-02 -2.6048e-02 2.0041e-02 2.0041e-02 2.2066e-02 -2.9488e-01 2.9949e-01 -2.0409e-01 -5.7060e-02 9.3680e-01 -2.5060e-01 3.3358e-01 9.9146e-01 9.9146e-01 3.1373e-01 -5.2340e-01 3.3524e-01 3.3524e-01 3.1373e-01 -3.8370e-01 3.3524e-01 -3.8370e-01 9.9146e-01 3.3524e-01 9.9146e-01 9.9146e-01 -3.8370e-01 9.9146e-01 -5.2662e-01 -5.2447e-01 3.3524e-01 -5.2340e-01 3.3524e-01 3.3607e-01 -5.2340e-01 3.3524e-01 -5.2447e-01 9.9146e-01 -1.2856e-01 9.9146e-01 9.9146e-01 9.8292e-01 9.9146e-01 9.8862e-01 -5.5081e-01 1.0000e+00 3.1207e-01 2.8439e-01 6.0449e-01 1.9013e-01 -1.9134e-01 5.8099e-01 5.7783e-01 -1.2952e-01 -1.2952e-01 -1.9737e-01 -1.8767e-01 5.8418e-01 -6.1765e-02 -1.7601e-01 5.8709e-01 -2.9596e-01 -1.4364e-01 -1.4252e-01 2.6930e-01 -1.4252e-01 -8.9574e-02
-3.1768e-02 -3.1768e-02 -9.8495e-03 -9.8495e-03 -1.1957e-02 -1.5922e-01 1.6399e-01 2.6049e-01 3.0310e-02 2.9400e-01 3.4402e-01 9.2527e-01 3.0941e-01 3.0941e-01 9.9473e-01 5.7582e-01 9.3090e-01 9.3090e-01 9.9473e-01 4.2691e-01 9.3090e-01 4.2691e-01 3.0941e-01 9.3090e-01 3.0941e-01 3.0941e-01 4.2691e-01 3.0941e-01 5.7009e-01 5.7697e-01 9.3090e-01 5.7582e-01 9.3090e-01 9.2860e-01 5.7582e-01 9.3090e-01 5.7697e-01 3.0941e-01 1.3769e-01 3.0941e-01 3.0941e-01 3.0674e-01 3.0941e-01 3.0852e-01 6.0518e-01 3.1207e-01 1.0000e+00 1.2008e-01 1.9152e-01 3.7197e-01 -3.7097e-01 1.9912e-01 1.9369e-01 -2.0320e-01 -2.0320e-01 -2.2644e-01 1.7846e-01 1.9805e-01 4.5835e-02 -3.1761e-01 2.0143e-01 4.0369e-03 1.3648e-01 1.3524e-01 -1.1175e-01 1.3524e-01 -2.5987e-01
2.4442e-02 2.4442e-02 -1.6701e-02 -9.4243e-03 -6.6746e-03 -1.5111e-01 1.4932e-01 1.9421e-01 -8.0914e-02 3.0779e-01 -2.9223e-01 1.6643e-01 2.7663e-01 2.7663e-01 1.2337e-01 -8.8901e-02 1.6043e-01 1.6043e-01 1.2337e-01 -3.9314e-01 1.6043e-01 -3.9314e-01 2.7663e-01 1.6043e-01 2.7663e-01 2.7663e-01 -3.9314e-01 2.7663e-01 -8.5416e-02 -8.6376e-02 1.6043e-01 -8.8901e-02 1.6043e-01 1.5744e-01 -8.8901e-02 1.6043e-01 -8.6376e-02 2.7663e-01 -1.8753e-01 2.7663e-01 2.7663e-01 2.8364e-01 2.7663e-01 2.7404e-01 -1.2817e-01 2.8439e-01 1.2008e-01 1.0000e+00 4.9790e-01 5.5123e-01 -5.5312e-01 4.9426e-01 4.9065e-01 -6.7342e-01 -6.7342e-01 -7.2531e-01 -3.0565e-01 4.9790e-01 -9.0091e-02 -5.1312e-01 4.9138e-01 -2.3734e-01 -1.3072e-01 -1.2887e-01 -1.4100e-01 -1.2887e-01 9.4272e-02
-1.1739e-02 -2.0845e-02 4.4911e-02 4.4911e-02 4.6606e-02 -2.6702e-01 2.7057e-01 -1.5476e-01 -3.6773e-02 6.0478e-01 -1.7708e-01 1.9663e-01 5.8989e-01 5.8989e-01 1.8638e-01 -3.1818e-01 1.9802e-01 1.9802e-01 1.8638e-01 -2.3197e-01 1.9802e-01 -2.3197e-01 5.8989e-01 1.9802e-01 5.8989e-01 5.8989e-01 -2.3197e-01 5.8989e-01 -3.1497e-01 -3.1334e-01 1.9802e-01 -3.1818e-01 1.9802e-01 1.9241e-01 -3.1818e-01 1.9802e-01 -3.1334e-01 5.8989e-01 -9.7737e-02 5.8989e-01 5.8989e-01 5.9570e-01 5.8989e-01 5.8500e-01 -3.2760e-01 6.0449e-01 1.9152e-01 4.9790e-01 1.0000e+00 4.9534e-01 -4.9643e-01 9.4778e-01 9.4395e-01 -4.3413e-01 -4.3413e-01 -4.1163e-01 -1.6841e-01 9.5165e-01 -4.6955e-02 -4.6670e-01 9.4724e-01 -5.8549e-01 -1.3049e-01 -1.2970e-01 1.5606e-01 -1.2970e-01 -7.4948e-02
9.1574e-03 9.1574e-03 2.8888e-02 2.8888e-02 4.6472e-02 -2.2692e-01 2.3340e-01 1.3818e-01 -7.9818e-02 2.0114e-01 -7.5378e-02 4.0106e-01 1.8187e-01 1.8187e-01 3.7457e-01 2.0793e-01 4.0364e-01 4.0364e-01 3.7457e-01 -5.4868e-02 4.0364e-01 -5.4868e-02 1.8187e-01 4.0364e-01 1.8187e-01 1.8187e-01 -5.4868e-02 1.8187e-01 2.0736e-01 2.1047e-01 4.0364e-01 2.0793e-01 4.0364e-01 4.0037e-01 2.0793e-01 4.0364e-01 2.1047e-01 1.8187e-01 -1.4091e-01 1.8187e-01 1.8187e-01 1.8839e-01 1.8187e-01 1.7911e-01 1.6922e-01 1.9013e-01 3.7197e-01 5.5123e-01 4.9534e-01 1.0000e+00 -9.9789e-01 5.2079e-01 5.1712e-01 -8.8205e-01 -8.8205e-01 -8.3889e-01 -3.2109e-01 5.2450e-01 -8.9523e-02 -9.4611e-01 5.1814e-01 -2.3507e-01 -1.1101e-01 -1.1492e-01 -1.4948e-01 -1.1492e-01 -1.5423e-01
-8.4477e-03 -8.4477e-03 -2.9533e-02 -2.9533e-02 -4.7122e-02 2.2886e-01 -2.3533e-01 -1.3933e-01 7.9452e-02 -2.0231e-01 7.4125e-02 -3.9999e-01 -1.8306e-01 -1.8306e-01 -3.7357e-01 -2.0598e-01 -4.0257e-01 -4.0257e-01 -3.7357e-01 5.7671e-02 -4.0257e-01 5.7671e-02 -1.8306e-01 -4.0257e-01 -1.8306e-01 -1.8306e-01 5.7671e-02 -1.8306e-01 -2.0542e-01 -2.0853e-01 -4.0257e-01 -2.0598e-01 -4.0257e-01 -3.9930e-01 -2.0598e-01 -4.0257e-01 -2.0853e-01 -1.8306e-01 1.4049e-01 -1.8306e-01 -1.8306e-01 -1.8957e-01 -1.8306e-01 -1.8029e-01 -1.6735e-01 -1.9134e-01 -3.7097e-01 -5.5312e-01 -4.9643e-01 -9.9789e-01 1.0000e+00 -5.2190e-01 -5.1823e-01 8.8019e-01 8.8019e-01 8.3713e-01 3.2041e-01 -5.2561e-01 8.9335e-02 9.4406e-01 -5.1924e-01 2.3612e-01 1.1022e-01 1.1413e-01 1.4803e-01 1.1413e-01 1.5381e-01
-1.0722e-02 -1.0722e-02 4.3915e-02 4.3915e-02 5.5703e-02 -2.6943e-01 2.7299e-01 -1.4213e-01 -2.2425e-02 5.8087e-01 -1.5332e-01 2.1044e-01 5.6635e-01 5.6635e-01 2.0049e-01 -2.8622e-01 2.1180e-01 2.1180e-01 2.0049e-01 -2.0977e-01 2.1180e-01 -2.0977e-01 5.6635e-01 2.1180e-01 5.6635e-01 5.6635e-01 -2.0977e-01 5.6635e-01 -2.8303e-01 -2.8139e-01 2.1180e-01 -2.8622e-01 2.1180e-01 2.0619e-01 -2.8622e-01 2.1180e-01 -2.8139e-01 5.6635e-01 -6.0566e-02 5.6635e-01 5.6635e-01 5.7206e-01 5.6635e-01 5.6145e-01 -2.9572e-01 5.8099e-01 1.9912e-01 4.9426e-01 9.4778e-01 5.2079e-01 -5.2190e-01 1.0000e+00 9.9601e-01 -4.5881e-01 -4.5881e-01 -4.3611e-01 -1.6105e-01 9.9599e-01 -4.7144e-02 -4.8617e-01 9.8392e-01 -6.1245e-01 -1.2332e-01 -1.2251e-01 1.5941e-01 -1.2251e-01 -8.7728e-02
