1.0000e+00 -2.9712e-02 3.2613e-01 3.3425e-01 -5.2396e-02 1.9150e-02 -2.4368e-02 -1.1476e-01 -9.4819e-02 1.3498e-01 -2.3754e-02 1.0663e-01 1.1075e-01 2.6671e-01 1.1111e-01 1.2260e-01 1.1232e-01 1.1111e-01 1.2260e-01 -1.1111e-01 -1.1030e-01 -1.2260e-01 -1.1111e-01 -1.1111e-01 -1.1681e-01 -1.2135e-01 -1.1071e-01 -1.1151e-01 -1.1111e-01 -1.1151e-01 -1.2218e-01 -1.1071e-01 -2.3313e-02 1.1111e-01 1.2052e-01 1.1192e-01 1.2093e-01 1.2052e-01 1.1030e-01 1.0622e-01 1.1232e-01 1.2218e-01 1.2135e-01 1.1232e-01 1.2344e-01 1.1232e-01 1.0745e-01 1.2518e-01 1.1367e-01 1.1367e-01 1.1745e-01 1.1745e-01 1.1745e-01 1.1745e-01 -5.7169e-02 1.2957e-01 -1.1703e-01 -1.1703e-01 -1.1703e-01 -1.2780e-01 -1.1703e-01 -1.2868e-01 -1.1703e-01 -1.1745e-01 -1.1703e-01 -5.0559e-02 1.2912e-01
-2.9712e-02 1.0000e+00 -2.1320e-02 -3.0854e-02 2.3175e-02 -8.4262e-02 -4.7565e-02 1.1618e-01 1.1589e-01 -8.8862e-02 -8.6101e-02 -1.0084e-01 -9.8003e-02 -4.2037e-02 -1.0488e-01 -1.1080e-01 -1.0400e-01 -1.0488e-01 -1.1080e-01 1.0488e-01 1.0546e-01 1.1080e-01 1.0488e-01 1.0488e-01 1.0084e-01 1.1164e-01 1.0517e-01 1.0459e-01 1.0488e-01 1.0459e-01 1.1108e-01 1.0517e-01 1.3912e-01 -1.0488e-01 -1.1220e-01 -1.0430e-01 -1.1192e-01 -1.1220e-01 -1.0546e-01 -1.0113e-01 -1.0400e-01 -1.1108e-01 -1.1164e-01 -1.0400e-01 -1.1024e-01 -1.0400e-01 -1.0027e-01 -1.0258e-01 -9.6037e-02 -9.6037e-02 -9.3531e-02 -9.3531e-02 -9.3531e-02 -9.3531e-02 9.3343e-02 -9.9906e-02 9.3809e-02 9.3809e-02 9.3809e-02 1.0097e-01 9.3809e-02 1.0044e-01 9.3809e-02 9.3531e-02 9.3809e-02 9.9576e-02 -1.0017e-01
3.2613e-01 -2.1320e-02 1.0000e+00 -3.0854e-02 -5.5749e-02 -1.1236e-01 -2.9054e-02 -3.6801e-02 -3.7092e-02 5.1037e-02 5.7022e-02 3.8259e-02 4.1191e-02 -1.5884e-02 8.9809e-02 9.8067e-02 9.0679e-02 8.9809e-02 9.8067e-02 -8.9809e-02 -8.9231e-02 -9.8067e-02 -8.9809e-02 -8.9809e-02 -9.3899e-02 -9.7167e-02 -8.9520e-02 -9.0099e-02 -8.9809e-02 -9.0099e-02 -9.7767e-02 -8.9520e-02 -2.8009e-02 8.9809e-02 9.6569e-02 9.0389e-02 9.6868e-02 9.6569e-02 8.9231e-02 9.3605e-02 9.0679e-02 9.7767e-02 9.7167e-02 9.0679e-02 9.8670e-02 9.0679e-02 3.8844e-02 5.1340e-02 4.3255e-02 4.3255e-02 4.5927e-02 4.5927e-02 4.5927e-02 4.5927e-02 -5.1525e-02 5.4394e-02 -4.5629e-02 -4.5629e-02 -4.5629e-02 -5.3168e-02 -4.5629e-02 -5.3780e-02 -4.5629e-02 -4.5927e-02 -4.5629e-02 -4.6898e-02 5.4087e-02
3.3425e-01 -3.0854e-02 -3.0854e-02 1.0000e+00 -1.2637e-01 2.2421e-01 -8.2543e-02 -2.1427e-01 -2.1470e-01 2.2594e-01 -1.5592e-01 2.0658e-01 2.1093e-01 6.7853e-01 2.0064e-01 2.1269e-01 2.0190e-01 2.0064e-01 2.1269e-01 -2.0064e-01 -1.9981e-01 -2.1269e-01 -2.0064e-01 -2.0064e-01 -2.0658e-01 -2.1137e-01 -2.0023e-01 -2.0106e-01 -2.0064e-01 -2.0106e-01 -2.1225e-01 -2.0023e-01 -1.1309e-01 2.0064e-01 2.1049e-01 2.0148e-01 2.1093e-01 2.1049e-01 1.9981e-01 2.0615e-01 2.0190e-01 2.1225e-01 2.1137e-01 2.0190e-01 2.1358e-01 2.0190e-01 2.0744e-01 2.1653e-01 2.0418e-01 2.0418e-01 2.0821e-01 2.0821e-01 2.0821e-01 2.0821e-01 -1.5843e-01 2.2129e-01 -2.0776e-01 -2.0776e-01 -2.0776e-01 -2.1937e-01 -2.0776e-01 -2.2033e-01 -2.0776e-01 -2.0821e-01 -2.0776e-01 -1.5266e-01 2.2081e-01
-5.2396e-02 2.3175e-02 -5.5749e-02 -1.2637e-01 1.0000e+00 -5.1775e-01 6.8463e-01 5.0399e-01 4.9830e-01 -4.4049e-01 -3.7697e-01 -3.6721e-01 -3.5556e-01 -1.5519e-01 -3.7924e-01 -4.5940e-01 -3.8922e-01 -3.7924e-01 -4.5940e-01 3.7924e-01 3.7260e-01 4.5940e-01 3.7924e-01 3.7924e-01 4.1236e-01 4.5832e-01 3.7141e-01 3.7805e-01 3.7924e-01 3.7805e-01 4.5603e-01 3.7141e-01 2.9830e-01 -3.7473e-01 -4.5158e-01 -3.8138e-01 -4.5043e-01 -4.5158e-01 -3.7260e-01 -3.6839e-01 -3.8019e-01 -4.5603e-01 -4.4928e-01 -3.8019e-01 -4.5712e-01 -3.8019e-01 -3.6036e-01 -4.2122e-01 -3.4296e-01 -3.4296e-01 -3.3264e-01 -3.3264e-01 -3.3264e-01 -3.3264e-01 1.3937e-01 -4.1482e-01 3.2925e-01 3.2925e-01 3.2925e-01 4.1009e-01 3.2925e-01 4.1700e-01 3.2925e-01 3.2811e-01 3.2925e-01 1.3368e-01 -4.1135e-01
1.9150e-02 -8.4262e-02 -1.1236e-01 2.2421e-01 -5.1775e-01 1.0000e+00 -3.5436e-01 -6.1273e-01 -6.2250e-01 6.3077e-01 5.8088e-01 5.9734e-01 5.7073e-01 1.5120e-01 5.6906e-01 6.1807e-01 5.7422e-01 5.6906e-01 6.1807e-01 -5.6906e-01 -5.6563e-01 -6.1807e-01 -5.6504e-01 -5.6906e-01 -5.8930e-01 -6.1272e-01 -5.6332e-01 -5.6676e-01 -5.6906e-01 -5.6676e-01 -6.1227e-01 -5.6332e-01 -4.1508e-01 5.6906e-01 6.0917e-01 5.7250e-01 6.1095e-01 6.0917e-01 5.6563e-01 5.5139e-01 5.7020e-01 6.1227e-01 6.0870e-01 5.7020e-01 6.1763e-01 5.7020e-01 5.9281e-01 6.0839e-01 5.5906e-01 5.5906e-01 5.3900e-01 5.3900e-01 5.3900e-01 5.3900e-01 -3.6032e-01 5.9077e-01 -5.3720e-01 -5.3720e-01 -5.3720e-01 -5.8322e-01 -5.3720e-01 -5.8699e-01 -5.3720e-01 -5.3498e-01 -5.3317e-01 -3.6735e-01 5.8482e-01
-2.4368e-02 -4.7565e-02 -2.9054e-02 -8.2543e-02 6.8463e-01 -3.5436e-01 1.0000e+00 3.4042e-01 3.3953e-01 -2.9367e-01 -2.4117e-01 -3.2010e-01 -3.1131e-01 -1.3028e-01 -3.3260e-01 -3.1312e-01 -3.2990e-01 -3.3260e-01 -3.1312e-01 3.3260e-01 3.2912e-01 3.1312e-01 3.3260e-01 3.3260e-01 3.7834e-01 3.1573e-01 3.2821e-01 3.3170e-01 3.3260e-01 3.3170e-01 3.1399e-01 3.2821e-01 2.7941e-01 -3.2731e-01 -3.1218e-01 -3.2551e-01 -3.1131e-01 -3.1218e-01 -3.2912e-01 -3.1569e-01 -3.2461e-01 -3.1399e-01 -3.1043e-01 -3.2461e-01 -3.1139e-01 -3.2461e-01 -3.1833e-01 -2.9283e-01 -3.0522e-01 -3.0522e-01 -2.9746e-01 -2.9746e-01 -2.9746e-01 -2.9746e-01 1.1837e-01 -2.8447e-01 2.9832e-01 2.9832e-01 2.9832e-01 2.8247e-01 2.9832e-01 2.8613e-01 2.9832e-01 2.9746e-01 2.9832e-01 1.2464e-01 -2.7996e-01
-1.1476e-01 1.1618e-01 -3.6801e-02 -2.1427e-01 5.0399e-01 -6.1273e-01 3.4042e-01 1.0000e+00 9.7017e-01 -7.7257e-01 -6.6168e-01 -7.2758e-01 -7.0391e-01 -2.6202e-01 -6.9993e-01 -7.5583e-01 -7.0581e-01 -6.9993e-01 -7.5583e-01 6.9993e-01 6.9603e-01 7.5583e-01 6.9595e-01 6.9993e-01 6.7189e-01 7.4972e-01 6.9400e-01 6.9791e-01 6.9993e-01 6.9791e-01 7.4583e-01 6.9400e-01 4.8958e-01 -6.9993e-01 -7.4169e-01 -7.0385e-01 -7.4371e-01 -7.4169e-01 -6.9603e-01 -6.8183e-01 -7.0183e-01 -7.4583e-01 -7.4176e-01 -7.0183e-01 -7.5196e-01 -7.0183e-01 -7.2362e-01 -7.4670e-01 -6.9426e-01 -6.9426e-01 -6.7689e-01 -6.7689e-01 -6.7689e-01 -6.7689e-01 5.9853e-01 -7.3221e-01 6.7483e-01 6.7483e-01 6.7483e-01 7.2355e-01 6.7483e-01 7.2787e-01 6.7483e-01 6.7290e-01 6.7084e-01 5.6587e-01 -7.2603e-01
-9.4819e-02 1.1589e-01 -3.7092e-02 -2.1470e-01 4.9830e-01 -6.2250e-01 3.3953e-01 9.7017e-01 1.0000e+00 -7.7037e-01 -6.7963e-01 -7.4943e-01 -7.2574e-01 -2.7008e-01 -7.2183e-01 -7.7765e-01 -7.2770e-01 -7.2183e-01 -7.7765e-01 7.2183e-01 7.1793e-01 7.7765e-01 7.1785e-01 7.2183e-01 6.9374e-01 7.7155e-01 7.1590e-01 7.1981e-01 7.2183e-01 7.1981e-01 7.6765e-01 7.1590e-01 5.1720e-01 -7.2183e-01 -7.6352e-01 -7.2574e-01 -7.6554e-01 -7.6352e-01 -7.1793e-01 -7.0369e-01 -7.2372e-01 -7.6765e-01 -7.6359e-01 -7.2372e-01 -7.7377e-01 -7.2372e-01 -7.4547e-01 -7.6851e-01 -7.1607e-01 -7.1607e-01 -6.9870e-01 -6.9870e-01 -6.9870e-01 -6.9870e-01 6.2606e-01 -7.5403e-01 6.9663e-01 6.9663e-01 6.9663e-01 7.4537e-01 6.9663e-01 7.4969e-01 6.9663e-01 6.9471e-01 6.9264e-01 5.9377e-01 -7.4785e-01
1.3498e-01 -8.8862e-02 5.1037e-02 2.2594e-01 -4.4049e-01 6.3077e-01 -2.9367e-01 -7.7257e-01 -7.7037e-01 1.0000e+00 7.9867e-01 8.8566e-01 9.0408e-01 2.9873e-01 8.5647e-01 9.0756e-01 8.6181e-01 8.5647e-01 9.0756e-01 -8.5647e-01 -8.5293e-01 -9.0756e-01 -8.5247e-01 -8.5647e-01 -8.2564e-01 -9.0194e-01 -8.5070e-01 -8.5425e-01 -8.5647e-01 -8.5425e-01 -8.9767e-01 -8.5070e-01 -4.4591e-01 8.5647e-01 8.9422e-01 8.6003e-01 8.9608e-01 8.9422e-01 8.5293e-01 8.3582e-01 8.5781e-01 8.9767e-01 8.9393e-01 8.5781e-01 9.0331e-01 8.5781e-01 8.7731e-01 8.9334e-01 8.4509e-01 8.4509e-01 8.2608e-01 8.2608e-01 8.2608e-01 8.2608e-01 -5.3844e-01 8.7718e-01 -8.2417e-01 -8.2417e-01 -8.2417e-01 -8.6910e-01 -8.2417e-01 -8.7313e-01 -8.2417e-01 -8.2207e-01 -8.2016e-01 -5.0830e-01 8.7112e-01
-2.3754e-02 -8.6101e-02 5.7022e-02 -1.5592e-01 -3.7697e-01 5.8088e-01 -2.4117e-01 -6.6168e-01 -6.7963e-01 7.9867e-01 1.0000e+00 8.0470e-01 7.7582e-01 -2.1851e-01 7.7851e-01 8.2335e-01 7.8320e-01 7.7851e-01 8.2335e-01 -7.7851e-01 -7.7541e-01 -8.2335e-01 -7.7442e-01 -7.7851e-01 -7.4739e-01 -8.1842e-01 -7.7287e-01 -7.7598e-01 -7.7851e-01 -7.7598e-01 -8.1351e-01 -7.7287e-01 -4.2052e-01 7.7851e-01 8.1105e-01 7.8163e-01 8.1268e-01 8.1105e-01 7.7541e-01 7.5398e-01 7.7910e-01 8.1351e-01 8.1022e-01 7.7910e-01 8.1845e-01 7.7910e-01 7.9563e-01 8.0454e-01 7.6272e-01 7.6272e-01 7.4080e-01 7.4080e-01 7.4080e-01 7.4080e-01 -4.8677e-01 7.8512e-01 -7.3912e-01 -7.3912e-01 -7.3912e-01 -7.7801e-01 -7.3912e-01 -7.8156e-01 -7.3912e-01 -7.3670e-01 -7.3502e-01 -4.5989e-01 7.7921e-01
1.0663e-01 -1.0084e-01 3.8259e-02 2.0658e-01 -3.6721e-01 5.9734e-01 -3.2010e-01 -7.2758e-01 -7.4943e-01 8.8566e-01 8.0470e-01 1.0000e+00 9.7631e-01 2.8737e-01 9.6061e-01 9.0481e-01 9.5450e-01 9.6061e-01 9.0481e-01 -9.6061e-01 -9.6471e-01 -9.0481e-01 -9.5664e-01 -9.6061e-01 -9.3237e-01 -9.1066e-01 -9.6266e-01 -9.5857e-01 -9.6061e-01 -9.5857e-01 -9.0675e-01 -9.6266e-01 -5.2259e-01 9.6061e-01 9.1059e-01 9.5653e-01 9.1261e-01 9.1059e-01 9.6471e-01 9.3436e-01 9.5450e-01 9.0675e-01 9.1066e-01 9.5450e-01 9.0092e-01 9.5450e-01 9.8409e-01 9.0381e-01 9.5476e-01 9.5476e-01 9.3752e-01 9.3752e-01 9.3752e-01 9.3752e-01 -6.3262e-01 8.8549e-01 -9.3943e-01 -9.3943e-01 -9.3943e-01 -8.9279e-01 -9.3943e-01 -8.8913e-01 -9.3943e-01 -9.3752e-01 -9.3943e-01 -6.0068e-01 8.7929e-01
1.1075e-01 -9.8003e-02 4.1191e-02 2.1093e-01 -3.5556e-01 5.7073e-01 -3.1131e-01 -7.0391e-01 -7.2574e-01 9.0408e-01 7.7582e-01 9.7631e-01 1.0000e+00 2.9329e-01 9.3746e-01 8.8047e-01 9.3122e-01 9.3746e-01 8.8047e-01 -9.3746e-01 -9.4164e-01 -8.8047e-01 -9.3348e-01 -9.3746e-01 -9.0863e-01 -8.8645e-01 -9.3955e-01 -9.3538e-01 -9.3746e-01 -9.3538e-01 -8.8246e-01 -9.3955e-01 -5.1229e-01 9.3746e-01 8.8647e-01 9.3330e-01 8.8845e-01 8.8647e-01 9.4164e-01 9.1067e-01 9.3122e-01 8.8246e-01 8.8645e-01 9.3122e-01 8.7650e-01 9.3122e-01 9.6031e-01 8.7816e-01 9.3033e-01 9.3033e-01 9.1270e-01 9.1270e-01 9.1270e-01 9.1270e-01 -6.1398e-01 8.5937e-01 -9.1465e-01 -9.1465e-01 -9.1465e-01 -8.6685e-01 -9.1465e-01 -8.6310e-01 -9.1465e-01 -9.1270e-01 -9.1465e-01 -5.8252e-01 8.5321e-01
2.6671e-01 -4.2037e-02 -1.5884e-02 6.7853e-01 -1.5519e-01 1.5120e-01 -1.3028e-01 -2.6202e-01 -2.7008e-01 2.9873e-01 -2.1851e-01 2.8737e-01 2.9329e-01 1.0000e+00 2.8675e-01 3.0318e-01 2.8847e-01 2.8675e-01 3.0318e-01 -2.8675e-01 -2.8562e-01 -3.0318e-01 -2.8675e-01 -2.8675e-01 -2.8737e-01 -3.0138e-01 -2.8619e-01 -2.8733e-01 -2.8675e-01 -2.8733e-01 -3.0258e-01 -2.8619e-01 -1.5408e-01 2.8675e-01 3.0018e-01 2.8790e-01 3.0078e-01 3.0018e-01 2.8562e-01 2.9426e-01 2.8847e-01 3.0258e-01 3.0138e-01 2.8847e-01 3.0440e-01 2.8847e-01 2.9602e-01 3.1443e-01 2.9751e-01 2.9751e-01 3.0304e-01 3.0304e-01 3.0304e-01 3.0304e-01 -2.1585e-01 3.2097e-01 -3.0242e-01 -3.0242e-01 -3.0242e-01 -3.1833e-01 -3.0242e-01 -3.1965e-01 -3.0242e-01 -3.0304e-01 -3.0242e-01 -2.0799e-01 3.2031e-01
1.1111e-01 -1.0488e-01 8.9809e-02 2.0064e-01 -3.7924e-01 5.6906e-01 -3.3260e-01 -6.9993e-01 -7.2183e-01 8.5647e-01 7.7851e-01 9.6061e-01 9.3746e-01 2.8675e-01 1.0000e+00 9.4581e-01 9.9405e-01 1.0000e+00 9.4581e-01 -1.0000e+00 -9.9603e-01 -9.4581e-01 -9.9602e-01 -1.0000e+00 -9.7255e-01 -9.5148e-01 -9.9404e-01 -9.9801e-01 -1.0000e+00 -9.9801e-01 -9.4770e-01 -9.9404e-01 -5.3734e-01 9.9205e-01 9.4334e-01 9.8808e-01 9.4542e-01 9.4334e-01 9.9603e-01 9.6653e-01 9.8610e-01 9.4770e-01 9.4352e-01 9.8610e-01 9.4205e-01 9.8610e-01 9.6073e-01 8.9068e-01 9.3220e-01 9.3220e-01 9.1545e-01 9.1545e-01 9.1545e-01 9.1545e-01 -6.5746e-01 8.7289e-01 -9.1730e-01 -9.1730e-01 -9.1730e-01 -8.7196e-01 -9.1730e-01 -8.7642e-01 -9.1730e-01 -9.1545e-01 -9.1730e-01 -6.2481e-01 8.6663e-01
1.2260e-01 -1.1080e-01 9.8067e-02 2.1269e-01 -4.5940e-01 6.1807e-01 -3.1312e-01 -7.5583e-01 -7.7765e-01 9.0756e-01 8.2335e-01 9.0481e-01 8.8047e-01 3.0318e-01 9.4581e-01 1.0000e+00 9.5147e-01 9.4581e-01 1.0000e+00 -9.4581e-01 -9.4206e-01 -1.0000e+00 -9.4183e-01 -9.4581e-01 -9.1675e-01 -9.9404e-01 -9.3995e-01 -9.4371e-01 -9.4581e-01 -9.4371e-01 -9.9004e-01 -9.3995e-01 -5.0822e-01 9.4581e-01 9.8610e-01 9.4958e-01 9.8808e-01 9.8610e-01 9.4206e-01 9.2677e-01 9.4749e-01 9.9004e-01 9.8607e-01 9.4749e-01 9.9602e-01 9.4749e-01 9.1266e-01 9.3370e-01 8.8237e-01 8.8237e-01 8.6453e-01 8.6453e-01 8.6453e-01 8.6453e-01 -6.1654e-01 9.1888e-01 -8.6251e-01 -8.6251e-01 -8.6251e-01 -9.1033e-01 -8.6251e-01 -9.1459e-01 -8.6251e-01 -8.6054e-01 -8.5852e-01 -5.8538e-01 9.1272e-01
1.1232e-01 -1.0400e-01 9.0679e-02 2.0190e-01 -3.8922e-01 5.7422e-01 -3.2990e-01 -7.0581e-01 -7.2770e-01 8.6181e-01 7.8320e-01 9.5450e-01 9.3122e-01 2.8847e-01 9.9405e-01 9.5147e-01 1.0000e+00 9.9405e-01 9.5147e-01 -9.9405e-01 -9.9011e-01 -9.5147e-01 -9.9008e-01 -9.9405e-01 -9.6643e-01 -9.5319e-01 -9.8810e-01 -9.9206e-01 -9.9405e-01 -9.9206e-01 -9.4939e-01 -9.8810e-01 -5.3414e-01 9.8610e-01 9.4508e-01 9.9006e-01 9.4714e-01 9.4508e-01 9.9011e-01 9.6838e-01 9.8807e-01 9.4939e-01 9.4523e-01 9.8807e-01 9.4768e-01 9.8807e-01 9.5459e-01 8.8800e-01 9.2588e-01 9.2588e-01 9.0901e-01 9.0901e-01 9.0901e-01 9.0901e-01 -6.5298e-01 8.7811e-01 -9.1087e-01 -9.1087e-01 -9.1087e-01 -8.7722e-01 -9.1087e-01 -8.8167e-01 -9.1087e-01 -9.0901e-01 -9.1087e-01 -6.2050e-01 8.7187e-01
1.1111e-01 -1.0488e-01 8.9809e-02 2.0064e-01 -3.7924e-01 5.6906e-01 -3.3260e-01 -6.9993e-01 -7.2183e-01 8.5647e-01 7.7851e-01 9.6061e-01 9.3746e-01 2.8675e-01 1.0000e+00 9.4581e-01 9.9405e-01 1.0000e+00 9.4581e-01 -1.0000e+00 -9.9603e-01 -9.4581e-01 -9.9602e-01 -1.0000e+00 -9.7255e-01 -9.5148e-01 -9.9404e-01 -9.9801e-01 -1.0000e+00 -9.9801e-01 -9.4770e-01 -9.9404e-01 -5.3734e-01 9.9205e-01 9.4334e-01 9.8808e-01 9.4542e-01 9.4334e-01 9.9603e-01 9.6653e-01 9.8610e-01 9.4770e-01 9.4352e-01 9.8610e-01 9.4205e-01 9.8610e-01 9.6073e-01 8.9068e-01 9.3220e-01 9.3220e-01 9.1545e-01 9.1545e-01 9.1545e-01 9.1545e-01 -6.5746e-01 8.7289e-01 -9.1730e-01 -9.1730e-01 -9.1730e-01 -8.7196e-01 -9.1730e-01 -8.7642e-01 -9.1730e-01 -9.1545e-01 -9.1730e-01 -6.2481e-01 8.6663e-01
1.2260e-01 -1.1080e-01 9.8067e-02 2.1269e-01 -4.5940e-01 6.1807e-01 -3.1312e-01 -7.5583e-01 -7.7765e-01 9.0756e-01 8.2335e-01 9.0481e-01 8.8047e-01 3.0318e-01 9.4581e-01 1.0000e+00 9.5147e-01 9.4581e-01 1.0000e+00 -9.4581e-01 -9.4206e-01 -1.0000e+00 -9.4183e-01 -9.4581e-01 -9.1675e-01 -9.9404e-01 -9.3995e-01 -9.4371e-01 -9.4581e-01 -9.4371e-01 -9.9004e-01 -9.3995e-01 -5.0822e-01 9.4581e-01 9.8610e-01 9.4958e-01 9.8808e-01 9.8610e-01 9.4206e-01 9.2677e-01 9.4749e-01 9.9004e-01 9.8607e-01 9.4749e-01 9.9602e-01 9.4749e-01 9.1266e-01 9.3370e-01 8.8237e-01 8.8237e-01 8.6453e-01 8.6453e-01 8.6453e-01 8.6453e-01 -6.1654e-01 9.1888e-01 -8.6251e-01 -8.6251e-01 -8.6251e-01 -9.1033e-01 -8.6251e-01 -9.1459e-01 -8.6251e-01 -8.6054e-01 -8.5852e-01 -5.8538e-01 9.1272e-01
-1.1111e-01 1.0488e-01 -8.9809e-02 -2.0064e-01 3.7924e-01 -5.6906e-01 3.3260e-01 6.9993e-01 7.2183e-01 -8.5647e-01 -7.7851e-01 -9.6061e-01 -9.3746e-01 -2.8675e-01 -1.0000e+00 -9.4581e-01 -9.9405e-01 -1.0000e+00 -9.4581e-01 1.0000e+00 9.9603e-01 9.4581e-01 9.9602e-01 1.0000e+00 9.7255e-01 9.5148e-01 9.9404e-01 9.9801e-01 1.0000e+00 9.9801e-01 9.4770e-01 9.9404e-01 5.3734e-01 -9.9205e-01 -9.4334e-01 -9.8808e-01 -9.4542e-01 -9.4334e-01 -9.9603e-01 -9.6653e-01 -9.8610e-01 -9.4770e-01 -9.4352e-01 -9.8610e-01 -9.4205e-01 -9.8610e-01 -9.6073e-01 -8.9068e-01 -9.3220e-01 -9.3220e-01 -9.1545e-01 -9.1545e-01 -9.1545e-01 -9.1545e-01 6.5746e-01 -8.7289e-01 9.1730e-01 9.1730e-01 9.1730e-01 8.7196e-01 9.1730e-01 8.7642e-01 9.1730e-01 9.1545e-01 9.1730e-01 6.2481e-01 -8.6663e-01
-1.1030e-01 1.0546e-01 -8.9231e-02 -1.9981e-01 3.7260e-01 -5.6563e-01 3.2912e-01 6.9603e-01 7.1793e-01 -8.5293e-01 -7.7541e-01 -9.6471e-01 -9.4164e-01 -2.8562e-01 -9.9603e-01 -9.4206e-01 -9.9011e-01 -9.9603e-01 -9.4206e-01 9.9603e-01 1.0000e+00 9.4206e-01 9.9206e-01 9.9603e-01 9.6869e-01 9.4771e-01 9.9801e-01 9.9405e-01 9.9603e-01 9.9405e-01 9.4394e-01 9.9801e-01 5.3948e-01 -9.9603e-01 -9.4751e-01 -9.9208e-01 -9.4960e-01 -9.4751e-01 -1.0000e+00 -9.7062e-01 -9.9011e-01 -9.4394e-01 -9.4771e-01 -9.9011e-01 -9.3831e-01 -9.9011e-01 -9.6484e-01 -8.8714e-01 -9.3644e-01 -9.3644e-01 -9.1976e-01 -9.1976e-01 -9.1976e-01 -9.1976e-01 6.6045e-01 -8.6942e-01 9.2160e-01 9.2160e-01 9.2160e-01 8.7648e-01 9.2160e-01 8.7295e-01 9.2160e-01 9.1976e-01 9.2160e-01 6.2770e-01 -8.6316e-01
-1.2260e-01 1.1080e-01 -9.8067e-02 -2.1269e-01 4.5940e-01 -6.1807e-01 3.1312e-01 7.5583e-01 7.7765e-01 -9.0756e-01 -8.2335e-01 -9.0481e-01 -8.8047e-01 -3.0318e-01 -9.4581e-01 -1.0000e+00 -9.5147e-01 -9.4581e-01 -1.0000e+00 9.4581e-01 9.4206e-01 1.0000e+00 9.4183e-01 9.4581e-01 9.1675e-01 9.9404e-01 9.3995e-01 9.4371e-01 9.4581e-01 9.4371e-01 9.9004e-01 9.3995e-01 5.0822e-01 -9.4581e-01 -9.8610e-01 -9.4958e-01 -9.8808e-01 -9.8610e-01 -9.4206e-01 -9.2677e-01 -9.4749e-01 -9.9004e-01 -9.8607e-01 -9.4749e-01 -9.9602e-01 -9.4749e-01 -9.1266e-01 -9.3370e-01 -8.8237e-01 -8.8237e-01 -8.6453e-01 -8.6453e-01 -8.6453e-01 -8.6453e-01 6.1654e-01 -9.1888e-01 8.6251e-01 8.6251e-01 8.6251e-01 9.1033e-01 8.6251e-01 9.1459e-01 8.6251e-01 8.6054e-01 8.5852e-01 5.8538e-01 -9.1272e-01
-1.1111e-01 1.0488e-01 -8.9809e-02 -2.0064e-01 3.7924e-01 -5.6504e-01 3.3260e-01 6.9595e-01 7.1785e-01 -8.5247e-01 -7.7442e-01 -9.5664e-01 -9.3348e-01 -2.8675e-01 -9.9602e-01 -9.4183e-01 -9.9008e-01 -9.9602e-01 -9.4183e-01 9.9602e-01 9.9206e-01 9.4183e-01 1.0000e+00 9.9602e-01 9.6857e-01 9.4750e-01 9.9006e-01 9.9404e-01 9.9602e-01 9.9404e-01 9.4372e-01 9.9006e-01 5.3256e-01 -9.8807e-01 -9.3936e-01 -9.8410e-01 -9.4144e-01 -9.3936e-01 -9.9206e-01 -9.6255e-01 -9.8212e-01 -9.4372e-01 -9.3954e-01 -9.8212e-01 -9.3806e-01 -9.8212e-01 -9.5675e-01 -8.8668e-01 -9.2822e-01 -9.2822e-01 -9.1146e-01 -9.1146e-01 -9.1146e-01 -9.1146e-01 6.5331e-01 -8.6888e-01 9.1331e-01 9.1331e-01 9.1331e-01 8.6795e-01 9.1331e-01 8.7241e-01 9.1331e-01 9.1146e-01 9.1331e-01 6.2063e-01 -8.6262e-01
-1.1111e-01 1.0488e-01 -8.9809e-02 -2.0064e-01 3.7924e-01 -5.6906e-01 3.3260e-01 6.9993e-01 7.2183e-01 -8.5647e-01 -7.7851e-01 -9.6061e-01 -9.3746e-01 -2.8675e-01 -1.0000e+00 -9.4581e-01 -9.9405e-01 -1.0000e+00 -9.4581e-01 1.0000e+00 9.9603e-01 9.4581e-01 9.9602e-01 1.0000e+00 9.7255e-01 9.5148e-01 9.9404e-01 9.9801e-01 1.0000e+00 9.9801e-01 9.4770e-01 9.9404e-01 5.3734e-01 -9.9205e-01 -9.4334e-01 -9.8808e-01 -9.4542e-01 -9.4334e-01 -9.9603e-01 -9.6653e-01 -9.8610e-01 -9.4770e-01 -9.4352e-01 -9.8610e-01 -9.4205e-01 -9.8610e-01 -9.6073e-01 -8.9068e-01 -9.3220e-01 -9.3220e-01 -9.1545e-01 -9.1545e-01 -9.1545e-01 -9.1545e-01 6.5746e-01 -8.7289e-01 9.1730e-01 9.1730e-01 9.1730e-01 8.7196e-01 9.1730e-01 8.7642e-01 9.1730e-01 9.1545e-01 9.1730e-01 6.2481e-01 -8.6663e-01
-1.1681e-01 1.0084e-01 -9.3899e-02 -2.0658e-01 4.1236e-01 -5.8930e-01 3.7834e-01 6.7189e-01 6.9374e-01 -8.2564e-01 -7.4739e-01 -9.3237e-01 -9.0863e-01 -2.8737e-01 -9.7255e-01 -9.1675e-01 -9.6643e-01 -9.7255e-01 -9.1675e-01 9.7255e-01 9.6869e-01 9.1675e-01 9.6857e-01 9.7255e-01 1.0000e+00 9.2260e-01 9.6664e-01 9.7050e-01 9.7255e-01 9.7050e-01 9.1870e-01 9.6664e-01 5.2259e-01 -9.6459e-01 -9.1457e-01 -9.6051e-01 -9.1660e-01 -9.1457e-01 -9.6869e-01 -9.3834e-01 -9.5848e-01 -9.1870e-01 -9.1464e-01 -9.5848e-01 -9.1287e-01 -9.5848e-01 -9.3237e-01 -8.5979e-01 -9.0297e-01 -9.0297e-01 -8.8567e-01 -8.8567e-01 -8.8567e-01 -8.8567e-01 6.3676e-01 -8.4136e-01 8.8758e-01 8.8758e-01 8.8758e-01 8.4069e-01 8.8758e-01 8.4503e-01 8.8758e-01 8.8567e-01 8.8758e-01 6.0487e-01 -8.3517e-01
-1.2135e-01 1.1164e-01 -9.7167e-02 -2.1137e-01 4.5832e-01 -6.1272e-01 3.1573e-01 7.4972e-01 7.7155e-01 -9.0194e-01 -8.1842e-01 -9.1066e-01 -8.8645e-01 -3.0138e-01 -9.5148e-01 -9.9404e-01 -9.5319e-01 -9.5148e-01 -9.9404e-01 9.5148e-01 9.4771e-01 9.9404e-01 9.4750e-01 9.5148e-01 9.2260e-01 1.0000e+00 9.4561e-01 9.4940e-01 9.5148e-01 9.4940e-01 9.9602e-01 9.4561e-01 5.1127e-01 -9.5148e-01 -9.9204e-01 -9.5527e-01 -9.9403e-01 -9.9204e-01 -9.4771e-01 -9.3260e-01 -9.5319e-01 -9.9602e-01 -9.9203e-01 -9.5319e-01 -9.9008e-01 -9.5319e-01 -9.1853e-01 -9.2808e-01 -8.8844e-01 -8.8844e-01 -8.7072e-01 -8.7072e-01 -8.7072e-01 -8.7072e-01 6.2084e-01 -9.1338e-01 8.6868e-01 8.6868e-01 8.6868e-01 9.1281e-01 8.6868e-01 9.1710e-01 8.6868e-01 8.6673e-01 8.6469e-01 5.8952e-01 -9.0721e-01
-1.1071e-01 1.0517e-01 -8.9520e-02 -2.0023e-01 3.7141e-01 -5.6332e-01 3.2821e-01 6.9400e-01 7.1590e-01 -8.5070e-01 -7.7287e-01 -9.6266e-01 -9.3955e-01 -2.8619e-01 -9.9404e-01 -9.3995e-01 -9.8810e-01 -9.9404e-01 -9.3995e-01 9.9404e-01 9.9801e-01 9.3995e-01 9.9006e-01 9.9404e-01 9.6664e-01 9.4561e-01 1.0000e+00 9.9603e-01 9.9404e-01 9.9603e-01 9.4582e-01 1.0000e+00 5.3841e-01 -9.9404e-01 -9.4542e-01 -9.9008e-01 -9.4751e-01 -9.4542e-01 -9.9801e-01 -9.6857e-01 -9.8810e-01 -9.4184e-01 -9.4561e-01 -9.8810e-01 -9.3619e-01 -9.8810e-01 -9.6278e-01 -8.8491e-01 -9.3432e-01 -9.3432e-01 -9.1760e-01 -9.1760e-01 -9.1760e-01 -9.1760e-01 6.5895e-01 -8.6714e-01 9.1945e-01 9.1945e-01 9.1945e-01 8.7422e-01 9.1945e-01 8.7067e-01 9.1945e-01 9.1760e-01 9.1945e-01 6.2626e-01 -8.6089e-01
-1.1151e-01 1.0459e-01 -9.0099e-02 -2.0106e-01 3.7805e-01 -5.6676e-01 3.3170e-01 6.9791e-01 7.1981e-01 -8.5425e-01 -7.7598e-01 -9.5857e-01 -9.3538e-01 -2.8733e-01 -9.9801e-01 -9.4371e-01 -9.9206e-01 -9.9801e-01 -9.4371e-01 9.9801e-01 9.9405e-01 9.4371e-01 9.9404e-01 9.9801e-01 9.7050e-01 9.4940e-01 9.9603e-01 1.0000e+00 9.9801e-01 1.0000e+00 9.4958e-01 9.9603e-01 5.3627e-01 -9.9006e-01 -9.4126e-01 -9.8609e-01 -9.4334e-01 -9.4126e-01 -9.9405e-01 -9.6449e-01 -9.8410e-01 -9.4560e-01 -9.4144e-01 -9.8410e-01 -9.3994e-01 -9.8410e-01 -9.5868e-01 -8.8845e-01 -9.3009e-01 -9.3009e-01 -9.1330e-01 -9.1330e-01 -9.1330e-01 -9.1330e-01 6.5596e-01 -8.7061e-01 9.1515e-01 9.1515e-01 9.1515e-01 8.6970e-01 9.1515e-01 8.7416e-01 9.1515e-01 9.1330e-01 9.1515e-01 6.2337e-01 -8.6436e-01
-1.1111e-01 1.0488e-01 -8.9809e-02 -2.0064e-01 3.7924e-01 -5.6906e-01 3.3260e-01 6.9993e-01 7.2183e-01 -8.5647e-01 -7.7851e-01 -9.6061e-01 -9.3746e-01 -2.8675e-01 -1.0000e+00 -9.4581e-01 -9.9405e-01 -1.0000e+00 -9.4581e-01 1.0000e+00 9.9603e-01 9.4581e-01 9.9602e-01 1.0000e+00 9.7255e-01 9.5148e-01 9.9404e-01 9.9801e-01 1.0000e+00 9.9801e-01 9.4770e-01 9.9404e-01 5.3734e-01 -9.9205e-01 -9.4334e-01 -9.8808e-01 -9.4542e-01 -9.4334e-01 -9.9603e-01 -9.6653e-01 -9.8610e-01 -9.4770e-01 -9.4352e-01 -9.8610e-01 -9.4205e-01 -9.8610e-01 -9.6073e-01 -8.9068e-01 -9.3220e-01 -9.3220e-01 -9.1545e-01 -9.1545e-01 -9.1545e-01 -9.1545e-01 6.5746e-01 -8.7289e-01 9.1730e-01 9.1730e-01 9.1730e-01 8.7196e-01 9.1730e-01 8.7642e-01 9.1730e-01 9.1545e-01 9.1730e-01 6.2481e-01 -8.6663e-01
-1.1151e-01 1.0459e-01 -9.0099e-02 -2.0106e-01 3.7805e-01 -5.6676e-01 3.3170e-01 6.9791e-01 7.1981e-01 -8.5425e-01 -7.7598e-01 -9.5857e-01 -9.3538e-01 -2.8733e-01 -9.9801e-01 -9.4371e-01 -9.9206e-01 -9.9801e-01 -9.4371e-01 9.9801e-01 9.9405e-01 9.4371e-01 9.9404e-01 9.9801e-01 9.7050e-01 9.4940e-01 9.9603e-01 1.0000e+00 9.9801e-01 1.0000e+00 9.4958e-01 9.9603e-01 5.3627e-01 -9.9006e-01 -9.4126e-01 -9.8609e-01 -9.4334e-01 -9.4126e-01 -9.9405e-01 -9.6449e-01 -9.8410e-01 -9.4560e-01 -9.4144e-01 -9.8410e-01 -9.3994e-01 -9.8410e-01 -9.5868e-01 -8.8845e-01 -9.3009e-01 -9.3009e-01 -9.1330e-01 -9.1330e-01 -9.1330e-01 -9.1330e-01 6.5596e-01 -8.7061e-01 9.1515e-01 9.1515e-01 9.1515e-01 8.6970e-01 9.1515e-01 8.7416e-01 9.1515e-01 9.1330e-01 9.1515e-01 6.2337e-01 -8.6436e-01
-1.2218e-01 1.1108e-01 -9.7767e-02 -2.1225e-01 4.5603e-01 -6.1227e-01 3.1399e-01 7.4583e-01 7.6765e-01 -8.9767e-01 -8.1351e-01 -9.0675e-01 -8.8246e-01 -3.0258e-01 -9.4770e-01 -9.9004e-01 -9.4939e-01 -9.4770e-01 -9.9004e-01 9.4770e-01 9.4394e-01 9.9004e-01 9.4372e-01 9.4770e-01 9.1870e-01 9.9602e-01 9.4582e-01 9.4958e-01 9.4770e-01 9.4958e-01 1.0000e+00 9.4582e-01 5.0923e-01 -9.4770e-01 -9.9206e-01 -9.5147e-01 -9.9404e-01 -9.9206e-01 -9.4394e-01 -9.2871e-01 -9.4939e-01 -9.9601e-01 -9.9204e-01 -9.4939e-01 -9.9005e-01 -9.4939e-01 -9.1461e-01 -9.2782e-01 -8.8439e-01 -8.8439e-01 -8.6659e-01 -8.6659e-01 -8.6659e-01 -8.6659e-01 6.1797e-01 -9.1303e-01 8.6456e-01 8.6456e-01 8.6456e-01 9.1249e-01 8.6456e-01 9.1676e-01 8.6456e-01 8.6260e-01 8.6057e-01 5.8675e-01 -9.0687e-01
-1.1071e-01 1.0517e-01 -8.9520e-02 -2.0023e-01 3.7141e-01 -5.6332e-01 3.2821e-01 6.9400e-01 7.1590e-01 -8.5070e-01 -7.7287e-01 -9.6266e-01 -9.3955e-01 -2.8619e-01 -9.9404e-01 -9.3995e-01 -9.8810e-01 -9.9404e-01 -9.3995e-01 9.9404e-01 9.9801e-01 9.3995e-01 9.9006e-01 9.9404e-01 9.6664e-01 9.4561e-01 1.0000e+00 9.9603e-01 9.9404e-01 9.9603e-01 9.4582e-01 1.0000e+00 5.3841e-01 -9.9404e-01 -9.4542e-01 -9.9008e-01 -9.4751e-01 -9.4542e-01 -9.9801e-01 -9.6857e-01 -9.8810e-01 -9.4184e-01 -9.4561e-01 -9.8810e-01 -9.3619e-01 -9.8810e-01 -9.6278e-01 -8.8491e-01 -9.3432e-01 -9.3432e-01 -9.1760e-01 -9.1760e-01 -9.1760e-01 -9.1760e-01 6.5895e-01 -8.6714e-01 9.1945e-01 9.1945e-01 9.1945e-01 8.7422e-01 9.1945e-01 8.7067e-01 9.1945e-01 9.1760e-01 9.1945e-01 6.2626e-01 -8.6089e-01
-2.3313e-02 1.3912e-01 -2.8009e-02 -1.1309e-01 2.9830e-01 -4.1508e-01 2.7941e-01 4.8958e-01 5.1720e-01 -4.4591e-01 -4.2052e-01 -5.2259e-01 -5.1229e-01 -1.5408e-01 -5.3734e-01 -5.0822e-01 -5.3414e-01 -5.3734e-01 -5.0822e-01 5.3734e-01 5.3948e-01 5.0822e-01 5.3256e-01 5.3734e-01 5.2259e-01 5.1127e-01 5.3841e-01 5.3627e-01 5.3734e-01 5.3627e-01 5.0923e-01 5.3841e-01 1.0000e+00 -5.3734e-01 -5.1331e-01 -5.3521e-01 -5.1229e-01 -5.1331e-01 -5.3948e-01 -5.2363e-01 -5.3414e-01 -5.0923e-01 -5.1127e-01 -5.3414e-01 -5.0620e-01 -5.3414e-01 -5.2051e-01 -4.7860e-01 -5.0519e-01 -5.0519e-01 -4.9619e-01 -4.9619e-01 -4.9619e-01 -4.9619e-01 7.1385e-01 -4.6903e-01 4.9718e-01 4.9718e-01 4.9718e-01 4.7284e-01 4.9718e-01 4.7094e-01 4.9718e-01 4.9619e-01 4.9718e-01 7.2572e-01 -4.6517e-01
1.1111e-01 -1.0488e-01 8.9809e-02 2.0064e-01 -3.7473e-01 5.6906e-01 -3.2731e-01 -6.9993e-01 -7.2183e-01 8.5647e-01 7.7851e-01 9.6061e-01 9.3746e-01 2.8675e-01 9.9205e-01 9.4581e-01 9.8610e-01 9.9205e-01 9.4581e-01 -9.9205e-01 -9.9603e-01 -9.4581e-01 -9.8807e-01 -9.9205e-01 -9.6459e-01 -9.5148e-01 -9.9404e-01 -9.9006e-01 -9.9205e-01 -9.9006e-01 -9.4770e-01 -9.9404e-01 -5.3734e-01 1.0000e+00 9.5130e-01 9.9603e-01 9.5338e-01 9.5130e-01 9.9603e-01 9.7448e-01 9.9405e-01 9.4770e-01 9.5148e-01 9.9405e-01 9.4205e-01 9.9405e-01 9.6868e-01 8.9068e-01 9.4017e-01 9.4017e-01 9.2342e-01 9.2342e-01 9.2342e-01 9.2342e-01 -6.5746e-01 8.7289e-01 -9.2128e-01 -9.2128e-01 -9.2128e-01 -8.7997e-01 -9.2128e-01 -8.7642e-01 -9.2128e-01 -9.1944e-01 -9.1730e-01 -6.2481e-01 8.6663e-01
1.2052e-01 -1.1220e-01 9.6569e-02 2.1049e-01 -4.5158e-01 6.0917e-01 -3.1218e-01 -7.4169e-01 -7.6352e-01 8.9422e-01 8.1105e-01 9.1059e-01 8.8647e-01 3.0018e-01 9.4334e-01 9.8610e-01 9.4508e-01 9.4334e-01 9.8610e-01 -9.4334e-01 -9.4751e-01 -9.8610e-01 -9.3936e-01 -9.4334e-01 -9.1457e-01 -9.9204e-01 -9.4542e-01 -9.4126e-01 -9.4334e-01 -9.4126e-01 -9.9206e-01 -9.4542e-01 -5.1331e-01 9.5130e-01 1.0000e+00 9.5511e-01 9.9801e-01 9.9602e-01 9.4751e-01 9.3253e-01 9.5304e-01 9.9206e-01 9.9602e-01 9.5304e-01 9.8615e-01 9.5304e-01 9.1848e-01 9.2436e-01 8.8851e-01 8.8851e-01 8.7087e-01 8.7087e-01 8.7087e-01 8.7087e-01 -6.1957e-01 9.0973e-01 -8.6883e-01 -8.6883e-01 -8.6883e-01 -9.1715e-01 -8.6883e-01 -9.1344e-01 -8.6883e-01 -8.6688e-01 -8.6484e-01 -5.9229e-01 9.0757e-01
1.1192e-01 -1.0430e-01 9.0389e-02 2.0148e-01 -3.8138e-01 5.7250e-01 -3.2551e-01 -7.0385e-01 -7.2574e-01 8.6003e-01 7.8163e-01 9.5653e-01 9.3330e-01 2.8790e-01 9.8808e-01 9.4958e-01 9.9006e-01 9.8808e-01 9.4958e-01 -9.8808e-01 -9.9208e-01 -9.4958e-01 -9.8410e-01 -9.8808e-01 -9.6051e-01 -9.5527e-01 -9.9008e-01 -9.8609e-01 -9.8808e-01 -9.8609e-01 -9.5147e-01 -9.9008e-01 -5.3521e-01 9.9603e-01 9.5511e-01 1.0000e+00 9.5718e-01 9.5511e-01 9.9208e-01 9.7837e-01 9.9801e-01 9.5147e-01 9.5527e-01 9.9801e-01 9.4580e-01 9.9801e-01 9.6459e-01 8.8623e-01 9.3595e-01 9.3595e-01 9.1913e-01 9.1913e-01 9.1913e-01 9.1913e-01 -6.5447e-01 8.7636e-01 -9.1700e-01 -9.1700e-01 -9.1700e-01 -8.8348e-01 -9.1700e-01 -8.7992e-01 -9.1700e-01 -9.1514e-01 -9.1301e-01 -6.2194e-01 8.7012e-01
1.2093e-01 -1.1192e-01 9.6868e-02 2.1093e-01 -4.5043e-01 6.1095e-01 -3.1131e-01 -7.4371e-01 -7.6554e-01 8.9608e-01 8.1268e-01 9.1261e-01 8.8845e-01 3.0078e-01 9.4542e-01 9.8808e-01 9.4714e-01 9.4542e-01 9.8808e-01 -9.4542e-01 -9.4960e-01 -9.8808e-01 -9.4144e-01 -9.4542e-01 -9.1660e-01 -9.9403e-01 -9.4751e-01 -9.4334e-01 -9.4542e-01 -9.4334e-01 -9.9404e-01 -9.4751e-01 -5.1229e-01 9.5338e-01 9.9801e-01 9.5718e-01 1.0000e+00 9.9801e-01 9.4960e-01 9.3455e-01 9.5510e-01 9.9404e-01 9.9801e-01 9.5510e-01 9.8811e-01 9.5510e-01 9.2050e-01 9.2622e-01 8.9047e-01 8.9047e-01 8.7279e-01 8.7279e-01 8.7279e-01 8.7279e-01 -6.2227e-01 9.1156e-01 -8.7075e-01 -8.7075e-01 -8.7075e-01 -9.1899e-01 -8.7075e-01 -9.1527e-01 -8.7075e-01 -8.6879e-01 -8.6676e-01 -5.9090e-01 9.0538e-01
1.2052e-01 -1.1220e-01 9.6569e-02 2.1049e-01 -4.5158e-01 6.0917e-01 -3.1218e-01 -7.4169e-01 -7.6352e-01 8.9422e-01 8.1105e-01 9.1059e-01 8.8647e-01 3.0018e-01 9.4334e-01 9.8610e-01 9.4508e-01 9.4334e-01 9.8610e-01 -9.4334e-01 -9.4751e-01 -9.8610e-01 -9.3936e-01 -9.4334e-01 -9.1457e-01 -9.9204e-01 -9.4542e-01 -9.4126e-01 -9.4334e-01 -9.4126e-01 -9.9206e-01 -9.4542e-01 -5.1331e-01 9.5130e-01 9.9602e-01 9.5511e-01 9.9801e-01 1.0000e+00 9.4751e-01 9.3253e-01 9.5304e-01 9.9206e-01 9.9602e-01 9.5304e-01 9.8615e-01 9.5304e-01 9.1848e-01 9.2436e-01 8.8851e-01 8.8851e-01 8.7087e-01 8.7087e-01 8.7087e-01 8.7087e-01 -6.1957e-01 9.0973e-01 -8.6883e-01 -8.6883e-01 -8.6883e-01 -9.1715e-01 -8.6883e-01 -9.1344e-01 -8.6883e-01 -8.6688e-01 -8.6484e-01 -5.8810e-01 9.0356e-01
1.1030e-01 -1.0546e-01 8.9231e-02 1.9981e-01 -3.7260e-01 5.6563e-01 -3.2912e-01 -6.9603e-01 -7.1793e-01 8.5293e-01 7.7541e-01 9.6471e-01 9.4164e-01 2.8562e-01 9.9603e-01 9.4206e-01 9.9011e-01 9.9603e-01 9.4206e-01 -9.9603e-01 -1.0000e+00 -9.4206e-01 -9.9206e-01 -9.9603e-01 -9.6869e-01 -9.4771e-01 -9.9801e-01 -9.9405e-01 -9.9603e-01 -9.9405e-01 -9.4394e-01 -9.9801e-01 -5.3948e-01 9.9603e-01 9.4751e-01 9.9208e-01 9.4960e-01 9.4751e-01 1.0000e+00 9.7062e-01 9.9011e-01 9.4394e-01 9.4771e-01 9.9011e-01 9.3831e-01 9.9011e-01 9.6484e-01 8.8714e-01 9.3644e-01 9.3644e-01 9.1976e-01 9.1976e-01 9.1976e-01 9.1976e-01 -6.6045e-01 8.6942e-01 -9.2160e-01 -9.2160e-01 -9.2160e-01 -8.7648e-01 -9.2160e-01 -8.7295e-01 -9.2160e-01 -9.1976e-01 -9.2160e-01 -6.2770e-01 8.6316e-01
1.0622e-01 -1.0113e-01 9.3605e-02 2.0615e-01 -3.6839e-01 5.5139e-01 -3.1569e-01 -6.8183e-01 -7.0369e-01 8.3582e-01 7.5398e-01 9.3436e-01 9.1067e-01 2.9426e-01 9.6653e-01 9.2677e-01 9.6838e-01 9.6653e-01 9.2677e-01 -9.6653e-01 -9.7062e-01 -9.2677e-01 -9.6255e-01 -9.6653e-01 -9.3834e-01 -9.3260e-01 -9.6857e-01 -9.6449e-01 -9.6653e-01 -9.6449e-01 -9.2871e-01 -9.6857e-01 -5.2363e-01 9.7448e-01 9.3253e-01 9.7837e-01 9.3455e-01 9.3253e-01 9.7062e-01 1.0000e+00 9.8031e-01 9.3269e-01 9.3659e-01 9.8031e-01 9.2688e-01 9.8031e-01 9.4631e-01 8.6598e-01 9.1698e-01 9.1698e-01 9.2367e-01 9.2367e-01 9.2367e-01 9.2367e-01 -6.6723e-01 8.7970e-01 -9.2158e-01 -9.2158e-01 -9.2158e-01 -8.8698e-01 -9.2158e-01 -8.8333e-01 -9.2158e-01 -9.1968e-01 -9.1760e-01 -6.3561e-01 8.7349e-01
1.1232e-01 -1.0400e-01 9.0679e-02 2.0190e-01 -3.8019e-01 5.7020e-01 -3.2461e-01 -7.0183e-01 -7.2372e-01 8.5781e-01 7.7910e-01 9.5450e-01 9.3122e-01 2.8847e-01 9.8610e-01 9.4749e-01 9.8807e-01 9.8610e-01 9.4749e-01 -9.8610e-01 -9.9011e-01 -9.4749e-01 -9.8212e-01 -9.8610e-01 -9.5848e-01 -9.5319e-01 -9.8810e-01 -9.8410e-01 -9.8610e-01 -9.8410e-01 -9.4939e-01 -9.8810e-01 -5.3414e-01 9.9405e-01 9.5304e-01 9.9801e-01 9.5510e-01 9.5304e-01 9.9011e-01 9.8031e-01 1.0000e+00 9.5337e-01 9.5717e-01 1.0000e+00 9.4768e-01 1.0000e+00 9.6652e-01 8.8800e-01 9.3783e-01 9.3783e-01 9.2097e-01 9.2097e-01 9.2097e-01 9.2097e-01 -6.5712e-01 8.7811e-01 -9.1885e-01 -9.1885e-01 -9.1885e-01 -8.8523e-01 -9.1885e-01 -8.8167e-01 -9.1885e-01 -9.1699e-01 -9.1486e-01 -6.2469e-01 8.7187e-01
1.2218e-01 -1.1108e-01 9.7767e-02 2.1225e-01 -4.5603e-01 6.1227e-01 -3.1399e-01 -7.4583e-01 -7.6765e-01 8.9767e-01 8.1351e-01 9.0675e-01 8.8246e-01 3.0258e-01 9.4770e-01 9.9004e-01 9.4939e-01 9.4770e-01 9.9004e-01 -9.4770e-01 -9.4394e-01 -9.9004e-01 -9.4372e-01 -9.4770e-01 -9.1870e-01 -9.9602e-01 -9.4184e-01 -9.4560e-01 -9.4770e-01 -9.4560e-01 -9.9601e-01 -9.4184e-01 -5.0923e-01 9.4770e-01 9.9206e-01 9.5147e-01 9.9404e-01 9.9206e-01 9.4394e-01 9.3269e-01 9.5337e-01 1.0000e+00 9.9602e-01 9.5337e-01 9.9404e-01 9.5337e-01 9.1860e-01 9.3182e-01 8.8838e-01 8.8838e-01 8.7058e-01 8.7058e-01 8.7058e-01 8.7058e-01 -6.2212e-01 9.1704e-01 -8.6855e-01 -8.6855e-01 -8.6855e-01 -9.1650e-01 -8.6855e-01 -9.2078e-01 -8.6855e-01 -8.6659e-01 -8.6456e-01 -5.9095e-01 9.1088e-01
1.2135e-01 -1.1164e-01 9.7167e-02 2.1137e-01 -4.4928e-01 6.0870e-01 -3.1043e-01 -7.4176e-01 -7.6359e-01 8.9393e-01 8.1022e-01 9.1066e-01 8.8645e-01 3.0138e-01 9.4352e-01 9.8607e-01 9.4523e-01 9.4352e-01 9.8607e-01 -9.4352e-01 -9.4771e-01 -9.8607e-01 -9.3954e-01 -9.4352e-01 -9.1464e-01 -9.9203e-01 -9.4561e-01 -9.4144e-01 -9.4352e-01 -9.4144e-01 -9.9204e-01 -9.4561e-01 -5.1127e-01 9.5148e-01 9.9602e-01 9.5527e-01 9.9801e-01 9.9602e-01 9.4771e-01 9.3659e-01 9.5717e-01 9.9602e-01 1.0000e+00 9.5717e-01 9.9008e-01 9.5717e-01 9.2251e-01 9.2808e-01 8.9242e-01 8.9242e-01 8.7471e-01 8.7471e-01 8.7471e-01 8.7471e-01 -6.2498e-01 9.1338e-01 -8.7267e-01 -8.7267e-01 -8.7267e-01 -9.2083e-01 -8.7267e-01 -9.1710e-01 -8.7267e-01 -8.7072e-01 -8.6868e-01 -5.9371e-01 9.0721e-01
1.1232e-01 -1.0400e-01 9.0679e-02 2.0190e-01 -3.8019e-01 5.7020e-01 -3.2461e-01 -7.0183e-01 -7.2372e-01 8.5781e-01 7.7910e-01 9.5450e-01 9.3122e-01 2.8847e-01 9.8610e-01 9.4749e-01 9.8807e-01 9.8610e-01 9.4749e-01 -9.8610e-01 -9.9011e-01 -9.4749e-01 -9.8212e-01 -9.8610e-01 -9.5848e-01 -9.5319e-01 -9.8810e-01 -9.8410e-01 -9.8610e-01 -9.8410e-01 -9.4939e-01 -9.8810e-01 -5.3414e-01 9.9405e-01 9.5304e-01 9.9801e-01 9.5510e-01 9.5304e-01 9.9011e-01 9.8031e-01 1.0000e+00 9.5337e-01 9.5717e-01 1.0000e+00 9.4768e-01 1.0000e+00 9.6652e-01 8.8800e-01 9.3783e-01 9.3783e-01 9.2097e-01 9.2097e-01 9.2097e-01 9.2097e-01 -6.5712e-01 8.7811e-01 -9.1885e-01 -9.1885e-01 -9.1885e-01 -8.8523e-01 -9.1885e-01 -8.8167e-01 -9.1885e-01 -9.1699e-01 -9.1486e-01 -6.2469e-01 8.7187e-01
1.2344e-01 -1.1024e-01 9.8670e-02 2.1358e-01 -4.5712e-01 6.1763e-01 -3.1139e-01 -7.5196e-01 -7.7377e-01 9.0331e-01 8.1845e-01 9.0092e-01 8.7650e-01 3.0440e-01 9.4205e-01 9.9602e-01 9.4768e-01 9.4205e-01 9.9602e-01 -9.4205e-01 -9.3831e-01 -9.9602e-01 -9.3806e-01 -9.4205e-01 -9.1287e-01 -9.9008e-01 -9.3619e-01 -9.3994e-01 -9.4205e-01 -9.3994e-01 -9.9005e-01 -9.3619e-01 -5.0620e-01 9.4205e-01 9.8615e-01 9.4580e-01 9.8811e-01 9.8615e-01 9.3831e-01 9.2688e-01 9.4768e-01 9.9404e-01 9.9008e-01 9.4768e-01 1.0000e+00 9.4768e-01 9.1274e-01 9.3746e-01 8.8233e-01 8.8233e-01 8.6441e-01 8.6441e-01 8.6441e-01 8.6441e-01 -6.1784e-01 9.2257e-01 -8.6240e-01 -8.6240e-01 -8.6240e-01 -9.1404e-01 -8.6240e-01 -9.1829e-01 -8.6240e-01 -8.6042e-01 -8.5841e-01 -5.8682e-01 9.1641e-01
1.1232e-01 -1.0400e-01 9.0679e-02 2.0190e-01 -3.8019e-01 5.7020e-01 -3.2461e-01 -7.0183e-01 -7.2372e-01 8.5781e-01 7.7910e-01 9.5450e-01 9.3122e-01 2.8847e-01 9.8610e-01 9.4749e-01 9.8807e-01 9.8610e-01 9.4749e-01 -9.8610e-01 -9.9011e-01 -9.4749e-01 -9.8212e-01 -9.8610e-01 -9.5848e-01 -9.5319e-01 -9.8810e-01 -9.8410e-01 -9.8610e-01 -9.8410e-01 -9.4939e-01 -9.8810e-01 -5.3414e-01 9.9405e-01 9.5304e-01 9.9801e-01 9.5510e-01 9.5304e-01 9.9011e-01 9.8031e-01 1.0000e+00 9.5337e-01 9.5717e-01 1.0000e+00 9.4768e-01 1.0000e+00 9.6652e-01 8.8800e-01 9.3783e-01 9.3783e-01 9.2097e-01 9.2097e-01 9.2097e-01 9.2097e-01 -6.5712e-01 8.7811e-01 -9.1885e-01 -9.1885e-01 -9.1885e-01 -8.8523e-01 -9.1885e-01 -8.8167e-01 -9.1885e-01 -9.1699e-01 -9.1486e-01 -6.2469e-01 8.7187e-01
1.0745e-01 -1.0027e-01 3.8844e-02 2.0744e-01 -3.6036e-01 5.9281e-01 -3.1833e-01 -7.2362e-01 -7.4547e-01 8.7731e-01 7.9563e-01 9.8409e-01 9.6031e-01 2.9602e-01 9.6073e-01 9.1266e-01 9.5459e-01 9.6073e-01 9.1266e-01 -9.6073e-01 -9.6484e-01 -9.1266e-01 -9.5675e-01 -9.6073e-01 -9.3237e-01 -9.1853e-01 -9.6278e-01 -9.5868e-01 -9.6073e-01 -9.5868e-01 -9.1461e-01 -9.6278e-01 -5.2051e-01 9.6868e-01 9.1848e-01 9.6459e-01 9.2050e-01 9.1848e-01 9.6484e-01 9.4631e-01 9.6652e-01 9.1860e-01 9.2251e-01 9.6652e-01 9.1274e-01 9.6652e-01 1.0000e+00 9.1947e-01 9.7056e-01 9.7056e-01 9.5328e-01 9.5328e-01 9.5328e-01 9.5328e-01 -6.3799e-01 9.0111e-01 -9.5120e-01 -9.5120e-01 -9.5120e-01 -9.0842e-01 -9.5120e-01 -9.0476e-01 -9.5120e-01 -9.4929e-01 -9.4721e-01 -6.0625e-01 8.9491e-01
1.2518e-01 -1.0258e-01 5.1340e-02 2.1653e-01 -4.2122e-01 6.0839e-01 -2.9283e-01 -7.4670e-01 -7.6851e-01 8.9334e-01 8.0454e-01 9.0381e-01 8.7816e-01 3.1443e-01 8.9068e-01 9.3370e-01 8.8800e-01 8.9068e-01 9.3370e-01 -8.9068e-01 -8.8714e-01 -9.3370e-01 -8.8668e-01 -8.9068e-01 -8.5979e-01 -9.2808e-01 -8.8491e-01 -8.8845e-01 -8.9068e-01 -8.8845e-01 -9.2782e-01 -8.8491e-01 -4.7860e-01 8.9068e-01 9.2436e-01 8.8623e-01 9.2622e-01 9.2436e-01 8.8714e-01 8.6598e-01 8.8800e-01 9.3182e-01 9.2808e-01 8.8800e-01 9.3746e-01 8.8800e-01 9.1947e-01 1.0000e+00 9.4736e-01 9.4736e-01 9.2843e-01 9.2843e-01 9.2843e-01 9.2843e-01 -6.3709e-01 9.7599e-01 -9.2651e-01 -9.2651e-01 -9.2651e-01 -9.6782e-01 -9.2651e-01 -9.7189e-01 -9.2651e-01 -9.2441e-01 -9.2249e-01 -6.0811e-01 9.6990e-01
1.1367e-01 -9.6037e-02 4.3255e-02 2.0418e-01 -3.4296e-01 5.5906e-01 -3.0522e-01 -6.9426e-01 -7.1607e-01 8.4509e-01 7.6272e-01 9.5476e-01 9.3033e-01 2.9751e-01 9.3220e-01 8.8237e-01 9.2588e-01 9.3220e-01 8.8237e-01 -9.3220e-01 -9.3644e-01 -8.8237e-01 -9.2822e-01 -9.3220e-01 -9.0297e-01 -8.8844e-01 -9.3432e-01 -9.3009e-01 -9.3220e-01 -9.3009e-01 -8.8439e-01 -9.3432e-01 -5.0519e-01 9.4017e-01 8.8851e-01 9.3595e-01 8.9047e-01 8.8851e-01 9.3644e-01 9.1698e-01 9.3783e-01 8.8838e-01 8.9242e-01 9.3783e-01 8.8233e-01 9.3783e-01 9.7056e-01 9.4736e-01 1.0000e+00 1.0000e+00 9.8219e-01 9.8219e-01 9.8219e-01 9.8219e-01 -6.7450e-01 9.2843e-01 -9.8016e-01 -9.8016e-01 -9.8016e-01 -9.3597e-01 -9.8016e-01 -9.3220e-01 -9.8016e-01 -9.7819e-01 -9.7617e-01 -6.4418e-01 9.2228e-01
1.1367e-01 -9.6037e-02 4.3255e-02 2.0418e-01 -3.4296e-01 5.5906e-01 -3.0522e-01 -6.9426e-01 -7.1607e-01 8.4509e-01 7.6272e-01 9.5476e-01 9.3033e-01 2.9751e-01 9.3220e-01 8.8237e-01 9.2588e-01 9.3220e-01 8.8237e-01 -9.3220e-01 -9.3644e-01 -8.8237e-01 -9.2822e-01 -9.3220e-01 -9.0297e-01 -8.8844e-01 -9.3432e-01 -9.3009e-01 -9.3220e-01 -9.3009e-01 -8.8439e-01 -9.3432e-01 -5.0519e-01 9.4017e-01 8.8851e-01 9.3595e-01 8.9047e-01 8.8851e-01 9.3644e-01 9.1698e-01 9.3783e-01 8.8838e-01 8.9242e-01 9.3783e-01 8.8233e-01 9.3783e-01 9.7056e-01 9.4736e-01 1.0000e+00 1.0000e+00 9.8219e-01 9.8219e-01 9.8219e-01 9.8219e-01 -6.7450e-01 9.2843e-01 -9.8016e-01 -9.8016e-01 -9.8016e-01 -9.3597e-01 -9.8016e-01 -9.3220e-01 -9.8016e-01 -9.7819e-01 -9.7617e-01 -6.4418e-01 9.2228e-01
1.1745e-01 -9.3531e-02 4.5927e-02 2.0821e-01 -3.3264e-01 5.3900e-01 -2.9746e-01 -6.7689e-01 -6.9870e-01 8.2608e-01 7.4080e-01 9.3752e-01 9.1270e-01 3.0304e-01 9.1545e-01 8.6453e-01 9.0901e-01 9.1545e-01 8.6453e-01 -9.1545e-01 -9.1976e-01 -8.6453e-01 -9.1146e-01 -9.1545e-01 -8.8567e-01 -8.7072e-01 -9.1760e-01 -9.1330e-01 -9.1545e-01 -9.1330e-01 -8.6659e-01 -9.1760e-01 -4.9619e-01 9.2342e-01 8.7087e-01 9.1913e-01 8.7279e-01 8.7087e-01 9.1976e-01 9.2367e-01 9.2097e-01 8.7058e-01 8.7471e-01 9.2097e-01 8.6441e-01 9.2097e-01 9.5328e-01 9.2843e-01 9.8219e-01 9.8219e-01 1.0000e+00 1.0000e+00 1.0000e+00 1.0000e+00 -6.9509e-01 9.4527e-01 -9.9800e-01 -9.9800e-01 -9.9800e-01 -9.5294e-01 -9.9800e-01 -9.4910e-01 -9.9800e-01 -9.9600e-01 -9.9400e-01 -6.6559e-01 9.3914e-01
