1.0000e+00 9.8802e-01 9.8802e-01 9.8802e-01 6.0618e-01 6.0452e-01 6.0618e-01 6.0452e-01 6.0452e-01 6.0452e-01 5.9013e-01 6.3791e-02 -2.5076e-03 -3.0870e-03 -2.4876e-04 -2.6651e-02 2.4346e-02 -1.0644e-02 -3.9617e-03 1.7775e-02 2.7212e-03 -2.6651e-02 -5.1691e-03 1.5040e-02 3.5935e-03 5.1713e-02 8.0572e-02 -4.9598e-02 -5.3604e-02 -4.5372e-02 -5.9213e-02 -2.6891e-02 2.2737e-02 4.3859e-03 3.9835e-03 2.5649e-02 -1.9181e-02 -1.3558e-02 -3.8315e-02 -2.7331e-02 -7.6461e-02 7.9735e-02 -8.2759e-02 -7.0975e-02 -7.7021e-02 -7.4454e-02 -6.9881e-02 7.4594e-02 7.6934e-02 -7.4454e-02 6.9926e-02 -7.0057e-02 7.0247e-02 -6.7468e-02 -6.7468e-02 -4.8595e-02 2.8270e-02 1.9732e-02 3.2996e-02 -4.3920e-02 -3.3859e-02 -3.4431e-02 -3.4431e-02 -3.5076e-02 -3.4431e-02 -3.4431e-02 -3.1305e-02 -2.8801e-02 -2.6787e-02 -2.1752e-02 8.4546e-03 7.7845e-03 2.0887e-02
9.8802e-01 1.0000e+00 1.0000e+00 1.0000e+00 6.1105e-01 6.0938e-01 6.1105e-01 6.0938e-01 6.0938e-01 6.0938e-01 5.9494e-01 6.6228e-02 -8.0361e-03 -7.5975e-03 -5.5246e-03 -2.6165e-02 2.0211e-02 -8.9946e-03 -5.1681e-03 1.2944e-02 -3.1376e-03 -2.6165e-02 -1.0325e-02 8.6823e-03 -2.6518e-03 4.4317e-02 7.2722e-02 -4.4501e-02 -4.9061e-02 -4.4644e-02 -5.3813e-02 -2.6285e-02 1.8227e-02 5.2631e-03 3.9217e-03 2.6803e-02 -1.9679e-02 -1.3973e-02 -4.7546e-02 -2.4623e-02 -7.6394e-02 7.8430e-02 -8.2805e-02 -7.0995e-02 -7.6991e-02 -7.4404e-02 -6.9828e-02 7.3222e-02 7.5579e-02 -7.4404e-02 6.8519e-02 -7.0168e-02 6.9015e-02 -6.7559e-02 -6.7559e-02 -5.1183e-02 3.3501e-02 -3.9661e-03 3.2530e-02 -4.6355e-02 -3.6407e-02 -3.6773e-02 -3.6773e-02 -3.7476e-02 -3.6773e-02 -3.6773e-02 -3.3616e-02 -3.1139e-02 -2.9485e-02 -2.3673e-02 9.8837e-03 9.1650e-03 1.1857e-02
9.8802e-01 1.0000e+00 1.0000e+00 1.0000e+00 6.1105e-01 6.0938e-01 6.1105e-01 6.0938e-01 6.0938e-01 6.0938e-01 5.9494e-01 6.6228e-02 -8.0361e-03 -7.5975e-03 -5.5246e-03 -2.6165e-02 2.0211e-02 -8.9946e-03 -5.1681e-03 1.2944e-02 -3.1376e-03 -2.6165e-02 -1.0325e-02 8.6823e-03 -2.6518e-03 4.4317e-02 7.2722e-02 -4.4501e-02 -4.9061e-02 -4.4644e-02 -5.3813e-02 -2.6285e-02 1.8227e-02 5.2631e-03 3.9217e-03 2.6803e-02 -1.9679e-02 -1.3973e-02 -4.7546e-02 -2.4623e-02 -7.6394e-02 7.8430e-02 -8.2805e-02 -7.0995e-02 -7.6991e-02 -7.4404e-02 -6.9828e-02 7.3222e-02 7.5579e-02 -7.4404e-02 6.8519e-02 -7.0168e-02 6.9015e-02 -6.7559e-02 -6.7559e-02 -5.1183e-02 3.3501e-02 -3.9661e-03 3.2530e-02 -4.6355e-02 -3.6407e-02 -3.6773e-02 -3.6773e-02 -3.7476e-02 -3.6773e-02 -3.6773e-02 -3.3616e-02 -3.1139e-02 -2.9485e-02 -2.3673e-02 9.8837e-03 9.1650e-03 1.1857e-02
9.8802e-01 1.0000e+00 1.0000e+00 1.0000e+00 6.1105e-01 6.0938e-01 6.1105e-01 6.0938e-01 6.0938e-01 6.0938e-01 5.9494e-01 6.6228e-02 -8.0361e-03 -7.5975e-03 -5.5246e-03 -2.6165e-02 2.0211e-02 -8.9946e-03 -5.1681e-03 1.2944e-02 -3.1376e-03 -2.6165e-02 -1.0325e-02 8.6823e-03 -2.6518e-03 4.4317e-02 7.2722e-02 -4.4501e-02 -4.9061e-02 -4.4644e-02 -5.3813e-02 -2.6285e-02 1.8227e-02 5.2631e-03 3.9217e-03 2.6803e-02 -1.9679e-02 -1.3973e-02 -4.7546e-02 -2.4623e-02 -7.6394e-02 7.8430e-02 -8.2805e-02 -7.0995e-02 -7.6991e-02 -7.4404e-02 -6.9828e-02 7.3222e-02 7.5579e-02 -7.4404e-02 6.8519e-02 -7.0168e-02 6.9015e-02 -6.7559e-02 -6.7559e-02 -5.1183e-02 3.3501e-02 -3.9661e-03 3.2530e-02 -4.6355e-02 -3.6407e-02 -3.6773e-02 -3.6773e-02 -3.7476e-02 -3.6773e-02 -3.6773e-02 -3.3616e-02 -3.1139e-02 -2.9485e-02 -2.3673e-02 9.8837e-03 9.1650e-03 1.1857e-02
6.0618e-01 6.1105e-01 6.1105e-01 6.1105e-01 1.0000e+00 9.9726e-01 1.0000e+00 9.8082e-01 9.8082e-01 9.8082e-01 9.7254e-01 6.1024e-02 4.1309e-02 3.1008e-02 3.0067e-02 -3.5366e-02 3.9123e-02 -1.3396e-02 -3.3527e-02 3.9419e-02 3.3466e-02 -3.5366e-02 2.2138e-02 2.5212e-02 1.8220e-02 6.6011e-03 3.6419e-02 -1.0970e-02 -1.2989e-02 -2.8413e-02 -3.5602e-02 7.9067e-03 1.8104e-02 -2.0597e-02 -6.3044e-03 3.7236e-02 -5.1216e-03 -1.0390e-02 -7.3886e-03 -1.6251e-02 -4.0328e-02 5.0615e-02 -4.3703e-02 -2.8801e-02 -3.7876e-02 -3.3756e-02 -2.8408e-02 4.0347e-02 4.4145e-02 -3.3756e-02 3.7706e-02 -3.3362e-02 3.9894e-02 -2.9202e-02 -2.9202e-02 -2.2908e-02 1.8905e-02 1.1637e-02 1.8550e-02 -1.7215e-02 -1.1006e-02 -2.0289e-03 -2.0289e-03 -5.5025e-03 -2.0289e-03 -2.0289e-03 -3.5897e-03 -2.0289e-03 -3.0376e-03 -1.1942e-02 -5.3392e-03 1.1362e-03 -3.5031e-02
6.0452e-01 6.0938e-01 6.0938e-01 6.0938e-01 9.9726e-01 1.0000e+00 9.9726e-01 9.7805e-01 9.7805e-01 9.7805e-01 9.6972e-01 6.1812e-02 4.3313e-02 2.8564e-02 3.2111e-02 -3.5269e-02 3.6797e-02 -1.1705e-02 -3.1566e-02 3.6885e-02 3.0603e-02 -3.5269e-02 1.9483e-02 2.2173e-02 1.5210e-02 9.1198e-03 3.8830e-02 -1.4621e-02 -1.7080e-02 -2.8232e-02 -3.9080e-02 4.2213e-03 2.0317e-02 -2.4192e-02 -1.0397e-02 3.7622e-02 -9.4681e-03 -1.4695e-02 -6.9493e-03 -1.9028e-02 -4.4363e-02 5.4016e-02 -4.7806e-02 -3.2872e-02 -4.1928e-02 -3.7791e-02 -3.2436e-02 4.3703e-02 4.7514e-02 -3.7791e-02 4.1043e-02 -3.7493e-02 4.3317e-02 -3.3316e-02 -3.3316e-02 -2.8750e-02 2.3247e-02 1.2232e-02 2.2347e-02 -2.2931e-02 -1.6807e-02 -7.6555e-03 -7.6555e-03 -1.1179e-02 -7.6555e-03 -7.6555e-03 -9.1963e-03 -7.6555e-03 -8.9493e-03 -1.7270e-02 -4.9304e-03 1.5402e-03 -3.4624e-02
6.0618e-01 6.1105e-01 6.1105e-01 6.1105e-01 1.0000e+00 9.9726e-01 1.0000e+00 9.8082e-01 9.8082e-01 9.8082e-01 9.7254e-01 6.1024e-02 4.1309e-02 3.1008e-02 3.0067e-02 -3.5366e-02 3.9123e-02 -1.3396e-02 -3.3527e-02 3.9419e-02 3.3466e-02 -3.5366e-02 2.2138e-02 2.5212e-02 1.8220e-02 6.6011e-03 3.6419e-02 -1.0970e-02 -1.2989e-02 -2.8413e-02 -3.5602e-02 7.9067e-03 1.8104e-02 -2.0597e-02 -6.3044e-03 3.7236e-02 -5.1216e-03 -1.0390e-02 -7.3886e-03 -1.6251e-02 -4.0328e-02 5.0615e-02 -4.3703e-02 -2.8801e-02 -3.7876e-02 -3.3756e-02 -2.8408e-02 4.0347e-02 4.4145e-02 -3.3756e-02 3.7706e-02 -3.3362e-02 3.9894e-02 -2.9202e-02 -2.9202e-02 -2.2908e-02 1.8905e-02 1.1637e-02 1.8550e-02 -1.7215e-02 -1.1006e-02 -2.0289e-03 -2.0289e-03 -5.5025e-03 -2.0289e-03 -2.0289e-03 -3.5897e-03 -2.0289e-03 -3.0376e-03 -1.1942e-02 -5.3392e-03 1.1362e-03 -3.5031e-02
6.0452e-01 6.0938e-01 6.0938e-01 6.0938e-01 9.8082e-01 9.7805e-01 9.8082e-01 1.0000e+00 1.0000e+00 1.0000e+00 9.7523e-01 5.3323e-02 4.8063e-02 3.7925e-02 3.6838e-02 -3.5269e-02 5.0813e-02 -2.1506e-02 -4.1014e-02 5.0974e-02 4.4958e-02 -3.5269e-02 3.3634e-02 4.1570e-02 2.9708e-02 -2.4673e-04 2.9487e-02 7.8616e-04 -6.2566e-03 -2.8232e-02 -3.4061e-02 9.3937e-03 2.0317e-02 -2.4192e-02 -1.0397e-02 3.7622e-02 -9.4681e-03 -1.4695e-02 -6.9493e-03 -1.9028e-02 -3.9014e-02 5.4016e-02 -4.2415e-02 -2.2106e-02 -3.1204e-02 -2.7081e-02 -2.1725e-02 3.8751e-02 4.2558e-02 -2.7081e-02 3.6099e-02 -2.6655e-02 3.8330e-02 -2.2492e-02 -2.2492e-02 -1.5254e-02 1.7668e-02 2.2252e-02 2.2347e-02 -9.6311e-03 -3.3506e-03 5.5319e-03 5.5319e-03 2.0829e-03 5.5319e-03 5.5319e-03 3.9544e-03 5.5319e-03 4.7123e-03 -4.5933e-03 8.5846e-03 1.5499e-02 -3.4624e-02
6.0452e-01 6.0938e-01 6.0938e-01 6.0938e-01 9.8082e-01 9.7805e-01 9.8082e-01 1.0000e+00 1.0000e+00 1.0000e+00 9.7523e-01 5.3323e-02 4.8063e-02 3.7925e-02 3.6838e-02 -3.5269e-02 5.0813e-02 -2.1506e-02 -4.1014e-02 5.0974e-02 4.4958e-02 -3.5269e-02 3.3634e-02 4.1570e-02 2.9708e-02 -2.4673e-04 2.9487e-02 7.8616e-04 -6.2566e-03 -2.8232e-02 -3.4061e-02 9.3937e-03 2.0317e-02 -2.4192e-02 -1.0397e-02 3.7622e-02 -9.4681e-03 -1.4695e-02 -6.9493e-03 -1.9028e-02 -3.9014e-02 5.4016e-02 -4.2415e-02 -2.2106e-02 -3.1204e-02 -2.7081e-02 -2.1725e-02 3.8751e-02 4.2558e-02 -2.7081e-02 3.6099e-02 -2.6655e-02 3.8330e-02 -2.2492e-02 -2.2492e-02 -1.5254e-02 1.7668e-02 2.2252e-02 2.2347e-02 -9.6311e-03 -3.3506e-03 5.5319e-03 5.5319e-03 2.0829e-03 5.5319e-03 5.5319e-03 3.9544e-03 5.5319e-03 4.7123e-03 -4.5933e-03 8.5846e-03 1.5499e-02 -3.4624e-02
6.0452e-01 6.0938e-01 6.0938e-01 6.0938e-01 9.8082e-01 9.7805e-01 9.8082e-01 1.0000e+00 1.0000e+00 1.0000e+00 9.7523e-01 5.3323e-02 4.8063e-02 3.7925e-02 3.6838e-02 -3.5269e-02 5.0813e-02 -2.1506e-02 -4.1014e-02 5.0974e-02 4.4958e-02 -3.5269e-02 3.3634e-02 4.1570e-02 2.9708e-02 -2.4673e-04 2.9487e-02 7.8616e-04 -6.2566e-03 -2.8232e-02 -3.4061e-02 9.3937e-03 2.0317e-02 -2.4192e-02 -1.0397e-02 3.7622e-02 -9.4681e-03 -1.4695e-02 -6.9493e-03 -1.9028e-02 -3.9014e-02 5.4016e-02 -4.2415e-02 -2.2106e-02 -3.1204e-02 -2.7081e-02 -2.1725e-02 3.8751e-02 4.2558e-02 -2.7081e-02 3.6099e-02 -2.6655e-02 3.8330e-02 -2.2492e-02 -2.2492e-02 -1.5254e-02 1.7668e-02 2.2252e-02 2.2347e-02 -9.6311e-03 -3.3506e-03 5.5319e-03 5.5319e-03 2.0829e-03 5.5319e-03 5.5319e-03 3.9544e-03 5.5319e-03 4.7123e-03 -4.5933e-03 8.5846e-03 1.5499e-02 -3.4624e-02
5.9013e-01 5.9494e-01 5.9494e-01 5.9494e-01 9.7254e-01 9.6972e-01 9.7254e-01 9.7523e-01 9.7523e-01 9.7523e-01 1.0000e+00 6.4192e-02 3.9823e-02 3.0591e-02 1.9293e-02 -3.4979e-02 4.3857e-02 -1.6448e-02 -3.0393e-02 4.3390e-02 3.6383e-02 -3.4979e-02 2.5686e-02 3.2485e-02 2.0690e-02 7.3128e-03 3.2032e-02 1.5382e-04 -2.2477e-03 -2.7687e-02 -2.4374e-02 1.3881e-02 2.2294e-02 -1.4571e-02 -9.7389e-04 3.8789e-02 -1.0057e-04 -5.3417e-03 -5.6239e-03 -1.7896e-02 -3.5051e-02 4.9313e-02 -3.8532e-02 -1.8123e-02 -2.7229e-02 -2.3077e-02 -1.7698e-02 3.3937e-02 3.7772e-02 -2.3077e-02 3.1250e-02 -2.2746e-02 3.3614e-02 -1.8555e-02 -1.8555e-02 -1.9268e-02 1.9539e-02 3.9616e-03 2.8565e-02 -2.0143e-02 -1.4039e-02 -4.7661e-03 -4.7661e-03 -8.3282e-03 -4.7661e-03 -4.7661e-03 -6.3021e-03 -4.7661e-03 -6.2060e-03 -1.4251e-02 -3.6971e-03 2.7594e-03 -3.3401e-02
6.3791e-02 6.6228e-02 6.6228e-02 6.6228e-02 6.1024e-02 6.1812e-02 6.1024e-02 5.3323e-02 5.3323e-02 5.3323e-02 6.4192e-02 1.0000e+00 3.6794e-02 8.0661e-02 5.0109e-02 -1.8947e-02 6.7395e-02 -3.7592e-02 -4.6126e-02 7.1124e-02 2.5855e-02 -1.8947e-02 9.3061e-03 4.2292e-02 3.8450e-02 -1.0651e-02 6.3212e-04 3.7683e-02 7.9164e-02 -2.8491e-02 5.9634e-02 4.2575e-02 -6.3561e-02 3.2188e-02 4.6431e-02 9.0563e-03 6.3661e-02 6.0428e-02 -1.8870e-02 8.2506e-02 5.5547e-02 -2.7725e-02 5.1770e-02 5.1015e-02 4.8763e-02 4.8017e-02 4.8017e-02 -1.7453e-02 -1.8098e-02 4.8017e-02 -2.3814e-02 5.4814e-02 -2.3301e-02 5.4049e-02 5.4049e-02 -1.6187e-02 4.1519e-02 -1.2172e-02 4.8574e-02 3.7833e-04 -6.5899e-03 -1.2349e-02 -1.2349e-02 -1.0726e-02 -1.2349e-02 -1.2349e-02 -1.3154e-02 -2.1494e-03 8.2347e-03 3.4825e-02 -5.3471e-02 -5.1664e-02 -2.0207e-02
-2.5076e-03 -8.0361e-03 -8.0361e-03 -8.0361e-03 4.1309e-02 4.3313e-02 4.1309e-02 4.8063e-02 4.8063e-02 4.8063e-02 3.9823e-02 3.6794e-02 1.0000e+00 8.6330e-01 9.3495e-01 -5.2620e-02 6.9589e-01 -4.4002e-01 -5.6130e-01 7.2064e-01 8.2262e-01 -5.2620e-02 7.5800e-01 7.9021e-01 8.0238e-01 -3.1511e-01 -2.9129e-01 4.6934e-01 3.8888e-01 -3.6192e-02 3.9250e-01 4.4973e-01 -1.6403e-01 2.7925e-01 3.4911e-01 -3.1726e-02 3.4119e-01 3.3601e-01 8.9849e-02 1.2122e-01 3.5338e-01 -2.3658e-01 3.5827e-01 3.4191e-01 3.2559e-01 3.2328e-01 3.2328e-01 -2.1170e-01 -2.1361e-01 3.2328e-01 -2.0360e-01 2.9752e-01 -1.8592e-01 2.9520e-01 2.9520e-01 2.0829e-01 -6.0954e-02 -4.1224e-02 -3.9453e-02 2.1649e-01 2.2275e-01 2.0195e-01 2.0195e-01 2.0779e-01 2.0195e-01 2.0195e-01 1.9905e-01 1.9053e-01 1.6141e-01 6.7172e-02 -6.6624e-02 -5.8917e-02 -4.4603e-02
-3.0870e-03 -7.5975e-03 -7.5975e-03 -7.5975e-03 3.1008e-02 2.8564e-02 3.1008e-02 3.7925e-02 3.7925e-02 3.7925e-02 3.0591e-02 8.0661e-02 8.6330e-01 1.0000e+00 8.2469e-01 6.7338e-02 7.8976e-01 -5.0713e-01 -6.4221e-01 8.3657e-01 7.2863e-01 6.7338e-02 6.6495e-01 7.1430e-01 7.2506e-01 -2.3709e-01 -2.2249e-01 4.0014e-01 3.4352e-01 -4.6834e-02 3.4096e-01 3.8218e-01 -2.5574e-01 2.3299e-01 2.9993e-01 -4.8005e-02 2.8252e-01 2.9086e-01 6.5903e-02 2.2570e-01 3.0203e-01 -1.9302e-01 3.0811e-01 2.9178e-01 2.7965e-01 2.8172e-01 2.7715e-01 -1.8453e-01 -1.8665e-01 2.8172e-01 -1.8031e-01 2.5833e-01 -1.6545e-01 2.5582e-01 2.5582e-01 1.8103e-01 -4.8785e-02 -6.9698e-02 -3.2816e-02 1.8214e-01 1.8928e-01 1.8394e-01 1.8394e-01 1.9028e-01 1.8394e-01 1.8394e-01 1.8081e-01 1.7270e-01 1.6503e-01 4.6953e-02 -8.6615e-02 -7.8312e-02 -5.6339e-02
-2.4876e-04 -5.5246e-03 -5.5246e-03 -5.5246e-03 3.0067e-02 3.2111e-02 3.0067e-02 3.6838e-02 3.6838e-02 3.6838e-02 1.9293e-02 5.0109e-02 9.3495e-01 8.2469e-01 1.0000e+00 -5.4149e-02 6.8911e-01 -4.7542e-01 -5.9913e-01 7.2822e-01 8.3319e-01 -5.4149e-02 7.5428e-01 8.0265e-01 8.1435e-01 -3.6000e-01 -3.3444e-01 4.7996e-01 4.0350e-01 -3.8696e-02 4.0170e-01 4.6543e-01 -1.9768e-01 2.8581e-01 3.6868e-01 -3.5586e-02 3.6296e-01 3.5740e-01 9.4825e-02 1.7015e-01 3.5358e-01 -2.2424e-01 3.5884e-01 3.3786e-01 3.1682e-01 3.1446e-01 3.1446e-01 -1.9501e-01 -1.9696e-01 3.1446e-01 -1.9112e-01 2.9399e-01 -1.7407e-01 2.9162e-01 2.9162e-01 2.0178e-01 -4.5416e-02 -3.0732e-02 -3.5298e-02 2.2681e-01 2.3350e-01 2.1200e-01 2.1200e-01 2.1233e-01 2.1200e-01 2.1200e-01 2.0901e-01 2.0064e-01 1.7304e-01 7.6306e-02 -5.9687e-02 -5.1465e-02 -4.9894e-02
-2.6651e-02 -2.6165e-02 -2.6165e-02 -2.6165e-02 -3.5366e-02 -3.5269e-02 -3.5366e-02 -3.5269e-02 -3.5269e-02 -3.5269e-02 -3.4979e-02 -1.8947e-02 -5.2620e-02 6.7338e-02 -5.4149e-02 1.0000e+00 6.4451e-02 -4.6252e-02 -5.4369e-02 7.0090e-02 -5.0695e-02 1.0000e+00 7.2682e-02 8.3192e-02 8.2133e-02 -6.7878e-02 -6.3814e-02 -5.8691e-03 -3.6237e-02 -6.0030e-03 -4.3054e-02 -3.9918e-02 -2.7505e-02 -4.1382e-02 -3.6140e-02 -8.9986e-03 -3.4010e-02 -3.4398e-02 -1.2172e-02 4.2459e-02 -3.7107e-02 -9.0024e-02 -3.6527e-02 -3.6623e-02 -3.6914e-02 -3.7010e-02 -3.7010e-02 -8.9220e-02 -8.9420e-02 -3.7010e-02 -8.8823e-02 -3.6140e-02 -9.1045e-02 -3.6237e-02 -3.6237e-02 -2.5404e-02 -1.1671e-01 -1.5628e-02 -1.0199e-01 -2.5929e-02 -2.5509e-02 -2.6241e-02 -2.6241e-02 -2.6033e-02 -2.6241e-02 -2.6241e-02 -2.6345e-02 -2.6241e-02 -2.4981e-02 -2.7783e-02 -1.1266e-02 -1.0885e-02 -1.2346e-02
2.4346e-02 2.0211e-02 2.0211e-02 2.0211e-02 3.9123e-02 3.6797e-02 3.9123e-02 5.0813e-02 5.0813e-02 5.0813e-02 4.3857e-02 6.7395e-02 6.9589e-01 7.8976e-01 6.8911e-01 6.4451e-02 1.0000e+00 -6.7173e-01 -7.9933e-01 8.7557e-01 7.7367e-01 6.4451e-02 8.3856e-01 7.5409e-01 7.6826e-01 -2.4378e-01 -2.3445e-01 4.0628e-01 3.4545e-01 -5.0905e-02 2.8062e-01 3.1862e-01 -2.8029e-01 2.7766e-01 2.4206e-01 -8.2638e-02 2.2987e-01 2.3811e-01 6.8060e-02 1.7609e-01 2.3025e-01 -2.1271e-01 2.3636e-01 2.2922e-01 2.1705e-01 2.1910e-01 2.1910e-01 -2.0381e-01 -2.0181e-01 2.1910e-01 -1.9517e-01 1.9131e-01 -1.7300e-01 1.9340e-01 1.9340e-01 1.7460e-01 -1.2476e-01 -7.1860e-02 -9.8931e-02 1.8650e-01 1.9419e-01 1.8228e-01 1.8228e-01 1.8320e-01 1.8228e-01 1.8228e-01 1.7903e-01 1.7105e-01 1.5906e-01 -4.7474e-03 3.2311e-02 2.1252e-02 -6.4784e-02
-1.0644e-02 -8.9946e-03 -8.9946e-03 -8.9946e-03 -1.3396e-02 -1.1705e-02 -1.3396e-02 -2.1506e-02 -2.1506e-02 -2.1506e-02 -1.6448e-02 -3.7592e-02 -4.4002e-01 -5.0713e-01 -4.7542e-01 -4.6252e-02 -6.7173e-01 1.0000e+00 8.3382e-01 -6.1796e-01 -5.4463e-01 -4.6252e-02 -5.9423e-01 -5.4297e-01 -5.5450e-01 4.0539e-01 4.2446e-01 -3.2824e-01 -2.6037e-01 8.5492e-02 -2.1199e-01 -2.1771e-01 3.7627e-01 -2.0189e-01 -1.5257e-01 4.5149e-02 -1.4418e-01 -1.5022e-01 -5.1205e-02 -2.2783e-01 -1.4814e-01 2.0774e-01 -1.5847e-01 -1.5033e-01 -1.3560e-01 -1.3710e-01 -1.3710e-01 1.9560e-01 1.9420e-01 -1.3710e-01 1.8956e-01 -1.1870e-01 1.7406e-01 -1.2022e-01 -1.2022e-01 -1.3164e-01 1.7710e-01 1.6789e-01 1.4136e-01 -1.4602e-01 -1.5738e-01 -1.3918e-01 -1.3918e-01 -1.4175e-01 -1.3918e-01 -1.3918e-01 -1.3497e-01 -1.2740e-01 -1.2474e-01 1.7706e-02 -9.4326e-02 -8.8726e-02 4.5324e-02
-3.9617e-03 -5.1681e-03 -5.1681e-03 -5.1681e-03 -3.3527e-02 -3.1566e-02 -3.3527e-02 -4.1014e-02 -4.1014e-02 -4.1014e-02 -3.0393e-02 -4.6126e-02 -5.6130e-01 -6.4221e-01 -5.9913e-01 -5.4369e-02 -7.9933e-01 8.3382e-01 1.0000e+00 -7.3933e-01 -6.5338e-01 -5.4369e-02 -7.1149e-01 -6.4102e-01 -6.4948e-01 3.8977e-01 3.7347e-01 -3.7613e-01 -2.9786e-01 6.7707e-02 -2.1913e-01 -2.5871e-01 3.7896e-01 -2.4777e-01 -1.9365e-01 6.4686e-02 -1.8861e-01 -1.9559e-01 -6.8364e-02 -2.1647e-01 -1.9690e-01 2.4906e-01 -2.0515e-01 -1.9758e-01 -1.8424e-01 -1.8597e-01 -1.8597e-01 2.3425e-01 2.3261e-01 -1.8597e-01 2.2475e-01 -1.6566e-01 2.0656e-01 -1.6742e-01 -1.6742e-01 -1.6592e-01 1.7770e-01 1.4943e-01 1.5584e-01 -1.8140e-01 -1.9105e-01 -1.7576e-01 -1.7576e-01 -1.7761e-01 -1.7576e-01 -1.7576e-01 -1.7202e-01 -1.6441e-01 -1.5794e-01 -2.3724e-02 -8.3635e-02 -7.6158e-02 6.6852e-02
1.7775e-02 1.2944e-02 1.2944e-02 1.2944e-02 3.9419e-02 3.6885e-02 3.9419e-02 5.0974e-02 5.0974e-02 5.0974e-02 4.3390e-02 7.1124e-02 7.2064e-01 8.3657e-01 7.2822e-01 7.0090e-02 8.7557e-01 -6.1796e-01 -7.3933e-01 1.0000e+00 8.8599e-01 7.0090e-02 8.2304e-01 8.3420e-01 8.4509e-01 -3.2720e-01 -3.1479e-01 4.6673e-01 4.0002e-01 -4.3193e-02 3.4787e-01 3.8216e-01 -2.7525e-01 2.4251e-01 3.0061e-01 -7.1111e-02 2.8583e-01 2.9456e-01 8.4585e-02 2.4417e-01 2.8075e-01 -1.7922e-01 2.8151e-01 2.7907e-01 2.6264e-01 2.6483e-01 2.6483e-01 -1.7531e-01 -1.7735e-01 2.6483e-01 -1.6703e-01 2.3568e-01 -1.4254e-01 2.3792e-01 2.3792e-01 1.8616e-01 -6.5815e-02 -9.4344e-02 -5.3226e-02 2.0484e-01 2.1181e-01 1.9552e-01 1.9552e-01 1.9604e-01 1.9552e-01 1.9552e-01 1.9245e-01 1.8424e-01 1.6970e-01 1.0444e-02 -7.9777e-02 -7.1687e-02 -4.8716e-02
2.7212e-03 -3.1376e-03 -3.1376e-03 -3.1376e-03 3.3466e-02 3.0603e-02 3.3466e-02 4.4958e-02 4.4958e-02 4.4958e-02 3.6383e-02 2.5855e-02 8.2262e-01 7.2863e-01 8.3319e-01 -5.0695e-02 7.7367e-01 -5.4463e-01 -6.5338e-01 8.8599e-01 1.0000e+00 -5.0695e-02 9.2301e-01 9.2118e-01 9.3347e-01 -4.0875e-01 -3.8678e-01 5.4116e-01 4.5054e-01 -3.2979e-02 3.9852e-01 4.4917e-01 -1.8399e-01 2.7423e-01 3.4905e-01 -5.5919e-02 3.4394e-01 3.3907e-01 1.0854e-01 1.4909e-01 3.3090e-01 -2.1642e-01 3.3512e-01 3.2815e-01 3.1203e-01 3.0980e-01 3.0980e-01 -2.0037e-01 -2.0221e-01 3.0980e-01 -1.9239e-01 2.8762e-01 -1.6926e-01 2.8539e-01 2.8539e-01 2.2458e-01 -8.1252e-02 -6.7411e-02 -6.2454e-02 2.5054e-01 2.5681e-01 2.3592e-01 2.3592e-01 2.3600e-01 2.3592e-01 2.3592e-01 2.3302e-01 2.2442e-01 1.8901e-01 4.5104e-02 -4.8799e-02 -4.0869e-02 -3.7772e-02
-2.6651e-02 -2.6165e-02 -2.6165e-02 -2.6165e-02 -3.5366e-02 -3.5269e-02 -3.5366e-02 -3.5269e-02 -3.5269e-02 -3.5269e-02 -3.4979e-02 -1.8947e-02 -5.2620e-02 6.7338e-02 -5.4149e-02 1.0000e+00 6.4451e-02 -4.6252e-02 -5.4369e-02 7.0090e-02 -5.0695e-02 1.0000e+00 7.2682e-02 8.3192e-02 8.2133e-02 -6.7878e-02 -6.3814e-02 -5.8691e-03 -3.6237e-02 -6.0030e-03 -4.3054e-02 -3.9918e-02 -2.7505e-02 -4.1382e-02 -3.6140e-02 -8.9986e-03 -3.4010e-02 -3.4398e-02 -1.2172e-02 4.2459e-02 -3.7107e-02 -9.0024e-02 -3.6527e-02 -3.6623e-02 -3.6914e-02 -3.7010e-02 -3.7010e-02 -8.9220e-02 -8.9420e-02 -3.7010e-02 -8.8823e-02 -3.6140e-02 -9.1045e-02 -3.6237e-02 -3.6237e-02 -2.5404e-02 -1.1671e-01 -1.5628e-02 -1.0199e-01 -2.5929e-02 -2.5509e-02 -2.6241e-02 -2.6241e-02 -2.6033e-02 -2.6241e-02 -2.6241e-02 -2.6345e-02 -2.6241e-02 -2.4981e-02 -2.7783e-02 -1.1266e-02 -1.0885e-02 -1.2346e-02
-5.1691e-03 -1.0325e-02 -1.0325e-02 -1.0325e-02 2.2138e-02 1.9483e-02 2.2138e-02 3.3634e-02 3.3634e-02 3.3634e-02 2.5686e-02 9.3061e-03 7.5800e-01 6.6495e-01 7.5428e-01 7.2682e-02 8.3856e-01 -5.9423e-01 -7.1149e-01 8.2304e-01 9.2301e-01 7.2682e-02 1.0000e+00 8.6533e-01 8.7663e-01 -3.5825e-01 -3.3590e-01 4.9201e-01 4.0390e-01 -3.9950e-02 3.4383e-01 3.9334e-01 -2.1848e-01 3.2419e-01 2.9932e-01 -6.6278e-02 2.9692e-01 2.9164e-01 9.1921e-02 1.1311e-01 2.8942e-01 -2.7795e-01 2.9438e-01 2.8737e-01 2.7569e-01 2.7796e-01 2.7796e-01 -2.6127e-01 -2.5904e-01 2.7796e-01 -2.5298e-01 2.5274e-01 -2.3254e-01 2.5039e-01 2.5039e-01 2.1311e-01 -1.7198e-01 -8.5823e-02 -1.3863e-01 2.3772e-01 2.4469e-01 2.2273e-01 2.2273e-01 2.2319e-01 2.2273e-01 2.2273e-01 2.1968e-01 2.1139e-01 1.7886e-01 4.2726e-02 5.4101e-02 4.2210e-02 -5.2536e-02
1.5040e-02 8.6823e-03 8.6823e-03 8.6823e-03 2.5212e-02 2.2173e-02 2.5212e-02 4.1570e-02 4.1570e-02 4.1570e-02 3.2485e-02 4.2292e-02 7.9021e-01 7.1430e-01 8.0265e-01 8.3192e-02 7.5409e-01 -5.4297e-01 -6.4102e-01 8.3420e-01 9.2118e-01 8.3192e-02 8.6533e-01 1.0000e+00 9.8300e-01 -4.0210e-01 -3.7905e-01 5.6929e-01 4.6823e-01 -7.2158e-02 3.8721e-01 4.7082e-01 -1.7757e-01 2.7253e-01 3.6048e-01 -4.9027e-02 3.6260e-01 3.5317e-01 9.8115e-02 1.4222e-01 3.3849e-01 -2.3943e-01 3.5159e-01 3.2560e-01 3.0492e-01 3.0280e-01 3.0280e-01 -2.0168e-01 -2.0343e-01 3.0280e-01 -1.9382e-01 2.7429e-01 -1.7352e-01 2.7217e-01 2.7217e-01 2.3128e-01 -8.6742e-02 -5.5043e-02 -5.5044e-02 2.5830e-01 2.6408e-01 2.4389e-01 2.4389e-01 2.4370e-01 2.4389e-01 2.4389e-01 2.4109e-01 2.3224e-01 2.0069e-01 4.6900e-02 -5.1828e-02 -4.4507e-02 -2.7793e-02
3.5935e-03 -2.6518e-03 -2.6518e-03 -2.6518e-03 1.8220e-02 1.5210e-02 1.8220e-02 2.9708e-02 2.9708e-02 2.9708e-02 2.0690e-02 3.8450e-02 8.0238e-01 7.2506e-01 8.1435e-01 8.2133e-02 7.6826e-01 -5.5450e-01 -6.4948e-01 8.4509e-01 9.3347e-01 8.2133e-02 8.7663e-01 9.8300e-01 1.0000e+00 -4.0576e-01 -3.8201e-01 5.5945e-01 4.5958e-01 -7.3089e-02 3.7750e-01 4.6144e-01 -1.8029e-01 2.6354e-01 3.5221e-01 -5.0620e-02 3.5474e-01 3.4527e-01 9.5409e-02 1.4796e-01 3.3011e-01 -2.2997e-01 3.4327e-01 3.2210e-01 3.0141e-01 2.9927e-01 2.9927e-01 -1.9662e-01 -1.9839e-01 2.9927e-01 -1.8874e-01 2.7108e-01 -1.6876e-01 2.6894e-01 2.6894e-01 2.2554e-01 -7.9770e-02 -5.7911e-02 -5.1809e-02 2.5237e-01 2.5821e-01 2.3795e-01 2.3795e-01 2.3780e-01 2.3795e-01 2.3795e-01 2.3513e-01 2.2633e-01 1.9514e-01 4.1316e-02 -5.3855e-02 -4.6484e-02 -3.0112e-02
5.1713e-02 4.4317e-02 4.4317e-02 4.4317e-02 6.6011e-03 9.1198e-03 6.6011e-03 -2.4673e-04 -2.4673e-04 -2.4673e-04 7.3128e-03 -1.0651e-02 -3.1511e-01 -2.3709e-01 -3.6000e-01 -6.7878e-02 -2.4378e-01 4.0539e-01 3.8977e-01 -3.2720e-01 -4.0875e-01 -6.7878e-02 -3.5825e-01 -4.0210e-01 -4.0576e-01 1.0000e+00 9.4012e-01 -6.8159e-01 -5.6535e-01 -1.0207e-01 -4.7936e-01 -4.3598e-01 4.7213e-01 -2.5138e-01 -3.2315e-01 7.5453e-02 -3.1562e-01 -3.0960e-01 2.9097e-02 -3.8612e-01 -3.0688e-01 2.5382e-01 -2.9448e-01 -2.9656e-01 -2.8903e-01 -2.8654e-01 -2.8654e-01 2.3676e-01 2.3890e-01 -2.8654e-01 2.1984e-01 -2.4916e-01 1.9235e-01 -2.5129e-01 -2.5129e-01 -1.3827e-01 1.0550e-01 1.7893e-01 6.4486e-02 -1.5146e-01 -1.4667e-01 -1.3109e-01 -1.3109e-01 -1.3142e-01 -1.3109e-01 -1.3109e-01 -1.3373e-01 -1.2546e-01 -1.5661e-01 -1.3162e-01 8.5240e-02 7.6981e-02 -8.2854e-02
8.0572e-02 7.2722e-02 7.2722e-02 7.2722e-02 3.6419e-02 3.8830e-02 3.6419e-02 2.9487e-02 2.9487e-02 2.9487e-02 3.2032e-02 6.3212e-04 -2.9129e-01 -2.2249e-01 -3.3444e-01 -6.3814e-02 -2.3445e-01 4.2446e-01 3.7347e-01 -3.1479e-01 -3.8678e-01 -6.3814e-02 -3.3590e-01 -3.7905e-01 -3.8201e-01 9.4012e-01 1.0000e+00 -6.4464e-01 -5.3319e-01 -9.5960e-02 -5.6433e-01 -4.0915e-01 4.4099e-01 -2.4509e-01 -2.9631e-01 8.4042e-02 -2.9118e-01 -2.8474e-01 4.0898e-02 -3.4899e-01 -2.9267e-01 2.3953e-01 -2.8105e-01 -2.8300e-01 -2.7512e-01 -2.7251e-01 -2.7251e-01 2.2624e-01 2.2850e-01 -2.7251e-01 2.1332e-01 -2.3634e-01 1.8730e-01 -2.3835e-01 -2.3835e-01 -1.2462e-01 9.5611e-02 1.6813e-01 5.7230e-02 -1.3710e-01 -1.3287e-01 -1.1638e-01 -1.1638e-01 -1.1699e-01 -1.1638e-01 -1.1638e-01 -1.1889e-01 -1.1077e-01 -1.4348e-01 -1.2038e-01 9.6016e-02 8.7406e-02 -1.0229e-01
-4.9598e-02 -4.4501e-02 -4.4501e-02 -4.4501e-02 -1.0970e-02 -1.4621e-02 -1.0970e-02 7.8616e-04 7.8616e-04 7.8616e-04 1.5382e-04 3.7683e-02 4.6934e-01 4.0014e-01 4.7996e-01 -5.8691e-03 4.0628e-01 -3.2824e-01 -3.7613e-01 4.6673e-01 5.4116e-01 -5.8691e-03 4.9201e-01 5.6929e-01 5.5945e-01 -6.8159e-01 -6.4464e-01 1.0000e+00 8.4694e-01 1.4786e-01 6.7998e-01 7.2182e-01 -2.9069e-01 4.6133e-01 5.5036e-01 -6.0203e-02 5.2869e-01 5.1933e-01 1.7404e-02 2.3023e-01 4.9852e-01 -3.8568e-01 5.1126e-01 4.7385e-01 4.5757e-01 4.5552e-01 4.5552e-01 -3.4203e-01 -3.4364e-01 4.5552e-01 -3.2494e-01 4.0329e-01 -2.9134e-01 4.0126e-01 4.0126e-01 2.5945e-01 -1.1155e-01 -1.2144e-01 -8.0377e-02 2.8392e-01 2.7572e-01 2.6377e-01 2.6377e-01 2.6268e-01 2.6377e-01 2.6377e-01 2.6124e-01 2.5143e-01 2.7649e-01 1.3265e-01 -8.9286e-02 -8.4584e-02 -2.1055e-02
-5.3604e-02 -4.9061e-02 -4.9061e-02 -4.9061e-02 -1.2989e-02 -1.7080e-02 -1.2989e-02 -6.2566e-03 -6.2566e-03 -6.2566e-03 -2.2477e-03 7.9164e-02 3.8888e-01 3.4352e-01 4.0350e-01 -3.6237e-02 3.4545e-01 -2.6037e-01 -2.9786e-01 4.0002e-01 4.5054e-01 -3.6237e-02 4.0390e-01 4.6823e-01 4.5958e-01 -5.6535e-01 -5.3319e-01 8.4694e-01 1.0000e+00 1.6566e-01 8.0206e-01 8.4146e-01 -4.5396e-01 5.7414e-01 6.5530e-01 -6.5182e-02 6.2397e-01 6.1468e-01 3.8309e-02 3.5857e-01 5.8095e-01 -4.7428e-01 5.9338e-01 5.5412e-01 5.3746e-01 5.3547e-01 5.3547e-01 -4.2895e-01 -4.3048e-01 5.3547e-01 -4.1128e-01 4.7894e-01 -3.7404e-01 4.7697e-01 4.7697e-01 3.0843e-01 -1.6817e-01 -9.2452e-02 -1.4377e-01 3.3518e-01 3.2578e-01 3.1451e-01 3.1451e-01 3.1298e-01 3.1451e-01 3.1451e-01 3.1203e-01 3.0150e-01 3.2562e-01 1.7912e-01 -6.2282e-02 -5.7513e-02 -3.8646e-02
-4.5372e-02 -4.4644e-02 -4.4644e-02 -4.4644e-02 -2.8413e-02 -2.8232e-02 -2.8413e-02 -2.8232e-02 -2.8232e-02 -2.8232e-02 -2.7687e-02 -2.8491e-02 -3.6192e-02 -4.6834e-02 -3.8696e-02 -6.0030e-03 -5.0905e-02 8.5492e-02 6.7707e-02 -4.3193e-02 -3.2979e-02 -6.0030e-03 -3.9950e-02 -7.2158e-02 -7.3089e-02 -1.0207e-01 -9.5960e-02 1.4786e-01 1.6566e-01 1.0000e+00 1.3943e-01 1.5038e-01 -8.8969e-02 1.4506e-01 1.6610e-01 -1.3532e-02 1.7651e-01 1.7452e-01 4.9318e-01 1.1200e-01 1.6178e-01 -1.3537e-01 1.6435e-01 1.1525e-01 1.1415e-01 1.1379e-01 1.1379e-01 -8.9399e-02 -8.9666e-02 1.1379e-01 -6.6518e-02 9.2621e-02 -6.9295e-02 9.2277e-02 9.2277e-02 1.4480e-01 -9.9860e-02 -2.3501e-02 -8.2627e-02 1.4135e-01 1.1369e-01 1.3936e-01 1.3936e-01 1.4068e-01 1.3936e-01 1.3936e-01 1.3870e-01 1.3936e-01 1.4768e-01 1.5521e-02 -1.6942e-02 -1.6369e-02 -1.8566e-02
-5.9213e-02 -5.3813e-02 -5.3813e-02 -5.3813e-02 -3.5602e-02 -3.9080e-02 -3.5602e-02 -3.4061e-02 -3.4061e-02 -3.4061e-02 -2.4374e-02 5.9634e-02 3.9250e-01 3.4096e-01 4.0170e-01 -4.3054e-02 2.8062e-01 -2.1199e-01 -2.1913e-01 3.4787e-01 3.9852e-01 -4.3054e-02 3.4383e-01 3.8721e-01 3.7750e-01 -4.7936e-01 -5.6433e-01 6.7998e-01 8.0206e-01 1.3943e-01 1.0000e+00 7.9944e-01 -4.5399e-01 6.1163e-01 6.3620e-01 -8.1747e-02 6.1079e-01 6.0057e-01 1.8221e-02 3.2261e-01 6.0750e-01 -4.8937e-01 5.9204e-01 5.8478e-01 5.7293e-01 5.7064e-01 5.7064e-01 -4.7309e-01 -4.7488e-01 5.7064e-01 -4.6048e-01 5.2220e-01 -4.2098e-01 5.2488e-01 5.2488e-01 2.6295e-01 -1.6175e-01 -9.5234e-02 -1.3136e-01 2.7381e-01 2.6637e-01 2.5370e-01 2.5370e-01 2.5291e-01 2.5370e-01 2.5370e-01 2.5109e-01 2.4164e-01 2.6785e-01 2.6269e-01 -9.6784e-02 -9.1867e-02 -8.3144e-03
-2.6891e-02 -2.6285e-02 -2.6285e-02 -2.6285e-02 7.9067e-03 4.2213e-03 7.9067e-03 9.3937e-03 9.3937e-03 9.3937e-03 1.3881e-02 4.2575e-02 4.4973e-01 3.8218e-01 4.6543e-01 -3.9918e-02 3.1862e-01 -2.1771e-01 -2.5871e-01 3.8216e-01 4.4917e-01 -3.9918e-02 3.9334e-01 4.7082e-01 4.6144e-01 -4.3598e-01 -4.0915e-01 7.2182e-01 8.4146e-01 1.5038e-01 7.9944e-01 1.0000e+00 -4.9896e-01 7.1968e-01 8.1851e-01 -7.4211e-02 7.8341e-01 7.7259e-01 2.9307e-01 4.1900e-01 7.1280e-01 -5.9121e-01 7.2706e-01 6.7899e-01 6.5686e-01 6.5458e-01 6.5458e-01 -5.3743e-01 -5.3917e-01 6.5458e-01 -5.2000e-01 6.0399e-01 -4.8742e-01 6.0172e-01 6.0172e-01 3.8835e-01 -2.2586e-01 -9.9607e-02 -1.9376e-01 4.1137e-01 4.1075e-01 3.9636e-01 3.9636e-01 3.9591e-01 3.9636e-01 3.9636e-01 3.9349e-01 3.8393e-01 3.4252e-01 2.4792e-01 -8.7180e-02 -8.2537e-02 -4.1586e-02
2.2737e-02 1.8227e-02 1.8227e-02 1.8227e-02 1.8104e-02 2.0317e-02 1.8104e-02 2.0317e-02 2.0317e-02 2.0317e-02 2.2294e-02 -6.3561e-02 -1.6403e-01 -2.5574e-01 -1.9768e-01 -2.7505e-02 -2.8029e-01 3.7627e-01 3.7896e-01 -2.7525e-01 -1.8399e-01 -2.7505e-02 -2.1848e-01 -1.7757e-01 -1.8029e-01 4.7213e-01 4.4099e-01 -2.9069e-01 -4.5396e-01 -8.8969e-02 -4.5399e-01 -4.9896e-01 1.0000e+00 -5.8723e-01 -5.0326e-01 1.5209e-01 -4.6586e-01 -4.7185e-01 -1.6967e-01 -7.2572e-01 -4.9520e-01 5.7247e-01 -4.8618e-01 -4.7391e-01 -4.6475e-01 -4.6629e-01 -4.6629e-01 5.3640e-01 5.3482e-01 -4.6629e-01 5.2268e-01 -4.1543e-01 4.7969e-01 -4.1702e-01 -4.1702e-01 -2.9016e-01 3.6892e-01 1.8722e-01 3.2198e-01 -2.9352e-01 -2.9198e-01 -2.7642e-01 -2.7642e-01 -2.7836e-01 -2.7642e-01 -2.7642e-01 -2.7827e-01 -2.7080e-01 -2.7118e-01 -2.3333e-01 -7.4742e-02 -6.6071e-02 7.5549e-03
4.3859e-03 5.2631e-03 5.2631e-03 5.2631e-03 -2.0597e-02 -2.4192e-02 -2.0597e-02 -2.4192e-02 -2.4192e-02 -2.4192e-02 -1.4571e-02 3.2188e-02 2.7925e-01 2.3299e-01 2.8581e-01 -4.1382e-02 2.7766e-01 -2.0189e-01 -2.4777e-01 2.4251e-01 2.7423e-01 -4.1382e-02 3.2419e-01 2.7253e-01 2.6354e-01 -2.5138e-01 -2.4509e-01 4.6133e-01 5.7414e-01 1.4506e-01 6.1163e-01 7.1968e-01 -5.8723e-01 1.0000e+00 8.6829e-01 -9.3281e-02 8.1145e-01 8.2089e-01 2.9414e-01 4.6432e-01 6.2850e-01 -6.7492e-01 6.1239e-01 6.0008e-01 5.8331e-01 5.8604e-01 5.8604e-01 -6.3059e-01 -6.2783e-01 5.8604e-01 -6.1313e-01 5.1101e-01 -5.5949e-01 5.1384e-01 5.1384e-01 2.6926e-01 -3.1887e-01 -9.6873e-02 -2.7247e-01 2.8695e-01 2.8533e-01 2.7289e-01 2.7289e-01 2.7197e-01 2.7289e-01 2.7289e-01 2.7029e-01 2.6064e-01 2.1675e-01 1.4754e-01 1.2165e-01 1.0751e-01 -3.5804e-02
3.9835e-03 3.9217e-03 3.9217e-03 3.9217e-03 -6.3044e-03 -1.0397e-02 -6.3044e-03 -1.0397e-02 -1.0397e-02 -1.0397e-02 -9.7389e-04 4.6431e-02 3.4911e-01 2.9993e-01 3.6868e-01 -3.6140e-02 2.4206e-01 -1.5257e-01 -1.9365e-01 3.0061e-01 3.4905e-01 -3.6140e-02 2.9932e-01 3.6048e-01 3.5221e-01 -3.2315e-01 -2.9631e-01 5.5036e-01 6.5530e-01 1.6610e-01 6.3620e-01 8.1851e-01 -5.0326e-01 8.6829e-01 1.0000e+00 -8.1464e-02 9.3553e-01 9.4630e-01 3.3680e-01 5.7608e-01 7.0985e-01 -5.9426e-01 7.2326e-01 6.7316e-01 6.5074e-01 6.4860e-01 6.4860e-01 -5.2897e-01 -5.3057e-01 6.4860e-01 -5.1114e-01 5.7723e-01 -4.5985e-01 5.7513e-01 5.7513e-01 3.0978e-01 -1.6413e-01 -7.2216e-02 -1.3509e-01 3.3658e-01 3.3379e-01 3.2240e-01 3.2240e-01 3.2091e-01 3.2240e-01 3.2240e-01 3.1991e-01 3.0938e-01 2.5952e-01 1.3656e-01 -7.5301e-02 -7.0978e-02 -6.2756e-02
2.5649e-02 2.6803e-02 2.6803e-02 2.6803e-02 3.7236e-02 3.7622e-02 3.7236e-02 3.7622e-02 3.7622e-02 3.7622e-02 3.8789e-02 9.0563e-03 -3.1726e-02 -4.8005e-02 -3.5586e-02 -8.9986e-03 -8.2638e-02 4.5149e-02 6.4686e-02 -7.1111e-02 -5.5919e-02 -8.9986e-03 -6.6278e-02 -4.9027e-02 -5.0620e-02 7.5453e-02 8.4042e-02 -6.0203e-02 -6.5182e-02 -1.3532e-02 -8.1747e-02 -7.4211e-02 1.5209e-01 -9.3281e-02 -8.1464e-02 1.0000e+00 -7.6663e-02 -7.7537e-02 -2.7437e-02 -1.2082e-01 -8.3644e-02 9.9958e-02 -8.2336e-02 -8.2554e-02 -8.3208e-02 -8.3426e-02 -8.3426e-02 1.0086e-01 1.0063e-01 -8.3426e-02 1.0131e-01 -8.1464e-02 9.8836e-02 -8.1682e-02 -8.1682e-02 -5.7264e-02 7.7100e-02 -4.6768e-03 5.6416e-02 -5.8447e-02 -5.7501e-02 -5.9151e-02 -5.9151e-02 -5.8682e-02 -5.9151e-02 -5.9151e-02 -5.9385e-02 -5.9151e-02 -5.6310e-02 -6.2626e-02 -2.5395e-02 -2.4537e-02 -2.7830e-02
-1.9181e-02 -1.9679e-02 -1.9679e-02 -1.9679e-02 -5.1216e-03 -9.4681e-03 -5.1216e-03 -9.4681e-03 -9.4681e-03 -9.4681e-03 -1.0057e-04 6.3661e-02 3.4119e-01 2.8252e-01 3.6296e-01 -3.4010e-02 2.2987e-01 -1.4418e-01 -1.8861e-01 2.8583e-01 3.4394e-01 -3.4010e-02 2.9692e-01 3.6260e-01 3.5474e-01 -3.1562e-01 -2.9118e-01 5.2869e-01 6.2397e-01 1.7651e-01 6.1079e-01 7.8341e-01 -4.6586e-01 8.1145e-01 9.3553e-01 -7.6663e-02 1.0000e+00 9.8872e-01 3.5790e-01 6.2486e-01 7.6381e-01 -6.2513e-01 7.7718e-01 7.2552e-01 7.0261e-01 7.0048e-01 7.0048e-01 -5.5811e-01 -5.5966e-01 7.0048e-01 -5.3989e-01 6.2606e-01 -4.8581e-01 6.2397e-01 6.2397e-01 3.4096e-01 -1.6942e-01 -9.2269e-02 -1.3472e-01 3.6907e-01 3.6585e-01 3.5470e-01 3.5470e-01 3.5298e-01 3.5470e-01 3.5470e-01 3.5220e-01 3.4125e-01 2.8871e-01 1.5114e-01 -6.8417e-02 -6.4269e-02 -6.7221e-02
-1.3558e-02 -1.3973e-02 -1.3973e-02 -1.3973e-02 -1.0390e-02 -1.4695e-02 -1.0390e-02 -1.4695e-02 -1.4695e-02 -1.4695e-02 -5.3417e-03 6.0428e-02 3.3601e-01 2.9086e-01 3.5740e-01 -3.4398e-02 2.3811e-01 -1.5022e-01 -1.9559e-01 2.9456e-01 3.3907e-01 -3.4398e-02 2.9164e-01 3.5317e-01 3.4527e-01 -3.0960e-01 -2.8474e-01 5.1933e-01 6.1468e-01 1.7452e-01 6.0057e-01 7.7259e-01 -4.7185e-01 8.2089e-01 9.4630e-01 -7.7537e-02 9.8872e-01 1.0000e+00 3.5386e-01 6.3216e-01 7.5353e-01 -6.3475e-01 7.6690e-01 7.1555e-01 6.9273e-01 6.9060e-01 6.9060e-01 -5.6803e-01 -5.6960e-01 6.9060e-01 -5.4987e-01 6.1677e-01 -4.9645e-01 6.1468e-01 6.1468e-01 3.3505e-01 -1.8586e-01 -9.4041e-02 -1.4917e-01 3.6291e-01 3.5976e-01 3.4857e-01 3.4857e-01 3.4689e-01 3.4857e-01 3.4857e-01 3.4608e-01 3.3521e-01 2.8318e-01 1.4604e-01 -6.9682e-02 -6.5503e-02 -6.8655e-02
-3.8315e-02 -4.7546e-02 -4.7546e-02 -4.7546e-02 -7.3886e-03 -6.9493e-03 -7.3886e-03 -6.9493e-03 -6.9493e-03 -6.9493e-03 -5.6239e-03 -1.8870e-02 8.9849e-02 6.5903e-02 9.4825e-02 -1.2172e-02 6.8060e-02 -5.1205e-02 -6.8364e-02 8.4585e-02 1.0854e-01 -1.2172e-02 9.1921e-02 9.8115e-02 9.5409e-02 2.9097e-02 4.0898e-02 1.7404e-02 3.8309e-02 4.9318e-01 1.8221e-02 2.9307e-01 -1.6967e-01 2.9414e-01 3.3680e-01 -2.7437e-02 3.5790e-01 3.5386e-01 1.0000e+00 2.2709e-01 3.1577e-01 -2.6311e-01 3.2088e-01 2.8302e-01 2.6831e-01 2.6753e-01 2.6753e-01 -2.1531e-01 -2.1588e-01 2.6753e-01 -2.0285e-01 2.6230e-01 -2.0906e-01 2.6150e-01 2.6150e-01 3.8637e-01 -2.7917e-01 -2.4693e-02 -2.3926e-01 3.7803e-01 3.6925e-01 3.7321e-01 3.7321e-01 3.7640e-01 3.7321e-01 3.7321e-01 3.7163e-01 3.7321e-01 2.0554e-01 3.1471e-02 -3.4351e-02 -3.3191e-02 -3.7645e-02
-2.7331e-02 -2.4623e-02 -2.4623e-02 -2.4623e-02 -1.6251e-02 -1.9028e-02 -1.6251e-02 -1.9028e-02 -1.9028e-02 -1.9028e-02 -1.7896e-02 8.2506e-02 1.2122e-01 2.2570e-01 1.7015e-01 4.2459e-02 1.7609e-01 -2.2783e-01 -2.1647e-01 2.4417e-01 1.4909e-01 4.2459e-02 1.1311e-01 1.4222e-01 1.4796e-01 -3.8612e-01 -3.4899e-01 2.3023e-01 3.5857e-01 1.1200e-01 3.2261e-01 4.1900e-01 -7.2572e-01 4.6432e-01 5.7608e-01 -1.2082e-01 6.2486e-01 6.3216e-01 2.2709e-01 1.0000e+00 5.3080e-01 -3.9880e-01 5.1871e-01 5.0215e-01 4.8514e-01 4.8258e-01 4.8258e-01 -3.5627e-01 -3.5832e-01 4.8258e-01 -3.4364e-01 4.3582e-01 -3.0180e-01 4.3327e-01 4.3327e-01 2.3527e-01 -1.2314e-01 -1.5796e-01 -9.5608e-02 2.5426e-01 2.4955e-01 2.3928e-01 2.3928e-01 2.3970e-01 2.3928e-01 2.3928e-01 2.4192e-01 2.3359e-01 2.2444e-01 1.7382e-01 -9.2966e-02 -8.5941e-02 -4.8006e-02
-7.6461e-02 -7.6394e-02 -7.6394e-02 -7.6394e-02 -4.0328e-02 -4.4363e-02 -4.0328e-02 -3.9014e-02 -3.9014e-02 -3.9014e-02 -3.5051e-02 5.5547e-02 3.5338e-01 3.0203e-01 3.5358e-01 -3.7107e-02 2.3025e-01 -1.4814e-01 -1.9690e-01 2.8075e-01 3.3090e-01 -3.7107e-02 2.8942e-01 3.3849e-01 3.3011e-01 -3.0688e-01 -2.9267e-01 4.9852e-01 5.8095e-01 1.6178e-01 6.0750e-01 7.1280e-01 -4.9520e-01 6.2850e-01 7.0985e-01 -8.3644e-02 7.6381e-01 7.5353e-01 3.1577e-01 5.3080e-01 1.0000e+00 -8.3680e-01 9.8436e-01 9.4500e-01 9.2162e-01 9.1910e-01 9.1910e-01 -7.5693e-01 -7.5873e-01 9.1910e-01 -7.4371e-01 8.5774e-01 -6.9563e-01 8.5523e-01 8.5523e-01 5.9912e-01 -4.0522e-01 -1.4527e-01 -3.0736e-01 5.6913e-01 5.6286e-01 5.4652e-01 5.4652e-01 5.5292e-01 5.4652e-01 5.4652e-01 5.4336e-01 5.3367e-01 4.8680e-01 3.5335e-01 -7.8378e-02 -7.3974e-02 -3.0103e-02
7.9735e-02 7.8430e-02 7.8430e-02 7.8430e-02 5.0615e-02 5.4016e-02 5.0615e-02 5.4016e-02 5.4016e-02 5.4016e-02 4.9313e-02 -2.7725e-02 -2.3658e-01 -1.9302e-01 -2.2424e-01 -9.0024e-02 -2.1271e-01 2.0774e-01 2.4906e-01 -1.7922e-01 -2.1642e-01 -9.0024e-02 -2.7795e-01 -2.3943e-01 -2.2997e-01 2.5382e-01 2.3953e-01 -3.8568e-01 -4.7428e-01 -1.3537e-01 -4.8937e-01 -5.9121e-01 5.7247e-01 -6.7492e-01 -5.9426e-01 9.9958e-02 -6.2513e-01 -6.3475e-01 -2.6311e-01 -3.9880e-01 -8.3680e-01 1.0000e+00 -8.2371e-01 -7.9179e-01 -7.8390e-01 -7.8130e-01 -7.8130e-01 9.1040e-01 9.0807e-01 -7.8130e-01 8.9715e-01 -7.2670e-01 8.5338e-01 -7.2410e-01 -7.2410e-01 -5.1791e-01 6.4004e-01 1.7360e-01 5.0962e-01 -4.8239e-01 -4.7783e-01 -4.6047e-01 -4.6047e-01 -4.6703e-01 -4.6047e-01 -4.6047e-01 -4.5722e-01 -4.4853e-01 -4.0878e-01 -2.9378e-01 -1.4397e-01 -1.3177e-01 2.4830e-02
-8.2759e-02 -8.2805e-02 -8.2805e-02 -8.2805e-02 -4.3703e-02 -4.7806e-02 -4.3703e-02 -4.2415e-02 -4.2415e-02 -4.2415e-02 -3.8532e-02 5.1770e-02 3.5827e-01 3.0811e-01 3.5884e-01 -3.6527e-02 2.3636e-01 -1.5847e-01 -2.0515e-01 2.8151e-01 3.3512e-01 -3.6527e-02 2.9438e-01 3.5159e-01 3.4327e-01 -2.9448e-01 -2.8105e-01 5.1126e-01 5.9338e-01 1.6435e-01 5.9204e-01 7.2706e-01 -4.8618e-01 6.1239e-01 7.2326e-01 -8.2336e-02 7.7718e-01 7.6690e-01 3.2088e-01 5.1871e-01 9.8436e-01 -8.2371e-01 1.0000e+00 9.3391e-01 9.1052e-01 9.0803e-01 9.0803e-01 -7.4340e-01 -7.4517e-01 9.0803e-01 -7.3016e-01 8.4569e-01 -6.8123e-01 8.4322e-01 8.4322e-01 6.0932e-01 -3.8296e-01 -1.4300e-01 -2.8754e-01 5.7922e-01 5.7281e-01 5.5650e-01 5.5650e-01 5.6291e-01 5.5650e-01 5.5650e-01 5.5333e-01 5.4355e-01 4.9604e-01 3.3103e-01 -7.6535e-02 -7.2180e-02 -2.7648e-02
-7.0975e-02 -7.0995e-02 -7.0995e-02 -7.0995e-02 -2.8801e-02 -3.2872e-02 -2.8801e-02 -2.2106e-02 -2.2106e-02 -2.2106e-02 -1.8123e-02 5.1015e-02 3.4191e-01 2.9178e-01 3.3786e-01 -3.6623e-02 2.2922e-01 -1.5033e-01 -1.9758e-01 2.7907e-01 3.2815e-01 -3.6623e-02 2.8737e-01 3.2560e-01 3.2210e-01 -2.9656e-01 -2.8300e-01 4.7385e-01 5.5412e-01 1.1525e-01 5.8478e-01 6.7899e-01 -4.7391e-01 6.0008e-01 6.7316e-01 -8.2554e-02 7.2552e-01 7.1555e-01 2.8302e-01 5.0215e-01 9.4500e-01 -7.9179e-01 9.3391e-01 1.0000e+00 9.7636e-01 9.7379e-01 9.7379e-01 -8.0395e-01 -8.0577e-01 9.7379e-01 -7.8577e-01 9.0174e-01 -7.3255e-01 9.0450e-01 9.0450e-01 6.2746e-01 -4.3046e-01 -1.4337e-01 -3.2156e-01 5.9056e-01 5.7773e-01 5.6128e-01 5.6128e-01 5.6773e-01 5.6128e-01 5.6128e-01 5.5810e-01 5.4835e-01 5.0118e-01 3.5445e-01 -7.6843e-02 -7.2480e-02 -4.0232e-02
-7.7021e-02 -7.6991e-02 -7.6991e-02 -7.6991e-02 -3.7876e-02 -4.1928e-02 -3.7876e-02 -3.1204e-02 -3.1204e-02 -3.1204e-02 -2.7229e-02 4.8763e-02 3.2559e-01 2.7965e-01 3.1682e-01 -3.6914e-02 2.1705e-01 -1.3560e-01 -1.8424e-01 2.6264e-01 3.1203e-01 -3.6914e-02 2.7569e-01 3.0492e-01 3.0141e-01 -2.8903e-01 -2.7512e-01 4.5757e-01 5.3746e-01 1.1415e-01 5.7293e-01 6.5686e-01 -4.6475e-01 5.8331e-01 6.5074e-01 -8.3208e-02 7.0261e-01 6.9273e-01 2.6831e-01 4.8514e-01 9.2162e-01 -7.8390e-01 9.1052e-01 9.7636e-01 1.0000e+00 9.9739e-01 9.9215e-01 -8.2501e-01 -8.2685e-01 9.9739e-01 -8.0684e-01 9.2609e-01 -7.5418e-01 9.2878e-01 9.2878e-01 6.6183e-01 -4.5779e-01 -1.4451e-01 -3.3646e-01 6.1145e-01 5.9902e-01 5.8203e-01 5.8203e-01 5.8862e-01 5.8203e-01 5.8203e-01 5.7877e-01 5.6914e-01 5.0988e-01 3.6245e-01 -7.7764e-02 -7.3377e-02 -2.9288e-02
-7.4454e-02 -7.4404e-02 -7.4404e-02 -7.4404e-02 -3.3756e-02 -3.7791e-02 -3.3756e-02 -2.7081e-02 -2.7081e-02 -2.7081e-02 -2.3077e-02 4.8017e-02 3.2328e-01 2.8172e-01 3.1446e-01 -3.7010e-02 2.1910e-01 -1.3710e-01 -1.8597e-01 2.6483e-01 3.0980e-01 -3.7010e-02 2.7796e-01 3.0280e-01 2.9927e-01 -2.8654e-01 -2.7251e-01 4.5552e-01 5.3547e-01 1.1379e-01 5.7064e-01 6.5458e-01 -4.6629e-01 5.8604e-01 6.4860e-01 -8.3426e-02 7.0048e-01 6.9060e-01 2.6753e-01 4.8258e-01 9.1910e-01 -7.8130e-01 9.0803e-01 9.7379e-01 9.9739e-01 1.0000e+00 9.9477e-01 -8.2717e-01 -8.2902e-01 1.0000e+00 -8.0901e-01 9.2360e-01 -7.5650e-01 9.2628e-01 9.2628e-01 6.6006e-01 -4.6141e-01 -1.4489e-01 -3.3462e-01 6.0973e-01 5.9733e-01 5.8033e-01 5.8033e-01 5.8692e-01 5.8033e-01 5.8033e-01 5.7708e-01 5.6747e-01 5.0832e-01 3.6717e-01 -7.8071e-02 -7.3676e-02 -2.9696e-02
-6.9881e-02 -6.9828e-02 -6.9828e-02 -6.9828e-02 -2.8408e-02 -3.2436e-02 -2.8408e-02 -2.1725e-02 -2.1725e-02 -2.1725e-02 -1.7698e-02 4.8017e-02 3.2328e-01 2.7715e-01 3.1446e-01 -3.7010e-02 2.1910e-01 -1.3710e-01 -1.8597e-01 2.6483e-01 3.0980e-01 -3.7010e-02 2.7796e-01 3.0280e-01 2.9927e-01 -2.8654e-01 -2.7251e-01 4.5552e-01 5.3547e-01 1.1379e-01 5.7064e-01 6.5458e-01 -4.6629e-01 5.8604e-01 6.4860e-01 -8.3426e-02 7.0048e-01 6.9060e-01 2.6753e-01 4.8258e-01 9.1910e-01 -7.8130e-01 9.0803e-01 9.7379e-01 9.9215e-01 9.9477e-01 1.0000e+00 -8.2717e-01 -8.2902e-01 9.9477e-01 -8.0901e-01 9.2360e-01 -7.5163e-01 9.2628e-01 9.2628e-01 6.5348e-01 -4.6141e-01 -1.4489e-01 -3.3971e-01 6.0973e-01 5.9733e-01 5.8033e-01 5.8033e-01 5.8692e-01 5.8033e-01 5.8033e-01 5.7708e-01 5.6747e-01 5.0832e-01 3.6717e-01 -7.8071e-02 -7.3676e-02 -2.9696e-02
