1.0000e+00 9.7733e-01 -3.3570e-02 8.4672e-01 -1.0694e-01 8.7920e-01 -1.0694e-01 -9.7162e-02 8.7640e-01 -7.8819e-02 -8.0617e-02 8.6405e-01 7.5528e-01 2.1821e-01 2.0527e-01 6.4698e-01 6.1220e-01 3.4782e-01 5.0933e-01 2.1584e-01 6.4109e-01 6.4109e-01 2.0274e-01 2.0278e-01 2.0278e-01 3.8835e-01 3.9050e-01 3.9050e-01 -2.2753e-01 3.2665e-02 3.1819e-02 3.6785e-01 1.5377e-01 2.3839e-01 -1.4665e-01 -4.2256e-02 1.1576e-01 -4.3748e-02 1.1202e-01 1.4258e-02 7.4543e-04 -3.7606e-03 -3.7606e-03 -3.7606e-03 -3.7606e-03 -4.5166e-03 -4.5166e-03 2.0263e-02 -5.2731e-03 -3.4805e-03 -3.4805e-03 4.1581e-03 4.1581e-03 4.1581e-03 4.1581e-03 9.3805e-03 8.6349e-03 3.3855e-02 1.0357e-01 1.0357e-01 -6.3146e-02 3.4597e-02 1.5666e-01 1.1795e-01 1.1795e-01 1.3323e-01 1.1795e-01 4.8381e-02 6.6306e-03 1.3183e-01 1.3183e-01 -7.8791e-02 1.2551e-01 2.5073e-01 -6.7275e-03 1.0357e-01 -1.3345e-02 -2.1764e-02 1.7842e-01 1.3354e-01 -1.8592e-02 9.7352e-02 2.0845e-03 2.0845e-03 -5.3296e-04 9.7352e-02 1.8903e-01 2.8403e-02 2.8093e-02 1.3950e-02 1.0923e-01 1.5214e-01 7.7181e-02 -1.3345e-02 -3.5903e-02 -3.2469e-02 1.6183e-03 -3.5489e-02 -2.7710e-02 -2.8507e-02 -3.8803e-02 1.0212e-02 -5.5490e-02 -5.5490e-02 -3.1236e-02 -4.4427e-02 -6.3377e-02 -3.1236e-02 -5.6698e-02 -3.6459e-02 -5.7150e-02 -4.1951e-02 -6.1469e-02 -2.6040e-02 -1.1813e-02 6.5045e-02 1.3985e-02 -5.7358e-03 -5.4136e-02 4.4181e-03 1.0460e-02 -9.0742e-02 -8.9177e-02 -5.9040e-02 5.9738e-02 -5.9040e-02 -9.1521e-02 -5.9040e-02 9.5915e-04 -7.5330e-02 -9.0742e-02 -6.1018e-02 -9.7993e-02 -9.7993e-02 -6.1018e-02 -6.1018e-02 -5.9040e-02 -5.9040e-02 -5.9040e-02 -1.1475e-03 -7.7687e-02 -9.7993e-02 -7.5923e-02 -7.6808e-02 -7.6808e-02 -7.5923e-02 -7.5923e-02 9.5915e-04 -6.8184e-02 -7.5923e-02 -7.5923e-02 -7.7687e-02 -7.5923e-02 -7.5034e-02 -7.4139e-02 -7.5034e-02 -6.6347e-02 7.4453e-02 -7.4139e-02 -1.6892e-02 -7.4139e-02 -1.1475e-03 -7.3240e-02
9.7733e-01 1.0000e+00 -3.4032e-02 8.7157e-01 -1.1915e-01 9.0233e-01 -1.1915e-01 -1.0944e-01 8.9918e-01 -9.1182e-02 -9.2898e-02 8.8774e-01 7.7671e-01 2.2586e-01 2.1303e-01 6.6253e-01 6.2630e-01 3.4303e-01 5.0180e-01 2.2346e-01 6.5652e-01 6.5652e-01 2.1032e-01 2.0905e-01 2.0905e-01 3.9925e-01 4.0871e-01 4.0871e-01 -2.3187e-01 4.4329e-02 4.3490e-02 3.8572e-01 1.7879e-01 2.5293e-01 -1.5819e-01 -5.4183e-02 1.3138e-01 -4.9350e-02 1.2774e-01 2.8195e-02 9.7346e-03 1.0016e-02 1.0016e-02 1.0016e-02 1.0016e-02 9.2544e-03 9.2544e-03 2.7473e-02 8.4920e-03 1.1026e-02 1.1026e-02 1.8491e-02 1.8491e-02 1.8491e-02 1.8491e-02 2.3772e-02 2.3018e-02 4.1734e-02 7.6713e-02 7.6713e-02 -6.4377e-02 4.2486e-02 1.6676e-01 1.2787e-01 1.2787e-01 1.4290e-01 1.2787e-01 5.6867e-02 -9.8589e-03 1.4881e-01 1.4881e-01 -8.1401e-02 1.4256e-01 2.7398e-01 1.6244e-02 7.6713e-02 -1.4195e-02 -4.6257e-03 1.7550e-01 1.7352e-01 -9.9942e-03 7.1295e-02 2.5073e-02 2.5073e-02 2.2323e-02 7.1295e-02 1.9867e-01 5.2326e-02 1.8629e-02 3.9054e-02 1.4317e-01 1.7570e-01 7.0915e-02 -1.4195e-02 -3.9898e-02 -3.7867e-02 -2.7730e-03 -3.9725e-02 -3.3072e-02 -3.3875e-02 -3.9811e-02 5.6356e-03 -6.6897e-02 -6.6897e-02 -4.3373e-02 -5.5965e-02 -7.4732e-02 -4.3373e-02 -6.8120e-02 -4.8103e-02 -6.8540e-02 -5.3730e-02 -7.2816e-02 -3.8313e-02 -2.4164e-02 7.6362e-02 2.6282e-02 -1.8609e-02 -6.5593e-02 1.9176e-03 -2.5008e-03 -1.0184e-01 -1.0030e-01 -7.1573e-02 6.2211e-02 -7.1573e-02 -1.0261e-01 -7.1573e-02 -6.7812e-04 -8.7049e-02 -1.0184e-01 -7.3469e-02 -1.0902e-01 -1.0902e-01 -7.3469e-02 -7.3469e-02 -7.1573e-02 -7.1573e-02 -7.1573e-02 -2.7894e-03 -8.9527e-02 -1.0902e-01 -8.7822e-02 -8.8677e-02 -8.8677e-02 -8.7822e-02 -8.7822e-02 -6.7812e-04 -8.0121e-02 -8.7822e-02 -8.7822e-02 -8.9527e-02 -8.7822e-02 -8.6962e-02 -8.6098e-02 -8.6962e-02 -7.8343e-02 8.6198e-02 -8.6098e-02 -1.8094e-02 -8.6098e-02 -2.7894e-03 -8.5230e-02
-3.3570e-02 -3.4032e-02 1.0000e+00 -3.3106e-02 -2.8064e-02 -3.4643e-02 -2.8064e-02 -2.8235e-02 -3.5097e-02 -2.8744e-02 -2.9080e-02 -3.4185e-02 -3.8501e-02 -8.1360e-02 -8.1523e-02 -3.6297e-02 -3.9514e-02 -1.2422e-02 -2.3337e-02 -8.1851e-02 -3.6594e-02 -3.6594e-02 -8.3338e-02 8.3172e-02 8.3172e-02 -5.4091e-02 -5.2445e-02 -5.2445e-02 2.7157e-02 -8.6937e-02 -8.7292e-02 -5.4091e-02 -9.8373e-03 -7.3954e-02 4.8180e-02 6.5246e-02 -7.5026e-02 6.0454e-02 -7.4565e-02 -3.2181e-02 -2.2205e-02 -3.6711e-02 -3.6711e-02 -3.6711e-02 -3.6711e-02 -3.6903e-02 -3.6903e-02 -4.0013e-02 -3.7095e-02 -2.7591e-02 -2.7591e-02 -2.8682e-02 -2.8682e-02 -2.8682e-02 -2.8682e-02 -2.7409e-02 -2.7591e-02 -3.0331e-02 -1.1015e-02 -1.1015e-02 -1.8688e-02 -3.0147e-02 -6.8728e-02 -7.2288e-02 -7.2288e-02 -7.2891e-02 -7.2288e-02 -8.9532e-02 -1.9374e-02 -6.6548e-02 -6.6548e-02 -3.4032e-02 -6.6548e-02 -4.4042e-02 -5.0527e-02 -1.1015e-02 -9.8373e-03 -5.9317e-03 -1.1015e-02 -2.6494e-02 -2.8318e-02 -1.1382e-02 -5.0252e-02 -5.0252e-02 -5.0664e-02 -1.1382e-02 -2.0690e-02 -4.7367e-02 -2.4347e-02 -1.7321e-02 -3.1530e-02 -3.2007e-02 -5.4640e-02 -9.8373e-03 -1.5004e-02 -7.7531e-03 -1.5200e-02 -1.8263e-02 -3.1454e-02 -3.1618e-02 5.9341e-02 1.1484e-02 1.2223e-02 1.2223e-02 3.4129e-02 1.5540e-02 5.6599e-03 3.4129e-02 1.6602e-02 1.7961e-02 1.1729e-02 2.6986e-02 1.2720e-02 3.6108e-02 -3.3570e-02 4.3203e-02 -3.3744e-02 4.4079e-02 1.7413e-02 -2.4484e-02 4.2644e-02 1.8514e-02 1.9074e-02 4.7629e-02 3.0726e-02 4.7629e-02 1.8237e-02 4.7629e-02 -1.6228e-02 3.4910e-02 1.8514e-02 4.6584e-02 1.8793e-02 1.8793e-02 4.6584e-02 4.6584e-02 4.7629e-02 4.7629e-02 4.7629e-02 -1.6488e-02 3.8179e-02 1.8793e-02 3.9036e-02 3.8605e-02 3.8605e-02 3.9036e-02 3.9036e-02 -1.6228e-02 3.8179e-02 3.9036e-02 3.9036e-02 3.8179e-02 3.9036e-02 3.9471e-02 3.9910e-02 3.9471e-02 3.9036e-02 -3.5306e-02 3.9910e-02 -1.3695e-02 3.9910e-02 -1.6488e-02 4.0354e-02
8.4672e-01 8.7157e-01 -3.3106e-02 1.0000e+00 -1.1590e-01 9.4655e-01 -1.1590e-01 -1.1661e-01 9.3426e-01 -1.1871e-01 -1.2010e-01 9.5925e-01 8.4301e-01 2.7797e-01 2.5876e-01 7.1022e-01 6.4755e-01 3.5278e-01 5.0460e-01 2.6946e-01 7.0399e-01 7.0399e-01 2.5018e-01 2.1480e-01 2.1480e-01 4.3943e-01 4.4906e-01 4.4906e-01 -2.2953e-01 5.0190e-02 4.9384e-02 4.1872e-01 1.5641e-01 2.8584e-01 -1.9200e-01 -4.3512e-02 1.5571e-01 -3.8036e-02 1.5191e-01 5.5356e-02 4.6573e-02 3.7851e-02 3.7851e-02 3.7851e-02 3.7851e-02 3.7119e-02 3.7119e-02 2.5353e-02 3.6386e-02 3.6805e-02 3.6805e-02 6.3044e-02 6.3044e-02 6.3044e-02 6.3044e-02 6.8143e-02 6.7414e-02 5.6492e-02 -4.5491e-02 -4.5491e-02 -6.1902e-02 5.7220e-02 1.7168e-01 1.3911e-01 1.3911e-01 1.5459e-01 1.3911e-01 7.0285e-02 -6.5231e-02 1.8472e-01 1.8472e-01 -1.0375e-01 1.7834e-01 3.1962e-01 4.1212e-02 -4.5491e-02 -1.2479e-02 2.9141e-02 2.3187e-01 2.1628e-01 -8.9987e-03 -4.7007e-02 5.0210e-02 5.0210e-02 4.7426e-02 -4.7007e-02 2.0708e-01 7.7911e-02 1.9421e-02 5.6723e-02 1.8189e-01 1.4739e-01 4.9233e-02 -1.2479e-02 -5.5160e-02 -7.4142e-02 -1.7180e-02 -5.3767e-02 -6.9712e-02 -7.0453e-02 -5.7806e-02 -3.1054e-02 -9.0058e-02 -9.0058e-02 -8.3697e-02 -8.7990e-02 -9.5796e-02 -8.3697e-02 -1.0086e-01 -8.1007e-02 -9.1560e-02 -8.2137e-02 -9.6277e-02 -7.9511e-02 -6.4276e-02 1.0035e-01 6.6057e-02 -6.3461e-02 -9.0602e-02 -5.0380e-03 -4.6268e-02 -1.2802e-01 -1.2665e-01 -1.1941e-01 6.7179e-02 -1.1941e-01 -1.2870e-01 -1.1941e-01 2.0044e-02 -1.1935e-01 -1.2802e-01 -1.2079e-01 -1.3545e-01 -1.3545e-01 -1.2079e-01 -1.2079e-01 -1.1941e-01 -1.1941e-01 -1.1941e-01 1.7685e-02 -1.2324e-01 -1.3545e-01 -1.2186e-01 -1.2255e-01 -1.2255e-01 -1.2186e-01 -1.2186e-01 2.0044e-02 -1.1363e-01 -1.2186e-01 -1.2186e-01 -1.2324e-01 -1.2186e-01 -1.2116e-01 -1.2046e-01 -1.2116e-01 -1.1218e-01 1.1864e-01 -1.2046e-01 -1.5669e-02 -1.2046e-01 1.7685e-02 -1.1977e-01
-1.0694e-01 -1.1915e-01 -2.8064e-02 -1.1590e-01 1.0000e+00 -1.2128e-01 1.0000e+00 9.8181e-01 -1.2288e-01 9.6439e-01 9.6507e-01 -1.1968e-01 -1.2520e-01 -2.7085e-01 -2.7142e-01 -1.1707e-01 1.2522e-02 -4.3490e-02 -8.1703e-02 -2.7257e-01 -1.1817e-01 -1.1817e-01 -2.6383e-01 -3.0250e-01 -3.0250e-01 -1.5790e-01 -1.5167e-01 -1.5167e-01 -2.2520e-01 -5.0351e-01 -5.0507e-01 -1.2642e-01 -3.4441e-02 -1.9507e-01 -5.7287e-02 2.9537e-01 -1.1410e-01 2.5487e-01 -1.1232e-01 -1.8798e-01 -1.7352e-01 -2.0432e-01 -2.0432e-01 -2.0432e-01 -2.0432e-01 -2.0502e-01 -2.0502e-01 -1.9506e-01 -2.0572e-01 -1.9951e-01 -1.9951e-01 -2.0341e-01 -2.0341e-01 -2.0341e-01 -2.0341e-01 -1.9886e-01 -1.9951e-01 -1.8835e-01 4.7648e-02 4.7648e-02 -6.5427e-02 -1.8769e-01 -1.1804e-01 -1.3195e-01 -1.3195e-01 -1.3426e-01 -1.3195e-01 -1.6718e-01 -1.7284e-02 -1.3114e-01 -1.3114e-01 -6.6714e-02 -1.3114e-01 -9.2637e-02 -1.1180e-01 4.7648e-02 -3.4441e-02 -1.6784e-01 -3.8564e-02 -7.9957e-02 -1.8116e-01 4.3668e-02 -1.1881e-01 -1.1881e-01 -1.1237e-01 4.3668e-02 -5.6560e-02 -1.1528e-01 -1.7407e-01 -1.0612e-01 -9.9272e-02 -7.9096e-02 -1.3647e-01 -3.4441e-02 -6.3607e-02 -9.2434e-02 -6.4272e-02 -7.4668e-02 -9.6593e-02 -9.7182e-02 1.9465e-02 -6.8876e-02 -9.3244e-02 -9.3244e-02 -5.4722e-02 -9.4247e-02 -1.7796e-02 -5.4722e-02 -9.1806e-02 -8.8718e-02 -9.4453e-02 -5.9221e-02 -9.2029e-02 -5.0886e-02 -4.3368e-02 8.8965e-02 5.5476e-02 -3.6060e-02 -8.0811e-02 -5.8344e-02 -3.8658e-02 -7.8241e-02 -7.6944e-02 -2.9763e-02 3.9511e-02 -2.9763e-02 -7.8886e-02 -2.9763e-02 -3.6970e-02 -4.2568e-02 -7.8241e-02 -3.1598e-02 -7.7593e-02 -7.7593e-02 -3.1598e-02 -3.1598e-02 -2.9763e-02 -2.9763e-02 -2.9763e-02 -3.8173e-02 -3.5992e-02 -7.7593e-02 -3.4295e-02 -3.5147e-02 -3.5147e-02 -3.4295e-02 -3.4295e-02 -3.6970e-02 -3.5992e-02 -3.4295e-02 -3.4295e-02 -3.5992e-02 -3.4295e-02 -3.3438e-02 -3.2575e-02 -3.3438e-02 -3.4295e-02 4.1764e-02 -3.2575e-02 -4.7947e-02 -3.2575e-02 -3.8173e-02 -3.1706e-02
8.7920e-01 9.0233e-01 -3.4643e-02 9.4655e-01 -1.2128e-01 1.0000e+00 -1.2128e-01 -1.2202e-01 9.7835e-01 -8.3628e-02 -8.5462e-02 9.6020e-01 8.5095e-01 2.7150e-01 2.5288e-01 7.2539e-01 6.8482e-01 3.3688e-01 5.4053e-01 2.6310e-01 7.1897e-01 7.1897e-01 2.4394e-01 2.0543e-01 2.0543e-01 4.4025e-01 4.5060e-01 4.5060e-01 -2.4376e-01 4.2941e-02 4.2083e-02 4.3358e-01 1.7514e-01 2.9399e-01 -2.0801e-01 -6.1082e-02 1.7375e-01 -5.6660e-02 1.7028e-01 6.2198e-02 3.9167e-02 4.3908e-02 4.3908e-02 4.3908e-02 4.3908e-02 4.3143e-02 4.3143e-02 3.0855e-02 4.2378e-02 2.2033e-02 2.2033e-02 4.7032e-02 4.7032e-02 4.7032e-02 4.7032e-02 5.2384e-02 5.1619e-02 4.0149e-02 -4.7604e-02 -4.7604e-02 -6.5997e-02 4.0914e-02 1.6773e-01 1.3478e-01 1.3478e-01 1.4950e-01 1.3478e-01 5.6120e-02 -6.9440e-02 1.8126e-01 1.8126e-01 -7.5929e-02 1.7509e-01 3.2423e-01 5.0767e-02 -4.7604e-02 -1.5307e-02 2.1702e-02 2.2048e-01 2.4373e-01 -2.2480e-02 -4.9190e-02 5.9633e-02 5.9633e-02 5.6690e-02 -4.9190e-02 2.3372e-01 8.1115e-02 6.3081e-03 4.7275e-02 1.7484e-01 1.4122e-01 4.2845e-02 -1.5307e-02 -4.5112e-02 -7.0963e-02 -8.4930e-03 -4.5253e-02 -6.6286e-02 -6.7068e-02 -6.0490e-02 -7.7244e-03 -9.4178e-02 -9.4178e-02 -8.3069e-02 -9.1380e-02 -1.0136e-01 -8.3069e-02 -1.0356e-01 -8.4060e-02 -9.5750e-02 -8.3101e-02 -1.0007e-01 -7.8609e-02 -6.4216e-02 1.0370e-01 6.6101e-02 -6.1474e-02 -9.3462e-02 -1.3385e-03 -4.5143e-02 -1.2937e-01 -1.2792e-01 -1.1485e-01 5.5828e-02 -1.1485e-01 -1.3009e-01 -1.1485e-01 1.4020e-02 -1.1736e-01 -1.2937e-01 -1.1639e-01 -1.3649e-01 -1.3649e-01 -1.1639e-01 -1.1639e-01 -1.1485e-01 -1.1485e-01 -1.1485e-01 1.1654e-02 -1.2044e-01 -1.3649e-01 -1.1893e-01 -1.1969e-01 -1.1969e-01 -1.1893e-01 -1.1893e-01 1.4020e-02 -1.1116e-01 -1.1893e-01 -1.1893e-01 -1.2044e-01 -1.1893e-01 -1.1817e-01 -1.1741e-01 -1.1817e-01 -1.0958e-01 1.1660e-01 -1.1741e-01 -1.9663e-02 -1.1741e-01 1.1654e-02 -1.1664e-01
-1.0694e-01 -1.1915e-01 -2.8064e-02 -1.1590e-01 1.0000e+00 -1.2128e-01 1.0000e+00 9.8181e-01 -1.2288e-01 9.6439e-01 9.6507e-01 -1.1968e-01 -1.2520e-01 -2.7085e-01 -2.7142e-01 -1.1707e-01 1.2522e-02 -4.3490e-02 -8.1703e-02 -2.7257e-01 -1.1817e-01 -1.1817e-01 -2.6383e-01 -3.0250e-01 -3.0250e-01 -1.5790e-01 -1.5167e-01 -1.5167e-01 -2.2520e-01 -5.0351e-01 -5.0507e-01 -1.2642e-01 -3.4441e-02 -1.9507e-01 -5.7287e-02 2.9537e-01 -1.1410e-01 2.5487e-01 -1.1232e-01 -1.8798e-01 -1.7352e-01 -2.0432e-01 -2.0432e-01 -2.0432e-01 -2.0432e-01 -2.0502e-01 -2.0502e-01 -1.9506e-01 -2.0572e-01 -1.9951e-01 -1.9951e-01 -2.0341e-01 -2.0341e-01 -2.0341e-01 -2.0341e-01 -1.9886e-01 -1.9951e-01 -1.8835e-01 4.7648e-02 4.7648e-02 -6.5427e-02 -1.8769e-01 -1.1804e-01 -1.3195e-01 -1.3195e-01 -1.3426e-01 -1.3195e-01 -1.6718e-01 -1.7284e-02 -1.3114e-01 -1.3114e-01 -6.6714e-02 -1.3114e-01 -9.2637e-02 -1.1180e-01 4.7648e-02 -3.4441e-02 -1.6784e-01 -3.8564e-02 -7.9957e-02 -1.8116e-01 4.3668e-02 -1.1881e-01 -1.1881e-01 -1.1237e-01 4.3668e-02 -5.6560e-02 -1.1528e-01 -1.7407e-01 -1.0612e-01 -9.9272e-02 -7.9096e-02 -1.3647e-01 -3.4441e-02 -6.3607e-02 -9.2434e-02 -6.4272e-02 -7.4668e-02 -9.6593e-02 -9.7182e-02 1.9465e-02 -6.8876e-02 -9.3244e-02 -9.3244e-02 -5.4722e-02 -9.4247e-02 -1.7796e-02 -5.4722e-02 -9.1806e-02 -8.8718e-02 -9.4453e-02 -5.9221e-02 -9.2029e-02 -5.0886e-02 -4.3368e-02 8.8965e-02 5.5476e-02 -3.6060e-02 -8.0811e-02 -5.8344e-02 -3.8658e-02 -7.8241e-02 -7.6944e-02 -2.9763e-02 3.9511e-02 -2.9763e-02 -7.8886e-02 -2.9763e-02 -3.6970e-02 -4.2568e-02 -7.8241e-02 -3.1598e-02 -7.7593e-02 -7.7593e-02 -3.1598e-02 -3.1598e-02 -2.9763e-02 -2.9763e-02 -2.9763e-02 -3.8173e-02 -3.5992e-02 -7.7593e-02 -3.4295e-02 -3.5147e-02 -3.5147e-02 -3.4295e-02 -3.4295e-02 -3.6970e-02 -3.5992e-02 -3.4295e-02 -3.4295e-02 -3.5992e-02 -3.4295e-02 -3.3438e-02 -3.2575e-02 -3.3438e-02 -3.4295e-02 4.1764e-02 -3.2575e-02 -4.7947e-02 -3.2575e-02 -3.8173e-02 -3.1706e-02
-9.7162e-02 -1.0944e-01 -2.8235e-02 -1.1661e-01 9.8181e-01 -1.2202e-01 9.8181e-01 1.0000e+00 -1.0323e-01 9.4658e-01 9.4736e-01 -9.9612e-02 -1.0697e-01 -2.5872e-01 -2.5931e-01 -9.7989e-02 2.9694e-02 -1.8297e-02 -6.8002e-02 -2.6047e-01 -9.9209e-02 -9.9209e-02 -2.5185e-01 -2.9083e-01 -2.9083e-01 -1.4355e-01 -1.3705e-01 -1.3705e-01 -2.2665e-01 -4.9081e-01 -4.9236e-01 -1.1223e-01 -3.4650e-02 -1.8285e-01 -5.9634e-02 2.9167e-01 -1.0939e-01 2.5127e-01 -1.0760e-01 -1.8394e-01 -1.6918e-01 -2.0034e-01 -2.0034e-01 -2.0034e-01 -2.0034e-01 -2.0104e-01 -2.0104e-01 -1.9123e-01 -2.0174e-01 -1.9525e-01 -1.9525e-01 -1.9917e-01 -1.9917e-01 -1.9917e-01 -1.9917e-01 -1.9460e-01 -1.9525e-01 -1.8424e-01 4.6985e-02 4.6985e-02 -6.5826e-02 -1.8358e-01 -1.1294e-01 -1.2700e-01 -1.2700e-01 -1.2934e-01 -1.2700e-01 -1.6288e-01 -1.7948e-02 -1.2583e-01 -1.2583e-01 -6.7700e-02 -1.2583e-01 -7.6382e-02 -1.1320e-01 4.6985e-02 -3.4650e-02 -1.6988e-01 -1.0204e-02 -6.7848e-02 -1.7702e-01 4.3010e-02 -1.2017e-01 -1.2017e-01 -1.1377e-01 4.3010e-02 -4.1283e-02 -1.1654e-01 -1.6982e-01 -1.0734e-01 -8.8939e-02 -6.9009e-02 -1.2232e-01 -3.4650e-02 -6.4974e-02 -9.4186e-02 -6.5642e-02 -7.6072e-02 -9.8292e-02 -9.8883e-02 1.8827e-02 -7.0260e-02 -9.4491e-02 -9.4491e-02 -5.5755e-02 -9.5418e-02 -1.9568e-02 -5.5755e-02 -9.2967e-02 -8.9867e-02 -9.5705e-02 -6.0349e-02 -9.3271e-02 -5.1908e-02 -4.4452e-02 9.0196e-02 5.6512e-02 -3.7045e-02 -8.2011e-02 -5.9002e-02 -3.9649e-02 -7.9431e-02 -7.8130e-02 -3.0734e-02 4.0504e-02 -3.0734e-02 -8.0079e-02 -3.0734e-02 -3.7414e-02 -4.3650e-02 -7.9431e-02 -3.2573e-02 -7.8782e-02 -7.8782e-02 -3.2573e-02 -3.2573e-02 -3.0734e-02 -3.0734e-02 -3.0734e-02 -3.8622e-02 -3.7059e-02 -7.8782e-02 -3.5358e-02 -3.6211e-02 -3.6211e-02 -3.5358e-02 -3.5358e-02 -3.7414e-02 -3.7059e-02 -3.5358e-02 -3.5358e-02 -3.7059e-02 -3.5358e-02 -3.4499e-02 -3.3634e-02 -3.4499e-02 -3.5358e-02 4.2844e-02 -3.3634e-02 -4.8239e-02 -3.3634e-02 -3.8622e-02 -3.2763e-02
8.7640e-01 8.9918e-01 -3.5097e-02 9.3426e-01 -1.2288e-01 9.7835e-01 -1.2288e-01 -1.0323e-01 1.0000e+00 -8.5647e-02 -8.7495e-02 9.6523e-01 8.4710e-01 2.7269e-01 2.5422e-01 7.2330e-01 6.8232e-01 3.5394e-01 5.4506e-01 2.6431e-01 7.1686e-01 7.1686e-01 2.4517e-01 2.0576e-01 2.0576e-01 4.3735e-01 4.4786e-01 4.4786e-01 -2.4794e-01 4.7214e-02 4.6351e-02 4.3074e-01 1.7250e-01 2.9584e-01 -2.0661e-01 -5.9725e-02 1.7662e-01 -5.5717e-02 1.7324e-01 6.3599e-02 4.1735e-02 4.5072e-02 4.5072e-02 4.5072e-02 4.5072e-02 4.4297e-02 4.4297e-02 3.1851e-02 4.3522e-02 2.4246e-02 2.4246e-02 4.8903e-02 4.8903e-02 4.8903e-02 4.8903e-02 5.4324e-02 5.3549e-02 4.1931e-02 -4.8228e-02 -4.8228e-02 -6.7198e-02 4.2706e-02 1.7150e-01 1.3838e-01 1.3838e-01 1.5288e-01 1.3838e-01 5.8509e-02 -7.0676e-02 1.8523e-01 1.8523e-01 -6.9731e-02 1.7912e-01 3.2420e-01 5.2164e-02 -4.8228e-02 -1.6125e-02 2.0169e-02 2.4143e-01 2.3880e-01 -1.9910e-02 -4.9835e-02 6.0992e-02 6.0992e-02 5.8007e-02 -4.9835e-02 2.4279e-01 8.9852e-02 8.9820e-03 5.6949e-02 1.7941e-01 1.4596e-01 4.3659e-02 -1.6125e-02 -4.8943e-02 -7.5884e-02 -1.2688e-02 -4.9315e-02 -7.1170e-02 -7.1959e-02 -6.1284e-02 -1.2022e-02 -9.7608e-02 -9.7608e-02 -8.5581e-02 -9.4659e-02 -1.0510e-01 -8.5581e-02 -1.0667e-01 -8.7284e-02 -9.9193e-02 -8.5908e-02 -1.0342e-01 -8.1088e-02 -6.6893e-02 1.0694e-01 6.8790e-02 -6.3835e-02 -9.6624e-02 -3.7258e-03 -4.7708e-02 -1.3213e-01 -1.3067e-01 -1.1659e-01 5.8306e-02 -1.1659e-01 -1.3286e-01 -1.1659e-01 1.2295e-02 -1.1952e-01 -1.3213e-01 -1.1814e-01 -1.3917e-01 -1.3917e-01 -1.1814e-01 -1.1814e-01 -1.1659e-01 -1.1659e-01 -1.1659e-01 9.9261e-03 -1.2245e-01 -1.3917e-01 -1.2092e-01 -1.2168e-01 -1.2168e-01 -1.2092e-01 -1.2092e-01 1.2295e-02 -1.1325e-01 -1.2092e-01 -1.2092e-01 -1.2245e-01 -1.2092e-01 -1.2015e-01 -1.1938e-01 -1.2015e-01 -1.1165e-01 1.1874e-01 -1.1938e-01 -2.0818e-02 -1.1938e-01 9.9261e-03 -1.1860e-01
-7.8819e-02 -9.1182e-02 -2.8744e-02 -1.1871e-01 9.6439e-01 -8.3628e-02 9.6439e-01 9.4658e-01 -8.5647e-02 1.0000e+00 9.8844e-01 -1.2258e-01 -1.2865e-01 -2.7802e-01 -2.7860e-01 -1.2034e-01 3.3988e-02 -4.4544e-02 -8.3682e-02 -2.7978e-01 -1.2147e-01 -1.2147e-01 -2.7144e-01 -3.1135e-01 -3.1135e-01 -1.6309e-01 -1.5673e-01 -1.5673e-01 -2.3097e-01 -4.8647e-01 -4.8802e-01 -1.0136e-01 -3.5275e-02 -1.7476e-01 -6.6553e-02 2.8085e-01 -9.5584e-02 2.4073e-01 -9.3742e-02 -1.7208e-01 -1.5647e-01 -1.8868e-01 -1.8868e-01 -1.8868e-01 -1.8868e-01 -1.8939e-01 -1.8939e-01 -1.8000e-01 -1.9010e-01 -2.1012e-01 -2.1012e-01 -2.1412e-01 -2.1412e-01 -2.1412e-01 -2.1412e-01 -2.0946e-01 -2.1012e-01 -1.9962e-01 4.5045e-02 4.5045e-02 -6.7012e-02 -1.9894e-01 -1.2624e-01 -1.4042e-01 -1.4042e-01 -1.4279e-01 -1.4042e-01 -1.7760e-01 -1.9906e-02 -1.3876e-01 -1.3876e-01 -2.9481e-02 -1.3876e-01 -9.7563e-02 -1.1734e-01 4.5045e-02 -3.5275e-02 -1.7592e-01 -3.9498e-02 -8.2451e-02 -1.9225e-01 4.1085e-02 -1.2418e-01 -1.2418e-01 -1.1792e-01 4.1085e-02 -5.8622e-02 -1.2028e-01 -1.8466e-01 -1.1095e-01 -1.0216e-01 -8.2448e-02 -1.4216e-01 -3.5275e-02 -4.2937e-02 -7.6762e-02 -4.3662e-02 -5.4963e-02 -8.0573e-02 -8.1195e-02 1.6952e-02 -4.8675e-02 -9.8180e-02 -9.8180e-02 -5.8808e-02 -9.8885e-02 -3.2981e-02 -5.8808e-02 -9.6405e-02 -9.3269e-02 -9.9408e-02 -6.3681e-02 -9.6946e-02 -5.4928e-02 -4.7651e-02 9.3835e-02 5.9572e-02 -3.9951e-02 -8.5559e-02 -6.0951e-02 -4.2573e-02 -8.2951e-02 -8.1636e-02 -3.3598e-02 4.3435e-02 -3.3598e-02 -8.3606e-02 -3.3598e-02 -3.8730e-02 -4.6843e-02 -8.2951e-02 -3.5449e-02 -8.2295e-02 -8.2295e-02 -3.5449e-02 -3.5449e-02 -3.3598e-02 -3.3598e-02 -3.3598e-02 -3.9950e-02 -4.0203e-02 -8.2295e-02 -3.8491e-02 -3.9350e-02 -3.9350e-02 -3.8491e-02 -3.8491e-02 -3.8730e-02 -4.0203e-02 -3.8491e-02 -3.8491e-02 -4.0203e-02 -3.8491e-02 -3.7626e-02 -3.6755e-02 -3.7626e-02 -3.8491e-02 4.6030e-02 -3.6755e-02 -4.9108e-02 -3.6755e-02 -3.9950e-02 -3.5879e-02
-8.0617e-02 -9.2898e-02 -2.9080e-02 -1.2010e-01 9.6507e-01 -8.5462e-02 9.6507e-01 9.4736e-01 -8.7495e-02 9.8844e-01 1.0000e+00 -1.2401e-01 -1.3035e-01 -2.8156e-01 -2.8215e-01 -1.2196e-01 3.0683e-02 -4.5064e-02 -8.4660e-02 -2.8334e-01 -1.2309e-01 -1.2309e-01 -2.7519e-01 -3.0893e-01 -3.0893e-01 -1.6565e-01 -1.5923e-01 -1.5923e-01 -2.2675e-01 -4.8644e-01 -4.8800e-01 -1.0450e-01 -3.5687e-02 -1.7871e-01 -6.4043e-02 2.8129e-01 -1.0036e-01 2.4122e-01 -9.8497e-02 -1.7119e-01 -1.5499e-01 -1.8797e-01 -1.8797e-01 -1.8797e-01 -1.8797e-01 -1.8869e-01 -1.8869e-01 -1.7961e-01 -1.8940e-01 -2.0854e-01 -2.0854e-01 -2.1258e-01 -2.1258e-01 -2.1258e-01 -2.1258e-01 -2.0787e-01 -2.0854e-01 -1.9834e-01 4.3789e-02 4.3789e-02 -6.7796e-02 -1.9766e-01 -1.3025e-01 -1.4457e-01 -1.4457e-01 -1.4696e-01 -1.4457e-01 -1.7593e-01 -2.1183e-02 -1.4248e-01 -1.4248e-01 -3.1776e-02 -1.4248e-01 -9.9976e-02 -1.2006e-01 4.3789e-02 -3.5687e-02 -1.7300e-01 -3.9960e-02 -8.3679e-02 -1.9089e-01 3.9840e-02 -1.2681e-01 -1.2681e-01 -1.2065e-01 3.9840e-02 -5.9636e-02 -1.2273e-01 -1.8308e-01 -1.1332e-01 -1.0359e-01 -8.4094e-02 -1.4496e-01 -3.5687e-02 -4.5820e-02 -8.0359e-02 -4.6550e-02 -5.7912e-02 -8.4071e-02 -8.4698e-02 1.5735e-02 -5.1589e-02 -1.0060e-01 -1.0060e-01 -6.0805e-02 -1.0116e-01 -2.8184e-02 -6.0805e-02 -9.8659e-02 -9.5499e-02 -1.0184e-01 -6.5860e-02 -9.9354e-02 -5.6903e-02 -4.9741e-02 9.6219e-02 6.1573e-02 -4.1849e-02 -8.7883e-02 -6.2229e-02 -4.4483e-02 -8.5257e-02 -8.3932e-02 -3.5468e-02 4.5349e-02 -3.5468e-02 -8.5916e-02 -3.5468e-02 -3.9593e-02 -4.8929e-02 -8.5257e-02 -3.7327e-02 -8.4595e-02 -8.4595e-02 -3.7327e-02 -3.7327e-02 -3.5468e-02 -3.5468e-02 -3.5468e-02 -4.0821e-02 -4.2257e-02 -8.4595e-02 -4.0537e-02 -4.1400e-02 -4.1400e-02 -4.0537e-02 -4.0537e-02 -3.9593e-02 -4.2257e-02 -4.0537e-02 -4.0537e-02 -4.2257e-02 -4.0537e-02 -3.9668e-02 -3.8793e-02 -3.9668e-02 -4.0537e-02 4.8112e-02 -3.8793e-02 -4.9682e-02 -3.8793e-02 -4.0821e-02 -3.7913e-02
8.6405e-01 8.8774e-01 -3.4185e-02 9.5925e-01 -1.1968e-01 9.6020e-01 -1.1968e-01 -9.9612e-02 9.6523e-01 -1.2258e-01 -1.2401e-01 1.0000e+00 8.7146e-01 2.8832e-01 2.6953e-01 7.4478e-01 6.7942e-01 3.6338e-01 5.6045e-01 2.7988e-01 7.3828e-01 7.3828e-01 2.6067e-01 2.2907e-01 2.2907e-01 4.5677e-01 4.6715e-01 4.6715e-01 -2.3954e-01 4.5773e-02 4.4931e-02 4.2307e-01 1.7786e-01 2.9214e-01 -1.9708e-01 -5.5923e-02 1.7086e-01 -5.1194e-02 1.6729e-01 6.0781e-02 3.6555e-02 4.2729e-02 4.2729e-02 4.2729e-02 4.2729e-02 4.1974e-02 4.1974e-02 2.9845e-02 4.1219e-02 4.3684e-02 4.3684e-02 6.9054e-02 6.9054e-02 6.9054e-02 6.9054e-02 7.4316e-02 7.3564e-02 6.2294e-02 -4.6975e-02 -4.6975e-02 -6.4784e-02 6.3045e-02 1.8861e-01 1.5555e-01 1.5555e-01 1.7046e-01 1.5555e-01 7.7557e-02 -6.8193e-02 2.0217e-01 2.0217e-01 -1.0921e-01 1.9594e-01 3.3938e-01 6.3290e-02 -4.6975e-02 -1.4476e-02 3.5410e-02 2.4838e-01 2.4879e-01 -1.1886e-03 -4.8540e-02 7.2237e-02 7.2237e-02 6.9276e-02 -4.8540e-02 2.5170e-01 1.0109e-01 2.7452e-02 6.7095e-02 1.8924e-01 1.5523e-01 5.5440e-02 -1.4476e-02 -7.1576e-02 -9.2273e-02 -3.4520e-02 -7.0530e-02 -8.7797e-02 -8.8545e-02 -5.9691e-02 -3.3240e-02 -9.8213e-02 -9.8213e-02 -8.9565e-02 -9.5769e-02 -1.0472e-01 -8.9565e-02 -1.0820e-01 -8.8657e-02 -9.9745e-02 -8.8746e-02 -1.0422e-01 -8.5299e-02 -7.0572e-02 1.0803e-01 7.2382e-02 -6.8961e-02 -9.8088e-02 -1.0628e-02 -5.2293e-02 -1.3448e-01 -1.3308e-01 -1.2330e-01 6.3026e-02 -1.2330e-01 -1.3518e-01 -1.2330e-01 1.5781e-02 -1.2429e-01 -1.3448e-01 -1.2473e-01 -1.4170e-01 -1.4170e-01 -1.2473e-01 -1.2473e-01 -1.2330e-01 -1.2330e-01 -1.2330e-01 1.3417e-02 -1.2780e-01 -1.4170e-01 -1.2638e-01 -1.2709e-01 -1.2709e-01 -1.2638e-01 -1.2638e-01 1.5781e-02 -1.1842e-01 -1.2638e-01 -1.2638e-01 -1.2780e-01 -1.2638e-01 -1.2566e-01 -1.2494e-01 -1.2566e-01 -1.1693e-01 1.2357e-01 -1.2494e-01 -1.8489e-02 -1.2494e-01 1.3417e-02 -1.2422e-01
7.5528e-01 7.7671e-01 -3.8501e-02 8.4301e-01 -1.2520e-01 8.5095e-01 -1.2520e-01 -1.0697e-01 8.4710e-01 -1.2865e-01 -1.3035e-01 8.7146e-01 1.0000e+00 3.5766e-01 3.4022e-01 8.8767e-01 8.1125e-01 3.2264e-01 5.2758e-01 3.4938e-01 8.8007e-01 8.8007e-01 3.2469e-01 2.7863e-01 2.7863e-01 5.5089e-01 5.6455e-01 5.6455e-01 -2.7887e-01 7.7826e-02 7.6920e-02 5.1995e-01 1.2936e-01 3.5884e-01 -2.4698e-01 -9.0482e-02 2.4055e-01 -8.8692e-02 2.3228e-01 1.1611e-01 9.1243e-02 9.6081e-02 9.6081e-02 9.6081e-02 9.6081e-02 9.5246e-02 9.5246e-02 8.1858e-02 9.4410e-02 1.0411e-01 1.0411e-01 1.2651e-01 1.2651e-01 1.2651e-01 1.2651e-01 1.3239e-01 1.3155e-01 1.1896e-01 -5.2906e-02 -5.2906e-02 -7.6066e-02 1.1980e-01 2.6532e-01 2.3000e-01 2.3000e-01 2.4290e-01 2.3000e-01 1.3969e-01 -7.9805e-02 2.8106e-01 2.8106e-01 -1.3047e-01 2.7534e-01 4.5927e-01 1.8607e-01 -5.2906e-02 -2.2019e-02 1.1713e-01 1.9570e-01 4.7674e-01 6.2310e-02 -5.4669e-02 1.9501e-01 1.9501e-01 1.9120e-01 -5.4669e-02 2.0028e-01 4.4171e-02 9.1962e-02 1.4735e-02 1.4579e-01 1.1414e-01 1.6874e-01 -2.2019e-02 -9.7330e-02 -1.2332e-01 -6.3442e-02 -9.8687e-02 -1.1840e-01 -1.1922e-01 -6.7227e-02 -6.3227e-02 -1.2248e-01 -1.2248e-01 -1.0386e-01 -1.1135e-01 -1.1907e-01 -1.0386e-01 -1.2214e-01 -1.1063e-01 -1.2416e-01 -1.1409e-01 -1.2772e-01 -1.0756e-01 -9.4584e-02 1.3053e-01 9.6520e-02 -9.0003e-02 -1.1958e-01 -3.1481e-02 -7.5132e-02 -1.3790e-01 -1.5085e-01 -1.3887e-01 7.6211e-02 -1.3887e-01 -1.5320e-01 -1.3887e-01 2.9664e-01 -1.4378e-01 -1.5242e-01 -1.4048e-01 -1.5891e-01 -1.5891e-01 -1.4048e-01 -1.4048e-01 -1.3887e-01 -1.3887e-01 -1.3887e-01 2.8986e-01 -1.4588e-01 -1.5891e-01 -1.4430e-01 -1.4509e-01 -1.4509e-01 -1.4430e-01 -1.4430e-01 2.9664e-01 -1.3728e-01 -1.4430e-01 -1.4430e-01 -1.4588e-01 -1.4430e-01 -1.4350e-01 -1.4270e-01 -1.4350e-01 -1.3562e-01 1.4297e-01 -1.4270e-01 3.0073e-01 -1.4270e-01 2.8986e-01 -1.4190e-01
2.1821e-01 2.2586e-01 -8.1360e-02 2.7797e-01 -2.7085e-01 2.7150e-01 -2.7085e-01 -2.5872e-01 2.7269e-01 -2.7802e-01 -2.8156e-01 2.8832e-01 3.5766e-01 1.0000e+00 9.8195e-01 4.4613e-01 3.7212e-01 1.5268e-01 2.7865e-01 9.8197e-01 4.3837e-01 4.3837e-01 9.4022e-01 5.1128e-02 5.1128e-02 5.7459e-01 5.2554e-01 5.2554e-01 1.0658e-01 4.5130e-01 4.5466e-01 5.0690e-01 1.0252e-01 2.7850e-01 -3.7502e-01 7.2717e-02 3.4606e-01 -4.7489e-02 3.4383e-01 1.6101e-01 1.1565e-01 2.1115e-01 2.1115e-01 2.1115e-01 2.1115e-01 2.1343e-01 2.0938e-01 1.8521e-01 2.1167e-01 1.7758e-01 1.7758e-01 1.8687e-01 1.8687e-01 1.8687e-01 1.8687e-01 1.9537e-01 1.9759e-01 1.7081e-01 -1.1180e-01 -1.1180e-01 -1.5972e-01 1.6859e-01 2.9480e-01 3.4504e-01 3.4504e-01 3.4931e-01 3.4504e-01 2.0571e-01 6.4222e-02 3.2988e-01 3.2988e-01 3.4613e-01 3.2154e-01 4.2030e-01 1.4042e-01 -1.1180e-01 -8.1449e-02 -2.6164e-02 1.1891e-01 2.5958e-01 1.2639e-01 -9.9560e-02 1.4037e-01 1.4037e-01 1.4278e-01 -9.9560e-02 1.0864e-01 5.0718e-02 9.3989e-02 4.8349e-02 2.3456e-01 1.9809e-01 3.2125e-01 -8.1449e-02 6.6887e-02 1.2943e-01 5.9389e-02 5.1553e-02 1.3340e-01 1.3126e-01 -1.1589e-01 1.0280e-01 2.2094e-01 2.2094e-01 1.9655e-01 2.6234e-01 1.9764e-01 1.9050e-01 2.6360e-01 2.6264e-01 2.2559e-01 1.4454e-01 2.2131e-01 1.7700e-01 1.8175e-01 -2.2995e-01 -1.6902e-01 1.6453e-01 2.1476e-01 2.2245e-01 1.6664e-01 2.1041e-01 2.0555e-01 1.5048e-01 -1.6300e-01 1.5048e-01 2.0226e-01 1.5048e-01 1.3118e-01 1.1199e-01 2.0511e-01 1.4973e-01 2.0268e-01 2.0268e-01 1.4973e-01 1.4973e-01 1.5048e-01 1.5048e-01 1.5048e-01 1.3539e-01 1.1918e-01 2.0268e-01 1.1949e-01 1.1618e-01 1.1618e-01 1.1316e-01 1.1316e-01 1.3118e-01 1.1918e-01 1.1949e-01 1.1949e-01 1.1918e-01 1.1949e-01 1.2282e-01 1.1982e-01 1.1647e-01 1.1949e-01 -1.1515e-01 1.1982e-01 1.5497e-01 1.1982e-01 1.2417e-01 1.1679e-01
2.0527e-01 2.1303e-01 -8.1523e-02 2.5876e-01 -2.7142e-01 2.5288e-01 -2.7142e-01 -2.5931e-01 2.5422e-01 -2.7860e-01 -2.8215e-01 2.6953e-01 3.4022e-01 9.8195e-01 1.0000e+00 4.3376e-01 3.6036e-01 1.5238e-01 2.6172e-01 9.8798e-01 4.2607e-01 4.2607e-01 9.4619e-01 5.6978e-02 5.6978e-02 5.8229e-01 5.3343e-01 5.3343e-01 1.0508e-01 4.5228e-01 4.5564e-01 5.1462e-01 1.0228e-01 2.8086e-01 -3.7646e-01 6.2645e-02 3.5244e-01 -5.7444e-02 3.5022e-01 1.7081e-01 1.2961e-01 2.2090e-01 2.2090e-01 2.2090e-01 2.2090e-01 2.2318e-01 2.1914e-01 1.9496e-01 2.2142e-01 1.8743e-01 1.8743e-01 1.9670e-01 1.9670e-01 1.9670e-01 1.9670e-01 2.0522e-01 2.0743e-01 1.8063e-01 -1.1202e-01 -1.1202e-01 -1.6011e-01 1.7840e-01 3.0562e-01 3.5154e-01 3.5154e-01 3.5577e-01 3.5154e-01 2.1166e-01 6.3777e-02 3.4085e-01 3.4085e-01 3.4530e-01 3.3251e-01 4.3436e-01 1.3460e-01 -1.1202e-01 -8.1653e-02 -3.1879e-02 1.1864e-01 2.5160e-01 1.3624e-01 -9.9795e-02 1.3455e-01 1.3455e-01 1.3696e-01 -9.9795e-02 9.9057e-02 4.4821e-02 1.0391e-01 4.2366e-02 2.2744e-01 1.9104e-01 3.3344e-01 -8.1653e-02 6.5905e-02 1.1932e-01 5.8404e-02 4.0677e-02 1.2326e-01 1.2112e-01 -1.1618e-01 9.6782e-02 2.0985e-01 2.0985e-01 1.8971e-01 2.6134e-01 1.8695e-01 1.8971e-01 2.6262e-01 2.6167e-01 2.1453e-01 1.3232e-01 2.1019e-01 1.7623e-01 1.8097e-01 -2.1874e-01 -1.6823e-01 1.6383e-01 2.0331e-01 2.2186e-01 1.6592e-01 1.9887e-01 1.9398e-01 1.4980e-01 -1.8830e-01 1.4980e-01 1.9075e-01 1.4980e-01 1.3079e-01 9.9029e-02 1.9358e-01 1.4904e-01 1.9113e-01 1.9113e-01 1.4904e-01 1.4904e-01 1.4980e-01 1.4980e-01 1.4980e-01 1.3499e-01 1.1216e-01 1.9113e-01 1.1243e-01 1.0914e-01 1.0914e-01 1.0611e-01 1.0611e-01 1.3079e-01 1.1216e-01 1.1243e-01 1.1243e-01 1.1216e-01 1.1243e-01 1.1575e-01 1.1272e-01 1.0940e-01 1.1243e-01 -1.0215e-01 1.1272e-01 1.5463e-01 1.1272e-01 1.2378e-01 1.0967e-01
6.4698e-01 6.6253e-01 -3.6297e-02 7.1022e-01 -1.1707e-01 7.2539e-01 -1.1707e-01 -9.7989e-02 7.2330e-01 -1.2034e-01 -1.2196e-01 7.4478e-01 8.8767e-01 4.4613e-01 4.3376e-01 1.0000e+00 9.1859e-01 3.4224e-01 6.3125e-01 4.4345e-01 9.9188e-01 9.9188e-01 4.1836e-01 3.7088e-01 3.7088e-01 6.4523e-01 6.4627e-01 6.4627e-01 -2.5891e-01 1.8886e-01 1.8819e-01 6.0008e-01 2.4473e-01 4.3266e-01 -2.3677e-01 -1.0435e-01 3.0981e-01 -1.0057e-01 3.0100e-01 1.9169e-01 1.4355e-01 1.7334e-01 1.7334e-01 1.7334e-01 1.7334e-01 1.7258e-01 1.7258e-01 1.6043e-01 1.7182e-01 1.7677e-01 1.7677e-01 2.0067e-01 2.0067e-01 2.0067e-01 2.0067e-01 2.0615e-01 2.0536e-01 1.9368e-01 -4.9877e-02 -4.9877e-02 -7.0346e-02 1.9445e-01 3.3898e-01 2.9767e-01 2.9767e-01 3.1136e-01 2.9767e-01 2.1127e-01 -8.7727e-02 3.5461e-01 3.5461e-01 -1.1971e-01 3.4864e-01 5.2140e-01 2.5813e-01 -4.9877e-02 -1.8246e-02 1.8666e-01 2.5636e-01 5.5156e-01 1.3357e-01 -5.1538e-02 2.6744e-01 2.6744e-01 2.6349e-01 -5.1538e-02 2.7071e-01 1.1014e-01 1.6247e-01 7.2460e-02 2.1261e-01 1.7931e-01 2.1486e-01 -1.8246e-02 -1.1698e-01 -1.1381e-01 -1.1052e-01 -1.2316e-01 -1.0916e-01 -1.0994e-01 -6.3378e-02 -8.7491e-02 -9.9333e-02 -9.9333e-02 -9.2122e-02 -8.1030e-02 -9.4272e-02 -9.2122e-02 -9.2418e-02 -8.0600e-02 -1.0098e-01 -1.0947e-01 -1.0490e-01 -9.6348e-02 -8.2530e-02 1.0809e-01 8.4400e-02 -7.9427e-02 -9.7352e-02 -2.1102e-02 -6.3693e-02 -1.1666e-01 -1.3026e-01 -1.3092e-01 7.4038e-02 -1.3092e-01 -1.3256e-01 -1.3092e-01 3.1696e-01 -1.4259e-01 -1.3179e-01 -1.3243e-01 -1.3861e-01 -1.3861e-01 -1.3243e-01 -1.3243e-01 -1.3092e-01 -1.3092e-01 -1.3092e-01 3.1002e-01 -1.4565e-01 -1.3861e-01 -1.4421e-01 -1.4493e-01 -1.4493e-01 -1.4421e-01 -1.4421e-01 3.1696e-01 -1.3667e-01 -1.4421e-01 -1.4421e-01 -1.4565e-01 -1.4421e-01 -1.4349e-01 -1.4277e-01 -1.4349e-01 -1.3517e-01 1.4186e-01 -1.4277e-01 3.2001e-01 -1.4277e-01 3.1002e-01 -1.4205e-01
6.1220e-01 6.2630e-01 -3.9514e-02 6.4755e-01 1.2522e-02 6.8482e-01 1.2522e-02 2.9694e-02 6.8232e-01 3.3988e-02 3.0683e-02 6.7942e-01 8.1125e-01 3.7212e-01 3.6036e-01 9.1859e-01 1.0000e+00 3.1438e-01 5.7958e-01 3.6927e-01 9.1074e-01 9.1074e-01 3.4463e-01 3.0204e-01 3.0204e-01 5.7242e-01 5.7448e-01 5.7448e-01 -2.6546e-01 1.3834e-01 1.3751e-01 5.7242e-01 2.2417e-01 3.9728e-01 -2.4020e-01 -5.3741e-02 2.6428e-01 -5.9174e-02 2.5630e-01 1.5805e-01 1.1390e-01 1.4320e-01 1.4320e-01 1.4320e-01 1.4320e-01 1.4235e-01 1.4235e-01 1.2887e-01 1.4151e-01 1.3085e-01 1.3085e-01 1.5265e-01 1.5265e-01 1.5265e-01 1.5265e-01 1.5867e-01 1.5781e-01 1.4494e-01 -5.4297e-02 -5.4297e-02 -7.8665e-02 1.4580e-01 2.7407e-01 2.3829e-01 2.3829e-01 2.5079e-01 2.3829e-01 1.6146e-01 -8.2483e-02 2.9024e-01 2.9024e-01 -8.6728e-02 2.8462e-01 4.6234e-01 2.0990e-01 -5.4297e-02 -2.3704e-02 1.4875e-01 2.3436e-01 5.0238e-01 8.9645e-02 -5.6106e-02 2.1886e-01 2.1886e-01 2.1486e-01 -5.6106e-02 2.4148e-01 7.2493e-02 1.1955e-01 3.8441e-02 1.7955e-01 1.4785e-01 1.7850e-01 -2.3704e-02 -7.0535e-02 -8.5698e-02 -6.4675e-02 -8.0072e-02 -8.0392e-02 -8.1280e-02 -6.8995e-02 -5.1274e-02 -1.0928e-01 -1.0928e-01 -9.2818e-02 -9.0466e-02 -1.0772e-01 -9.2818e-02 -1.0071e-01 -8.8943e-02 -1.1107e-01 -1.1216e-01 -1.1429e-01 -9.5999e-02 -8.3618e-02 1.1670e-01 8.5697e-02 -7.6923e-02 -1.0498e-01 -1.4929e-02 -6.2644e-02 -1.2268e-01 -1.3524e-01 -1.2411e-01 9.0106e-02 -1.2411e-01 -1.3779e-01 -1.2411e-01 2.8803e-01 -1.4007e-01 -1.3694e-01 -1.2593e-01 -1.4324e-01 -1.4324e-01 -1.2593e-01 -1.2593e-01 -1.2411e-01 -1.2411e-01 -1.2411e-01 2.8131e-01 -1.4164e-01 -1.4324e-01 -1.3995e-01 -1.4080e-01 -1.4080e-01 -1.3995e-01 -1.3995e-01 2.8803e-01 -1.3318e-01 -1.3995e-01 -1.3995e-01 -1.4164e-01 -1.3995e-01 -1.3910e-01 -1.3825e-01 -1.3910e-01 -1.3143e-01 1.3922e-01 -1.3825e-01 2.9258e-01 -1.3825e-01 2.8131e-01 -1.3739e-01
3.4782e-01 3.4303e-01 -1.2422e-02 3.5278e-01 -4.3490e-02 3.3688e-01 -4.3490e-02 -1.8297e-02 3.5394e-01 -4.4544e-02 -4.5064e-02 3.6338e-01 3.2264e-01 1.5268e-01 1.5238e-01 3.4224e-01 3.1438e-01 1.0000e+00 -3.6165e-02 1.5177e-01 3.3946e-01 3.3946e-01 1.4906e-01 1.2889e-01 1.2889e-01 2.2965e-01 2.0337e-01 2.0337e-01 -7.2380e-02 7.4044e-02 7.3831e-02 1.9666e-01 -1.5245e-02 1.3823e-01 -2.9569e-02 -5.7290e-02 1.3591e-01 -6.1942e-02 1.3690e-01 9.5191e-02 1.0981e-01 8.9098e-02 8.9098e-02 8.9098e-02 8.9098e-02 8.8847e-02 8.8847e-02 8.4859e-02 8.8597e-02 1.0171e-01 1.0171e-01 1.0012e-01 1.0012e-01 1.0012e-01 1.0012e-01 1.0197e-01 1.0171e-01 9.7774e-02 -1.7070e-02 -1.7070e-02 -2.8960e-02 9.8034e-02 1.5051e-01 1.4196e-01 1.4196e-01 1.4059e-01 1.4196e-01 1.0954e-01 -3.0024e-02 1.5616e-01 1.5616e-01 -8.7642e-03 1.5616e-01 2.4518e-01 -7.8300e-02 -1.7070e-02 -1.5245e-02 -1.1508e-01 -1.7070e-02 -4.1057e-02 -3.1077e-02 -1.7638e-02 -7.7875e-02 -7.7875e-02 -7.8512e-02 -1.7638e-02 -3.2063e-02 -7.3404e-02 4.8094e-02 -6.9976e-02 -4.8862e-02 -4.9601e-02 1.7808e-01 -1.5245e-02 -6.7384e-02 -8.8514e-02 -6.7601e-02 -7.1050e-02 -8.7231e-02 -8.7445e-02 -2.1690e-02 -6.9114e-02 -6.8466e-02 -6.8466e-02 -5.2262e-02 -6.5643e-02 -5.6946e-02 -5.2262e-02 -6.4769e-02 -6.3670e-02 -6.8898e-02 -5.6938e-02 -6.8034e-02 -5.1061e-02 -5.2023e-02 6.6950e-02 5.2500e-02 -4.6605e-02 -6.4110e-02 -3.7943e-02 -4.7364e-02 -6.3229e-02 -6.2787e-02 -4.4804e-02 -4.7521e-02 -4.4804e-02 -6.3450e-02 -4.4804e-02 5.8073e-02 -5.1783e-02 -6.3229e-02 -4.5323e-02 -6.3009e-02 -6.3009e-02 -4.5323e-02 -4.5323e-02 -4.4804e-02 -4.4804e-02 -4.4804e-02 5.6442e-02 -4.9846e-02 -6.3009e-02 -4.9355e-02 -4.9601e-02 -4.9601e-02 -4.9355e-02 -4.9355e-02 5.8073e-02 -4.9846e-02 -4.9355e-02 -4.9355e-02 -4.9846e-02 -4.9355e-02 -4.9109e-02 -4.8862e-02 -4.9109e-02 -4.9355e-02 5.1543e-02 -4.8862e-02 -2.1223e-02 -4.8862e-02 5.6442e-02 -4.8614e-02
5.0933e-01 5.0180e-01 -2.3337e-02 5.0460e-01 -8.1703e-02 5.4053e-01 -8.1703e-02 -6.8002e-02 5.4506e-01 -8.3682e-02 -8.4660e-02 5.6045e-01 5.2758e-01 2.7865e-01 2.6172e-01 6.3125e-01 5.7958e-01 -3.6165e-02 1.0000e+00 2.8512e-01 6.3773e-01 6.3773e-01 2.7186e-01 2.3397e-01 2.3397e-01 4.1304e-01 4.1696e-01 4.1696e-01 -1.6778e-01 9.9883e-02 9.9419e-02 3.6703e-01 3.8402e-01 2.6579e-01 -1.5568e-01 4.6812e-02 7.1135e-02 6.1736e-02 6.4512e-02 -3.5670e-03 -7.2791e-02 -7.9337e-03 -7.9337e-03 -7.9337e-03 -7.9337e-03 -8.4610e-03 -8.4610e-03 -1.6952e-02 -8.9886e-03 9.4242e-03 9.4242e-03 6.3147e-03 6.3147e-03 6.3147e-03 6.3147e-03 9.9422e-03 9.4242e-03 1.6419e-03 -3.2068e-02 -3.2068e-02 -3.4045e-02 2.1617e-03 8.6599e-02 4.7858e-02 4.7858e-02 7.0614e-02 4.7858e-02 -7.2346e-18 -5.6404e-02 9.5483e-02 9.5483e-02 -8.6814e-02 8.6977e-02 1.4942e-01 1.5739e-01 -3.2068e-02 8.8752e-03 6.5615e-02 2.7037e-01 3.1204e-01 7.3516e-03 -3.3137e-02 1.6859e-01 1.6859e-01 1.6607e-01 -3.3137e-02 3.8533e-01 1.8724e-01 2.6888e-02 1.5216e-01 2.9818e-01 2.5372e-01 6.9904e-02 8.8752e-03 -1.2589e-02 3.1322e-02 -1.3222e-02 -1.3012e-02 3.4968e-02 3.4356e-02 -4.0749e-02 3.3434e-02 1.5058e-02 1.5058e-02 -2.4104e-02 2.4170e-02 1.6478e-02 -1.1757e-02 5.8304e-03 3.0801e-02 1.3700e-02 -2.5796e-02 6.1243e-03 -7.9689e-03 1.3768e-02 1.1316e-02 1.9569e-04 -6.5988e-03 -2.7856e-03 5.6770e-02 1.7584e-02 -5.4029e-02 -5.2899e-02 -8.4172e-02 6.2923e-02 -8.4172e-02 -5.4591e-02 -8.4172e-02 -8.3049e-04 -8.4851e-02 -5.4029e-02 -8.5147e-02 -6.4283e-02 -6.4283e-02 -8.5147e-02 -8.5147e-02 -8.4172e-02 -8.4172e-02 -8.4172e-02 -2.2729e-03 -9.3643e-02 -6.4283e-02 -9.2721e-02 -9.3183e-02 -9.3183e-02 -9.2721e-02 -9.2721e-02 -8.3049e-04 -8.0843e-02 -9.2721e-02 -9.2721e-02 -9.3643e-02 -9.2721e-02 -9.2258e-02 -9.1794e-02 -9.2258e-02 -7.9823e-02 8.4356e-02 -9.1794e-02 1.4626e-02 -9.1794e-02 -2.2729e-03 -9.1329e-02
2.1584e-01 2.2346e-01 -8.1851e-02 2.6946e-01 -2.7257e-01 2.6310e-01 -2.7257e-01 -2.6047e-01 2.6431e-01 -2.7978e-01 -2.8334e-01 2.7988e-01 3.4938e-01 9.8197e-01 9.8798e-01 4.4345e-01 3.6927e-01 1.5177e-01 2.8512e-01 1.0000e+00 4.4138e-01 4.4138e-01 9.5413e-01 6.0666e-02 6.0666e-02 5.9320e-01 5.4463e-01 5.4463e-01 9.3736e-02 4.5424e-01 4.5760e-01 5.2555e-01 1.0180e-01 2.9372e-01 -3.8350e-01 6.8820e-02 3.5302e-01 -4.7189e-02 3.5083e-01 1.6630e-01 1.2557e-01 2.1211e-01 2.1211e-01 2.1211e-01 2.1211e-01 2.1438e-01 2.1034e-01 1.8599e-01 2.1261e-01 1.7914e-01 1.7914e-01 1.8835e-01 1.8835e-01 1.8835e-01 1.8835e-01 1.9693e-01 1.9913e-01 1.7220e-01 -1.1247e-01 -1.1247e-01 -1.6088e-01 1.6998e-01 3.0657e-01 3.4818e-01 3.4818e-01 3.5239e-01 3.4818e-01 2.0759e-01 5.3234e-02 3.4193e-01 3.4193e-01 3.4366e-01 3.3359e-01 4.3224e-01 1.3697e-01 -1.1247e-01 -8.2062e-02 -3.5179e-02 1.1811e-01 2.5033e-01 1.2793e-01 -1.0027e-01 1.3693e-01 1.3693e-01 1.3931e-01 -1.0027e-01 9.8098e-02 4.7521e-02 9.9796e-02 4.5302e-02 2.2595e-01 1.8954e-01 3.3089e-01 -8.2062e-02 6.9021e-02 1.2114e-01 6.1507e-02 4.3537e-02 1.2514e-01 1.2299e-01 -1.1676e-01 9.9760e-02 2.1283e-01 2.1283e-01 1.8209e-01 2.5936e-01 1.8473e-01 1.8814e-01 2.6066e-01 2.6501e-01 2.1748e-01 1.3063e-01 2.1320e-01 1.8086e-01 1.8548e-01 -2.1674e-01 -1.6666e-01 1.6243e-01 2.0139e-01 2.2069e-01 1.6450e-01 1.9698e-01 1.9210e-01 1.4846e-01 -1.8686e-01 1.4846e-01 1.8885e-01 1.4846e-01 1.3002e-01 9.7503e-02 1.9169e-01 1.4769e-01 1.8924e-01 1.8924e-01 1.4769e-01 1.4769e-01 1.4846e-01 1.4846e-01 1.4846e-01 1.3421e-01 1.1068e-01 1.8924e-01 1.1097e-01 1.0768e-01 1.0768e-01 1.0465e-01 1.0465e-01 1.3002e-01 1.1068e-01 1.1097e-01 1.1097e-01 1.1068e-01 1.1097e-01 1.1429e-01 1.1127e-01 1.0794e-01 1.1097e-01 -1.0063e-01 1.1127e-01 1.5396e-01 1.1127e-01 1.2300e-01 1.0823e-01
6.4109e-01 6.5652e-01 -3.6594e-02 7.0399e-01 -1.1817e-01 7.1897e-01 -1.1817e-01 -9.9209e-02 7.1686e-01 -1.2147e-01 -1.2309e-01 7.3828e-01 8.8007e-01 4.3837e-01 4.2607e-01 9.9188e-01 9.1074e-01 3.3946e-01 6.3773e-01 4.4138e-01 1.0000e+00 9.9190e-01 4.1633e-01 3.7399e-01 3.7399e-01 6.4446e-01 6.4569e-01 6.4569e-01 -2.5568e-01 1.9079e-01 1.9012e-01 5.9957e-01 2.4268e-01 4.3123e-01 -2.3381e-01 -1.0117e-01 3.0325e-01 -9.7680e-02 3.0029e-01 1.8996e-01 1.4273e-01 1.7144e-01 1.7144e-01 1.7144e-01 1.7144e-01 1.7067e-01 1.7067e-01 1.5840e-01 1.6990e-01 1.7541e-01 1.7541e-01 1.9911e-01 1.9911e-01 1.9911e-01 1.9911e-01 2.0463e-01 2.0384e-01 1.9205e-01 -5.0285e-02 -5.0285e-02 -7.1122e-02 1.9283e-01 3.3853e-01 2.9717e-01 2.9717e-01 3.1073e-01 2.9717e-01 2.1004e-01 -8.8445e-02 3.5425e-01 3.5425e-01 -1.2117e-01 3.4832e-01 5.1557e-01 2.6006e-01 -5.0285e-02 -1.8764e-02 1.8664e-01 2.5417e-01 5.4667e-01 1.3242e-01 -5.1960e-02 2.6935e-01 2.6935e-01 2.6537e-01 -5.1960e-02 2.6782e-01 1.1336e-01 1.6140e-01 7.6235e-02 2.0937e-01 1.7624e-01 2.1015e-01 -1.8764e-02 -1.1183e-01 -1.1051e-01 -1.0543e-01 -1.1835e-01 -1.0579e-01 -1.0658e-01 -6.3897e-02 -8.2698e-02 -9.4404e-02 -9.4404e-02 -9.3725e-02 -7.5902e-02 -8.9959e-02 -8.5120e-02 -8.7125e-02 -7.5248e-02 -9.6085e-02 -1.1116e-01 -9.9894e-02 -8.9120e-02 -7.5544e-02 1.1020e-01 8.6057e-02 -8.0872e-02 -9.9409e-02 -2.2532e-02 -6.5260e-02 -1.1857e-01 -1.3207e-01 -1.3199e-01 7.5556e-02 -1.3199e-01 -1.3438e-01 -1.3199e-01 3.1408e-01 -1.4388e-01 -1.3361e-01 -1.3352e-01 -1.4038e-01 -1.4038e-01 -1.3352e-01 -1.3352e-01 -1.3199e-01 -1.3199e-01 -1.3199e-01 3.0717e-01 -1.4684e-01 -1.4038e-01 -1.4539e-01 -1.4612e-01 -1.4612e-01 -1.4539e-01 -1.4539e-01 3.1408e-01 -1.3792e-01 -1.4539e-01 -1.4539e-01 -1.4684e-01 -1.4539e-01 -1.4467e-01 -1.4394e-01 -1.4467e-01 -1.3640e-01 1.4314e-01 -1.4394e-01 3.1728e-01 -1.4394e-01 3.0717e-01 -1.4321e-01
