1.0000e+00 -1.9863e-01 2.0158e-02 4.9080e-02 -2.9605e-02 -7.6892e-03 -1.0386e-02 3.5740e-03 -2.8246e-02 -4.1385e-02 2.6515e-02 -1.6738e-02 -5.8318e-02 2.2253e-02 -3.5893e-02
-1.9863e-01 1.0000e+00 -3.8372e-02 -2.5266e-02 9.7566e-02 3.6117e-02 4.2268e-02 -2.0349e-02 -2.2129e-02 2.8501e-02 -9.3733e-02 -4.7933e-02 1.9830e-02 -5.4509e-02 1.6184e-02
2.0158e-02 -3.8372e-02 1.0000e+00 -1.0642e-02 -2.9843e-02 -1.5338e-02 -1.5844e-02 -6.3558e-02 -1.9446e-02 -7.1280e-02 1.8647e-02 1.0927e-02 -4.0441e-02 3.6099e-02 -1.6667e-02
4.9080e-02 -2.5266e-02 -1.0642e-02 1.0000e+00 -4.4801e-02 -3.9499e-02 -3.9800e-02 3.5736e-02 -1.2804e-02 -5.8055e-03 4.8537e-02 -1.8114e-02 -9.2478e-03 -5.6995e-02 -1.0975e-02
-2.9605e-02 9.7566e-02 -2.9843e-02 -4.4801e-02 1.0000e+00 5.9334e-01 5.9049e-01 -3.5687e-01 1.4047e-02 5.0537e-02 -8.5707e-02 -2.2979e-04 3.1793e-02 4.2006e-02 2.2518e-02
-7.6892e-03 3.6117e-02 -1.5338e-02 -3.9499e-02 5.9334e-01 1.0000e+00 9.9150e-01 -5.7445e-01 -3.4806e-02 1.5237e-01 -2.2228e-01 -4.6642e-02 2.1477e-02 6.5083e-02 5.9027e-02
-1.0386e-02 4.2268e-02 -1.5844e-02 -3.9800e-02 5.9049e-01 9.9150e-01 1.0000e+00 -5.7695e-01 -3.5397e-02 1.4990e-01 -2.2144e-01 -4.7480e-02 2.7208e-02 6.1037e-02 5.8423e-02
3.5740e-03 -2.0349e-02 -6.3558e-02 3.5736e-02 -3.5687e-01 -5.7445e-01 -5.7695e-01 1.0000e+00 -1.9518e-02 1.6095e-01 4.5348e-01 2.5347e-02 -5.9937e-03 -2.3876e-02 -3.5016e-03
-2.8246e-02 -2.2129e-02 -1.9446e-02 -1.2804e-02 1.4047e-02 -3.4806e-02 -3.5397e-02 -1.9518e-02 1.0000e+00 -2.6113e-01 -1.3216e-01 -9.2745e-04 4.5366e-02 -1.4817e-03 -2.0055e-02
-4.1385e-02 2.8501e-02 -7.1280e-02 -5.8055e-03 5.0537e-02 1.5237e-01 1.4990e-01 1.6095e-01 -2.6113e-01 1.0000e+00 4.0475e-01 -5.5569e-03 1.8594e-02 3.2644e-02 4.1431e-02
2.6515e-02 -9.3733e-02 1.8647e-02 4.8537e-02 -8.5707e-02 -2.2228e-01 -2.2144e-01 4.5348e-01 -1.3216e-01 4.0475e-01 1.0000e+00 2.6881e-02 -5.6414e-03 4.9323e-02 -3.5332e-02
-1.6738e-02 -4.7933e-02 1.0927e-02 -1.8114e-02 -2.2979e-04 -4.6642e-02 -4.7480e-02 2.5347e-02 -9.2745e-04 -5.5569e-03 2.6881e-02 1.0000e+00 8.0439e-03 5.0621e-02 8.9377e-03
-5.8318e-02 1.9830e-02 -4.0441e-02 -9.2478e-03 3.1793e-02 2.1477e-02 2.7208e-02 -5.9937e-03 4.5366e-02 1.8594e-02 -5.6414e-03 8.0439e-03 1.0000e+00 -4.3124e-02 3.6757e-02
2.2253e-02 -5.4509e-02 3.6099e-02 -5.6995e-02 4.2006e-02 6.5083e-02 6.1037e-02 -2.3876e-02 -1.4817e-03 3.2644e-02 4.9323e-02 5.0621e-02 -4.3124e-02 1.0000e+00 -3.2830e-03
-3.5893e-02 1.6184e-02 -1.6667e-02 -1.0975e-02 2.2518e-02 5.9027e-02 5.8423e-02 -3.5016e-03 -2.0055e-02 4.1431e-02 -3.5332e-02 8.9377e-03 3.6757e-02 -3.2830e-03 1.0000e+00
