1.0000e+00 -2.5296e-01 -1.6228e-01 3.1917e-01 7.1091e-02 -3.6259e-02 2.6125e-02 -3.4864e-02 -7.1811e-02 -2.8576e-02 -2.9472e-02 -1.8960e-02 8.4074e-02 1.9091e-02 2.0006e-02 5.7211e-02 -6.0458e-02 -8.2022e-02 1.8429e-02 1.4173e-02 -3.4446e-03 6.5997e-02 -1.8362e-02 -6.7224e-02 2.6097e-02 -6.1894e-03 -1.5925e-02 3.6809e-02 -3.5043e-02 3.3303e-02 2.7680e-03 -1.1053e-02 -2.4834e-02 -2.9290e-02 -5.7265e-02
-2.5296e-01 1.0000e+00 2.7469e-01 -2.0384e-01 6.1204e-02 -8.5795e-02 1.0478e-01 -4.7888e-03 1.0504e-01 7.9856e-02 2.5842e-02 -2.0254e-02 -6.4305e-02 -5.8979e-02 4.7819e-02 -9.0903e-02 3.6942e-02 9.1776e-03 -5.4421e-02 1.3688e-02 -5.7814e-02 9.6483e-03 -3.2294e-02 2.7468e-02 -5.6268e-02 2.2117e-02 -6.6974e-02 -7.1670e-02 3.9012e-02 3.1584e-02 3.5311e-02 -5.7621e-02 5.9002e-02 5.8982e-02 -5.9298e-02
-1.6228e-01 2.7469e-01 1.0000e+00 2.6698e-01 -2.1319e-02 -3.1762e-02 9.3765e-02 -4.0092e-02 8.5033e-02 -2.8713e-02 1.5242e-02 1.7282e-02 -1.3020e-02 2.9565e-02 1.7064e-02 -4.5372e-02 1.1482e-01 -4.9701e-03 -5.9002e-02 -6.2548e-03 -8.7073e-02 6.1114e-02 3.3119e-02 -7.8810e-03 -1.8161e-02 7.2506e-02 -7.1867e-02 -3.1600e-02 1.5691e-02 -1.9621e-04 5.8644e-03 -4.6310e-02 2.1366e-02 1.1585e-02 -3.1210e-02
3.1917e-01 -2.0384e-01 2.6698e-01 1.0000e+00 1.0948e-02 2.5546e-02 1.4392e-02 4.3179e-02 -6.0410e-02 -5.3700e-02 -2.9420e-02 -8.5061e-02 -1.0966e-03 5.0526e-03 -5.5524e-03 -3.2315e-03 -2.5803e-02 -2.8891e-02 1.7624e-02 -3.3623e-02 -1.2451e-02 3.7318e-02 -4.5515e-02 -7.1496e-02 -1.7682e-02 5.0734e-02 3.0362e-02 2.3873e-02 -2.4194e-02 3.4872e-02 2.4212e-02 -2.8164e-03 -2.1138e-02 -2.7278e-02 1.0010e-02
7.1091e-02 6.1204e-02 -2.1319e-02 1.0948e-02 1.0000e+00 3.9852e-01 3.7977e-01 -5.7336e-02 1.2253e-02 -8.3279e-02 -2.0169e-02 -4.9387e-02 2.6709e-02 -5.2065e-02 2.1553e-02 -7.6011e-02 7.3242e-02 1.5753e-02 -1.9856e-02 -5.9894e-03 -1.4706e-01 3.9113e-02 5.5205e-02 -5.1162e-02 -4.0223e-02 -1.4252e-03 -5.3500e-02 -5.9461e-02 -3.0654e-02 3.1870e-02 3.4711e-02 2.2188e-02 -5.5259e-03 -1.4271e-03 -4.8552e-02
-3.6259e-02 -8.5795e-02 -3.1762e-02 2.5546e-02 3.9852e-01 1.0000e+00 -2.1699e-01 -3.4766e-02 -9.3356e-02 -2.7267e-01 -3.8781e-02 -3.9383e-02 1.7769e-02 -1.0961e-02 -5.0093e-02 6.7869e-02 4.5095e-02 3.1502e-02 4.8046e-02 -1.9382e-02 -1.0302e-01 1.1389e-01 3.9611e-02 -3.2488e-02 3.0184e-02 1.2037e-02 3.0729e-03 -2.7402e-02 -1.3695e-02 7.5271e-02 7.4285e-02 9.0977e-04 9.0819e-02 9.3648e-02 -3.2277e-02
2.6125e-02 1.0478e-01 9.3765e-02 1.4392e-02 3.7977e-01 -2.1699e-01 1.0000e+00 -8.8380e-02 1.0354e-01 6.6899e-02 4.3610e-02 -6.6947e-02 3.5942e-02 8.6049e-02 1.2744e-01 -8.5977e-02 4.2932e-02 4.4744e-02 -5.7735e-02 -3.6058e-02 -8.4739e-02 -3.4394e-02 2.2060e-02 -6.3131e-02 -3.9170e-02 -1.2441e-02 -3.0837e-02 -2.1154e-02 -7.7173e-02 -1.8924e-02 -1.7601e-02 1.8558e-02 -5.4571e-02 -4.2227e-02 -1.0731e-02
-3.4864e-02 -4.7888e-03 -4.0092e-02 4.3179e-02 -5.7336e-02 -3.4766e-02 -8.8380e-02 1.0000e+00 -4.3398e-02 2.8144e-02 -1.2417e-02 -2.7188e-02 -5.1057e-02 -1.8106e-02 4.0322e-02 -4.6667e-02 -2.5581e-02 -3.1732e-02 -3.5387e-03 1.5341e-03 6.2655e-02 5.9219e-02 1.4757e-02 -1.5103e-02 -2.3510e-02 1.0594e-01 1.5412e-01 -1.2738e-02 3.3007e-02 -5.7916e-02 -3.3300e-02 -3.5032e-02 -4.0092e-02 -3.9605e-02 1.4249e-02
-7.1811e-02 1.0504e-01 8.5033e-02 -6.0410e-02 1.2253e-02 -9.3356e-02 1.0354e-01 -4.3398e-02 1.0000e+00 7.5574e-02 -1.0467e-01 6.4791e-03 -1.1494e-01 -4.8619e-02 6.2831e-02 -1.0595e-01 1.2820e-02 2.5487e-02 -3.9121e-03 -1.7331e-02 -2.7117e-02 -3.7508e-02 1.6717e-02 -1.2801e-02 -7.1260e-03 -2.9329e-02 -4.1185e-02 -1.4334e-03 4.3321e-02 -5.3499e-02 -6.7694e-02 -3.0600e-02 -3.9649e-02 -3.7658e-02 2.0134e-02
-2.8576e-02 7.9856e-02 -2.8713e-02 -5.3700e-02 -8.3279e-02 -2.7267e-01 6.6899e-02 2.8144e-02 7.5574e-02 1.0000e+00 4.6551e-01 2.4314e-02 8.7093e-02 3.1529e-02 2.2114e-01 3.4507e-02 -1.8026e-01 3.5211e-02 2.3517e-02 5.5753e-02 1.3717e-01 -1.0584e-01 -3.9924e-02 2.6300e-02 6.3069e-02 -9.3770e-03 4.1439e-02 2.2182e-02 -6.4192e-03 -3.9499e-02 -4.6117e-02 2.4223e-02 -6.1556e-02 -4.7139e-02 6.5649e-02
-2.9472e-02 2.5842e-02 1.5242e-02 -2.9420e-02 -2.0169e-02 -3.8781e-02 4.3610e-02 -1.2417e-02 -1.0467e-01 4.6551e-01 1.0000e+00 4.5192e-02 1.6638e-01 3.0095e-02 2.9063e-01 1.0984e-01 -2.2488e-01 -1.3549e-01 -5.8094e-02 5.3217e-02 8.6327e-02 -1.1258e-01 -6.9054e-02 2.5103e-02 1.9069e-02 -4.0332e-02 3.7900e-02 2.1173e-02 -1.1740e-02 2.7587e-02 -1.6216e-02 3.9042e-02 -3.6155e-02 -3.7999e-02 4.6339e-02
-1.8960e-02 -2.0254e-02 1.7282e-02 -8.5061e-02 -4.9387e-02 -3.9383e-02 -6.6947e-02 -2.7188e-02 6.4791e-03 2.4314e-02 4.5192e-02 1.0000e+00 -1.6839e-01 -3.0459e-02 -4.2258e-01 -8.7414e-02 3.9049e-03 -1.2009e-02 -1.1773e-03 2.7452e-01 7.0001e-02 -2.3498e-02 1.3248e-01 -2.5407e-02 1.3704e-01 -1.4079e-02 -1.9575e-02 -2.1429e-02 1.5383e-02 -3.0781e-02 1.3934e-02 -1.9997e-03 -1.6609e-02 -1.5279e-02 1.1925e-02
8.4074e-02 -6.4305e-02 -1.3020e-02 -1.0966e-03 2.6709e-02 1.7769e-02 3.5942e-02 -5.1057e-02 -1.1494e-01 8.7093e-02 1.6638e-01 -1.6839e-01 1.0000e+00 1.8088e-01 3.7624e-01 4.9526e-01 1.7415e-02 -1.6172e-01 -1.1083e-01 8.9620e-03 -7.1058e-02 2.6516e-02 -1.2066e-01 1.3342e-01 -4.8890e-02 -4.4042e-03 4.8018e-03 6.5412e-02 -5.2100e-02 1.1789e-02 4.5692e-02 1.4597e-02 8.3703e-03 -4.3669e-04 5.8943e-03
1.9091e-02 -5.8979e-02 2.9565e-02 5.0526e-03 -5.2065e-02 -1.0961e-02 8.6049e-02 -1.8106e-02 -4.8619e-02 3.1529e-02 3.0095e-02 -3.0459e-02 1.8088e-01 1.0000e+00 6.8054e-02 2.2179e-01 -5.5107e-02 -3.5549e-02 -3.8948e-02 -3.5868e-02 6.2783e-02 -1.5649e-02 8.8222e-02 -1.6919e-02 1.2532e-01 -2.7040e-02 -3.8648e-02 -1.4271e-02 -2.1836e-02 -2.7327e-02 -3.1436e-03 -3.9246e-02 2.9565e-02 5.5936e-02 -1.9331e-02
2.0006e-02 4.7819e-02 1.7064e-02 -5.5524e-03 2.1553e-02 -5.0093e-02 1.2744e-01 4.0322e-02 6.2831e-02 2.2114e-01 2.9063e-01 -4.2258e-01 3.7624e-01 6.8054e-02 1.0000e+00 2.1092e-01 -5.0485e-02 3.2269e-02 -2.1078e-01 -6.3087e-02 -7.7967e-02 -6.5183e-02 -1.4550e-01 5.6766e-02 -1.4613e-01 2.0999e-02 -1.7587e-03 -3.6358e-03 1.9709e-02 9.4790e-03 -2.4127e-02 -8.7819e-02 -3.6387e-02 -4.0098e-02 -7.4136e-02
5.7211e-02 -9.0903e-02 -4.5372e-02 -3.2315e-03 -7.6011e-02 6.7869e-02 -8.5977e-02 -4.6667e-02 -1.0595e-01 3.4507e-02 1.0984e-01 -8.7414e-02 4.9526e-01 2.2179e-01 2.1092e-01 1.0000e+00 -1.7948e-01 -1.0907e-01 -8.4874e-02 2.2940e-02 1.7345e-02 3.2382e-02 -1.6463e-01 -2.0282e-02 -1.5488e-02 7.3523e-03 7.0367e-02 7.0339e-02 -3.3054e-02 3.6053e-02 4.1130e-02 -9.8046e-04 6.4716e-02 5.1900e-02 3.1174e-02
-6.0458e-02 3.6942e-02 1.1482e-01 -2.5803e-02 7.3242e-02 4.5095e-02 4.2932e-02 -2.5581e-02 1.2820e-02 -1.8026e-01 -2.2488e-01 3.9049e-03 1.7415e-02 -5.5107e-02 -5.0485e-02 -1.7948e-01 1.0000e+00 -9.6579e-02 -7.0989e-02 -9.7445e-02 -4.0322e-01 6.6313e-02 3.0361e-01 -4.5966e-02 -1.1874e-01 2.3248e-02 -3.4884e-02 2.0776e-02 -3.5234e-02 5.8166e-02 1.8584e-02 -7.2027e-02 2.2140e-02 2.5072e-02 -1.0851e-01
-8.2022e-02 9.1776e-03 -4.9701e-03 -2.8891e-02 1.5753e-02 3.1502e-02 4.4744e-02 -3.1732e-02 2.5487e-02 3.5211e-02 -1.3549e-01 -1.2009e-02 -1.6172e-01 -3.5549e-02 3.2269e-02 -1.0907e-01 -9.6579e-02 1.0000e+00 6.4755e-02 -6.2861e-02 2.0671e-02 -2.7425e-02 -1.2861e-01 -2.9652e-02 -1.8334e-02 -4.7389e-02 -7.8199e-04 -2.5010e-02 3.6417e-02 -6.3511e-02 -3.8562e-02 1.3809e-02 -6.3967e-02 -6.2863e-02 2.0113e-02
1.8429e-02 -5.4421e-02 -5.9002e-02 1.7624e-02 -1.9856e-02 4.8046e-02 -5.7735e-02 -3.5387e-03 -3.9121e-03 2.3517e-02 -5.8094e-02 -1.1773e-03 -1.1083e-01 -3.8948e-02 -2.1078e-01 -8.4874e-02 -7.0989e-02 6.4755e-02 1.0000e+00 -6.8872e-02 1.9779e-01 2.9382e-01 2.9132e-01 -3.2488e-02 5.1962e-01 1.2037e-02 -1.2384e-02 1.1979e-02 -3.7895e-02 -4.0110e-02 -2.2100e-02 9.2432e-02 -1.8142e-02 -1.6410e-02 1.2262e-01
1.4173e-02 1.3688e-02 -6.2548e-03 -3.3623e-02 -5.9894e-03 -1.9382e-02 -3.6058e-02 1.5341e-03 -1.7331e-02 5.5753e-02 5.3217e-02 2.7452e-01 8.9620e-03 -3.5868e-02 -6.3087e-02 2.2940e-02 -9.7445e-02 -6.2861e-02 -6.8872e-02 1.0000e+00 1.7216e-01 -2.7671e-02 2.4896e-01 -2.9918e-02 4.5299e-01 -4.7814e-02 -1.8522e-02 -2.5235e-02 4.7210e-03 3.1370e-02 5.1973e-02 -3.6622e-02 -6.4788e-02 -6.3678e-02 -6.5387e-02
-3.4446e-03 -5.7814e-02 -8.7073e-02 -1.2451e-02 -1.4706e-01 -1.0302e-01 -8.4739e-02 6.2655e-02 -2.7117e-02 1.3717e-01 8.6327e-02 7.0001e-02 -7.1058e-02 6.2783e-02 -7.7967e-02 1.7345e-02 -4.0322e-01 2.0671e-02 1.9779e-01 1.7216e-01 1.0000e+00 8.2733e-02 8.3359e-02 8.9452e-02 3.5435e-01 7.5227e-02 7.3383e-02 1.2893e-02 -2.4651e-02 -8.6810e-02 -7.0709e-02 1.1057e-01 -1.0150e-01 -8.5937e-02 8.9898e-02
6.5997e-02 9.6483e-03 6.1114e-02 3.7318e-02 3.9113e-02 1.1389e-01 -3.4394e-02 5.9219e-02 -3.7508e-02 -1.0584e-01 -1.1258e-01 -2.3498e-02 2.6516e-02 -1.5649e-02 -6.5183e-02 3.2382e-02 6.6313e-02 -2.7425e-02 2.9382e-01 -2.7671e-02 8.2733e-02 1.0000e+00 1.2337e-01 -1.3053e-02 2.2057e-01 1.7900e-01 -2.9816e-02 -1.1010e-02 9.6219e-03 -5.9714e-02 -4.7605e-02 5.4727e-03 -3.4650e-02 -3.4230e-02 -1.0375e-02
-1.8362e-02 -3.2294e-02 3.3119e-02 -4.5515e-02 5.5205e-02 3.9611e-02 2.2060e-02 1.4757e-02 1.6717e-02 -3.9924e-02 -6.9054e-02 1.3248e-01 -1.2066e-01 8.8222e-02 -1.4550e-01 -1.6463e-01 3.0361e-01 -1.2861e-01 2.9132e-01 2.4896e-01 8.3359e-02 1.2337e-01 1.0000e+00 -1.0581e-01 5.5429e-01 6.0265e-02 -8.3317e-02 -6.9067e-02 2.1517e-02 1.8051e-02 4.2065e-02 -8.1322e-02 -1.7687e-03 1.1497e-02 -8.4927e-02
-6.7224e-02 2.7468e-02 -7.8810e-03 -7.1496e-02 -5.1162e-02 -3.2488e-02 -6.3131e-02 -1.5103e-02 -1.2801e-02 2.6300e-02 2.5103e-02 -2.5407e-02 1.3342e-01 -1.6919e-02 5.6766e-02 -2.0282e-02 -4.5966e-02 -2.9652e-02 -3.2488e-02 -2.9918e-02 8.9452e-02 -1.3053e-02 -1.0581e-01 1.0000e+00 -5.9177e-02 -2.2554e-02 3.4907e-02 -1.1904e-02 -6.5520e-02 -6.7546e-02 -5.1471e-02 -3.2736e-02 -3.7464e-02 -3.7010e-02 1.0794e-01
2.6097e-02 -5.6268e-02 -1.8161e-02 -1.7682e-02 -4.0223e-02 3.0184e-02 -3.9170e-02 -2.3510e-02 -7.1260e-03 6.3069e-02 1.9069e-02 1.3704e-01 -4.8890e-02 1.2532e-01 -1.4613e-01 -1.5488e-02 -1.1874e-01 -1.8334e-02 5.1962e-01 4.5299e-01 3.5435e-01 2.2057e-01 5.5429e-01 -5.9177e-02 1.0000e+00 2.7751e-02 -3.6635e-02 -2.4807e-02 -4.3759e-03 -1.1511e-02 -1.0995e-02 -1.1213e-03 -7.0260e-02 -5.8710e-02 1.2627e-02
-6.1894e-03 2.2117e-02 7.2506e-02 5.0734e-02 -1.4252e-03 1.2037e-02 -1.2441e-02 1.0594e-01 -2.9329e-02 -9.3770e-03 -4.0332e-02 -1.4079e-02 -4.4042e-03 -2.7040e-02 2.0999e-02 7.3523e-03 2.3248e-02 -4.7389e-02 1.2037e-02 -4.7814e-02 7.5227e-02 1.7900e-01 6.0265e-02 -2.2554e-02 2.7751e-02 1.0000e+00 1.8456e-01 -1.9024e-02 1.1370e-01 -9.0784e-02 -6.7388e-02 -5.2318e-02 -5.9873e-02 -5.9147e-02 -9.6341e-02
-1.5925e-02 -6.6974e-02 -7.1867e-02 3.0362e-02 -5.3500e-02 3.0729e-03 -3.0837e-02 1.5412e-01 -4.1185e-02 4.1439e-02 3.7900e-02 -1.9575e-02 4.8018e-03 -3.8648e-02 -1.7587e-03 7.0367e-02 -3.4884e-02 -7.8199e-04 -1.2384e-02 -1.8522e-02 7.3383e-02 -2.9816e-02 -8.3317e-02 3.4907e-02 -3.6635e-02 1.8456e-01 1.0000e+00 3.6925e-01 -1.3864e-01 6.2010e-02 -4.2106e-02 9.4134e-02 -8.5579e-02 -8.4541e-02 1.3518e-01
3.6809e-02 -7.1670e-02 -3.1600e-02 2.3873e-02 -5.9461e-02 -2.7402e-02 -2.1154e-02 -1.2738e-02 -1.4334e-03 2.2182e-02 2.1173e-02 -2.1429e-02 6.5412e-02 -1.4271e-02 -3.6358e-03 7.0339e-02 2.0776e-02 -2.5010e-02 1.1979e-02 -2.5235e-02 1.2893e-02 -1.1010e-02 -6.9067e-02 -1.1904e-02 -2.4807e-02 -1.9024e-02 3.6925e-01 1.0000e+00 -1.2915e-01 -7.2071e-02 -4.3414e-02 -2.7612e-02 -3.1600e-02 -3.1216e-02 9.8138e-02
-3.5043e-02 3.9012e-02 1.5691e-02 -2.4194e-02 -3.0654e-02 -1.3695e-02 -7.7173e-02 3.3007e-02 4.3321e-02 -6.4192e-03 -1.1740e-02 1.5383e-02 -5.2100e-02 -2.1836e-02 1.9709e-02 -3.3054e-02 -3.5234e-02 3.6417e-02 -3.7895e-02 4.7210e-03 -2.4651e-02 9.6219e-03 2.1517e-02 -6.5520e-02 -4.3759e-03 1.1370e-01 -1.3864e-01 -1.2915e-01 1.0000e+00 -2.0402e-01 -4.6454e-02 -2.8306e-01 1.2302e-01 1.2606e-01 -3.1329e-01
3.3303e-02 3.1584e-02 -1.9621e-04 3.4872e-02 3.1870e-02 7.5271e-02 -1.8924e-02 -5.7916e-02 -5.3499e-02 -3.9499e-02 2.7587e-02 -3.0781e-02 1.1789e-02 -2.7327e-02 9.4790e-03 3.6053e-02 5.8166e-02 -6.3511e-02 -4.0110e-02 3.1370e-02 -8.6810e-02 -5.9714e-02 1.8051e-02 -6.7546e-02 -1.1511e-02 -9.0784e-02 6.2010e-02 -7.2071e-02 -2.0402e-01 1.0000e+00 5.6788e-01 -1.3270e-01 4.0921e-01 3.9621e-01 -1.3634e-01
2.7680e-03 3.5311e-02 5.8644e-03 2.4212e-02 3.4711e-02 7.4285e-02 -1.7601e-02 -3.3300e-02 -6.7694e-02 -4.6117e-02 -1.6216e-02 1.3934e-02 4.5692e-02 -3.1436e-03 -2.4127e-02 4.1130e-02 1.8584e-02 -3.8562e-02 -2.2100e-02 5.1973e-02 -7.0709e-02 -4.7605e-02 4.2065e-02 -5.1471e-02 -1.0995e-02 -6.7388e-02 -4.2106e-02 -4.3414e-02 -4.6454e-02 5.6788e-01 1.0000e+00 -1.0875e-01 7.0887e-01 6.9025e-01 -1.3883e-01
-1.1053e-02 -5.7621e-02 -4.6310e-02 -2.8164e-03 2.2188e-02 9.0977e-04 1.8558e-02 -3.5032e-02 -3.0600e-02 2.4223e-02 3.9042e-02 -1.9997e-03 1.4597e-02 -3.9246e-02 -8.7819e-02 -9.8046e-04 -7.2027e-02 1.3809e-02 9.2432e-02 -3.6622e-02 1.1057e-01 5.4727e-03 -8.1322e-02 -3.2736e-02 -1.1213e-03 -5.2318e-02 9.4134e-02 -2.7612e-02 -2.8306e-01 -1.3270e-01 -1.0875e-01 1.0000e+00 -8.6903e-02 -8.5849e-02 5.4304e-01
-2.4834e-02 5.9002e-02 2.1366e-02 -2.1138e-02 -5.5259e-03 9.0819e-02 -5.4571e-02 -4.0092e-02 -3.9649e-02 -6.1556e-02 -3.6155e-02 -1.6609e-02 8.3703e-03 2.9565e-02 -3.6387e-02 6.4716e-02 2.2140e-02 -6.3967e-02 -1.8142e-02 -6.4788e-02 -1.0150e-01 -3.4650e-02 -1.7687e-03 -3.7464e-02 -7.0260e-02 -5.9873e-02 -8.5579e-02 -3.1600e-02 1.2302e-01 4.0921e-01 7.0887e-01 -8.6903e-02 1.0000e+00 9.7567e-01 -8.2738e-02
-2.9290e-02 5.8982e-02 1.1585e-02 -2.7278e-02 -1.4271e-03 9.3648e-02 -4.2227e-02 -3.9605e-02 -3.7658e-02 -4.7139e-02 -3.7999e-02 -1.5279e-02 -4.3669e-04 5.5936e-02 -4.0098e-02 5.1900e-02 2.5072e-02 -6.2863e-02 -1.6410e-02 -6.3678e-02 -8.5937e-02 -3.4230e-02 1.1497e-02 -3.7010e-02 -5.8710e-02 -5.9147e-02 -8.4541e-02 -3.1216e-02 1.2606e-01 3.9621e-01 6.9025e-01 -8.5849e-02 9.7567e-01 1.0000e+00 -9.7367e-02
-5.7265e-02 -5.9298e-02 -3.1210e-02 1.0010e-02 -4.8552e-02 -3.2277e-02 -1.0731e-02 1.4249e-02 2.0134e-02 6.5649e-02 4.6339e-02 1.1925e-02 5.8943e-03 -1.9331e-02 -7.4136e-02 3.1174e-02 -1.0851e-01 2.0113e-02 1.2262e-01 -6.5387e-02 8.9898e-02 -1.0375e-02 -8.4927e-02 1.0794e-01 1.2627e-02 -9.6341e-02 1.3518e-01 9.8138e-02 -3.1329e-01 -1.3634e-01 -1.3883e-01 5.4304e-01 -8.2738e-02 -9.7367e-02 1.0000e+00
