1.0000e+00 -3.2684e-02 -3.2324e-02 -3.2324e-02 -3.2324e-02 -3.0097e-02 -3.1227e-02 -3.1227e-02 -3.0097e-02 -3.0097e-02 -1.6707e-02 -2.8532e-02 -2.8129e-02 -2.8129e-02 -2.5156e-02 -2.6466e-02 2.2107e-02 -3.9314e-02 -3.1962e-02 -3.2324e-02 -3.9930e-02 -4.8663e-02 -3.5636e-02 1.7844e-01 -6.6895e-02 -2.9485e-02 -5.4792e-02 -6.0680e-02 -6.1685e-02 -1.5704e-02 -5.5313e-02 -3.5521e-02 -7.4685e-03 -1.7218e-02 -5.5501e-02 -5.3728e-03 -5.5501e-02 -5.3728e-03 -5.3728e-03 -5.3728e-03 -5.3728e-03 -5.5501e-02 8.8862e-03 -1.7218e-02 7.8057e-02 7.6510e-03 -5.4999e-02 -5.4243e-02 -5.4999e-02 2.3765e-02 2.3765e-02 2.3765e-02 -2.3408e-03 -2.6321e-03 -2.9234e-03 -5.8220e-02 2.4726e-02 2.4726e-02 -5.8464e-02 -6.7386e-02 -9.8564e-03 3.1085e-02 2.4705e-02 -2.5133e-04
-3.2684e-02 1.0000e+00 9.8901e-01 9.8901e-01 9.6692e-01 8.9727e-01 8.8703e-01 8.8703e-01 8.9727e-01 8.9727e-01 4.2858e-01 5.2611e-01 5.3429e-01 5.3429e-01 7.2918e-02 6.5719e-02 1.7102e-01 3.4839e-01 1.2960e-01 3.8835e-02 3.4200e-01 -4.1210e-02 -1.0393e-01 -3.1880e-02 1.6559e-01 -5.4611e-02 1.5896e-01 1.7408e-01 1.7083e-01 -5.2816e-02 1.8061e-01 -7.2328e-02 -7.9546e-02 3.4788e-01 -7.1042e-02 -7.6635e-02 -7.1042e-02 -7.6635e-02 -7.6635e-02 -7.6635e-02 -7.6635e-02 -7.1042e-02 -7.7052e-02 3.4788e-01 -1.4454e-01 -8.8455e-02 -7.0178e-02 -6.8870e-02 -7.0178e-02 -6.6864e-02 -6.6864e-02 -6.6864e-02 6.0496e-02 6.0057e-02 5.9619e-02 -7.5697e-02 -6.5595e-02 -6.5595e-02 -7.6113e-02 -5.2294e-02 8.2433e-02 -5.9549e-02 -4.1210e-02 -7.1716e-02
-3.2324e-02 9.8901e-01 1.0000e+00 1.0000e+00 9.7768e-01 9.0726e-01 8.7392e-01 8.7392e-01 9.0726e-01 9.0726e-01 4.3343e-01 5.3232e-01 5.4057e-01 5.4057e-01 7.4463e-02 6.7234e-02 1.6493e-01 3.5316e-01 1.3193e-01 4.0268e-02 3.4672e-01 -3.9463e-02 -1.0024e-01 -3.1529e-02 1.6994e-01 -5.1041e-02 1.6289e-01 1.7833e-01 1.7507e-01 -5.9292e-02 1.8477e-01 -7.1241e-02 -7.6830e-02 3.5276e-01 -6.9966e-02 -7.3943e-02 -6.9966e-02 -7.3943e-02 -7.3943e-02 -7.3943e-02 -7.3943e-02 -6.9966e-02 -7.4356e-02 3.5276e-01 -1.4900e-01 -8.5844e-02 -6.9110e-02 -6.7813e-02 -6.9110e-02 -6.4073e-02 -6.4073e-02 -6.4073e-02 5.6684e-02 5.6251e-02 5.5817e-02 -7.4580e-02 -6.2814e-02 -6.2814e-02 -7.4992e-02 -5.0126e-02 8.7628e-02 -7.0939e-02 -3.9463e-02 -6.8351e-02
-3.2324e-02 9.8901e-01 1.0000e+00 1.0000e+00 9.7768e-01 9.0726e-01 8.7392e-01 8.7392e-01 9.0726e-01 9.0726e-01 4.3343e-01 5.3232e-01 5.4057e-01 5.4057e-01 7.4463e-02 6.7234e-02 1.6493e-01 3.5316e-01 1.3193e-01 4.0268e-02 3.4672e-01 -3.9463e-02 -1.0024e-01 -3.1529e-02 1.6994e-01 -5.1041e-02 1.6289e-01 1.7833e-01 1.7507e-01 -5.9292e-02 1.8477e-01 -7.1241e-02 -7.6830e-02 3.5276e-01 -6.9966e-02 -7.3943e-02 -6.9966e-02 -7.3943e-02 -7.3943e-02 -7.3943e-02 -7.3943e-02 -6.9966e-02 -7.4356e-02 3.5276e-01 -1.4900e-01 -8.5844e-02 -6.9110e-02 -6.7813e-02 -6.9110e-02 -6.4073e-02 -6.4073e-02 -6.4073e-02 5.6684e-02 5.6251e-02 5.5817e-02 -7.4580e-02 -6.2814e-02 -6.2814e-02 -7.4992e-02 -5.0126e-02 8.7628e-02 -7.0939e-02 -3.9463e-02 -6.8351e-02
-3.2324e-02 9.6692e-01 9.7768e-01 9.7768e-01 1.0000e+00 9.3108e-01 8.9695e-01 8.9695e-01 9.3108e-01 9.3108e-01 4.3343e-01 5.3232e-01 5.4057e-01 5.4057e-01 7.4463e-02 6.7234e-02 1.7558e-01 3.5316e-01 1.3193e-01 4.0268e-02 3.4672e-01 -3.9463e-02 -1.0966e-01 -3.1529e-02 1.8090e-01 -6.0546e-02 1.7473e-01 1.8970e-01 1.8638e-01 -6.8969e-02 1.9658e-01 -7.1241e-02 -8.6655e-02 3.7017e-01 -6.9966e-02 -8.3812e-02 -6.9966e-02 -8.3812e-02 -8.3812e-02 -8.3812e-02 -8.3812e-02 -6.9966e-02 -8.4219e-02 3.7017e-01 -1.5938e-01 -9.5682e-02 -6.9110e-02 -6.7813e-02 -6.9110e-02 -7.3943e-02 -7.3943e-02 -7.3943e-02 6.6124e-02 6.5691e-02 6.5259e-02 -7.4580e-02 -7.2703e-02 -7.2703e-02 -7.4992e-02 -5.0126e-02 9.7076e-02 -7.0939e-02 -3.9463e-02 -6.8351e-02
-3.0097e-02 8.9727e-01 9.0726e-01 9.0726e-01 9.3108e-01 1.0000e+00 9.6381e-01 9.6381e-01 1.0000e+00 1.0000e+00 4.6607e-01 5.7406e-01 5.8278e-01 5.8278e-01 8.4674e-02 7.7229e-02 2.0558e-01 3.8507e-01 1.4742e-01 4.9657e-02 3.7832e-01 -6.8065e-02 -9.6752e-02 -2.9357e-02 1.9854e-01 -4.8386e-02 1.8879e-01 2.0634e-01 2.0305e-01 -6.0040e-02 2.1224e-01 -6.4418e-02 -8.0460e-02 3.8538e-01 -6.3212e-02 -7.7812e-02 -6.3212e-02 -7.7812e-02 -7.7812e-02 -7.7812e-02 -7.7812e-02 -6.3212e-02 -7.8191e-02 3.8538e-01 -1.6725e-01 -9.0205e-02 -6.2401e-02 -6.1174e-02 -6.2401e-02 -6.7278e-02 -6.7278e-02 -6.7278e-02 6.2424e-02 6.2022e-02 6.1619e-02 -6.7575e-02 -6.6121e-02 -6.6121e-02 -6.7964e-02 -4.7912e-02 1.1141e-01 -6.2549e-02 -2.8278e-02 -7.7254e-02
-3.1227e-02 8.8703e-01 8.7392e-01 8.7392e-01 8.9695e-01 9.6381e-01 1.0000e+00 1.0000e+00 9.6381e-01 9.6381e-01 4.4893e-01 5.5216e-01 5.6063e-01 5.6063e-01 7.9352e-02 7.2023e-02 2.1196e-01 3.6836e-01 1.3933e-01 4.4781e-02 3.6178e-01 -7.2498e-02 -9.8488e-02 -3.0459e-02 1.8366e-01 -5.9534e-02 1.7530e-01 1.9175e-01 1.8849e-01 -5.9616e-02 1.9793e-01 -6.7897e-02 -8.8675e-02 3.6831e-01 -6.6657e-02 -8.5951e-02 -6.6657e-02 -8.5951e-02 -8.5951e-02 -8.5951e-02 -8.5951e-02 -6.6657e-02 -8.6340e-02 3.6831e-01 -1.6308e-01 -9.8049e-02 -6.5823e-02 -6.4560e-02 -6.5823e-02 -7.5766e-02 -7.5766e-02 -7.5766e-02 6.4293e-02 6.3876e-02 6.3458e-02 -7.1146e-02 -7.4577e-02 -7.4577e-02 -7.1547e-02 -5.4662e-02 1.0394e-01 -5.3581e-02 -3.4031e-02 -8.7340e-02
-3.1227e-02 8.8703e-01 8.7392e-01 8.7392e-01 8.9695e-01 9.6381e-01 1.0000e+00 1.0000e+00 9.6381e-01 9.6381e-01 4.4893e-01 5.5216e-01 5.6063e-01 5.6063e-01 7.9352e-02 7.2023e-02 2.1196e-01 3.6836e-01 1.3933e-01 4.4781e-02 3.6178e-01 -7.2498e-02 -9.8488e-02 -3.0459e-02 1.8366e-01 -5.9534e-02 1.7530e-01 1.9175e-01 1.8849e-01 -5.9616e-02 1.9793e-01 -6.7897e-02 -8.8675e-02 3.6831e-01 -6.6657e-02 -8.5951e-02 -6.6657e-02 -8.5951e-02 -8.5951e-02 -8.5951e-02 -8.5951e-02 -6.6657e-02 -8.6340e-02 3.6831e-01 -1.6308e-01 -9.8049e-02 -6.5823e-02 -6.4560e-02 -6.5823e-02 -7.5766e-02 -7.5766e-02 -7.5766e-02 6.4293e-02 6.3876e-02 6.3458e-02 -7.1146e-02 -7.4577e-02 -7.4577e-02 -7.1547e-02 -5.4662e-02 1.0394e-01 -5.3581e-02 -3.4031e-02 -8.7340e-02
-3.0097e-02 8.9727e-01 9.0726e-01 9.0726e-01 9.3108e-01 1.0000e+00 9.6381e-01 9.6381e-01 1.0000e+00 1.0000e+00 4.6607e-01 5.7406e-01 5.8278e-01 5.8278e-01 8.4674e-02 7.7229e-02 2.0558e-01 3.8507e-01 1.4742e-01 4.9657e-02 3.7832e-01 -6.8065e-02 -9.6752e-02 -2.9357e-02 1.9854e-01 -4.8386e-02 1.8879e-01 2.0634e-01 2.0305e-01 -6.0040e-02 2.1224e-01 -6.4418e-02 -8.0460e-02 3.8538e-01 -6.3212e-02 -7.7812e-02 -6.3212e-02 -7.7812e-02 -7.7812e-02 -7.7812e-02 -7.7812e-02 -6.3212e-02 -7.8191e-02 3.8538e-01 -1.6725e-01 -9.0205e-02 -6.2401e-02 -6.1174e-02 -6.2401e-02 -6.7278e-02 -6.7278e-02 -6.7278e-02 6.2424e-02 6.2022e-02 6.1619e-02 -6.7575e-02 -6.6121e-02 -6.6121e-02 -6.7964e-02 -4.7912e-02 1.1141e-01 -6.2549e-02 -2.8278e-02 -7.7254e-02
-3.0097e-02 8.9727e-01 9.0726e-01 9.0726e-01 9.3108e-01 1.0000e+00 9.6381e-01 9.6381e-01 1.0000e+00 1.0000e+00 4.6607e-01 5.7406e-01 5.8278e-01 5.8278e-01 8.4674e-02 7.7229e-02 2.0558e-01 3.8507e-01 1.4742e-01 4.9657e-02 3.7832e-01 -6.8065e-02 -9.6752e-02 -2.9357e-02 1.9854e-01 -4.8386e-02 1.8879e-01 2.0634e-01 2.0305e-01 -6.0040e-02 2.1224e-01 -6.4418e-02 -8.0460e-02 3.8538e-01 -6.3212e-02 -7.7812e-02 -6.3212e-02 -7.7812e-02 -7.7812e-02 -7.7812e-02 -7.7812e-02 -6.3212e-02 -7.8191e-02 3.8538e-01 -1.6725e-01 -9.0205e-02 -6.2401e-02 -6.1174e-02 -6.2401e-02 -6.7278e-02 -6.7278e-02 -6.7278e-02 6.2424e-02 6.2022e-02 6.1619e-02 -6.7575e-02 -6.6121e-02 -6.6121e-02 -6.7964e-02 -4.7912e-02 1.1141e-01 -6.2549e-02 -2.8278e-02 -7.7254e-02
-1.6707e-02 4.2858e-01 4.3343e-01 4.3343e-01 4.3343e-01 4.6607e-01 4.4893e-01 4.4893e-01 4.6607e-01 4.6607e-01 1.0000e+00 5.8554e-01 5.9393e-01 5.9393e-01 -1.9713e-02 -2.0739e-02 1.6996e-01 3.8990e-01 3.5416e-01 -2.5330e-02 3.8380e-01 -2.9288e-02 -7.9897e-02 -1.6296e-02 1.6016e-01 -4.6786e-02 1.6473e-01 1.5187e-01 1.4981e-01 -5.4497e-02 1.6353e-01 -4.4077e-02 -4.8694e-02 2.9168e-01 -4.3492e-02 -4.7242e-02 -4.3492e-02 -4.7242e-02 -4.7242e-02 -4.7242e-02 -4.7242e-02 -4.3492e-02 -4.7449e-02 2.9168e-01 -1.4014e-01 -4.8279e-02 -4.3099e-02 -4.2506e-02 -4.3099e-02 -4.7242e-02 -4.7242e-02 -4.7242e-02 5.4441e-02 5.4220e-02 5.4000e-02 -4.5622e-02 -4.6619e-02 -4.6619e-02 -4.5814e-02 -4.5025e-02 8.8109e-02 -4.9944e-02 -5.2507e-02 -8.1481e-02
-2.8532e-02 5.2611e-01 5.3232e-01 5.3232e-01 5.3232e-01 5.7406e-01 5.5216e-01 5.5216e-01 5.7406e-01 5.7406e-01 5.8554e-01 1.0000e+00 9.8589e-01 9.8589e-01 -3.3666e-02 -3.5419e-02 2.8843e-01 6.4160e-01 2.1005e-01 -4.3259e-02 6.3152e-01 -7.5740e-02 -8.0386e-02 -2.7830e-02 2.0830e-01 -3.2354e-02 2.0878e-01 2.0246e-01 1.9930e-01 -2.4633e-02 2.0702e-01 -7.5276e-02 -3.5702e-02 3.9153e-01 -7.4276e-02 -3.3011e-02 -7.4276e-02 -3.3011e-02 -3.3011e-02 -3.3011e-02 -3.3011e-02 -7.4276e-02 -3.3396e-02 3.9153e-01 -1.6593e-01 -3.4934e-02 -7.3605e-02 -7.2593e-02 -7.3605e-02 -3.3011e-02 -3.3011e-02 -3.3011e-02 4.5755e-02 4.5372e-02 4.4988e-02 -7.7915e-02 -3.1853e-02 -3.1853e-02 -7.8241e-02 -7.5010e-02 8.3658e-02 -7.0891e-02 -3.3944e-02 -9.4836e-02
-2.8129e-02 5.3429e-01 5.4057e-01 5.4057e-01 5.4057e-01 5.8278e-01 5.6063e-01 5.6063e-01 5.8278e-01 5.8278e-01 5.9393e-01 9.8589e-01 1.0000e+00 1.0000e+00 -3.3191e-02 -3.4919e-02 2.8337e-01 6.5156e-01 2.1401e-01 -4.2649e-02 6.4136e-01 -7.4289e-02 -7.6069e-02 -2.7437e-02 2.1411e-01 -2.8103e-02 2.1420e-01 2.0798e-01 2.0481e-01 -2.0720e-02 2.1243e-01 -7.4214e-02 -3.2181e-02 3.9830e-01 -7.3227e-02 -2.9515e-02 -7.3227e-02 -2.9515e-02 -2.9515e-02 -2.9515e-02 -2.9515e-02 -7.3227e-02 -2.9896e-02 3.9830e-01 -1.7156e-01 -3.1421e-02 -7.2566e-02 -7.1568e-02 -7.2566e-02 -2.9515e-02 -2.9515e-02 -2.9515e-02 4.1341e-02 4.0963e-02 4.0584e-02 -7.6815e-02 -2.8367e-02 -2.8367e-02 -7.7137e-02 -7.2944e-02 8.9729e-02 -6.9496e-02 -3.1939e-02 -1.0226e-01
-2.8129e-02 5.3429e-01 5.4057e-01 5.4057e-01 5.4057e-01 5.8278e-01 5.6063e-01 5.6063e-01 5.8278e-01 5.8278e-01 5.9393e-01 9.8589e-01 1.0000e+00 1.0000e+00 -3.3191e-02 -3.4919e-02 2.8337e-01 6.5156e-01 2.1401e-01 -4.2649e-02 6.4136e-01 -7.4289e-02 -7.6069e-02 -2.7437e-02 2.1411e-01 -2.8103e-02 2.1420e-01 2.0798e-01 2.0481e-01 -2.0720e-02 2.1243e-01 -7.4214e-02 -3.2181e-02 3.9830e-01 -7.3227e-02 -2.9515e-02 -7.3227e-02 -2.9515e-02 -2.9515e-02 -2.9515e-02 -2.9515e-02 -7.3227e-02 -2.9896e-02 3.9830e-01 -1.7156e-01 -3.1421e-02 -7.2566e-02 -7.1568e-02 -7.2566e-02 -2.9515e-02 -2.9515e-02 -2.9515e-02 4.1341e-02 4.0963e-02 4.0584e-02 -7.6815e-02 -2.8367e-02 -2.8367e-02 -7.7137e-02 -7.2944e-02 8.9729e-02 -6.9496e-02 -3.1939e-02 -1.0226e-01
-2.5156e-02 7.2918e-02 7.4463e-02 7.4463e-02 7.4463e-02 8.4674e-02 7.9352e-02 7.9352e-02 8.4674e-02 8.4674e-02 -1.9713e-02 -3.3666e-02 -3.3191e-02 -3.3191e-02 1.0000e+00 9.5051e-01 -1.0382e-01 -4.6388e-02 -3.7713e-02 7.7824e-01 -4.7115e-02 -7.9062e-02 1.4750e-01 -2.4537e-02 -9.8019e-02 6.5115e-02 -5.5402e-02 -6.2716e-02 -6.3959e-02 -7.5487e-02 -5.6051e-02 -6.6370e-02 -6.6647e-02 -6.7229e-03 -6.5488e-02 -6.4431e-02 -6.5488e-02 -6.4431e-02 -6.4431e-02 -6.4431e-02 -6.4431e-02 -6.5488e-02 -6.4748e-02 -6.7229e-03 -5.9981e-02 -7.8423e-02 -6.4896e-02 -6.4004e-02 -6.4896e-02 -8.9328e-02 -8.9328e-02 -8.9328e-02 -5.0299e-03 -5.3738e-03 6.1913e-03 -6.8696e-02 -8.8426e-02 -8.8426e-02 -6.8984e-02 3.9298e-02 4.2843e-02 -7.5203e-02 -4.7718e-02 4.2568e-02
-2.6466e-02 6.5719e-02 6.7234e-02 6.7234e-02 6.7234e-02 7.7229e-02 7.2023e-02 7.2023e-02 7.7229e-02 7.7229e-02 -2.0739e-02 -3.5419e-02 -3.4919e-02 -3.4919e-02 9.5051e-01 1.0000e+00 -1.0923e-01 -4.8803e-02 -3.9677e-02 7.9192e-01 -4.9569e-02 -8.3179e-02 1.5752e-01 -2.5815e-02 -1.0312e-01 8.1513e-02 -6.1234e-02 -6.8812e-02 -7.0102e-02 -7.3800e-02 -6.1906e-02 -6.9826e-02 -6.4413e-02 -1.1404e-02 -6.8897e-02 -6.2057e-02 -6.8897e-02 -6.2057e-02 -6.2057e-02 -6.2057e-02 -6.2057e-02 -6.8897e-02 -6.2394e-02 -1.1404e-02 -7.1280e-02 -7.5571e-02 -6.8275e-02 -6.7336e-02 -6.8275e-02 -8.5794e-02 -8.5794e-02 -8.5794e-02 -2.2906e-02 -2.3270e-02 -1.2280e-02 -7.2273e-02 -8.4829e-02 -8.4829e-02 -7.2576e-02 5.4034e-02 4.7816e-02 -7.9119e-02 -5.3294e-02 4.8730e-02
2.2107e-02 1.7102e-01 1.6493e-01 1.6493e-01 1.7558e-01 2.0558e-01 2.1196e-01 2.1196e-01 2.0558e-01 2.0558e-01 1.6996e-01 2.8843e-01 2.8337e-01 2.8337e-01 -1.0382e-01 -1.0923e-01 1.0000e+00 4.4680e-01 3.6325e-01 -1.2275e-01 4.5381e-01 -2.7654e-01 -3.6787e-01 1.8802e-01 -1.7544e-01 -2.2303e-01 -1.0037e-01 -1.4052e-01 -1.3458e-01 -1.7722e-01 -1.1989e-01 -2.2544e-01 -1.5434e-01 8.0516e-02 -2.0875e-01 -1.4624e-01 -2.0875e-01 -1.4624e-01 -1.4624e-01 -1.4624e-01 -1.4624e-01 -2.0875e-01 -1.4269e-01 8.0516e-02 1.8721e-01 -1.2855e-01 -2.2017e-01 -2.1698e-01 -2.2017e-01 -1.0855e-01 -1.0855e-01 -1.0855e-01 2.0943e-01 2.0825e-01 2.0257e-01 -1.8799e-01 -1.0499e-01 -1.0971e-01 -1.8264e-01 -2.6122e-01 1.8596e-02 -1.5265e-01 -3.6793e-03 7.6836e-02
-3.9314e-02 3.4839e-01 3.5316e-01 3.5316e-01 3.5316e-01 3.8507e-01 3.6836e-01 3.6836e-01 3.8507e-01 3.8507e-01 3.8990e-01 6.4160e-01 6.5156e-01 6.5156e-01 -4.6388e-02 -4.8803e-02 4.4680e-01 1.0000e+00 7.7509e-01 -5.9606e-02 9.8456e-01 -1.2356e-01 -1.9959e-01 -3.8347e-02 6.7911e-02 -1.3161e-01 9.5766e-02 7.7096e-02 7.4034e-02 -1.1573e-01 8.4142e-02 -1.0372e-01 -1.0188e-01 2.4283e-01 -1.0234e-01 -9.8404e-02 -1.0234e-01 -9.8404e-02 -9.8404e-02 -9.8404e-02 -9.8404e-02 -1.0234e-01 -9.8901e-02 2.4283e-01 -2.8460e-02 -1.0089e-01 -1.0142e-01 -1.0002e-01 -1.0142e-01 -9.8404e-02 -9.8404e-02 -9.8404e-02 1.4947e-01 1.4896e-01 1.4844e-01 -1.0736e-01 -9.6913e-02 -9.6913e-02 -1.0781e-01 -1.4482e-01 1.8718e-01 -9.5928e-02 1.8980e-01 4.6389e-02
-3.1962e-02 1.2960e-01 1.3193e-01 1.3193e-01 1.3193e-01 1.4742e-01 1.3933e-01 1.3933e-01 1.4742e-01 1.4742e-01 3.5416e-01 2.1005e-01 2.1401e-01 2.1401e-01 -3.7713e-02 -3.9677e-02 3.6325e-01 7.7509e-01 1.0000e+00 -4.8460e-02 8.0045e-01 -1.0045e-01 -2.1069e-01 -3.1176e-02 -2.4895e-02 -1.4343e-01 -1.2611e-02 -2.4198e-02 -2.6132e-02 -1.1479e-01 -1.3654e-02 -8.4326e-02 -1.2370e-01 7.6369e-02 -8.3205e-02 -1.2106e-01 -8.3205e-02 -1.2106e-01 -1.2106e-01 -1.2106e-01 -1.2106e-01 -8.3205e-02 -1.2144e-01 7.6369e-02 4.5627e-02 -1.2295e-01 -8.2454e-02 -8.1320e-02 -8.2454e-02 -1.2106e-01 -1.2106e-01 -1.2106e-01 1.5771e-01 1.5729e-01 1.5687e-01 -8.7282e-02 -1.1993e-01 -1.1993e-01 -8.7648e-02 -1.1417e-01 1.7884e-01 -5.6612e-02 2.2594e-01 9.8506e-02
-3.2324e-02 3.8835e-02 4.0268e-02 4.0268e-02 4.0268e-02 4.9657e-02 4.4781e-02 4.4781e-02 4.9657e-02 4.9657e-02 -2.5330e-02 -4.3259e-02 -4.2649e-02 -4.2649e-02 7.7824e-01 7.9192e-01 -1.2275e-01 -5.9606e-02 -4.8460e-02 1.0000e+00 -6.0541e-02 -1.0159e-01 2.0122e-01 -3.1529e-02 -1.2595e-01 1.2956e-01 -8.5895e-02 -9.4710e-02 -9.6217e-02 -8.8322e-02 -8.6673e-02 -8.5282e-02 -7.6830e-02 -3.0251e-02 -8.4149e-02 -7.3943e-02 -8.4149e-02 -7.3943e-02 -7.3943e-02 -7.3943e-02 -7.3943e-02 -8.4149e-02 -7.4356e-02 -3.0251e-02 -1.1787e-01 -8.5844e-02 -8.3389e-02 -8.2242e-02 -8.3389e-02 -1.0355e-01 -1.0355e-01 -1.0355e-01 -6.6030e-02 -6.6480e-02 -5.7488e-02 -7.4580e-02 -1.0237e-01 -1.0237e-01 -7.4992e-02 1.2474e-01 9.7076e-02 -7.0939e-02 -6.4315e-02 8.3901e-02
-3.9930e-02 3.4200e-01 3.4672e-01 3.4672e-01 3.4672e-01 3.7832e-01 3.6178e-01 3.6178e-01 3.7832e-01 3.7832e-01 3.8380e-01 6.3152e-01 6.4136e-01 6.4136e-01 -4.7115e-02 -4.9569e-02 4.5381e-01 9.8456e-01 8.0045e-01 -6.0541e-02 1.0000e+00 -1.2550e-01 -2.0478e-01 -3.8948e-02 6.2560e-02 -1.3669e-01 9.0621e-02 7.1922e-02 6.8853e-02 -1.0432e-01 7.9128e-02 -1.0535e-01 -1.0635e-01 2.3729e-01 -1.0395e-01 -1.0284e-01 -1.0395e-01 -1.0284e-01 -1.0284e-01 -1.0284e-01 -1.0284e-01 -1.0395e-01 -1.0334e-01 2.3729e-01 -2.3084e-02 -1.0535e-01 -1.0301e-01 -1.0159e-01 -1.0301e-01 -1.0284e-01 -1.0284e-01 -1.0284e-01 1.5481e-01 1.5429e-01 1.5376e-01 -1.0904e-01 -1.0133e-01 -1.0133e-01 -1.0950e-01 -1.4736e-01 1.7744e-01 -7.6749e-02 1.8369e-01 3.8992e-02
-4.8663e-02 -4.1210e-02 -3.9463e-02 -3.9463e-02 -3.9463e-02 -6.8065e-02 -7.2498e-02 -7.2498e-02 -6.8065e-02 -6.8065e-02 -2.9288e-02 -7.5740e-02 -7.4289e-02 -7.4289e-02 -7.9062e-02 -8.3179e-02 -2.7654e-01 -1.2356e-01 -1.0045e-01 -1.0159e-01 -1.2550e-01 1.0000e+00 -4.6165e-01 -6.5357e-02 7.3339e-01 -3.6960e-01 5.9726e-01 5.5454e-01 5.4661e-01 -2.9897e-01 4.6787e-01 6.6748e-01 -2.6599e-01 -6.7037e-02 6.2302e-01 -2.9345e-01 6.2302e-01 -2.9345e-01 -2.9345e-01 -2.9345e-01 -2.9345e-01 6.2302e-01 -2.9421e-01 -6.7037e-02 -4.9227e-01 -2.9180e-01 6.3004e-01 6.3281e-01 6.3004e-01 -2.4949e-01 -2.4949e-01 -2.4949e-01 1.7833e-01 1.7744e-01 1.7655e-01 5.6400e-01 -2.4711e-01 -2.4711e-01 5.5337e-01 4.8589e-01 2.6356e-01 4.6484e-01 3.7049e-01 2.1111e-01
-3.5636e-02 -1.0393e-01 -1.0024e-01 -1.0024e-01 -1.0966e-01 -9.6752e-02 -9.8488e-02 -9.8488e-02 -9.6752e-02 -9.6752e-02 -7.9897e-02 -8.0386e-02 -7.6069e-02 -7.6069e-02 1.4750e-01 1.5752e-01 -3.6787e-01 -1.9959e-01 -2.1069e-01 2.0122e-01 -2.0478e-01 -4.6165e-01 1.0000e+00 1.2733e-01 -4.1044e-01 6.9287e-01 -4.0298e-01 -3.3209e-01 -3.3002e-01 5.9160e-01 -2.9189e-01 -3.0456e-01 5.4714e-01 -8.2584e-02 -2.8661e-01 5.6007e-01 -2.8661e-01 5.6007e-01 5.6007e-01 5.6007e-01 5.6007e-01 -2.8661e-01 5.5762e-01 -8.2584e-02 2.2283e-01 5.4370e-01 -2.8250e-01 -2.8846e-01 -2.8250e-01 4.8926e-01 4.8926e-01 4.8926e-01 -5.3826e-01 -5.3635e-01 -5.3045e-01 -2.6242e-01 4.8400e-01 4.8817e-01 -2.5877e-01 -1.2335e-01 -2.6672e-01 -2.0052e-01 -2.8333e-01 -2.8231e-01
1.7844e-01 -3.1880e-02 -3.1529e-02 -3.1529e-02 -3.1529e-02 -2.9357e-02 -3.0459e-02 -3.0459e-02 -2.9357e-02 -2.9357e-02 -1.6296e-02 -2.7830e-02 -2.7437e-02 -2.7437e-02 -2.4537e-02 -2.5815e-02 1.8802e-01 -3.8347e-02 -3.1176e-02 -3.1529e-02 -3.8948e-02 -6.5357e-02 1.2733e-01 1.0000e+00 -8.1028e-02 1.6284e-01 -7.0502e-02 -7.5568e-02 -7.6444e-02 1.6511e-01 -7.0945e-02 -5.4865e-02 1.7593e-01 -4.1862e-02 -5.4136e-02 1.7879e-01 -5.4136e-02 1.7879e-01 1.7879e-01 1.7879e-01 1.7879e-01 -5.4136e-02 1.7837e-01 -4.1862e-02 9.1079e-02 1.7674e-01 -5.3647e-02 -5.2909e-02 -5.3647e-02 1.7879e-01 1.7879e-01 1.7879e-01 -1.3752e-01 -1.3782e-01 -1.3812e-01 -5.6788e-02 1.8003e-01 1.8003e-01 -5.7026e-02 -8.1464e-02 -1.3204e-01 -6.2167e-02 -2.7786e-02 -9.4783e-02
-6.6895e-02 1.6559e-01 1.6994e-01 1.6994e-01 1.8090e-01 1.9854e-01 1.8366e-01 1.8366e-01 1.9854e-01 1.9854e-01 1.6016e-01 2.0830e-01 2.1411e-01 2.1411e-01 -9.8019e-02 -1.0312e-01 -1.7544e-01 6.7911e-02 -2.4895e-02 -1.2595e-01 6.2560e-02 7.3339e-01 -4.1044e-01 -8.1028e-02 1.0000e+00 -3.3424e-01 7.3049e-01 8.1531e-01 8.0467e-01 -2.7975e-01 7.5387e-01 5.6680e-01 -3.6199e-01 4.5679e-01 5.3580e-01 -3.6015e-01 5.3580e-01 -3.6015e-01 -3.6015e-01 -3.6015e-01 -3.6015e-01 5.3580e-01 -3.6110e-01 4.5679e-01 -7.0621e-01 -3.6008e-01 5.4289e-01 5.4670e-01 5.4289e-01 -3.2138e-01 -3.2138e-01 -3.2138e-01 1.8157e-01 1.8046e-01 1.7935e-01 4.8572e-01 -3.1846e-01 -3.1846e-01 4.7591e-01 5.0096e-01 4.2348e-01 3.6983e-01 3.1852e-01 9.9808e-02
-2.9485e-02 -5.4611e-02 -5.1041e-02 -5.1041e-02 -6.0546e-02 -4.8386e-02 -5.9534e-02 -5.9534e-02 -4.8386e-02 -4.8386e-02 -4.6786e-02 -3.2354e-02 -2.8103e-02 -2.8103e-02 6.5115e-02 8.1513e-02 -2.2303e-01 -1.3161e-01 -1.4343e-01 1.2956e-01 -1.3669e-01 -3.6960e-01 6.9287e-01 1.6284e-01 -3.3424e-01 1.0000e+00 -4.2285e-01 -3.3324e-01 -3.2983e-01 8.4004e-01 -3.0499e-01 -3.3692e-01 7.9078e-01 -7.1710e-02 -3.1432e-01 8.0704e-01 -3.1432e-01 8.0704e-01 8.0704e-01 8.0704e-01 8.0704e-01 -3.1432e-01 8.0470e-01 -7.1710e-02 2.0574e-01 7.8702e-01 -3.2336e-01 -3.1876e-01 -3.2336e-01 7.1878e-01 7.1878e-01 7.1878e-01 -7.9544e-01 -7.9326e-01 -7.8707e-01 -3.0791e-01 7.1304e-01 7.1725e-01 -2.9787e-01 -1.0930e-01 -3.9643e-01 -1.9574e-01 -2.9022e-01 -2.5623e-01
-5.4792e-02 1.5896e-01 1.6289e-01 1.6289e-01 1.7473e-01 1.8879e-01 1.7530e-01 1.7530e-01 1.8879e-01 1.8879e-01 1.6473e-01 2.0878e-01 2.1420e-01 2.1420e-01 -5.5402e-02 -6.1234e-02 -1.0037e-01 9.5766e-02 -1.2611e-02 -8.5895e-02 9.0621e-02 5.9726e-01 -4.0298e-01 -7.0502e-02 7.3049e-01 -4.2285e-01 1.0000e+00 9.0881e-01 9.2228e-01 -3.8710e-01 8.3715e-01 7.7075e-01 -3.6432e-01 3.6274e-01 7.4527e-01 -3.5872e-01 7.4527e-01 -3.5872e-01 -3.5872e-01 -3.5872e-01 -3.5872e-01 7.4527e-01 -3.5952e-01 3.6274e-01 -6.6391e-01 -3.5750e-01 7.3818e-01 7.2748e-01 7.3818e-01 -3.3253e-01 -3.3253e-01 -3.3253e-01 3.7429e-01 3.7335e-01 3.7241e-01 6.4560e-01 -3.3009e-01 -3.3009e-01 6.3497e-01 3.8976e-01 3.9354e-01 4.6582e-01 4.3237e-01 1.8170e-01
-6.0680e-02 1.7408e-01 1.7833e-01 1.7833e-01 1.8970e-01 2.0634e-01 1.9175e-01 1.9175e-01 2.0634e-01 2.0634e-01 1.5187e-01 2.0246e-01 2.0798e-01 2.0798e-01 -6.2716e-02 -6.8812e-02 -1.4052e-01 7.7096e-02 -2.4198e-02 -9.4710e-02 7.1922e-02 5.5454e-01 -3.3209e-01 -7.5568e-02 8.1531e-01 -3.3324e-01 9.0881e-01 1.0000e+00 9.8854e-01 -2.8725e-01 9.3281e-01 7.0456e-01 -3.8608e-01 5.5396e-01 6.7301e-01 -3.8005e-01 6.7301e-01 -3.8005e-01 -3.8005e-01 -3.8005e-01 -3.8005e-01 6.7301e-01 -3.8091e-01 5.5396e-01 -7.1332e-01 -3.7934e-01 6.8080e-01 6.8544e-01 6.8080e-01 -3.5490e-01 -3.5490e-01 -3.5490e-01 3.1501e-01 3.1399e-01 3.1298e-01 6.1191e-01 -3.5228e-01 -3.5228e-01 6.0157e-01 4.7640e-01 4.5193e-01 4.2977e-01 4.0253e-01 1.5568e-01
-6.1685e-02 1.7083e-01 1.7507e-01 1.7507e-01 1.8638e-01 2.0305e-01 1.8849e-01 1.8849e-01 2.0305e-01 2.0305e-01 1.4981e-01 1.9930e-01 2.0481e-01 2.0481e-01 -6.3959e-02 -7.0102e-02 -1.3458e-01 7.4034e-02 -2.6132e-02 -9.6217e-02 6.8853e-02 5.4661e-01 -3.3002e-01 -7.6444e-02 8.0467e-01 -3.2983e-01 9.2228e-01 9.8854e-01 1.0000e+00 -2.9297e-01 9.2209e-01 7.1061e-01 -3.9073e-01 5.4761e-01 6.9381e-01 -3.8464e-01 6.9381e-01 -3.8464e-01 -3.8464e-01 -3.8464e-01 -3.8464e-01 6.9381e-01 -3.8551e-01 5.4761e-01 -7.2368e-01 -3.8400e-01 6.8732e-01 6.7752e-01 6.8732e-01 -3.5965e-01 -3.5965e-01 -3.5965e-01 3.0283e-01 3.0179e-01 3.0077e-01 6.0419e-01 -3.5700e-01 -3.5700e-01 5.9390e-01 4.6789e-01 4.4019e-01 4.2286e-01 4.0817e-01 1.5605e-01
-1.5704e-02 -5.2816e-02 -5.9292e-02 -5.9292e-02 -6.8969e-02 -6.0040e-02 -5.9616e-02 -5.9616e-02 -6.0040e-02 -6.0040e-02 -5.4497e-02 -2.4633e-02 -2.0720e-02 -2.0720e-02 -7.5487e-02 -7.3800e-02 -1.7722e-01 -1.1573e-01 -1.1479e-01 -8.8322e-02 -1.0432e-01 -2.9897e-01 5.9160e-01 1.6511e-01 -2.7975e-01 8.4004e-01 -3.8710e-01 -2.8725e-01 -2.9297e-01 1.0000e+00 -2.6166e-01 -3.0524e-01 9.2510e-01 -4.4193e-02 -2.9503e-01 9.1080e-01 -2.9503e-01 9.1080e-01 9.1080e-01 9.1080e-01 9.1080e-01 -2.9503e-01 9.0856e-01 -4.4193e-02 3.7623e-01 8.9114e-01 -2.9227e-01 -2.8810e-01 -2.9227e-01 8.2094e-01 8.2094e-01 8.2094e-01 -7.0942e-01 -7.0700e-01 -7.0458e-01 -2.7439e-01 8.1466e-01 8.1895e-01 -2.6400e-01 -2.8264e-01 -5.4618e-01 -1.4535e-01 -2.6664e-01 -3.2022e-01
-5.5313e-02 1.8061e-01 1.8477e-01 1.8477e-01 1.9658e-01 2.1224e-01 1.9793e-01 1.9793e-01 2.1224e-01 2.1224e-01 1.6353e-01 2.0702e-01 2.1243e-01 2.1243e-01 -5.6051e-02 -6.1906e-02 -1.1989e-01 8.4142e-02 -1.3654e-02 -8.6673e-02 7.9128e-02 4.6787e-01 -2.9189e-01 -7.0945e-02 7.5387e-01 -3.0499e-01 8.3715e-01 9.3281e-01 9.2209e-01 -2.6166e-01 1.0000e+00 7.4364e-01 -3.7186e-01 5.9005e-01 7.1057e-01 -3.6625e-01 7.1057e-01 -3.6625e-01 -3.6625e-01 -3.6625e-01 -3.6625e-01 7.1057e-01 -3.6705e-01 5.9005e-01 -7.6797e-01 -3.6505e-01 7.1842e-01 7.3051e-01 7.1842e-01 -3.5581e-01 -3.5581e-01 -3.5581e-01 3.0766e-01 3.0671e-01 3.0576e-01 6.5565e-01 -3.5340e-01 -3.5340e-01 6.4502e-01 5.1835e-01 5.1732e-01 4.6188e-01 3.4961e-01 1.2637e-01
-3.5521e-02 -7.2328e-02 -7.1241e-02 -7.1241e-02 -7.1241e-02 -6.4418e-02 -6.7897e-02 -6.7897e-02 -6.4418e-02 -6.4418e-02 -4.4077e-02 -7.5276e-02 -7.4214e-02 -7.4214e-02 -6.6370e-02 -6.9826e-02 -2.2544e-01 -1.0372e-01 -8.4326e-02 -8.5282e-02 -1.0535e-01 6.6748e-01 -3.0456e-01 -5.4865e-02 5.6680e-01 -3.3692e-01 7.7075e-01 7.0456e-01 7.1061e-01 -3.0524e-01 7.4364e-01 1.0000e+00 -2.8758e-01 -3.6560e-02 9.5102e-01 -2.8324e-01 9.5102e-01 -2.8324e-01 -2.8324e-01 -2.8324e-01 -2.8324e-01 9.5102e-01 -2.8386e-01 -3.6560e-02 -6.0239e-01 -2.8633e-01 9.5983e-01 9.4619e-01 9.5983e-01 -2.7703e-01 -2.7703e-01 -2.7703e-01 2.9613e-01 2.9540e-01 2.9467e-01 8.5417e-01 -2.7516e-01 -2.7516e-01 8.4188e-01 5.7723e-01 3.7986e-01 6.3199e-01 4.7987e-01 2.7643e-01
-7.4685e-03 -7.9546e-02 -7.6830e-02 -7.6830e-02 -8.6655e-02 -8.0460e-02 -8.8675e-02 -8.8675e-02 -8.0460e-02 -8.0460e-02 -4.8694e-02 -3.5702e-02 -3.2181e-02 -3.2181e-02 -6.6647e-02 -6.4413e-02 -1.5434e-01 -1.0188e-01 -1.2370e-01 -7.6830e-02 -1.0635e-01 -2.6599e-01 5.4714e-01 1.7593e-01 -3.6199e-01 7.9078e-01 -3.6432e-01 -3.8608e-01 -3.9073e-01 9.2510e-01 -3.7186e-01 -2.8758e-01 1.0000e+00 -2.1942e-01 -2.8375e-01 9.8491e-01 -2.8375e-01 9.8491e-01 9.8491e-01 9.8491e-01 9.8491e-01 -2.8375e-01 9.8272e-01 -2.1942e-01 4.7283e-01 9.6536e-01 -2.8119e-01 -2.7732e-01 -2.8119e-01 8.9366e-01 8.9366e-01 8.9366e-01 -6.9172e-01 -6.8914e-01 -6.8656e-01 -2.6752e-01 8.8704e-01 8.9140e-01 -2.5684e-01 -3.7407e-01 -6.1307e-01 -1.4487e-01 -2.6599e-01 -3.1248e-01
-1.7218e-02 3.4788e-01 3.5276e-01 3.5276e-01 3.7017e-01 3.8538e-01 3.6831e-01 3.6831e-01 3.8538e-01 3.8538e-01 2.9168e-01 3.9153e-01 3.9830e-01 3.9830e-01 -6.7229e-03 -1.1404e-02 8.0516e-02 2.4283e-01 7.6369e-02 -3.0251e-02 2.3729e-01 -6.7037e-02 -8.2584e-02 -4.1862e-02 4.5679e-01 -7.1710e-02 3.6274e-01 5.5396e-01 5.4761e-01 -4.4193e-02 5.9005e-01 -3.6560e-02 -2.1942e-01 1.0000e+00 -1.1172e-01 -2.1611e-01 -1.1172e-01 -2.1611e-01 -2.1611e-01 -2.1611e-01 -2.1611e-01 -1.1172e-01 -2.1658e-01 1.0000e+00 -4.4343e-01 -2.1080e-01 -1.1072e-01 -1.0919e-01 -1.1072e-01 -2.0841e-01 -2.0841e-01 -2.0841e-01 4.7531e-02 4.6951e-02 4.6372e-02 -1.0652e-01 -2.0698e-01 -2.0698e-01 -1.0704e-01 8.7621e-02 3.0967e-01 -1.1828e-01 -6.7037e-02 -1.6592e-01
-5.5501e-02 -7.1042e-02 -6.9966e-02 -6.9966e-02 -6.9966e-02 -6.3212e-02 -6.6657e-02 -6.6657e-02 -6.3212e-02 -6.3212e-02 -4.3492e-02 -7.4276e-02 -7.3227e-02 -7.3227e-02 -6.5488e-02 -6.8897e-02 -2.0875e-01 -1.0234e-01 -8.3205e-02 -8.4149e-02 -1.0395e-01 6.2302e-01 -2.8661e-01 -5.4136e-02 5.3580e-01 -3.1432e-01 7.4527e-01 6.7301e-01 6.9381e-01 -2.9503e-01 7.1057e-01 9.5102e-01 -2.8375e-01 -1.1172e-01 1.0000e+00 -2.7947e-01 1.0000e+00 -2.7947e-01 -2.7947e-01 -2.7947e-01 -2.7947e-01 1.0000e+00 -2.8008e-01 -1.1172e-01 -5.9438e-01 -2.8253e-01 9.9097e-01 9.7734e-01 9.9097e-01 -2.7320e-01 -2.7320e-01 -2.7320e-01 3.2066e-01 3.1994e-01 3.1923e-01 8.8370e-01 -2.7136e-01 -2.7136e-01 8.7125e-01 5.5342e-01 3.6197e-01 6.5857e-01 4.9669e-01 2.9303e-01
-5.3728e-03 -7.6635e-02 -7.3943e-02 -7.3943e-02 -8.3812e-02 -7.7812e-02 -8.5951e-02 -8.5951e-02 -7.7812e-02 -7.7812e-02 -4.7242e-02 -3.3011e-02 -2.9515e-02 -2.9515e-02 -6.4431e-02 -6.2057e-02 -1.4624e-01 -9.8404e-02 -1.2106e-01 -7.3943e-02 -1.0284e-01 -2.9345e-01 5.6007e-01 1.7879e-01 -3.6015e-01 8.0704e-01 -3.5872e-01 -3.8005e-01 -3.8464e-01 9.1080e-01 -3.6625e-01 -2.8324e-01 9.8491e-01 -2.1611e-01 -2.7947e-01 1.0000e+00 -2.7947e-01 1.0000e+00 1.0000e+00 1.0000e+00 1.0000e+00 -2.7947e-01 9.9782e-01 -2.1611e-01 4.6560e-01 9.8048e-01 -2.7695e-01 -2.7314e-01 -2.7695e-01 9.0835e-01 9.0835e-01 9.0835e-01 -7.0847e-01 -7.0585e-01 -7.0324e-01 -2.6289e-01 9.0163e-01 9.0600e-01 -2.5214e-01 -3.6739e-01 -6.0227e-01 -1.3915e-01 -2.6048e-01 -3.3068e-01
-5.5501e-02 -7.1042e-02 -6.9966e-02 -6.9966e-02 -6.9966e-02 -6.3212e-02 -6.6657e-02 -6.6657e-02 -6.3212e-02 -6.3212e-02 -4.3492e-02 -7.4276e-02 -7.3227e-02 -7.3227e-02 -6.5488e-02 -6.8897e-02 -2.0875e-01 -1.0234e-01 -8.3205e-02 -8.4149e-02 -1.0395e-01 6.2302e-01 -2.8661e-01 -5.4136e-02 5.3580e-01 -3.1432e-01 7.4527e-01 6.7301e-01 6.9381e-01 -2.9503e-01 7.1057e-01 9.5102e-01 -2.8375e-01 -1.1172e-01 1.0000e+00 -2.7947e-01 1.0000e+00 -2.7947e-01 -2.7947e-01 -2.7947e-01 -2.7947e-01 1.0000e+00 -2.8008e-01 -1.1172e-01 -5.9438e-01 -2.8253e-01 9.9097e-01 9.7734e-01 9.9097e-01 -2.7320e-01 -2.7320e-01 -2.7320e-01 3.2066e-01 3.1994e-01 3.1923e-01 8.8370e-01 -2.7136e-01 -2.7136e-01 8.7125e-01 5.5342e-01 3.6197e-01 6.5857e-01 4.9669e-01 2.9303e-01
-5.3728e-03 -7.6635e-02 -7.3943e-02 -7.3943e-02 -8.3812e-02 -7.7812e-02 -8.5951e-02 -8.5951e-02 -7.7812e-02 -7.7812e-02 -4.7242e-02 -3.3011e-02 -2.9515e-02 -2.9515e-02 -6.4431e-02 -6.2057e-02 -1.4624e-01 -9.8404e-02 -1.2106e-01 -7.3943e-02 -1.0284e-01 -2.9345e-01 5.6007e-01 1.7879e-01 -3.6015e-01 8.0704e-01 -3.5872e-01 -3.8005e-01 -3.8464e-01 9.1080e-01 -3.6625e-01 -2.8324e-01 9.8491e-01 -2.1611e-01 -2.7947e-01 1.0000e+00 -2.7947e-01 1.0000e+00 1.0000e+00 1.0000e+00 1.0000e+00 -2.7947e-01 9.9782e-01 -2.1611e-01 4.6560e-01 9.8048e-01 -2.7695e-01 -2.7314e-01 -2.7695e-01 9.0835e-01 9.0835e-01 9.0835e-01 -7.0847e-01 -7.0585e-01 -7.0324e-01 -2.6289e-01 9.0163e-01 9.0600e-01 -2.5214e-01 -3.6739e-01 -6.0227e-01 -1.3915e-01 -2.6048e-01 -3.3068e-01
-5.3728e-03 -7.6635e-02 -7.3943e-02 -7.3943e-02 -8.3812e-02 -7.7812e-02 -8.5951e-02 -8.5951e-02 -7.7812e-02 -7.7812e-02 -4.7242e-02 -3.3011e-02 -2.9515e-02 -2.9515e-02 -6.4431e-02 -6.2057e-02 -1.4624e-01 -9.8404e-02 -1.2106e-01 -7.3943e-02 -1.0284e-01 -2.9345e-01 5.6007e-01 1.7879e-01 -3.6015e-01 8.0704e-01 -3.5872e-01 -3.8005e-01 -3.8464e-01 9.1080e-01 -3.6625e-01 -2.8324e-01 9.8491e-01 -2.1611e-01 -2.7947e-01 1.0000e+00 -2.7947e-01 1.0000e+00 1.0000e+00 1.0000e+00 1.0000e+00 -2.7947e-01 9.9782e-01 -2.1611e-01 4.6560e-01 9.8048e-01 -2.7695e-01 -2.7314e-01 -2.7695e-01 9.0835e-01 9.0835e-01 9.0835e-01 -7.0847e-01 -7.0585e-01 -7.0324e-01 -2.6289e-01 9.0163e-01 9.0600e-01 -2.5214e-01 -3.6739e-01 -6.0227e-01 -1.3915e-01 -2.6048e-01 -3.3068e-01
-5.3728e-03 -7.6635e-02 -7.3943e-02 -7.3943e-02 -8.3812e-02 -7.7812e-02 -8.5951e-02 -8.5951e-02 -7.7812e-02 -7.7812e-02 -4.7242e-02 -3.3011e-02 -2.9515e-02 -2.9515e-02 -6.4431e-02 -6.2057e-02 -1.4624e-01 -9.8404e-02 -1.2106e-01 -7.3943e-02 -1.0284e-01 -2.9345e-01 5.6007e-01 1.7879e-01 -3.6015e-01 8.0704e-01 -3.5872e-01 -3.8005e-01 -3.8464e-01 9.1080e-01 -3.6625e-01 -2.8324e-01 9.8491e-01 -2.1611e-01 -2.7947e-01 1.0000e+00 -2.7947e-01 1.0000e+00 1.0000e+00 1.0000e+00 1.0000e+00 -2.7947e-01 9.9782e-01 -2.1611e-01 4.6560e-01 9.8048e-01 -2.7695e-01 -2.7314e-01 -2.7695e-01 9.0835e-01 9.0835e-01 9.0835e-01 -7.0847e-01 -7.0585e-01 -7.0324e-01 -2.6289e-01 9.0163e-01 9.0600e-01 -2.5214e-01 -3.6739e-01 -6.0227e-01 -1.3915e-01 -2.6048e-01 -3.3068e-01
-5.3728e-03 -7.6635e-02 -7.3943e-02 -7.3943e-02 -8.3812e-02 -7.7812e-02 -8.5951e-02 -8.5951e-02 -7.7812e-02 -7.7812e-02 -4.7242e-02 -3.3011e-02 -2.9515e-02 -2.9515e-02 -6.4431e-02 -6.2057e-02 -1.4624e-01 -9.8404e-02 -1.2106e-01 -7.3943e-02 -1.0284e-01 -2.9345e-01 5.6007e-01 1.7879e-01 -3.6015e-01 8.0704e-01 -3.5872e-01 -3.8005e-01 -3.8464e-01 9.1080e-01 -3.6625e-01 -2.8324e-01 9.8491e-01 -2.1611e-01 -2.7947e-01 1.0000e+00 -2.7947e-01 1.0000e+00 1.0000e+00 1.0000e+00 1.0000e+00 -2.7947e-01 9.9782e-01 -2.1611e-01 4.6560e-01 9.8048e-01 -2.7695e-01 -2.7314e-01 -2.7695e-01 9.0835e-01 9.0835e-01 9.0835e-01 -7.0847e-01 -7.0585e-01 -7.0324e-01 -2.6289e-01 9.0163e-01 9.0600e-01 -2.5214e-01 -3.6739e-01 -6.0227e-01 -1.3915e-01 -2.6048e-01 -3.3068e-01
-5.5501e-02 -7.1042e-02 -6.9966e-02 -6.9966e-02 -6.9966e-02 -6.3212e-02 -6.6657e-02 -6.6657e-02 -6.3212e-02 -6.3212e-02 -4.3492e-02 -7.4276e-02 -7.3227e-02 -7.3227e-02 -6.5488e-02 -6.8897e-02 -2.0875e-01 -1.0234e-01 -8.3205e-02 -8.4149e-02 -1.0395e-01 6.2302e-01 -2.8661e-01 -5.4136e-02 5.3580e-01 -3.1432e-01 7.4527e-01 6.7301e-01 6.9381e-01 -2.9503e-01 7.1057e-01 9.5102e-01 -2.8375e-01 -1.1172e-01 1.0000e+00 -2.7947e-01 1.0000e+00 -2.7947e-01 -2.7947e-01 -2.7947e-01 -2.7947e-01 1.0000e+00 -2.8008e-01 -1.1172e-01 -5.9438e-01 -2.8253e-01 9.9097e-01 9.7734e-01 9.9097e-01 -2.7320e-01 -2.7320e-01 -2.7320e-01 3.2066e-01 3.1994e-01 3.1923e-01 8.8370e-01 -2.7136e-01 -2.7136e-01 8.7125e-01 5.5342e-01 3.6197e-01 6.5857e-01 4.9669e-01 2.9303e-01
8.8862e-03 -7.7052e-02 -7.4356e-02 -7.4356e-02 -8.4219e-02 -7.8191e-02 -8.6340e-02 -8.6340e-02 -7.8191e-02 -7.8191e-02 -4.7449e-02 -3.3396e-02 -2.9896e-02 -2.9896e-02 -6.4748e-02 -6.2394e-02 -1.4269e-01 -9.8901e-02 -1.2144e-01 -7.4356e-02 -1.0334e-01 -2.9421e-01 5.5762e-01 1.7837e-01 -3.6110e-01 8.0470e-01 -3.5952e-01 -3.8091e-01 -3.8551e-01 9.0856e-01 -3.6705e-01 -2.8386e-01 9.8272e-01 -2.1658e-01 -2.8008e-01 9.9782e-01 -2.8008e-01 9.9782e-01 9.9782e-01 9.9782e-01 9.9782e-01 -2.8008e-01 1.0000e+00 -2.1658e-01 4.6663e-01 9.8265e-01 -2.7755e-01 -2.7374e-01 -2.7755e-01 9.1059e-01 9.1059e-01 9.1059e-01 -7.1023e-01 -7.0762e-01 -7.0501e-01 -2.6355e-01 9.0390e-01 9.0827e-01 -2.5281e-01 -3.6835e-01 -6.0381e-01 -1.3429e-01 -2.6127e-01 -3.3227e-01
-1.7218e-02 3.4788e-01 3.5276e-01 3.5276e-01 3.7017e-01 3.8538e-01 3.6831e-01 3.6831e-01 3.8538e-01 3.8538e-01 2.9168e-01 3.9153e-01 3.9830e-01 3.9830e-01 -6.7229e-03 -1.1404e-02 8.0516e-02 2.4283e-01 7.6369e-02 -3.0251e-02 2.3729e-01 -6.7037e-02 -8.2584e-02 -4.1862e-02 4.5679e-01 -7.1710e-02 3.6274e-01 5.5396e-01 5.4761e-01 -4.4193e-02 5.9005e-01 -3.6560e-02 -2.1942e-01 1.0000e+00 -1.1172e-01 -2.1611e-01 -1.1172e-01 -2.1611e-01 -2.1611e-01 -2.1611e-01 -2.1611e-01 -1.1172e-01 -2.1658e-01 1.0000e+00 -4.4343e-01 -2.1080e-01 -1.1072e-01 -1.0919e-01 -1.1072e-01 -2.0841e-01 -2.0841e-01 -2.0841e-01 4.7531e-02 4.6951e-02 4.6372e-02 -1.0652e-01 -2.0698e-01 -2.0698e-01 -1.0704e-01 8.7621e-02 3.0967e-01 -1.1828e-01 -6.7037e-02 -1.6592e-01
7.8057e-02 -1.4454e-01 -1.4900e-01 -1.4900e-01 -1.5938e-01 -1.6725e-01 -1.6308e-01 -1.6308e-01 -1.6725e-01 -1.6725e-01 -1.4014e-01 -1.6593e-01 -1.7156e-01 -1.7156e-01 -5.9981e-02 -7.1280e-02 1.8721e-01 -2.8460e-02 4.5627e-02 -1.1787e-01 -2.3084e-02 -4.9227e-01 2.2283e-01 9.1079e-02 -7.0621e-01 2.0574e-01 -6.6391e-01 -7.1332e-01 -7.2368e-01 3.7623e-01 -7.6797e-01 -6.0239e-01 4.7283e-01 -4.4343e-01 -5.9438e-01 4.6560e-01 -5.9438e-01 4.6560e-01 4.6560e-01 4.6560e-01 4.6560e-01 -5.9438e-01 4.6663e-01 -4.4343e-01 1.0000e+00 4.7533e-01 -5.8901e-01 -5.8091e-01 -5.8901e-01 4.5183e-01 4.5183e-01 4.5183e-01 -7.3349e-02 -7.2084e-02 -7.5209e-02 -5.0892e-01 4.4872e-01 4.4872e-01 -4.9919e-01 -7.5215e-01 -6.2390e-01 -3.5403e-01 -2.4384e-01 -1.7082e-01
7.6510e-03 -8.8455e-02 -8.5844e-02 -8.5844e-02 -9.5682e-02 -9.0205e-02 -9.8049e-02 -9.8049e-02 -9.0205e-02 -9.0205e-02 -4.8279e-02 -3.4934e-02 -3.1421e-02 -3.1421e-02 -7.8423e-02 -7.5571e-02 -1.2855e-01 -1.0089e-01 -1.2295e-01 -8.5844e-02 -1.0535e-01 -2.9180e-01 5.4370e-01 1.7674e-01 -3.6008e-01 7.8702e-01 -3.5750e-01 -3.7934e-01 -3.8400e-01 8.9114e-01 -3.6505e-01 -2.8633e-01 9.6536e-01 -2.1080e-01 -2.8253e-01 9.8048e-01 -2.8253e-01 9.8048e-01 9.8048e-01 9.8048e-01 9.8048e-01 -2.8253e-01 9.8265e-01 -2.1080e-01 4.7533e-01 1.0000e+00 -2.7998e-01 -2.7613e-01 -2.7998e-01 9.2828e-01 9.2828e-01 9.2828e-01 -7.2144e-01 -7.1885e-01 -7.1210e-01 -2.6620e-01 9.1733e-01 9.2169e-01 -2.5550e-01 -3.7698e-01 -6.1831e-01 -1.3757e-01 -2.6989e-01 -3.3863e-01
-5.4999e-02 -7.0178e-02 -6.9110e-02 -6.9110e-02 -6.9110e-02 -6.2401e-02 -6.5823e-02 -6.5823e-02 -6.2401e-02 -6.2401e-02 -4.3099e-02 -7.3605e-02 -7.2566e-02 -7.2566e-02 -6.4896e-02 -6.8275e-02 -2.2017e-01 -1.0142e-01 -8.2454e-02 -8.3389e-02 -1.0301e-01 6.3004e-01 -2.8250e-01 -5.3647e-02 5.4289e-01 -3.2336e-01 7.3818e-01 6.8080e-01 6.8732e-01 -2.9227e-01 7.1842e-01 9.5983e-01 -2.8119e-01 -1.1072e-01 9.9097e-01 -2.7695e-01 9.9097e-01 -2.7695e-01 -2.7695e-01 -2.7695e-01 -2.7695e-01 9.9097e-01 -2.7755e-01 -1.1072e-01 -5.8901e-01 -2.7998e-01 1.0000e+00 9.8625e-01 1.0000e+00 -2.7063e-01 -2.7063e-01 -2.7063e-01 3.2927e-01 3.2856e-01 3.2786e-01 8.9213e-01 -2.6881e-01 -2.6881e-01 8.7961e-01 5.6064e-01 3.7003e-01 6.6569e-01 5.0284e-01 3.0026e-01
-5.4243e-02 -6.8870e-02 -6.7813e-02 -6.7813e-02 -6.7813e-02 -6.1174e-02 -6.4560e-02 -6.4560e-02 -6.1174e-02 -6.1174e-02 -4.2506e-02 -7.2593e-02 -7.1568e-02 -7.1568e-02 -6.4004e-02 -6.7336e-02 -2.1698e-01 -1.0002e-01 -8.1320e-02 -8.2242e-02 -1.0159e-01 6.3281e-01 -2.8846e-01 -5.2909e-02 5.4670e-01 -3.1876e-01 7.2748e-01 6.8544e-01 6.7752e-01 -2.8810e-01 7.3051e-01 9.4619e-01 -2.7732e-01 -1.0919e-01 9.7734e-01 -2.7314e-01 9.7734e-01 -2.7314e-01 -2.7314e-01 -2.7314e-01 -2.7314e-01 9.7734e-01 -2.7374e-01 -1.0919e-01 -5.8091e-01 -2.7613e-01 9.8625e-01 1.0000e+00 9.8625e-01 -2.6676e-01 -2.6676e-01 -2.6676e-01 3.4247e-01 3.4177e-01 3.4107e-01 9.0514e-01 -2.6496e-01 -2.6496e-01 8.9251e-01 5.7176e-01 3.8238e-01 6.7667e-01 4.8822e-01 2.9288e-01
-5.4999e-02 -7.0178e-02 -6.9110e-02 -6.9110e-02 -6.9110e-02 -6.2401e-02 -6.5823e-02 -6.5823e-02 -6.2401e-02 -6.2401e-02 -4.3099e-02 -7.3605e-02 -7.2566e-02 -7.2566e-02 -6.4896e-02 -6.8275e-02 -2.2017e-01 -1.0142e-01 -8.2454e-02 -8.3389e-02 -1.0301e-01 6.3004e-01 -2.8250e-01 -5.3647e-02 5.4289e-01 -3.2336e-01 7.3818e-01 6.8080e-01 6.8732e-01 -2.9227e-01 7.1842e-01 9.5983e-01 -2.8119e-01 -1.1072e-01 9.9097e-01 -2.7695e-01 9.9097e-01 -2.7695e-01 -2.7695e-01 -2.7695e-01 -2.7695e-01 9.9097e-01 -2.7755e-01 -1.1072e-01 -5.8901e-01 -2.7998e-01 1.0000e+00 9.8625e-01 1.0000e+00 -2.7063e-01 -2.7063e-01 -2.7063e-01 3.2927e-01 3.2856e-01 3.2786e-01 8.9213e-01 -2.6881e-01 -2.6881e-01 8.7961e-01 5.6064e-01 3.7003e-01 6.6569e-01 5.0284e-01 3.0026e-01
2.3765e-02 -6.6864e-02 -6.4073e-02 -6.4073e-02 -7.3943e-02 -6.7278e-02 -7.5766e-02 -7.5766e-02 -6.7278e-02 -6.7278e-02 -4.7242e-02 -3.3011e-02 -2.9515e-02 -2.9515e-02 -8.9328e-02 -8.5794e-02 -1.0855e-01 -9.8404e-02 -1.2106e-01 -1.0355e-01 -1.0284e-01 -2.4949e-01 4.8926e-01 1.7879e-01 -3.2138e-01 7.1878e-01 -3.3253e-01 -3.5490e-01 -3.5965e-01 8.2094e-01 -3.5581e-01 -2.7703e-01 8.9366e-01 -2.0841e-01 -2.7320e-01 9.0835e-01 -2.7320e-01 9.0835e-01 9.0835e-01 9.0835e-01 9.0835e-01 -2.7320e-01 9.1059e-01 -2.0841e-01 4.5183e-01 9.2828e-01 -2.7063e-01 -2.6676e-01 -2.7063e-01 1.0000e+00 1.0000e+00 1.0000e+00 -7.8361e-01 -7.8100e-01 -7.7421e-01 -2.8711e-01 9.8909e-01 9.9346e-01 -2.8232e-01 -3.9156e-01 -6.4822e-01 -1.3915e-01 -2.9894e-01 -3.6855e-01
2.3765e-02 -6.6864e-02 -6.4073e-02 -6.4073e-02 -7.3943e-02 -6.7278e-02 -7.5766e-02 -7.5766e-02 -6.7278e-02 -6.7278e-02 -4.7242e-02 -3.3011e-02 -2.9515e-02 -2.9515e-02 -8.9328e-02 -8.5794e-02 -1.0855e-01 -9.8404e-02 -1.2106e-01 -1.0355e-01 -1.0284e-01 -2.4949e-01 4.8926e-01 1.7879e-01 -3.2138e-01 7.1878e-01 -3.3253e-01 -3.5490e-01 -3.5965e-01 8.2094e-01 -3.5581e-01 -2.7703e-01 8.9366e-01 -2.0841e-01 -2.7320e-01 9.0835e-01 -2.7320e-01 9.0835e-01 9.0835e-01 9.0835e-01 9.0835e-01 -2.7320e-01 9.1059e-01 -2.0841e-01 4.5183e-01 9.2828e-01 -2.7063e-01 -2.6676e-01 -2.7063e-01 1.0000e+00 1.0000e+00 1.0000e+00 -7.8361e-01 -7.8100e-01 -7.7421e-01 -2.8711e-01 9.8909e-01 9.9346e-01 -2.8232e-01 -3.9156e-01 -6.4822e-01 -1.3915e-01 -2.9894e-01 -3.6855e-01
2.3765e-02 -6.6864e-02 -6.4073e-02 -6.4073e-02 -7.3943e-02 -6.7278e-02 -7.5766e-02 -7.5766e-02 -6.7278e-02 -6.7278e-02 -4.7242e-02 -3.3011e-02 -2.9515e-02 -2.9515e-02 -8.9328e-02 -8.5794e-02 -1.0855e-01 -9.8404e-02 -1.2106e-01 -1.0355e-01 -1.0284e-01 -2.4949e-01 4.8926e-01 1.7879e-01 -3.2138e-01 7.1878e-01 -3.3253e-01 -3.5490e-01 -3.5965e-01 8.2094e-01 -3.5581e-01 -2.7703e-01 8.9366e-01 -2.0841e-01 -2.7320e-01 9.0835e-01 -2.7320e-01 9.0835e-01 9.0835e-01 9.0835e-01 9.0835e-01 -2.7320e-01 9.1059e-01 -2.0841e-01 4.5183e-01 9.2828e-01 -2.7063e-01 -2.6676e-01 -2.7063e-01 1.0000e+00 1.0000e+00 1.0000e+00 -7.8361e-01 -7.8100e-01 -7.7421e-01 -2.8711e-01 9.8909e-01 9.9346e-01 -2.8232e-01 -3.9156e-01 -6.4822e-01 -1.3915e-01 -2.9894e-01 -3.6855e-01
-2.3408e-03 6.0496e-02 5.6684e-02 5.6684e-02 6.6124e-02 6.2424e-02 6.4293e-02 6.4293e-02 6.2424e-02 6.2424e-02 5.4441e-02 4.5755e-02 4.1341e-02 4.1341e-02 -5.0299e-03 -2.2906e-02 2.0943e-01 1.4947e-01 1.5771e-01 -6.6030e-02 1.5481e-01 1.7833e-01 -5.3826e-01 -1.3752e-01 1.8157e-01 -7.9544e-01 3.7429e-01 3.1501e-01 3.0283e-01 -7.0942e-01 3.0766e-01 2.9613e-01 -6.9172e-01 4.7531e-02 3.2066e-01 -7.0847e-01 3.2066e-01 -7.0847e-01 -7.0847e-01 -7.0847e-01 -7.0847e-01 3.2066e-01 -7.1023e-01 4.7531e-02 -7.3349e-02 -7.2144e-01 3.2927e-01 3.4247e-01 3.2927e-01 -7.8361e-01 -7.8361e-01 -7.8361e-01 1.0000e+00 9.9801e-01 9.8803e-01 3.6833e-01 -7.7430e-01 -7.7848e-01 3.6415e-01 5.1460e-04 3.9041e-01 2.3026e-01 3.5701e-01 3.2703e-01
