1.0000e+00 6.8130e-01 6.7461e-01 3.3005e-02 2.5056e-02 -1.1208e-03 -3.5566e-02 -2.1999e-02 -3.4214e-02 -8.1519e-03 -2.6145e-02 -4.5433e-02 -4.4572e-02 -5.8232e-02 -5.8232e-02 -1.5029e-02 -9.6642e-03 -3.5968e-02 -3.5968e-02 -1.4883e-02 -1.4883e-02 -2.0796e-02 -2.5719e-02 -2.0488e-02 -2.7523e-02 -2.7523e-02 9.0610e-02 -1.6726e-02 -4.1551e-02 -3.8643e-02 1.8495e-03 1.8495e-03 -4.8882e-03 -3.8643e-02 -3.8643e-02 3.7159e-02 -3.7898e-03 4.9135e-03 -1.5467e-02 -2.6758e-03
6.8130e-01 1.0000e+00 9.9091e-01 -4.3807e-02 -5.1203e-02 -1.0077e-02 -6.2453e-02 2.4528e-03 8.2968e-04 4.5907e-03 4.0602e-03 -2.6102e-02 -2.2221e-02 -2.4174e-02 -2.4174e-02 -8.9567e-03 1.7335e-02 -1.9947e-02 -1.9947e-02 5.4165e-03 5.4165e-03 -2.1468e-02 -1.7354e-02 3.3289e-03 -1.4057e-02 -1.4057e-02 7.6883e-02 6.7272e-04 -2.1180e-02 -4.2902e-02 4.4462e-02 4.4462e-02 6.3208e-02 -4.2902e-02 -4.2902e-02 -1.2517e-02 -2.1661e-02 2.2983e-02 -2.5633e-02 -2.0350e-02
6.7461e-01 9.9091e-01 1.0000e+00 -4.7395e-02 -5.4750e-02 -1.0864e-02 -6.3755e-02 1.3937e-03 7.4040e-04 5.4157e-03 2.9150e-03 -2.0410e-02 -1.5075e-02 -2.5323e-02 -2.5323e-02 -3.3864e-03 2.2328e-02 -2.2052e-02 -2.2052e-02 1.0601e-02 1.0601e-02 -2.3394e-02 -1.9361e-02 8.9363e-03 -1.5866e-02 -1.5866e-02 7.5725e-02 -9.5446e-05 -2.1774e-02 -4.3295e-02 4.6654e-02 4.6654e-02 7.0356e-02 -4.3295e-02 -4.3295e-02 -1.5423e-02 -2.9337e-02 3.0703e-02 -3.2057e-02 -2.7983e-02
3.3005e-02 -4.3807e-02 -4.7395e-02 1.0000e+00 9.9284e-01 2.0444e-01 2.6782e-02 4.9116e-03 -6.8286e-03 1.9641e-02 -2.0663e-02 1.4788e-01 1.5404e-01 9.8267e-02 9.8267e-02 1.1756e-01 1.5879e-01 1.3096e-01 1.3096e-01 1.7282e-01 1.6704e-01 1.0893e-01 1.1040e-01 1.6165e-01 9.7064e-02 9.7064e-02 -5.1867e-03 9.1908e-02 2.8258e-02 4.1717e-02 4.0019e-02 4.0019e-02 -8.3042e-02 4.1717e-02 4.1717e-02 1.0896e-01 2.6511e-02 -3.1691e-02 3.6747e-02 2.8503e-02
2.5056e-02 -5.1203e-02 -5.4750e-02 9.9284e-01 1.0000e+00 2.0393e-01 2.6129e-02 2.3194e-03 -9.0295e-03 1.7733e-02 -2.3263e-02 1.4536e-01 1.5202e-01 9.7695e-02 9.7695e-02 1.1649e-01 1.5191e-01 1.3002e-01 1.3002e-01 1.6589e-01 1.6012e-01 1.0807e-01 1.0952e-01 1.5458e-01 9.6279e-02 9.6279e-02 -2.6345e-02 9.1541e-02 2.7963e-02 4.1427e-02 4.3242e-02 4.3242e-02 -8.0214e-02 4.1427e-02 4.1427e-02 1.0231e-01 2.7224e-02 -3.2395e-02 3.7553e-02 2.9218e-02
-1.1208e-03 -1.0077e-02 -1.0864e-02 2.0444e-01 2.0393e-01 1.0000e+00 1.4649e-01 7.6471e-02 -1.6226e-02 -3.7238e-02 3.1450e-02 3.0664e-02 -2.1454e-02 1.0518e-01 1.0518e-01 1.4677e-02 2.7699e-02 5.5532e-02 5.5532e-02 2.9451e-02 2.9451e-02 4.3257e-02 4.0148e-02 -2.2665e-02 -2.0481e-02 -2.0481e-02 -1.4975e-02 -1.8106e-02 -1.7522e-02 -1.6296e-02 2.8331e-02 2.8331e-02 1.8818e-02 -1.6296e-02 -1.6296e-02 1.8268e-02 2.4971e-02 -2.4611e-02 3.3948e-02 2.5328e-02
-3.5566e-02 -6.2453e-02 -6.3755e-02 2.6782e-02 2.6129e-02 1.4649e-01 1.0000e+00 1.8911e-01 2.0165e-01 -1.3646e-01 1.7082e-01 -1.3444e-02 9.9634e-03 9.8071e-02 9.8071e-02 -4.8314e-03 1.4260e-02 4.0922e-02 4.0922e-02 1.7423e-02 1.7423e-02 4.6208e-02 4.0741e-02 -5.2990e-02 -3.9455e-02 -3.9455e-02 -3.0271e-02 2.3172e-02 -3.5420e-02 -3.2941e-02 -3.8283e-02 -3.8283e-02 2.3212e-03 -3.2941e-02 -3.2941e-02 4.3955e-02 3.6354e-02 -2.3232e-02 2.2518e-02 2.4908e-02
-2.1999e-02 2.4528e-03 1.3937e-03 4.9116e-03 2.3194e-03 7.6471e-02 1.8911e-01 1.0000e+00 7.8056e-01 6.7289e-01 9.3029e-01 3.4155e-01 2.4902e-01 6.8270e-02 6.8270e-02 2.2761e-01 1.4503e-01 7.9981e-02 7.9981e-02 1.6422e-01 1.6422e-01 1.3321e-01 1.2461e-01 1.6543e-01 1.3395e-01 1.3395e-01 8.8470e-02 4.2454e-02 8.6870e-02 7.8408e-02 1.3328e-01 1.3328e-01 6.5625e-02 7.8408e-02 7.8408e-02 1.4613e-01 2.5785e-02 -1.5343e-02 1.6181e-02 2.2941e-02
-3.4214e-02 8.2968e-04 7.4040e-04 -6.8286e-03 -9.0295e-03 -1.6226e-02 2.0165e-01 7.8056e-01 1.0000e+00 8.1538e-01 8.2659e-01 2.4426e-01 3.5210e-01 4.4545e-02 4.4545e-02 2.0702e-01 1.3716e-01 8.8880e-02 8.8880e-02 1.5436e-01 1.5436e-01 1.3385e-01 1.2782e-01 1.8201e-01 1.6803e-01 1.6803e-01 1.0369e-01 7.7694e-02 1.0492e-01 9.5233e-02 -3.0819e-02 -3.0819e-02 -3.5536e-02 9.5233e-02 9.5233e-02 1.5249e-01 4.7259e-03 5.1373e-03 5.5602e-02 1.4997e-03
-8.1519e-03 4.5907e-03 5.4157e-03 1.9641e-02 1.7733e-02 -3.7238e-02 -1.3646e-01 6.7289e-01 8.1538e-01 1.0000e+00 7.0468e-01 2.1580e-01 4.0482e-01 6.0051e-02 6.0051e-02 2.6707e-01 1.8455e-01 1.2371e-01 1.2371e-01 2.0068e-01 2.0068e-01 1.6969e-01 1.6539e-01 2.2968e-01 2.0547e-01 2.0547e-01 1.2120e-01 6.6281e-02 1.2525e-01 1.1411e-01 4.2965e-02 4.2965e-02 -1.0794e-02 1.1411e-01 1.1411e-01 1.5153e-01 -1.5434e-02 1.8345e-02 3.7321e-02 -1.2549e-02
-2.6145e-02 4.0602e-03 2.9150e-03 -2.0663e-02 -2.3263e-02 3.1450e-02 1.7082e-01 9.3029e-01 8.2659e-01 7.0468e-01 1.0000e+00 3.5749e-01 2.7187e-01 7.6791e-03 7.6791e-03 1.8985e-01 9.7256e-02 2.0071e-02 2.0071e-02 1.1617e-01 1.1617e-01 7.0279e-02 6.2730e-02 1.4945e-01 1.0935e-01 1.0935e-01 8.7387e-02 5.7167e-02 8.5566e-02 7.7190e-02 1.2986e-01 1.2986e-01 1.0185e-01 7.7190e-02 7.7190e-02 1.2013e-01 2.3320e-02 -1.2804e-02 8.8936e-03 2.0519e-02
-4.5433e-02 -2.6102e-02 -2.0410e-02 1.4788e-01 1.4536e-01 3.0664e-02 -1.3444e-02 3.4155e-01 2.4426e-01 2.1580e-01 3.5749e-01 1.0000e+00 7.1961e-01 1.7226e-01 1.7226e-01 3.2780e-01 3.5600e-01 2.6339e-01 2.6339e-01 3.4955e-01 3.4427e-01 2.4547e-01 2.4876e-01 3.1017e-01 2.0814e-01 2.0814e-01 9.6509e-02 5.2890e-02 4.7069e-02 5.2019e-02 2.4847e-02 2.4847e-02 1.6568e-01 3.4352e-02 3.4352e-02 2.2224e-01 -1.0189e-02 7.2232e-03 -4.0914e-02 -1.3130e-02
-4.4572e-02 -2.2221e-02 -1.5075e-02 1.5404e-01 1.5202e-01 -2.1454e-02 9.9634e-03 2.4902e-01 3.5210e-01 4.0482e-01 2.7187e-01 7.1961e-01 1.0000e+00 2.4527e-01 2.4527e-01 4.6838e-01 3.5848e-01 2.8113e-01 2.8113e-01 3.7611e-01 3.7078e-01 3.4302e-01 3.3543e-01 3.3361e-01 2.9269e-01 2.9269e-01 1.2244e-01 8.3734e-02 7.6885e-02 7.9814e-02 -8.0931e-02 -8.0931e-02 6.7398e-02 6.2007e-02 6.2007e-02 2.5251e-01 -1.8872e-02 2.1769e-02 1.5558e-02 -1.6000e-02
-5.8232e-02 -2.4174e-02 -2.5323e-02 9.8267e-02 9.7695e-02 1.0518e-01 9.8071e-02 6.8270e-02 4.4545e-02 6.0051e-02 7.6791e-03 1.7226e-01 2.4527e-01 1.0000e+00 1.0000e+00 4.9781e-01 4.7373e-01 5.7198e-01 5.7198e-01 4.8033e-01 4.8033e-01 6.1906e-01 6.0332e-01 2.8346e-01 3.9280e-01 3.9280e-01 -2.3016e-02 3.1450e-01 3.2645e-01 3.1203e-01 -8.4253e-02 -8.4253e-02 -3.6578e-02 2.6989e-01 2.6989e-01 2.3674e-01 -3.8221e-03 4.5562e-03 -1.4055e-04 -3.0943e-03
-5.8232e-02 -2.4174e-02 -2.5323e-02 9.8267e-02 9.7695e-02 1.0518e-01 9.8071e-02 6.8270e-02 4.4545e-02 6.0051e-02 7.6791e-03 1.7226e-01 2.4527e-01 1.0000e+00 1.0000e+00 4.9781e-01 4.7373e-01 5.7198e-01 5.7198e-01 4.8033e-01 4.8033e-01 6.1906e-01 6.0332e-01 2.8346e-01 3.9280e-01 3.9280e-01 -2.3016e-02 3.1450e-01 3.2645e-01 3.1203e-01 -8.4253e-02 -8.4253e-02 -3.6578e-02 2.6989e-01 2.6989e-01 2.3674e-01 -3.8221e-03 4.5562e-03 -1.4055e-04 -3.0943e-03
-1.5029e-02 -8.9567e-03 -3.3864e-03 1.1756e-01 1.1649e-01 1.4677e-02 -4.8314e-03 2.2761e-01 2.0702e-01 2.6707e-01 1.8985e-01 3.2780e-01 4.6838e-01 4.9781e-01 4.9781e-01 1.0000e+00 8.2411e-01 6.3467e-01 6.3467e-01 8.3621e-01 8.3621e-01 6.9707e-01 6.7629e-01 7.4867e-01 5.9984e-01 5.9984e-01 2.3911e-01 1.3817e-01 1.4623e-01 1.4078e-01 -1.2403e-01 -1.2403e-01 7.3822e-04 1.1689e-01 1.1689e-01 1.7976e-01 -2.7903e-02 2.9465e-02 1.8088e-03 -2.6356e-02
-9.6642e-03 1.7335e-02 2.2328e-02 1.5879e-01 1.5191e-01 2.7699e-02 1.4260e-02 1.4503e-01 1.3716e-01 1.8455e-01 9.7256e-02 3.5600e-01 3.5848e-01 4.7373e-01 4.7373e-01 8.2411e-01 1.0000e+00 8.0772e-01 8.0772e-01 9.7934e-01 9.7934e-01 7.4663e-01 7.4940e-01 8.9473e-01 6.7756e-01 6.7756e-01 2.2755e-01 2.1253e-01 1.8009e-01 1.7828e-01 -1.1049e-01 -1.1049e-01 -1.7518e-02 1.5516e-01 1.5516e-01 1.9500e-01 -2.3167e-02 3.3393e-02 3.7783e-04 -3.0105e-02
-3.5968e-02 -1.9947e-02 -2.2052e-02 1.3096e-01 1.3002e-01 5.5532e-02 4.0922e-02 7.9981e-02 8.8880e-02 1.2371e-01 2.0071e-02 2.6339e-01 2.8113e-01 5.7198e-01 5.7198e-01 6.3467e-01 8.0772e-01 1.0000e+00 1.0000e+00 8.1898e-01 8.1898e-01 9.2436e-01 9.2905e-01 7.0338e-01 8.3953e-01 8.3953e-01 -3.9243e-02 2.6786e-01 2.2949e-01 2.2597e-01 -1.5051e-01 -1.5051e-01 -3.3908e-02 1.9910e-01 1.9910e-01 1.1060e-01 -3.2733e-02 4.4106e-02 -1.7880e-02 -4.1306e-02
-3.5968e-02 -1.9947e-02 -2.2052e-02 1.3096e-01 1.3002e-01 5.5532e-02 4.0922e-02 7.9981e-02 8.8880e-02 1.2371e-01 2.0071e-02 2.6339e-01 2.8113e-01 5.7198e-01 5.7198e-01 6.3467e-01 8.0772e-01 1.0000e+00 1.0000e+00 8.1898e-01 8.1898e-01 9.2436e-01 9.2905e-01 7.0338e-01 8.3953e-01 8.3953e-01 -3.9243e-02 2.6786e-01 2.2949e-01 2.2597e-01 -1.5051e-01 -1.5051e-01 -3.3908e-02 1.9910e-01 1.9910e-01 1.1060e-01 -3.2733e-02 4.4106e-02 -1.7880e-02 -4.1306e-02
-1.4883e-02 5.4165e-03 1.0601e-02 1.7282e-01 1.6589e-01 2.9451e-02 1.7423e-02 1.6422e-01 1.5436e-01 2.0068e-01 1.1617e-01 3.4955e-01 3.7611e-01 4.8033e-01 4.8033e-01 8.3621e-01 9.7934e-01 8.1898e-01 8.1898e-01 1.0000e+00 9.9302e-01 7.5703e-01 7.5993e-01 9.1462e-01 6.8704e-01 6.8704e-01 2.3072e-01 2.1579e-01 1.8302e-01 1.8110e-01 -1.2728e-01 -1.2728e-01 -3.0975e-02 1.5777e-01 1.5777e-01 2.0201e-01 -2.6955e-02 3.7254e-02 -3.6958e-03 -3.3975e-02
-1.4883e-02 5.4165e-03 1.0601e-02 1.6704e-01 1.6012e-01 2.9451e-02 1.7423e-02 1.6422e-01 1.5436e-01 2.0068e-01 1.1617e-01 3.4427e-01 3.7078e-01 4.8033e-01 4.8033e-01 8.3621e-01 9.7934e-01 8.1898e-01 8.1898e-01 9.9302e-01 1.0000e+00 7.5703e-01 7.5993e-01 9.0740e-01 6.8704e-01 6.8704e-01 2.3072e-01 2.1579e-01 1.8302e-01 1.8110e-01 -1.3299e-01 -1.3299e-01 -3.6387e-02 1.5777e-01 1.5777e-01 2.0201e-01 -2.6955e-02 3.7254e-02 -3.6958e-03 -3.3975e-02
-2.0796e-02 -2.1468e-02 -2.3394e-02 1.0893e-01 1.0807e-01 4.3257e-02 4.6208e-02 1.3321e-01 1.3385e-01 1.6969e-01 7.0279e-02 2.4547e-01 3.4302e-01 6.1906e-01 6.1906e-01 6.9707e-01 7.4663e-01 9.2436e-01 9.2436e-01 7.5703e-01 7.5703e-01 1.0000e+00 9.7470e-01 6.2833e-01 8.7488e-01 8.7488e-01 -3.6274e-02 2.9118e-01 2.5020e-01 2.4601e-01 -1.3248e-01 -1.3248e-01 -1.7778e-03 2.1746e-01 2.1746e-01 1.1898e-01 -4.1708e-02 4.3018e-02 -1.9799e-02 -4.0411e-02
-2.5719e-02 -1.7354e-02 -1.9361e-02 1.1040e-01 1.0952e-01 4.0148e-02 4.0741e-02 1.2461e-01 1.2782e-01 1.6539e-01 6.2730e-02 2.4876e-01 3.3543e-01 6.0332e-01 6.0332e-01 6.7629e-01 7.4940e-01 9.2905e-01 9.2905e-01 7.5993e-01 7.5993e-01 9.7470e-01 1.0000e+00 6.5233e-01 8.9636e-01 8.9636e-01 -3.7216e-02 2.8339e-01 2.4329e-01 2.3932e-01 -1.2671e-01 -1.2671e-01 -1.2778e-03 2.1134e-01 2.1134e-01 1.1667e-01 -4.5895e-02 4.7252e-02 -2.2682e-02 -4.4551e-02
-2.0488e-02 3.3289e-03 8.9363e-03 1.6165e-01 1.5458e-01 -2.2665e-02 -5.2990e-02 1.6543e-01 1.8201e-01 2.2968e-01 1.4945e-01 3.1017e-01 3.3361e-01 2.8346e-01 2.8346e-01 7.4867e-01 8.9473e-01 7.0338e-01 7.0338e-01 9.1462e-01 9.0740e-01 6.2833e-01 6.5233e-01 1.0000e+00 7.3226e-01 7.3226e-01 2.4268e-01 2.2807e-01 1.9402e-01 1.9170e-01 -1.1801e-01 -1.1801e-01 -2.4207e-02 1.6757e-01 1.6757e-01 1.5970e-01 -4.0837e-02 5.1421e-02 -1.8584e-02 -4.8168e-02
-2.7523e-02 -1.4057e-02 -1.5866e-02 9.7064e-02 9.6279e-02 -2.0481e-02 -3.9455e-02 1.3395e-01 1.6803e-01 2.0547e-01 1.0935e-01 2.0814e-01 2.9269e-01 3.9280e-01 3.9280e-01 5.9984e-01 6.7756e-01 8.3953e-01 8.3953e-01 6.8704e-01 6.8704e-01 8.7488e-01 8.9636e-01 7.3226e-01 1.0000e+00 1.0000e+00 -3.3358e-02 3.1801e-01 2.7396e-01 2.6904e-01 -1.2958e-01 -1.2958e-01 3.6621e-03 2.3851e-01 2.3851e-01 5.7977e-02 -5.0847e-02 5.2105e-02 -3.0944e-02 -4.9601e-02
-2.7523e-02 -1.4057e-02 -1.5866e-02 9.7064e-02 9.6279e-02 -2.0481e-02 -3.9455e-02 1.3395e-01 1.6803e-01 2.0547e-01 1.0935e-01 2.0814e-01 2.9269e-01 3.9280e-01 3.9280e-01 5.9984e-01 6.7756e-01 8.3953e-01 8.3953e-01 6.8704e-01 6.8704e-01 8.7488e-01 8.9636e-01 7.3226e-01 1.0000e+00 1.0000e+00 -3.3358e-02 3.1801e-01 2.7396e-01 2.6904e-01 -1.2958e-01 -1.2958e-01 3.6621e-03 2.3851e-01 2.3851e-01 5.7977e-02 -5.0847e-02 5.2105e-02 -3.0944e-02 -4.9601e-02
9.0610e-02 7.6883e-02 7.5725e-02 -5.1867e-03 -2.6345e-02 -1.4975e-02 -3.0271e-02 8.8470e-02 1.0369e-01 1.2120e-01 8.7387e-02 9.6509e-02 1.2244e-01 -2.3016e-02 -2.3016e-02 2.3911e-01 2.2755e-01 -3.9243e-02 -3.9243e-02 2.3072e-01 2.3072e-01 -3.6274e-02 -3.7216e-02 2.4268e-01 -3.3358e-02 -3.3358e-02 1.0000e+00 -1.3367e-02 -1.2936e-02 -1.2030e-02 -7.0172e-02 -7.0172e-02 -6.3675e-02 -1.2030e-02 -1.2030e-02 1.8713e-01 4.3068e-03 -3.9805e-03 1.2281e-02 4.6304e-03
-1.6726e-02 6.7272e-04 -9.5446e-05 9.1908e-02 9.1541e-02 -1.8106e-02 2.3172e-02 4.2454e-02 7.7694e-02 6.6281e-02 5.7167e-02 5.2890e-02 8.3734e-02 3.1450e-01 3.1450e-01 1.3817e-01 2.1253e-01 2.6786e-01 2.6786e-01 2.1579e-01 2.1579e-01 2.9118e-01 2.8339e-01 2.2807e-01 3.1801e-01 3.1801e-01 -1.3367e-02 1.0000e+00 7.7108e-01 6.8897e-01 -5.0427e-02 -5.0427e-02 -6.8084e-02 6.8897e-01 6.8897e-01 1.7557e-01 -6.1223e-02 6.1902e-02 -4.5247e-02 -6.0551e-02
-4.1551e-02 -2.1180e-02 -2.1774e-02 2.8258e-02 2.7963e-02 -1.7522e-02 -3.5420e-02 8.6870e-02 1.0492e-01 1.2525e-01 8.5566e-02 4.7069e-02 7.6885e-02 3.2645e-01 3.2645e-01 1.4623e-01 1.8009e-01 2.2949e-01 2.2949e-01 1.8302e-01 1.8302e-01 2.5020e-01 2.4329e-01 1.9402e-01 2.7396e-01 2.7396e-01 -1.2936e-02 7.7108e-01 1.0000e+00 9.3001e-01 -8.2108e-02 -8.2108e-02 -9.7483e-02 9.3001e-01 9.3001e-01 2.0588e-01 -1.2104e-02 1.2559e-02 -1.1386e-03 -1.1653e-02
-3.8643e-02 -4.2902e-02 -4.3295e-02 4.1717e-02 4.1427e-02 -1.6296e-02 -3.2941e-02 7.8408e-02 9.5233e-02 1.1411e-01 7.7190e-02 5.2019e-02 7.9814e-02 3.1203e-01 3.1203e-01 1.4078e-01 1.7828e-01 2.2597e-01 2.2597e-01 1.8110e-01 1.8110e-01 2.4601e-01 2.3932e-01 1.9170e-01 2.6904e-01 2.6904e-01 -1.2030e-02 6.8897e-01 9.3001e-01 1.0000e+00 -7.6361e-02 -7.6361e-02 -9.0661e-02 9.2207e-01 9.2207e-01 1.8559e-01 -1.8966e-02 1.9423e-02 -8.0329e-03 -1.8514e-02
1.8495e-03 4.4462e-02 4.6654e-02 4.0019e-02 4.3242e-02 2.8331e-02 -3.8283e-02 1.3328e-01 -3.0819e-02 4.2965e-02 1.2986e-01 2.4847e-02 -8.0931e-02 -8.4253e-02 -8.4253e-02 -1.2403e-01 -1.1049e-01 -1.5051e-01 -1.5051e-01 -1.2728e-01 -1.3299e-01 -1.3248e-01 -1.2671e-01 -1.1801e-01 -1.2958e-01 -1.2958e-01 -7.0172e-02 -5.0427e-02 -8.2108e-02 -7.6361e-02 1.0000e+00 1.0000e+00 5.1499e-01 -7.6361e-02 -7.6361e-02 -3.0548e-01 3.5693e-02 -4.0759e-02 -1.6838e-02 3.7712e-02
1.8495e-03 4.4462e-02 4.6654e-02 4.0019e-02 4.3242e-02 2.8331e-02 -3.8283e-02 1.3328e-01 -3.0819e-02 4.2965e-02 1.2986e-01 2.4847e-02 -8.0931e-02 -8.4253e-02 -8.4253e-02 -1.2403e-01 -1.1049e-01 -1.5051e-01 -1.5051e-01 -1.2728e-01 -1.3299e-01 -1.3248e-01 -1.2671e-01 -1.1801e-01 -1.2958e-01 -1.2958e-01 -7.0172e-02 -5.0427e-02 -8.2108e-02 -7.6361e-02 1.0000e+00 1.0000e+00 5.1499e-01 -7.6361e-02 -7.6361e-02 -3.0548e-01 3.5693e-02 -4.0759e-02 -1.6838e-02 3.7712e-02
-4.8882e-03 6.3208e-02 7.0356e-02 -8.3042e-02 -8.0214e-02 1.8818e-02 2.3212e-03 6.5625e-02 -3.5536e-02 -1.0794e-02 1.0185e-01 1.6568e-01 6.7398e-02 -3.6578e-02 -3.6578e-02 7.3822e-04 -1.7518e-02 -3.3908e-02 -3.3908e-02 -3.0975e-02 -3.6387e-02 -1.7778e-03 -1.2778e-03 -2.4207e-02 3.6621e-03 3.6621e-03 -6.3675e-02 -6.8084e-02 -9.7483e-02 -9.0661e-02 5.1499e-01 5.1499e-01 1.0000e+00 -9.0661e-02 -9.0661e-02 -3.1283e-01 -1.9376e-02 1.5321e-02 -6.9632e-02 -1.6718e-02
-3.8643e-02 -4.2902e-02 -4.3295e-02 4.1717e-02 4.1427e-02 -1.6296e-02 -3.2941e-02 7.8408e-02 9.5233e-02 1.1411e-01 7.7190e-02 3.4352e-02 6.2007e-02 2.6989e-01 2.6989e-01 1.1689e-01 1.5516e-01 1.9910e-01 1.9910e-01 1.5777e-01 1.5777e-01 2.1746e-01 2.1134e-01 1.6757e-01 2.3851e-01 2.3851e-01 -1.2030e-02 6.8897e-01 9.3001e-01 9.2207e-01 -7.6361e-02 -7.6361e-02 -9.0661e-02 1.0000e+00 1.0000e+00 2.0764e-01 -1.8966e-02 1.9423e-02 -8.0329e-03 -1.8514e-02
-3.8643e-02 -4.2902e-02 -4.3295e-02 4.1717e-02 4.1427e-02 -1.6296e-02 -3.2941e-02 7.8408e-02 9.5233e-02 1.1411e-01 7.7190e-02 3.4352e-02 6.2007e-02 2.6989e-01 2.6989e-01 1.1689e-01 1.5516e-01 1.9910e-01 1.9910e-01 1.5777e-01 1.5777e-01 2.1746e-01 2.1134e-01 1.6757e-01 2.3851e-01 2.3851e-01 -1.2030e-02 6.8897e-01 9.3001e-01 9.2207e-01 -7.6361e-02 -7.6361e-02 -9.0661e-02 1.0000e+00 1.0000e+00 2.0764e-01 -1.8966e-02 1.9423e-02 -8.0329e-03 -1.8514e-02
3.7159e-02 -1.2517e-02 -1.5423e-02 1.0896e-01 1.0231e-01 1.8268e-02 4.3955e-02 1.4613e-01 1.5249e-01 1.5153e-01 1.2013e-01 2.2224e-01 2.5251e-01 2.3674e-01 2.3674e-01 1.7976e-01 1.9500e-01 1.1060e-01 1.1060e-01 2.0201e-01 2.0201e-01 1.1898e-01 1.1667e-01 1.5970e-01 5.7977e-02 5.7977e-02 1.8713e-01 1.7557e-01 2.0588e-01 1.8559e-01 -3.0548e-01 -3.0548e-01 -3.1283e-01 2.0764e-01 2.0764e-01 1.0000e+00 -3.5374e-02 2.8943e-02 7.7244e-03 -3.3605e-02
-3.7898e-03 -2.1661e-02 -2.9337e-02 2.6511e-02 2.7224e-02 2.4971e-02 3.6354e-02 2.5785e-02 4.7259e-03 -1.5434e-02 2.3320e-02 -1.0189e-02 -1.8872e-02 -3.8221e-03 -3.8221e-03 -2.7903e-02 -2.3167e-02 -3.2733e-02 -3.2733e-02 -2.6955e-02 -2.6955e-02 -4.1708e-02 -4.5895e-02 -4.0837e-02 -5.0847e-02 -5.0847e-02 4.3068e-03 -6.1223e-02 -1.2104e-02 -1.8966e-02 3.5693e-02 3.5693e-02 -1.9376e-02 -1.8966e-02 -1.8966e-02 -3.5374e-02 1.0000e+00 -9.8386e-01 8.7757e-01 9.9467e-01
4.9135e-03 2.2983e-02 3.0703e-02 -3.1691e-02 -3.2395e-02 -2.4611e-02 -2.3232e-02 -1.5343e-02 5.1373e-03 1.8345e-02 -1.2804e-02 7.2232e-03 2.1769e-02 4.5562e-03 4.5562e-03 2.9465e-02 3.3393e-02 4.4106e-02 4.4106e-02 3.7254e-02 3.7254e-02 4.3018e-02 4.7252e-02 5.1421e-02 5.2105e-02 5.2105e-02 -3.9805e-03 6.1902e-02 1.2559e-02 1.9423e-02 -4.0759e-02 -4.0759e-02 1.5321e-02 1.9423e-02 1.9423e-02 2.8943e-02 -9.8386e-01 1.0000e+00 -8.7286e-01 -9.8933e-01
-1.5467e-02 -2.5633e-02 -3.2057e-02 3.6747e-02 3.7553e-02 3.3948e-02 2.2518e-02 1.6181e-02 5.5602e-02 3.7321e-02 8.8936e-03 -4.0914e-02 1.5558e-02 -1.4055e-04 -1.4055e-04 1.8088e-03 3.7783e-04 -1.7880e-02 -1.7880e-02 -3.6958e-03 -3.6958e-03 -1.9799e-02 -2.2682e-02 -1.8584e-02 -3.0944e-02 -3.0944e-02 1.2281e-02 -4.5247e-02 -1.1386e-03 -8.0329e-03 -1.6838e-02 -1.6838e-02 -6.9632e-02 -8.0329e-03 -8.0329e-03 7.7244e-03 8.7757e-01 -8.7286e-01 1.0000e+00 8.8227e-01
-2.6758e-03 -2.0350e-02 -2.7983e-02 2.8503e-02 2.9218e-02 2.5328e-02 2.4908e-02 2.2941e-02 1.4997e-03 -1.2549e-02 2.0519e-02 -1.3130e-02 -1.6000e-02 -3.0943e-03 -3.0943e-03 -2.6356e-02 -3.0105e-02 -4.1306e-02 -4.1306e-02 -3.3975e-02 -3.3975e-02 -4.0411e-02 -4.4551e-02 -4.8168e-02 -4.9601e-02 -4.9601e-02 4.6304e-03 -6.0551e-02 -1.1653e-02 -1.8514e-02 3.7712e-02 3.7712e-02 -1.6718e-02 -1.8514e-02 -1.8514e-02 -3.3605e-02 9.9467e-01 -9.8933e-01 8.8227e-01 1.0000e+00
