1.0000e+00 -9.6382e-02 -7.0660e-02 9.4941e-02 7.8390e-02 -1.0066e-02 -5.2509e-02 -6.2397e-02 -9.5796e-02 -9.5425e-02 -1.7190e-02 -2.7437e-02
-9.6382e-02 1.0000e+00 7.8762e-01 -3.2101e-01 4.3083e-01 1.0444e-01 2.1156e-01 2.9792e-02 6.4656e-02 6.6034e-02 -1.0989e-01 -8.4256e-02
-7.0660e-02 7.8762e-01 1.0000e+00 -3.7901e-01 4.4721e-01 9.9801e-02 1.2528e-01 6.2459e-02 5.7639e-02 5.9088e-02 -1.0116e-01 -9.1041e-02
9.4941e-02 -3.2101e-01 -3.7901e-01 1.0000e+00 -2.5574e-01 -3.7826e-02 -5.6912e-01 1.2536e-02 -2.9611e-01 -2.9476e-01 -1.3576e-01 3.8384e-02
7.8390e-02 4.3083e-01 4.4721e-01 -2.5574e-01 1.0000e+00 -3.3771e-02 2.4596e-01 -1.4678e-01 1.5328e-01 1.5418e-01 5.4285e-02 -3.7030e-02
-1.0066e-02 1.0444e-01 9.9801e-02 -3.7826e-02 -3.3771e-02 1.0000e+00 -1.0138e-01 1.2286e-01 4.9938e-02 5.0050e-02 1.1709e-02 -1.3615e-02
-5.2509e-02 2.1156e-01 1.2528e-01 -5.6912e-01 2.4596e-01 -1.0138e-01 1.0000e+00 -4.2670e-01 3.4368e-01 3.4196e-01 2.1096e-01 1.2289e-01
-6.2397e-02 2.9792e-02 6.2459e-02 1.2536e-02 -1.4678e-01 1.2286e-01 -4.2670e-01 1.0000e+00 -4.0476e-02 -3.9523e-02 -1.3187e-01 -8.4402e-02
-9.5796e-02 6.4656e-02 5.7639e-02 -2.9611e-01 1.5328e-01 4.9938e-02 3.4368e-01 -4.0476e-02 1.0000e+00 9.9329e-01 2.8762e-01 1.3612e-01
-9.5425e-02 6.6034e-02 5.9088e-02 -2.9476e-01 1.5418e-01 5.0050e-02 3.4196e-01 -3.9523e-02 9.9329e-01 1.0000e+00 2.8827e-01 1.3643e-01
-1.7190e-02 -1.0989e-01 -1.0116e-01 -1.3576e-01 5.4285e-02 1.1709e-02 2.1096e-01 -1.3187e-01 2.8762e-01 2.8827e-01 1.0000e+00 -7.8420e-02
-2.7437e-02 -8.4256e-02 -9.1041e-02 3.8384e-02 -3.7030e-02 -1.3615e-02 1.2289e-01 -8.4402e-02 1.3612e-01 1.3643e-01 -7.8420e-02 1.0000e+00
