1.0000e+00 5.4317e-01 3.3970e-01 3.3970e-01 3.1300e-01 3.1300e-01 3.1202e-01 2.9691e-01 5.7862e-01 2.6715e-02 1.2348e-01 3.4878e-01 2.3699e-01 2.3699e-01 -6.9314e-02 2.3699e-01 6.9105e-02 1.0505e-01 6.7335e-02 1.1893e-01 1.2064e-01 -6.9076e-03 -2.1112e-02 -2.5403e-02 -8.0362e-03 -3.9323e-03 -3.9323e-03 -3.9323e-03 8.1486e-03 -3.4231e-02 -6.1118e-02 -1.6991e-02 -1.0294e-01 -9.5049e-03 -1.0195e-02 -9.5961e-02 -2.8964e-02 -2.8964e-02 -1.9001e-02 9.6679e-02 1.7223e-02 -7.5768e-02 -7.5768e-02 -7.5768e-02 -7.6076e-02 -7.6076e-02 -7.6076e-02 -1.0120e-01 1.0156e-01 -2.1748e-02 4.8193e-02 6.0031e-02 3.9851e-02 -2.0431e-02 4.3508e-02 3.6716e-02 3.5774e-02 2.5484e-02 1.1575e-01 4.9321e-02 3.9996e-02 5.6498e-02 1.8257e-01 4.2167e-02 5.7433e-02 -1.8172e-02 3.3730e-02 7.0383e-02 3.1414e-02 4.8180e-02 1.5354e-02 4.7156e-02 1.0912e-02 4.6034e-02 4.7156e-02 4.7156e-02 4.7156e-02 4.7156e-02 4.7156e-02 4.7156e-02 4.7156e-02 4.6134e-02 4.6134e-02 4.6034e-02 4.6815e-02 -4.3385e-02 -4.8029e-02 -1.4869e-02 -3.3535e-02 -2.2796e-02 -5.0832e-03 1.3177e-02 1.3177e-02 2.3141e-02 2.2347e-02 1.3177e-02 1.3177e-02 1.5547e-02 3.1903e-02 2.3141e-02 3.2556e-02 2.3939e-02 2.5143e-02 1.3873e-02 2.4741e-02 2.4741e-02 5.2987e-03 1.4976e-02 1.6747e-02 2.6581e-02 4.7897e-03 1.6346e-02 2.6581e-02 7.7882e-03 2.5041e-02 -1.5176e-02 5.4179e-03 1.4976e-02 3.8218e-03 1.0884e-02 -1.2573e-02 -1.5408e-03 -2.4200e-02 -2.9612e-02 -1.1631e-02 -6.7240e-02 -5.1083e-02 -5.1405e-02 -5.2370e-02 -2.6494e-02 -2.4431e-02 -2.3589e-02 -5.1235e-02 -1.6421e-02 3.0375e-03 3.4453e-03 5.6900e-03 5.6900e-03 5.6900e-03 -4.0039e-02 8.8827e-03 -4.8593e-03 -4.4377e-02 4.2332e-02 4.3882e-02 -4.2061e-02 2.8450e-02 9.2381e-03 7.2686e-03 2.7704e-02 -2.1773e-02 -7.6195e-03 -7.6195e-03 6.3916e-03 1.9755e-02 1.9383e-02 -7.6195e-03 1.8272e-02 1.9012e-02 1.8272e-02 -2.7444e-02 1.7903e-02 1.7903e-02 -2.7444e-02 -2.7444e-02 1.8272e-02 -2.6993e-02 -6.3439e-03 -4.6172e-03 -2.0561e-02
5.4317e-01 1.0000e+00 5.0655e-01 5.0655e-01 4.6314e-01 4.6314e-01 4.6155e-01 3.0800e-01 4.8803e-01 -1.8219e-02 -2.9736e-03 2.0010e-01 1.7476e-01 1.7476e-01 -8.5267e-02 1.7476e-01 2.5435e-02 4.8215e-02 7.1673e-03 3.2711e-02 3.4310e-02 1.1504e-03 -1.0452e-02 8.0389e-04 2.1952e-02 2.7119e-02 2.7119e-02 2.7119e-02 1.1067e-02 -9.0796e-03 -3.1522e-02 3.2429e-02 -6.6976e-02 3.9658e-02 3.8297e-02 -5.1736e-02 1.9097e-02 1.9097e-02 -3.4983e-02 7.5669e-02 2.7207e-02 -7.3891e-02 -7.3891e-02 -7.3891e-02 -7.4482e-02 -7.4482e-02 -7.4482e-02 -9.5295e-02 9.5931e-02 1.2915e-02 4.9204e-02 6.0272e-02 3.1141e-02 -3.7615e-02 3.7087e-02 1.9477e-02 1.7913e-02 4.4974e-03 4.8423e-02 2.4940e-02 5.3565e-03 2.6668e-02 1.0906e-01 2.6905e-02 6.0039e-03 1.0768e-02 -1.6400e-03 1.2370e-02 1.2157e-03 1.0332e-02 6.4146e-02 8.4936e-03 5.9495e-02 -8.7514e-03 8.4936e-03 8.4936e-03 8.4936e-03 8.4936e-03 8.4936e-03 8.4936e-03 8.4936e-03 6.6576e-03 6.6576e-03 -8.7514e-03 7.8813e-03 1.3613e-02 5.1053e-03 -2.7374e-02 1.2394e-02 1.8491e-02 2.2985e-02 2.0363e-02 2.0363e-02 -2.6687e-02 -2.7990e-02 2.0363e-02 2.0363e-02 2.4698e-02 -6.4607e-03 -2.6687e-02 -5.2408e-03 -2.5379e-02 -2.3406e-02 -3.4212e-02 -2.4065e-02 -2.4065e-02 -2.5733e-02 2.1121e-02 -3.0391e-02 3.4533e-02 -4.2319e-02 -3.1050e-02 3.4533e-02 -2.9288e-02 3.1752e-02 -3.6918e-02 7.0709e-03 3.6265e-02 1.9932e-02 6.8692e-04 -2.7609e-02 -7.7894e-03 -2.0139e-02 4.8342e-02 5.5207e-02 -6.4839e-02 -1.8870e-02 -1.9477e-02 -2.1297e-02 6.1508e-04 -5.5880e-03 -3.7590e-03 -6.2013e-02 -3.2991e-02 4.6302e-03 5.3794e-03 -3.3332e-02 -3.3332e-02 -3.3332e-02 -5.0090e-02 -2.0131e-02 9.5994e-03 -1.6652e-02 2.3117e-02 1.0566e-02 -4.3003e-02 2.1785e-02 5.1411e-02 4.8095e-02 2.0458e-02 -1.2503e-02 -1.7147e-02 -1.7147e-02 -2.2511e-02 1.4545e-02 1.3879e-02 -1.7147e-02 1.9515e-02 2.0854e-02 1.9515e-02 -3.9998e-02 1.8847e-02 1.8847e-02 -3.9998e-02 -3.9998e-02 1.9515e-02 -3.9108e-02 1.7765e-02 1.0874e-02 -4.2008e-02
3.3970e-01 5.0655e-01 1.0000e+00 1.0000e+00 9.2275e-01 9.2275e-01 9.1994e-01 3.6033e-01 3.1790e-01 6.6087e-03 2.5294e-02 1.5219e-01 1.5196e-01 1.5196e-01 -2.4233e-04 1.3781e-01 -7.4007e-04 4.3897e-02 -1.0532e-02 6.5076e-02 6.7643e-02 9.5521e-03 -3.8616e-02 -3.6703e-02 8.5406e-03 2.3895e-02 2.3895e-02 2.3895e-02 -2.9274e-03 2.1826e-02 -3.8853e-02 4.3170e-02 -6.7657e-02 6.0165e-02 5.8087e-02 -6.6458e-02 4.0053e-02 4.0053e-02 -5.3413e-02 9.4819e-02 1.1281e-03 -1.9607e-02 -1.9607e-02 -1.9607e-02 -2.0543e-02 -2.0543e-02 -2.0543e-02 -9.4569e-02 9.5528e-02 2.9995e-03 -1.4291e-02 1.2570e-02 5.2078e-02 -1.4635e-02 5.3609e-02 3.7035e-02 1.5477e-02 5.2607e-02 7.2897e-02 -1.8600e-02 4.0544e-03 -2.3479e-02 1.3516e-01 -3.2850e-02 2.9874e-02 3.1399e-03 8.3539e-03 3.4811e-02 1.2230e-02 1.7231e-02 6.1896e-02 1.4423e-02 4.9488e-02 3.1662e-03 1.4423e-02 1.4423e-02 1.4423e-02 1.4423e-02 1.4423e-02 1.4423e-02 1.4423e-02 1.1619e-02 1.1619e-02 3.1662e-03 1.3488e-02 4.2588e-03 -8.7380e-03 -1.2597e-02 -3.1463e-02 -2.1738e-02 -3.3990e-03 -1.2144e-02 -1.2144e-02 8.9281e-04 -1.1916e-03 -1.2144e-02 -1.2144e-02 9.4577e-05 -1.0832e-02 -4.9395e-03 -8.9688e-03 -2.8590e-03 2.7991e-04 -6.4881e-03 -7.6884e-04 -7.6884e-04 4.8516e-03 -2.7872e-02 9.2689e-03 -3.6879e-02 1.1545e-02 8.1901e-03 -3.6879e-02 -3.2665e-03 -4.0784e-02 -1.3184e-02 -2.4633e-02 -2.7872e-02 -3.9061e-02 -1.6536e-02 -5.5844e-02 -4.6602e-02 -5.4940e-02 3.6816e-02 5.2436e-02 -3.6328e-03 5.8667e-03 4.9329e-03 7.3432e-03 7.5814e-04 -6.2955e-05 2.7897e-03 -7.7776e-03 2.2662e-02 8.5383e-03 9.6847e-03 -1.8198e-02 -1.8198e-02 -1.8198e-02 -2.5541e-02 -2.0348e-02 3.7347e-03 1.4746e-03 -2.8180e-03 -9.9609e-03 -9.8099e-03 1.1793e-02 2.8099e-02 2.9032e-02 9.7992e-03 3.9402e-02 7.2561e-03 7.2561e-03 -3.8296e-02 1.5649e-03 5.6554e-04 7.2561e-03 8.7052e-03 5.1410e-03 8.7052e-03 2.9684e-02 1.3263e-02 1.3263e-02 2.9684e-02 2.9684e-02 1.4269e-02 3.1544e-02 1.4989e-03 1.3209e-02 4.9285e-03
3.3970e-01 5.0655e-01 1.0000e+00 1.0000e+00 9.2275e-01 9.2275e-01 9.1994e-01 3.6033e-01 3.1790e-01 6.6087e-03 2.5294e-02 1.5219e-01 1.5196e-01 1.5196e-01 -2.4233e-04 1.3781e-01 -7.4007e-04 4.3897e-02 -1.0532e-02 6.5076e-02 6.7643e-02 9.5521e-03 -3.8616e-02 -3.6703e-02 8.5406e-03 2.3895e-02 2.3895e-02 2.3895e-02 -2.9274e-03 2.1826e-02 -3.8853e-02 4.3170e-02 -6.7657e-02 6.0165e-02 5.8087e-02 -6.6458e-02 4.0053e-02 4.0053e-02 -5.3413e-02 9.4819e-02 1.1281e-03 -1.9607e-02 -1.9607e-02 -1.9607e-02 -2.0543e-02 -2.0543e-02 -2.0543e-02 -9.4569e-02 9.5528e-02 2.9995e-03 -1.4291e-02 1.2570e-02 5.2078e-02 -1.4635e-02 5.3609e-02 3.7035e-02 1.5477e-02 5.2607e-02 7.2897e-02 -1.8600e-02 4.0544e-03 -2.3479e-02 1.3516e-01 -3.2850e-02 2.9874e-02 3.1399e-03 8.3539e-03 3.4811e-02 1.2230e-02 1.7231e-02 6.1896e-02 1.4423e-02 4.9488e-02 3.1662e-03 1.4423e-02 1.4423e-02 1.4423e-02 1.4423e-02 1.4423e-02 1.4423e-02 1.4423e-02 1.1619e-02 1.1619e-02 3.1662e-03 1.3488e-02 4.2588e-03 -8.7380e-03 -1.2597e-02 -3.1463e-02 -2.1738e-02 -3.3990e-03 -1.2144e-02 -1.2144e-02 8.9281e-04 -1.1916e-03 -1.2144e-02 -1.2144e-02 9.4577e-05 -1.0832e-02 -4.9395e-03 -8.9688e-03 -2.8590e-03 2.7991e-04 -6.4881e-03 -7.6884e-04 -7.6884e-04 4.8516e-03 -2.7872e-02 9.2689e-03 -3.6879e-02 1.1545e-02 8.1901e-03 -3.6879e-02 -3.2665e-03 -4.0784e-02 -1.3184e-02 -2.4633e-02 -2.7872e-02 -3.9061e-02 -1.6536e-02 -5.5844e-02 -4.6602e-02 -5.4940e-02 3.6816e-02 5.2436e-02 -3.6328e-03 5.8667e-03 4.9329e-03 7.3432e-03 7.5814e-04 -6.2955e-05 2.7897e-03 -7.7776e-03 2.2662e-02 8.5383e-03 9.6847e-03 -1.8198e-02 -1.8198e-02 -1.8198e-02 -2.5541e-02 -2.0348e-02 3.7347e-03 1.4746e-03 -2.8180e-03 -9.9609e-03 -9.8099e-03 1.1793e-02 2.8099e-02 2.9032e-02 9.7992e-03 3.9402e-02 7.2561e-03 7.2561e-03 -3.8296e-02 1.5649e-03 5.6554e-04 7.2561e-03 8.7052e-03 5.1410e-03 8.7052e-03 2.9684e-02 1.3263e-02 1.3263e-02 2.9684e-02 2.9684e-02 1.4269e-02 3.1544e-02 1.4989e-03 1.3209e-02 4.9285e-03
3.1300e-01 4.6314e-01 9.2275e-01 9.2275e-01 1.0000e+00 1.0000e+00 9.9695e-01 3.3250e-01 2.9285e-01 7.8582e-03 6.7864e-03 1.5511e-01 1.3289e-01 1.3289e-01 -7.2149e-03 1.1942e-01 2.0845e-02 3.5390e-02 1.4813e-04 5.7477e-02 6.0151e-02 7.3983e-03 -2.4863e-02 -2.7851e-02 2.9004e-02 2.2620e-02 2.2620e-02 2.2620e-02 1.3341e-03 5.7976e-02 -2.6063e-02 6.8992e-02 -4.9215e-02 7.7954e-02 7.5683e-02 -6.3399e-02 5.5791e-02 5.5791e-02 -5.7884e-02 7.9213e-02 8.7217e-03 -2.4872e-02 -2.4872e-02 -2.4872e-02 -2.5885e-02 -2.5885e-02 -2.5885e-02 -1.0511e-01 1.0615e-01 -4.5112e-03 -3.6122e-03 3.0180e-02 6.0398e-02 -2.1516e-02 6.3140e-02 4.0305e-02 1.3400e-02 6.0440e-02 5.8038e-02 -1.1013e-02 -7.3246e-03 -1.5808e-02 1.2102e-01 -1.8795e-02 4.4263e-02 -6.4520e-05 1.6458e-02 2.4797e-02 1.9286e-02 2.5289e-02 5.9224e-02 2.2242e-02 4.0203e-02 1.1521e-02 2.2242e-02 2.2242e-02 2.2242e-02 2.2242e-02 2.2242e-02 2.2242e-02 2.2242e-02 1.9200e-02 1.9200e-02 1.1521e-02 2.1228e-02 -8.4091e-03 -1.7562e-02 -1.7510e-02 -2.9117e-02 -1.5724e-02 -1.2031e-02 -1.4565e-02 -1.4565e-02 -9.0528e-03 -1.1289e-02 -1.4565e-02 -1.4565e-02 -2.0980e-03 -2.1907e-02 -1.4603e-02 -1.9886e-02 -1.2369e-02 -9.0004e-03 -1.9054e-02 -1.0126e-02 -1.0126e-02 -1.9093e-03 -3.2833e-02 -4.3139e-03 -3.7416e-02 -5.8958e-03 -5.4644e-03 -3.7416e-02 -1.3515e-02 -4.1658e-02 -2.1299e-02 3.1279e-03 -2.7577e-02 -2.6534e-02 2.0590e-02 -6.4932e-02 -5.2824e-02 -6.0577e-02 2.4031e-02 5.7439e-02 7.5321e-03 4.4285e-03 3.4169e-03 5.3416e-03 2.1598e-02 2.2112e-02 2.5361e-02 -3.1812e-03 5.8895e-03 1.1924e-02 1.3171e-02 4.9996e-03 4.9996e-03 4.9996e-03 -1.1180e-02 -1.0043e-03 1.0254e-02 -1.5553e-03 -1.3884e-02 -2.0191e-02 -4.2287e-03 1.5556e-02 9.6684e-03 9.6397e-03 1.3391e-02 2.9404e-02 -6.7534e-03 -6.7534e-03 -2.2541e-02 7.4507e-03 6.3628e-03 -6.7534e-03 1.3699e-02 1.0580e-02 1.3699e-02 9.7451e-03 1.7899e-02 1.7899e-02 9.7451e-03 9.7451e-03 1.8993e-02 1.1637e-02 2.9523e-02 3.5378e-02 -9.5806e-03
3.1300e-01 4.6314e-01 9.2275e-01 9.2275e-01 1.0000e+00 1.0000e+00 9.9695e-01 3.3250e-01 2.9285e-01 7.8582e-03 6.7864e-03 1.5511e-01 1.3289e-01 1.3289e-01 -7.2149e-03 1.1942e-01 2.0845e-02 3.5390e-02 1.4813e-04 5.7477e-02 6.0151e-02 7.3983e-03 -2.4863e-02 -2.7851e-02 2.9004e-02 2.2620e-02 2.2620e-02 2.2620e-02 1.3341e-03 5.7976e-02 -2.6063e-02 6.8992e-02 -4.9215e-02 7.7954e-02 7.5683e-02 -6.3399e-02 5.5791e-02 5.5791e-02 -5.7884e-02 7.9213e-02 8.7217e-03 -2.4872e-02 -2.4872e-02 -2.4872e-02 -2.5885e-02 -2.5885e-02 -2.5885e-02 -1.0511e-01 1.0615e-01 -4.5112e-03 -3.6122e-03 3.0180e-02 6.0398e-02 -2.1516e-02 6.3140e-02 4.0305e-02 1.3400e-02 6.0440e-02 5.8038e-02 -1.1013e-02 -7.3246e-03 -1.5808e-02 1.2102e-01 -1.8795e-02 4.4263e-02 -6.4520e-05 1.6458e-02 2.4797e-02 1.9286e-02 2.5289e-02 5.9224e-02 2.2242e-02 4.0203e-02 1.1521e-02 2.2242e-02 2.2242e-02 2.2242e-02 2.2242e-02 2.2242e-02 2.2242e-02 2.2242e-02 1.9200e-02 1.9200e-02 1.1521e-02 2.1228e-02 -8.4091e-03 -1.7562e-02 -1.7510e-02 -2.9117e-02 -1.5724e-02 -1.2031e-02 -1.4565e-02 -1.4565e-02 -9.0528e-03 -1.1289e-02 -1.4565e-02 -1.4565e-02 -2.0980e-03 -2.1907e-02 -1.4603e-02 -1.9886e-02 -1.2369e-02 -9.0004e-03 -1.9054e-02 -1.0126e-02 -1.0126e-02 -1.9093e-03 -3.2833e-02 -4.3139e-03 -3.7416e-02 -5.8958e-03 -5.4644e-03 -3.7416e-02 -1.3515e-02 -4.1658e-02 -2.1299e-02 3.1279e-03 -2.7577e-02 -2.6534e-02 2.0590e-02 -6.4932e-02 -5.2824e-02 -6.0577e-02 2.4031e-02 5.7439e-02 7.5321e-03 4.4285e-03 3.4169e-03 5.3416e-03 2.1598e-02 2.2112e-02 2.5361e-02 -3.1812e-03 5.8895e-03 1.1924e-02 1.3171e-02 4.9996e-03 4.9996e-03 4.9996e-03 -1.1180e-02 -1.0043e-03 1.0254e-02 -1.5553e-03 -1.3884e-02 -2.0191e-02 -4.2287e-03 1.5556e-02 9.6684e-03 9.6397e-03 1.3391e-02 2.9404e-02 -6.7534e-03 -6.7534e-03 -2.2541e-02 7.4507e-03 6.3628e-03 -6.7534e-03 1.3699e-02 1.0580e-02 1.3699e-02 9.7451e-03 1.7899e-02 1.7899e-02 9.7451e-03 9.7451e-03 1.8993e-02 1.1637e-02 2.9523e-02 3.5378e-02 -9.5806e-03
3.1202e-01 4.6155e-01 9.1994e-01 9.1994e-01 9.9695e-01 9.9695e-01 1.0000e+00 3.3114e-01 2.9194e-01 9.9082e-03 5.5817e-03 1.5450e-01 1.3218e-01 1.3218e-01 -8.4557e-03 1.1874e-01 2.3890e-02 3.4673e-02 3.4264e-03 5.6770e-02 5.9444e-02 6.8457e-03 -2.5131e-02 -2.8178e-02 2.8011e-02 2.1850e-02 2.1850e-02 2.1850e-02 9.0733e-04 5.7363e-02 -2.4483e-02 7.2262e-02 -4.8000e-02 8.1379e-02 7.9095e-02 -6.2214e-02 5.8374e-02 5.8374e-02 -5.8061e-02 7.8288e-02 8.3376e-03 -2.6879e-02 -2.6879e-02 -2.6879e-02 -2.7894e-02 -2.7894e-02 -2.7894e-02 -1.0771e-01 1.0875e-01 -5.1819e-03 -1.4206e-03 3.3053e-02 5.9299e-02 -2.1780e-02 6.2060e-02 3.8974e-02 1.2110e-02 5.7788e-02 5.7142e-02 -1.1921e-02 -7.7579e-03 -1.7002e-02 1.2050e-01 -1.9856e-02 4.3421e-02 -2.1798e-03 1.4008e-02 2.4420e-02 1.6798e-02 2.3023e-02 5.8215e-02 1.9968e-02 3.9052e-02 9.0810e-03 1.9968e-02 1.9968e-02 1.9968e-02 1.9968e-02 1.9968e-02 1.9968e-02 1.9968e-02 1.6917e-02 1.6917e-02 9.0810e-03 1.8951e-02 -5.9355e-03 -1.5139e-02 -1.7699e-02 -2.6248e-02 -1.2682e-02 -1.3808e-02 -1.0398e-02 -1.0398e-02 -1.0540e-02 -1.2779e-02 -1.0398e-02 -1.0398e-02 2.1111e-03 -1.9565e-02 -1.6079e-02 -1.7538e-02 -1.3843e-02 -1.0469e-02 -2.0613e-02 -1.1596e-02 -1.1596e-02 -3.3111e-03 -2.9248e-02 -5.7378e-03 -3.3560e-02 -7.4339e-03 -6.8899e-03 -3.3560e-02 -1.5009e-02 -3.7831e-02 -2.2730e-02 5.7634e-03 -2.4001e-02 -2.7480e-02 1.9201e-02 -6.5619e-02 -5.3437e-02 -6.1171e-02 2.3549e-02 5.6754e-02 8.8860e-03 2.1955e-03 1.1812e-03 3.0890e-03 2.0618e-02 2.1153e-02 2.4405e-02 -1.6760e-03 5.2530e-03 1.0615e-02 1.1863e-02 3.5891e-03 3.5891e-03 3.5891e-03 -1.4948e-02 -2.2372e-03 9.0162e-03 -4.0355e-03 -1.0309e-02 -1.6573e-02 -5.3319e-03 1.9062e-02 1.0912e-02 1.0865e-02 1.6885e-02 2.9028e-02 -7.2866e-03 -7.2866e-03 -2.3148e-02 1.1069e-02 9.9746e-03 -7.2866e-03 1.7273e-02 1.4176e-02 1.7273e-02 8.9888e-03 2.1457e-02 2.1457e-02 8.9888e-03 8.9888e-03 2.2557e-02 1.0882e-02 3.3456e-02 3.8997e-02 -1.0444e-02
2.9691e-01 3.0800e-01 3.6033e-01 3.6033e-01 3.3250e-01 3.3250e-01 3.3114e-01 1.0000e+00 4.8187e-01 8.0776e-02 7.4390e-02 1.9708e-01 1.5241e-01 1.5241e-01 -2.7044e-02 1.5241e-01 5.5622e-02 1.7431e-02 1.6458e-02 1.5430e-02 1.6901e-02 -1.7245e-02 1.6885e-02 -2.8079e-04 -3.3752e-02 -3.9897e-02 -3.9897e-02 -3.9897e-02 9.7404e-03 -1.0436e-02 -5.8182e-02 -2.4824e-02 -3.5157e-02 -1.0754e-02 -1.2051e-02 -1.9279e-02 -3.6998e-02 -3.6998e-02 -4.2734e-03 2.3829e-02 -2.2239e-02 -1.4594e-02 -1.4594e-02 -1.4594e-02 -1.5214e-02 -1.5214e-02 -1.5214e-02 4.0881e-03 -3.4687e-03 -2.8949e-03 1.2413e-02 3.9443e-02 2.7989e-02 -9.0612e-03 3.3945e-02 3.3058e-02 1.0068e-01 -2.3934e-02 2.1485e-02 7.5360e-02 4.4123e-02 8.4723e-02 7.8030e-02 7.0891e-02 -3.3596e-02 1.8850e-02 2.6654e-02 -4.1791e-02 2.9378e-02 3.9255e-02 1.7327e-02 3.7376e-02 3.6652e-02 3.3692e-02 3.7376e-02 3.7376e-02 3.7376e-02 3.7376e-02 3.7376e-02 3.7376e-02 3.7376e-02 3.5500e-02 3.5500e-02 3.3692e-02 3.6750e-02 -2.8762e-02 -3.7396e-02 -2.7720e-02 -3.6488e-02 -4.4893e-02 2.8343e-03 -8.0546e-03 -8.0546e-03 -2.2793e-02 -2.4122e-02 -8.0546e-03 -8.0546e-03 -3.8813e-03 -3.5082e-02 -3.0705e-02 -3.3839e-02 -2.9389e-02 -2.7404e-02 -3.8413e-02 -3.6017e-02 -3.6017e-02 -5.4004e-02 8.4920e-03 -4.2264e-02 6.5045e-03 -3.8497e-02 -4.2917e-02 6.5045e-03 -4.1199e-02 3.7964e-03 -4.8730e-02 7.4885e-03 1.5986e-02 -6.4194e-02 -1.1524e-02 4.1897e-02 -4.9436e-02 -6.1882e-02 2.6228e-02 5.7297e-03 -2.2252e-03 -2.5030e-02 -2.5644e-02 -2.0416e-02 -2.0780e-03 2.5836e-03 4.4942e-03 3.0048e-02 -4.9531e-03 3.5176e-02 3.5986e-02 -1.2433e-02 -1.2433e-02 -1.2433e-02 -1.4203e-02 -1.4667e-02 2.3715e-02 4.5747e-03 -4.5398e-03 -9.4533e-03 1.0602e-02 -1.3344e-02 -6.2240e-03 -1.0107e-02 -1.4634e-02 1.4001e-02 -1.8561e-03 -1.8561e-03 -5.2750e-02 -2.8246e-02 -2.8884e-02 -1.8561e-03 -3.0793e-02 -2.9521e-02 -3.0793e-02 -2.8906e-02 -3.1427e-02 -3.1427e-02 -2.8906e-02 -2.8906e-02 -3.0793e-02 -2.7941e-02 -7.3312e-02 -7.7690e-02 -2.1890e-02
5.7862e-01 4.8803e-01 3.1790e-01 3.1790e-01 2.9285e-01 2.9285e-01 2.9194e-01 4.8187e-01 1.0000e+00 9.1307e-02 1.2363e-01 4.2115e-01 3.2578e-01 3.2578e-01 -6.3459e-02 3.2578e-01 7.5442e-02 9.0119e-02 5.8866e-02 1.0256e-01 1.0410e-01 2.8146e-02 -1.9874e-02 -2.3913e-02 -1.0493e-03 1.6182e-03 1.6182e-03 1.6182e-03 1.1996e-02 7.2045e-04 -9.1410e-02 -3.1221e-02 -1.1796e-01 -2.4424e-02 -2.5049e-02 -9.2313e-02 -1.2738e-02 -1.2738e-02 -1.7887e-02 1.0859e-01 2.1162e-02 -5.0720e-02 -5.0720e-02 -5.0720e-02 -5.1018e-02 -5.1018e-02 -5.1018e-02 -5.8801e-02 5.9129e-02 7.7867e-03 2.0582e-02 2.7128e-02 -2.5218e-02 -1.9234e-02 -2.2943e-02 -1.5477e-02 -1.6187e-02 4.7162e-02 6.1714e-02 -1.9393e-02 8.7813e-03 -1.2223e-02 1.9575e-01 -1.6851e-02 2.0764e-02 2.3895e-02 1.5827e-02 -2.1101e-02 2.6677e-02 1.6249e-02 -1.6922e-02 1.5302e-02 2.3958e-03 1.5827e-02 1.5302e-02 1.5302e-02 1.5302e-02 1.5302e-02 1.5302e-02 1.5302e-02 1.5302e-02 1.4357e-02 1.4357e-02 1.5827e-02 1.4987e-02 -1.3339e-02 -1.7698e-02 -1.3997e-02 -1.8424e-02 -2.1459e-02 -4.7851e-03 -4.0670e-03 -4.0670e-03 7.1351e-03 6.4215e-03 -4.0670e-03 -4.0670e-03 -1.9598e-03 2.4661e-03 7.1351e-03 3.0884e-03 7.8522e-03 8.9346e-03 -1.2208e-03 8.5729e-03 8.5729e-03 1.6248e-03 -1.2109e-02 1.4100e-02 -1.8984e-03 2.9027e-03 1.3724e-02 -1.8984e-03 5.7113e-03 -3.2461e-03 -1.9221e-02 -1.5214e-02 -1.2109e-02 -4.4354e-02 -8.6260e-03 -6.9320e-03 3.9942e-03 -2.0042e-02 -2.7876e-02 -7.7097e-03 -3.6009e-02 -2.3353e-02 -2.3660e-02 -2.4583e-02 -5.9691e-02 -5.8347e-02 -5.7806e-02 -2.2159e-02 -1.2426e-02 -1.8292e-02 -1.7944e-02 3.2299e-02 3.2299e-02 3.2299e-02 -1.2354e-02 3.5463e-02 -1.1856e-02 -4.0328e-02 2.7648e-03 -9.8466e-03 -5.3115e-02 -1.1787e-02 3.1888e-02 3.0243e-02 -1.2430e-02 -2.0496e-02 -3.7432e-03 -3.7432e-03 -1.4591e-02 -7.8889e-03 -8.2164e-03 -3.7432e-03 -9.1960e-03 -8.5435e-03 -9.1960e-03 -2.3205e-02 -9.5215e-03 -9.5215e-03 -2.3205e-02 -2.3205e-02 -9.1960e-03 -2.2765e-02 -2.3775e-02 -2.0008e-02 -3.5339e-02
2.6715e-02 -1.8219e-02 6.6087e-03 6.6087e-03 7.8582e-03 7.8582e-03 9.9082e-03 8.0776e-02 9.1307e-02 1.0000e+00 -1.0919e-01 5.2177e-02 1.2604e-01 1.2604e-01 4.1920e-02 1.2604e-01 7.3327e-02 5.8936e-02 2.4162e-02 4.8158e-02 4.4928e-02 -1.9563e-02 -5.4869e-02 -6.0954e-02 4.8668e-03 1.7918e-02 1.7918e-02 1.7918e-02 -6.0784e-02 1.9541e-02 3.6236e-04 6.8587e-02 8.1260e-02 5.2119e-02 5.1281e-02 5.5190e-02 6.3885e-02 6.3885e-02 6.0123e-02 -1.4344e-02 8.3880e-02 6.5536e-02 6.5536e-02 6.5536e-02 6.7205e-02 6.7205e-02 6.7205e-02 2.4728e-02 -2.6414e-02 -1.3487e-02 -4.7787e-02 9.3710e-05 5.6901e-02 3.6452e-02 6.1079e-02 4.3902e-02 7.7657e-02 -3.6348e-03 -1.5448e-03 8.3038e-02 1.3816e-02 9.6778e-02 3.6452e-02 1.0052e-01 9.3066e-03 1.6946e-02 -6.9523e-02 -2.3984e-02 -6.9966e-02 -6.0705e-02 -2.4444e-02 -5.9704e-02 -5.5875e-02 -6.5484e-02 -5.9704e-02 -5.9704e-02 -5.9704e-02 -5.9704e-02 -5.9704e-02 -5.9704e-02 -5.9704e-02 -6.2762e-02 -6.2762e-02 -6.1445e-02 -5.8019e-02 5.6185e-02 5.9342e-02 -1.0684e-01 6.0554e-02 5.0468e-02 3.1302e-02 3.4437e-02 3.4437e-02 -6.0761e-02 -5.6885e-02 3.4437e-02 3.4437e-02 4.1757e-02 -1.4062e-02 -5.6220e-02 -1.3351e-02 -6.0106e-02 -6.5971e-02 -5.9672e-02 -5.4886e-02 -5.4886e-02 -6.6180e-02 3.4979e-02 -4.2847e-02 3.6869e-02 -4.6740e-02 -4.5519e-02 3.6869e-02 -3.9466e-02 3.9590e-02 -5.0915e-02 4.0732e-02 4.3581e-02 5.3314e-02 1.0139e-02 2.7466e-02 5.8057e-03 1.0329e-02 5.5947e-02 7.8076e-03 -2.2689e-02 -4.2781e-02 -4.5156e-02 -4.8222e-02 1.6986e-02 2.3056e-02 1.8098e-02 -1.9125e-02 2.6769e-02 4.9693e-02 5.2670e-02 1.6354e-02 1.6354e-02 1.6354e-02 -1.9196e-02 1.6785e-02 5.4239e-02 -3.1702e-02 1.6794e-02 9.7115e-03 3.3026e-02 2.4623e-02 -4.0900e-02 -3.5933e-02 1.9535e-02 3.1534e-02 -1.5417e-02 -1.5417e-02 6.6867e-03 7.6950e-03 5.1371e-03 -1.5417e-02 1.0485e-02 1.1262e-02 1.4817e-02 1.7582e-03 1.2262e-02 1.2262e-02 1.7582e-03 1.7582e-03 1.4817e-02 -1.2764e-03 3.0791e-03 1.0028e-02 6.5474e-03
1.2348e-01 -2.9736e-03 2.5294e-02 2.5294e-02 6.7864e-03 6.7864e-03 5.5817e-03 7.4390e-02 1.2363e-01 -1.0919e-01 1.0000e+00 1.8322e-01 8.7895e-02 8.7895e-02 -9.5933e-02 8.7895e-02 1.0693e-01 -2.5908e-02 1.5348e-01 2.3877e-02 2.6175e-02 2.7500e-02 1.0053e-01 9.5525e-02 5.8549e-02 2.4418e-02 2.4418e-02 2.4418e-02 8.3224e-02 1.5584e-02 -2.0614e-02 -7.9350e-02 2.3981e-04 -6.8858e-02 -6.5392e-02 1.6479e-02 -4.2412e-02 -4.2412e-02 -3.2949e-02 -4.1080e-03 -2.0396e-02 -1.1456e-02 -1.1456e-02 -1.1456e-02 -1.2430e-02 -1.2430e-02 -1.2430e-02 -1.3862e-03 2.3566e-03 -1.4648e-02 6.1820e-02 5.0564e-02 -7.7479e-02 3.1806e-03 -7.7884e-02 -4.6883e-02 -3.0376e-02 2.7703e-02 1.0042e-02 -4.4047e-02 -1.5534e-02 -6.2242e-02 4.5007e-02 -6.4984e-02 2.0564e-02 4.5790e-02 -4.0116e-03 -2.7102e-02 -1.5817e-02 1.8998e-03 1.8887e-02 4.0909e-03 1.6725e-03 -4.0116e-03 4.0909e-03 4.0909e-03 4.0909e-03 4.0909e-03 4.0909e-03 4.0909e-03 4.0909e-03 6.2796e-03 6.2796e-03 -4.0116e-03 3.1233e-03 6.6413e-03 -1.7644e-03 1.3729e-02 -2.4445e-02 -1.8175e-02 1.8884e-02 3.4993e-02 3.4993e-02 -4.7424e-03 -6.8910e-03 3.4993e-02 3.4993e-02 3.0254e-02 2.0550e-02 -4.7424e-03 2.2474e-02 -2.5840e-03 -1.0794e-02 -1.3273e-02 -2.3322e-02 -2.3322e-02 -2.2941e-02 3.9657e-02 -1.8813e-02 3.4559e-02 -1.1870e-02 -1.9895e-02 3.4559e-02 -3.7401e-02 4.6806e-02 -5.2559e-02 6.1715e-02 3.4258e-02 1.6765e-03 1.6597e-02 3.0771e-02 2.2696e-02 1.5063e-02 1.6343e-02 -1.2056e-02 1.1927e-02 2.6409e-02 3.0531e-02 3.2705e-02 -4.7934e-02 -4.1415e-02 -3.8750e-02 4.3610e-02 1.5064e-02 -1.8579e-02 -2.3619e-02 1.7351e-03 1.7351e-03 1.7351e-03 3.1990e-02 1.0428e-02 2.5981e-03 2.4031e-02 -1.1280e-02 -7.1932e-03 -4.2450e-02 -2.5080e-03 4.1738e-02 3.6131e-02 8.4186e-04 -2.4141e-02 9.1926e-04 9.1926e-04 6.7946e-03 9.8976e-03 8.8542e-03 9.1926e-04 5.7349e-03 7.8126e-03 5.7349e-03 2.2252e-03 4.6986e-03 4.6986e-03 2.2252e-03 2.2252e-03 5.7349e-03 3.9962e-03 -1.5764e-02 -2.2194e-02 -4.5130e-02
3.4878e-01 2.0010e-01 1.5219e-01 1.5219e-01 1.5511e-01 1.5511e-01 1.5450e-01 1.9708e-01 4.2115e-01 5.2177e-02 1.8322e-01 1.0000e+00 5.0634e-01 5.0634e-01 -6.8702e-02 5.0634e-01 9.2045e-02 2.0653e-01 7.0342e-02 2.2640e-01 2.2888e-01 -2.9546e-02 -1.7159e-02 -2.0646e-02 -2.9034e-02 -3.9942e-02 -3.9942e-02 -3.9942e-02 2.1562e-02 -2.7822e-02 -6.6388e-02 -3.2930e-03 -9.6886e-02 1.9000e-02 1.8396e-02 -6.4325e-02 -3.4713e-03 -3.4713e-03 -1.5444e-02 1.3928e-01 3.1089e-02 -5.1416e-02 -5.1416e-02 -5.1416e-02 -5.1670e-02 -5.1670e-02 -5.1670e-02 -4.6990e-02 4.7273e-02 -7.9162e-03 5.9310e-02 5.3865e-02 -1.0940e-02 -1.6606e-02 -3.0843e-02 -5.0395e-02 -5.0877e-02 4.0719e-02 8.5489e-02 -2.8110e-02 -2.4465e-02 -1.0554e-02 2.9276e-01 6.0244e-04 9.0915e-02 -9.7122e-03 1.7415e-02 -1.8219e-02 3.0532e-02 2.9107e-02 -3.0005e-03 4.3350e-02 2.0685e-03 4.7415e-02 4.3350e-02 4.3350e-02 4.3350e-02 4.3350e-02 4.3350e-02 4.3350e-02 4.3350e-02 4.2517e-02 4.2517e-02 4.7415e-02 4.3072e-02 -4.5261e-02 -6.4043e-02 -1.2085e-02 1.8141e-02 1.2078e-02 5.8842e-02 7.3282e-02 7.3282e-02 3.5672e-02 3.4988e-02 7.3282e-02 7.3282e-02 7.5681e-02 9.6078e-02 3.5672e-02 9.6590e-02 3.6359e-02 3.7398e-02 2.7715e-02 3.7051e-02 3.7051e-02 1.0114e-02 4.9439e-02 4.2380e-02 5.9888e-02 3.1629e-02 4.2016e-02 5.9888e-02 3.4309e-02 5.8491e-02 3.8799e-02 3.9482e-02 8.1383e-02 -3.2895e-02 -5.6329e-02 6.7174e-03 1.7551e-02 1.8164e-02 -2.4068e-02 -3.1831e-02 -4.8760e-02 -3.1469e-02 -3.1732e-02 -3.2522e-02 -5.1537e-02 -5.0377e-02 -4.9909e-02 -3.6015e-02 -2.8734e-03 -1.5793e-02 -1.5492e-02 -7.0064e-03 -7.0064e-03 -7.0064e-03 -4.3481e-02 7.2196e-03 -1.0236e-02 -4.6067e-02 2.3871e-03 3.5443e-03 -2.0846e-02 -4.6141e-02 3.2153e-02 3.0775e-02 -4.6641e-02 -1.7696e-02 5.6513e-03 5.6513e-03 -3.5475e-02 -4.3130e-02 -4.3382e-02 5.6513e-03 -4.4136e-02 -4.3633e-02 -4.4136e-02 -1.3221e-02 -4.4388e-02 -4.4388e-02 -1.3221e-02 -1.3221e-02 -4.4136e-02 -1.2804e-02 -6.6641e-02 -5.7839e-02 -9.4061e-04
2.3699e-01 1.7476e-01 1.5196e-01 1.5196e-01 1.3289e-01 1.3289e-01 1.3218e-01 1.5241e-01 3.2578e-01 1.2604e-01 8.7895e-02 5.0634e-01 1.0000e+00 1.0000e+00 -9.6635e-02 9.7040e-01 2.6271e-02 1.6878e-01 4.1880e-03 1.8810e-01 1.9050e-01 -4.1559e-02 -2.4136e-02 -2.9041e-02 -7.3785e-03 3.6266e-03 3.6266e-03 3.6266e-03 -2.9004e-04 1.5735e-02 -1.4794e-02 -3.5063e-02 -2.7915e-02 -1.5162e-02 -1.5944e-02 -3.6093e-02 -3.2710e-02 -3.2710e-02 -2.1723e-02 1.0913e-01 8.7008e-03 -1.4715e-02 -1.4715e-02 -1.4715e-02 -1.5093e-02 -1.5093e-02 -1.5093e-02 3.7491e-03 -3.3696e-03 -9.9582e-03 2.6361e-02 3.8451e-02 -2.9319e-02 -2.3358e-02 -5.8461e-02 -8.3535e-02 -8.4169e-02 2.1094e-02 5.0874e-02 -5.5070e-02 -3.4413e-02 -3.9810e-02 2.4519e-01 -2.5944e-02 3.7216e-02 2.3532e-02 -2.0278e-03 -2.5626e-02 6.1794e-03 3.3720e-03 1.4442e-02 1.3133e-02 4.9643e-02 8.8229e-03 1.3133e-02 1.3133e-02 1.3133e-02 1.3133e-02 1.3133e-02 1.3133e-02 1.3133e-02 1.1988e-02 1.1988e-02 8.8229e-03 1.2751e-02 -5.8019e-03 -1.1091e-02 -1.6998e-02 -1.2796e-02 -1.1301e-02 -2.0151e-03 2.2837e-02 2.2837e-02 3.0522e-02 2.9605e-02 2.2837e-02 2.2837e-02 2.5605e-02 4.6943e-02 3.0522e-02 4.7687e-02 3.1443e-02 3.2835e-02 1.9824e-02 3.2370e-02 3.2370e-02 5.1240e-03 5.9951e-03 3.9494e-02 7.0906e-03 2.5094e-02 3.9009e-02 7.0906e-03 2.8693e-02 5.4182e-03 3.4709e-02 -3.5696e-02 5.9951e-03 -4.5401e-02 -6.5660e-02 -4.3642e-02 -3.4256e-02 -3.3748e-02 -2.4649e-03 3.7894e-03 3.1385e-03 -4.0629e-02 -4.1000e-02 -4.2113e-02 -3.9935e-02 -3.7742e-02 -3.6849e-02 -1.8769e-02 -2.5508e-02 -4.6433e-02 -4.6051e-02 5.6053e-02 5.6053e-02 5.6053e-02 -7.0906e-03 6.7328e-02 -3.9411e-02 -6.1181e-02 -4.3630e-03 -2.7602e-03 -1.3238e-02 -1.6723e-02 1.6999e-02 1.4806e-02 -1.7501e-02 -2.4891e-02 -1.6327e-02 -1.6327e-02 1.6296e-02 -1.2013e-02 -1.2409e-02 -1.6327e-02 -1.3592e-02 -1.2804e-02 -1.9550e-03 -1.7501e-02 -2.3579e-03 -2.3579e-03 -1.7501e-02 -1.7501e-02 -1.9550e-03 -1.6908e-02 3.9791e-03 2.1118e-03 -3.3647e-02
2.3699e-01 1.7476e-01 1.5196e-01 1.5196e-01 1.3289e-01 1.3289e-01 1.3218e-01 1.5241e-01 3.2578e-01 1.2604e-01 8.7895e-02 5.0634e-01 1.0000e+00 1.0000e+00 -9.6635e-02 9.7040e-01 2.6271e-02 1.6878e-01 4.1880e-03 1.8810e-01 1.9050e-01 -4.1559e-02 -2.4136e-02 -2.9041e-02 -7.3785e-03 3.6266e-03 3.6266e-03 3.6266e-03 -2.9004e-04 1.5735e-02 -1.4794e-02 -3.5063e-02 -2.7915e-02 -1.5162e-02 -1.5944e-02 -3.6093e-02 -3.2710e-02 -3.2710e-02 -2.1723e-02 1.0913e-01 8.7008e-03 -1.4715e-02 -1.4715e-02 -1.4715e-02 -1.5093e-02 -1.5093e-02 -1.5093e-02 3.7491e-03 -3.3696e-03 -9.9582e-03 2.6361e-02 3.8451e-02 -2.9319e-02 -2.3358e-02 -5.8461e-02 -8.3535e-02 -8.4169e-02 2.1094e-02 5.0874e-02 -5.5070e-02 -3.4413e-02 -3.9810e-02 2.4519e-01 -2.5944e-02 3.7216e-02 2.3532e-02 -2.0278e-03 -2.5626e-02 6.1794e-03 3.3720e-03 1.4442e-02 1.3133e-02 4.9643e-02 8.8229e-03 1.3133e-02 1.3133e-02 1.3133e-02 1.3133e-02 1.3133e-02 1.3133e-02 1.3133e-02 1.1988e-02 1.1988e-02 8.8229e-03 1.2751e-02 -5.8019e-03 -1.1091e-02 -1.6998e-02 -1.2796e-02 -1.1301e-02 -2.0151e-03 2.2837e-02 2.2837e-02 3.0522e-02 2.9605e-02 2.2837e-02 2.2837e-02 2.5605e-02 4.6943e-02 3.0522e-02 4.7687e-02 3.1443e-02 3.2835e-02 1.9824e-02 3.2370e-02 3.2370e-02 5.1240e-03 5.9951e-03 3.9494e-02 7.0906e-03 2.5094e-02 3.9009e-02 7.0906e-03 2.8693e-02 5.4182e-03 3.4709e-02 -3.5696e-02 5.9951e-03 -4.5401e-02 -6.5660e-02 -4.3642e-02 -3.4256e-02 -3.3748e-02 -2.4649e-03 3.7894e-03 3.1385e-03 -4.0629e-02 -4.1000e-02 -4.2113e-02 -3.9935e-02 -3.7742e-02 -3.6849e-02 -1.8769e-02 -2.5508e-02 -4.6433e-02 -4.6051e-02 5.6053e-02 5.6053e-02 5.6053e-02 -7.0906e-03 6.7328e-02 -3.9411e-02 -6.1181e-02 -4.3630e-03 -2.7602e-03 -1.3238e-02 -1.6723e-02 1.6999e-02 1.4806e-02 -1.7501e-02 -2.4891e-02 -1.6327e-02 -1.6327e-02 1.6296e-02 -1.2013e-02 -1.2409e-02 -1.6327e-02 -1.3592e-02 -1.2804e-02 -1.9550e-03 -1.7501e-02 -2.3579e-03 -2.3579e-03 -1.7501e-02 -1.7501e-02 -1.9550e-03 -1.6908e-02 3.9791e-03 2.1118e-03 -3.3647e-02
-6.9314e-02 -8.5267e-02 -2.4233e-04 -2.4233e-04 -7.2149e-03 -7.2149e-03 -8.4557e-03 -2.7044e-02 -6.3459e-02 4.1920e-02 -9.5933e-02 -6.8702e-02 -9.6635e-02 -9.6635e-02 1.0000e+00 -9.6635e-02 2.0340e-01 1.2334e-01 1.8590e-01 1.1988e-01 1.1236e-01 -5.4761e-03 -4.5053e-02 -1.2052e-02 -2.4630e-02 -3.3139e-02 -3.3139e-02 -3.3139e-02 4.8207e-04 -1.7863e-02 9.2182e-02 5.4829e-02 3.7728e-02 4.2728e-02 4.0500e-02 8.0160e-02 2.1461e-02 2.1461e-02 -5.8238e-02 -4.2059e-02 -2.5670e-02 2.6125e-02 2.6125e-02 2.6125e-02 2.5087e-02 2.5087e-02 2.5087e-02 2.8458e-02 -2.7445e-02 -2.5052e-02 -1.9050e-02 -4.0139e-03 5.8204e-02 -4.2332e-02 6.8222e-02 1.9434e-02 -3.1526e-02 -2.3579e-02 -7.8925e-02 -1.2826e-02 -3.6213e-02 -3.6711e-02 -6.2621e-02 -2.7538e-02 -1.8341e-02 5.0437e-02 2.1405e-02 -3.1604e-02 9.4006e-03 2.5709e-02 -7.2226e-02 2.2644e-02 -1.5614e-02 2.1405e-02 2.2644e-02 2.2644e-02 2.2644e-02 2.2644e-02 2.2644e-02 2.2644e-02 2.2644e-02 1.9582e-02 1.9582e-02 2.6324e-02 2.6563e-02 -2.8060e-02 -2.7485e-02 -4.5571e-02 6.3826e-03 1.5438e-02 -3.6229e-02 -3.4226e-02 -3.4226e-02 2.6687e-02 2.9873e-02 -3.4226e-02 -3.4226e-02 -3.3162e-02 -2.4449e-03 3.2217e-02 -4.1636e-04 2.3487e-02 2.7004e-02 2.0957e-02 2.5828e-02 2.5828e-02 1.2431e-02 -3.0914e-02 3.2463e-02 -3.5099e-02 4.0146e-02 3.1258e-02 -3.5099e-02 3.8550e-02 -3.4018e-02 3.7323e-02 -3.1049e-02 -4.6626e-02 -2.1341e-02 1.7816e-02 -4.9644e-02 -6.3298e-02 -6.1765e-02 -1.9617e-02 -4.2987e-02 3.3412e-02 -2.9689e-02 -3.0700e-02 -2.3853e-02 -9.8727e-03 5.1855e-03 7.7395e-04 2.7505e-02 -2.6290e-02 -2.6620e-02 -2.5430e-02 6.5114e-02 6.5114e-02 6.5114e-02 -2.4082e-02 8.8106e-03 -3.5508e-02 -3.6015e-02 3.5250e-02 3.9698e-02 1.9815e-02 6.9727e-02 3.0124e-05 -1.4590e-04 8.3165e-02 2.8654e-02 -1.9469e-02 -1.9469e-02 4.6262e-02 8.3483e-02 8.2324e-02 -1.9469e-02 8.9412e-02 8.1167e-02 7.8861e-02 -1.8576e-02 8.2982e-02 8.2982e-02 -1.8576e-02 -1.8576e-02 8.4136e-02 -1.6830e-02 1.0886e-01 9.5809e-02 -3.5470e-03
2.3699e-01 1.7476e-01 1.3781e-01 1.3781e-01 1.1942e-01 1.1942e-01 1.1874e-01 1.5241e-01 3.2578e-01 1.2604e-01 8.7895e-02 5.0634e-01 9.7040e-01 9.7040e-01 -9.6635e-02 1.0000e+00 2.6271e-02 1.9069e-01 4.1880e-03 2.1156e-01 2.1415e-01 -4.1559e-02 -2.4136e-02 -2.9041e-02 -7.3785e-03 3.6266e-03 3.6266e-03 3.6266e-03 -2.9004e-04 1.5735e-02 -2.6884e-02 -3.5063e-02 -4.2257e-02 -1.5162e-02 -1.5944e-02 -5.0925e-02 -3.2710e-02 -3.2710e-02 -2.1723e-02 1.2795e-01 8.7008e-03 -2.5746e-02 -2.5746e-02 -2.5746e-02 -2.6120e-02 -2.6120e-02 -2.6120e-02 -7.1831e-03 7.5654e-03 -9.9582e-03 3.7288e-02 4.9462e-02 -2.9319e-02 -2.3358e-02 -5.8461e-02 -8.3535e-02 -8.4169e-02 2.1094e-02 6.9512e-02 -5.5070e-02 -3.4413e-02 -3.9810e-02 2.8995e-01 -2.5944e-02 5.6415e-02 1.2557e-02 -1.2878e-02 -2.5626e-02 -4.6696e-03 -7.5354e-03 1.4442e-02 2.2322e-03 3.4885e-02 -2.0278e-03 2.2322e-03 2.2322e-03 2.2322e-03 2.2322e-03 2.2322e-03 2.2322e-03 2.2322e-03 1.0938e-03 1.0938e-03 -2.0278e-03 1.8526e-03 5.0470e-03 -2.3736e-04 -1.6998e-02 -2.3743e-02 -2.2371e-02 -1.3404e-02 2.2837e-02 2.2837e-02 3.0522e-02 2.9605e-02 2.2837e-02 2.2837e-02 2.5605e-02 4.6943e-02 3.0522e-02 4.7687e-02 3.1443e-02 3.2835e-02 1.9824e-02 3.2370e-02 3.2370e-02 5.1240e-03 5.9951e-03 3.9494e-02 1.8960e-02 2.5094e-02 3.9009e-02 1.8960e-02 2.8693e-02 1.7242e-02 3.4709e-02 -2.4821e-02 1.7549e-02 -4.5401e-02 -6.5660e-02 -2.5265e-02 -1.3852e-02 -1.3222e-02 -2.4649e-03 3.7894e-03 3.1385e-03 -2.9723e-02 -3.0097e-02 -3.1217e-02 -3.9935e-02 -3.7742e-02 -3.6849e-02 -1.8769e-02 -2.7789e-03 -3.3223e-02 -3.2819e-02 5.6053e-02 5.6053e-02 5.6053e-02 4.7782e-03 6.7328e-02 -2.5767e-02 -5.0332e-02 -1.5944e-02 -1.4379e-02 1.2374e-03 -2.8286e-02 1.6999e-02 1.4806e-02 -2.9046e-02 -2.4891e-02 9.3770e-03 9.3770e-03 1.6296e-02 -2.3690e-02 -2.4076e-02 9.3770e-03 -2.5230e-02 -2.4461e-02 -1.3592e-02 2.2146e-03 -1.3986e-02 -1.3986e-02 2.2146e-03 2.2146e-03 -1.3592e-02 2.9166e-03 -8.1511e-03 -9.6258e-03 -1.6534e-02
6.9105e-02 2.5435e-02 -7.4007e-04 -7.4007e-04 2.0845e-02 2.0845e-02 2.3890e-02 5.5622e-02 7.5442e-02 7.3327e-02 1.0693e-01 9.2045e-02 2.6271e-02 2.6271e-02 2.0340e-01 2.6271e-02 1.0000e+00 3.2339e-01 8.1726e-01 2.5382e-01 2.5052e-01 -1.6515e-01 1.2471e-02 6.8702e-02 -9.7114e-02 -1.5404e-01 -1.5404e-01 -1.5404e-01 8.1618e-02 -1.1315e-01 5.6766e-02 -9.5250e-02 5.2822e-02 -8.5605e-02 -8.8860e-02 5.7663e-02 -5.8283e-02 -5.8283e-02 -5.5327e-02 6.4711e-02 -9.1600e-02 1.0553e-01 1.0553e-01 1.0553e-01 1.0388e-01 1.0388e-01 1.0388e-01 7.7398e-02 -7.9925e-02 -5.3004e-03 5.1818e-02 8.0728e-02 -5.6257e-02 -4.7848e-02 -5.5277e-02 -3.5482e-02 -3.9266e-02 1.5358e-02 5.8631e-02 -9.0881e-02 1.7780e-02 -1.1023e-01 5.3064e-02 -1.2456e-01 1.9550e-02 8.5013e-02 -6.0876e-03 1.5162e-02 -4.9763e-03 2.9766e-02 3.9777e-03 3.3152e-02 2.7033e-02 6.1443e-03 3.3152e-02 3.3152e-02 3.3152e-02 3.3152e-02 3.3152e-02 3.3152e-02 3.3152e-02 2.8347e-02 2.8347e-02 1.0222e-02 3.5645e-02 -9.7418e-03 -1.1603e-02 -2.6918e-03 -2.8351e-02 4.0191e-03 -1.8751e-02 1.1684e-02 1.1684e-02 -2.0067e-02 -2.3586e-02 1.1684e-02 1.1684e-02 4.0047e-03 -9.1874e-03 -1.5483e-02 -1.0086e-02 -2.1128e-02 -2.0423e-02 -5.6883e-02 -3.1404e-02 -3.1404e-02 -4.8526e-02 -1.5579e-02 -1.8646e-02 6.6500e-03 -4.5478e-02 -2.0448e-02 6.6500e-03 -3.1652e-02 1.3029e-02 -4.5732e-02 -1.3738e-02 -2.5548e-03 -1.1405e-02 -4.2477e-02 1.5212e-02 1.5303e-02 1.8401e-02 1.0857e-02 3.1744e-03 4.4910e-02 2.4065e-02 2.2464e-02 2.1759e-02 -6.0413e-02 -4.9332e-02 -4.4798e-02 5.5016e-02 1.0510e-02 -6.0397e-02 -6.3534e-02 2.9133e-02 2.9133e-02 2.9133e-02 2.2699e-03 3.7084e-02 -3.6671e-02 -1.8585e-02 -1.9232e-02 -1.6855e-02 4.1200e-03 -1.8243e-02 -2.2914e-02 -1.7789e-02 -1.7258e-02 2.1756e-02 -1.2692e-02 -1.2692e-02 5.5714e-03 -6.6818e-03 -8.3844e-03 -1.2692e-02 -4.7294e-03 -5.7039e-03 -9.1023e-03 -2.4759e-02 -1.0797e-02 -1.0797e-02 -2.4759e-02 -2.4759e-02 -9.1023e-03 -2.1993e-02 3.0720e-03 -5.2261e-03 -4.7723e-02
1.0505e-01 4.8215e-02 4.3897e-02 4.3897e-02 3.5390e-02 3.5390e-02 3.4673e-02 1.7431e-02 9.0119e-02 5.8936e-02 -2.5908e-02 2.0653e-01 1.6878e-01 1.6878e-01 1.2334e-01 1.9069e-01 3.2339e-01 1.0000e+00 3.5266e-01 8.2071e-01 8.1121e-01 -3.8783e-02 9.4678e-02 2.0122e-01 5.5449e-02 -3.4146e-02 -3.4146e-02 -3.4146e-02 1.7030e-01 -3.4313e-02 -1.0348e-01 -4.8695e-02 -1.3359e-01 -6.2861e-02 -6.3885e-02 -1.2628e-01 -9.5011e-03 -9.5011e-03 -3.0318e-02 2.0842e-01 -1.2170e-02 7.9209e-03 7.9209e-03 7.9209e-03 7.3825e-03 7.3825e-03 7.3825e-03 -1.6730e-02 1.7265e-02 -5.7343e-02 2.4777e-02 8.6729e-02 -3.6943e-02 -3.2600e-02 -4.4795e-02 -5.5973e-02 -6.6951e-02 1.1207e-01 2.3220e-01 -5.1127e-02 -2.5152e-02 -9.1268e-02 2.3241e-01 -8.5346e-02 7.4271e-02 -4.0727e-02 3.6865e-02 2.0653e-01 4.1202e-02 5.9832e-02 7.6987e-02 5.8208e-02 3.6829e-02 5.2927e-02 5.8208e-02 5.8208e-02 5.8208e-02 5.8208e-02 5.8208e-02 5.8208e-02 5.8208e-02 5.6588e-02 5.6588e-02 5.2927e-02 5.7668e-02 -4.8705e-02 -5.6104e-02 2.1477e-02 -4.5406e-02 -2.8179e-02 -2.4969e-02 -1.1462e-02 -1.1462e-02 -2.6279e-02 -2.7401e-02 -1.1462e-02 -1.1462e-02 -7.9245e-03 -2.6000e-02 -2.6279e-02 -3.2983e-02 -2.5152e-02 -2.3454e-02 -3.0674e-02 -2.4021e-02 -2.4021e-02 -2.9894e-02 2.9921e-03 -2.4619e-02 1.2155e-02 -3.2947e-02 -2.5193e-02 1.2155e-02 -2.8518e-02 9.8124e-03 -2.1172e-02 -2.9812e-02 -1.4110e-02 -3.7592e-02 -4.0792e-02 -1.8550e-02 -1.5882e-02 -1.4981e-02 -2.4017e-02 -2.6546e-02 5.2495e-02 5.9290e-02 5.8749e-02 5.7128e-02 -6.5030e-02 -6.2130e-02 -6.0951e-02 6.1873e-02 6.7255e-02 3.7438e-02 3.8144e-02 5.4745e-02 5.4745e-02 5.4745e-02 3.1767e-02 2.7536e-02 5.0589e-02 5.9226e-03 4.6862e-03 6.9579e-03 5.1928e-02 -1.3560e-02 2.6835e-02 3.3787e-02 -1.4660e-02 1.2100e-01 5.5484e-02 5.5484e-02 6.1006e-02 -6.8897e-03 -7.4503e-03 5.5484e-02 -9.1269e-03 -8.0101e-03 -9.1269e-03 3.7278e-02 -9.6840e-03 -9.6840e-03 3.7278e-02 3.7278e-02 -9.1269e-03 3.8447e-02 3.3770e-02 2.2556e-02 5.7260e-02
6.7335e-02 7.1673e-03 -1.0532e-02 -1.0532e-02 1.4813e-04 1.4813e-04 3.4264e-03 1.6458e-02 5.8866e-02 2.4162e-02 1.5348e-01 7.0342e-02 4.1880e-03 4.1880e-03 1.8590e-01 4.1880e-03 8.1726e-01 3.5266e-01 1.0000e+00 3.1723e-01 3.1411e-01 -1.5456e-01 1.5265e-01 1.8973e-01 -3.2218e-02 -1.4627e-01 -1.4627e-01 -1.4627e-01 1.9219e-01 -1.1300e-01 9.8701e-02 -1.6638e-01 5.3552e-02 -1.6054e-01 -1.6347e-01 6.6409e-02 -1.6198e-01 -1.6198e-01 -6.7643e-02 1.0630e-01 -9.8195e-02 8.5598e-02 8.5598e-02 8.5598e-02 8.4048e-02 8.4048e-02 8.4048e-02 6.7279e-02 -6.9963e-02 3.0768e-03 9.1103e-02 8.6266e-02 -1.1073e-01 -5.8282e-02 -1.1179e-01 -2.0718e-02 -1.9228e-02 1.9577e-02 1.7126e-01 -1.1360e-01 1.7141e-02 -1.2370e-01 6.1270e-02 -1.3884e-01 1.1170e-01 2.8994e-02 1.5516e-02 8.5957e-02 1.7477e-02 4.6879e-02 3.2435e-02 4.6507e-02 4.8118e-02 1.9657e-02 4.6507e-02 4.6507e-02 4.6507e-02 4.6507e-02 4.6507e-02 4.6507e-02 4.6507e-02 4.1981e-02 4.1981e-02 2.3797e-02 4.4997e-02 -2.0123e-02 -2.0346e-02 2.6408e-03 -4.7300e-02 -2.7104e-02 -5.7763e-02 -2.3080e-02 -2.3080e-02 -1.6329e-02 -1.9643e-02 -2.3080e-02 -2.3080e-02 -2.7217e-02 -4.0531e-02 -1.6329e-02 -4.1675e-02 -2.2331e-02 -2.2024e-02 -4.6140e-02 -2.8362e-02 -2.8362e-02 -2.9462e-02 -1.7968e-02 -3.6458e-02 -4.0292e-03 -5.4378e-02 -3.8128e-02 -4.0292e-03 -5.0746e-02 -1.5024e-03 -5.7682e-02 -1.1913e-02 -1.3559e-02 -1.1196e-02 -3.4711e-02 3.5055e-02 3.2821e-02 2.8013e-02 4.5682e-02 2.6644e-02 5.1302e-02 4.5367e-02 4.3857e-02 4.3489e-02 -3.8429e-02 -3.4010e-02 -2.9659e-02 6.5929e-02 2.5924e-02 -2.9944e-02 -3.3222e-02 5.9455e-03 5.9455e-03 5.9455e-03 -5.0286e-03 5.7525e-04 -1.7936e-02 4.3744e-03 -4.3883e-03 -2.4370e-03 -1.2936e-02 -2.5214e-02 -1.3191e-02 -7.1540e-03 -2.8354e-02 6.2081e-02 1.0208e-02 1.0208e-02 -2.0664e-02 -1.9536e-02 -1.6674e-02 1.0208e-02 -1.2558e-02 -9.3691e-03 -1.2558e-02 -7.1418e-03 -1.4149e-02 -1.4149e-02 -7.1418e-03 -7.1418e-03 -1.2558e-02 -4.4516e-03 3.1839e-03 -9.8392e-04 -3.3532e-02
1.1893e-01 3.2711e-02 6.5076e-02 6.5076e-02 5.7477e-02 5.7477e-02 5.6770e-02 1.5430e-02 1.0256e-01 4.8158e-02 2.3877e-02 2.2640e-01 1.8810e-01 1.8810e-01 1.1988e-01 2.1156e-01 2.5382e-01 8.2071e-01 3.1723e-01 1.0000e+00 9.9067e-01 -3.3064e-02 -3.1156e-02 -3.7488e-02 -6.7770e-02 -4.0919e-02 -4.0919e-02 -4.0919e-02 -4.2224e-02 -5.0516e-02 -1.2533e-01 -3.3115e-02 -1.7213e-01 -4.0588e-02 -4.1563e-02 -1.5206e-01 -2.6442e-02 -2.6442e-02 -2.8042e-02 2.5040e-01 -7.2472e-03 1.4480e-02 1.4480e-02 1.4480e-02 1.3979e-02 1.3979e-02 1.3979e-02 -5.2104e-02 5.2608e-02 -6.7535e-02 8.6955e-04 7.3075e-02 -3.6427e-02 -3.0152e-02 -3.2804e-02 -7.2038e-02 -8.3563e-02 1.1695e-01 2.6110e-01 -4.0178e-02 -4.4422e-02 -8.9320e-02 2.5366e-01 -7.4198e-02 9.1521e-02 -4.5182e-02 6.0290e-02 2.9127e-01 6.5469e-02 7.3023e-02 9.6622e-02 7.1510e-02 5.6395e-02 6.8890e-02 7.1510e-02 7.1510e-02 7.1510e-02 7.1510e-02 7.1510e-02 7.1510e-02 7.1510e-02 7.0002e-02 7.0002e-02 6.8890e-02 7.1007e-02 -6.4982e-02 -7.1835e-02 2.6466e-02 -4.9489e-02 -3.3641e-02 -2.5555e-02 -8.8219e-03 -8.8219e-03 -4.3204e-02 -4.4199e-02 -8.8219e-03 -8.8219e-03 -5.5369e-03 -3.8151e-02 -4.3204e-02 -4.5781e-02 -4.2206e-02 -4.0702e-02 -5.4935e-02 -4.1204e-02 -4.1204e-02 -4.9899e-02 2.7674e-03 -4.3464e-02 1.9367e-02 -5.8665e-02 -4.3968e-02 1.9367e-02 -4.5190e-02 1.7169e-02 -3.8684e-02 -3.8936e-02 -2.4706e-02 -2.4635e-02 -3.2633e-02 -3.6359e-02 -2.2040e-02 -2.1251e-02 3.0939e-02 -1.9304e-02 4.4868e-02 5.5231e-02 5.4730e-02 5.3230e-02 -6.7770e-02 -6.5220e-02 -6.4184e-02 6.2066e-02 8.1858e-02 2.8915e-02 2.9558e-02 6.0638e-02 6.0638e-02 6.0638e-02 3.7079e-02 3.8153e-02 4.0891e-02 2.3508e-03 -1.4025e-02 -1.1983e-02 6.1588e-02 -1.5041e-02 4.0717e-02 4.8748e-02 -1.6055e-02 1.6802e-01 8.8360e-02 8.8360e-02 4.0525e-02 -1.8152e-02 -9.4129e-03 8.8360e-02 -1.0957e-02 -9.9284e-03 -1.0957e-02 5.1527e-02 -1.1470e-02 -1.1470e-02 5.1527e-02 5.1527e-02 -1.0957e-02 5.2703e-02 2.3894e-03 -5.7801e-03 4.8027e-02
