1.0000e+00 7.0569e-01 3.3905e-01 -1.4495e-01 -6.7501e-02 -1.0573e-02 -1.4581e-01 3.9187e-02 3.7799e-02 4.3933e-03 -5.1340e-02 9.3855e-03 -4.4430e-02 7.6454e-02 -4.6712e-02 -2.4255e-02 -8.1882e-03 1.0720e-02 -2.9498e-02 5.7857e-02 -2.5849e-02 -4.3116e-03 -2.2889e-02 3.3275e-02 -2.4763e-02 5.3609e-03
7.0569e-01 1.0000e+00 1.8689e-02 -1.3513e-01 -6.2932e-02 7.2254e-03 -1.1358e-01 2.5515e-02 2.4212e-02 -1.7017e-02 -6.7829e-03 1.0964e-02 -1.2719e-02 1.0626e-01 -5.4670e-02 -3.0633e-02 1.6551e-02 5.4734e-03 -5.8695e-03 5.0722e-02 2.0661e-02 3.2898e-02 -1.1158e-02 1.9428e-02 -2.3087e-02 3.4663e-02
3.3905e-01 1.8689e-02 1.0000e+00 -4.9144e-02 -2.2886e-02 -7.5888e-03 5.4640e-02 4.7171e-02 4.6725e-02 -4.5631e-03 -4.1453e-02 -5.1835e-03 1.1958e-02 1.0591e-02 1.0247e-02 1.0591e-02 3.4212e-02 2.7077e-02 8.1673e-03 7.1697e-02 -1.2801e-02 -2.8461e-02 -3.5390e-02 1.4934e-02 -8.3961e-03 4.1158e-02
-1.4495e-01 -1.3513e-01 -4.9144e-02 1.0000e+00 -6.4545e-02 -3.4899e-01 -1.0203e-01 5.2665e-02 5.1031e-02 -2.4605e-02 2.3558e-02 -4.3482e-02 -1.0548e-02 -2.0317e-02 6.2114e-02 -3.3027e-02 -1.3589e-02 9.9737e-03 -2.6793e-02 6.2787e-02 -2.1565e-02 -1.8311e-02 -3.0671e-02 -6.1232e-02 5.0796e-02 -4.0378e-02
-6.7501e-02 -6.2932e-02 -2.2886e-02 -6.4545e-02 1.0000e+00 2.4067e-02 1.0739e-01 1.8974e-02 1.8208e-02 -6.1068e-02 2.9588e-02 7.7262e-02 1.4665e-02 -2.0807e-02 3.0978e-02 2.7534e-02 7.3506e-02 -6.8077e-03 2.3247e-02 -6.4172e-03 -6.5765e-02 -5.4515e-02 -3.7832e-02 -4.7341e-03 -1.3615e-02 2.7757e-02
-1.0573e-02 7.2254e-03 -7.5888e-03 -3.4899e-01 2.4067e-02 1.0000e+00 3.9561e-01 5.7363e-03 6.7322e-03 1.2584e-02 1.2969e-02 7.3974e-02 3.2285e-02 -2.0463e-02 4.8093e-02 1.8378e-02 3.3225e-02 6.7704e-02 4.0750e-02 -1.7502e-03 2.7413e-02 2.4285e-02 -2.1275e-02 -7.5466e-03 -1.6610e-01 2.5353e-02
-1.4581e-01 -1.1358e-01 5.4640e-02 -1.0203e-01 1.0739e-01 3.9561e-01 1.0000e+00 -2.8277e-02 -3.4829e-02 7.2588e-02 2.1114e-02 -1.3675e-02 -1.8564e-02 -3.5889e-02 4.9852e-02 -1.5831e-02 1.2335e-02 2.3079e-02 -2.3913e-02 4.2138e-02 8.7349e-04 -8.2729e-02 2.2248e-02 -3.7332e-02 -8.2512e-02 1.3786e-02
3.9187e-02 2.5515e-02 4.7171e-02 5.2665e-02 1.8974e-02 5.7363e-03 -2.8277e-02 1.0000e+00 9.9178e-01 -3.3888e-01 -2.2344e-02 -6.2830e-02 1.0185e-02 7.5746e-02 -9.4494e-03 2.7046e-03 7.6808e-02 -5.3246e-02 -9.3950e-03 2.1527e-02 -6.5983e-03 8.4393e-03 -1.0472e-02 -6.2998e-02 1.3715e-03 5.9606e-02
3.7799e-02 2.4212e-02 4.6725e-02 5.1031e-02 1.8208e-02 6.7322e-03 -3.4829e-02 9.9178e-01 1.0000e+00 -3.4228e-01 -2.9403e-02 -6.4099e-02 1.1196e-02 7.4859e-02 -1.7251e-02 1.7620e-03 7.5759e-02 -6.0404e-02 -1.0384e-02 2.0787e-02 -7.9845e-03 6.6861e-03 -1.1685e-02 -7.0061e-02 1.0866e-03 6.0464e-02
4.3933e-03 -1.7017e-02 -4.5631e-03 -2.4605e-02 -6.1068e-02 1.2584e-02 7.2588e-02 -3.3888e-01 -3.4228e-01 1.0000e+00 -6.0786e-02 -2.6432e-02 5.2717e-02 1.5260e-01 -4.2325e-02 -6.0617e-02 -1.8571e-02 -1.6435e-02 -1.8278e-02 -6.5596e-02 -1.6469e-02 -2.8730e-02 9.8932e-02 3.9231e-02 -2.5646e-02 5.0192e-03
-5.1340e-02 -6.7829e-03 -4.1453e-02 2.3558e-02 2.9588e-02 1.2969e-02 2.1114e-02 -2.2344e-02 -2.9403e-02 -6.0786e-02 1.0000e+00 5.7725e-01 6.6830e-01 -1.1114e-01 3.4936e-01 -2.3672e-02 1.0437e-01 7.4261e-03 6.3099e-02 -4.0216e-03 2.7358e-02 -2.3424e-03 1.2330e-02 5.0179e-02 -3.6956e-02 -2.8363e-02
9.3855e-03 1.0964e-02 -5.1835e-03 -4.3482e-02 7.7262e-02 7.3974e-02 -1.3675e-02 -6.2830e-02 -6.4099e-02 -2.6432e-02 5.7725e-01 1.0000e+00 3.8578e-01 -7.0470e-02 1.8354e-01 -5.4240e-02 1.8578e-01 6.1107e-02 1.9315e-01 3.2021e-03 2.7337e-03 -2.3186e-02 1.5143e-02 8.0468e-02 -2.1333e-02 -2.0037e-02
-4.4430e-02 -1.2719e-02 1.1958e-02 -1.0548e-02 1.4665e-02 3.2285e-02 -1.8564e-02 1.0185e-02 1.1196e-02 5.2717e-02 6.6830e-01 3.8578e-01 1.0000e+00 2.7989e-01 2.1132e-01 8.5615e-02 6.7775e-02 -4.3965e-02 6.9105e-02 -3.2989e-02 6.7857e-02 2.9372e-02 1.1126e-01 1.5247e-02 -2.6172e-02 3.5901e-02
7.6454e-02 1.0626e-01 1.0591e-02 -2.0317e-02 -2.0807e-02 -2.0463e-02 -3.5889e-02 7.5746e-02 7.4859e-02 1.5260e-01 -1.1114e-01 -7.0470e-02 2.7989e-01 1.0000e+00 -7.0230e-02 -3.4228e-02 -2.8556e-02 -9.3659e-02 -1.7519e-02 -4.3665e-02 6.7147e-02 4.5787e-02 1.7658e-01 -1.0141e-03 -1.6500e-02 5.6026e-02
-4.6712e-02 -5.4670e-02 1.0247e-02 6.2114e-02 3.0978e-02 4.8093e-02 4.9852e-02 -9.4494e-03 -1.7251e-02 -4.2325e-02 3.4936e-01 1.8354e-01 2.1132e-01 -7.0230e-02 1.0000e+00 2.8170e-02 1.7037e-01 7.0869e-02 2.2456e-01 -3.3076e-02 1.0070e-01 7.2766e-02 -6.2051e-02 -3.6700e-02 -2.5515e-02 8.9866e-03
-2.4255e-02 -3.0633e-02 1.0591e-02 -3.3027e-02 2.7534e-02 1.8378e-02 -1.5831e-02 2.7046e-03 1.7620e-03 -6.0617e-02 -2.3672e-02 -5.4240e-02 8.5615e-02 -3.4228e-02 2.8170e-02 1.0000e+00 -6.3847e-02 -3.6008e-02 9.9975e-02 -4.3665e-02 8.1831e-02 8.2617e-02 -5.3141e-02 -8.6029e-02 4.7344e-02 4.6868e-02
-8.1882e-03 1.6551e-02 3.4212e-02 -1.3589e-02 7.3506e-02 3.3225e-02 1.2335e-02 7.6808e-02 7.5759e-02 -1.8571e-02 1.0437e-01 1.8578e-01 6.7775e-02 -2.8556e-02 1.7037e-01 -6.3847e-02 1.0000e+00 2.2955e-01 4.1071e-01 -2.9528e-02 4.7199e-02 3.0624e-02 1.8479e-02 -3.9598e-02 -1.9328e-02 -4.0734e-02
1.0720e-02 5.4734e-03 2.7077e-02 9.9737e-03 -6.8077e-03 6.7704e-02 2.3079e-02 -5.3246e-02 -6.0404e-02 -1.6435e-02 7.4261e-03 6.1107e-02 -4.3965e-02 -9.3659e-02 7.0869e-02 -3.6008e-02 2.2955e-01 1.0000e+00 2.8730e-01 4.7674e-02 7.0851e-02 2.0180e-02 -6.5383e-02 -1.4785e-01 -1.8463e-02 8.1787e-03
-2.9498e-02 -5.8695e-03 8.1673e-03 -2.6793e-02 2.3247e-02 4.0750e-02 -2.3913e-02 -9.3950e-03 -1.0384e-02 -1.8278e-02 6.3099e-02 1.9315e-01 6.9105e-02 -1.7519e-02 2.2456e-01 9.9975e-02 4.1071e-01 2.8730e-01 1.0000e+00 -4.5409e-02 2.7162e-01 2.3821e-01 -4.0637e-02 -3.1051e-02 -1.7159e-02 3.1051e-02
5.7857e-02 5.0722e-02 7.1697e-02 6.2787e-02 -6.4172e-03 -1.7502e-03 4.2138e-02 2.1527e-02 2.0787e-02 -6.5596e-02 -4.0216e-03 3.2021e-03 -3.2989e-02 -4.3665e-02 -3.3076e-02 -4.3665e-02 -2.9528e-02 4.7674e-02 -4.5409e-02 1.0000e+00 -6.3847e-02 -8.1336e-02 -5.5716e-02 -7.6929e-02 -1.3218e-02 -1.8561e-02
-2.5849e-02 2.0661e-02 -1.2801e-02 -2.1565e-02 -6.5765e-02 2.7413e-02 8.7349e-04 -6.5983e-03 -7.9845e-03 -1.6469e-02 2.7358e-02 2.7337e-03 6.7857e-02 6.7147e-02 1.0070e-01 8.1831e-02 4.7199e-02 7.0851e-02 2.7162e-01 -6.3847e-02 1.0000e+00 7.4942e-01 -7.7931e-02 -6.4821e-02 -2.4127e-02 2.5421e-02
-4.3116e-03 3.2898e-02 -2.8461e-02 -1.8311e-02 -5.4515e-02 2.4285e-02 -8.2729e-02 8.4393e-03 6.6861e-03 -2.8730e-02 -2.3424e-03 -2.3186e-02 2.9372e-02 4.5787e-02 7.2766e-02 8.2617e-02 3.0624e-02 2.0180e-02 2.3821e-01 -8.1336e-02 7.4942e-01 1.0000e+00 -1.2955e-01 8.2239e-02 -3.0736e-02 -5.6856e-02
-2.2889e-02 -1.1158e-02 -3.5390e-02 -3.0671e-02 -3.7832e-02 -2.1275e-02 2.2248e-02 -1.0472e-02 -1.1685e-02 9.8932e-02 1.2330e-02 1.5143e-02 1.1126e-01 1.7658e-01 -6.2051e-02 -5.3141e-02 1.8479e-02 -6.5383e-02 -4.0637e-02 -5.5716e-02 -7.7931e-02 -1.2955e-01 1.0000e+00 -9.2313e-03 -2.1054e-02 3.7570e-02
3.3275e-02 1.9428e-02 1.4934e-02 -6.1232e-02 -4.7341e-03 -7.5466e-03 -3.7332e-02 -6.2998e-02 -7.0061e-02 3.9231e-02 5.0179e-02 8.0468e-02 1.5247e-02 -1.0141e-03 -3.6700e-02 -8.6029e-02 -3.9598e-02 -1.4785e-01 -3.1051e-02 -7.6929e-02 -6.4821e-02 8.2239e-02 -9.2313e-03 1.0000e+00 9.4915e-02 -1.6785e-01
-2.4763e-02 -2.3087e-02 -8.3961e-03 5.0796e-02 -1.3615e-02 -1.6610e-01 -8.2512e-02 1.3715e-03 1.0866e-03 -2.5646e-02 -3.6956e-02 -2.1333e-02 -2.6172e-02 -1.6500e-02 -2.5515e-02 4.7344e-02 -1.9328e-02 -1.8463e-02 -1.7159e-02 -1.3218e-02 -2.4127e-02 -3.0736e-02 -2.1054e-02 9.4915e-02 1.0000e+00 -2.9063e-02
5.3609e-03 3.4663e-02 4.1158e-02 -4.0378e-02 2.7757e-02 2.5353e-02 1.3786e-02 5.9606e-02 6.0464e-02 5.0192e-03 -2.8363e-02 -2.0037e-02 3.5901e-02 5.6026e-02 8.9866e-03 4.6868e-02 -4.0734e-02 8.1787e-03 3.1051e-02 -1.8561e-02 2.5421e-02 -5.6856e-02 3.7570e-02 -1.6785e-01 -2.9063e-02 1.0000e+00
