1.0000e+00 3.6877e-01 2.6744e-02 5.0821e-02 4.0490e-04 -2.4765e-03 1.7419e-02 1.1232e-02 -7.3150e-02 -1.7309e-02 3.1850e-02 -2.1881e-02 2.8301e-02 -5.5895e-02 -9.7768e-03 6.0999e-03 3.3816e-02 4.6094e-02 -3.1390e-02 1.4344e-02 1.7977e-02
3.6877e-01 1.0000e+00 4.5027e-02 -7.1118e-02 -8.0088e-03 9.6420e-03 -1.2229e-02 -1.5401e-02 -9.6717e-02 -4.8753e-02 2.2753e-02 -6.8094e-02 1.3207e-03 -6.5852e-02 4.7448e-02 -2.9482e-02 4.6408e-02 8.4284e-02 -1.3085e-02 -5.8793e-02 1.5454e-02
2.6744e-02 4.5027e-02 1.0000e+00 -1.3390e-01 1.8607e-02 -1.9406e-02 6.8456e-02 5.0744e-02 -4.2420e-03 1.9300e-02 -6.5546e-03 -3.8965e-02 -1.8143e-02 -5.8417e-03 -3.7020e-02 1.0419e-03 3.4044e-03 2.5570e-02 -1.3707e-02 -1.8730e-02 6.5868e-02
5.0821e-02 -7.1118e-02 -1.3390e-01 1.0000e+00 -8.6664e-02 -3.2288e-02 -2.2986e-02 -8.7753e-02 2.9060e-02 -3.5135e-02 3.4567e-02 1.3325e-02 4.0504e-02 -8.6414e-04 -2.3015e-02 6.2402e-02 -2.1926e-02 -2.7609e-02 -1.0791e-02 -2.1622e-02 5.1665e-02
4.0490e-04 -8.0088e-03 1.8607e-02 -8.6664e-02 1.0000e+00 5.3906e-02 1.7801e-02 1.0800e-01 -5.7478e-02 -1.0304e-02 1.0177e-02 4.6736e-03 1.4263e-02 2.7836e-02 3.6579e-02 3.0083e-02 -7.8392e-03 -1.8617e-02 -2.1827e-02 -3.2785e-02 -2.5935e-02
-2.4765e-03 9.6420e-03 -1.9406e-02 -3.2288e-02 5.3906e-02 1.0000e+00 -2.4145e-02 -1.6127e-02 2.5761e-02 4.1436e-02 -2.0235e-02 5.3130e-02 3.2495e-02 -2.4626e-02 -5.9290e-02 -2.8322e-03 -5.0944e-03 -2.0563e-02 3.8368e-02 -4.4616e-02 7.5621e-02
1.7419e-02 -1.2229e-02 6.8456e-02 -2.2986e-02 1.7801e-02 -2.4145e-02 1.0000e+00 -6.1733e-03 -1.5575e-02 1.5829e-02 -1.4405e-02 2.5665e-02 3.0224e-03 -5.5275e-02 -3.0039e-02 9.9153e-03 -2.3479e-02 -2.5829e-02 -4.7990e-03 3.0916e-02 -6.0013e-03
1.1232e-02 -1.5401e-02 5.0744e-02 -8.7753e-02 1.0800e-01 -1.6127e-02 -6.1733e-03 1.0000e+00 -2.2084e-02 -2.4619e-02 -2.8527e-02 -1.2535e-02 2.9725e-02 4.8992e-03 -1.9017e-02 6.4858e-03 4.1510e-02 2.5747e-02 -5.2976e-02 1.0383e-02 2.2048e-02
-7.3150e-02 -9.6717e-02 -4.2420e-03 2.9060e-02 -5.7478e-02 2.5761e-02 -1.5575e-02 -2.2084e-02 1.0000e+00 -4.6970e-02 -1.3053e-02 -3.3200e-02 -3.8218e-02 4.7500e-02 -1.3140e-02 1.9178e-02 2.8003e-02 5.5264e-03 7.0832e-03 -4.0555e-02 3.3760e-03
-1.7309e-02 -4.8753e-02 1.9300e-02 -3.5135e-02 -1.0304e-02 4.1436e-02 1.5829e-02 -2.4619e-02 -4.6970e-02 1.0000e+00 -4.3442e-02 -1.5166e-03 -5.4884e-02 3.1000e-02 -4.0128e-02 4.9691e-02 -5.0782e-02 -4.1261e-02 -1.4472e-02 -1.8526e-03 -2.6654e-02
3.1850e-02 2.2753e-02 -6.5546e-03 3.4567e-02 1.0177e-02 -2.0235e-02 -1.4405e-02 -2.8527e-02 -1.3053e-02 -4.3442e-02 1.0000e+00 -4.0765e-03 -3.9344e-03 -7.8371e-02 7.2987e-02 -3.5687e-02 -2.2150e-02 -3.1146e-02 1.6537e-02 2.2386e-02 3.7768e-02
-2.1881e-02 -6.8094e-02 -3.8965e-02 1.3325e-02 4.6736e-03 5.3130e-02 2.5665e-02 -1.2535e-02 -3.3200e-02 -1.5166e-03 -4.0765e-03 1.0000e+00 4.1942e-01 8.1791e-03 5.1308e-03 -1.2050e-02 1.9623e-02 -1.9725e-02 -9.8125e-02 -2.1858e-02 1.9997e-03
2.8301e-02 1.3207e-03 -1.8143e-02 4.0504e-02 1.4263e-02 3.2495e-02 3.0224e-03 2.9725e-02 -3.8218e-02 -5.4884e-02 -3.9344e-03 4.1942e-01 1.0000e+00 -2.3427e-02 -1.5060e-02 8.6825e-03 -7.2187e-03 -1.2458e-04 -4.2702e-02 -8.9708e-03 2.1091e-02
-5.5895e-02 -6.5852e-02 -5.8417e-03 -8.6414e-04 2.7836e-02 -2.4626e-02 -5.5275e-02 4.8992e-03 4.7500e-02 3.1000e-02 -7.8371e-02 8.1791e-03 -2.3427e-02 1.0000e+00 -6.3946e-02 3.4348e-02 -8.8558e-02 -4.1468e-02 -7.7691e-03 -2.9318e-02 -3.5088e-02
-9.7768e-03 4.7448e-02 -3.7020e-02 -2.3015e-02 3.6579e-02 -5.9290e-02 -3.0039e-02 -1.9017e-02 -1.3140e-02 -4.0128e-02 7.2987e-02 5.1308e-03 -1.5060e-02 -6.3946e-02 1.0000e+00 -4.8161e-01 -2.7839e-02 -1.6677e-01 -7.2536e-02 8.0918e-03 -8.2350e-02
6.0999e-03 -2.9482e-02 1.0419e-03 6.2402e-02 3.0083e-02 -2.8322e-03 9.9153e-03 6.4858e-03 1.9178e-02 4.9691e-02 -3.5687e-02 -1.2050e-02 8.6825e-03 3.4348e-02 -4.8161e-01 1.0000e+00 -1.8199e-01 1.0238e-02 -1.5774e-01 -1.1286e-02 -6.7581e-02
3.3816e-02 4.6408e-02 3.4044e-03 -2.1926e-02 -7.8392e-03 -5.0944e-03 -2.3479e-02 4.1510e-02 2.8003e-02 -5.0782e-02 -2.2150e-02 1.9623e-02 -7.2187e-03 -8.8558e-02 -2.7839e-02 -1.8199e-01 1.0000e+00 6.6061e-01 -2.1986e-01 -1.3227e-01 7.3213e-02
4.6094e-02 8.4284e-02 2.5570e-02 -2.7609e-02 -1.8617e-02 -2.0563e-02 -2.5829e-02 2.5747e-02 5.5264e-03 -4.1261e-02 -3.1146e-02 -1.9725e-02 -1.2458e-04 -4.1468e-02 -1.6677e-01 1.0238e-02 6.6061e-01 1.0000e+00 -1.8229e-01 -1.1930e-01 1.5304e-01
-3.1390e-02 -1.3085e-02 -1.3707e-02 -1.0791e-02 -2.1827e-02 3.8368e-02 -4.7990e-03 -5.2976e-02 7.0832e-03 -1.4472e-02 1.6537e-02 -9.8125e-02 -4.2702e-02 -7.7691e-03 -7.2536e-02 -1.5774e-01 -2.1986e-01 -1.8229e-01 1.0000e+00 -8.3062e-02 -1.3083e-01
1.4344e-02 -5.8793e-02 -1.8730e-02 -2.1622e-02 -3.2785e-02 -4.4616e-02 3.0916e-02 1.0383e-02 -4.0555e-02 -1.8526e-03 2.2386e-02 -2.1858e-02 -8.9708e-03 -2.9318e-02 8.0918e-03 -1.1286e-02 -1.3227e-01 -1.1930e-01 -8.3062e-02 1.0000e+00 -1.3382e-01
1.7977e-02 1.5454e-02 6.5868e-02 5.1665e-02 -2.5935e-02 7.5621e-02 -6.0013e-03 2.2048e-02 3.3760e-03 -2.6654e-02 3.7768e-02 1.9997e-03 2.1091e-02 -3.5088e-02 -8.2350e-02 -6.7581e-02 7.3213e-02 1.5304e-01 -1.3083e-01 -1.3382e-01 1.0000e+00
