1.0000e+00 9.6858e-01 2.5817e-01 9.7387e-01 1.0000e+00 9.8976e-01 1.0000e+00 9.8963e-01 9.8963e-01 9.9481e-01 9.8963e-01 9.8963e-01 9.8963e-01 9.2684e-01 -1.2243e-02 -2.2038e-02 -1.4209e-02 -1.0607e-02 1.4787e-02 6.5759e-02 5.6651e-02 9.4724e-02 5.5277e-02 9.7379e-02 9.6051e-02 6.1762e-02 -6.1646e-02 6.7209e-02 7.4431e-02 3.9778e-02 3.9778e-02 9.4060e-02 6.5845e-02 6.5845e-02 6.5845e-02 -8.2117e-03 6.5845e-02 9.7379e-02 7.0254e-02 9.7379e-02 6.6527e-02 6.9560e-02 7.2674e-02 7.5986e-02 -1.0402e-01 -7.2674e-02 7.5986e-02 4.6226e-02 7.5986e-02 -3.0074e-02 7.8769e-02 -6.0329e-02 -6.0329e-02 -2.7318e-02 7.5291e-02 7.8769e-02 -6.1015e-02 -7.2674e-02 -6.1015e-02 -6.1015e-02 7.6681e-02 -6.1701e-02 -7.2674e-02 -6.1015e-02 7.4431e-02 -6.7209e-02 -6.7209e-02 7.0950e-02 -4.4986e-03 1.8844e-02 7.5592e-02 6.6527e-02 6.6527e-02 5.6155e-02 6.6527e-02 5.6155e-02 -4.4986e-03 5.7157e-02 6.5162e-02 1.3167e-02 5.4711e-02 -8.4052e-02 4.4404e-02 -8.7893e-02 -9.4804e-02 -8.7122e-02 -8.7122e-02 -5.1776e-02 8.4805e-03 4.9652e-02 -9.4139e-02 1.2610e-02 1.2610e-02 5.0995e-02 -5.2481e-02 -5.2481e-02 5.0995e-02 -8.2883e-02 5.0995e-02 -4.9652e-02 -3.9198e-02 -3.9198e-02 7.2053e-02 8.1913e-02 7.0453e-02 4.7719e-02 -3.0488e-03 8.6378e-02 8.6378e-02 -6.1735e-02 8.6378e-02 4.0467e-02 1.0851e-01 1.1213e-01 1.0347e-01 9.7728e-02 7.5364e-02 -4.5859e-02 9.2251e-02 6.3927e-02 6.8744e-02 6.8744e-02 6.4882e-02 -2.3405e-02 2.6774e-02 -3.2949e-02 -3.2949e-02 2.1620e-01 -8.3991e-02 -8.4666e-02 -8.4666e-02 -8.4666e-02 -8.3991e-02 6.3722e-02 6.3722e-02 6.3722e-02 6.3722e-02 2.3713e-02 2.4551e-02 1.0921e-02 1.9579e-01 6.1666e-02 6.1666e-02 -4.4922e-02 -1.6232e-02 -1.6232e-02 -1.6232e-02 2.4579e-02 -1.6929e-02 -1.6929e-02 -3.8385e-03 -1.1780e-02 -1.1082e-02 -1.1780e-02 -1.2744e-02 -1.6650e-02 -1.4566e-02 -1.3870e-02 3.1421e-02 -1.5261e-02 4.1436e-02 8.9509e-03 -1.8121e-02 -4.1436e-02 -4.3489e-02
9.6858e-01 1.0000e+00 2.6367e-01 9.9463e-01 9.6858e-01 9.6911e-01 9.6858e-01 9.6858e-01 9.6858e-01 9.6306e-01 9.6858e-01 9.6858e-01 9.6858e-01 9.0435e-01 -1.4567e-02 -1.7146e-02 -1.2693e-02 -2.1221e-02 8.8601e-03 4.2078e-02 4.4825e-02 8.5813e-02 4.3478e-02 9.1223e-02 8.7118e-02 5.3551e-02 -5.7278e-02 5.9130e-02 6.1982e-02 2.8506e-02 2.8506e-02 8.5160e-02 5.7784e-02 5.7784e-02 5.7784e-02 -1.6484e-02 5.7784e-02 9.1223e-02 5.7898e-02 9.1223e-02 5.8458e-02 5.7218e-02 6.4728e-02 6.3752e-02 -9.7997e-02 -6.4728e-02 6.3752e-02 3.5062e-02 6.3752e-02 -1.9409e-02 6.6474e-02 -4.8665e-02 -4.8665e-02 -2.3316e-02 6.3073e-02 6.6474e-02 -4.9338e-02 -6.4728e-02 -4.9338e-02 -4.9338e-02 6.4432e-02 -5.0010e-02 -6.4728e-02 -4.9338e-02 6.1982e-02 -5.9130e-02 -5.9130e-02 5.8578e-02 -3.0787e-04 5.6248e-03 6.0344e-02 5.8458e-02 5.8458e-02 6.3359e-02 5.8458e-02 6.3359e-02 -3.0787e-04 5.5964e-02 5.7110e-02 -3.3036e-03 4.1170e-02 -8.1795e-02 2.8694e-02 -8.5554e-02 -8.5674e-02 -8.4800e-02 -8.4800e-02 -5.1182e-02 6.5394e-04 2.2907e-02 -8.5021e-02 -3.0636e-03 -3.0636e-03 2.4113e-02 -5.1873e-02 -5.1873e-02 2.4113e-02 -6.5847e-02 2.4113e-02 -2.2907e-02 -3.7644e-02 -3.7644e-02 6.8758e-02 7.8123e-02 7.6769e-02 4.5226e-02 1.7968e-03 8.2760e-02 8.2760e-02 -4.6753e-02 8.2760e-02 4.5061e-02 9.5521e-02 9.9053e-02 9.0607e-02 8.4734e-02 7.1169e-02 -4.0286e-02 7.7246e-02 4.7793e-02 5.2379e-02 5.2379e-02 4.8703e-02 -1.7112e-02 4.3462e-02 2.4127e-03 2.4127e-03 2.2133e-01 -6.9919e-02 -7.0593e-02 -7.0593e-02 -7.0593e-02 -6.9919e-02 5.0611e-02 5.0611e-02 5.0611e-02 5.0611e-02 1.7911e-02 1.8744e-02 1.1548e-02 2.0068e-01 6.4608e-02 6.4608e-02 -4.5661e-02 -1.2442e-02 -1.2442e-02 -1.2442e-02 3.7617e-02 -1.3125e-02 -1.3125e-02 6.8401e-03 -7.8394e-03 -7.1548e-03 -7.8394e-03 -9.0189e-03 -1.2618e-02 -1.0573e-02 -9.8904e-03 4.5035e-02 -1.1255e-02 3.6924e-02 1.2618e-02 -2.5990e-02 -3.6924e-02 -3.8937e-02
2.5817e-01 2.6367e-01 1.0000e+00 2.6510e-01 2.5817e-01 2.5553e-01 2.5817e-01 2.5817e-01 2.5817e-01 2.5952e-01 2.5817e-01 2.5817e-01 2.5817e-01 2.6088e-01 6.2273e-02 6.0450e-02 5.5720e-02 -4.3063e-02 -3.1945e-02 -2.2146e-02 2.0430e-02 4.9070e-02 2.0076e-02 2.7967e-02 4.9391e-02 3.9674e-02 -3.7038e-02 3.9356e-02 2.6685e-02 1.4431e-02 1.4431e-02 4.8910e-02 3.9037e-02 3.9037e-02 3.9037e-02 -2.6494e-02 3.9037e-02 2.7967e-02 2.5603e-02 2.7967e-02 3.9196e-02 2.5424e-02 3.9037e-02 2.5424e-02 -2.7798e-02 -3.9037e-02 2.5424e-02 1.4431e-02 2.5424e-02 -8.6034e-03 2.6144e-02 -1.9722e-02 -1.9722e-02 -7.8929e-03 2.5244e-02 2.6144e-02 -1.9899e-02 -3.9037e-02 -1.9899e-02 -1.9899e-02 2.5603e-02 -2.0076e-02 -3.9037e-02 -1.9899e-02 2.6685e-02 -3.9356e-02 -3.9356e-02 2.5783e-02 1.6033e-01 -8.6384e-02 -7.0793e-02 3.9196e-02 3.9196e-02 1.5805e-01 3.9196e-02 1.5805e-01 1.6033e-01 1.5860e-01 3.8877e-02 -7.0052e-02 -8.0871e-02 4.4603e-02 4.7961e-03 4.3808e-02 -5.0677e-02 4.3967e-02 4.3967e-02 5.7539e-02 1.0707e-01 6.0401e-03 -5.0516e-02 1.0890e-01 1.0890e-01 6.3580e-03 5.7373e-02 5.7373e-02 6.3580e-03 5.3554e-02 6.3580e-03 -6.0401e-03 5.2941e-02 5.2941e-02 -4.0152e-02 -3.6799e-02 -5.7705e-02 -4.6673e-02 -3.3570e-02 -3.7280e-02 -3.7280e-02 -3.8079e-02 -3.7280e-02 -4.9712e-02 -3.3819e-02 -3.2965e-02 -3.5016e-02 -3.4845e-02 -3.5353e-02 -1.5004e-02 -4.7918e-02 -4.6402e-02 -4.5710e-02 -4.5710e-02 -4.6263e-02 -4.5837e-02 -2.5044e-02 -8.5065e-03 -8.5065e-03 -1.0244e-02 -3.1781e-02 -3.1945e-02 -3.1945e-02 -3.1945e-02 -3.1781e-02 -3.4946e-02 -3.4946e-02 -3.4946e-02 -3.4946e-02 -1.5277e-02 -1.5016e-02 -3.0410e-03 -1.1015e-02 -1.3073e-02 -1.3073e-02 -2.5966e-02 -2.7856e-02 -2.7856e-02 -2.7856e-02 -4.1764e-02 -2.8027e-02 -2.8027e-02 -2.8027e-02 -2.8367e-02 -2.8197e-02 -2.8367e-02 -2.7005e-02 -2.9558e-02 -2.9048e-02 -2.8878e-02 -4.4944e-02 -2.9218e-02 3.5702e-02 2.0473e-02 5.1864e-02 -3.5702e-02 -3.6217e-02
9.7387e-01 9.9463e-01 2.6510e-01 1.0000e+00 9.7387e-01 9.6390e-01 9.7387e-01 9.6328e-01 9.6328e-01 9.6832e-01 9.6328e-01 9.6328e-01 9.6328e-01 9.0935e-01 -9.9153e-03 -1.9433e-02 -8.9979e-03 -1.9735e-02 3.7207e-03 4.3070e-02 4.8368e-02 8.3545e-02 4.7029e-02 8.9658e-02 8.4844e-02 5.1458e-02 -5.6168e-02 5.7072e-02 6.5374e-02 3.2215e-02 3.2215e-02 8.2894e-02 5.5731e-02 5.5731e-02 5.5731e-02 -1.5585e-02 5.5731e-02 8.9658e-02 6.1310e-02 8.9658e-02 5.6402e-02 6.0634e-02 6.2704e-02 6.7195e-02 -9.6466e-02 -6.2704e-02 6.7195e-02 3.8799e-02 6.7195e-02 -2.3326e-02 6.9904e-02 -5.2252e-02 -5.2252e-02 -2.0634e-02 6.6519e-02 6.9904e-02 -5.2921e-02 -6.2704e-02 -5.2921e-02 -5.2921e-02 6.7872e-02 -5.3590e-02 -6.2704e-02 -5.2921e-02 6.5374e-02 -5.7072e-02 -5.7072e-02 6.1986e-02 7.6194e-04 8.8126e-03 6.3196e-02 5.6402e-02 5.6402e-02 5.6791e-02 5.6402e-02 5.6791e-02 7.6194e-04 5.7771e-02 5.5059e-02 -7.5220e-04 4.4309e-02 -8.4631e-02 1.9410e-02 -8.8379e-02 -8.3350e-02 -8.7627e-02 -8.7627e-02 -5.4333e-02 -5.1852e-03 2.4125e-02 -8.2699e-02 -1.2615e-03 -1.2615e-03 2.5330e-02 -5.5021e-02 -5.5021e-02 2.5330e-02 -6.9737e-02 2.5330e-02 -2.4125e-02 -4.0576e-02 -4.0576e-02 7.1391e-02 8.0687e-02 7.3438e-02 4.7975e-02 3.0340e-03 8.5359e-02 8.5359e-02 -5.1689e-02 8.5359e-02 4.1209e-02 9.2211e-02 9.5721e-02 8.7328e-02 8.1423e-02 7.3658e-02 -3.8867e-02 7.9332e-02 4.9697e-02 5.4278e-02 5.4278e-02 5.0606e-02 -1.3867e-02 3.1926e-02 -3.2088e-02 -3.2088e-02 2.2265e-01 -7.5409e-02 -7.6073e-02 -7.6073e-02 -7.6073e-02 -7.5409e-02 5.2108e-02 5.2108e-02 5.2108e-02 5.2108e-02 1.6432e-02 1.7262e-02 9.7775e-03 2.0195e-01 6.5364e-02 6.5364e-02 -4.7747e-02 -9.8031e-03 -9.8031e-03 -9.8031e-03 3.4387e-02 -1.0483e-02 -1.0483e-02 9.5667e-03 -5.1646e-03 -4.4826e-03 -5.1646e-03 -6.3936e-03 -9.9248e-03 -7.8876e-03 -7.2075e-03 4.1955e-02 -8.5671e-03 3.4126e-02 1.3554e-02 -2.3068e-02 -3.4126e-02 -3.6130e-02
1.0000e+00 9.6858e-01 2.5817e-01 9.7387e-01 1.0000e+00 9.8976e-01 1.0000e+00 9.8963e-01 9.8963e-01 9.9481e-01 9.8963e-01 9.8963e-01 9.8963e-01 9.2684e-01 -1.2243e-02 -2.2038e-02 -1.4209e-02 -1.0607e-02 1.4787e-02 6.5759e-02 5.6651e-02 9.4724e-02 5.5277e-02 9.7379e-02 9.6051e-02 6.1762e-02 -6.1646e-02 6.7209e-02 7.4431e-02 3.9778e-02 3.9778e-02 9.4060e-02 6.5845e-02 6.5845e-02 6.5845e-02 -8.2117e-03 6.5845e-02 9.7379e-02 7.0254e-02 9.7379e-02 6.6527e-02 6.9560e-02 7.2674e-02 7.5986e-02 -1.0402e-01 -7.2674e-02 7.5986e-02 4.6226e-02 7.5986e-02 -3.0074e-02 7.8769e-02 -6.0329e-02 -6.0329e-02 -2.7318e-02 7.5291e-02 7.8769e-02 -6.1015e-02 -7.2674e-02 -6.1015e-02 -6.1015e-02 7.6681e-02 -6.1701e-02 -7.2674e-02 -6.1015e-02 7.4431e-02 -6.7209e-02 -6.7209e-02 7.0950e-02 -4.4986e-03 1.8844e-02 7.5592e-02 6.6527e-02 6.6527e-02 5.6155e-02 6.6527e-02 5.6155e-02 -4.4986e-03 5.7157e-02 6.5162e-02 1.3167e-02 5.4711e-02 -8.4052e-02 4.4404e-02 -8.7893e-02 -9.4804e-02 -8.7122e-02 -8.7122e-02 -5.1776e-02 8.4805e-03 4.9652e-02 -9.4139e-02 1.2610e-02 1.2610e-02 5.0995e-02 -5.2481e-02 -5.2481e-02 5.0995e-02 -8.2883e-02 5.0995e-02 -4.9652e-02 -3.9198e-02 -3.9198e-02 7.2053e-02 8.1913e-02 7.0453e-02 4.7719e-02 -3.0488e-03 8.6378e-02 8.6378e-02 -6.1735e-02 8.6378e-02 4.0467e-02 1.0851e-01 1.1213e-01 1.0347e-01 9.7728e-02 7.5364e-02 -4.5859e-02 9.2251e-02 6.3927e-02 6.8744e-02 6.8744e-02 6.4882e-02 -2.3405e-02 2.6774e-02 -3.2949e-02 -3.2949e-02 2.1620e-01 -8.3991e-02 -8.4666e-02 -8.4666e-02 -8.4666e-02 -8.3991e-02 6.3722e-02 6.3722e-02 6.3722e-02 6.3722e-02 2.3713e-02 2.4551e-02 1.0921e-02 1.9579e-01 6.1666e-02 6.1666e-02 -4.4922e-02 -1.6232e-02 -1.6232e-02 -1.6232e-02 2.4579e-02 -1.6929e-02 -1.6929e-02 -3.8385e-03 -1.1780e-02 -1.1082e-02 -1.1780e-02 -1.2744e-02 -1.6650e-02 -1.4566e-02 -1.3870e-02 3.1421e-02 -1.5261e-02 4.1436e-02 8.9509e-03 -1.8121e-02 -4.1436e-02 -4.3489e-02
9.8976e-01 9.6911e-01 2.5553e-01 9.6390e-01 9.8976e-01 1.0000e+00 9.8976e-01 9.8976e-01 9.8976e-01 9.8462e-01 9.8976e-01 9.8976e-01 9.8976e-01 9.2759e-01 -1.4509e-02 -1.7560e-02 -1.4952e-02 -1.3586e-02 2.4727e-02 6.3655e-02 4.9685e-02 9.9086e-02 4.8296e-02 1.0040e-01 1.0042e-01 6.5778e-02 -6.3787e-02 7.1161e-02 6.7760e-02 3.2490e-02 3.2490e-02 9.8417e-02 6.9788e-02 6.9788e-02 6.9788e-02 -1.0031e-02 6.9788e-02 1.0040e-01 6.3544e-02 1.0040e-01 7.0475e-02 6.2843e-02 7.6562e-02 6.9217e-02 -1.0698e-01 -7.6562e-02 6.9217e-02 3.8886e-02 6.9217e-02 -2.2384e-02 7.2026e-02 -5.3281e-02 -5.3281e-02 -3.2503e-02 6.8515e-02 7.2026e-02 -5.3975e-02 -7.6562e-02 -5.3975e-02 -5.3975e-02 6.9919e-02 -5.4669e-02 -7.6562e-02 -5.3975e-02 6.7760e-02 -7.1161e-02 -7.1161e-02 6.4246e-02 4.2479e-03 1.2547e-02 6.9948e-02 7.0475e-02 7.0475e-02 6.8993e-02 7.0475e-02 6.8993e-02 4.2479e-03 6.1842e-02 6.9100e-02 8.0769e-03 4.8517e-02 -8.5167e-02 5.2075e-02 -8.9048e-02 -9.9272e-02 -8.8269e-02 -8.8269e-02 -5.2074e-02 1.2300e-02 4.7078e-02 -9.8602e-02 8.9816e-03 8.9816e-03 4.8422e-02 -5.2787e-02 -5.2787e-02 4.8422e-02 -8.1607e-02 4.8422e-02 -4.7078e-02 -3.9963e-02 -3.9963e-02 7.3672e-02 8.3776e-02 7.6997e-02 4.8942e-02 -5.4130e-03 8.8158e-02 8.8158e-02 -5.8844e-02 8.8158e-02 4.8000e-02 1.1487e-01 1.1853e-01 1.0977e-01 1.0408e-01 7.7422e-02 -4.8585e-02 8.8101e-02 6.0112e-02 6.4939e-02 6.4939e-02 6.1070e-02 -2.3293e-02 3.7055e-02 5.3802e-04 5.3802e-04 2.1374e-01 -8.0288e-02 -8.0975e-02 -8.0975e-02 -8.0975e-02 -8.0288e-02 7.0128e-02 7.0128e-02 7.0128e-02 7.0128e-02 2.6547e-02 2.7388e-02 1.4370e-02 1.9343e-01 6.0241e-02 6.0241e-02 -4.0888e-02 -2.1332e-02 -2.1332e-02 -2.1332e-02 2.4597e-02 -2.2033e-02 -2.2033e-02 -9.0481e-03 -1.6947e-02 -1.6244e-02 -1.6947e-02 -1.7818e-02 -2.1855e-02 -1.9754e-02 -1.9053e-02 3.1156e-02 -2.0455e-02 4.6846e-02 7.1638e-03 -1.7480e-02 -4.6846e-02 -4.8918e-02
1.0000e+00 9.6858e-01 2.5817e-01 9.7387e-01 1.0000e+00 9.8976e-01 1.0000e+00 9.8963e-01 9.8963e-01 9.9481e-01 9.8963e-01 9.8963e-01 9.8963e-01 9.2684e-01 -1.2243e-02 -2.2038e-02 -1.4209e-02 -1.0607e-02 1.4787e-02 6.5759e-02 5.6651e-02 9.4724e-02 5.5277e-02 9.7379e-02 9.6051e-02 6.1762e-02 -6.1646e-02 6.7209e-02 7.4431e-02 3.9778e-02 3.9778e-02 9.4060e-02 6.5845e-02 6.5845e-02 6.5845e-02 -8.2117e-03 6.5845e-02 9.7379e-02 7.0254e-02 9.7379e-02 6.6527e-02 6.9560e-02 7.2674e-02 7.5986e-02 -1.0402e-01 -7.2674e-02 7.5986e-02 4.6226e-02 7.5986e-02 -3.0074e-02 7.8769e-02 -6.0329e-02 -6.0329e-02 -2.7318e-02 7.5291e-02 7.8769e-02 -6.1015e-02 -7.2674e-02 -6.1015e-02 -6.1015e-02 7.6681e-02 -6.1701e-02 -7.2674e-02 -6.1015e-02 7.4431e-02 -6.7209e-02 -6.7209e-02 7.0950e-02 -4.4986e-03 1.8844e-02 7.5592e-02 6.6527e-02 6.6527e-02 5.6155e-02 6.6527e-02 5.6155e-02 -4.4986e-03 5.7157e-02 6.5162e-02 1.3167e-02 5.4711e-02 -8.4052e-02 4.4404e-02 -8.7893e-02 -9.4804e-02 -8.7122e-02 -8.7122e-02 -5.1776e-02 8.4805e-03 4.9652e-02 -9.4139e-02 1.2610e-02 1.2610e-02 5.0995e-02 -5.2481e-02 -5.2481e-02 5.0995e-02 -8.2883e-02 5.0995e-02 -4.9652e-02 -3.9198e-02 -3.9198e-02 7.2053e-02 8.1913e-02 7.0453e-02 4.7719e-02 -3.0488e-03 8.6378e-02 8.6378e-02 -6.1735e-02 8.6378e-02 4.0467e-02 1.0851e-01 1.1213e-01 1.0347e-01 9.7728e-02 7.5364e-02 -4.5859e-02 9.2251e-02 6.3927e-02 6.8744e-02 6.8744e-02 6.4882e-02 -2.3405e-02 2.6774e-02 -3.2949e-02 -3.2949e-02 2.1620e-01 -8.3991e-02 -8.4666e-02 -8.4666e-02 -8.4666e-02 -8.3991e-02 6.3722e-02 6.3722e-02 6.3722e-02 6.3722e-02 2.3713e-02 2.4551e-02 1.0921e-02 1.9579e-01 6.1666e-02 6.1666e-02 -4.4922e-02 -1.6232e-02 -1.6232e-02 -1.6232e-02 2.4579e-02 -1.6929e-02 -1.6929e-02 -3.8385e-03 -1.1780e-02 -1.1082e-02 -1.1780e-02 -1.2744e-02 -1.6650e-02 -1.4566e-02 -1.3870e-02 3.1421e-02 -1.5261e-02 4.1436e-02 8.9509e-03 -1.8121e-02 -4.1436e-02 -4.3489e-02
9.8963e-01 9.6858e-01 2.5817e-01 9.6328e-01 9.8963e-01 9.8976e-01 9.8963e-01 1.0000e+00 1.0000e+00 9.9481e-01 1.0000e+00 1.0000e+00 1.0000e+00 9.2684e-01 -1.9093e-02 -2.2038e-02 -2.0689e-02 -1.0607e-02 2.1890e-02 6.5759e-02 5.0227e-02 9.4724e-02 4.8853e-02 9.7379e-02 9.6051e-02 6.1762e-02 -6.1646e-02 6.7209e-02 6.8002e-02 3.3330e-02 3.3330e-02 9.4060e-02 6.5845e-02 6.5845e-02 6.5845e-02 -8.2117e-03 6.5845e-02 9.7379e-02 6.3828e-02 9.7379e-02 6.6527e-02 6.3134e-02 7.2674e-02 6.9560e-02 -1.0402e-01 -7.2674e-02 6.9560e-02 3.9778e-02 6.9560e-02 -2.3573e-02 7.2341e-02 -5.3904e-02 -5.3904e-02 -2.7318e-02 6.8865e-02 7.2341e-02 -5.4590e-02 -7.2674e-02 -5.4590e-02 -5.4590e-02 7.0254e-02 -5.5277e-02 -7.2674e-02 -5.4590e-02 6.8002e-02 -6.7209e-02 -6.7209e-02 6.4523e-02 -1.5377e-02 1.8844e-02 7.5592e-02 6.6527e-02 6.6527e-02 5.6155e-02 6.6527e-02 5.6155e-02 -1.5377e-02 4.8903e-02 6.5162e-02 1.3167e-02 5.4711e-02 -8.4052e-02 5.4735e-02 -8.7893e-02 -9.4804e-02 -8.7122e-02 -8.7122e-02 -5.1776e-02 8.4805e-03 4.9652e-02 -9.4139e-02 5.0318e-03 5.0318e-03 5.0995e-02 -5.2481e-02 -5.2481e-02 5.0995e-02 -8.2883e-02 5.0995e-02 -4.9652e-02 -3.9198e-02 -3.9198e-02 7.2053e-02 8.1913e-02 7.6914e-02 4.7719e-02 -3.0488e-03 8.6378e-02 8.6378e-02 -5.4874e-02 8.6378e-02 4.7031e-02 1.1498e-01 1.1862e-01 1.0994e-01 1.0419e-01 7.5364e-02 -4.5859e-02 9.2251e-02 6.3927e-02 6.8744e-02 6.8744e-02 6.4882e-02 -2.3405e-02 3.9151e-02 1.1526e-03 1.1526e-03 2.1620e-01 -7.6880e-02 -7.7563e-02 -7.7563e-02 -7.7563e-02 -7.6880e-02 6.3722e-02 6.3722e-02 6.3722e-02 6.3722e-02 2.3713e-02 2.4551e-02 1.0921e-02 1.9579e-01 6.1666e-02 6.1666e-02 -4.4922e-02 -1.6232e-02 -1.6232e-02 -1.6232e-02 3.1005e-02 -1.6929e-02 -1.6929e-02 -3.8385e-03 -1.1780e-02 -1.1082e-02 -1.1780e-02 -1.2744e-02 -1.6650e-02 -1.4566e-02 -1.3870e-02 3.7843e-02 -1.5261e-02 4.1436e-02 8.9509e-03 -2.4562e-02 -4.1436e-02 -4.3489e-02
9.8963e-01 9.6858e-01 2.5817e-01 9.6328e-01 9.8963e-01 9.8976e-01 9.8963e-01 1.0000e+00 1.0000e+00 9.9481e-01 1.0000e+00 1.0000e+00 1.0000e+00 9.2684e-01 -1.9093e-02 -2.2038e-02 -2.0689e-02 -1.0607e-02 2.1890e-02 6.5759e-02 5.0227e-02 9.4724e-02 4.8853e-02 9.7379e-02 9.6051e-02 6.1762e-02 -6.1646e-02 6.7209e-02 6.8002e-02 3.3330e-02 3.3330e-02 9.4060e-02 6.5845e-02 6.5845e-02 6.5845e-02 -8.2117e-03 6.5845e-02 9.7379e-02 6.3828e-02 9.7379e-02 6.6527e-02 6.3134e-02 7.2674e-02 6.9560e-02 -1.0402e-01 -7.2674e-02 6.9560e-02 3.9778e-02 6.9560e-02 -2.3573e-02 7.2341e-02 -5.3904e-02 -5.3904e-02 -2.7318e-02 6.8865e-02 7.2341e-02 -5.4590e-02 -7.2674e-02 -5.4590e-02 -5.4590e-02 7.0254e-02 -5.5277e-02 -7.2674e-02 -5.4590e-02 6.8002e-02 -6.7209e-02 -6.7209e-02 6.4523e-02 -1.5377e-02 1.8844e-02 7.5592e-02 6.6527e-02 6.6527e-02 5.6155e-02 6.6527e-02 5.6155e-02 -1.5377e-02 4.8903e-02 6.5162e-02 1.3167e-02 5.4711e-02 -8.4052e-02 5.4735e-02 -8.7893e-02 -9.4804e-02 -8.7122e-02 -8.7122e-02 -5.1776e-02 8.4805e-03 4.9652e-02 -9.4139e-02 5.0318e-03 5.0318e-03 5.0995e-02 -5.2481e-02 -5.2481e-02 5.0995e-02 -8.2883e-02 5.0995e-02 -4.9652e-02 -3.9198e-02 -3.9198e-02 7.2053e-02 8.1913e-02 7.6914e-02 4.7719e-02 -3.0488e-03 8.6378e-02 8.6378e-02 -5.4874e-02 8.6378e-02 4.7031e-02 1.1498e-01 1.1862e-01 1.0994e-01 1.0419e-01 7.5364e-02 -4.5859e-02 9.2251e-02 6.3927e-02 6.8744e-02 6.8744e-02 6.4882e-02 -2.3405e-02 3.9151e-02 1.1526e-03 1.1526e-03 2.1620e-01 -7.6880e-02 -7.7563e-02 -7.7563e-02 -7.7563e-02 -7.6880e-02 6.3722e-02 6.3722e-02 6.3722e-02 6.3722e-02 2.3713e-02 2.4551e-02 1.0921e-02 1.9579e-01 6.1666e-02 6.1666e-02 -4.4922e-02 -1.6232e-02 -1.6232e-02 -1.6232e-02 3.1005e-02 -1.6929e-02 -1.6929e-02 -3.8385e-03 -1.1780e-02 -1.1082e-02 -1.1780e-02 -1.2744e-02 -1.6650e-02 -1.4566e-02 -1.3870e-02 3.7843e-02 -1.5261e-02 4.1436e-02 8.9509e-03 -2.4562e-02 -4.1436e-02 -4.3489e-02
9.9481e-01 9.6306e-01 2.5952e-01 9.6832e-01 9.9481e-01 9.8462e-01 9.9481e-01 9.9481e-01 9.9481e-01 1.0000e+00 9.9481e-01 9.9481e-01 9.9481e-01 9.3175e-01 -1.4536e-02 -2.4306e-02 -1.7088e-02 -9.0995e-03 1.6889e-02 6.6826e-02 5.3729e-02 9.2520e-02 5.2362e-02 9.5855e-02 9.3841e-02 5.9732e-02 -6.0565e-02 6.5212e-02 7.1354e-02 3.6993e-02 3.6993e-02 9.1859e-02 6.3852e-02 6.3852e-02 6.3852e-02 -7.2913e-03 6.3852e-02 9.5855e-02 6.7201e-02 9.5855e-02 6.4532e-02 6.6510e-02 7.0709e-02 7.2962e-02 -1.0253e-01 -7.0709e-02 7.2962e-02 4.3468e-02 7.2962e-02 -2.7440e-02 7.5730e-02 -5.7447e-02 -5.7447e-02 -2.4695e-02 7.2271e-02 7.5730e-02 -5.8129e-02 -7.0709e-02 -5.8129e-02 -5.8129e-02 7.3654e-02 -5.8812e-02 -7.0709e-02 -5.8129e-02 7.1354e-02 -6.5212e-02 -6.5212e-02 6.7892e-02 -1.4387e-02 2.2033e-02 7.8452e-02 6.4532e-02 6.4532e-02 4.9660e-02 6.4532e-02 4.9660e-02 -1.4387e-02 5.0644e-02 6.3171e-02 1.5744e-02 5.7847e-02 -8.6840e-02 4.5711e-02 -9.0671e-02 -9.2546e-02 -8.9902e-02 -8.9902e-02 -5.4871e-02 2.7709e-03 5.0956e-02 -9.1884e-02 6.8375e-03 6.8375e-03 5.2299e-02 -5.5574e-02 -5.5574e-02 5.2299e-02 -8.6771e-02 5.2299e-02 -5.0956e-02 -4.2083e-02 -4.2083e-02 7.4647e-02 8.4442e-02 7.3631e-02 5.0427e-02 -1.8524e-03 8.8940e-02 8.8940e-02 -5.9756e-02 8.8940e-02 4.3247e-02 1.1180e-01 1.1541e-01 1.0678e-01 1.0101e-01 7.7820e-02 -4.4482e-02 9.4355e-02 6.5860e-02 7.0672e-02 7.0672e-02 6.6815e-02 -2.0238e-02 2.7785e-02 -3.2778e-02 -3.2778e-02 2.1746e-01 -8.2299e-02 -8.2972e-02 -8.2972e-02 -8.2972e-02 -8.2299e-02 6.5242e-02 6.5242e-02 6.5242e-02 6.5242e-02 2.2280e-02 2.3117e-02 9.1763e-03 1.9699e-01 6.2390e-02 6.2390e-02 -4.6965e-02 -1.3652e-02 -1.3652e-02 -1.3652e-02 2.7797e-02 -1.4346e-02 -1.4346e-02 -1.2020e-03 -9.1646e-03 -8.4695e-03 -9.1646e-03 -1.0177e-02 -1.4017e-02 -1.1940e-02 -1.1247e-02 3.4781e-02 -1.2633e-02 3.8700e-02 9.8558e-03 -2.1680e-02 -3.8700e-02 -4.0744e-02
9.8963e-01 9.6858e-01 2.5817e-01 9.6328e-01 9.8963e-01 9.8976e-01 9.8963e-01 1.0000e+00 1.0000e+00 9.9481e-01 1.0000e+00 1.0000e+00 1.0000e+00 9.2684e-01 -1.9093e-02 -2.2038e-02 -2.0689e-02 -1.0607e-02 2.1890e-02 6.5759e-02 5.0227e-02 9.4724e-02 4.8853e-02 9.7379e-02 9.6051e-02 6.1762e-02 -6.1646e-02 6.7209e-02 6.8002e-02 3.3330e-02 3.3330e-02 9.4060e-02 6.5845e-02 6.5845e-02 6.5845e-02 -8.2117e-03 6.5845e-02 9.7379e-02 6.3828e-02 9.7379e-02 6.6527e-02 6.3134e-02 7.2674e-02 6.9560e-02 -1.0402e-01 -7.2674e-02 6.9560e-02 3.9778e-02 6.9560e-02 -2.3573e-02 7.2341e-02 -5.3904e-02 -5.3904e-02 -2.7318e-02 6.8865e-02 7.2341e-02 -5.4590e-02 -7.2674e-02 -5.4590e-02 -5.4590e-02 7.0254e-02 -5.5277e-02 -7.2674e-02 -5.4590e-02 6.8002e-02 -6.7209e-02 -6.7209e-02 6.4523e-02 -1.5377e-02 1.8844e-02 7.5592e-02 6.6527e-02 6.6527e-02 5.6155e-02 6.6527e-02 5.6155e-02 -1.5377e-02 4.8903e-02 6.5162e-02 1.3167e-02 5.4711e-02 -8.4052e-02 5.4735e-02 -8.7893e-02 -9.4804e-02 -8.7122e-02 -8.7122e-02 -5.1776e-02 8.4805e-03 4.9652e-02 -9.4139e-02 5.0318e-03 5.0318e-03 5.0995e-02 -5.2481e-02 -5.2481e-02 5.0995e-02 -8.2883e-02 5.0995e-02 -4.9652e-02 -3.9198e-02 -3.9198e-02 7.2053e-02 8.1913e-02 7.6914e-02 4.7719e-02 -3.0488e-03 8.6378e-02 8.6378e-02 -5.4874e-02 8.6378e-02 4.7031e-02 1.1498e-01 1.1862e-01 1.0994e-01 1.0419e-01 7.5364e-02 -4.5859e-02 9.2251e-02 6.3927e-02 6.8744e-02 6.8744e-02 6.4882e-02 -2.3405e-02 3.9151e-02 1.1526e-03 1.1526e-03 2.1620e-01 -7.6880e-02 -7.7563e-02 -7.7563e-02 -7.7563e-02 -7.6880e-02 6.3722e-02 6.3722e-02 6.3722e-02 6.3722e-02 2.3713e-02 2.4551e-02 1.0921e-02 1.9579e-01 6.1666e-02 6.1666e-02 -4.4922e-02 -1.6232e-02 -1.6232e-02 -1.6232e-02 3.1005e-02 -1.6929e-02 -1.6929e-02 -3.8385e-03 -1.1780e-02 -1.1082e-02 -1.1780e-02 -1.2744e-02 -1.6650e-02 -1.4566e-02 -1.3870e-02 3.7843e-02 -1.5261e-02 4.1436e-02 8.9509e-03 -2.4562e-02 -4.1436e-02 -4.3489e-02
9.8963e-01 9.6858e-01 2.5817e-01 9.6328e-01 9.8963e-01 9.8976e-01 9.8963e-01 1.0000e+00 1.0000e+00 9.9481e-01 1.0000e+00 1.0000e+00 1.0000e+00 9.2684e-01 -1.9093e-02 -2.2038e-02 -2.0689e-02 -1.0607e-02 2.1890e-02 6.5759e-02 5.0227e-02 9.4724e-02 4.8853e-02 9.7379e-02 9.6051e-02 6.1762e-02 -6.1646e-02 6.7209e-02 6.8002e-02 3.3330e-02 3.3330e-02 9.4060e-02 6.5845e-02 6.5845e-02 6.5845e-02 -8.2117e-03 6.5845e-02 9.7379e-02 6.3828e-02 9.7379e-02 6.6527e-02 6.3134e-02 7.2674e-02 6.9560e-02 -1.0402e-01 -7.2674e-02 6.9560e-02 3.9778e-02 6.9560e-02 -2.3573e-02 7.2341e-02 -5.3904e-02 -5.3904e-02 -2.7318e-02 6.8865e-02 7.2341e-02 -5.4590e-02 -7.2674e-02 -5.4590e-02 -5.4590e-02 7.0254e-02 -5.5277e-02 -7.2674e-02 -5.4590e-02 6.8002e-02 -6.7209e-02 -6.7209e-02 6.4523e-02 -1.5377e-02 1.8844e-02 7.5592e-02 6.6527e-02 6.6527e-02 5.6155e-02 6.6527e-02 5.6155e-02 -1.5377e-02 4.8903e-02 6.5162e-02 1.3167e-02 5.4711e-02 -8.4052e-02 5.4735e-02 -8.7893e-02 -9.4804e-02 -8.7122e-02 -8.7122e-02 -5.1776e-02 8.4805e-03 4.9652e-02 -9.4139e-02 5.0318e-03 5.0318e-03 5.0995e-02 -5.2481e-02 -5.2481e-02 5.0995e-02 -8.2883e-02 5.0995e-02 -4.9652e-02 -3.9198e-02 -3.9198e-02 7.2053e-02 8.1913e-02 7.6914e-02 4.7719e-02 -3.0488e-03 8.6378e-02 8.6378e-02 -5.4874e-02 8.6378e-02 4.7031e-02 1.1498e-01 1.1862e-01 1.0994e-01 1.0419e-01 7.5364e-02 -4.5859e-02 9.2251e-02 6.3927e-02 6.8744e-02 6.8744e-02 6.4882e-02 -2.3405e-02 3.9151e-02 1.1526e-03 1.1526e-03 2.1620e-01 -7.6880e-02 -7.7563e-02 -7.7563e-02 -7.7563e-02 -7.6880e-02 6.3722e-02 6.3722e-02 6.3722e-02 6.3722e-02 2.3713e-02 2.4551e-02 1.0921e-02 1.9579e-01 6.1666e-02 6.1666e-02 -4.4922e-02 -1.6232e-02 -1.6232e-02 -1.6232e-02 3.1005e-02 -1.6929e-02 -1.6929e-02 -3.8385e-03 -1.1780e-02 -1.1082e-02 -1.1780e-02 -1.2744e-02 -1.6650e-02 -1.4566e-02 -1.3870e-02 3.7843e-02 -1.5261e-02 4.1436e-02 8.9509e-03 -2.4562e-02 -4.1436e-02 -4.3489e-02
9.8963e-01 9.6858e-01 2.5817e-01 9.6328e-01 9.8963e-01 9.8976e-01 9.8963e-01 1.0000e+00 1.0000e+00 9.9481e-01 1.0000e+00 1.0000e+00 1.0000e+00 9.2684e-01 -1.9093e-02 -2.2038e-02 -2.0689e-02 -1.0607e-02 2.1890e-02 6.5759e-02 5.0227e-02 9.4724e-02 4.8853e-02 9.7379e-02 9.6051e-02 6.1762e-02 -6.1646e-02 6.7209e-02 6.8002e-02 3.3330e-02 3.3330e-02 9.4060e-02 6.5845e-02 6.5845e-02 6.5845e-02 -8.2117e-03 6.5845e-02 9.7379e-02 6.3828e-02 9.7379e-02 6.6527e-02 6.3134e-02 7.2674e-02 6.9560e-02 -1.0402e-01 -7.2674e-02 6.9560e-02 3.9778e-02 6.9560e-02 -2.3573e-02 7.2341e-02 -5.3904e-02 -5.3904e-02 -2.7318e-02 6.8865e-02 7.2341e-02 -5.4590e-02 -7.2674e-02 -5.4590e-02 -5.4590e-02 7.0254e-02 -5.5277e-02 -7.2674e-02 -5.4590e-02 6.8002e-02 -6.7209e-02 -6.7209e-02 6.4523e-02 -1.5377e-02 1.8844e-02 7.5592e-02 6.6527e-02 6.6527e-02 5.6155e-02 6.6527e-02 5.6155e-02 -1.5377e-02 4.8903e-02 6.5162e-02 1.3167e-02 5.4711e-02 -8.4052e-02 5.4735e-02 -8.7893e-02 -9.4804e-02 -8.7122e-02 -8.7122e-02 -5.1776e-02 8.4805e-03 4.9652e-02 -9.4139e-02 5.0318e-03 5.0318e-03 5.0995e-02 -5.2481e-02 -5.2481e-02 5.0995e-02 -8.2883e-02 5.0995e-02 -4.9652e-02 -3.9198e-02 -3.9198e-02 7.2053e-02 8.1913e-02 7.6914e-02 4.7719e-02 -3.0488e-03 8.6378e-02 8.6378e-02 -5.4874e-02 8.6378e-02 4.7031e-02 1.1498e-01 1.1862e-01 1.0994e-01 1.0419e-01 7.5364e-02 -4.5859e-02 9.2251e-02 6.3927e-02 6.8744e-02 6.8744e-02 6.4882e-02 -2.3405e-02 3.9151e-02 1.1526e-03 1.1526e-03 2.1620e-01 -7.6880e-02 -7.7563e-02 -7.7563e-02 -7.7563e-02 -7.6880e-02 6.3722e-02 6.3722e-02 6.3722e-02 6.3722e-02 2.3713e-02 2.4551e-02 1.0921e-02 1.9579e-01 6.1666e-02 6.1666e-02 -4.4922e-02 -1.6232e-02 -1.6232e-02 -1.6232e-02 3.1005e-02 -1.6929e-02 -1.6929e-02 -3.8385e-03 -1.1780e-02 -1.1082e-02 -1.1780e-02 -1.2744e-02 -1.6650e-02 -1.4566e-02 -1.3870e-02 3.7843e-02 -1.5261e-02 4.1436e-02 8.9509e-03 -2.4562e-02 -4.1436e-02 -4.3489e-02
9.2684e-01 9.0435e-01 2.6088e-01 9.0935e-01 9.2684e-01 9.2759e-01 9.2684e-01 9.2684e-01 9.2684e-01 9.3175e-01 9.2684e-01 9.2684e-01 9.2684e-01 1.0000e+00 1.0779e-02 1.3324e-03 -3.8967e-04 -4.0734e-02 4.6848e-03 6.7904e-02 2.4877e-02 9.6930e-02 2.3514e-02 9.4321e-02 9.8241e-02 6.4552e-02 -5.9477e-02 7.0075e-02 4.2324e-02 8.1816e-03 8.1816e-03 9.6275e-02 6.8730e-02 6.8730e-02 6.8730e-02 -4.2060e-02 6.8730e-02 9.4321e-02 3.8206e-02 9.4321e-02 6.9403e-02 3.7521e-02 7.5615e-02 4.4000e-02 -1.0103e-01 -7.5615e-02 4.4000e-02 1.4683e-02 4.4000e-02 1.4334e-03 4.6745e-02 -2.8630e-02 -2.8630e-02 -2.3616e-03 4.3315e-02 4.6745e-02 -2.9311e-02 -7.5615e-02 -2.9311e-02 -2.9311e-02 4.4686e-02 -2.9992e-02 -7.5615e-02 -2.9311e-02 4.2324e-02 -7.0075e-02 -7.0075e-02 3.8892e-02 -2.4205e-03 -7.1492e-03 4.8064e-02 6.9403e-02 6.9403e-02 9.2946e-02 6.9403e-02 9.2946e-02 -2.4205e-03 9.4014e-02 6.8057e-02 -1.5013e-02 2.8468e-02 -8.2929e-02 3.6612e-02 -8.6728e-02 -7.7069e-02 -8.5966e-02 -8.5966e-02 -7.1026e-02 -1.0571e-02 4.1683e-02 -7.6404e-02 -6.6228e-03 -6.6228e-03 4.2981e-02 -7.1728e-02 -7.1728e-02 4.2981e-02 -9.7199e-02 4.2981e-02 -4.1683e-02 -5.8128e-02 -5.8128e-02 7.0415e-02 8.0030e-02 6.3809e-02 4.6480e-02 -1.0495e-02 8.4579e-02 8.4579e-02 -6.4680e-02 8.4579e-02 3.9433e-02 9.5538e-02 9.9107e-02 9.7088e-02 9.1280e-02 7.3280e-02 -5.1332e-02 8.8697e-02 5.9886e-02 6.4623e-02 6.4623e-02 6.0826e-02 -1.7045e-02 4.1286e-02 1.7773e-03 1.7773e-03 2.1873e-01 -8.7765e-02 -8.8428e-02 -8.8428e-02 -8.8428e-02 -8.7765e-02 5.7218e-02 5.7218e-02 5.7218e-02 5.7218e-02 2.0835e-02 2.1670e-02 7.4170e-03 1.9821e-01 6.3121e-02 6.3121e-02 -5.6509e-02 -3.7458e-02 -3.7458e-02 -3.7458e-02 5.1265e-03 -3.8138e-02 -3.8138e-02 -1.8341e-02 -3.2904e-02 -3.2222e-02 -3.2904e-02 -2.7435e-02 -3.7669e-02 -3.5629e-02 -3.4948e-02 1.2268e-02 -3.6309e-02 6.1982e-02 -2.1280e-03 7.1017e-04 -6.1982e-02 -6.4001e-02
-1.2243e-02 -1.4567e-02 6.2273e-02 -9.9153e-03 -1.2243e-02 -1.4509e-02 -1.2243e-02 -1.9093e-02 -1.9093e-02 -1.4536e-02 -1.9093e-02 -1.9093e-02 -1.9093e-02 1.0779e-02 1.0000e+00 9.7072e-01 7.9099e-01 -6.4808e-01 -4.6959e-01 1.6294e-01 -9.5081e-02 5.2661e-03 -9.2323e-02 -2.4464e-02 2.4323e-03 8.2951e-02 2.6972e-01 8.6011e-02 -1.3513e-01 -4.8237e-02 -4.8237e-02 6.6849e-03 8.9082e-02 8.9082e-02 8.9082e-02 -3.7090e-01 8.9082e-02 -2.4464e-02 -1.2676e-01 -2.4464e-02 8.7545e-02 -1.2537e-01 8.4572e-02 -1.2961e-01 2.7746e-02 -8.4572e-02 -1.2961e-01 -5.2495e-02 -1.2961e-01 2.3906e-02 -1.3518e-01 9.8053e-02 9.8053e-02 2.6928e-02 -1.3246e-01 -1.3518e-01 9.5188e-02 -8.4572e-02 9.5188e-02 9.5188e-02 -1.2676e-01 9.2323e-02 -8.4572e-02 9.5188e-02 -1.2664e-01 -9.0514e-02 -9.0514e-02 -1.2391e-01 1.9847e-01 -1.3525e-01 -2.5638e-01 8.7545e-02 8.7545e-02 2.7905e-01 8.7545e-02 2.7905e-01 1.9847e-01 2.8329e-01 9.0622e-02 -2.5977e-01 -1.7320e-01 3.9797e-01 1.8788e-01 3.9310e-01 1.2993e-01 3.8701e-01 3.8701e-01 2.6996e-01 2.8606e-01 1.8195e-01 1.2857e-01 2.8498e-01 2.8498e-01 1.8046e-01 2.6715e-01 2.6715e-01 1.8046e-01 1.5913e-01 1.8046e-01 -1.7502e-01 2.4685e-01 2.4685e-01 -3.4756e-01 -2.8422e-01 -4.0505e-01 -1.9290e-01 -2.1655e-01 -2.7906e-01 -2.7906e-01 3.7562e-02 -2.7906e-01 -1.6432e-01 -1.4338e-01 -1.4198e-01 -1.4193e-01 -1.4336e-01 -2.3559e-01 2.0829e-01 -1.5119e-02 -2.8688e-03 -1.1430e-02 -1.1430e-02 -4.5690e-03 -1.0198e-01 -1.7973e-02 4.3563e-02 4.3563e-02 -7.0624e-02 4.0267e-02 3.7064e-02 3.7064e-02 3.7064e-02 4.0267e-02 -2.9025e-02 -2.9025e-02 -2.9025e-02 -2.9025e-02 1.5700e-01 1.6035e-01 1.2856e-01 -3.6907e-02 1.2562e-02 1.2562e-02 -6.7807e-02 3.4798e-02 3.4798e-02 3.4798e-02 8.2567e-02 3.6193e-02 3.6193e-02 3.1871e-02 3.4662e-02 3.7588e-02 3.4662e-02 4.5138e-02 3.1480e-02 4.0233e-02 3.8842e-02 8.6205e-02 3.3003e-02 -1.2987e-02 6.9018e-02 -6.2599e-02 3.4307e-02 3.4193e-02
-2.2038e-02 -1.7146e-02 6.0450e-02 -1.9433e-02 -2.2038e-02 -1.7560e-02 -2.2038e-02 -2.2038e-02 -2.2038e-02 -2.4306e-02 -2.2038e-02 -2.2038e-02 -2.2038e-02 1.3324e-03 9.7072e-01 1.0000e+00 7.7199e-01 -6.5749e-01 -4.3066e-01 1.5781e-01 -8.5996e-02 2.7727e-02 -8.3318e-02 -8.1069e-03 2.4956e-02 1.0358e-01 2.6110e-01 1.0658e-01 -1.2452e-01 -4.0499e-02 -4.0499e-02 2.9114e-02 1.0960e-01 1.0960e-01 1.0960e-01 -3.8314e-01 1.0960e-01 -8.1069e-03 -1.1640e-01 -8.1069e-03 1.0809e-01 -1.1505e-01 1.0504e-01 -1.1934e-01 1.1467e-02 -1.0504e-01 -1.1934e-01 -4.4804e-02 -1.1934e-01 1.3350e-02 -1.2475e-01 8.4931e-02 8.4931e-02 3.5805e-03 -1.2228e-01 -1.2475e-01 8.1980e-02 -1.0504e-01 8.1980e-02 8.1980e-02 -1.1640e-01 8.3318e-02 -1.0504e-01 8.1980e-02 -1.1594e-01 -1.1113e-01 -1.1113e-01 -1.0917e-01 2.1330e-01 -1.2498e-01 -2.4593e-01 1.0809e-01 1.0809e-01 2.9069e-01 1.0809e-01 2.9069e-01 2.1330e-01 2.8956e-01 1.1111e-01 -2.4904e-01 -1.6576e-01 3.8776e-01 1.8709e-01 3.8250e-01 1.0845e-01 3.7641e-01 3.7641e-01 2.6328e-01 2.9861e-01 1.7440e-01 1.0713e-01 2.9286e-01 2.9286e-01 1.7294e-01 2.6038e-01 2.6038e-01 1.7294e-01 1.5275e-01 1.7294e-01 -1.7440e-01 2.3827e-01 2.3827e-01 -3.3489e-01 -2.6474e-01 -3.9125e-01 -1.7690e-01 -2.2933e-01 -2.5975e-01 -2.5975e-01 2.3254e-02 -2.5975e-01 -1.4487e-01 -1.2628e-01 -1.2457e-01 -1.2525e-01 -1.2662e-01 -2.1487e-01 2.0246e-01 -3.0195e-02 -1.7341e-02 -2.5779e-02 -2.5779e-02 -1.9016e-02 -8.8406e-02 -1.7699e-02 6.4149e-02 6.4149e-02 -7.4574e-02 3.2590e-02 2.9299e-02 2.9299e-02 2.9299e-02 3.2590e-02 -2.7558e-02 -2.7558e-02 -2.7558e-02 -2.7558e-02 1.2212e-01 1.2566e-01 9.9958e-02 -4.0733e-02 8.6289e-03 8.6289e-03 -7.2285e-02 3.8523e-02 3.8523e-02 3.8523e-02 9.5123e-02 3.9875e-02 3.9875e-02 3.1138e-02 3.8212e-02 4.1227e-02 3.8212e-02 4.9264e-02 3.4594e-02 4.3613e-02 4.2264e-02 9.7796e-02 3.6247e-02 -1.3868e-02 7.0798e-02 -7.1857e-02 3.5418e-02 3.5135e-02
-1.4209e-02 -1.2693e-02 5.5720e-02 -8.9979e-03 -1.4209e-02 -1.4952e-02 -1.4209e-02 -2.0689e-02 -2.0689e-02 -1.7088e-02 -2.0689e-02 -2.0689e-02 -2.0689e-02 -3.8967e-04 7.9099e-01 7.7199e-01 1.0000e+00 -5.1399e-01 -4.9339e-01 2.0772e-01 7.1298e-02 8.9577e-02 7.4783e-02 -1.3869e-01 8.5940e-02 -5.7937e-02 3.2773e-01 -5.4332e-02 3.4535e-02 -1.0270e-01 -1.0270e-01 9.1399e-02 -5.0717e-02 -5.0717e-02 -5.0717e-02 -3.0149e-01 -5.0717e-02 -1.3869e-01 3.2914e-02 -1.3869e-01 -5.2526e-02 3.4651e-02 -5.4983e-02 3.0637e-02 1.4144e-01 5.4983e-02 3.0637e-02 -1.0673e-01 3.0637e-02 6.9828e-02 3.5731e-02 -7.0243e-02 -7.0243e-02 7.1002e-02 2.8361e-02 3.5731e-02 -7.2513e-02 5.4983e-02 -7.2513e-02 -7.2513e-02 3.2914e-02 -7.4783e-02 5.4983e-02 -7.2513e-02 4.2568e-02 5.0073e-02 5.0073e-02 3.5191e-02 2.3813e-01 -2.0394e-01 -1.0421e-01 -5.2526e-02 -5.2526e-02 1.9801e-01 -5.2526e-02 1.9801e-01 2.3813e-01 2.0134e-01 -4.8905e-02 -1.3409e-01 -2.4641e-01 2.7896e-01 5.3182e-02 2.8048e-01 6.7599e-02 2.7850e-01 2.7850e-01 3.2809e-01 2.3240e-01 7.5495e-02 6.5853e-02 2.4276e-01 2.4276e-01 7.2960e-02 3.2587e-01 3.2587e-01 7.2960e-02 2.8291e-01 7.2960e-02 -6.8935e-02 3.1090e-01 3.1090e-01 -2.4647e-01 -1.9492e-01 -2.8590e-01 -2.7435e-01 -1.4803e-01 -1.8883e-01 -1.8883e-01 1.3410e-01 -1.8883e-01 -2.5453e-01 -1.3872e-01 -1.3958e-01 -1.3431e-01 -1.3205e-01 -1.5254e-01 2.7163e-01 3.8966e-02 4.0823e-02 3.5401e-02 3.5401e-02 3.8762e-02 2.4089e-03 -1.1105e-01 -2.1176e-03 -2.1176e-03 -1.1306e-01 1.5040e-02 1.2510e-02 1.2510e-02 1.2510e-02 1.5040e-02 -8.0415e-03 -8.0415e-03 -8.0415e-03 -8.0415e-03 1.3888e-01 1.4152e-01 1.1006e-01 -5.7913e-02 2.9485e-02 2.9485e-02 1.0045e-03 -1.0116e-02 -1.0116e-02 -1.0116e-02 2.6623e-02 -8.3398e-03 -8.3398e-03 -1.6517e-02 -8.8775e-03 -6.5652e-03 -8.8775e-03 -2.6238e-03 -1.2791e-02 -5.8715e-03 -7.6422e-03 2.1798e-02 -1.2257e-02 2.6366e-02 1.1755e-02 3.9200e-04 -1.4266e-02 -1.7078e-02
-1.0607e-02 -2.1221e-02 -4.3063e-02 -1.9735e-02 -1.0607e-02 -1.3586e-02 -1.0607e-02 -1.0607e-02 -1.0607e-02 -9.0995e-03 -1.0607e-02 -1.0607e-02 -1.0607e-02 -4.0734e-02 -6.4808e-01 -6.5749e-01 -5.1399e-01 1.0000e+00 7.5943e-01 -1.1897e-01 4.4002e-01 3.7109e-01 4.3815e-01 2.8111e-01 3.7272e-01 3.2981e-01 -1.9176e-01 3.2828e-01 4.6883e-01 4.0905e-01 4.0905e-01 3.7027e-01 3.2674e-01 3.2674e-01 3.2674e-01 5.7784e-01 3.2674e-01 2.8111e-01 4.6285e-01 2.8111e-01 3.2751e-01 4.6186e-01 3.2674e-01 4.6186e-01 -2.8036e-01 -3.2674e-01 4.6186e-01 4.0905e-01 4.6186e-01 -3.9076e-01 4.6583e-01 -4.4138e-01 -4.4138e-01 -3.8739e-01 4.6088e-01 4.6583e-01 -4.3722e-01 -3.2674e-01 -4.3722e-01 -4.3722e-01 4.5776e-01 -4.3306e-01 -3.2674e-01 -4.3722e-01 4.5354e-01 -3.1747e-01 -3.1747e-01 4.5366e-01 -1.3987e-01 4.5776e-01 5.4552e-01 3.1669e-01 3.1669e-01 -2.0447e-01 3.1669e-01 -2.0447e-01 -1.3987e-01 -2.0366e-01 3.1514e-01 5.4656e-01 4.8132e-01 -5.1306e-01 -1.3491e-01 -4.9836e-01 -3.1699e-01 -4.9176e-01 -4.9176e-01 -4.0470e-01 -1.8649e-01 -1.2258e-01 -3.1615e-01 -1.8220e-01 -1.8220e-01 -1.2152e-01 -4.0064e-01 -4.0064e-01 -1.2152e-01 -3.2970e-01 -1.2152e-01 1.1425e-01 -3.6280e-01 -3.6280e-01 4.4315e-01 3.5717e-01 2.2444e-01 2.9189e-01 -1.5712e-01 3.5319e-01 3.5319e-01 -2.4602e-01 3.5319e-01 2.6551e-01 2.5310e-01 2.4798e-01 2.3570e-01 2.3671e-01 2.6450e-01 -1.3646e-01 -1.5343e-01 -1.4961e-01 -1.4501e-01 -1.4501e-01 -1.4869e-01 1.8514e-01 5.1847e-02 -4.5698e-02 -4.5698e-02 -5.5032e-02 -3.3361e-02 -2.8754e-02 -2.8754e-02 -2.8754e-02 -3.3361e-02 3.7663e-02 3.7663e-02 3.7663e-02 3.7663e-02 -3.4445e-02 -3.3141e-02 -3.2827e-02 -5.9174e-02 -1.6827e-02 -1.6827e-02 8.9132e-02 -1.6026e-02 -1.6026e-02 -1.6026e-02 -5.7577e-02 -1.6994e-02 -1.6994e-02 -2.2181e-02 -1.8929e-02 -1.7962e-02 -1.8929e-02 -2.1575e-02 -2.5677e-02 -2.2789e-02 -2.1825e-02 -6.4577e-02 -2.3752e-02 2.9324e-02 -7.8817e-02 7.0587e-02 -4.9792e-02 -5.2644e-02
1.4787e-02 8.8601e-03 -3.1945e-02 3.7207e-03 1.4787e-02 2.4727e-02 1.4787e-02 2.1890e-02 2.1890e-02 1.6889e-02 2.1890e-02 2.1890e-02 2.1890e-02 4.6848e-03 -4.6959e-01 -4.3066e-01 -4.9339e-01 7.5943e-01 1.0000e+00 -1.5665e-01 3.6448e-01 4.9121e-01 3.6199e-01 3.6778e-01 4.9336e-01 4.2985e-01 -2.4332e-01 4.3249e-01 2.6802e-01 1.9923e-01 1.9923e-01 4.9015e-01 4.3047e-01 4.3047e-01 4.3047e-01 4.4299e-01 4.3047e-01 3.6778e-01 2.7353e-01 3.6778e-01 4.3148e-01 2.7226e-01 4.3047e-01 2.7226e-01 -3.6680e-01 -4.3047e-01 2.7226e-01 1.9923e-01 2.7226e-01 -2.9236e-01 2.6417e-01 -3.6392e-01 -3.6392e-01 -3.0547e-01 2.7098e-01 2.6417e-01 -3.6075e-01 -4.3047e-01 -3.6075e-01 -3.6075e-01 2.6913e-01 -3.5759e-01 -4.3047e-01 -3.6075e-01 2.5482e-01 -4.2315e-01 -4.2315e-01 2.6601e-01 -1.6219e-01 3.8356e-01 3.6706e-01 4.2214e-01 4.2214e-01 1.7933e-02 4.2214e-01 1.7933e-02 -1.6219e-01 1.3936e-02 4.2010e-01 3.8352e-01 2.9444e-01 -3.4689e-01 1.4713e-01 -3.3615e-01 -4.2126e-01 -3.3464e-01 -3.3464e-01 -2.2585e-01 1.1338e-01 1.2184e-01 -4.2014e-01 1.0087e-01 1.0087e-01 1.2443e-01 -2.2274e-01 -2.2274e-01 1.2443e-01 -3.0159e-01 1.2443e-01 -1.2904e-01 -2.0987e-01 -2.0987e-01 3.0683e-01 2.4576e-01 1.0507e-01 1.6879e-01 -2.0402e-01 2.4110e-01 2.4110e-01 -3.1165e-01 2.4110e-01 1.6081e-01 3.0604e-01 2.9948e-01 2.8781e-01 2.8472e-01 1.6941e-01 -1.8448e-01 -1.8568e-01 -1.7213e-01 -1.7130e-01 -1.7130e-01 -1.7089e-01 1.5079e-01 9.3364e-03 9.8897e-03 9.8897e-03 -1.4052e-02 -1.0534e-02 -7.0508e-03 -7.0508e-03 -7.0508e-03 -1.0534e-02 1.2494e-02 1.2494e-02 1.2494e-02 1.2494e-02 -3.9950e-02 -3.8245e-02 -2.6693e-02 -4.1629e-02 -3.0947e-02 -3.0947e-02 9.5829e-02 -1.7687e-02 -1.7687e-02 -1.7687e-02 -3.1391e-02 -1.8963e-02 -1.8963e-02 -3.2410e-02 -2.1512e-02 -2.0238e-02 -2.1512e-02 -2.0278e-02 -2.5941e-02 -2.2129e-02 -2.0856e-02 -2.7648e-02 -2.3400e-02 3.5876e-02 -6.5410e-02 3.6019e-02 -5.7985e-02 -6.1746e-02
6.5759e-02 4.2078e-02 -2.2146e-02 4.3070e-02 6.5759e-02 6.3655e-02 6.5759e-02 6.5759e-02 6.5759e-02 6.6826e-02 6.5759e-02 6.5759e-02 6.5759e-02 6.7904e-02 1.6294e-01 1.5781e-01 2.0772e-01 -1.1897e-01 -1.5665e-01 1.0000e+00 2.4200e-01 1.9888e-01 2.4104e-01 1.4754e-01 1.9971e-01 1.7516e-01 -1.0232e-01 1.7438e-01 2.5945e-01 2.2613e-01 2.2613e-01 1.9846e-01 1.7360e-01 1.7360e-01 1.7360e-01 -5.7521e-02 1.7360e-01 1.4754e-01 2.5636e-01 1.4754e-01 1.7399e-01 2.5585e-01 1.7360e-01 2.5585e-01 -1.4716e-01 -1.7360e-01 2.5585e-01 2.2613e-01 2.5585e-01 -2.1155e-01 2.5790e-01 -2.4008e-01 -2.4008e-01 -2.0983e-01 2.5535e-01 2.5790e-01 -2.4056e-01 -1.7360e-01 -2.4056e-01 -2.4056e-01 2.5636e-01 -2.4104e-01 -1.7360e-01 -2.4056e-01 2.5945e-01 -1.7438e-01 -1.7438e-01 2.5688e-01 1.2147e-01 1.3688e-01 1.9011e-01 1.7399e-01 1.7399e-01 3.4582e-02 1.7399e-01 3.4582e-02 1.2147e-01 3.5285e-02 1.7321e-01 2.0190e-01 1.5381e-01 -1.4034e-01 -4.5062e-02 -1.1666e-01 -1.1609e-01 -1.1608e-01 -1.1608e-01 -7.0623e-02 1.0528e-03 -4.2594e-02 -1.1563e-01 3.9616e-03 3.9616e-03 -4.1967e-02 -7.1134e-02 -7.1134e-02 -4.1967e-02 -4.4835e-02 -4.1967e-02 4.2594e-02 -8.5149e-02 -8.5149e-02 1.3042e-01 1.4369e-01 1.2160e-01 1.0636e-01 -1.4907e-02 1.4175e-01 1.4175e-01 -8.0143e-02 1.4175e-01 9.5859e-02 1.0000e-01 9.4007e-02 9.6371e-02 9.6888e-02 1.4038e-01 -8.7573e-02 -2.9876e-02 -1.0731e-01 -1.0522e-01 -1.0522e-01 -1.0690e-01 3.9699e-02 -3.4316e-03 1.5766e-01 1.5766e-01 -2.8301e-02 -1.4608e-02 -1.5137e-02 -1.5137e-02 -1.5137e-02 -1.4608e-02 1.8045e-01 1.8045e-01 1.8045e-01 1.8045e-01 -3.6767e-03 -3.0357e-03 1.6722e-02 -3.0431e-02 5.3374e-02 5.3374e-02 5.3920e-02 -2.0435e-02 -2.0435e-02 -2.0435e-02 -1.7238e-02 -2.0927e-02 -2.0927e-02 -3.5426e-03 -2.1913e-02 -2.1420e-02 -2.1913e-02 -2.6679e-02 -2.5351e-02 -2.3879e-02 -2.3388e-02 -9.0210e-03 -2.4370e-02 3.4318e-02 -3.2624e-02 1.9236e-02 -5.1468e-02 -5.2920e-02
5.6651e-02 4.4825e-02 2.0430e-02 4.8368e-02 5.6651e-02 4.9685e-02 5.6651e-02 5.0227e-02 5.0227e-02 5.3729e-02 5.0227e-02 5.0227e-02 5.0227e-02 2.4877e-02 -9.5081e-02 -8.5996e-02 7.1298e-02 4.4002e-01 3.6448e-01 2.4200e-01 1.0000e+00 8.2182e-01 9.9603e-01 6.0968e-01 8.2525e-01 7.1960e-01 -4.1720e-01 7.2059e-01 9.3275e-01 8.1063e-01 8.1063e-01 8.2011e-01 7.1736e-01 7.1736e-01 7.1736e-01 2.8952e-01 7.1736e-01 6.0968e-01 9.3600e-01 6.0968e-01 7.1897e-01 9.3390e-01 7.1736e-01 9.3390e-01 -6.0811e-01 -7.1736e-01 9.3390e-01 8.1063e-01 9.3390e-01 -8.7419e-01 9.2640e-01 -9.9207e-01 -9.9207e-01 -8.6709e-01 9.3181e-01 9.2640e-01 -9.9007e-01 -7.1736e-01 -9.9007e-01 -9.9007e-01 9.3202e-01 -9.9205e-01 -7.1736e-01 -9.9007e-01 9.2080e-01 -7.1214e-01 -7.1214e-01 9.2616e-01 2.9265e-01 6.7732e-01 7.5724e-01 7.1052e-01 7.1052e-01 -1.0487e-02 7.1052e-01 -1.0487e-02 2.9265e-01 -7.8963e-03 7.0729e-01 7.3681e-01 6.1188e-01 -5.1838e-01 3.3960e-02 -4.9736e-01 -7.4174e-01 -4.9494e-01 -4.9494e-01 -3.0660e-01 2.9289e-01 2.8304e-02 -7.3997e-01 2.8823e-01 2.8823e-01 3.1762e-02 -3.0471e-01 -3.0471e-01 3.1762e-02 -3.2152e-01 3.1762e-02 -2.8304e-02 -2.4573e-01 -2.4573e-01 4.4507e-01 3.9999e-01 2.0046e-01 2.5366e-01 -2.7436e-01 3.9671e-01 3.9671e-01 -4.9526e-01 3.9671e-01 2.7291e-01 4.2167e-01 4.1241e-01 3.9865e-01 4.0078e-01 3.3244e-01 -3.4966e-01 -2.3636e-01 -2.5228e-01 -2.4686e-01 -2.4686e-01 -2.5510e-01 1.3895e-01 -3.2947e-02 2.9600e-02 2.9600e-02 -9.9342e-02 1.5573e-01 1.5772e-01 1.5772e-01 1.5772e-01 1.5573e-01 2.9623e-02 2.9623e-02 2.9623e-02 2.9623e-02 6.4281e-02 6.6764e-02 3.3230e-02 -1.0934e-01 8.7217e-02 8.7217e-02 1.5277e-01 -7.6751e-02 -7.6751e-02 -7.6751e-02 -4.9002e-02 -7.4738e-02 -7.4738e-02 -7.4738e-02 -7.4768e-02 -7.2727e-02 -7.4768e-02 -7.8719e-02 -6.4783e-02 -6.6743e-02 -6.8747e-02 -3.3849e-02 -6.4742e-02 8.5694e-02 -6.1336e-02 5.1565e-02 -9.7689e-02 -9.5763e-02
