1.0000e+00 -1.6583e-01 2.5228e-01 -9.4759e-03 2.5662e-01 -1.0445e-02 8.4866e-03 2.7089e-01 8.4866e-03 8.4866e-03 2.7089e-01 -5.7026e-02 6.2319e-03 -3.8400e-02 -3.8400e-02 -3.8400e-02 -3.6461e-02 -5.9669e-03 -3.8400e-02 1.6607e-01 -3.5825e-02 1.7862e-01 -3.5825e-02 -3.3919e-02 -3.5825e-02 -3.3919e-02 -1.1749e-01 -1.1057e-01 -2.7519e-02 -3.5094e-02 -1.9841e-02 -2.2469e-02 -5.8953e-02 -7.4126e-02 -1.4016e-02 -2.3349e-02 -1.1181e-02 -1.8004e-02 6.0271e-03 6.0271e-03 1.1868e-02 1.5304e-02 2.6200e-02 -5.7026e-02 2.5401e-02 2.5401e-02 2.2199e-02 2.2199e-02 2.1398e-02 2.1398e-02 2.1398e-02 1.6029e-02 6.2340e-03 5.4270e-03 1.5632e-01 -1.8697e-02 -1.9553e-02 7.4803e-02 7.1763e-02 -4.5104e-03 8.6872e-02 8.6872e-02 -8.1419e-03 8.3734e-02 5.9499e-02 6.8812e-02 6.5041e-02 7.1763e-02 6.2649e-02 -6.1602e-03 -6.1602e-03 8.0686e-02 -9.7137e-03 -1.0649e-02 8.0686e-02 -5.0238e-02 -5.5832e-03 -1.5173e-02 -8.1419e-03 -3.3517e-02 7.1810e-02 3.8068e-04 -3.4173e-03 1.5643e-03 2.5782e-03 2.8346e-03 4.7107e-02 4.7107e-02 5.0662e-02 6.1862e-02 4.7107e-02 4.7107e-02 6.6790e-02 6.6790e-02 8.2579e-02 6.6790e-02
-1.6583e-01 1.0000e+00 -1.4428e-01 1.9222e-01 -9.7911e-02 1.9068e-01 2.0067e-01 -1.0740e-01 2.0067e-01 2.0067e-01 -1.0740e-01 -5.1307e-02 2.0263e-01 1.9770e-01 1.9770e-01 1.9770e-01 1.9447e-01 -4.3084e-02 1.9770e-01 -1.5574e-01 1.9549e-01 -1.5294e-01 1.9549e-01 1.9229e-01 1.9549e-01 1.9229e-01 2.2180e-01 2.1998e-01 -1.8871e-02 -1.9051e-02 -4.4473e-02 -4.7724e-02 -3.8091e-02 -3.8332e-02 -3.2897e-02 -4.8811e-02 -3.3769e-02 -1.0053e-02 3.8786e-02 3.8786e-02 3.8786e-02 3.5876e-02 2.9779e-02 -3.3222e-02 3.3934e-02 3.3934e-02 3.0043e-02 3.0043e-02 2.9069e-02 2.9069e-02 2.9069e-02 -1.8575e-02 3.1990e-02 4.1284e-02 -4.1762e-02 5.0456e-02 6.1422e-02 5.2330e-02 4.9123e-02 -7.5206e-02 4.9123e-02 4.9123e-02 -5.7060e-02 5.9083e-02 6.5743e-02 5.9083e-02 3.7005e-02 6.2365e-02 3.4479e-02 -3.9898e-02 -3.9898e-02 5.5892e-02 -5.2796e-02 -5.3990e-02 5.5892e-02 -5.7056e-03 -3.9887e-02 -1.3231e-03 -3.9888e-02 -1.0415e-02 6.6173e-02 -4.4895e-02 -1.5200e-02 -5.2275e-02 -2.3622e-02 4.9758e-02 -1.2912e-02 -1.2912e-02 -9.9981e-03 -1.5720e-02 -1.2912e-02 -1.2912e-02 -1.5137e-02 -1.5137e-02 -1.8167e-02 -1.5137e-02
2.5228e-01 -1.4428e-01 1.0000e+00 -8.9922e-02 8.8077e-01 -9.0649e-02 -1.5229e-01 8.8943e-01 -1.5229e-01 -1.5229e-01 8.8943e-01 3.9450e-01 -1.4925e-01 -1.4864e-01 -1.4864e-01 -1.4864e-01 -1.4742e-01 4.3303e-01 -1.4864e-01 6.7115e-01 -1.5651e-01 6.7075e-01 -1.5651e-01 -1.5531e-01 -1.5651e-01 -1.5531e-01 -1.4496e-01 -1.3725e-01 2.8112e-02 3.1694e-02 1.6449e-01 1.6259e-01 1.9397e-01 1.8128e-01 1.7774e-01 1.6196e-01 1.7080e-01 1.9941e-01 1.0369e-01 1.0369e-01 9.7376e-02 9.5291e-02 1.0092e-01 2.3843e-01 1.0022e-01 1.0022e-01 9.7450e-02 9.7450e-02 9.6756e-02 9.6756e-02 9.6756e-02 1.1761e-01 9.2509e-02 8.5485e-02 1.7800e-01 1.0367e-02 -3.9863e-02 1.1134e-01 1.0804e-01 -3.4182e-02 1.2437e-01 1.2437e-01 -4.4657e-02 1.2097e-01 9.4807e-02 8.8721e-02 1.1519e-01 9.1717e-02 1.1251e-01 -4.9024e-02 -4.9024e-02 1.0174e-01 -3.7255e-02 -3.0925e-02 1.0174e-01 -4.2166e-02 -8.1955e-03 -2.4623e-02 -2.3149e-03 4.4661e-02 5.5822e-02 -3.8779e-02 3.7757e-02 -2.9384e-02 3.3359e-02 -4.4236e-02 4.2330e-02 4.2330e-02 2.5138e-02 3.9268e-02 4.2330e-02 4.2330e-02 3.7765e-02 3.7765e-02 3.4364e-02 3.7765e-02
-9.4759e-03 1.9222e-01 -8.9922e-02 1.0000e+00 -1.7726e-01 9.9083e-01 8.7768e-01 -1.7178e-01 8.7768e-01 8.7768e-01 -1.7178e-01 -7.2051e-02 8.6154e-01 7.9304e-01 7.9304e-01 7.9304e-01 7.9936e-01 -7.9088e-02 7.9304e-01 -2.1242e-01 8.3035e-01 -2.0991e-01 8.3035e-01 8.3640e-01 8.3035e-01 8.3640e-01 7.8581e-01 7.8261e-01 -7.2750e-02 -7.2551e-02 -1.3494e-01 -1.3322e-01 -7.4924e-02 -6.9322e-02 -1.7828e-01 -1.3442e-01 -1.1783e-01 -7.0477e-02 1.7947e-02 1.7947e-02 7.9390e-03 4.8848e-03 3.8654e-03 -5.4372e-02 2.8453e-03 2.8453e-03 -1.2426e-03 -1.2426e-03 -2.2665e-03 -2.2665e-03 -2.2665e-03 -4.2176e-03 8.0284e-04 -5.2379e-03 -6.4314e-02 7.8281e-02 -3.1932e-02 -8.5744e-02 -8.7290e-02 2.7956e-02 -8.7290e-02 -8.7290e-02 2.9124e-02 -8.8813e-02 -8.5744e-02 -6.3245e-02 -8.3161e-02 -7.4346e-02 -8.4672e-02 5.1716e-02 5.1716e-02 -7.7685e-02 4.5366e-02 4.4262e-02 -7.7685e-02 -7.0597e-02 1.7934e-02 6.2040e-02 6.7414e-03 -1.2660e-02 -6.5458e-02 -2.1815e-02 -1.7510e-02 -2.3334e-02 -2.8714e-02 1.0415e-01 -8.0760e-02 -8.0760e-02 -7.9088e-02 -8.2401e-02 -8.0760e-02 -8.0760e-02 -7.2051e-02 -7.2051e-02 -7.3867e-02 -7.2051e-02
2.5662e-01 -9.7911e-02 8.8077e-01 -1.7726e-01 1.0000e+00 -1.7780e-01 -1.3863e-01 9.5864e-01 -1.3863e-01 -1.3863e-01 9.5864e-01 4.0648e-01 -1.3558e-01 -1.4339e-01 -1.4339e-01 -1.4339e-01 -1.4220e-01 4.4618e-01 -1.4339e-01 7.3011e-01 -1.5105e-01 7.2988e-01 -1.5105e-01 -1.4988e-01 -1.5105e-01 -1.4988e-01 -1.3980e-01 -1.3188e-01 3.8055e-02 4.1516e-02 1.2796e-01 1.2603e-01 1.5728e-01 1.4410e-01 1.4134e-01 1.2539e-01 1.3435e-01 1.6874e-01 7.7022e-02 7.7022e-02 7.7022e-02 7.4980e-02 8.0767e-02 2.4674e-01 8.0089e-02 8.0089e-02 7.7372e-02 7.7372e-02 7.6693e-02 7.6693e-02 7.6693e-02 7.9230e-02 7.2256e-02 7.1574e-02 1.8460e-01 1.4794e-02 -3.7654e-02 1.1769e-01 1.1436e-01 1.0947e-02 1.3107e-01 1.3107e-01 -6.6051e-03 1.2764e-01 1.0077e-01 9.4641e-02 1.2231e-01 9.7656e-02 1.1962e-01 -1.0619e-02 -1.0619e-02 1.0802e-01 2.4765e-03 9.0535e-03 1.0802e-01 -3.9922e-02 2.9833e-02 2.5948e-02 4.3953e-02 4.7309e-02 6.0652e-02 1.0343e-02 4.0354e-02 1.3064e-02 3.7771e-02 -2.5360e-02 4.6375e-02 4.6375e-02 2.8716e-02 4.3302e-02 4.6375e-02 4.6375e-02 4.1373e-02 4.1373e-02 3.7961e-02 4.1373e-02
-1.0445e-02 1.9068e-01 -9.0649e-02 9.9083e-01 -1.7780e-01 1.0000e+00 8.8780e-01 -1.7231e-01 8.8780e-01 8.8780e-01 -1.7231e-01 -7.2271e-02 8.7184e-01 8.0351e-01 8.0351e-01 8.0351e-01 8.0988e-01 -7.9330e-02 8.0351e-01 -2.1311e-01 8.4034e-01 -2.1059e-01 8.4034e-01 8.4644e-01 8.4034e-01 8.4644e-01 7.8329e-01 7.8008e-01 -8.0456e-02 -8.0221e-02 -1.4363e-01 -1.4195e-01 -8.2994e-02 -7.7314e-02 -1.8664e-01 -1.4317e-01 -1.2643e-01 -7.8316e-02 2.0000e-02 2.0000e-02 1.0010e-02 6.9487e-03 5.9269e-03 -5.4624e-02 4.9043e-03 4.9043e-03 8.0697e-04 8.0697e-04 -2.1926e-04 -2.1926e-04 -2.1926e-04 -1.3934e-03 2.8571e-03 -3.1769e-03 -6.4511e-02 7.7601e-02 -3.3245e-02 -8.6070e-02 -8.7620e-02 2.9398e-02 -8.7620e-02 -8.7620e-02 3.0548e-02 -8.9147e-02 -8.6070e-02 -6.3626e-02 -8.3580e-02 -7.4699e-02 -8.5094e-02 5.3081e-02 5.3081e-02 -7.8046e-02 4.6701e-02 4.5595e-02 -7.8046e-02 -7.0886e-02 1.3895e-02 5.7312e-02 2.6206e-03 -1.2843e-02 -6.5793e-02 -2.0427e-02 -1.7699e-02 -2.1966e-02 -2.9130e-02 1.1576e-01 -8.1007e-02 -8.1007e-02 -7.9330e-02 -8.2654e-02 -8.1007e-02 -8.1007e-02 -7.2271e-02 -7.2271e-02 -7.4094e-02 -7.2271e-02
8.4866e-03 2.0067e-01 -1.5229e-01 8.7768e-01 -1.3863e-01 8.8780e-01 1.0000e+00 -1.5851e-01 1.0000e+00 1.0000e+00 -1.5851e-01 -6.6485e-02 9.8304e-01 9.0421e-01 9.0421e-01 9.0421e-01 9.1083e-01 -7.2979e-02 9.0421e-01 -1.9515e-01 8.6361e-01 -1.9282e-01 8.6361e-01 8.6960e-01 8.6361e-01 8.6960e-01 7.9922e-01 7.9609e-01 -1.6993e-02 -1.7520e-02 -1.1880e-01 -1.1651e-01 -6.5621e-02 -6.1116e-02 -1.7308e-01 -1.1762e-01 -1.0238e-01 -1.1224e-01 -1.4993e-02 -1.4993e-02 -2.0252e-02 -2.3098e-02 -2.4049e-02 -4.7906e-02 -2.5000e-02 -2.5000e-02 -2.8813e-02 -2.8813e-02 -2.9768e-02 -2.9768e-02 -2.9768e-02 1.0405e-02 -2.6905e-02 -2.7858e-02 -5.9346e-02 9.6459e-02 -9.6693e-03 -7.7440e-02 -7.8888e-02 3.6931e-02 -7.8888e-02 -7.8888e-02 3.8779e-02 -8.0314e-02 -7.7440e-02 -5.3445e-02 -7.2412e-02 -6.5285e-02 -7.3846e-02 5.7390e-02 5.7390e-02 -6.8447e-02 5.2400e-02 5.1396e-02 -6.8447e-02 -7.8987e-02 3.1292e-02 9.3034e-02 2.7018e-02 -7.8773e-03 -5.6850e-02 -3.0111e-03 -1.2597e-02 -9.7101e-03 -1.7866e-02 1.1002e-01 -7.4522e-02 -7.4522e-02 -7.2979e-02 -5.9692e-02 -7.4522e-02 -7.4522e-02 -6.6485e-02 -6.6485e-02 -6.8161e-02 -6.6485e-02
2.7089e-01 -1.0740e-01 8.8943e-01 -1.7178e-01 9.5864e-01 -1.7231e-01 -1.5851e-01 1.0000e+00 -1.5851e-01 -1.5851e-01 1.0000e+00 4.1943e-01 -1.5582e-01 -1.5528e-01 -1.5528e-01 -1.5528e-01 -1.5420e-01 4.6040e-01 -1.5528e-01 7.6581e-01 -1.6225e-01 7.5653e-01 -1.6225e-01 -1.6119e-01 -1.6225e-01 -1.6119e-01 -1.5204e-01 -1.4385e-01 4.1921e-02 4.5268e-02 1.3896e-01 1.3713e-01 1.6599e-01 1.5205e-01 1.5168e-01 1.3652e-01 1.4502e-01 1.7656e-01 8.2226e-02 8.2226e-02 8.2226e-02 8.0255e-02 8.6228e-02 2.5571e-01 8.5573e-02 8.5573e-02 8.2952e-02 8.2952e-02 8.2297e-02 8.2297e-02 8.2297e-02 8.5168e-02 7.7626e-02 7.6968e-02 1.9171e-01 1.9452e-02 -2.7691e-02 1.2446e-01 1.2111e-01 -6.4453e-04 1.3823e-01 1.3823e-01 -1.8515e-02 1.3477e-01 1.0711e-01 1.0094e-01 1.2989e-01 1.0398e-01 1.2718e-01 -2.2479e-02 -2.2479e-02 1.1471e-01 -8.7268e-03 -1.9553e-03 1.1471e-01 -3.7606e-02 1.8534e-02 1.6143e-02 3.3307e-02 5.0132e-02 6.5777e-02 -1.2328e-04 4.3117e-02 2.8462e-03 4.2435e-02 -3.8229e-02 5.0662e-02 5.0662e-02 3.2497e-02 4.7576e-02 5.0662e-02 5.0662e-02 4.5198e-02 4.5198e-02 4.1771e-02 4.5198e-02
8.4866e-03 2.0067e-01 -1.5229e-01 8.7768e-01 -1.3863e-01 8.8780e-01 1.0000e+00 -1.5851e-01 1.0000e+00 1.0000e+00 -1.5851e-01 -6.6485e-02 9.8304e-01 9.0421e-01 9.0421e-01 9.0421e-01 9.1083e-01 -7.2979e-02 9.0421e-01 -1.9515e-01 8.6361e-01 -1.9282e-01 8.6361e-01 8.6960e-01 8.6361e-01 8.6960e-01 7.9922e-01 7.9609e-01 -1.6993e-02 -1.7520e-02 -1.1880e-01 -1.1651e-01 -6.5621e-02 -6.1116e-02 -1.7308e-01 -1.1762e-01 -1.0238e-01 -1.1224e-01 -1.4993e-02 -1.4993e-02 -2.0252e-02 -2.3098e-02 -2.4049e-02 -4.7906e-02 -2.5000e-02 -2.5000e-02 -2.8813e-02 -2.8813e-02 -2.9768e-02 -2.9768e-02 -2.9768e-02 1.0405e-02 -2.6905e-02 -2.7858e-02 -5.9346e-02 9.6459e-02 -9.6693e-03 -7.7440e-02 -7.8888e-02 3.6931e-02 -7.8888e-02 -7.8888e-02 3.8779e-02 -8.0314e-02 -7.7440e-02 -5.3445e-02 -7.2412e-02 -6.5285e-02 -7.3846e-02 5.7390e-02 5.7390e-02 -6.8447e-02 5.2400e-02 5.1396e-02 -6.8447e-02 -7.8987e-02 3.1292e-02 9.3034e-02 2.7018e-02 -7.8773e-03 -5.6850e-02 -3.0111e-03 -1.2597e-02 -9.7101e-03 -1.7866e-02 1.1002e-01 -7.4522e-02 -7.4522e-02 -7.2979e-02 -5.9692e-02 -7.4522e-02 -7.4522e-02 -6.6485e-02 -6.6485e-02 -6.8161e-02 -6.6485e-02
8.4866e-03 2.0067e-01 -1.5229e-01 8.7768e-01 -1.3863e-01 8.8780e-01 1.0000e+00 -1.5851e-01 1.0000e+00 1.0000e+00 -1.5851e-01 -6.6485e-02 9.8304e-01 9.0421e-01 9.0421e-01 9.0421e-01 9.1083e-01 -7.2979e-02 9.0421e-01 -1.9515e-01 8.6361e-01 -1.9282e-01 8.6361e-01 8.6960e-01 8.6361e-01 8.6960e-01 7.9922e-01 7.9609e-01 -1.6993e-02 -1.7520e-02 -1.1880e-01 -1.1651e-01 -6.5621e-02 -6.1116e-02 -1.7308e-01 -1.1762e-01 -1.0238e-01 -1.1224e-01 -1.4993e-02 -1.4993e-02 -2.0252e-02 -2.3098e-02 -2.4049e-02 -4.7906e-02 -2.5000e-02 -2.5000e-02 -2.8813e-02 -2.8813e-02 -2.9768e-02 -2.9768e-02 -2.9768e-02 1.0405e-02 -2.6905e-02 -2.7858e-02 -5.9346e-02 9.6459e-02 -9.6693e-03 -7.7440e-02 -7.8888e-02 3.6931e-02 -7.8888e-02 -7.8888e-02 3.8779e-02 -8.0314e-02 -7.7440e-02 -5.3445e-02 -7.2412e-02 -6.5285e-02 -7.3846e-02 5.7390e-02 5.7390e-02 -6.8447e-02 5.2400e-02 5.1396e-02 -6.8447e-02 -7.8987e-02 3.1292e-02 9.3034e-02 2.7018e-02 -7.8773e-03 -5.6850e-02 -3.0111e-03 -1.2597e-02 -9.7101e-03 -1.7866e-02 1.1002e-01 -7.4522e-02 -7.4522e-02 -7.2979e-02 -5.9692e-02 -7.4522e-02 -7.4522e-02 -6.6485e-02 -6.6485e-02 -6.8161e-02 -6.6485e-02
2.7089e-01 -1.0740e-01 8.8943e-01 -1.7178e-01 9.5864e-01 -1.7231e-01 -1.5851e-01 1.0000e+00 -1.5851e-01 -1.5851e-01 1.0000e+00 4.1943e-01 -1.5582e-01 -1.5528e-01 -1.5528e-01 -1.5528e-01 -1.5420e-01 4.6040e-01 -1.5528e-01 7.6581e-01 -1.6225e-01 7.5653e-01 -1.6225e-01 -1.6119e-01 -1.6225e-01 -1.6119e-01 -1.5204e-01 -1.4385e-01 4.1921e-02 4.5268e-02 1.3896e-01 1.3713e-01 1.6599e-01 1.5205e-01 1.5168e-01 1.3652e-01 1.4502e-01 1.7656e-01 8.2226e-02 8.2226e-02 8.2226e-02 8.0255e-02 8.6228e-02 2.5571e-01 8.5573e-02 8.5573e-02 8.2952e-02 8.2952e-02 8.2297e-02 8.2297e-02 8.2297e-02 8.5168e-02 7.7626e-02 7.6968e-02 1.9171e-01 1.9452e-02 -2.7691e-02 1.2446e-01 1.2111e-01 -6.4453e-04 1.3823e-01 1.3823e-01 -1.8515e-02 1.3477e-01 1.0711e-01 1.0094e-01 1.2989e-01 1.0398e-01 1.2718e-01 -2.2479e-02 -2.2479e-02 1.1471e-01 -8.7268e-03 -1.9553e-03 1.1471e-01 -3.7606e-02 1.8534e-02 1.6143e-02 3.3307e-02 5.0132e-02 6.5777e-02 -1.2328e-04 4.3117e-02 2.8462e-03 4.2435e-02 -3.8229e-02 5.0662e-02 5.0662e-02 3.2497e-02 4.7576e-02 5.0662e-02 5.0662e-02 4.5198e-02 4.5198e-02 4.1771e-02 4.5198e-02
-5.7026e-02 -5.1307e-02 3.9450e-01 -7.2051e-02 4.0648e-01 -7.2271e-02 -6.6485e-02 4.1943e-01 -6.6485e-02 -6.6485e-02 4.1943e-01 1.0000e+00 -6.5357e-02 -6.5131e-02 -6.5131e-02 -6.5131e-02 -6.4678e-02 9.1102e-01 -6.5131e-02 3.2872e-01 -6.8054e-02 3.3245e-01 -6.8054e-02 -6.7607e-02 -6.8054e-02 -6.7607e-02 -6.3769e-02 -6.3997e-02 -9.3177e-02 -9.1614e-02 6.5947e-02 6.5201e-02 8.2588e-02 7.0508e-02 7.1156e-02 6.4952e-02 6.8430e-02 8.9651e-02 -8.1588e-02 -8.1588e-02 -8.1588e-02 -8.2534e-02 -8.2851e-02 6.4290e-01 -8.3168e-02 -8.3168e-02 -8.4443e-02 -8.4443e-02 -8.4763e-02 -8.4763e-02 -8.4763e-02 -8.1450e-02 -8.3804e-02 -8.4123e-02 -1.8106e-02 7.1095e-02 -2.9015e-02 -2.7830e-02 -2.8218e-02 7.0192e-02 -2.8218e-02 -2.8218e-02 6.9242e-02 -2.8602e-02 -2.7830e-02 -2.8602e-02 -3.2912e-02 -2.8218e-02 -3.3251e-02 6.8052e-02 6.8052e-02 -2.8981e-02 6.5422e-02 6.5182e-02 -2.8981e-02 -2.4098e-02 7.1613e-02 5.8862e-02 6.9242e-02 7.3745e-02 -2.6229e-02 6.1068e-02 6.7423e-02 5.9600e-02 1.1820e-02 5.8748e-03 -2.2736e-02 -2.2736e-02 -2.2265e-02 -2.3198e-02 -2.2736e-02 -2.2736e-02 -2.0284e-02 -2.0284e-02 -2.0795e-02 -2.0284e-02
6.2319e-03 2.0263e-01 -1.4925e-01 8.6154e-01 -1.3558e-01 8.7184e-01 9.8304e-01 -1.5582e-01 9.8304e-01 9.8304e-01 -1.5582e-01 -6.5357e-02 1.0000e+00 9.2027e-01 9.2027e-01 9.2027e-01 9.2692e-01 -7.1741e-02 9.2027e-01 -1.9164e-01 8.7948e-01 -1.8935e-01 8.7948e-01 8.8550e-01 8.7948e-01 8.8550e-01 8.1399e-01 8.1084e-01 -1.7883e-02 -1.8547e-02 -1.1772e-01 -1.2098e-01 -7.1255e-02 -6.6945e-02 -1.7878e-01 -1.2207e-01 -1.0702e-01 -1.1908e-01 -2.0942e-02 -2.0942e-02 -2.6260e-02 -2.9065e-02 -3.0001e-02 -4.6572e-02 -3.0938e-02 -3.0938e-02 -3.4696e-02 -3.4696e-02 -3.5637e-02 -3.5637e-02 -3.5637e-02 6.1123e-03 -3.2816e-02 -3.3755e-02 -5.8339e-02 1.0040e-01 -1.4819e-02 -7.5740e-02 -7.7168e-02 3.5318e-02 -7.7168e-02 -7.7168e-02 3.7295e-02 -7.8575e-02 -7.5740e-02 -5.1406e-02 -7.0188e-02 -6.3414e-02 -7.1606e-02 5.6251e-02 5.6251e-02 -6.6541e-02 5.1512e-02 5.0524e-02 -6.6541e-02 -7.7648e-02 2.9456e-02 9.3385e-02 2.5403e-02 -6.8674e-03 -5.5068e-02 -1.0223e-02 -1.1563e-02 -1.6876e-02 -1.5576e-02 1.1398e-01 -7.3258e-02 -7.3258e-02 -7.1741e-02 -5.8220e-02 -7.3258e-02 -7.3258e-02 -6.5357e-02 -6.5357e-02 -6.7005e-02 -6.5357e-02
-3.8400e-02 1.9770e-01 -1.4864e-01 7.9304e-01 -1.4339e-01 8.0351e-01 9.0421e-01 -1.5528e-01 9.0421e-01 9.0421e-01 -1.5528e-01 -6.5131e-02 9.2027e-01 1.0000e+00 1.0000e+00 1.0000e+00 9.9304e-01 -7.1493e-02 1.0000e+00 -1.9814e-01 9.5705e-01 -1.9591e-01 9.5705e-01 9.4981e-01 9.5705e-01 9.4981e-01 8.8748e-01 8.8416e-01 6.3814e-03 5.6548e-03 -9.1487e-02 -9.4667e-02 -4.1022e-02 -4.7668e-02 -1.5324e-01 -9.5731e-02 -8.1033e-02 -8.9467e-02 8.7625e-03 8.7625e-03 -1.8966e-03 -4.6668e-03 -1.0928e-02 -4.6303e-02 -6.5169e-03 -6.5169e-03 -1.0226e-02 -1.0226e-02 -1.1155e-02 -1.1155e-02 -1.1155e-02 8.4248e-03 -8.3698e-03 -9.2974e-03 -5.8137e-02 1.0121e-01 -6.2864e-02 -7.5398e-02 -7.6822e-02 3.3807e-02 -7.6822e-02 -7.6822e-02 3.5804e-02 -7.8225e-02 -7.5398e-02 -6.4610e-02 -8.1720e-02 -7.6822e-02 -7.1155e-02 6.0819e-02 6.0819e-02 -7.9607e-02 5.6199e-02 5.5221e-02 -7.9607e-02 -4.5424e-02 2.7906e-02 9.2195e-02 2.3885e-02 -6.6630e-03 -6.9464e-02 7.9389e-04 -1.1354e-02 -5.7340e-03 -1.5112e-02 1.2793e-01 -7.3004e-02 -7.3004e-02 -7.1493e-02 -5.7924e-02 -7.3004e-02 -7.3004e-02 -6.5131e-02 -6.5131e-02 -6.6774e-02 -6.5131e-02
-3.8400e-02 1.9770e-01 -1.4864e-01 7.9304e-01 -1.4339e-01 8.0351e-01 9.0421e-01 -1.5528e-01 9.0421e-01 9.0421e-01 -1.5528e-01 -6.5131e-02 9.2027e-01 1.0000e+00 1.0000e+00 1.0000e+00 9.9304e-01 -7.1493e-02 1.0000e+00 -1.9814e-01 9.5705e-01 -1.9591e-01 9.5705e-01 9.4981e-01 9.5705e-01 9.4981e-01 8.8748e-01 8.8416e-01 6.3814e-03 5.6548e-03 -9.1487e-02 -9.4667e-02 -4.1022e-02 -4.7668e-02 -1.5324e-01 -9.5731e-02 -8.1033e-02 -8.9467e-02 8.7625e-03 8.7625e-03 -1.8966e-03 -4.6668e-03 -1.0928e-02 -4.6303e-02 -6.5169e-03 -6.5169e-03 -1.0226e-02 -1.0226e-02 -1.1155e-02 -1.1155e-02 -1.1155e-02 8.4248e-03 -8.3698e-03 -9.2974e-03 -5.8137e-02 1.0121e-01 -6.2864e-02 -7.5398e-02 -7.6822e-02 3.3807e-02 -7.6822e-02 -7.6822e-02 3.5804e-02 -7.8225e-02 -7.5398e-02 -6.4610e-02 -8.1720e-02 -7.6822e-02 -7.1155e-02 6.0819e-02 6.0819e-02 -7.9607e-02 5.6199e-02 5.5221e-02 -7.9607e-02 -4.5424e-02 2.7906e-02 9.2195e-02 2.3885e-02 -6.6630e-03 -6.9464e-02 7.9389e-04 -1.1354e-02 -5.7340e-03 -1.5112e-02 1.2793e-01 -7.3004e-02 -7.3004e-02 -7.1493e-02 -5.7924e-02 -7.3004e-02 -7.3004e-02 -6.5131e-02 -6.5131e-02 -6.6774e-02 -6.5131e-02
-3.8400e-02 1.9770e-01 -1.4864e-01 7.9304e-01 -1.4339e-01 8.0351e-01 9.0421e-01 -1.5528e-01 9.0421e-01 9.0421e-01 -1.5528e-01 -6.5131e-02 9.2027e-01 1.0000e+00 1.0000e+00 1.0000e+00 9.9304e-01 -7.1493e-02 1.0000e+00 -1.9814e-01 9.5705e-01 -1.9591e-01 9.5705e-01 9.4981e-01 9.5705e-01 9.4981e-01 8.8748e-01 8.8416e-01 6.3814e-03 5.6548e-03 -9.1487e-02 -9.4667e-02 -4.1022e-02 -4.7668e-02 -1.5324e-01 -9.5731e-02 -8.1033e-02 -8.9467e-02 8.7625e-03 8.7625e-03 -1.8966e-03 -4.6668e-03 -1.0928e-02 -4.6303e-02 -6.5169e-03 -6.5169e-03 -1.0226e-02 -1.0226e-02 -1.1155e-02 -1.1155e-02 -1.1155e-02 8.4248e-03 -8.3698e-03 -9.2974e-03 -5.8137e-02 1.0121e-01 -6.2864e-02 -7.5398e-02 -7.6822e-02 3.3807e-02 -7.6822e-02 -7.6822e-02 3.5804e-02 -7.8225e-02 -7.5398e-02 -6.4610e-02 -8.1720e-02 -7.6822e-02 -7.1155e-02 6.0819e-02 6.0819e-02 -7.9607e-02 5.6199e-02 5.5221e-02 -7.9607e-02 -4.5424e-02 2.7906e-02 9.2195e-02 2.3885e-02 -6.6630e-03 -6.9464e-02 7.9389e-04 -1.1354e-02 -5.7340e-03 -1.5112e-02 1.2793e-01 -7.3004e-02 -7.3004e-02 -7.1493e-02 -5.7924e-02 -7.3004e-02 -7.3004e-02 -6.5131e-02 -6.5131e-02 -6.6774e-02 -6.5131e-02
-3.6461e-02 1.9447e-01 -1.4742e-01 7.9936e-01 -1.4220e-01 8.0988e-01 9.1083e-01 -1.5420e-01 9.1083e-01 9.1083e-01 -1.5420e-01 -6.4678e-02 9.2692e-01 9.9304e-01 9.9304e-01 9.9304e-01 1.0000e+00 -7.0996e-02 9.9304e-01 -1.9676e-01 9.5039e-01 -1.9455e-01 9.5039e-01 9.5668e-01 9.5039e-01 9.5668e-01 8.7976e-01 8.7647e-01 7.1961e-03 6.4120e-03 -8.9805e-02 -9.2960e-02 -3.9924e-02 -4.6714e-02 -1.5211e-01 -9.4016e-02 -7.9432e-02 -8.8907e-02 9.6861e-03 9.6861e-03 -1.0218e-03 -3.7719e-03 -4.6899e-03 -4.5764e-02 -5.6086e-03 -5.6086e-03 -9.2901e-03 -9.2901e-03 -1.0212e-02 -1.0212e-02 -1.0212e-02 7.7538e-03 -7.4479e-03 -8.3687e-03 -5.7733e-02 1.0283e-01 -6.0213e-02 -7.4712e-02 -7.6129e-02 3.0763e-02 -7.6129e-02 -7.6129e-02 3.2802e-02 -7.7524e-02 -7.4712e-02 -6.3846e-02 -8.0875e-02 -7.6129e-02 -7.0249e-02 5.7972e-02 5.7972e-02 -7.8898e-02 5.3420e-02 5.2446e-02 -7.8898e-02 -4.4739e-02 2.4787e-02 8.9800e-02 2.0829e-02 -6.2515e-03 -6.8811e-02 -2.0935e-03 -1.0933e-02 -8.6028e-03 -1.4179e-02 1.2962e-01 -7.2496e-02 -7.2496e-02 -7.0996e-02 -5.7330e-02 -7.2496e-02 -7.2496e-02 -6.4678e-02 -6.4678e-02 -6.6309e-02 -6.4678e-02
-5.9669e-03 -4.3084e-02 4.3303e-01 -7.9088e-02 4.4618e-01 -7.9330e-02 -7.2979e-02 4.6040e-01 -7.2979e-02 -7.2979e-02 4.6040e-01 9.1102e-01 -7.1741e-02 -7.1493e-02 -7.1493e-02 -7.1493e-02 -7.0996e-02 1.0000e+00 -7.1493e-02 3.6082e-01 -7.4701e-02 3.6492e-01 -7.4701e-02 -7.4210e-02 -7.4701e-02 -7.4210e-02 -6.9997e-02 -7.0247e-02 -6.2765e-02 -6.1106e-02 7.7997e-02 7.7192e-02 9.6018e-02 8.5402e-02 8.3622e-02 7.6924e-02 8.0676e-02 1.0371e-01 -5.2573e-02 -5.2573e-02 -5.2573e-02 -5.3573e-02 -5.3908e-02 5.8437e-01 -5.4242e-02 -5.4242e-02 -5.5587e-02 -5.5587e-02 -5.5924e-02 -5.5924e-02 -5.5924e-02 -4.4713e-02 -5.4914e-02 -5.5250e-02 -1.9874e-02 9.0512e-02 -1.0391e-02 -3.0548e-02 -3.0974e-02 7.9988e-02 -3.0974e-02 -3.0974e-02 7.8959e-02 -3.1396e-02 -3.0548e-02 -3.1396e-02 -3.6127e-02 -3.0974e-02 -3.6499e-02 7.7671e-02 7.7671e-02 -3.1812e-02 7.4827e-02 7.4567e-02 -3.1812e-02 -2.6452e-02 8.1528e-02 6.7748e-02 7.8959e-02 6.5276e-02 -2.8791e-02 7.0126e-02 5.9341e-02 6.8543e-02 5.8655e-03 -6.4745e-05 -2.4957e-02 -2.4957e-02 -2.4440e-02 -2.5464e-02 -2.4957e-02 -2.4957e-02 -2.2265e-02 -2.2265e-02 -2.2827e-02 -2.2265e-02
-3.8400e-02 1.9770e-01 -1.4864e-01 7.9304e-01 -1.4339e-01 8.0351e-01 9.0421e-01 -1.5528e-01 9.0421e-01 9.0421e-01 -1.5528e-01 -6.5131e-02 9.2027e-01 1.0000e+00 1.0000e+00 1.0000e+00 9.9304e-01 -7.1493e-02 1.0000e+00 -1.9814e-01 9.5705e-01 -1.9591e-01 9.5705e-01 9.4981e-01 9.5705e-01 9.4981e-01 8.8748e-01 8.8416e-01 6.3814e-03 5.6548e-03 -9.1487e-02 -9.4667e-02 -4.1022e-02 -4.7668e-02 -1.5324e-01 -9.5731e-02 -8.1033e-02 -8.9467e-02 8.7625e-03 8.7625e-03 -1.8966e-03 -4.6668e-03 -1.0928e-02 -4.6303e-02 -6.5169e-03 -6.5169e-03 -1.0226e-02 -1.0226e-02 -1.1155e-02 -1.1155e-02 -1.1155e-02 8.4248e-03 -8.3698e-03 -9.2974e-03 -5.8137e-02 1.0121e-01 -6.2864e-02 -7.5398e-02 -7.6822e-02 3.3807e-02 -7.6822e-02 -7.6822e-02 3.5804e-02 -7.8225e-02 -7.5398e-02 -6.4610e-02 -8.1720e-02 -7.6822e-02 -7.1155e-02 6.0819e-02 6.0819e-02 -7.9607e-02 5.6199e-02 5.5221e-02 -7.9607e-02 -4.5424e-02 2.7906e-02 9.2195e-02 2.3885e-02 -6.6630e-03 -6.9464e-02 7.9389e-04 -1.1354e-02 -5.7340e-03 -1.5112e-02 1.2793e-01 -7.3004e-02 -7.3004e-02 -7.1493e-02 -5.7924e-02 -7.3004e-02 -7.3004e-02 -6.5131e-02 -6.5131e-02 -6.6774e-02 -6.5131e-02
1.6607e-01 -1.5574e-01 6.7115e-01 -2.1242e-01 7.3011e-01 -2.1311e-01 -1.9515e-01 7.6581e-01 -1.9515e-01 -1.9515e-01 7.6581e-01 3.2872e-01 -1.9164e-01 -1.9814e-01 -1.9814e-01 -1.9814e-01 -1.9676e-01 3.6082e-01 -1.9814e-01 1.0000e+00 -2.0003e-01 9.7372e-01 -2.0003e-01 -1.9864e-01 -2.0003e-01 -1.9864e-01 -1.8669e-01 -1.8011e-01 9.8099e-02 1.0231e-01 1.8830e-01 1.8600e-01 1.6655e-01 1.5783e-01 1.9858e-01 1.8523e-01 1.9014e-01 1.7243e-01 9.6045e-02 9.6045e-02 9.6045e-02 9.3522e-02 9.8214e-02 1.9207e-01 9.7374e-02 9.7374e-02 9.4012e-02 9.4012e-02 9.3171e-02 9.3171e-02 9.3171e-02 1.4346e-01 9.0154e-02 8.9312e-02 1.4095e-01 -3.5271e-03 -6.8071e-02 1.0354e-01 9.9967e-02 1.6443e-02 1.1426e-01 1.1426e-01 -5.9208e-03 1.1061e-01 1.0354e-01 9.6497e-02 1.1104e-01 9.9967e-02 1.0808e-01 -1.0870e-02 -1.0870e-02 1.0707e-01 3.2343e-03 8.5548e-03 1.0707e-01 -5.6745e-02 -8.4141e-03 1.6107e-03 2.5796e-04 2.9295e-02 4.2595e-02 1.0790e-02 2.2567e-02 1.1228e-02 5.1572e-02 -6.3189e-02 5.3367e-02 5.3367e-02 3.9405e-02 4.9643e-02 5.3367e-02 5.3367e-02 5.5420e-02 5.5420e-02 5.1099e-02 5.5420e-02
-3.5825e-02 1.9549e-01 -1.5651e-01 8.3035e-01 -1.5105e-01 8.4034e-01 8.6361e-01 -1.6225e-01 8.6361e-01 8.6361e-01 -1.6225e-01 -6.8054e-02 8.7948e-01 9.5705e-01 9.5705e-01 9.5705e-01 9.5039e-01 -7.4701e-02 9.5705e-01 -2.0003e-01 1.0000e+00 -2.0471e-01 1.0000e+00 9.9343e-01 1.0000e+00 9.9343e-01 9.3703e-01 9.3354e-01 -3.2321e-02 -3.2638e-02 -1.3792e-01 -1.4135e-01 -8.2161e-02 -8.7745e-02 -1.9568e-01 -1.4250e-01 -1.2665e-01 -8.0103e-02 1.5916e-02 1.5916e-02 5.5524e-03 2.6656e-03 -3.4867e-03 -4.9749e-02 7.3783e-04 7.3783e-04 -3.1262e-03 -3.1262e-03 -4.0940e-03 -4.0940e-03 -4.0940e-03 -2.0862e-02 -1.1927e-03 -2.1591e-03 -6.0746e-02 9.1125e-02 -7.3598e-02 -7.9796e-02 -8.1271e-02 4.1455e-02 -8.1271e-02 -8.1271e-02 4.3138e-02 -8.2725e-02 -7.9796e-02 -6.9488e-02 -8.7128e-02 -8.1271e-02 -7.6935e-02 7.2962e-02 7.2962e-02 -8.4157e-02 6.7828e-02 6.6819e-02 -8.4157e-02 -4.9783e-02 3.0376e-02 9.5059e-02 2.5756e-02 -9.2587e-03 -7.3654e-02 1.2892e-02 -1.4013e-02 6.1834e-03 -2.0999e-02 1.4299e-01 -7.6281e-02 -7.6281e-02 -7.4701e-02 -6.1727e-02 -7.6281e-02 -7.6281e-02 -6.8054e-02 -6.8054e-02 -6.9770e-02 -6.8054e-02
1.7862e-01 -1.5294e-01 6.7075e-01 -2.0991e-01 7.2988e-01 -2.1059e-01 -1.9282e-01 7.5653e-01 -1.9282e-01 -1.9282e-01 7.5653e-01 3.3245e-01 -1.8935e-01 -1.9591e-01 -1.9591e-01 -1.9591e-01 -1.9455e-01 3.6492e-01 -1.9591e-01 9.7372e-01 -2.0471e-01 1.0000e+00 -2.0471e-01 -2.0336e-01 -2.0471e-01 -2.0336e-01 -1.9182e-01 -1.8516e-01 1.0842e-01 1.1256e-01 2.0783e-01 2.0561e-01 1.8963e-01 1.8058e-01 2.1752e-01 2.0487e-01 2.0935e-01 1.9484e-01 1.1766e-01 1.1766e-01 1.1766e-01 1.1519e-01 1.1994e-01 1.9474e-01 1.1912e-01 1.1912e-01 1.1583e-01 1.1583e-01 1.1501e-01 1.1501e-01 1.1501e-01 1.6287e-01 1.1189e-01 1.1107e-01 1.6504e-01 -1.7511e-03 -8.3400e-02 1.2055e-01 1.1678e-01 1.7779e-02 1.3119e-01 1.3119e-01 -4.6794e-03 1.2735e-01 1.0596e-01 9.8903e-02 1.1381e-01 1.0238e-01 1.1084e-01 -9.5658e-03 -9.5658e-03 1.0958e-01 4.8766e-03 1.0260e-02 1.0958e-01 -5.5793e-02 -7.3906e-03 3.8380e-03 1.5474e-03 3.0212e-02 4.4444e-02 1.2883e-02 2.3481e-02 1.3461e-02 5.3538e-02 -6.1961e-02 5.5097e-02 5.5097e-02 4.1000e-02 5.1371e-02 5.5097e-02 5.5097e-02 5.7025e-02 5.7025e-02 5.2700e-02 5.7025e-02
-3.5825e-02 1.9549e-01 -1.5651e-01 8.3035e-01 -1.5105e-01 8.4034e-01 8.6361e-01 -1.6225e-01 8.6361e-01 8.6361e-01 -1.6225e-01 -6.8054e-02 8.7948e-01 9.5705e-01 9.5705e-01 9.5705e-01 9.5039e-01 -7.4701e-02 9.5705e-01 -2.0003e-01 1.0000e+00 -2.0471e-01 1.0000e+00 9.9343e-01 1.0000e+00 9.9343e-01 9.3703e-01 9.3354e-01 -3.2321e-02 -3.2638e-02 -1.3792e-01 -1.4135e-01 -8.2161e-02 -8.7745e-02 -1.9568e-01 -1.4250e-01 -1.2665e-01 -8.0103e-02 1.5916e-02 1.5916e-02 5.5524e-03 2.6656e-03 -3.4867e-03 -4.9749e-02 7.3783e-04 7.3783e-04 -3.1262e-03 -3.1262e-03 -4.0940e-03 -4.0940e-03 -4.0940e-03 -2.0862e-02 -1.1927e-03 -2.1591e-03 -6.0746e-02 9.1125e-02 -7.3598e-02 -7.9796e-02 -8.1271e-02 4.1455e-02 -8.1271e-02 -8.1271e-02 4.3138e-02 -8.2725e-02 -7.9796e-02 -6.9488e-02 -8.7128e-02 -8.1271e-02 -7.6935e-02 7.2962e-02 7.2962e-02 -8.4157e-02 6.7828e-02 6.6819e-02 -8.4157e-02 -4.9783e-02 3.0376e-02 9.5059e-02 2.5756e-02 -9.2587e-03 -7.3654e-02 1.2892e-02 -1.4013e-02 6.1834e-03 -2.0999e-02 1.4299e-01 -7.6281e-02 -7.6281e-02 -7.4701e-02 -6.1727e-02 -7.6281e-02 -7.6281e-02 -6.8054e-02 -6.8054e-02 -6.9770e-02 -6.8054e-02
-3.3919e-02 1.9229e-01 -1.5531e-01 8.3640e-01 -1.4988e-01 8.4644e-01 8.6960e-01 -1.6119e-01 8.6960e-01 8.6960e-01 -1.6119e-01 -6.7607e-02 8.8550e-01 9.4981e-01 9.4981e-01 9.4981e-01 9.5668e-01 -7.4210e-02 9.4981e-01 -1.9864e-01 9.9343e-01 -2.0336e-01 9.9343e-01 1.0000e+00 9.9343e-01 1.0000e+00 9.2947e-01 9.2601e-01 -3.1692e-02 -3.2063e-02 -1.3645e-01 -1.3986e-01 -8.1253e-02 -8.6971e-02 -1.9471e-01 -1.4100e-01 -1.2526e-01 -7.9493e-02 1.6840e-02 1.6840e-02 6.4341e-03 3.5673e-03 2.6104e-03 -4.9225e-02 1.6528e-03 1.6528e-03 -2.1845e-03 -2.1845e-03 -3.1456e-03 -3.1456e-03 -3.1456e-03 -2.1638e-02 -2.6443e-04 -1.2241e-03 -6.0347e-02 9.2628e-02 -7.1048e-02 -7.9126e-02 -8.0593e-02 3.8519e-02 -8.0593e-02 -8.0593e-02 4.0241e-02 -8.2039e-02 -7.9126e-02 -6.8747e-02 -8.6305e-02 -8.0593e-02 -7.6058e-02 7.0229e-02 7.0229e-02 -8.3464e-02 6.5160e-02 6.4154e-02 -8.3464e-02 -4.9122e-02 2.7348e-02 9.2717e-02 2.2787e-02 -8.8677e-03 -7.3015e-02 1.0136e-02 -1.3612e-02 3.4468e-03 -2.0113e-02 1.4466e-01 -7.5779e-02 -7.5779e-02 -7.4210e-02 -6.1148e-02 -7.5779e-02 -7.5779e-02 -6.7607e-02 -6.7607e-02 -6.9312e-02 -6.7607e-02
-3.5825e-02 1.9549e-01 -1.5651e-01 8.3035e-01 -1.5105e-01 8.4034e-01 8.6361e-01 -1.6225e-01 8.6361e-01 8.6361e-01 -1.6225e-01 -6.8054e-02 8.7948e-01 9.5705e-01 9.5705e-01 9.5705e-01 9.5039e-01 -7.4701e-02 9.5705e-01 -2.0003e-01 1.0000e+00 -2.0471e-01 1.0000e+00 9.9343e-01 1.0000e+00 9.9343e-01 9.3703e-01 9.3354e-01 -3.2321e-02 -3.2638e-02 -1.3792e-01 -1.4135e-01 -8.2161e-02 -8.7745e-02 -1.9568e-01 -1.4250e-01 -1.2665e-01 -8.0103e-02 1.5916e-02 1.5916e-02 5.5524e-03 2.6656e-03 -3.4867e-03 -4.9749e-02 7.3783e-04 7.3783e-04 -3.1262e-03 -3.1262e-03 -4.0940e-03 -4.0940e-03 -4.0940e-03 -2.0862e-02 -1.1927e-03 -2.1591e-03 -6.0746e-02 9.1125e-02 -7.3598e-02 -7.9796e-02 -8.1271e-02 4.1455e-02 -8.1271e-02 -8.1271e-02 4.3138e-02 -8.2725e-02 -7.9796e-02 -6.9488e-02 -8.7128e-02 -8.1271e-02 -7.6935e-02 7.2962e-02 7.2962e-02 -8.4157e-02 6.7828e-02 6.6819e-02 -8.4157e-02 -4.9783e-02 3.0376e-02 9.5059e-02 2.5756e-02 -9.2587e-03 -7.3654e-02 1.2892e-02 -1.4013e-02 6.1834e-03 -2.0999e-02 1.4299e-01 -7.6281e-02 -7.6281e-02 -7.4701e-02 -6.1727e-02 -7.6281e-02 -7.6281e-02 -6.8054e-02 -6.8054e-02 -6.9770e-02 -6.8054e-02
-3.3919e-02 1.9229e-01 -1.5531e-01 8.3640e-01 -1.4988e-01 8.4644e-01 8.6960e-01 -1.6119e-01 8.6960e-01 8.6960e-01 -1.6119e-01 -6.7607e-02 8.8550e-01 9.4981e-01 9.4981e-01 9.4981e-01 9.5668e-01 -7.4210e-02 9.4981e-01 -1.9864e-01 9.9343e-01 -2.0336e-01 9.9343e-01 1.0000e+00 9.9343e-01 1.0000e+00 9.2947e-01 9.2601e-01 -3.1692e-02 -3.2063e-02 -1.3645e-01 -1.3986e-01 -8.1253e-02 -8.6971e-02 -1.9471e-01 -1.4100e-01 -1.2526e-01 -7.9493e-02 1.6840e-02 1.6840e-02 6.4341e-03 3.5673e-03 2.6104e-03 -4.9225e-02 1.6528e-03 1.6528e-03 -2.1845e-03 -2.1845e-03 -3.1456e-03 -3.1456e-03 -3.1456e-03 -2.1638e-02 -2.6443e-04 -1.2241e-03 -6.0347e-02 9.2628e-02 -7.1048e-02 -7.9126e-02 -8.0593e-02 3.8519e-02 -8.0593e-02 -8.0593e-02 4.0241e-02 -8.2039e-02 -7.9126e-02 -6.8747e-02 -8.6305e-02 -8.0593e-02 -7.6058e-02 7.0229e-02 7.0229e-02 -8.3464e-02 6.5160e-02 6.4154e-02 -8.3464e-02 -4.9122e-02 2.7348e-02 9.2717e-02 2.2787e-02 -8.8677e-03 -7.3015e-02 1.0136e-02 -1.3612e-02 3.4468e-03 -2.0113e-02 1.4466e-01 -7.5779e-02 -7.5779e-02 -7.4210e-02 -6.1148e-02 -7.5779e-02 -7.5779e-02 -6.7607e-02 -6.7607e-02 -6.9312e-02 -6.7607e-02
-1.1749e-01 2.2180e-01 -1.4496e-01 7.8581e-01 -1.3980e-01 7.8329e-01 7.9922e-01 -1.5204e-01 7.9922e-01 7.9922e-01 -1.5204e-01 -6.3769e-02 8.1399e-01 8.8748e-01 8.8748e-01 8.8748e-01 8.7976e-01 -6.9997e-02 8.8748e-01 -1.8669e-01 9.3703e-01 -1.9182e-01 9.3703e-01 9.2947e-01 9.3703e-01 9.2947e-01 1.0000e+00 9.9644e-01 1.4238e-02 1.3330e-02 -8.6408e-02 -8.9513e-02 -3.2218e-02 -3.9328e-02 -1.4984e-01 -9.0553e-02 -7.6199e-02 -3.3585e-02 7.5210e-04 7.5210e-04 -1.0057e-02 -1.2777e-02 -1.9098e-02 -4.4676e-02 -1.4595e-02 -1.4595e-02 -1.8238e-02 -1.8238e-02 -1.9151e-02 -1.9151e-02 -1.9151e-02 -5.2767e-02 -1.6415e-02 -1.7326e-02 -5.6921e-02 1.0613e-01 -6.1116e-02 -7.3333e-02 -7.4733e-02 3.6625e-02 -7.4733e-02 -7.4733e-02 3.2763e-02 -7.6113e-02 -7.3333e-02 -6.2307e-02 -7.9173e-02 -7.4733e-02 -6.8421e-02 6.4369e-02 6.4369e-02 -7.7472e-02 6.0127e-02 5.9177e-02 -7.7472e-02 -4.3356e-02 7.2224e-02 1.4912e-01 6.9022e-02 -5.4180e-03 -6.7495e-02 -7.9498e-03 -1.0082e-02 -1.4422e-02 -1.2288e-02 7.9763e-02 -7.1477e-02 -7.1477e-02 -6.9997e-02 -5.6133e-02 -7.1477e-02 -7.1477e-02 -6.3769e-02 -6.3769e-02 -6.5377e-02 -6.3769e-02
-1.1057e-01 2.1998e-01 -1.3725e-01 7.8261e-01 -1.3188e-01 7.8008e-01 7.9609e-01 -1.4385e-01 7.9609e-01 7.9609e-01 -1.4385e-01 -6.3997e-02 8.1084e-01 8.8416e-01 8.8416e-01 8.8416e-01 8.7647e-01 -7.0247e-02 8.8416e-01 -1.8011e-01 9.3354e-01 -1.8516e-01 9.3354e-01 9.2601e-01 9.3354e-01 9.2601e-01 9.9644e-01 1.0000e+00 1.1121e-02 1.0246e-02 -9.0123e-02 -9.3248e-02 -3.5526e-02 -4.2548e-02 -1.5322e-01 -9.4294e-02 -7.9850e-02 -3.6698e-02 -2.3903e-03 -2.3903e-03 -1.3174e-02 -1.5907e-02 -2.2219e-02 -4.4949e-02 -1.7733e-02 -1.7733e-02 -2.1394e-02 -2.1394e-02 -2.2311e-02 -2.2311e-02 -2.2311e-02 -5.4967e-02 -1.9562e-02 -2.0478e-02 -5.7125e-02 1.0529e-01 -6.2452e-02 -7.3679e-02 -7.5083e-02 3.8149e-02 -7.5083e-02 -7.5083e-02 3.4279e-02 -7.6467e-02 -7.3679e-02 -6.2693e-02 -7.9600e-02 -7.5083e-02 -6.8880e-02 6.5790e-02 6.5790e-02 -7.7830e-02 6.1514e-02 6.0562e-02 -7.7830e-02 -4.3703e-02 7.3688e-02 1.5019e-01 7.0453e-02 -5.6278e-03 -6.7825e-02 -6.4753e-03 -1.0296e-02 -1.2957e-02 -1.2764e-02 7.9019e-02 -7.1733e-02 -7.1733e-02 -7.0247e-02 -5.6434e-02 -7.1733e-02 -7.1733e-02 -6.3997e-02 -6.3997e-02 -6.5610e-02 -6.3997e-02
-2.7519e-02 -1.8871e-02 2.8112e-02 -7.2750e-02 3.8055e-02 -8.0456e-02 -1.6993e-02 4.1921e-02 -1.6993e-02 -1.6993e-02 4.1921e-02 -9.3177e-02 -1.7883e-02 6.3814e-03 6.3814e-03 6.3814e-03 7.1961e-03 -6.2765e-02 6.3814e-03 9.8099e-02 -3.2321e-02 1.0842e-01 -3.2321e-02 -3.1692e-02 -3.2321e-02 -3.1692e-02 1.4238e-02 1.1121e-02 1.0000e+00 9.8991e-01 7.8232e-01 7.7254e-01 6.1748e-01 5.9700e-01 7.1431e-01 7.7507e-01 7.4474e-01 5.0399e-01 3.7862e-01 3.7862e-01 3.7046e-01 3.6791e-01 3.6569e-01 -1.5077e-01 3.6757e-01 3.6757e-01 3.5873e-01 3.5873e-01 3.5652e-01 3.5652e-01 3.5652e-01 2.9986e-01 3.5497e-01 3.5276e-01 -1.4744e-01 1.6950e-01 -7.8069e-02 -1.4119e-01 -1.3490e-01 1.7512e-02 -1.3490e-01 -1.3490e-01 1.6255e-02 -1.2878e-01 -1.3051e-01 -1.3920e-01 -1.2141e-01 -1.3490e-01 -1.1643e-01 2.6132e-02 2.6132e-02 -1.3313e-01 2.0417e-02 1.7773e-02 -1.3313e-01 1.3368e-01 9.5960e-02 7.6956e-02 9.8289e-02 -2.4540e-02 -1.4587e-01 7.6659e-02 -1.3317e-02 7.0429e-02 9.7897e-02 -3.1046e-02 -4.3111e-02 -4.3111e-02 -4.9594e-02 -3.6894e-02 -4.3111e-02 -4.3111e-02 -6.4380e-02 -6.4380e-02 -5.6865e-02 -6.4380e-02
-3.5094e-02 -1.9051e-02 3.1694e-02 -7.2551e-02 4.1516e-02 -8.0221e-02 -1.7520e-02 4.5268e-02 -1.7520e-02 -1.7520e-02 4.5268e-02 -9.1614e-02 -1.8547e-02 5.6548e-03 5.6548e-03 5.6548e-03 6.4120e-03 -6.1106e-02 5.6548e-03 1.0231e-01 -3.2638e-02 1.1256e-01 -3.2638e-02 -3.2063e-02 -3.2638e-02 -3.2063e-02 1.3330e-02 1.0246e-02 9.8991e-01 1.0000e+00 7.7871e-01 7.6900e-01 6.1284e-01 5.9220e-01 7.1040e-01 7.7154e-01 7.4099e-01 4.9899e-01 3.7364e-01 3.7364e-01 3.6550e-01 3.6301e-01 3.6082e-01 -1.4913e-01 3.6270e-01 3.6270e-01 3.5395e-01 3.5395e-01 3.5176e-01 3.5176e-01 3.5176e-01 2.9200e-01 3.5017e-01 3.4798e-01 -1.4595e-01 1.7146e-01 -9.1261e-02 -1.3903e-01 -1.3271e-01 2.0468e-02 -1.3271e-01 -1.3271e-01 1.4766e-02 -1.2658e-01 -1.2836e-01 -1.3698e-01 -1.1892e-01 -1.3271e-01 -1.1392e-01 2.4733e-02 2.4733e-02 -1.3090e-01 1.9261e-02 1.6642e-02 -1.3090e-01 1.3518e-01 9.4149e-02 7.1490e-02 9.6682e-02 -2.3665e-02 -1.4382e-01 7.5819e-02 -1.2399e-02 6.9735e-02 9.9661e-02 -3.8941e-02 -4.1447e-02 -4.1447e-02 -4.7954e-02 -3.5206e-02 -4.1447e-02 -4.1447e-02 -6.2858e-02 -6.2858e-02 -5.5318e-02 -6.2858e-02
-1.9841e-02 -4.4473e-02 1.6449e-01 -1.3494e-01 1.2796e-01 -1.4363e-01 -1.1880e-01 1.3896e-01 -1.1880e-01 -1.1880e-01 1.3896e-01 6.5947e-02 -1.1772e-01 -9.1487e-02 -9.1487e-02 -9.1487e-02 -8.9805e-02 7.7997e-02 -9.1487e-02 1.8830e-01 -1.3792e-01 2.0783e-01 -1.3792e-01 -1.3645e-01 -1.3792e-01 -1.3645e-01 -8.6408e-02 -9.0123e-02 7.8232e-01 7.7871e-01 1.0000e+00 9.8848e-01 8.5006e-01 8.3222e-01 9.3544e-01 9.9080e-01 9.5915e-01 7.3178e-01 5.1050e-01 5.1050e-01 5.0182e-01 4.9775e-01 4.9495e-01 9.6604e-02 4.9650e-01 4.9650e-01 4.8531e-01 4.8531e-01 4.8251e-01 4.8251e-01 4.8251e-01 3.5575e-01 4.8220e-01 4.7505e-01 6.9127e-02 1.2799e-01 -6.0439e-02 -3.7981e-02 -3.3961e-02 4.4448e-03 -3.3961e-02 -3.3961e-02 -3.9740e-03 -3.0047e-02 -3.7981e-02 -5.2216e-02 -5.7834e-02 -4.5184e-02 -5.4260e-02 3.6927e-03 3.6927e-03 -3.7184e-02 -1.3752e-02 -1.2208e-02 -3.7184e-02 1.0176e-01 8.6464e-02 3.9824e-02 8.3358e-02 -4.6186e-02 -6.7289e-02 6.0422e-02 -3.5633e-02 5.5295e-02 7.0396e-02 -5.0980e-02 6.7046e-02 6.7046e-02 6.3975e-02 7.0027e-02 6.7046e-02 6.7046e-02 6.5947e-02 6.5947e-02 6.9106e-02 6.5947e-02
-2.2469e-02 -4.7724e-02 1.6259e-01 -1.3322e-01 1.2603e-01 -1.4195e-01 -1.1651e-01 1.3713e-01 -1.1651e-01 -1.1651e-01 1.3713e-01 6.5201e-02 -1.2098e-01 -9.4667e-02 -9.4667e-02 -9.4667e-02 -9.2960e-02 7.7192e-02 -9.4667e-02 1.8600e-01 -1.4135e-01 2.0561e-01 -1.4135e-01 -1.3986e-01 -1.4135e-01 -1.3986e-01 -8.9513e-02 -9.3248e-02 7.7254e-01 7.6900e-01 9.8848e-01 1.0000e+00 8.5290e-01 8.3514e-01 9.4244e-01 9.9769e-01 9.6609e-01 7.3467e-01 5.0421e-01 5.0421e-01 4.9551e-01 4.9139e-01 4.8857e-01 9.5937e-02 4.9010e-01 4.9010e-01 4.7882e-01 4.7882e-01 4.7600e-01 4.7600e-01 4.7600e-01 3.4671e-01 4.7574e-01 4.6855e-01 6.8488e-02 1.2691e-01 -5.4082e-02 -3.9337e-02 -3.5324e-02 8.3543e-03 -3.5324e-02 -3.5324e-02 -1.2572e-04 -3.1417e-02 -3.9337e-02 -5.3643e-02 -5.9471e-02 -4.6576e-02 -5.5903e-02 7.5116e-03 7.5116e-03 -3.8590e-02 -1.0086e-02 -8.5483e-03 -3.8590e-02 1.0094e-01 9.0645e-02 4.3361e-02 8.7432e-02 -4.6844e-02 -6.8648e-02 6.4102e-02 -3.6301e-02 5.8903e-02 6.9356e-02 -5.2455e-02 6.6192e-02 6.6192e-02 6.3135e-02 6.9160e-02 6.6192e-02 6.6192e-02 6.5201e-02 6.5201e-02 6.8345e-02 6.5201e-02
-5.8953e-02 -3.8091e-02 1.9397e-01 -7.4924e-02 1.5728e-01 -8.2994e-02 -6.5621e-02 1.6599e-01 -6.5621e-02 -6.5621e-02 1.6599e-01 8.2588e-02 -7.1255e-02 -4.1022e-02 -4.1022e-02 -4.1022e-02 -3.9924e-02 9.6018e-02 -4.1022e-02 1.6655e-01 -8.2161e-02 1.8963e-01 -8.2161e-02 -8.1253e-02 -8.2161e-02 -8.1253e-02 -3.2218e-02 -3.5526e-02 6.1748e-01 6.1284e-01 8.5006e-01 8.5290e-01 1.0000e+00 9.7926e-01 7.9701e-01 8.5533e-01 8.2206e-01 8.7271e-01 6.5425e-01 6.5425e-01 6.4595e-01 6.4307e-01 6.3657e-01 1.1190e-01 6.3839e-01 6.3839e-01 6.2903e-01 6.2903e-01 6.2669e-01 6.2669e-01 6.2669e-01 4.6009e-01 6.2955e-01 6.2305e-01 8.3533e-02 1.5240e-01 -7.7772e-02 -2.0402e-02 -1.6046e-02 7.3597e-02 -2.6778e-02 -2.6778e-02 6.7113e-02 -2.2400e-02 -2.0402e-02 -3.3000e-02 -4.2278e-02 -2.6778e-02 -4.7606e-02 7.1766e-02 7.1766e-02 -2.8605e-02 5.9529e-02 6.1419e-02 -2.8605e-02 1.0807e-01 1.4513e-01 1.1270e-01 1.4599e-01 -3.2690e-02 -6.2073e-02 6.0445e-02 -2.1800e-02 5.2624e-02 7.1013e-02 -2.0135e-02 4.6566e-02 4.6566e-02 4.2384e-02 5.0608e-02 4.6566e-02 4.6566e-02 3.8613e-02 3.8613e-02 4.3165e-02 3.8613e-02
-7.4126e-02 -3.8332e-02 1.8128e-01 -6.9322e-02 1.4410e-01 -7.7314e-02 -6.1116e-02 1.5205e-01 -6.1116e-02 -6.1116e-02 1.5205e-01 7.0508e-02 -6.6945e-02 -4.7668e-02 -4.7668e-02 -4.7668e-02 -4.6714e-02 8.5402e-02 -4.7668e-02 1.5783e-01 -8.7745e-02 1.8058e-01 -8.7745e-02 -8.6971e-02 -8.7745e-02 -8.6971e-02 -3.9328e-02 -4.2548e-02 5.9700e-01 5.9220e-01 8.3222e-01 8.3514e-01 9.7926e-01 1.0000e+00 7.7875e-01 8.3759e-01 8.0403e-01 8.5161e-01 6.3391e-01 6.3391e-01 6.2565e-01 6.2289e-01 6.1646e-01 1.1427e-01 6.1830e-01 6.1830e-01 6.0912e-01 6.0912e-01 6.0683e-01 6.0683e-01 6.0683e-01 4.7161e-01 6.0957e-01 6.0313e-01 8.5726e-02 1.5614e-01 -6.6067e-02 -1.6326e-02 -1.1935e-02 6.0914e-02 -2.2617e-02 -2.2617e-02 5.4585e-02 -1.8205e-02 -1.6326e-02 -2.8754e-02 -3.7372e-02 -2.2617e-02 -4.2626e-02 5.9372e-02 5.9372e-02 -2.4325e-02 4.7536e-02 4.9448e-02 -2.4325e-02 1.1100e-01 1.3192e-01 1.0130e-01 1.3308e-01 -3.0830e-02 -5.8029e-02 4.9009e-02 -1.9874e-02 4.1412e-02 7.4543e-02 -3.6151e-02 4.9597e-02 4.9597e-02 4.5367e-02 5.3685e-02 4.9597e-02 4.9597e-02 4.1330e-02 4.1330e-02 4.5933e-02 4.1330e-02
-1.4016e-02 -3.2897e-02 1.7774e-01 -1.7828e-01 1.4134e-01 -1.8664e-01 -1.7308e-01 1.5168e-01 -1.7308e-01 -1.7308e-01 1.5168e-01 7.1156e-02 -1.7878e-01 -1.5324e-01 -1.5324e-01 -1.5324e-01 -1.5211e-01 8.3622e-02 -1.5324e-01 1.9858e-01 -1.9568e-01 2.1752e-01 -1.9568e-01 -1.9471e-01 -1.9568e-01 -1.9471e-01 -1.4984e-01 -1.5322e-01 7.1431e-01 7.1040e-01 9.3544e-01 9.4244e-01 7.9701e-01 7.7875e-01 1.0000e+00 9.4479e-01 9.1269e-01 7.3000e-01 5.0735e-01 5.0735e-01 4.9882e-01 4.9510e-01 4.9243e-01 1.0131e-01 4.9404e-01 4.9404e-01 4.8340e-01 4.8340e-01 4.8074e-01 4.8074e-01 4.8074e-01 3.6731e-01 4.8017e-01 4.7322e-01 7.3608e-02 1.3556e-01 -2.9889e-02 -2.8720e-02 -2.4645e-02 3.4595e-02 -2.4645e-02 -2.4645e-02 2.6858e-02 -2.0677e-02 -2.8720e-02 -4.2481e-02 -5.6262e-02 -3.5684e-02 -5.2554e-02 3.5088e-02 3.5088e-02 -2.7579e-02 1.4629e-02 1.6287e-02 -2.7579e-02 1.0757e-01 1.1447e-01 1.5583e-02 1.0798e-01 -4.1726e-02 -5.8042e-02 1.3016e-01 -5.4784e-02 1.2640e-01 6.6144e-02 -4.0916e-02 4.5959e-02 4.5959e-02 4.2250e-02 3.6283e-02 4.5959e-02 4.5959e-02 7.1156e-02 7.1156e-02 7.4422e-02 7.1156e-02
-2.3349e-02 -4.8811e-02 1.6196e-01 -1.3442e-01 1.2539e-01 -1.4317e-01 -1.1762e-01 1.3652e-01 -1.1762e-01 -1.1762e-01 1.3652e-01 6.4952e-02 -1.2207e-01 -9.5731e-02 -9.5731e-02 -9.5731e-02 -9.4016e-02 7.6924e-02 -9.5731e-02 1.8523e-01 -1.4250e-01 2.0487e-01 -1.4250e-01 -1.4100e-01 -1.4250e-01 -1.4100e-01 -9.0553e-02 -9.4294e-02 7.7507e-01 7.7154e-01 9.9080e-01 9.9769e-01 8.5533e-01 8.3759e-01 9.4479e-01 1.0000e+00 9.6843e-01 7.3710e-01 5.0647e-01 5.0647e-01 4.9776e-01 4.9363e-01 4.9080e-01 9.5715e-02 4.9233e-01 4.9233e-01 4.8102e-01 4.8102e-01 4.7819e-01 4.7819e-01 4.7819e-01 3.4947e-01 4.7795e-01 4.7075e-01 6.8275e-02 1.2655e-01 -5.5324e-02 -3.9791e-02 -3.5780e-02 9.6621e-03 -3.5780e-02 -3.5780e-02 1.1615e-03 -3.1876e-02 -3.9791e-02 -5.4121e-02 -6.0019e-02 -4.7042e-02 -5.6453e-02 8.7890e-03 8.7890e-03 -3.9061e-02 -8.8604e-03 -7.3243e-03 -3.9061e-02 1.0066e-01 9.2044e-02 4.4545e-02 8.8796e-02 -4.7064e-02 -6.9103e-02 6.5333e-02 -3.6525e-02 6.0110e-02 6.9009e-02 -5.2949e-02 6.5907e-02 6.5907e-02 6.2854e-02 6.8870e-02 6.5907e-02 6.5907e-02 6.4952e-02 6.4952e-02 6.8092e-02 6.4952e-02
