1.0000e+00 -6.8947e-02 -2.0368e-01 -5.9559e-02 -5.6441e-03 1.9166e-01 3.0681e-02 4.0556e-02 -8.0927e-02 5.0227e-02 5.0227e-02 -1.7049e-02 -1.7049e-02 -1.4152e-02 -2.4070e-02 -1.8000e-02 -2.4070e-02 -2.4070e-02 -2.2811e-02 -2.5250e-02 -2.5250e-02 -4.8891e-02 -7.4175e-02 -7.4175e-02 -7.2857e-02 1.0475e-02 -7.7662e-02 -7.7662e-02 -7.6417e-02 -7.6417e-02 -7.6417e-02 -6.1562e-02 -5.6548e-02 -2.1095e-02 -5.7400e-02 -5.9411e-02 -5.9411e-02 -6.3924e-02 -6.3924e-02 -6.0418e-02 -6.3924e-02 2.0401e-02 -9.5810e-02 -7.2793e-02 -7.0251e-02 -6.2802e-02 -3.2933e-02 -8.3964e-02 -7.6558e-02 5.0082e-02 -4.5976e-02 2.6813e-02 2.6813e-02 3.1864e-02 1.4819e-02 2.4442e-02 1.6453e-02 5.5446e-02 2.2971e-02 3.4338e-02 -1.3053e-03 8.2803e-02 2.4568e-02 -6.6677e-03 -9.4808e-03 -1.5010e-03 -1.1890e-02 -3.6644e-03 -9.0888e-03 -6.1421e-03 -8.6377e-03 9.2339e-02 -1.0473e-02 -7.5557e-03 4.7462e-02 1.2705e-01 -7.5557e-03 1.3546e-01 1.1787e-01 1.1868e-01 5.2937e-02 4.7407e-02 -6.9557e-02 -4.4921e-03 3.0897e-02 3.5003e-02 3.0897e-02 6.5246e-03 -1.2979e-02 2.6771e-02 2.7002e-02 2.5988e-02 2.7002e-02 4.6064e-02 4.8669e-03 4.0898e-02 -3.0465e-03 1.9592e-02 6.0557e-02 -3.4370e-02 -3.2694e-02 2.0732e-02 2.6704e-02 5.8480e-02 2.4544e-02 1.7322e-02 2.4544e-02 2.5623e-02 5.5375e-02 2.6704e-02 2.6704e-02 2.6704e-02 1.9592e-02 2.5623e-02 2.4544e-02 1.0358e-02 1.1259e-02 4.8866e-02 4.7442e-02 3.0768e-02 -1.0189e-02 -1.0189e-02 -1.0189e-02 -1.0189e-02 -1.0189e-02 -1.0189e-02 -1.0189e-02 -1.0189e-02 -1.0189e-02 -1.0189e-02 -1.0189e-02 -1.3820e-02 -5.1504e-03 1.7213e-02 -5.2722e-02 4.5275e-02 5.1830e-02 4.4417e-02 4.6192e-02 3.3712e-02 3.6380e-02 3.6380e-02 -3.1864e-02 -2.6121e-02 -3.0689e-02 7.4971e-03 3.1947e-02 2.2910e-04 1.5464e-02 1.9132e-02 -2.6735e-02 -2.8329e-02 -2.9255e-02 -1.9078e-02 -2.5336e-02 4.7684e-02 4.7684e-02 6.6602e-03 6.6602e-03 1.6390e-02 -2.3190e-02 -1.9078e-02 4.2633e-02 4.4867e-02 3.6506e-02 -1.0748e-02 -4.7121e-02 -7.7183e-02 1.0999e-02 1.7031e-02 1.7031e-02 8.6103e-03 9.0211e-03 3.9420e-02 1.0999e-02 2.0965e-02 1.0999e-02 2.4937e-02 4.1080e-02 2.4937e-02 -4.6905e-02 4.5266e-02 2.4937e-02 2.4937e-02 4.2068e-02 -3.4877e-02 -4.3713e-02 -5.0104e-03 -4.3713e-02 -4.9028e-02 2.7353e-02 -1.1035e-02 -1.8044e-02 1.1935e-02 1.1935e-02 1.1935e-02 7.6403e-03 -6.9889e-03 -1.8835e-02 -7.3261e-03 -2.6623e-02 -2.3300e-02 -2.6623e-02 1.1935e-02 -3.4445e-02 -1.8044e-02 -2.6623e-02 2.4094e-02 9.0322e-04 -2.3793e-02 4.9083e-03 -9.6587e-03 2.8395e-03
-6.8947e-02 1.0000e+00 -6.9392e-02 8.6384e-01 1.7242e-02 -2.2274e-02 -1.9947e-03 -1.2189e-03 4.7967e-02 -2.3796e-03 -2.3796e-03 -1.6078e-03 -1.6078e-03 1.6793e-02 -1.6078e-03 2.9902e-02 -1.6078e-03 -1.6078e-03 4.2727e-02 -6.1258e-03 -6.1258e-03 -3.1443e-02 1.1309e-02 1.1309e-02 -2.6230e-02 4.0314e-02 1.1943e-02 1.1943e-02 1.2259e-02 1.2259e-02 1.2259e-02 -5.7020e-02 -5.5469e-02 3.8347e-02 -5.7331e-02 -5.7956e-02 -5.7956e-02 -2.3360e-02 -2.3360e-02 -5.8269e-02 -2.3360e-02 3.9181e-02 -1.8619e-02 -4.4346e-02 -6.4144e-02 -3.9364e-02 -6.9102e-02 -3.4679e-02 -6.4992e-02 4.3293e-02 -4.3577e-02 4.1271e-02 4.1271e-02 9.1345e-03 6.6792e-03 1.4543e-02 1.9409e-02 8.4953e-03 2.1419e-02 1.9742e-02 1.6378e-02 5.1368e-03 4.8706e-02 4.8682e-02 4.5844e-02 4.2300e-02 4.6901e-02 4.1564e-02 4.9763e-02 4.2670e-02 4.3786e-02 4.6096e-02 3.5480e-02 4.4160e-02 4.0543e-02 1.7242e-02 4.4160e-02 -2.0318e-02 7.8304e-03 -4.9391e-02 6.0792e-02 6.8703e-02 -4.3577e-02 5.3535e-02 8.7147e-02 4.3846e-02 7.2283e-02 5.7391e-02 9.7534e-02 3.2009e-02 3.9680e-02 3.9364e-02 3.9680e-02 2.7990e-02 4.4405e-02 2.7990e-02 5.1917e-02 3.3076e-02 2.7065e-02 -3.1891e-02 -2.9902e-02 3.3448e-02 3.3055e-02 2.6443e-02 3.2371e-02 3.2336e-02 3.2371e-02 3.2713e-02 2.5513e-02 3.3055e-02 3.3055e-02 3.3055e-02 3.3076e-02 3.2713e-02 3.2371e-02 3.1968e-02 3.4195e-02 -2.6787e-02 -1.8338e-02 -1.6963e-02 -5.1310e-03 -5.1310e-03 -5.1310e-03 -5.1310e-03 -5.1310e-03 -5.1310e-03 -5.1310e-03 -5.1310e-03 -5.1310e-03 -5.1310e-03 -5.1310e-03 -3.8260e-03 -5.9848e-03 -5.7987e-03 -1.7077e-02 3.9646e-02 3.9340e-02 1.6822e-02 1.2989e-02 9.3160e-03 1.5955e-02 1.5955e-02 -1.9741e-02 7.7737e-03 8.0819e-03 -3.3515e-02 -2.2840e-02 -2.0795e-02 -2.3649e-02 -1.3271e-02 -1.3984e-02 -1.4475e-02 4.2753e-03 6.2095e-02 3.7352e-02 -4.9697e-03 -4.9697e-03 -2.5334e-02 -2.5334e-02 -5.5704e-04 3.6245e-03 6.2095e-02 -4.6321e-03 -5.5324e-03 -1.9741e-02 -1.3676e-02 -3.1529e-02 1.7645e-02 4.6749e-02 4.5013e-02 4.5013e-02 5.5372e-02 4.5874e-02 -2.6268e-03 4.6749e-02 3.3721e-03 4.6749e-02 -1.1442e-02 1.2010e-02 -1.1442e-02 -2.3198e-02 2.0926e-02 -1.1442e-02 -1.1442e-02 2.1532e-02 1.6088e-02 -4.4370e-02 -2.5852e-02 -4.4370e-02 -4.0131e-02 -5.4751e-03 -3.8648e-02 -3.4579e-02 -1.6296e-02 -1.6296e-02 -1.6296e-02 -2.6637e-02 -3.4579e-02 -1.5104e-02 -3.8044e-02 -1.4663e-02 -1.3768e-02 -1.4663e-02 -1.6296e-02 -8.4653e-03 -3.4579e-02 -1.4663e-02 -1.7522e-02 -3.8347e-02 -1.6402e-02 -2.7040e-02 -4.4038e-02 -3.8044e-02
-2.0368e-01 -6.9392e-02 1.0000e+00 -5.9944e-02 2.7045e-01 -1.3083e-01 -2.7398e-02 -2.4853e-02 1.0964e-01 1.3076e-02 1.3076e-02 -2.6129e-02 -2.6129e-02 -2.4105e-02 -2.6129e-02 -1.7878e-02 -2.6129e-02 -2.6129e-02 -2.2721e-02 -2.7402e-02 -2.7402e-02 2.0275e-02 2.4370e-02 2.4370e-02 4.4433e-02 -2.8075e-02 2.6581e-02 2.6581e-02 2.7682e-02 2.7682e-02 2.7682e-02 9.2058e-02 9.1671e-02 -9.5960e-03 9.1107e-02 9.4357e-02 9.4357e-02 8.1324e-02 8.1324e-02 9.3407e-02 8.1324e-02 -1.7792e-02 9.2190e-02 5.5398e-02 6.8813e-02 6.7010e-02 6.8108e-02 9.1823e-02 9.6634e-02 -7.1274e-02 7.0306e-02 -6.6451e-02 -6.6451e-02 -2.0430e-02 -2.0341e-02 -7.5550e-03 7.6011e-03 -1.0523e-03 8.4964e-03 1.4258e-02 3.4327e-03 9.2702e-03 -2.1044e-02 -1.5441e-02 -2.3761e-02 -3.8736e-02 -2.0655e-02 -2.9459e-02 -1.2289e-02 -3.7687e-02 -3.4527e-02 -4.9834e-02 -2.4795e-02 -3.3470e-02 -9.2484e-03 -2.1705e-02 -4.4932e-02 -2.2282e-02 -1.0096e-02 2.2860e-03 -4.9591e-02 -2.8806e-02 1.0618e-01 -5.4626e-02 -4.6761e-02 -5.3391e-02 -5.2030e-02 -6.2233e-02 -5.6538e-02 -2.0533e-02 -3.9836e-02 -4.0818e-02 -3.9836e-02 -3.0311e-02 -1.0814e-02 -2.5165e-02 -5.2952e-02 -5.9239e-02 -3.2934e-02 -3.4354e-02 -3.2614e-02 -5.8197e-02 -3.7601e-02 -2.9654e-02 -3.4120e-02 -6.1315e-02 -3.9649e-02 -3.8625e-02 -3.2621e-02 -3.7601e-02 -3.7601e-02 -3.7601e-02 -5.9239e-02 -3.8625e-02 -3.9649e-02 -6.2349e-02 -5.6106e-02 -6.2354e-02 -2.8314e-02 -3.5179e-02 1.2143e-02 1.2143e-02 1.2143e-02 1.2143e-02 1.2143e-02 1.2143e-02 1.2143e-02 1.2143e-02 1.2143e-02 1.2143e-02 1.2143e-02 1.6963e-02 8.9933e-03 4.7853e-02 -7.1634e-03 1.0038e-02 1.1100e-02 1.4333e-02 2.5135e-02 1.7602e-02 6.3179e-03 6.3179e-03 -4.1500e-03 -5.9391e-03 -4.8482e-03 -1.4197e-02 -1.8509e-02 5.2466e-02 6.3221e-03 -5.7901e-03 -4.0414e-02 -4.2067e-02 -2.0059e-02 7.3289e-03 1.4448e-02 -1.2713e-02 -1.2713e-02 9.3592e-03 9.3592e-03 8.5793e-03 1.8252e-02 7.3289e-03 -3.7040e-02 -3.4646e-02 -3.0342e-02 4.4618e-03 -2.0215e-04 5.4556e-02 -4.5981e-04 -1.4182e-02 -1.4182e-02 -3.5661e-02 -1.2361e-02 -3.2934e-02 -1.0516e-02 -2.1313e-02 -1.0516e-02 3.7331e-03 -9.5004e-03 3.7331e-03 4.7920e-02 -5.6959e-03 3.7331e-03 3.7331e-03 -3.7028e-03 4.0845e-02 1.7117e-02 -3.3412e-03 1.7117e-02 7.7672e-03 -1.2913e-02 6.7543e-02 4.6867e-02 5.6015e-02 5.6015e-02 5.6015e-02 6.2546e-02 4.6867e-02 6.4228e-02 7.2356e-02 6.6415e-02 6.1323e-02 6.6415e-02 7.8367e-02 3.6247e-02 4.6867e-02 6.6415e-02 8.5867e-02 6.9931e-02 7.6287e-02 5.9035e-02 2.5427e-02 5.2106e-02
-5.9559e-02 8.6384e-01 -5.9944e-02 1.0000e+00 3.7495e-02 -1.9241e-02 1.5271e-02 1.6031e-02 6.3890e-02 1.4895e-02 1.4895e-02 1.5650e-02 1.5650e-02 1.0405e-02 1.5650e-02 2.5830e-02 1.5650e-02 1.5650e-02 2.4606e-02 1.1241e-02 1.1241e-02 -1.6620e-02 -9.6152e-03 -9.6152e-03 -5.5050e-02 5.5098e-02 -9.0106e-03 -9.0106e-03 -8.7097e-03 -8.7097e-03 -8.7097e-03 -4.9256e-02 -4.7917e-02 3.3125e-02 -4.9525e-02 -5.0064e-02 -5.0064e-02 -7.4439e-03 -7.4439e-03 -5.0335e-02 -7.4439e-03 5.3899e-02 -1.6084e-02 -3.4118e-02 -7.2015e-02 -2.5495e-02 -6.7924e-02 -2.1515e-02 -6.0291e-02 4.1499e-02 -4.1744e-02 2.7112e-02 2.7112e-02 3.8659e-02 2.7031e-02 4.0772e-02 4.8455e-02 2.2163e-02 5.0390e-02 4.8775e-02 3.6632e-02 3.4893e-02 5.4724e-02 4.6553e-02 4.4067e-02 3.6541e-02 4.4993e-02 3.5905e-02 4.7500e-02 3.6860e-02 3.7824e-02 5.6346e-02 3.0649e-02 3.8147e-02 5.9800e-02 3.7495e-02 3.8147e-02 -6.1010e-03 2.8163e-02 -4.2666e-02 6.9317e-02 6.3513e-02 -3.2093e-02 4.6246e-02 7.9561e-02 4.6458e-02 7.9561e-02 5.8419e-02 9.8413e-02 4.6344e-02 4.2792e-02 4.2514e-02 4.2792e-02 3.2538e-02 6.3064e-02 3.2538e-02 4.4847e-02 2.3834e-02 2.7655e-02 -2.7549e-02 -2.5830e-02 2.4149e-02 2.8555e-02 2.7112e-02 2.7963e-02 2.3207e-02 2.7963e-02 2.8258e-02 2.6301e-02 2.8555e-02 2.8555e-02 2.8555e-02 2.3834e-02 2.8258e-02 2.7963e-02 2.2896e-02 2.4782e-02 -2.3140e-02 -1.5841e-02 -1.8825e-02 8.6055e-03 8.6055e-03 8.6055e-03 8.6055e-03 8.6055e-03 8.6055e-03 8.6055e-03 8.6055e-03 8.6055e-03 8.6055e-03 8.6055e-03 9.8889e-03 7.7676e-03 3.6492e-03 -2.7057e-02 3.4248e-02 3.8086e-02 2.2790e-02 1.1221e-02 8.0476e-03 2.2036e-02 2.2036e-02 -8.5433e-03 2.1196e-03 2.3910e-03 -1.8557e-02 -3.3128e-03 -1.7964e-02 -9.2718e-03 5.0351e-03 -5.7307e-03 -6.1318e-03 9.2718e-03 -1.1689e-02 1.5271e-02 3.5083e-04 3.5083e-04 -1.2073e-02 -1.2073e-02 8.4832e-03 7.2645e-03 -1.1689e-02 4.8263e-03 4.0263e-03 -8.5433e-03 -7.7128e-03 -2.7236e-02 2.7549e-02 6.4887e-02 6.3060e-02 6.3060e-02 7.4013e-02 6.3966e-02 -6.5440e-03 6.4887e-02 -6.1316e-03 6.4887e-02 -1.8782e-03 -2.1396e-03 -1.8782e-03 -2.0039e-02 5.3954e-03 -1.8782e-03 -1.8782e-03 5.9057e-03 1.3897e-02 -3.8328e-02 1.2402e-02 -3.8328e-02 -3.4667e-02 -6.2081e-04 -3.3386e-02 -2.9870e-02 -1.4077e-02 -1.4077e-02 -1.4077e-02 -2.3010e-02 -2.9870e-02 -5.4252e-03 -3.2863e-02 -4.9997e-03 -4.1340e-03 -4.9997e-03 -1.4077e-02 1.0281e-03 -2.9870e-02 -4.9997e-03 -1.5136e-02 -3.3125e-02 -6.6746e-03 -2.3358e-02 -5.0606e-02 -3.2863e-02
-5.6441e-03 1.7242e-02 2.7045e-01 3.7495e-02 1.0000e+00 -2.2407e-01 -1.3126e-01 -1.2958e-01 3.3290e-01 -1.0945e-01 -1.0945e-01 6.1464e-03 6.1464e-03 -8.8186e-02 6.1464e-03 -9.1596e-02 6.1464e-03 6.1464e-03 -9.5866e-02 7.3152e-02 7.3152e-02 1.3248e-01 -3.4471e-02 -3.4471e-02 -2.3877e-02 5.8080e-02 -4.5264e-02 -4.5264e-02 -4.4193e-02 -4.4193e-02 -4.4193e-02 -9.1457e-03 -4.7800e-03 5.0322e-02 -4.4359e-03 -6.1842e-03 -6.1842e-03 -1.5811e-02 -1.5811e-02 -7.0594e-03 -1.5811e-02 5.5356e-02 5.4706e-02 -2.5602e-02 8.1363e-02 -2.5078e-02 1.0694e-02 -1.7318e-02 -7.5413e-03 -1.7463e-02 2.2087e-02 -1.5120e-02 -1.5120e-02 3.3746e-02 5.2828e-02 6.2123e-02 4.0766e-02 1.8720e-02 4.6721e-02 5.3859e-02 1.3957e-03 -1.6349e-03 -3.5150e-02 -4.9256e-02 -5.0362e-02 -3.1754e-02 -4.7704e-02 -3.3605e-02 -4.6581e-02 -3.0826e-02 -3.4239e-02 -3.8522e-02 -5.5099e-02 -3.3310e-02 -8.1130e-02 1.1306e-02 -5.8182e-02 9.7766e-03 -1.4946e-02 -7.5639e-03 -5.3247e-02 -3.2083e-02 1.2906e-01 -3.6010e-02 -5.1610e-02 -5.3894e-02 -5.1610e-02 -4.2288e-02 -3.5560e-02 7.5422e-02 -1.9513e-02 -2.0389e-02 -1.9513e-02 -2.4351e-02 -9.6378e-02 -2.9934e-02 -3.9792e-02 1.1571e-02 -2.4777e-02 -7.8757e-02 -7.8232e-02 1.2576e-02 -1.3192e-02 -2.6527e-02 -1.5039e-02 9.5699e-03 -1.5039e-02 -1.4116e-02 -2.9146e-02 -1.3192e-02 -1.3192e-02 -1.3192e-02 1.1571e-02 -1.4116e-02 -1.5039e-02 8.5735e-03 8.2378e-03 -5.2394e-02 -5.4272e-02 -6.2085e-02 -3.0296e-02 -3.0296e-02 -3.0296e-02 -3.0296e-02 -3.0296e-02 -3.0296e-02 -3.0296e-02 -3.0296e-02 -3.0296e-02 -3.0296e-02 -3.0296e-02 -2.6533e-02 -2.4119e-02 -5.0471e-02 -4.9644e-02 8.5641e-02 8.0152e-02 9.7678e-02 3.8118e-02 3.2552e-02 8.4005e-02 8.4005e-02 -7.1540e-02 3.1145e-02 2.5935e-02 -8.5228e-02 5.2748e-02 -4.3631e-02 -8.4074e-02 7.6739e-02 -5.4521e-02 -5.6049e-02 -2.0252e-02 -4.0857e-02 -1.0185e-02 7.6492e-02 7.6492e-02 3.5557e-02 3.5557e-02 7.6752e-02 1.2876e-02 -4.0857e-02 3.2592e-02 4.1518e-02 -9.0223e-03 -6.5073e-03 8.6311e-03 2.3961e-02 -6.6807e-03 8.1325e-04 8.1325e-04 -1.4079e-02 -8.3269e-03 -1.3356e-02 -6.6807e-03 -3.2708e-02 -6.6807e-03 9.8334e-03 1.0352e-02 9.8334e-03 3.3529e-02 8.6945e-03 9.8334e-03 9.8334e-03 1.6120e-02 -1.3015e-02 -1.8226e-02 1.2822e-03 -1.8226e-02 -2.6742e-02 1.2832e-02 3.5020e-02 3.8951e-02 -6.9911e-04 -6.9911e-04 -6.9911e-04 7.1146e-02 5.0897e-02 4.7561e-02 4.9916e-02 4.9437e-02 4.2900e-02 4.9437e-02 -6.9911e-04 4.2960e-02 5.0897e-02 3.9195e-02 -7.7056e-03 3.6961e-02 4.2072e-02 6.7826e-02 -3.0313e-02 4.9916e-02
1.9166e-01 -2.2274e-02 -1.3083e-01 -1.9241e-02 -2.2407e-01 1.0000e+00 6.2505e-01 6.1304e-01 -2.8107e-01 5.0446e-01 5.0446e-01 -2.3302e-02 -2.3302e-02 3.9999e-02 -2.3302e-02 3.5166e-02 -2.3302e-02 -2.3302e-02 4.2572e-02 -3.6053e-02 -3.6053e-02 -5.9756e-02 -1.4666e-01 -1.4666e-01 -1.3787e-01 -3.9694e-02 -1.3810e-01 -1.3810e-01 -1.3648e-01 -1.3648e-01 -1.3648e-01 -1.5816e-01 -1.5627e-01 -1.3996e-01 -1.5945e-01 -1.6204e-01 -1.6204e-01 -1.6477e-01 -1.6477e-01 -1.5877e-01 -1.6477e-01 -2.0300e-02 -2.1145e-01 -1.2474e-01 -2.1541e-01 -1.2831e-01 -1.1159e-01 -1.5477e-01 -1.6308e-01 1.8391e-01 -1.8512e-01 1.7363e-01 1.7363e-01 2.0453e-02 9.8902e-03 4.5049e-02 1.9187e-02 5.1609e-02 1.7398e-02 2.0541e-02 3.1743e-02 2.2614e-02 1.0145e-01 7.9961e-02 7.8594e-02 1.0248e-01 7.7878e-02 9.9520e-02 7.9254e-02 1.0396e-01 9.3198e-02 9.4501e-02 7.5010e-02 8.4507e-02 2.9811e-02 4.1407e-02 2.8553e-02 4.4130e-02 2.0524e-02 6.4466e-02 4.5274e-02 3.7348e-02 -9.8139e-02 4.7659e-02 7.1518e-02 7.2062e-02 7.1518e-02 2.4854e-02 5.4549e-02 2.3098e-02 -5.2716e-03 -6.5210e-03 -5.2716e-03 3.9414e-02 1.9697e-02 3.4847e-02 5.2208e-02 5.8950e-02 7.8256e-02 5.4989e-02 5.8945e-02 5.5240e-02 1.0455e-01 7.5647e-02 1.0170e-01 6.1176e-02 1.0661e-01 1.0803e-01 8.1064e-02 1.0946e-01 1.0946e-01 1.0946e-01 6.4128e-02 1.0803e-01 1.1151e-01 5.4549e-02 6.3389e-02 9.9116e-02 1.1770e-01 1.6083e-01 1.3029e-02 1.3029e-02 1.3029e-02 1.3029e-02 1.3029e-02 1.3029e-02 1.3029e-02 1.3029e-02 1.3029e-02 1.3029e-02 1.3029e-02 1.1802e-02 9.1204e-03 1.2145e-01 6.6364e-02 -2.6942e-02 3.2576e-02 -2.9811e-02 3.0133e-02 2.3437e-02 -2.4416e-02 -2.4416e-02 7.4269e-03 -1.0370e-01 -1.0223e-01 8.3710e-02 -2.2928e-02 -2.5970e-02 8.7537e-02 -2.6833e-02 -1.3483e-02 -1.5408e-02 -2.0481e-02 -1.0100e-02 -4.3478e-02 -4.6962e-03 -4.6962e-03 2.2246e-02 2.2246e-02 3.3379e-02 2.0196e-02 -1.0100e-02 4.6328e-02 3.7512e-02 3.9972e-02 2.7062e-02 1.4216e-02 3.2839e-03 -2.8390e-03 -7.5456e-03 -7.5456e-03 -8.5218e-03 -5.2079e-03 -3.8526e-02 -2.8390e-03 1.7836e-02 -2.8390e-03 -9.8530e-03 -3.9732e-02 -9.8530e-03 -2.8298e-02 -4.9126e-02 -9.8530e-03 -9.8530e-03 -4.6686e-02 3.4401e-02 1.5977e-02 3.1353e-02 1.5977e-02 5.6311e-04 -1.4139e-02 -1.4073e-02 -1.0608e-02 -9.9590e-03 -9.9590e-03 -9.9590e-03 -1.9721e-03 -2.0381e-02 -2.7332e-02 -1.8411e-02 -2.5234e-02 -2.0969e-02 -2.5234e-02 -9.9590e-03 -2.2876e-02 -2.0381e-02 -2.5234e-02 -7.5348e-04 -1.1764e-02 -2.5299e-02 -5.2385e-03 -4.4717e-03 -4.3772e-04
3.0681e-02 -1.9947e-03 -2.7398e-02 1.5271e-02 -1.3126e-01 6.2505e-01 1.0000e+00 9.8478e-01 -2.2982e-01 8.0705e-01 8.0705e-01 9.1008e-02 9.1008e-02 1.0105e-01 9.1008e-02 9.7633e-02 9.1008e-02 9.1008e-02 9.3370e-02 7.4568e-02 7.4568e-02 5.6489e-02 -2.1132e-01 -2.1132e-01 -2.0533e-01 -3.6221e-02 -2.0222e-01 -2.0222e-01 -2.0092e-01 -2.0092e-01 -2.0092e-01 -9.5390e-02 -9.6460e-02 -1.9094e-01 -9.6296e-02 -9.8113e-02 -9.8113e-02 -9.7558e-02 -9.7558e-02 -9.3416e-02 -9.7558e-02 -1.1052e-02 -1.0225e-01 3.3824e-02 -1.2178e-01 4.1145e-02 3.0243e-02 1.4396e-02 -4.3632e-03 6.7612e-02 -6.8465e-02 4.4087e-02 4.4087e-02 8.2811e-02 7.5617e-02 1.2057e-01 9.1122e-02 6.9233e-02 9.1272e-02 8.6088e-02 1.0798e-01 7.0225e-02 1.3634e-01 1.1510e-01 1.0680e-01 1.3096e-01 1.0989e-01 1.2874e-01 1.1221e-01 1.3207e-01 1.1676e-01 1.0214e-01 1.0430e-01 1.0540e-01 8.2133e-02 2.0083e-02 7.4230e-02 1.8629e-02 7.7915e-03 5.5466e-02 9.5095e-02 8.1702e-02 -7.0117e-02 8.7685e-02 9.9340e-02 9.7409e-02 9.9340e-02 4.8278e-02 8.6046e-02 7.6254e-02 3.9537e-02 3.8630e-02 3.9537e-02 8.4195e-02 8.8352e-02 8.4195e-02 7.6828e-02 8.2993e-02 1.0317e-01 7.7679e-02 7.8131e-02 7.7735e-02 1.2715e-01 1.0127e-01 1.2504e-01 8.0811e-02 1.2504e-01 1.2609e-01 1.0414e-01 1.2715e-01 1.2715e-01 1.2715e-01 8.2993e-02 1.2609e-01 1.2504e-01 7.3404e-02 7.9921e-02 8.7502e-02 9.6818e-02 1.2439e-01 4.9173e-02 4.9173e-02 4.9173e-02 4.9173e-02 4.9173e-02 4.9173e-02 4.9173e-02 4.9173e-02 4.9173e-02 4.9173e-02 4.9173e-02 4.5037e-02 4.6108e-02 1.1243e-01 8.4870e-02 -6.5844e-02 -1.5717e-02 -8.2133e-02 -2.5024e-02 -2.5193e-02 -7.9121e-02 -7.9121e-02 2.1536e-02 -9.9712e-02 -9.8647e-02 6.2064e-02 -5.4410e-02 -4.9263e-03 5.1393e-02 -6.9751e-02 -5.5669e-02 -5.7197e-02 -7.3807e-02 -4.0703e-02 -4.6968e-02 -1.4949e-02 -1.4949e-02 7.3586e-02 7.3586e-02 4.5147e-02 4.3011e-02 -4.0703e-02 -2.4574e-02 -3.3151e-02 -1.2654e-02 6.2120e-02 9.2615e-03 -2.8234e-02 -2.7836e-02 -3.0812e-02 -3.0812e-02 -2.5118e-02 -2.9333e-02 -5.6114e-03 -2.7836e-02 -1.8928e-02 -2.7836e-02 -3.2274e-02 -4.8791e-02 -3.2274e-02 -5.5053e-04 -4.5753e-02 -3.2274e-02 -3.2274e-02 -4.9710e-02 2.3029e-02 1.1593e-02 3.8843e-04 1.1593e-02 5.5213e-03 -2.8575e-02 3.2617e-03 1.5764e-02 -2.4702e-02 -2.4702e-02 -2.4702e-02 2.6255e-02 3.7862e-03 -1.2766e-02 -4.2918e-03 -1.1248e-02 -8.1603e-03 -1.1248e-02 -2.4702e-02 -8.8831e-04 3.7862e-03 -1.1248e-02 -7.3879e-03 4.9801e-03 -7.1832e-03 2.3566e-02 -3.8236e-02 6.7224e-03
4.0556e-02 -1.2189e-03 -2.4853e-02 1.6031e-02 -1.2958e-01 6.1304e-01 9.8478e-01 1.0000e+00 -2.4559e-01 8.1369e-01 8.1369e-01 9.3846e-02 9.3846e-02 9.0443e-02 9.3846e-02 8.7052e-02 9.3846e-02 9.3846e-02 8.2821e-02 7.7426e-02 7.7426e-02 5.9426e-02 -2.1548e-01 -2.1548e-01 -2.0976e-01 -3.5246e-02 -2.0635e-01 -2.0635e-01 -2.0506e-01 -2.0506e-01 -2.0506e-01 -8.9182e-02 -9.0327e-02 -1.9344e-01 -9.0080e-02 -9.1878e-02 -9.1878e-02 -9.0881e-02 -9.0881e-02 -8.7143e-02 -9.0881e-02 -9.9297e-03 -9.7646e-02 4.0799e-02 -1.1770e-01 4.8618e-02 3.6406e-02 2.1499e-02 2.0432e-03 6.2426e-02 -6.3272e-02 3.6971e-02 3.6971e-02 8.7038e-02 7.8620e-02 1.2444e-01 9.5118e-02 7.1266e-02 9.5218e-02 9.0049e-02 1.1095e-01 7.4498e-02 1.3007e-01 1.0716e-01 9.8975e-02 1.2253e-01 1.0202e-01 1.2035e-01 1.0419e-01 1.2363e-01 1.1443e-01 1.0200e-01 1.0225e-01 1.0299e-01 7.7660e-02 2.2564e-02 7.1657e-02 2.1056e-02 1.0410e-02 5.7675e-02 9.4372e-02 8.1153e-02 -7.5525e-02 8.4780e-02 9.8216e-02 9.6224e-02 9.8216e-02 4.6309e-02 8.3356e-02 7.7933e-02 3.8208e-02 3.7309e-02 3.8208e-02 8.3555e-02 8.3772e-02 8.3555e-02 7.3935e-02 7.3856e-02 9.6333e-02 7.8222e-02 7.8599e-02 6.8544e-02 1.1927e-01 9.4457e-02 1.1719e-01 7.1713e-02 1.1719e-01 1.1823e-01 9.7392e-02 1.1927e-01 1.1927e-01 1.1927e-01 7.3856e-02 1.1823e-01 1.1719e-01 6.4292e-02 7.0690e-02 8.7899e-02 9.1398e-02 1.1841e-01 5.1387e-02 5.1387e-02 5.1387e-02 5.1387e-02 5.1387e-02 5.1387e-02 5.1387e-02 5.1387e-02 5.1387e-02 5.1387e-02 5.1387e-02 4.7200e-02 4.8325e-02 1.1442e-01 8.5429e-02 -7.2160e-02 -2.1192e-02 -8.8780e-02 -3.0104e-02 -3.0145e-02 -8.5714e-02 -8.5714e-02 2.5852e-02 -9.7447e-02 -9.6392e-02 5.8094e-02 -6.0443e-02 -4.1462e-03 4.6573e-02 -7.6270e-02 -5.7986e-02 -5.9512e-02 -7.6617e-02 -4.0394e-02 -4.4851e-02 -1.7961e-02 -1.7961e-02 7.0994e-02 7.0994e-02 4.1787e-02 4.2541e-02 -4.0394e-02 -2.6901e-02 -3.5483e-02 -1.4247e-02 6.2426e-02 1.0533e-02 -3.4038e-02 -2.6497e-02 -2.9465e-02 -2.9465e-02 -2.3873e-02 -2.7990e-02 -1.5104e-03 -2.6497e-02 -1.5506e-02 -2.6497e-02 -3.0923e-02 -4.4460e-02 -3.0923e-02 3.4590e-04 -4.1684e-02 -3.0923e-02 -3.0923e-02 -4.5680e-02 2.3636e-02 3.6529e-03 -1.4132e-03 3.6529e-03 -3.4690e-03 -2.9067e-02 4.7773e-03 1.7188e-02 -2.4201e-02 -2.4201e-02 -2.4201e-02 2.7426e-02 5.1467e-03 -1.1222e-02 -2.8397e-03 -9.7071e-03 -6.6251e-03 -9.7071e-03 -2.4201e-02 5.5813e-04 5.1467e-03 -9.7071e-03 -6.7477e-03 6.4931e-03 -5.5764e-03 2.4739e-02 -3.7295e-02 8.2329e-03
-8.0927e-02 4.7967e-02 1.0964e-01 6.3890e-02 3.3290e-01 -2.8107e-01 -2.2982e-01 -2.4559e-01 1.0000e+00 -2.7299e-01 -2.7299e-01 -1.3818e-01 -1.3818e-01 -1.2339e-01 -1.3818e-01 -1.2418e-01 -1.3818e-01 -1.3818e-01 -1.3498e-01 -7.8809e-02 -7.8809e-02 -6.9360e-02 6.4894e-02 6.4894e-02 4.9033e-02 2.8244e-03 5.7483e-02 5.7483e-02 5.8917e-02 5.8917e-02 5.8917e-02 1.1656e-01 1.1403e-01 6.1945e-02 1.1973e-01 1.2164e-01 1.2164e-01 1.4194e-01 1.4194e-01 1.2037e-01 1.4194e-01 -1.1005e-02 1.8929e-01 1.4453e-01 1.6795e-01 1.3239e-01 1.4226e-01 1.4676e-01 1.4750e-01 -1.7159e-01 1.7465e-01 -1.6560e-01 -1.6560e-01 -4.8458e-02 -3.5039e-02 -2.5605e-02 -3.3186e-02 -6.9468e-03 -3.4472e-02 -3.1795e-02 -7.2210e-02 -9.8092e-02 -1.3584e-01 -1.3703e-01 -1.4247e-01 -1.3747e-01 -1.4816e-01 -1.4005e-01 -1.3797e-01 -1.3617e-01 -1.4215e-01 -1.4445e-01 -1.3764e-01 -1.3591e-01 -7.6627e-02 -3.3036e-02 -1.1614e-01 -4.8788e-02 -3.0218e-02 -6.3239e-02 -1.1914e-01 -9.2571e-02 1.4260e-02 -1.1930e-01 -7.4273e-02 -1.1462e-01 -1.0154e-01 -1.0943e-01 -1.1145e-01 -2.0913e-02 -1.1305e-01 -1.0980e-01 -1.1305e-01 -1.1212e-01 -5.3903e-02 -1.1656e-01 -1.2972e-01 -6.2144e-02 -9.5026e-02 -3.2904e-02 -2.8221e-02 -6.0734e-02 -8.4475e-02 -9.7597e-02 -8.7135e-02 -6.4952e-02 -8.7135e-02 -8.5806e-02 -1.0144e-01 -8.9252e-02 -8.9252e-02 -8.9252e-02 -6.7175e-02 -9.0579e-02 -9.1903e-02 -6.1341e-02 -6.2957e-02 -9.2414e-02 -8.8774e-02 -6.9744e-02 -2.8910e-02 -2.8910e-02 -2.8910e-02 -2.8910e-02 -2.8910e-02 -2.8910e-02 -2.8910e-02 -2.8910e-02 -2.8910e-02 -2.8910e-02 -2.8910e-02 -3.7041e-02 -2.5889e-02 -4.3881e-02 -1.2901e-02 2.4250e-02 1.5006e-02 3.2783e-02 1.6242e-02 3.0133e-02 3.7630e-02 3.7630e-02 -5.1075e-02 5.2489e-02 5.8747e-02 -8.5350e-02 3.0174e-02 -6.4273e-02 -7.1006e-02 3.0639e-02 2.1912e-02 1.9988e-02 2.9545e-02 1.0021e-01 5.8878e-02 3.4063e-02 3.4063e-02 -3.9450e-03 -3.9450e-03 1.8402e-02 -1.0261e-02 7.7085e-02 5.1429e-03 1.0325e-02 -1.4935e-02 -1.9191e-02 3.1748e-02 -1.0650e-02 3.3447e-02 4.5044e-02 4.5044e-02 1.4110e-02 3.9283e-02 2.8875e-04 4.2118e-02 3.8374e-03 4.2118e-02 4.2232e-02 3.2120e-02 4.2232e-02 -2.3350e-02 3.2042e-02 4.2232e-02 4.2232e-02 3.4737e-02 -3.9486e-02 -1.8122e-02 -2.4092e-02 -1.8122e-02 -1.6016e-02 2.2610e-02 2.2056e-02 -1.5083e-02 7.9980e-02 7.9980e-02 7.9980e-02 -1.2910e-02 -5.5878e-03 4.5309e-02 2.7532e-02 4.7985e-02 4.5203e-02 4.7985e-02 6.0704e-02 1.5458e-02 -5.5878e-03 3.9845e-02 4.5927e-02 1.6103e-02 3.7474e-02 -1.6250e-02 -5.4013e-03 2.7532e-02
5.0227e-02 -2.3796e-03 1.3076e-02 1.4895e-02 -1.0945e-01 5.0446e-01 8.0705e-01 8.1369e-01 -2.7299e-01 1.0000e+00 1.0000e+00 1.7306e-01 1.7306e-01 9.2619e-02 1.7306e-01 8.9189e-02 1.7306e-01 1.7306e-01 8.4910e-02 1.5413e-01 1.5413e-01 1.1136e-01 -2.8693e-01 -2.8693e-01 -2.5258e-01 -3.6706e-02 -2.7762e-01 -2.7762e-01 -2.7621e-01 -2.7621e-01 -2.7621e-01 -1.2639e-01 -1.2737e-01 -2.8790e-01 -1.2731e-01 -1.2916e-01 -1.2916e-01 -1.3490e-01 -1.3490e-01 -1.2449e-01 -1.3490e-01 1.7840e-03 -1.3749e-01 -1.4409e-02 -1.2381e-01 1.4706e-02 1.0694e-02 -2.8594e-02 -4.0791e-02 1.1949e-01 -1.2035e-01 9.3245e-02 9.3245e-02 1.6879e-01 1.6643e-01 2.0657e-01 1.7985e-01 8.8028e-02 1.6842e-01 1.7492e-01 1.9662e-01 1.6110e-01 1.6762e-01 1.4308e-01 1.3454e-01 1.5368e-01 1.3773e-01 1.5140e-01 1.4031e-01 1.5483e-01 1.4587e-01 1.3808e-01 1.3860e-01 1.3458e-01 1.2848e-01 4.1495e-02 1.0971e-01 4.0368e-02 3.5077e-02 8.9764e-02 1.2632e-01 1.1258e-01 -1.2305e-01 1.1801e-01 1.3135e-01 1.3526e-01 1.3706e-01 8.1740e-02 1.2206e-01 1.1288e-01 7.1474e-02 7.0546e-02 7.1474e-02 1.2080e-01 1.1813e-01 1.2080e-01 1.1336e-01 1.0019e-01 1.3511e-01 1.1851e-01 1.1899e-01 9.4972e-02 1.4909e-01 1.3317e-01 1.4693e-01 9.7952e-02 1.4693e-01 1.4801e-01 1.3596e-01 1.4909e-01 1.4909e-01 1.4909e-01 1.0019e-01 1.4801e-01 1.4693e-01 9.0535e-02 9.7212e-02 1.3387e-01 1.4345e-01 1.5523e-01 1.1774e-01 1.1774e-01 1.1774e-01 1.1774e-01 1.1774e-01 1.1774e-01 1.1774e-01 1.1774e-01 1.1774e-01 1.1774e-01 1.1774e-01 1.1446e-01 1.1414e-01 9.9884e-02 1.0377e-01 -6.8207e-02 -2.9441e-02 -7.8838e-02 -3.3527e-02 -3.9323e-02 -7.5852e-02 -7.5852e-02 2.5078e-02 -8.5491e-02 -9.6701e-02 3.9736e-02 -3.4971e-02 -5.3134e-03 3.5156e-02 -4.9989e-02 -4.6040e-02 -4.7537e-02 -5.7511e-02 -4.0857e-02 -4.8019e-02 -1.6556e-02 -1.6556e-02 6.8320e-02 6.8320e-02 4.6815e-02 5.1527e-02 -4.0857e-02 -2.6368e-02 -3.4936e-02 -1.4706e-02 6.4708e-02 8.6504e-02 -1.4396e-02 -3.9412e-02 -4.2246e-02 -4.2246e-02 -3.7393e-02 -4.0837e-02 -1.3356e-02 -3.9412e-02 -2.6667e-02 -3.9412e-02 -4.3639e-02 -4.5368e-02 -4.3639e-02 -9.9523e-04 -3.6479e-02 -4.3639e-02 -4.3639e-02 -4.0405e-02 1.9979e-02 -8.5810e-03 -3.5836e-02 -8.5810e-03 -5.7572e-03 -3.1076e-02 1.3347e-02 1.5058e-02 -6.9911e-04 -6.9911e-04 -6.9911e-04 1.0517e-02 3.1113e-03 -3.3502e-03 5.9733e-03 -1.7714e-03 1.4424e-03 -1.7714e-03 -6.9911e-04 -1.6059e-03 3.1113e-03 -1.7714e-03 1.4895e-02 1.5140e-02 2.0299e-03 8.0380e-03 3.2531e-03 5.9733e-03
5.0227e-02 -2.3796e-03 1.3076e-02 1.4895e-02 -1.0945e-01 5.0446e-01 8.0705e-01 8.1369e-01 -2.7299e-01 1.0000e+00 1.0000e+00 1.7306e-01 1.7306e-01 9.2619e-02 1.7306e-01 8.9189e-02 1.7306e-01 1.7306e-01 8.4910e-02 1.5413e-01 1.5413e-01 1.1136e-01 -2.8693e-01 -2.8693e-01 -2.5258e-01 -3.6706e-02 -2.7762e-01 -2.7762e-01 -2.7621e-01 -2.7621e-01 -2.7621e-01 -1.2639e-01 -1.2737e-01 -2.8790e-01 -1.2731e-01 -1.2916e-01 -1.2916e-01 -1.3490e-01 -1.3490e-01 -1.2449e-01 -1.3490e-01 1.7840e-03 -1.3749e-01 -1.4409e-02 -1.2381e-01 1.4706e-02 1.0694e-02 -2.8594e-02 -4.0791e-02 1.1949e-01 -1.2035e-01 9.3245e-02 9.3245e-02 1.6879e-01 1.6643e-01 2.0657e-01 1.7985e-01 8.8028e-02 1.6842e-01 1.7492e-01 1.9662e-01 1.6110e-01 1.6762e-01 1.4308e-01 1.3454e-01 1.5368e-01 1.3773e-01 1.5140e-01 1.4031e-01 1.5483e-01 1.4587e-01 1.3808e-01 1.3860e-01 1.3458e-01 1.2848e-01 4.1495e-02 1.0971e-01 4.0368e-02 3.5077e-02 8.9764e-02 1.2632e-01 1.1258e-01 -1.2305e-01 1.1801e-01 1.3135e-01 1.3526e-01 1.3706e-01 8.1740e-02 1.2206e-01 1.1288e-01 7.1474e-02 7.0546e-02 7.1474e-02 1.2080e-01 1.1813e-01 1.2080e-01 1.1336e-01 1.0019e-01 1.3511e-01 1.1851e-01 1.1899e-01 9.4972e-02 1.4909e-01 1.3317e-01 1.4693e-01 9.7952e-02 1.4693e-01 1.4801e-01 1.3596e-01 1.4909e-01 1.4909e-01 1.4909e-01 1.0019e-01 1.4801e-01 1.4693e-01 9.0535e-02 9.7212e-02 1.3387e-01 1.4345e-01 1.5523e-01 1.1774e-01 1.1774e-01 1.1774e-01 1.1774e-01 1.1774e-01 1.1774e-01 1.1774e-01 1.1774e-01 1.1774e-01 1.1774e-01 1.1774e-01 1.1446e-01 1.1414e-01 9.9884e-02 1.0377e-01 -6.8207e-02 -2.9441e-02 -7.8838e-02 -3.3527e-02 -3.9323e-02 -7.5852e-02 -7.5852e-02 2.5078e-02 -8.5491e-02 -9.6701e-02 3.9736e-02 -3.4971e-02 -5.3134e-03 3.5156e-02 -4.9989e-02 -4.6040e-02 -4.7537e-02 -5.7511e-02 -4.0857e-02 -4.8019e-02 -1.6556e-02 -1.6556e-02 6.8320e-02 6.8320e-02 4.6815e-02 5.1527e-02 -4.0857e-02 -2.6368e-02 -3.4936e-02 -1.4706e-02 6.4708e-02 8.6504e-02 -1.4396e-02 -3.9412e-02 -4.2246e-02 -4.2246e-02 -3.7393e-02 -4.0837e-02 -1.3356e-02 -3.9412e-02 -2.6667e-02 -3.9412e-02 -4.3639e-02 -4.5368e-02 -4.3639e-02 -9.9523e-04 -3.6479e-02 -4.3639e-02 -4.3639e-02 -4.0405e-02 1.9979e-02 -8.5810e-03 -3.5836e-02 -8.5810e-03 -5.7572e-03 -3.1076e-02 1.3347e-02 1.5058e-02 -6.9911e-04 -6.9911e-04 -6.9911e-04 1.0517e-02 3.1113e-03 -3.3502e-03 5.9733e-03 -1.7714e-03 1.4424e-03 -1.7714e-03 -6.9911e-04 -1.6059e-03 3.1113e-03 -1.7714e-03 1.4895e-02 1.5140e-02 2.0299e-03 8.0380e-03 3.2531e-03 5.9733e-03
-1.7049e-02 -1.6078e-03 -2.6129e-02 1.5650e-02 6.1464e-03 -2.3302e-02 9.1008e-02 9.3846e-02 -1.3818e-01 1.7306e-01 1.7306e-01 1.0000e+00 1.0000e+00 4.3448e-01 9.9237e-01 4.2553e-01 9.9237e-01 9.9237e-01 4.2127e-01 9.1959e-01 9.1959e-01 8.0113e-01 -3.6306e-01 -3.6306e-01 -3.1317e-01 3.7262e-01 -3.4702e-01 -3.4702e-01 -3.4552e-01 -3.4552e-01 -3.4552e-01 -1.6525e-01 -1.6062e-01 -4.4444e-01 -1.6618e-01 -1.5681e-01 -1.5681e-01 -1.7403e-01 -1.7403e-01 -1.5212e-01 -1.7403e-01 3.5302e-01 -5.0274e-02 -1.5961e-01 -4.7281e-02 -1.6652e-01 -1.1036e-01 -1.5209e-01 -1.2930e-01 8.7053e-02 -8.7902e-02 1.6094e-01 1.6094e-01 2.1477e-01 3.5547e-01 2.6139e-01 2.3900e-01 -8.9005e-02 2.3393e-01 2.2802e-01 3.7364e-01 1.8920e-01 1.6152e-01 2.1990e-01 2.2282e-01 2.3860e-01 2.2021e-01 2.3614e-01 2.1729e-01 2.3984e-01 2.3734e-01 1.1594e-01 2.1585e-01 2.3234e-01 7.9902e-02 -8.4896e-02 1.8859e-01 -8.0106e-02 -1.0584e-01 -5.9060e-02 9.7554e-02 8.4224e-02 9.4901e-02 2.1848e-01 1.1315e-01 1.2851e-01 1.2464e-01 1.5119e-01 2.0829e-01 2.1515e-01 1.2176e-01 1.2081e-01 1.2176e-01 9.7906e-02 6.3951e-02 9.7906e-02 2.0048e-01 1.7388e-01 1.3420e-01 3.6637e-02 4.2568e-02 1.6872e-01 1.5947e-01 1.3227e-01 1.5730e-01 1.7147e-01 1.6333e-01 1.5839e-01 1.3511e-01 1.5947e-01 1.5343e-01 1.5343e-01 1.6752e-01 1.5839e-01 1.5730e-01 1.6393e-01 1.5198e-01 5.1902e-02 3.8905e-02 4.8591e-02 2.6912e-01 2.6912e-01 2.6912e-01 2.6912e-01 2.6912e-01 2.6912e-01 2.6912e-01 2.6912e-01 2.6912e-01 2.6912e-01 2.6912e-01 2.5872e-01 2.6437e-01 -3.7722e-02 4.3839e-02 6.9092e-02 4.2145e-02 5.8725e-02 5.6832e-03 -5.4308e-03 5.6123e-02 5.6123e-02 6.5481e-03 5.2606e-02 5.3497e-02 -4.1110e-02 3.6272e-02 -2.3796e-02 -2.9666e-02 4.3314e-02 3.6959e-02 3.5776e-02 5.2139e-02 -4.0548e-02 -1.5486e-02 1.1610e-02 1.1610e-02 2.6184e-02 2.6184e-02 4.3471e-02 2.3350e-02 -4.0548e-02 -4.9901e-03 -7.7102e-03 -2.2018e-02 4.2998e-02 7.5130e-02 5.7006e-02 5.7345e-03 -8.4979e-03 -8.4979e-03 -1.0600e-03 -6.8762e-03 7.9143e-03 -5.2330e-03 -1.7222e-02 -5.2330e-03 2.2153e-02 -3.5428e-02 2.2153e-02 1.7249e-02 -2.1018e-02 2.2153e-02 2.2153e-02 -2.4971e-02 4.2680e-02 2.7854e-03 8.8182e-03 2.7854e-03 2.7406e-02 -2.6062e-02 -3.9557e-02 -6.7590e-02 4.8686e-02 4.8686e-02 4.8686e-02 -3.4109e-02 -6.7590e-02 -5.2938e-02 -4.7741e-02 -5.1662e-02 -4.9070e-02 -5.1662e-02 2.4307e-02 -6.7367e-02 -6.7590e-02 -5.1662e-02 3.8369e-02 -3.8136e-02 -4.6634e-02 -3.5950e-02 -1.2460e-02 -3.5677e-03
-1.7049e-02 -1.6078e-03 -2.6129e-02 1.5650e-02 6.1464e-03 -2.3302e-02 9.1008e-02 9.3846e-02 -1.3818e-01 1.7306e-01 1.7306e-01 1.0000e+00 1.0000e+00 4.3448e-01 9.9237e-01 4.2553e-01 9.9237e-01 9.9237e-01 4.2127e-01 9.1959e-01 9.1959e-01 8.0113e-01 -3.6306e-01 -3.6306e-01 -3.1317e-01 3.7262e-01 -3.4702e-01 -3.4702e-01 -3.4552e-01 -3.4552e-01 -3.4552e-01 -1.6525e-01 -1.6062e-01 -4.4444e-01 -1.6618e-01 -1.5681e-01 -1.5681e-01 -1.7403e-01 -1.7403e-01 -1.5212e-01 -1.7403e-01 3.5302e-01 -5.0274e-02 -1.5961e-01 -4.7281e-02 -1.6652e-01 -1.1036e-01 -1.5209e-01 -1.2930e-01 8.7053e-02 -8.7902e-02 1.6094e-01 1.6094e-01 2.1477e-01 3.5547e-01 2.6139e-01 2.3900e-01 -8.9005e-02 2.3393e-01 2.2802e-01 3.7364e-01 1.8920e-01 1.6152e-01 2.1990e-01 2.2282e-01 2.3860e-01 2.2021e-01 2.3614e-01 2.1729e-01 2.3984e-01 2.3734e-01 1.1594e-01 2.1585e-01 2.3234e-01 7.9902e-02 -8.4896e-02 1.8859e-01 -8.0106e-02 -1.0584e-01 -5.9060e-02 9.7554e-02 8.4224e-02 9.4901e-02 2.1848e-01 1.1315e-01 1.2851e-01 1.2464e-01 1.5119e-01 2.0829e-01 2.1515e-01 1.2176e-01 1.2081e-01 1.2176e-01 9.7906e-02 6.3951e-02 9.7906e-02 2.0048e-01 1.7388e-01 1.3420e-01 3.6637e-02 4.2568e-02 1.6872e-01 1.5947e-01 1.3227e-01 1.5730e-01 1.7147e-01 1.6333e-01 1.5839e-01 1.3511e-01 1.5947e-01 1.5343e-01 1.5343e-01 1.6752e-01 1.5839e-01 1.5730e-01 1.6393e-01 1.5198e-01 5.1902e-02 3.8905e-02 4.8591e-02 2.6912e-01 2.6912e-01 2.6912e-01 2.6912e-01 2.6912e-01 2.6912e-01 2.6912e-01 2.6912e-01 2.6912e-01 2.6912e-01 2.6912e-01 2.5872e-01 2.6437e-01 -3.7722e-02 4.3839e-02 6.9092e-02 4.2145e-02 5.8725e-02 5.6832e-03 -5.4308e-03 5.6123e-02 5.6123e-02 6.5481e-03 5.2606e-02 5.3497e-02 -4.1110e-02 3.6272e-02 -2.3796e-02 -2.9666e-02 4.3314e-02 3.6959e-02 3.5776e-02 5.2139e-02 -4.0548e-02 -1.5486e-02 1.1610e-02 1.1610e-02 2.6184e-02 2.6184e-02 4.3471e-02 2.3350e-02 -4.0548e-02 -4.9901e-03 -7.7102e-03 -2.2018e-02 4.2998e-02 7.5130e-02 5.7006e-02 5.7345e-03 -8.4979e-03 -8.4979e-03 -1.0600e-03 -6.8762e-03 7.9143e-03 -5.2330e-03 -1.7222e-02 -5.2330e-03 2.2153e-02 -3.5428e-02 2.2153e-02 1.7249e-02 -2.1018e-02 2.2153e-02 2.2153e-02 -2.4971e-02 4.2680e-02 2.7854e-03 8.8182e-03 2.7854e-03 2.7406e-02 -2.6062e-02 -3.9557e-02 -6.7590e-02 4.8686e-02 4.8686e-02 4.8686e-02 -3.4109e-02 -6.7590e-02 -5.2938e-02 -4.7741e-02 -5.1662e-02 -4.9070e-02 -5.1662e-02 2.4307e-02 -6.7367e-02 -6.7590e-02 -5.1662e-02 3.8369e-02 -3.8136e-02 -4.6634e-02 -3.5950e-02 -1.2460e-02 -3.5677e-03
-1.4152e-02 1.6793e-02 -2.4105e-02 1.0405e-02 -8.8186e-02 3.9999e-02 1.0105e-01 9.0443e-02 -1.2339e-01 9.2619e-02 9.2619e-02 4.3448e-01 4.3448e-01 1.0000e+00 4.2898e-01 9.8810e-01 4.2898e-01 4.2898e-01 9.7033e-01 3.7939e-01 3.7939e-01 2.8712e-01 -3.2239e-01 -3.2239e-01 -3.5636e-01 1.5615e-01 -3.1215e-01 -3.1215e-01 -3.1408e-01 -3.1408e-01 -3.1408e-01 -4.6864e-01 -4.6589e-01 -1.7115e-01 -4.6676e-01 -4.6301e-01 -4.6301e-01 -4.3569e-01 -4.3569e-01 -4.6114e-01 -4.3569e-01 1.3994e-01 -1.7864e-01 -2.3393e-01 -2.3226e-01 -2.7974e-01 -2.1799e-01 -2.5555e-01 -2.7083e-01 2.6240e-01 -2.6435e-01 1.9769e-01 1.9769e-01 1.1884e-01 4.7096e-02 1.0851e-01 5.9677e-02 7.7279e-02 5.5398e-02 5.7502e-02 8.6790e-02 1.2867e-01 2.2266e-01 1.9482e-01 1.8931e-01 2.3520e-01 1.8756e-01 2.3026e-01 1.9309e-01 2.3768e-01 2.3616e-01 2.5222e-01 1.9373e-01 2.3415e-01 1.8431e-01 1.2549e-01 1.4838e-01 1.4080e-01 7.0606e-02 1.6036e-01 2.0989e-01 1.7858e-01 -8.3613e-02 1.9406e-01 1.4822e-01 1.6509e-01 1.5652e-01 1.3428e-01 1.6602e-01 4.4923e-02 1.6221e-01 1.6009e-01 1.6221e-01 1.9305e-01 1.6731e-01 1.9710e-01 1.7924e-01 1.2290e-01 1.5226e-01 8.3963e-02 7.3752e-02 1.2072e-01 1.7300e-01 1.5629e-01 1.6403e-01 1.1807e-01 1.6839e-01 1.6633e-01 1.4992e-01 1.6864e-01 1.6427e-01 1.6427e-01 1.1830e-01 1.6633e-01 1.6403e-01 1.1109e-01 1.1174e-01 9.1259e-02 9.8391e-02 8.5661e-02 5.6906e-02 5.6906e-02 5.6906e-02 5.6906e-02 5.6906e-02 5.6906e-02 5.6906e-02 5.6906e-02 5.6906e-02 5.6906e-02 5.6906e-02 5.4217e-02 5.6580e-02 1.0526e-01 9.9795e-02 -6.7207e-02 -2.7418e-02 -5.2169e-02 -8.0047e-02 -7.3817e-02 -5.8028e-02 -5.8028e-02 8.1697e-02 -1.2241e-01 -1.1564e-01 7.4266e-02 -7.2351e-02 -8.7790e-02 1.0521e-01 -5.7931e-02 -1.5790e-02 -1.2703e-02 1.9208e-02 -2.9975e-02 5.1612e-02 -4.5533e-02 -4.5533e-02 -7.2818e-03 -7.2818e-03 5.3532e-02 7.9912e-02 -2.9975e-02 -8.4165e-02 -9.0242e-02 -1.3285e-01 6.7535e-02 -1.9593e-02 7.1175e-02 -3.1020e-03 -1.8550e-02 -1.8550e-02 -3.3614e-02 -2.2678e-02 -5.2662e-03 -1.8943e-02 -3.9320e-03 -1.8943e-02 1.6577e-02 -2.3554e-02 1.6577e-02 5.3040e-02 -4.1367e-02 1.6577e-02 1.6577e-02 -4.5586e-02 2.5524e-02 5.8090e-02 3.1205e-02 5.8090e-02 4.3127e-02 -2.7003e-02 -3.0545e-02 -5.6363e-02 4.6062e-02 4.6062e-02 4.6062e-02 -4.0667e-02 -5.6363e-02 -5.0214e-02 -3.1107e-02 -4.6856e-02 -4.0029e-02 -4.6856e-02 4.6062e-02 -6.4046e-02 -5.6363e-02 -3.9422e-02 4.3218e-02 -2.6863e-02 -4.5538e-02 -4.5430e-02 -1.2539e-02 -2.3132e-02
-2.4070e-02 -1.6078e-03 -2.6129e-02 1.5650e-02 6.1464e-03 -2.3302e-02 9.1008e-02 9.3846e-02 -1.3818e-01 1.7306e-01 1.7306e-01 9.9237e-01 9.9237e-01 4.2898e-01 1.0000e+00 4.3104e-01 1.0000e+00 1.0000e+00 4.2678e-01 9.2699e-01 9.2699e-01 8.0821e-01 -3.6306e-01 -3.6306e-01 -3.1317e-01 3.7262e-01 -3.4702e-01 -3.4702e-01 -3.4552e-01 -3.4552e-01 -3.4552e-01 -1.6525e-01 -1.6062e-01 -4.4444e-01 -1.6618e-01 -1.5681e-01 -1.5681e-01 -1.7403e-01 -1.7403e-01 -1.5212e-01 -1.7403e-01 3.5302e-01 -4.4754e-02 -1.5961e-01 -4.1707e-02 -1.6652e-01 -1.1036e-01 -1.5209e-01 -1.2930e-01 8.7053e-02 -8.7902e-02 1.6094e-01 1.6094e-01 2.1477e-01 3.5547e-01 2.6139e-01 2.3900e-01 -8.9005e-02 2.3393e-01 2.2802e-01 3.7364e-01 1.8920e-01 1.6152e-01 2.1990e-01 2.2282e-01 2.3860e-01 2.2021e-01 2.3614e-01 2.1729e-01 2.3984e-01 2.3734e-01 1.1594e-01 2.1585e-01 2.3234e-01 7.4357e-02 -8.4896e-02 1.8859e-01 -8.0106e-02 -1.0584e-01 -5.9060e-02 9.7554e-02 8.4224e-02 9.4901e-02 2.1848e-01 1.1315e-01 1.2851e-01 1.2464e-01 1.5119e-01 2.0829e-01 2.1515e-01 1.2176e-01 1.2081e-01 1.2176e-01 9.7906e-02 5.8422e-02 9.7906e-02 2.0048e-01 1.6752e-01 1.2846e-01 3.6637e-02 4.2568e-02 1.6235e-01 1.5343e-01 1.2654e-01 1.5127e-01 1.6512e-01 1.5730e-01 1.5235e-01 1.2939e-01 1.5343e-01 1.4739e-01 1.4739e-01 1.6115e-01 1.5235e-01 1.5127e-01 1.5759e-01 1.4559e-01 5.1902e-02 3.3384e-02 4.2990e-02 2.6036e-01 2.6036e-01 2.6036e-01 2.6036e-01 2.6036e-01 2.6036e-01 2.6036e-01 2.6036e-01 2.6036e-01 2.6036e-01 2.6036e-01 2.4986e-01 2.5568e-01 -3.7722e-02 3.8331e-02 6.3569e-02 3.6637e-02 5.8725e-02 5.6832e-03 -5.4308e-03 5.6123e-02 5.6123e-02 6.5481e-03 5.2606e-02 5.3497e-02 -4.1110e-02 3.6272e-02 -2.3796e-02 -2.9666e-02 4.3314e-02 3.6959e-02 3.5776e-02 5.2139e-02 -4.0548e-02 -1.5486e-02 1.1610e-02 1.1610e-02 2.6184e-02 2.6184e-02 4.3471e-02 2.3350e-02 -4.0548e-02 -4.9901e-03 -7.7102e-03 -2.2018e-02 4.2998e-02 7.5130e-02 5.1497e-02 5.7345e-03 -8.4979e-03 -8.4979e-03 -1.0600e-03 -6.8762e-03 7.9143e-03 -5.2330e-03 -1.7222e-02 -5.2330e-03 2.2153e-02 -3.5428e-02 2.2153e-02 1.7249e-02 -2.1018e-02 2.2153e-02 2.2153e-02 -2.4971e-02 4.2680e-02 2.7854e-03 8.8182e-03 2.7854e-03 2.7406e-02 -2.6062e-02 -3.9557e-02 -6.7590e-02 4.8686e-02 4.8686e-02 4.8686e-02 -3.4109e-02 -6.7590e-02 -5.2938e-02 -4.7741e-02 -5.1662e-02 -4.9070e-02 -5.1662e-02 2.4307e-02 -6.7367e-02 -6.7590e-02 -5.1662e-02 3.8369e-02 -3.8136e-02 -4.6634e-02 -3.5950e-02 -6.8367e-03 -3.5677e-03
-1.8000e-02 2.9902e-02 -1.7878e-02 2.5830e-02 -9.1596e-02 3.5166e-02 9.7633e-02 8.7052e-02 -1.2418e-01 8.9189e-02 8.9189e-02 4.2553e-01 4.2553e-01 9.8810e-01 4.3104e-01 1.0000e+00 4.3104e-01 4.3104e-01 9.8216e-01 3.8114e-01 3.8114e-01 2.8840e-01 -3.2266e-01 -3.2266e-01 -3.6945e-01 1.5445e-01 -3.1239e-01 -3.1239e-01 -3.1430e-01 -3.1430e-01 -3.1430e-01 -4.7826e-01 -4.7541e-01 -1.6899e-01 -4.7640e-01 -4.7269e-01 -4.7269e-01 -4.3366e-01 -4.3366e-01 -4.7084e-01 -4.3366e-01 1.3823e-01 -1.7010e-01 -2.3963e-01 -2.3501e-01 -2.8603e-01 -2.2262e-01 -2.6155e-01 -2.7603e-01 2.6638e-01 -2.6835e-01 2.0412e-01 2.0412e-01 1.2615e-01 5.8802e-02 1.1751e-01 6.7777e-02 7.4870e-02 6.3655e-02 6.5628e-02 9.9685e-02 1.3569e-01 2.2862e-01 2.0275e-01 1.9704e-01 2.4382e-01 1.9537e-01 2.3882e-01 2.0110e-01 2.4633e-01 2.4489e-01 2.5717e-01 2.0184e-01 2.4291e-01 1.8336e-01 1.2206e-01 1.5715e-01 1.3743e-01 6.6886e-02 1.5759e-01 2.1571e-01 1.8401e-01 -8.7113e-02 2.0355e-01 1.5473e-01 1.7168e-01 1.6303e-01 1.4175e-01 1.7510e-01 4.3080e-02 1.6853e-01 1.6639e-01 1.6853e-01 1.9864e-01 1.6658e-01 2.0269e-01 1.8861e-01 1.3208e-01 1.5873e-01 9.1719e-02 8.1618e-02 1.2993e-01 1.8094e-01 1.6272e-01 1.7192e-01 1.2720e-01 1.7627e-01 1.7424e-01 1.5629e-01 1.7657e-01 1.7221e-01 1.7221e-01 1.2749e-01 1.7424e-01 1.7192e-01 1.2019e-01 1.2101e-01 8.7367e-02 9.0978e-02 7.9042e-02 4.7764e-02 4.7764e-02 4.7764e-02 4.7764e-02 4.7764e-02 4.7764e-02 4.7764e-02 4.7764e-02 4.7764e-02 4.7764e-02 4.7764e-02 4.5043e-02 4.7459e-02 1.0325e-01 8.7694e-02 -6.2592e-02 -2.3628e-02 -4.3216e-02 -7.2912e-02 -6.6868e-02 -4.9128e-02 -4.9128e-02 7.5636e-02 -1.1751e-01 -1.1072e-01 7.0370e-02 -6.4067e-02 -8.8942e-02 1.0172e-01 -4.9067e-02 -1.2875e-02 -9.8025e-03 2.2690e-02 -3.0727e-02 4.8200e-02 -3.2298e-02 -3.2298e-02 -2.9881e-03 -2.9881e-03 5.8710e-02 7.2891e-02 -3.0727e-02 -7.2431e-02 -7.8588e-02 -1.2238e-01 5.9606e-02 -2.1352e-02 5.9425e-02 -5.2429e-03 -2.0723e-02 -2.0723e-02 -3.5596e-02 -2.4834e-02 1.2196e-03 -2.1082e-02 -4.6202e-03 -2.1082e-02 1.4383e-02 -1.8028e-02 1.4383e-02 5.1739e-02 -3.5275e-02 1.4383e-02 1.4383e-02 -3.9455e-02 2.0831e-02 5.5606e-02 2.7063e-02 5.5606e-02 4.0881e-02 -3.0493e-02 -3.2700e-02 -5.8287e-02 4.5147e-02 4.5147e-02 4.5147e-02 -4.2150e-02 -5.8287e-02 -5.2530e-02 -3.3228e-02 -4.9157e-02 -4.2297e-02 -4.9157e-02 4.5147e-02 -6.6129e-02 -5.8287e-02 -4.1723e-02 4.2235e-02 -2.9001e-02 -4.7902e-02 -4.6935e-02 -1.0124e-02 -2.5254e-02
