1.0000e+00 2.2143e-01 -2.8371e-02 -3.0024e-02 6.7594e-01 -4.3693e-02 -2.1683e-02 -2.0560e-02 -1.5983e-01 2.3573e-02 -3.6615e-02 2.8850e-02 -1.5294e-02 1.8537e-03 1.8537e-03 -3.3829e-02 -3.5247e-02 -1.3081e-02 -1.3081e-02 8.4673e-03 -1.1395e-02 4.3736e-02 -1.8114e-02 -1.9353e-02 3.4284e-03 -4.0855e-02 5.3024e-03 -5.0667e-02 -3.0819e-02 -1.9374e-02 6.4429e-02 1.7393e-02 1.1239e-01 9.3636e-02 3.4766e-02 3.9977e-02
2.2143e-01 1.0000e+00 1.9737e-01 -9.2165e-02 2.4032e-01 3.5550e-01 -4.4820e-02 -4.0209e-02 -1.1602e-01 1.1655e-01 1.8716e-02 -1.6399e-01 -4.6948e-02 -6.6267e-02 -6.6267e-02 -1.9050e-02 -5.3829e-02 1.0956e-01 1.0956e-01 1.3251e-01 1.0282e-01 -1.0327e-01 -2.9659e-02 8.5724e-02 6.0629e-02 -4.8316e-02 2.8979e-03 1.9335e-02 -1.9044e-03 1.3372e-02 -3.2419e-02 3.9053e-02 4.4630e-02 3.0106e-02 -3.5192e-02 4.3807e-02
-2.8371e-02 1.9737e-01 1.0000e+00 -1.8190e-02 -2.0930e-02 1.7626e-01 -1.3137e-02 -1.2457e-02 -2.5012e-03 -2.1773e-02 -2.2184e-02 -8.2281e-02 -9.2660e-03 -4.0339e-02 -4.0339e-02 8.0579e-02 -2.1355e-02 -3.2725e-02 -3.2725e-02 -1.7782e-02 -6.0605e-02 7.8060e-02 -1.0975e-02 -6.4770e-02 4.3744e-02 -3.6128e-02 -1.8190e-02 -9.5007e-03 -1.8673e-02 7.5091e-02 6.4759e-02 3.9216e-03 1.0787e-01 1.6284e-02 -1.1738e-02 1.5690e-01
-3.0024e-02 -9.2165e-02 -1.8190e-02 1.0000e+00 -2.2149e-02 -4.7211e-02 -1.3902e-02 -1.3182e-02 8.5911e-02 -2.3041e-02 -2.3476e-02 -1.2568e-01 -9.8059e-03 -4.2689e-02 -4.2689e-02 2.6542e-01 -2.2599e-02 -3.4631e-02 -3.4631e-02 -4.6095e-02 -5.2313e-02 7.1256e-02 -1.1614e-02 -5.6866e-02 -3.7255e-02 -9.7213e-03 -1.9250e-02 -7.0620e-02 -1.9760e-02 -1.2422e-02 2.3388e-03 -1.3779e-03 -6.9871e-02 -4.7782e-02 -1.2422e-02 -4.1606e-02
6.7594e-01 2.4032e-01 -2.0930e-02 -2.2149e-02 1.0000e+00 -1.0853e-01 -1.5996e-02 -1.5167e-02 -1.4063e-01 -2.6511e-02 -2.7011e-02 6.4756e-02 -1.1282e-02 -3.6810e-03 -3.6810e-03 -2.4957e-02 -2.6002e-02 -3.9846e-02 -3.9846e-02 -3.1694e-02 -5.9479e-02 8.1302e-02 -1.3363e-02 -6.4726e-02 -2.1620e-02 -1.9058e-02 -2.2149e-02 -6.5459e-02 -2.2736e-02 -1.4293e-02 9.0128e-02 2.6527e-02 1.4307e-01 1.3642e-01 -1.4293e-02 4.4964e-02
-4.3693e-02 3.5550e-01 1.7626e-01 -4.7211e-02 -1.0853e-01 1.0000e+00 -4.6572e-02 9.4341e-02 -1.6123e-01 2.1781e-01 -8.9041e-02 -1.6262e-01 -4.8049e-02 -1.1791e-01 -1.1791e-01 8.9851e-02 1.0527e-02 1.0327e-01 1.1237e-01 1.0997e-01 1.0029e-01 -1.0191e-01 -3.1190e-02 1.2281e-01 4.8889e-02 -1.2891e-01 -4.7211e-02 1.1405e-01 5.6330e-02 -1.2729e-02 -7.9966e-02 -4.4401e-02 -7.1981e-03 -1.3313e-02 -3.6799e-02 1.3703e-02
-2.1683e-02 -4.4820e-02 -1.3137e-02 -1.3902e-02 -1.5996e-02 -4.6572e-02 1.0000e+00 -9.5202e-03 1.0427e-01 -1.6640e-02 -1.6954e-02 8.1576e-02 -7.0817e-03 -3.0830e-02 -3.0830e-02 -1.5665e-02 -1.6321e-02 1.7634e-02 1.7634e-02 -3.3289e-02 -2.8848e-02 2.2515e-02 -8.3876e-03 -3.2245e-02 -2.8187e-02 -2.7612e-02 -1.3902e-02 -5.1001e-02 -1.4271e-02 -8.9712e-03 3.6518e-02 -2.6918e-03 -3.9870e-02 -2.2332e-02 -8.9712e-03 -3.0048e-02
-2.0560e-02 -4.0209e-02 -1.2457e-02 -1.3182e-02 -1.5167e-02 9.4341e-02 -9.5202e-03 1.0000e+00 -9.1305e-02 -1.5778e-02 -1.6076e-02 5.5790e-02 -6.7149e-03 -2.9233e-02 -2.9233e-02 -1.4853e-02 1.1759e-01 -2.3715e-02 2.1214e-02 3.7177e-03 -5.3321e-04 -2.8009e-02 -7.9532e-03 4.0073e-02 -2.4161e-02 -2.6182e-02 -1.3182e-02 -4.8360e-02 -1.3532e-02 -8.5065e-03 -3.5093e-02 -3.3120e-02 -3.5449e-02 -4.5549e-02 -8.5065e-03 9.8785e-03
-1.5983e-01 -1.1602e-01 -2.5012e-03 8.5911e-02 -1.4063e-01 -1.6123e-01 1.0427e-01 -9.1305e-02 1.0000e+00 -1.5959e-01 -1.6260e-01 4.3290e-01 7.3544e-02 -1.6119e-01 -1.6119e-01 6.2209e-03 -1.1891e-01 -2.8173e-02 -2.8173e-02 -1.1978e-01 -2.1601e-01 2.6811e-01 -3.2572e-02 -2.2853e-01 -1.5569e-01 -5.5067e-02 -6.0252e-02 -8.0641e-02 1.0544e-01 7.0765e-02 7.1107e-02 -2.1316e-03 -1.9682e-02 -3.1964e-02 3.5627e-03 8.3170e-03
2.3573e-02 1.1655e-01 -2.1773e-02 -2.3041e-02 -2.6511e-02 2.1781e-01 -1.6640e-02 -1.5778e-02 -1.5959e-01 1.0000e+00 -2.8100e-02 -1.7886e-01 -1.1737e-02 -5.1097e-02 -5.1097e-02 -2.5962e-02 -2.7050e-02 4.5592e-01 4.5592e-01 -3.4616e-02 1.6835e-01 -1.4898e-01 -1.3901e-02 1.6008e-01 -1.2323e-02 -2.1748e-02 2.2143e-02 -2.3669e-02 2.0411e-02 -1.4869e-02 -7.3648e-02 -1.8313e-02 -7.0666e-03 -3.2279e-02 -1.4869e-02 3.9622e-02
-3.6615e-02 1.8716e-02 -2.2184e-02 -2.3476e-02 -2.7011e-02 -8.9041e-02 -1.6954e-02 -1.6076e-02 -1.6260e-01 -2.8100e-02 1.0000e+00 -2.0783e-01 -1.1959e-02 -5.2061e-02 -5.2061e-02 -2.6452e-02 1.0524e-02 -4.2234e-02 -4.2234e-02 4.4771e-02 9.7137e-02 -1.6590e-01 2.7663e-01 1.0226e-01 5.8184e-02 9.4942e-02 1.5410e-01 1.8514e-02 -2.4098e-02 5.2887e-02 -4.2340e-02 -6.5708e-04 -1.0696e-02 -3.4610e-02 -1.5149e-02 3.7116e-02
2.8850e-02 -1.6399e-01 -8.2281e-02 -1.2568e-01 6.4756e-02 -1.6262e-01 8.1576e-02 5.5790e-02 4.3290e-01 -1.7886e-01 -2.0783e-01 1.0000e+00 -8.6811e-02 -3.4181e-01 -3.4181e-01 -1.6542e-01 1.7450e-02 -7.3291e-02 -7.3291e-02 -2.8594e-01 -3.7942e-01 4.2251e-01 -7.8395e-02 -3.4007e-01 -2.7396e-01 -1.3237e-01 -8.0933e-02 -1.7518e-02 8.6861e-02 4.3171e-03 1.1651e-01 8.7843e-02 2.0885e-02 2.0512e-02 5.0033e-02 -1.4135e-02
-1.5294e-02 -4.6948e-02 -9.2660e-03 -9.8059e-03 -1.1282e-02 -4.8049e-02 -7.0817e-03 -6.7149e-03 7.3544e-02 -1.1737e-02 -1.1959e-02 -8.6811e-02 1.0000e+00 2.2970e-01 2.2970e-01 -1.1049e-02 -1.1512e-02 -1.7641e-02 -1.7641e-02 -2.3480e-02 6.9431e-02 -5.5954e-02 -5.9161e-03 6.5939e-02 1.0040e-01 -1.9476e-02 -9.8059e-03 -3.5973e-02 -1.0066e-02 -6.3277e-03 -4.4963e-02 -2.4637e-02 1.9187e-02 2.3790e-03 -6.3277e-03 3.0182e-02
1.8537e-03 -6.6267e-02 -4.0339e-02 -4.2689e-02 -3.6810e-03 -1.1791e-01 -3.0830e-02 -2.9233e-02 -1.6119e-01 -5.1097e-02 -5.2061e-02 -3.4181e-01 2.2970e-01 1.0000e+00 1.0000e+00 -4.8101e-02 -5.0116e-02 -3.1644e-02 -3.1644e-02 -5.4941e-02 2.4536e-01 -2.8960e-01 5.9335e-02 2.1606e-01 2.8575e-01 9.4724e-02 8.7212e-02 8.6091e-04 -1.8485e-02 1.2270e-02 -1.2072e-01 -3.8987e-02 -1.6943e-03 -2.3448e-03 1.2270e-02 1.0567e-02
1.8537e-03 -6.6267e-02 -4.0339e-02 -4.2689e-02 -3.6810e-03 -1.1791e-01 -3.0830e-02 -2.9233e-02 -1.6119e-01 -5.1097e-02 -5.2061e-02 -3.4181e-01 2.2970e-01 1.0000e+00 1.0000e+00 -4.8101e-02 -5.0116e-02 -3.1644e-02 -3.1644e-02 -5.4941e-02 2.4536e-01 -2.8960e-01 5.9335e-02 2.1606e-01 2.8575e-01 9.4724e-02 8.7212e-02 8.6091e-04 -1.8485e-02 1.2270e-02 -1.2072e-01 -3.8987e-02 -1.6943e-03 -2.3448e-03 1.2270e-02 1.0567e-02
-3.3829e-02 -1.9050e-02 8.0579e-02 2.6542e-01 -2.4957e-02 8.9851e-02 -1.5665e-02 -1.4853e-02 6.2209e-03 -2.5962e-02 -2.6452e-02 -1.6542e-01 -1.1049e-02 -4.8101e-02 -4.8101e-02 1.0000e+00 -2.5464e-02 -3.9021e-02 -3.9021e-02 -5.1938e-02 -9.7413e-02 1.1722e-01 -1.3086e-02 -1.0207e-01 -8.1986e-02 -4.3080e-02 -2.1690e-02 9.7671e-02 -2.2265e-02 -1.3997e-02 7.2618e-02 2.9331e-02 -5.3484e-02 -5.8236e-02 -1.3997e-02 4.7068e-04
-3.5247e-02 -5.3829e-02 -2.1355e-02 -2.2599e-02 -2.6002e-02 1.0527e-02 -1.6321e-02 1.1759e-01 -1.1891e-01 -2.7050e-02 1.0524e-02 1.7450e-02 -1.1512e-02 -5.0116e-02 -5.0116e-02 -2.5464e-02 1.0000e+00 -4.0656e-02 -4.0656e-02 8.6999e-03 -7.6073e-02 -1.6971e-01 -1.3635e-02 1.1528e-01 -9.2658e-03 2.8497e-02 1.6149e-01 -2.0919e-02 -2.3198e-02 -1.4583e-02 4.4317e-02 1.2462e-01 1.0671e-02 -2.9874e-02 -1.4583e-02 6.5005e-02
-1.3081e-02 1.0956e-01 -3.2725e-02 -3.4631e-02 -3.9846e-02 1.0327e-01 1.7634e-02 -2.3715e-02 -2.8173e-02 4.5592e-01 -4.2234e-02 -7.3291e-02 -1.7641e-02 -3.1644e-02 -3.1644e-02 -3.9021e-02 -4.0656e-02 1.0000e+00 9.8199e-01 -8.2925e-02 3.4194e-01 -2.9909e-01 -2.0894e-02 3.2843e-01 -1.1033e-01 3.0327e-02 -3.4631e-02 5.0858e-02 -5.2420e-03 -2.2348e-02 -8.0904e-02 -3.2566e-02 -2.2858e-02 -3.2839e-02 -2.2348e-02 1.7409e-02
-1.3081e-02 1.0956e-01 -3.2725e-02 -3.4631e-02 -3.9846e-02 1.1237e-01 1.7634e-02 2.1214e-02 -2.8173e-02 4.5592e-01 -4.2234e-02 -7.3291e-02 -1.7641e-02 -3.1644e-02 -3.1644e-02 -3.9021e-02 -4.0656e-02 9.8199e-01 1.0000e+00 -8.2925e-02 3.5090e-01 -2.9909e-01 -2.0894e-02 3.3727e-01 -1.1033e-01 3.0327e-02 -3.4631e-02 4.0393e-02 -5.2420e-03 -2.2348e-02 -8.0904e-02 -4.6177e-02 -3.2297e-02 -4.3692e-02 -2.2348e-02 1.7409e-02
8.4673e-03 1.3251e-01 -1.7782e-02 -4.6095e-02 -3.1694e-02 1.0997e-01 -3.3289e-02 3.7177e-03 -1.1978e-01 -3.4616e-02 4.4771e-02 -2.8594e-01 -2.3480e-02 -5.4941e-02 -5.4941e-02 -5.1938e-02 8.6999e-03 -8.2925e-02 -8.2925e-02 1.0000e+00 4.6705e-01 -3.9810e-01 2.5196e-01 4.4892e-01 7.6164e-02 1.2897e-01 -4.6095e-02 1.0210e-01 -4.7316e-02 4.5064e-02 -9.1682e-02 2.3141e-02 -9.5129e-02 -8.2567e-02 -2.9745e-02 -2.7175e-02
-1.1395e-02 1.0282e-01 -6.0605e-02 -5.2313e-02 -5.9479e-02 1.0029e-01 -2.8848e-02 -5.3321e-04 -2.1601e-01 1.6835e-01 9.7137e-02 -3.7942e-01 6.9431e-02 2.4536e-01 2.4536e-01 -9.7413e-02 -7.6073e-02 3.4194e-01 3.5090e-01 4.6705e-01 1.0000e+00 -8.5236e-01 1.1768e-01 9.5237e-01 6.3493e-01 -7.0245e-03 -9.8693e-02 -1.8474e-02 3.4379e-02 7.3956e-03 -1.7288e-01 -1.0984e-02 -1.4123e-01 -1.0887e-01 -3.9993e-02 -5.2677e-02
4.3736e-02 -1.0327e-01 7.8060e-02 7.1256e-02 8.1302e-02 -1.0191e-01 2.2515e-02 -2.8009e-02 2.6811e-01 -1.4898e-01 -1.6590e-01 4.2251e-01 -5.5954e-02 -2.8960e-01 -2.8960e-01 1.1722e-01 -1.6971e-01 -2.9909e-01 -2.9909e-01 -3.9810e-01 -8.5236e-01 1.0000e+00 -1.0030e-01 -8.8256e-01 -5.5963e-01 -1.4085e-01 -9.2032e-02 3.9893e-02 -1.1425e-02 6.4678e-03 1.5322e-01 -8.1361e-03 9.8967e-02 9.4244e-02 2.9218e-02 7.8919e-03
-1.8114e-02 -2.9659e-02 -1.0975e-02 -1.1614e-02 -1.3363e-02 -3.1190e-02 -8.3876e-03 -7.9532e-03 -3.2572e-02 -1.3901e-02 2.7663e-01 -7.8395e-02 -5.9161e-03 5.9335e-02 5.9335e-02 -1.3086e-02 -1.3635e-02 -2.0894e-02 -2.0894e-02 2.5196e-01 1.1768e-01 -1.0030e-01 1.0000e+00 1.1311e-01 -4.3899e-02 -2.3067e-02 -1.1614e-02 -4.2607e-02 -1.1922e-02 2.6177e-01 -8.6759e-02 -2.9180e-02 -5.1985e-02 -4.0130e-02 -7.4946e-03 -2.5102e-02
-1.9353e-02 8.5724e-02 -6.4770e-02 -5.6866e-02 -6.4726e-02 1.2281e-01 -3.2245e-02 4.0073e-02 -2.2853e-01 1.6008e-01 1.0226e-01 -3.4007e-01 6.5939e-02 2.1606e-01 2.1606e-01 -1.0207e-01 1.1528e-01 3.2843e-01 3.3727e-01 4.4892e-01 9.5237e-01 -8.8256e-01 1.1311e-01 1.0000e+00 6.0250e-01 -1.7250e-02 -8.7409e-02 -2.1868e-02 2.8630e-02 3.9551e-03 -1.5131e-01 3.6300e-02 -1.3955e-01 -1.2014e-01 -4.2855e-02 -3.3032e-02
3.4284e-03 6.0629e-02 4.3744e-02 -3.7255e-02 -2.1620e-02 4.8889e-02 -2.8187e-02 -2.4161e-02 -1.5569e-01 -1.2323e-02 5.8184e-02 -2.7396e-01 1.0040e-01 2.8575e-01 2.8575e-01 -8.1986e-02 -9.2658e-03 -1.1033e-01 -1.1033e-01 7.6164e-02 6.3493e-01 -5.5963e-01 -4.3899e-02 6.0250e-01 1.0000e+00 -1.3508e-01 -7.2763e-02 -9.8706e-03 6.3814e-02 -1.9744e-02 -1.2760e-01 -3.9804e-03 -7.2245e-02 -6.5424e-02 -1.9744e-02 -7.9370e-03
-4.0855e-02 -4.8316e-02 -3.6128e-02 -9.7213e-03 -1.9058e-02 -1.2891e-01 -2.7612e-02 -2.6182e-02 -5.5067e-02 -2.1748e-02 9.4942e-02 -1.3237e-01 -1.9476e-02 9.4724e-02 9.4724e-02 -4.3080e-02 2.8497e-02 3.0327e-02 3.0327e-02 1.2897e-01 -7.0245e-03 -1.4085e-01 -2.3067e-02 -1.7250e-02 -1.3508e-01 1.0000e+00 3.3242e-01 -2.5052e-02 -3.9246e-02 -2.4672e-02 -8.3657e-02 -3.3625e-02 1.0726e-02 -1.2629e-02 -2.4672e-02 4.4325e-02
5.3024e-03 2.8979e-03 -1.8190e-02 -1.9250e-02 -2.2149e-02 -4.7211e-02 -1.3902e-02 -1.3182e-02 -6.0252e-02 2.2143e-02 1.5410e-01 -8.0933e-02 -9.8059e-03 8.7212e-02 8.7212e-02 -2.1690e-02 1.6149e-01 -3.4631e-02 -3.4631e-02 -4.6095e-02 -9.8693e-02 -9.2032e-02 -1.1614e-02 -8.7409e-02 -7.2763e-02 3.3242e-01 1.0000e+00 -3.4493e-02 -1.9760e-02 -1.2422e-02 -1.2275e-02 -1.3779e-03 -4.6969e-03 2.7150e-02 -1.2422e-02 -4.1606e-02
-5.0667e-02 1.9335e-02 -9.5007e-03 -7.0620e-02 -6.5459e-02 1.1405e-01 -5.1001e-02 -4.8360e-02 -8.0641e-02 -2.3669e-02 1.8514e-02 -1.7518e-02 -3.5973e-02 8.6091e-04 8.6091e-04 9.7671e-02 -2.0919e-02 5.0858e-02 4.0393e-02 1.0210e-01 -1.8474e-02 3.9893e-02 -4.2607e-02 -2.1868e-02 -9.8706e-03 -2.5052e-02 -3.4493e-02 1.0000e+00 1.0366e-01 -4.5571e-02 -1.6339e-01 -5.0855e-02 -8.0181e-02 -1.2416e-01 9.7967e-03 4.3984e-02
-3.0819e-02 -1.9044e-03 -1.8673e-02 -1.9760e-02 -2.2736e-02 5.6330e-02 -1.4271e-02 -1.3532e-02 1.0544e-01 2.0411e-02 -2.4098e-02 8.6861e-02 -1.0066e-02 -1.8485e-02 -1.8485e-02 -2.2265e-02 -2.3198e-02 -5.2420e-03 -5.2420e-03 -4.7316e-02 3.4379e-02 -1.1425e-02 -1.1922e-02 2.8630e-02 6.3814e-02 -3.9246e-02 -1.9760e-02 1.0366e-01 1.0000e+00 -1.2751e-02 1.3741e-01 -4.9647e-02 1.9755e-01 2.6054e-01 -1.2751e-02 -4.2709e-02
-1.9374e-02 1.3372e-02 7.5091e-02 -1.2422e-02 -1.4293e-02 -1.2729e-02 -8.9712e-03 -8.5065e-03 7.0765e-02 -1.4869e-02 5.2887e-02 4.3171e-03 -6.3277e-03 1.2270e-02 1.2270e-02 -1.3997e-02 -1.4583e-02 -2.2348e-02 -2.2348e-02 4.5064e-02 7.3956e-03 6.4678e-03 2.6177e-01 3.9551e-03 -1.9744e-02 -2.4672e-02 -1.2422e-02 -4.5571e-02 -1.2751e-02 1.0000e+00 -9.2796e-02 -3.1210e-02 -5.5602e-02 -4.2922e-02 -8.0160e-03 -2.6848e-02
6.4429e-02 -3.2419e-02 6.4759e-02 2.3388e-03 9.0128e-02 -7.9966e-02 3.6518e-02 -3.5093e-02 7.1107e-02 -7.3648e-02 -4.2340e-02 1.1651e-01 -4.4963e-02 -1.2072e-01 -1.2072e-01 7.2618e-02 4.4317e-02 -8.0904e-02 -8.0904e-02 -9.1682e-02 -1.7288e-01 1.5322e-01 -8.6759e-02 -1.5131e-01 -1.2760e-01 -8.3657e-02 -1.2275e-02 -1.6339e-01 1.3741e-01 -9.2796e-02 1.0000e+00 3.2353e-01 4.2608e-01 4.3193e-01 -9.2796e-02 1.1580e-01
1.7393e-02 3.9053e-02 3.9216e-03 -1.3779e-03 2.6527e-02 -4.4401e-02 -2.6918e-03 -3.3120e-02 -2.1316e-03 -1.8313e-02 -6.5708e-04 8.7843e-02 -2.4637e-02 -3.8987e-02 -3.8987e-02 2.9331e-02 1.2462e-01 -3.2566e-02 -4.6177e-02 2.3141e-02 -1.0984e-02 -8.1361e-03 -2.9180e-02 3.6300e-02 -3.9804e-03 -3.3625e-02 -1.3779e-03 -5.0855e-02 -4.9647e-02 -3.1210e-02 3.2353e-01 1.0000e+00 -8.8041e-02 -1.2610e-01 -3.1210e-02 4.6576e-02
1.1239e-01 4.4630e-02 1.0787e-01 -6.9871e-02 1.4307e-01 -7.1981e-03 -3.9870e-02 -3.5449e-02 -1.9682e-02 -7.0666e-03 -1.0696e-02 2.0885e-02 1.9187e-02 -1.6943e-03 -1.6943e-03 -5.3484e-02 1.0671e-02 -2.2858e-02 -3.2297e-02 -9.5129e-02 -1.4123e-01 9.8967e-02 -5.1985e-02 -1.3955e-01 -7.2245e-02 1.0726e-02 -4.6969e-03 -8.0181e-02 1.9755e-01 -5.5602e-02 4.2608e-01 -8.8041e-02 1.0000e+00 7.6626e-01 1.4417e-01 4.8287e-01
9.3636e-02 3.0106e-02 1.6284e-02 -4.7782e-02 1.3642e-01 -1.3313e-02 -2.2332e-02 -4.5549e-02 -3.1964e-02 -3.2279e-02 -3.4610e-02 2.0512e-02 2.3790e-03 -2.3448e-03 -2.3448e-03 -5.8236e-02 -2.9874e-02 -3.2839e-02 -4.3692e-02 -8.2567e-02 -1.0887e-01 9.4244e-02 -4.0130e-02 -1.2014e-01 -6.5424e-02 -1.2629e-02 2.7150e-02 -1.2416e-01 2.6054e-01 -4.2922e-02 4.3193e-01 -1.2610e-01 7.6626e-01 1.0000e+00 -4.2922e-02 -1.4376e-01
3.4766e-02 -3.5192e-02 -1.1738e-02 -1.2422e-02 -1.4293e-02 -3.6799e-02 -8.9712e-03 -8.5065e-03 3.5627e-03 -1.4869e-02 -1.5149e-02 5.0033e-02 -6.3277e-03 1.2270e-02 1.2270e-02 -1.3997e-02 -1.4583e-02 -2.2348e-02 -2.2348e-02 -2.9745e-02 -3.9993e-02 2.9218e-02 -7.4946e-03 -4.2855e-02 -1.9744e-02 -2.4672e-02 -1.2422e-02 9.7967e-03 -1.2751e-02 -8.0160e-03 -9.2796e-02 -3.1210e-02 1.4417e-01 -4.2922e-02 1.0000e+00 -2.6848e-02
3.9977e-02 4.3807e-02 1.5690e-01 -4.1606e-02 4.4964e-02 1.3703e-02 -3.0048e-02 9.8785e-03 8.3170e-03 3.9622e-02 3.7116e-02 -1.4135e-02 3.0182e-02 1.0567e-02 1.0567e-02 4.7068e-04 6.5005e-02 1.7409e-02 1.7409e-02 -2.7175e-02 -5.2677e-02 7.8919e-03 -2.5102e-02 -3.3032e-02 -7.9370e-03 4.4325e-02 -4.1606e-02 4.3984e-02 -4.2709e-02 -2.6848e-02 1.1580e-01 4.6576e-02 4.8287e-01 -1.4376e-01 -2.6848e-02 1.0000e+00
