1.0000e+00 -5.7160e-02 -5.0007e-02 4.9422e-02 -9.2962e-02 -1.1466e-01 1.6347e-02 -3.6891e-02 -6.6111e-02 -4.8236e-02 9.8169e-02 -4.3054e-02 -3.2912e-02 9.9822e-02 2.3621e-02 5.5964e-02 3.2009e-02 1.5865e-01 3.2009e-02 -1.9344e-02
-5.7160e-02 1.0000e+00 -5.3525e-02 5.2899e-02 1.9846e-01 2.2934e-01 5.1387e-02 -3.9486e-02 5.3506e-02 -3.0308e-02 1.2803e-02 -3.5452e-02 -4.6768e-03 -2.7177e-02 1.1039e-02 -6.4001e-02 -3.5228e-02 -1.9160e-02 -3.5228e-02 3.0599e-02
-5.0007e-02 -5.3525e-02 1.0000e+00 -9.8831e-01 -1.1293e-01 2.9544e-02 2.0518e-02 -3.6541e-03 5.3983e-02 2.9156e-03 -8.0288e-02 2.9661e-02 -3.0819e-02 -2.3776e-02 2.1259e-02 8.5173e-02 -3.0819e-02 -1.6762e-02 3.6298e-03 -1.8114e-02
4.9422e-02 5.2899e-02 -9.8831e-01 1.0000e+00 1.1113e-01 -2.4168e-02 -2.1273e-02 2.9175e-03 -5.6925e-02 -3.9616e-03 8.6272e-02 -3.1541e-02 3.0459e-02 2.3498e-02 -2.3310e-02 -8.8252e-02 3.0459e-02 1.6566e-02 -4.3612e-03 1.7902e-02
-9.2962e-02 1.9846e-01 -1.1293e-01 1.1113e-01 1.0000e+00 7.1412e-01 -6.8235e-02 2.4281e-01 4.2672e-02 -1.0745e-01 9.9345e-03 6.3783e-03 2.2775e-02 -6.8235e-02 -4.3942e-02 -7.8890e-02 -9.0027e-03 9.5064e-03 2.2775e-02 -5.1985e-02
-1.1466e-01 2.2934e-01 2.9544e-02 -2.4168e-02 7.1412e-01 1.0000e+00 1.2873e-01 1.7410e-01 2.6010e-02 -1.3790e-01 -2.4357e-02 4.4140e-02 8.2284e-03 -7.5239e-02 -3.8349e-02 -5.9462e-02 -2.0614e-02 -1.3826e-02 -6.1928e-03 -4.7231e-02
1.6347e-02 5.1387e-02 2.0518e-02 -2.1273e-02 -6.8235e-02 1.2873e-01 1.0000e+00 -1.7540e-02 -3.0063e-02 -2.2934e-02 -3.0987e-02 -3.5275e-02 -1.5649e-02 -1.2072e-02 -1.3345e-02 -2.4177e-02 -1.5649e-02 -8.5109e-03 -1.5649e-02 -9.1974e-03
-3.6891e-02 -3.9486e-02 -3.6541e-03 2.9175e-03 2.4281e-01 1.7410e-01 -1.7540e-02 1.0000e+00 -7.7531e-02 -1.3963e-03 -1.0044e-01 1.0233e-01 -2.2736e-02 -1.7540e-02 -4.0432e-02 -5.3763e-02 2.3009e-02 -1.2365e-02 -2.2736e-02 -1.3363e-02
-6.6111e-02 5.3506e-02 5.3983e-02 -5.6925e-02 4.2672e-02 2.6010e-02 -3.0063e-02 -7.7531e-02 1.0000e+00 3.4126e-01 -1.9135e-04 -8.6392e-02 -5.1049e-02 -3.0063e-02 2.5700e-03 -3.1905e-02 -3.2928e-02 9.3788e-02 -1.4807e-02 -4.0654e-02
-4.8236e-02 -3.0308e-02 2.9156e-03 -3.9616e-03 -1.0745e-01 -1.3790e-01 -2.2934e-02 -1.3963e-03 3.4126e-01 1.0000e+00 1.8996e-01 -6.7012e-02 -2.9728e-02 2.2843e-02 5.7796e-02 5.4487e-02 5.8748e-03 4.8376e-02 -2.9728e-02 -1.7472e-02
9.8169e-02 1.2803e-02 -8.0288e-02 8.6272e-02 9.9345e-03 -2.4357e-02 -3.0987e-02 -1.0044e-01 -1.9135e-04 1.8996e-01 1.0000e+00 -3.0486e-01 -2.1151e-02 5.6870e-03 3.1519e-02 -5.2074e-02 7.8678e-02 4.0092e-03 7.3716e-03 4.0255e-02
-4.3054e-02 -3.5452e-02 2.9661e-02 -3.1541e-02 6.3783e-03 4.4140e-02 -3.5275e-02 1.0233e-01 -8.6392e-02 -6.7012e-02 -3.0486e-01 1.0000e+00 5.2145e-02 -3.5275e-02 -6.0932e-03 1.3701e-02 -2.1257e-02 1.9489e-02 5.2145e-02 -2.6874e-02
-3.2912e-02 -4.6768e-03 -3.0819e-02 3.0459e-02 2.2775e-02 8.2284e-03 -1.5649e-02 -2.2736e-02 -5.1049e-02 -2.9728e-02 -2.1151e-02 5.2145e-02 1.0000e+00 -1.5649e-02 -5.3401e-02 -6.3313e-02 3.0730e-02 -1.1032e-02 1.8377e-01 -1.1922e-02
9.9822e-02 -2.7177e-02 -2.3776e-02 2.3498e-02 -6.8235e-02 -7.5239e-02 -1.2072e-02 -1.7540e-02 -3.0063e-02 2.2843e-02 5.6870e-03 -3.5275e-02 -1.5649e-02 1.0000e+00 2.9304e-01 2.4716e-01 -1.5649e-02 -8.5109e-03 -1.5649e-02 -9.1974e-03
2.3621e-02 1.1039e-02 2.1259e-02 -2.3310e-02 -4.3942e-02 -3.8349e-02 -1.3345e-02 -4.0432e-02 2.5700e-03 5.7796e-02 3.1519e-02 -6.0932e-03 -5.3401e-02 2.9304e-01 1.0000e+00 3.7912e-01 -1.0077e-02 1.0228e-02 1.1585e-02 -3.1386e-02
5.5964e-02 -6.4001e-02 8.5173e-02 -8.8252e-02 -7.8890e-02 -5.9462e-02 -2.4177e-02 -5.3763e-02 -3.1905e-02 5.4487e-02 -5.2074e-02 1.3701e-02 -6.3313e-02 2.4716e-01 3.7912e-01 1.0000e+00 -6.3313e-02 1.3947e-01 -2.4944e-02 -4.9957e-03
3.2009e-02 -3.5228e-02 -3.0819e-02 3.0459e-02 -9.0027e-03 -2.0614e-02 -1.5649e-02 2.3009e-02 -3.2928e-02 5.8748e-03 7.8678e-02 -2.1257e-02 3.0730e-02 -1.5649e-02 -1.0077e-02 -6.3313e-02 1.0000e+00 -1.1032e-02 -2.0284e-02 -1.1922e-02
1.5865e-01 -1.9160e-02 -1.6762e-02 1.6566e-02 9.5064e-03 -1.3826e-02 -8.5109e-03 -1.2365e-02 9.3788e-02 4.8376e-02 4.0092e-03 1.9489e-02 -1.1032e-02 -8.5109e-03 1.0228e-02 1.3947e-01 -1.1032e-02 1.0000e+00 -1.1032e-02 -6.4840e-03
3.2009e-02 -3.5228e-02 3.6298e-03 -4.3612e-03 2.2775e-02 -6.1928e-03 -1.5649e-02 -2.2736e-02 -1.4807e-02 -2.9728e-02 7.3716e-03 5.2145e-02 1.8377e-01 -1.5649e-02 1.1585e-02 -2.4944e-02 -2.0284e-02 -1.1032e-02 1.0000e+00 -1.1922e-02
-1.9344e-02 3.0599e-02 -1.8114e-02 1.7902e-02 -5.1985e-02 -4.7231e-02 -9.1974e-03 -1.3363e-02 -4.0654e-02 -1.7472e-02 4.0255e-02 -2.6874e-02 -1.1922e-02 -9.1974e-03 -3.1386e-02 -4.9957e-03 -1.1922e-02 -6.4840e-03 -1.1922e-02 1.0000e+00
