1.0000e+00 1.5108e-02 3.8233e-02 3.4353e-02 -3.7284e-03 2.2377e-02 5.2342e-02 -1.1032e-02 2.5489e-02 -3.3740e-02 9.5955e-03 1.4334e-02 -4.9487e-02 -4.6478e-02 -3.2068e-02 2.3746e-02
1.5108e-02 1.0000e+00 5.8819e-01 5.8631e-03 5.5372e-02 4.5228e-02 5.0550e-02 -3.1754e-02 5.3617e-02 -6.3492e-02 -3.1608e-02 -1.2297e-02 -3.1599e-02 -2.1618e-02 -2.3350e-02 4.0163e-02
3.8233e-02 5.8819e-01 1.0000e+00 1.1651e-02 4.4963e-02 -1.9212e-02 4.9210e-02 -2.9236e-02 2.5216e-02 -3.3357e-02 -4.9353e-02 5.2012e-03 1.1401e-02 -2.9125e-03 2.6336e-02 6.6145e-02
3.4353e-02 5.8631e-03 1.1651e-02 1.0000e+00 1.7981e-01 -2.9516e-02 1.2793e-01 -4.7509e-02 2.3068e-02 2.2458e-03 -6.6253e-02 -2.3394e-02 -1.6946e-05 -9.8292e-03 7.3538e-03 -3.6130e-03
-3.7284e-03 5.5372e-02 4.4963e-02 1.7981e-01 1.0000e+00 1.0037e-01 1.1074e-01 -1.1694e-01 -7.2935e-02 6.4801e-02 -5.6539e-02 -3.6267e-02 -1.0248e-02 -7.6330e-03 -9.0071e-03 -4.7300e-02
2.2377e-02 4.5228e-02 -1.9212e-02 -2.9516e-02 1.0037e-01 1.0000e+00 2.6846e-01 -1.9922e-02 -6.2597e-02 1.6699e-02 -4.0868e-02 8.1130e-02 -3.4413e-02 -3.2320e-02 -2.2300e-02 3.9186e-02
5.2342e-02 5.0550e-02 4.9210e-02 1.2793e-01 1.1074e-01 2.6846e-01 1.0000e+00 -1.4693e-01 -7.5771e-02 3.6692e-02 -1.2952e-01 1.8807e-01 4.7670e-04 1.6040e-02 -4.7695e-02 -2.9918e-02
-1.1032e-02 -3.1754e-02 -2.9236e-02 -4.7509e-02 -1.1694e-01 -1.9922e-02 -1.4693e-01 1.0000e+00 -2.0876e-01 2.0876e-01 -8.7957e-03 1.0540e-01 -2.3067e-02 -1.8820e-02 5.3251e-03 -3.0201e-02
2.5489e-02 5.3617e-02 2.5216e-02 2.3068e-02 -7.2935e-02 -6.2597e-02 -7.5771e-02 -2.0876e-01 1.0000e+00 -8.6538e-01 1.9857e-01 -5.5048e-01 1.4597e-01 1.2777e-01 2.8127e-02 1.0489e-01
-3.3740e-02 -6.3492e-02 -3.3357e-02 2.2458e-03 6.4801e-02 1.6699e-02 3.6692e-02 2.0876e-01 -8.6538e-01 1.0000e+00 -1.8505e-01 5.9188e-01 -1.3498e-01 -1.1612e-01 -2.8127e-02 -1.7474e-01
9.5955e-03 -3.1608e-02 -4.9353e-02 -6.6253e-02 -5.6539e-02 -4.0868e-02 -1.2952e-01 -8.7957e-03 1.9857e-01 -1.8505e-01 1.0000e+00 1.9504e-01 -2.6303e-02 -3.9600e-02 -4.0646e-02 2.4078e-03
1.4334e-02 -1.2297e-02 5.2012e-03 -2.3394e-02 -3.6267e-02 8.1130e-02 1.8807e-01 1.0540e-01 -5.5048e-01 5.9188e-01 1.9504e-01 1.0000e+00 -7.3778e-02 -3.9260e-02 -5.8515e-02 -7.3096e-02
-4.9487e-02 -3.1599e-02 1.1401e-02 -1.6946e-05 -1.0248e-02 -3.4413e-02 4.7670e-04 -2.3067e-02 1.4597e-01 -1.3498e-01 -2.6303e-02 -7.3778e-02 1.0000e+00 9.0780e-01 3.7947e-01 -7.1139e-02
-4.6478e-02 -2.1618e-02 -2.9125e-03 -9.8292e-03 -7.6330e-03 -3.2320e-02 1.6040e-02 -1.8820e-02 1.2777e-01 -1.1612e-01 -3.9600e-02 -3.9260e-02 9.0780e-01 1.0000e+00 4.5267e-01 -6.5059e-02
-3.2068e-02 -2.3350e-02 2.6336e-02 7.3538e-03 -9.0071e-03 -2.2300e-02 -4.7695e-02 5.3251e-03 2.8127e-02 -2.8127e-02 -4.0646e-02 -5.8515e-02 3.7947e-01 4.5267e-01 1.0000e+00 -5.5479e-02
2.3746e-02 4.0163e-02 6.6145e-02 -3.6130e-03 -4.7300e-02 3.9186e-02 -2.9918e-02 -3.0201e-02 1.0489e-01 -1.7474e-01 2.4078e-03 -7.3096e-02 -7.1139e-02 -6.5059e-02 -5.5479e-02 1.0000e+00
