1.0000e+00 8.7351e-01 1.0000e+00 9.8334e-01 8.9163e-01 9.7076e-01 9.8334e-01 8.8084e-01 8.6896e-01 9.9170e-01 -8.8084e-01 9.5388e-01 -8.7319e-01 9.6256e-01 4.7573e-01 4.8724e-01 -5.2992e-03 -8.0105e-02 -3.5029e-02 -3.3205e-03 -2.3559e-03 2.0881e-02
8.7351e-01 1.0000e+00 8.7351e-01 8.5802e-01 9.8581e-01 8.7802e-01 8.8940e-01 9.6808e-01 9.8916e-01 8.6578e-01 -9.6808e-01 8.6204e-01 -9.6808e-01 8.4638e-01 4.0327e-01 4.0278e-01 -2.3540e-03 -8.4057e-02 -1.9569e-02 -1.3869e-02 -1.2819e-02 1.5038e-02
1.0000e+00 8.7351e-01 1.0000e+00 9.8334e-01 8.9163e-01 9.7076e-01 9.8334e-01 8.8084e-01 8.6896e-01 9.9170e-01 -8.8084e-01 9.5388e-01 -8.7319e-01 9.6256e-01 4.7573e-01 4.8724e-01 -5.2992e-03 -8.0105e-02 -3.5029e-02 -3.3205e-03 -2.3559e-03 2.0881e-02
9.8334e-01 8.5802e-01 9.8334e-01 1.0000e+00 8.7651e-01 9.7890e-01 9.6623e-01 8.7341e-01 8.5338e-01 9.7499e-01 -8.6571e-01 9.7041e-01 -8.6571e-01 9.5396e-01 4.8871e-01 5.0028e-01 -3.7754e-03 -7.7245e-02 -3.3015e-02 -2.9231e-04 6.6924e-04 2.2370e-02
8.9163e-01 9.8581e-01 8.9163e-01 8.7651e-01 1.0000e+00 8.6556e-01 8.7678e-01 9.8235e-01 9.7509e-01 8.8396e-01 -9.8235e-01 8.4970e-01 -9.7529e-01 8.5718e-01 3.9818e-01 4.0934e-01 -5.1885e-03 -7.7143e-02 -2.3471e-02 -6.4789e-03 -5.4016e-03 1.2393e-02
9.7076e-01 8.7802e-01 9.7076e-01 9.7890e-01 8.6556e-01 1.0000e+00 9.8721e-01 8.5470e-01 8.7328e-01 9.6228e-01 -8.5470e-01 9.8282e-01 -8.5470e-01 9.4079e-01 4.9337e-01 4.9218e-01 1.1620e-04 -8.6918e-02 -3.6630e-02 -1.3891e-02 -1.2972e-02 2.6182e-02
9.8334e-01 8.8940e-01 9.8334e-01 9.6623e-01 8.7678e-01 9.8721e-01 1.0000e+00 8.6595e-01 8.8477e-01 9.7494e-01 -8.6595e-01 9.7016e-01 -8.6595e-01 9.5374e-01 4.8295e-01 4.8184e-01 -2.2331e-03 -8.7792e-02 -3.0979e-02 -1.1316e-02 -1.0381e-02 2.3879e-02
8.8084e-01 9.6808e-01 8.8084e-01 8.7341e-01 9.8235e-01 8.5470e-01 8.6595e-01 1.0000e+00 9.7879e-01 8.8849e-01 -9.8591e-01 8.5444e-01 -9.8591e-01 8.6946e-01 4.0124e-01 4.1242e-01 -5.8890e-03 -7.5437e-02 -1.6547e-02 4.9658e-03 6.0658e-03 2.3586e-02
8.6896e-01 9.8916e-01 8.6896e-01 8.5338e-01 9.7509e-01 8.7328e-01 8.8477e-01 9.7879e-01 1.0000e+00 8.7672e-01 -9.7879e-01 8.6519e-01 -9.7879e-01 8.5729e-01 4.0603e-01 4.0552e-01 -1.6369e-03 -8.5809e-02 -1.8583e-02 -1.2486e-02 -1.1438e-02 2.7724e-02
9.9170e-01 8.6578e-01 9.9170e-01 9.7499e-01 8.8396e-01 9.6228e-01 9.7494e-01 8.8849e-01 8.7672e-01 1.0000e+00 -8.8849e-01 9.5388e-01 -8.8084e-01 9.7088e-01 4.7573e-01 4.8724e-01 -5.2992e-03 -8.0105e-02 -3.5029e-02 -3.3205e-03 -2.3559e-03 3.3736e-02
-8.8084e-01 -9.6808e-01 -8.8084e-01 -8.6571e-01 -9.8235e-01 -8.5470e-01 -8.6595e-01 -9.8591e-01 -9.7879e-01 -8.8849e-01 1.0000e+00 -8.6220e-01 9.9295e-01 -8.7713e-01 -4.0124e-01 -4.1242e-01 5.8890e-03 7.5437e-02 2.4436e-02 7.8598e-03 6.7810e-03 -2.3586e-02
9.5388e-01 8.6204e-01 9.5388e-01 9.7041e-01 8.4970e-01 9.8282e-01 9.7016e-01 8.5444e-01 8.6519e-01 9.5388e-01 -8.6220e-01 1.0000e+00 -8.6997e-01 9.5789e-01 4.9906e-01 4.9797e-01 -1.4549e-03 -8.3008e-02 -2.9952e-02 -9.8132e-03 -8.8796e-03 2.4641e-02
-8.7319e-01 -9.6808e-01 -8.7319e-01 -8.6571e-01 -9.7529e-01 -8.5470e-01 -8.6595e-01 -9.8591e-01 -9.7879e-01 -8.8084e-01 9.9295e-01 -8.6997e-01 1.0000e+00 -8.8480e-01 -4.0124e-01 -4.1242e-01 5.8890e-03 7.5437e-02 1.6547e-02 7.8598e-03 6.7810e-03 -2.3586e-02
9.6256e-01 8.4638e-01 9.6256e-01 9.5396e-01 8.5718e-01 9.4079e-01 9.5374e-01 8.6946e-01 8.5729e-01 9.7088e-01 -8.7713e-01 9.5789e-01 -8.8480e-01 1.0000e+00 4.8532e-01 4.9687e-01 -4.5395e-03 -7.5350e-02 -2.5438e-02 -8.7912e-03 -7.8397e-03 2.1623e-02
4.7573e-01 4.0327e-01 4.7573e-01 4.8871e-01 3.9818e-01 4.9337e-01 4.8295e-01 4.0124e-01 4.0603e-01 4.7573e-01 -4.0124e-01 4.9906e-01 -4.0124e-01 4.8532e-01 1.0000e+00 9.6240e-01 1.0736e-02 -9.1803e-02 -3.0065e-02 -4.0969e-02 -4.4677e-02 -1.6809e-03
4.8724e-01 4.0278e-01 4.8724e-01 5.0028e-01 4.0934e-01 4.9218e-01 4.8184e-01 4.1242e-01 4.0552e-01 4.8724e-01 -4.1242e-01 4.9797e-01 -4.1242e-01 4.9687e-01 9.6240e-01 1.0000e+00 1.3109e-02 -1.0215e-01 -2.6838e-02 -4.1799e-02 -4.5544e-02 1.0055e-02
-5.2992e-03 -2.3540e-03 -5.2992e-03 -3.7754e-03 -5.1885e-03 1.1620e-04 -2.2331e-03 -5.8890e-03 -1.6369e-03 -5.2992e-03 5.8890e-03 -1.4549e-03 5.8890e-03 -4.5395e-03 1.0736e-02 1.3109e-02 1.0000e+00 -3.8462e-01 -4.4704e-02 -9.4059e-02 -9.3565e-02 6.0571e-02
-8.0105e-02 -8.4057e-02 -8.0105e-02 -7.7245e-02 -7.7143e-02 -8.6918e-02 -8.7792e-02 -7.5437e-02 -8.5809e-02 -8.0105e-02 7.5437e-02 -8.3008e-02 7.5437e-02 -7.5350e-02 -9.1803e-02 -1.0215e-01 -3.8462e-01 1.0000e+00 -2.1615e-01 -7.9928e-02 -8.1451e-02 -1.1081e-01
-3.5029e-02 -1.9569e-02 -3.5029e-02 -3.3015e-02 -2.3471e-02 -3.6630e-02 -3.0979e-02 -1.6547e-02 -1.8583e-02 -3.5029e-02 2.4436e-02 -2.9952e-02 1.6547e-02 -2.5438e-02 -3.0065e-02 -2.6838e-02 -4.4704e-02 -2.1615e-01 1.0000e+00 7.3027e-01 7.3241e-01 -3.7789e-02
-3.3205e-03 -1.3869e-02 -3.3205e-03 -2.9231e-04 -6.4789e-03 -1.3891e-02 -1.1316e-02 4.9658e-03 -1.2486e-02 -3.3205e-03 7.8598e-03 -9.8132e-03 7.8598e-03 -8.7912e-03 -4.0969e-02 -4.1799e-02 -9.4059e-02 -7.9928e-02 7.3027e-01 1.0000e+00 9.9708e-01 -5.9709e-02
-2.3559e-03 -1.2819e-02 -2.3559e-03 6.6924e-04 -5.4016e-03 -1.2972e-02 -1.0381e-02 6.0658e-03 -1.1438e-02 -2.3559e-03 6.7810e-03 -8.8796e-03 6.7810e-03 -7.8397e-03 -4.4677e-02 -4.5544e-02 -9.3565e-02 -8.1451e-02 7.3241e-01 9.9708e-01 1.0000e+00 -5.9239e-02
2.0881e-02 1.5038e-02 2.0881e-02 2.2370e-02 1.2393e-02 2.6182e-02 2.3879e-02 2.3586e-02 2.7724e-02 3.3736e-02 -2.3586e-02 2.4641e-02 -2.3586e-02 2.1623e-02 -1.6809e-03 1.0055e-02 6.0571e-02 -1.1081e-01 -3.7789e-02 -5.9709e-02 -5.9239e-02 1.0000e+00
