1.0000e+00 -4.6292e-02 -1.4332e-01 -2.4802e-02 4.2183e-03 7.0472e-02 -4.6345e-02 -4.2748e-02 3.0158e-02 -1.1386e-02 8.7128e-03 1.1209e-01 -1.3465e-02 -1.4928e-04 -9.1324e-02 -9.1324e-02
-4.6292e-02 1.0000e+00 -1.6057e-01 1.4885e-01 1.2424e-01 -2.0976e-02 5.2331e-03 8.1974e-03 7.1831e-02 1.1646e-02 3.4326e-02 -3.4367e-02 1.0195e-02 3.2342e-02 4.9895e-02 4.9895e-02
-1.4332e-01 -1.6057e-01 1.0000e+00 -9.1652e-02 -3.0471e-02 -1.7421e-02 4.9247e-02 5.2043e-02 2.3247e-02 -3.8806e-02 3.8608e-02 -2.0152e-02 -5.9174e-03 -4.6369e-02 7.0166e-02 7.0166e-02
-2.4802e-02 1.4885e-01 -9.1652e-02 1.0000e+00 -1.2126e-01 -1.8168e-02 4.6238e-02 4.9116e-02 -4.3153e-02 5.4545e-02 2.0635e-02 4.6009e-04 -8.4443e-03 7.3141e-02 -1.8631e-02 -1.8631e-02
4.2183e-03 1.2424e-01 -3.0471e-02 -1.2126e-01 1.0000e+00 1.4982e-01 -4.0852e-02 -3.9302e-02 1.1351e-01 5.9756e-02 4.3034e-03 -5.0531e-02 1.0278e-02 -3.5390e-02 2.6423e-02 2.6423e-02
7.0472e-02 -2.0976e-02 -1.7421e-02 -1.8168e-02 1.4982e-01 1.0000e+00 -1.6270e-02 -1.6113e-02 3.8593e-02 -1.2299e-02 -8.2101e-03 -1.0099e-02 -4.2405e-03 -5.3022e-03 -3.4334e-02 -3.4334e-02
-4.6345e-02 5.2331e-03 4.9247e-02 4.6238e-02 -4.0852e-02 -1.6270e-02 1.0000e+00 9.9037e-01 -1.5037e-01 -7.6328e-02 2.0308e-01 -6.8134e-02 -1.8263e-03 -1.6934e-02 -4.3907e-02 -4.3907e-02
-4.2748e-02 8.1974e-03 5.2043e-02 4.9116e-02 -3.9302e-02 -1.6113e-02 9.9037e-01 1.0000e+00 -1.4864e-01 -7.5181e-02 1.9941e-01 -6.7233e-02 -1.2485e-03 -1.6321e-02 -4.5886e-02 -4.5886e-02
3.0158e-02 7.1831e-02 2.3247e-02 -4.3153e-02 1.1351e-01 3.8593e-02 -1.5037e-01 -1.4864e-01 1.0000e+00 -9.5233e-02 -8.9467e-02 2.5060e-01 -4.3450e-02 -3.1892e-02 7.1358e-03 7.1358e-03
-1.1386e-02 1.1646e-02 -3.8806e-02 5.4545e-02 5.9756e-02 -1.2299e-02 -7.6328e-02 -7.5181e-02 -9.5233e-02 1.0000e+00 -3.2299e-01 -4.4324e-02 5.6256e-02 -3.2736e-02 4.5009e-02 4.5009e-02
8.7128e-03 3.4326e-02 3.8608e-02 2.0635e-02 4.3034e-03 -8.2101e-03 2.0308e-01 1.9941e-01 -8.9467e-02 -3.2299e-01 1.0000e+00 -1.4023e-01 1.4724e-02 1.2659e-02 6.7631e-02 6.7631e-02
1.1209e-01 -3.4367e-02 -2.0152e-02 4.6009e-04 -5.0531e-02 -1.0099e-02 -6.8134e-02 -6.7233e-02 2.5060e-01 -4.4324e-02 -1.4023e-01 1.0000e+00 -2.1499e-02 -2.6881e-02 -1.0718e-01 -1.0718e-01
-1.3465e-02 1.0195e-02 -5.9174e-03 -8.4443e-03 1.0278e-02 -4.2405e-03 -1.8263e-03 -1.2485e-03 -4.3450e-02 5.6256e-02 1.4724e-02 -2.1499e-02 1.0000e+00 -1.1287e-02 -2.9401e-02 -2.9401e-02
-1.4928e-04 3.2342e-02 -4.6369e-02 7.3141e-02 -3.5390e-02 -5.3022e-03 -1.6934e-02 -1.6321e-02 -3.1892e-02 -3.2736e-02 1.2659e-02 -2.6881e-02 -1.1287e-02 1.0000e+00 -3.8712e-02 -3.8712e-02
-9.1324e-02 4.9895e-02 7.0166e-02 -1.8631e-02 2.6423e-02 -3.4334e-02 -4.3907e-02 -4.5886e-02 7.1358e-03 4.5009e-02 6.7631e-02 -1.0718e-01 -2.9401e-02 -3.8712e-02 1.0000e+00 1.0000e+00
-9.1324e-02 4.9895e-02 7.0166e-02 -1.8631e-02 2.6423e-02 -3.4334e-02 -4.3907e-02 -4.5886e-02 7.1358e-03 4.5009e-02 6.7631e-02 -1.0718e-01 -2.9401e-02 -3.8712e-02 1.0000e+00 1.0000e+00
