1.0000e+00 -2.8843e-02 -5.4516e-02 1.1095e-01 -2.1183e-02 9.4910e-02 -3.9033e-02 -8.8070e-02 -3.2736e-02
-2.8843e-02 1.0000e+00 4.3757e-01 1.4583e-01 -4.3292e-02 1.3317e-01 -2.5956e-02 -9.2635e-02 8.0770e-04
-5.4516e-02 4.3757e-01 1.0000e+00 4.9895e-01 1.0026e-01 2.6417e-01 2.3006e-01 -2.3717e-01 7.8317e-02
1.1095e-01 1.4583e-01 4.9895e-01 1.0000e+00 2.8827e-01 2.7751e-01 3.1251e-01 -2.5329e-01 1.6099e-01
-2.1183e-02 -4.3292e-02 1.0026e-01 2.8827e-01 1.0000e+00 1.2188e-01 2.3823e-01 -1.1149e-01 4.2249e-01
9.4910e-02 1.3317e-01 2.6417e-01 2.7751e-01 1.2188e-01 1.0000e+00 4.6668e-01 -8.8355e-01 2.2849e-01
-3.9033e-02 -2.5956e-02 2.3006e-01 3.1251e-01 2.3823e-01 4.6668e-01 1.0000e+00 -4.4288e-01 4.8689e-01
-8.8070e-02 -9.2635e-02 -2.3717e-01 -2.5329e-01 -1.1149e-01 -8.8355e-01 -4.4288e-01 1.0000e+00 -2.2831e-01
-3.2736e-02 8.0770e-04 7.8317e-02 1.6099e-01 4.2249e-01 2.2849e-01 4.8689e-01 -2.2831e-01 1.0000e+00
