1.0000e+00 1.0000e+00 8.0928e-01 8.0928e-01 -2.9398e-01 -1.8739e-02 -4.0891e-02 -4.7797e-02 -3.6502e-02 -3.7728e-02 -5.8416e-02 -7.2894e-02 -4.3653e-02 -4.3069e-02 -4.3069e-02 -6.7389e-03 -6.7389e-03 -6.7389e-03 -6.7389e-03 -6.7389e-03 -3.0462e-02 6.6416e-02 4.2424e-02 -6.1907e-02 -4.0092e-02 3.5937e-02 6.3509e-02 6.3509e-02 9.2969e-02 -5.5998e-02 5.3930e-02 -7.4329e-03 -5.7221e-02 -5.7221e-02 3.5927e-02 -6.0861e-02 -9.2432e-03 -1.5693e-02 1.0889e-01 1.0889e-01 -6.4059e-02 -1.5693e-02 -5.9620e-02 8.6192e-04 1.2121e-01 -6.0179e-02 -3.6583e-02 -1.6410e-02 4.2031e-02 -3.1443e-02 4.2601e-02 1.0533e-01 1.0533e-01 1.0533e-01 1.0533e-01 1.0533e-01 1.0297e-01 1.0533e-01 4.3171e-02 4.1459e-02 4.2601e-02 -3.1443e-02 -7.4410e-03 4.3739e-02 -3.0107e-02 3.4781e-02 3.3620e-02 3.4781e-02 1.5144e-03 -5.1519e-02 -5.6191e-02 -5.6191e-02 -5.8344e-02 1.1031e-01 1.0913e-01 -4.2029e-02 1.0445e-01 1.0854e-01 3.0642e-02 9.6794e-02 9.0926e-02 2.4765e-02 1.1386e-01 -9.3514e-03 1.1386e-01 9.3475e-02 -1.0910e-02 1.2379e-01 1.1986e-01 -7.3250e-02 1.1470e-01 1.1470e-01 1.1908e-01 1.1908e-01 1.1267e-01 1.1850e-01 7.9048e-02 -1.7197e-02 8.9225e-02 9.9064e-03 3.7841e-02 -4.5274e-02 4.5852e-02 4.3543e-02 -5.2700e-02 -4.5274e-02 -4.5274e-02 -4.5852e-02 3.8992e-02 -4.5274e-02 -4.5274e-02 -4.5274e-02 -4.5274e-02 -4.5274e-02 -4.5274e-02 -3.5330e-02 3.8992e-02 -5.8176e-02 4.5852e-02 -5.8176e-02 -2.4977e-02 -3.0167e-02 -4.2022e-02 -3.0167e-02 -2.2897e-02 -2.3440e-02 -3.0167e-02 -2.3440e-02 -3.0710e-02 -3.1798e-02 -1.6036e-02 -1.5485e-02 -1.6036e-02 -1.6036e-02 4.3675e-02 4.3675e-02 4.3675e-02 9.6718e-03 -2.4977e-02 -1.6036e-02 9.6718e-03 -4.7405e-02 -4.7405e-02 2.2030e-02 -2.6157e-02 1.6587e-02 4.1471e-02 -5.0545e-02 2.2030e-02 4.1605e-02 -1.1060e-02 -5.0545e-02 -1.0504e-02 -5.8764e-02 -3.7943e-02 3.3592e-02 8.4487e-03 4.7118e-02 2.2030e-02 -5.6897e-02 2.5433e-02 -3.5854e-02 -5.6897e-02 -5.6897e-02 -5.6897e-02 -5.6897e-02 -6.1818e-02 -5.6897e-02 1.5422e-02 -2.6721e-02 -2.6721e-02 1.5422e-02 -1.8196e-02 -2.3767e-02 -2.6721e-02 -6.2307e-03 -2.6721e-02 -2.8144e-02 -5.0052e-03 -2.8144e-02 -3.7553e-03 2.2030e-02 -3.9360e-02 -3.9360e-02 -3.7887e-02 -2.6361e-02 1.1429e-02 -2.1513e-02 6.0053e-03 6.0053e-03 -8.5171e-03 2.8160e-03 -6.0689e-03 -7.6075e-03 1.4947e-02 2.9368e-02 -1.4446e-02 1.8226e-02
1.0000e+00 1.0000e+00 8.0928e-01 8.0928e-01 -2.9398e-01 -1.8739e-02 -4.0891e-02 -4.7797e-02 -3.6502e-02 -3.7728e-02 -5.8416e-02 -7.2894e-02 -4.3653e-02 -4.3069e-02 -4.3069e-02 -6.7389e-03 -6.7389e-03 -6.7389e-03 -6.7389e-03 -6.7389e-03 -3.0462e-02 6.6416e-02 4.2424e-02 -6.1907e-02 -4.0092e-02 3.5937e-02 6.3509e-02 6.3509e-02 9.2969e-02 -5.5998e-02 5.3930e-02 -7.4329e-03 -5.7221e-02 -5.7221e-02 3.5927e-02 -6.0861e-02 -9.2432e-03 -1.5693e-02 1.0889e-01 1.0889e-01 -6.4059e-02 -1.5693e-02 -5.9620e-02 8.6192e-04 1.2121e-01 -6.0179e-02 -3.6583e-02 -1.6410e-02 4.2031e-02 -3.1443e-02 4.2601e-02 1.0533e-01 1.0533e-01 1.0533e-01 1.0533e-01 1.0533e-01 1.0297e-01 1.0533e-01 4.3171e-02 4.1459e-02 4.2601e-02 -3.1443e-02 -7.4410e-03 4.3739e-02 -3.0107e-02 3.4781e-02 3.3620e-02 3.4781e-02 1.5144e-03 -5.1519e-02 -5.6191e-02 -5.6191e-02 -5.8344e-02 1.1031e-01 1.0913e-01 -4.2029e-02 1.0445e-01 1.0854e-01 3.0642e-02 9.6794e-02 9.0926e-02 2.4765e-02 1.1386e-01 -9.3514e-03 1.1386e-01 9.3475e-02 -1.0910e-02 1.2379e-01 1.1986e-01 -7.3250e-02 1.1470e-01 1.1470e-01 1.1908e-01 1.1908e-01 1.1267e-01 1.1850e-01 7.9048e-02 -1.7197e-02 8.9225e-02 9.9064e-03 3.7841e-02 -4.5274e-02 4.5852e-02 4.3543e-02 -5.2700e-02 -4.5274e-02 -4.5274e-02 -4.5852e-02 3.8992e-02 -4.5274e-02 -4.5274e-02 -4.5274e-02 -4.5274e-02 -4.5274e-02 -4.5274e-02 -3.5330e-02 3.8992e-02 -5.8176e-02 4.5852e-02 -5.8176e-02 -2.4977e-02 -3.0167e-02 -4.2022e-02 -3.0167e-02 -2.2897e-02 -2.3440e-02 -3.0167e-02 -2.3440e-02 -3.0710e-02 -3.1798e-02 -1.6036e-02 -1.5485e-02 -1.6036e-02 -1.6036e-02 4.3675e-02 4.3675e-02 4.3675e-02 9.6718e-03 -2.4977e-02 -1.6036e-02 9.6718e-03 -4.7405e-02 -4.7405e-02 2.2030e-02 -2.6157e-02 1.6587e-02 4.1471e-02 -5.0545e-02 2.2030e-02 4.1605e-02 -1.1060e-02 -5.0545e-02 -1.0504e-02 -5.8764e-02 -3.7943e-02 3.3592e-02 8.4487e-03 4.7118e-02 2.2030e-02 -5.6897e-02 2.5433e-02 -3.5854e-02 -5.6897e-02 -5.6897e-02 -5.6897e-02 -5.6897e-02 -6.1818e-02 -5.6897e-02 1.5422e-02 -2.6721e-02 -2.6721e-02 1.5422e-02 -1.8196e-02 -2.3767e-02 -2.6721e-02 -6.2307e-03 -2.6721e-02 -2.8144e-02 -5.0052e-03 -2.8144e-02 -3.7553e-03 2.2030e-02 -3.9360e-02 -3.9360e-02 -3.7887e-02 -2.6361e-02 1.1429e-02 -2.1513e-02 6.0053e-03 6.0053e-03 -8.5171e-03 2.8160e-03 -6.0689e-03 -7.6075e-03 1.4947e-02 2.9368e-02 -1.4446e-02 1.8226e-02
8.0928e-01 8.0928e-01 1.0000e+00 1.0000e+00 -2.5705e-01 -9.7299e-02 -3.3834e-02 -5.3892e-02 -5.3476e-02 -5.4402e-02 -5.9429e-02 -3.6564e-02 -1.0631e-02 -1.0107e-02 -1.0107e-02 -1.0374e-02 -1.0374e-02 -1.0374e-02 -1.0374e-02 -1.0374e-02 -4.4911e-02 5.6899e-02 4.6781e-02 -5.0256e-02 -4.0687e-02 3.7661e-02 4.4816e-02 4.4816e-02 7.6926e-02 -5.2927e-02 3.0597e-02 1.3158e-02 -5.3902e-02 -5.3902e-02 2.1294e-02 -5.0359e-02 -3.1395e-02 -3.4612e-02 1.0515e-01 1.0515e-01 -4.5283e-02 -3.4612e-02 -4.1511e-02 1.2539e-02 1.2094e-01 -4.1987e-02 -2.7180e-02 -2.1709e-02 3.5841e-02 -6.1286e-03 3.6311e-02 1.0217e-01 1.0217e-01 1.0217e-01 1.0217e-01 1.0217e-01 1.0020e-01 1.0217e-01 3.6781e-02 3.5369e-02 3.6311e-02 -6.1286e-03 -3.0542e-02 3.7249e-02 -1.5119e-03 2.6661e-02 2.5695e-02 2.6661e-02 -2.4143e-02 -2.6077e-02 -3.0203e-02 -3.0203e-02 -5.4748e-02 1.0908e-01 1.0809e-01 -2.8212e-02 1.0417e-01 1.0760e-01 2.4424e-02 7.8149e-02 8.1848e-02 2.9855e-02 1.1205e-01 -3.5883e-03 1.1205e-01 9.7675e-02 -3.1971e-02 1.1646e-01 1.1709e-01 -9.6114e-02 1.1548e-01 1.1548e-01 1.2187e-01 1.2187e-01 1.1106e-01 1.2138e-01 1.0039e-01 -2.8381e-02 1.2335e-01 2.4223e-03 5.5931e-02 -6.4909e-02 6.5400e-02 6.3440e-02 -7.3879e-02 -6.4909e-02 -6.4909e-02 -6.5400e-02 5.6906e-02 -6.4909e-02 -6.4909e-02 -6.4909e-02 -6.4909e-02 -6.4909e-02 -6.4909e-02 -3.4344e-02 5.6906e-02 -7.7109e-02 6.5400e-02 -7.7109e-02 -1.2522e-02 -4.9898e-02 -5.6987e-02 -4.9898e-02 -4.1111e-02 -4.1561e-02 -4.9898e-02 -4.1561e-02 -5.9583e-02 -6.0483e-02 -5.5961e-02 -5.5525e-02 -5.5961e-02 -5.5961e-02 6.7625e-02 6.7625e-02 6.7625e-02 4.7792e-02 -1.2522e-02 -5.5961e-02 4.7792e-02 -2.8795e-02 -2.8795e-02 4.2939e-03 -4.0348e-02 5.6396e-02 6.5784e-02 -3.1535e-02 4.2939e-03 2.0392e-02 -5.2036e-02 -3.1535e-02 -5.1599e-02 -3.2103e-02 -3.1395e-02 3.3353e-02 -5.1137e-03 1.8337e-02 4.2939e-03 -3.0393e-02 4.8131e-02 -2.9667e-02 -3.0393e-02 -3.0393e-02 -3.0393e-02 -3.0393e-02 -3.4893e-02 -3.0393e-02 -2.9237e-02 6.4305e-03 6.4305e-03 -2.9237e-02 1.7159e-02 -3.8985e-02 6.4305e-03 -2.8986e-02 6.4305e-03 5.0747e-03 -2.8212e-02 5.0747e-03 -2.7425e-02 4.2939e-03 -1.4129e-02 -1.4129e-02 -1.2745e-02 1.2372e-03 3.5817e-03 5.8865e-03 -3.8111e-03 -3.8111e-03 -1.6001e-02 -3.6142e-03 1.7867e-02 1.6455e-02 1.6789e-02 9.5023e-03 7.2050e-03 3.0607e-03
8.0928e-01 8.0928e-01 1.0000e+00 1.0000e+00 -2.5705e-01 -9.7299e-02 -3.3834e-02 -5.3892e-02 -5.3476e-02 -5.4402e-02 -5.9429e-02 -3.6564e-02 -1.0631e-02 -1.0107e-02 -1.0107e-02 -1.0374e-02 -1.0374e-02 -1.0374e-02 -1.0374e-02 -1.0374e-02 -4.4911e-02 5.6899e-02 4.6781e-02 -5.0256e-02 -4.0687e-02 3.7661e-02 4.4816e-02 4.4816e-02 7.6926e-02 -5.2927e-02 3.0597e-02 1.3158e-02 -5.3902e-02 -5.3902e-02 2.1294e-02 -5.0359e-02 -3.1395e-02 -3.4612e-02 1.0515e-01 1.0515e-01 -4.5283e-02 -3.4612e-02 -4.1511e-02 1.2539e-02 1.2094e-01 -4.1987e-02 -2.7180e-02 -2.1709e-02 3.5841e-02 -6.1286e-03 3.6311e-02 1.0217e-01 1.0217e-01 1.0217e-01 1.0217e-01 1.0217e-01 1.0020e-01 1.0217e-01 3.6781e-02 3.5369e-02 3.6311e-02 -6.1286e-03 -3.0542e-02 3.7249e-02 -1.5119e-03 2.6661e-02 2.5695e-02 2.6661e-02 -2.4143e-02 -2.6077e-02 -3.0203e-02 -3.0203e-02 -5.4748e-02 1.0908e-01 1.0809e-01 -2.8212e-02 1.0417e-01 1.0760e-01 2.4424e-02 7.8149e-02 8.1848e-02 2.9855e-02 1.1205e-01 -3.5883e-03 1.1205e-01 9.7675e-02 -3.1971e-02 1.1646e-01 1.1709e-01 -9.6114e-02 1.1548e-01 1.1548e-01 1.2187e-01 1.2187e-01 1.1106e-01 1.2138e-01 1.0039e-01 -2.8381e-02 1.2335e-01 2.4223e-03 5.5931e-02 -6.4909e-02 6.5400e-02 6.3440e-02 -7.3879e-02 -6.4909e-02 -6.4909e-02 -6.5400e-02 5.6906e-02 -6.4909e-02 -6.4909e-02 -6.4909e-02 -6.4909e-02 -6.4909e-02 -6.4909e-02 -3.4344e-02 5.6906e-02 -7.7109e-02 6.5400e-02 -7.7109e-02 -1.2522e-02 -4.9898e-02 -5.6987e-02 -4.9898e-02 -4.1111e-02 -4.1561e-02 -4.9898e-02 -4.1561e-02 -5.9583e-02 -6.0483e-02 -5.5961e-02 -5.5525e-02 -5.5961e-02 -5.5961e-02 6.7625e-02 6.7625e-02 6.7625e-02 4.7792e-02 -1.2522e-02 -5.5961e-02 4.7792e-02 -2.8795e-02 -2.8795e-02 4.2939e-03 -4.0348e-02 5.6396e-02 6.5784e-02 -3.1535e-02 4.2939e-03 2.0392e-02 -5.2036e-02 -3.1535e-02 -5.1599e-02 -3.2103e-02 -3.1395e-02 3.3353e-02 -5.1137e-03 1.8337e-02 4.2939e-03 -3.0393e-02 4.8131e-02 -2.9667e-02 -3.0393e-02 -3.0393e-02 -3.0393e-02 -3.0393e-02 -3.4893e-02 -3.0393e-02 -2.9237e-02 6.4305e-03 6.4305e-03 -2.9237e-02 1.7159e-02 -3.8985e-02 6.4305e-03 -2.8986e-02 6.4305e-03 5.0747e-03 -2.8212e-02 5.0747e-03 -2.7425e-02 4.2939e-03 -1.4129e-02 -1.4129e-02 -1.2745e-02 1.2372e-03 3.5817e-03 5.8865e-03 -3.8111e-03 -3.8111e-03 -1.6001e-02 -3.6142e-03 1.7867e-02 1.6455e-02 1.6789e-02 9.5023e-03 7.2050e-03 3.0607e-03
-2.9398e-01 -2.9398e-01 -2.5705e-01 -2.5705e-01 1.0000e+00 5.1614e-02 1.0377e-01 8.9950e-02 -1.2282e-01 -1.2421e-01 9.0701e-02 -7.7648e-03 -3.4957e-02 -3.6671e-02 -3.6671e-02 7.8059e-02 7.8059e-02 7.8059e-02 7.8059e-02 7.8059e-02 4.4487e-02 -1.1023e-02 3.5710e-02 7.7487e-03 5.2902e-02 -1.5146e-02 2.1393e-02 2.1393e-02 -3.0474e-03 2.3070e-02 5.0223e-03 -2.0434e-02 2.0830e-02 2.0830e-02 4.7014e-02 -1.1534e-02 4.9514e-02 3.5158e-02 -2.0343e-02 -2.0343e-02 -2.4781e-02 3.5158e-02 -2.5109e-03 9.9766e-03 -2.0511e-02 -1.1092e-02 -6.7606e-03 1.4419e-02 -1.2518e-02 -4.2293e-02 -9.2093e-03 -2.0511e-02 -2.0511e-02 -2.0511e-02 -2.0511e-02 -2.0511e-02 -1.9188e-02 -2.4825e-02 -1.0781e-02 -1.0945e-02 -9.2093e-03 -4.2293e-02 4.5641e-02 -7.4830e-03 -4.9314e-02 -2.6169e-03 -9.2093e-03 -2.6169e-03 4.9360e-02 -2.4805e-02 -2.6553e-02 -2.6553e-02 1.6764e-02 -1.3476e-02 -1.4972e-02 -5.7548e-02 -8.0643e-03 -1.3569e-02 -5.6505e-03 3.6216e-02 -1.7174e-02 2.1837e-02 -2.1922e-02 9.8376e-03 -2.1922e-02 5.2254e-03 5.6579e-02 -2.0768e-02 -1.8761e-02 -6.7383e-03 -1.3662e-02 -1.7960e-02 -2.2430e-02 -2.2430e-02 -3.6352e-02 -2.1030e-02 1.3581e-02 -6.4600e-02 -5.1687e-03 -3.5375e-02 -2.5263e-03 1.1112e-03 -2.5263e-03 3.1262e-03 4.0452e-03 1.1112e-03 1.1112e-03 2.5263e-03 -1.0045e-03 1.1112e-03 1.1112e-03 1.1112e-03 1.1112e-03 1.1112e-03 1.1112e-03 4.6369e-02 -1.0045e-03 1.9452e-02 -2.5263e-03 1.9452e-02 -5.3008e-02 -4.8816e-03 -1.4670e-02 -4.8816e-03 -7.7463e-03 -6.3667e-03 -4.8816e-03 -6.3667e-03 -3.5019e-03 -7.4257e-04 5.2007e-04 -8.9755e-04 5.2007e-04 5.2007e-04 1.0526e-02 1.0526e-02 1.0526e-02 -4.1114e-04 -5.3008e-02 5.2007e-04 -4.1114e-04 -1.1339e-02 -1.1339e-02 1.3622e-02 3.7781e-02 -1.9363e-03 3.2896e-03 -1.5802e-03 1.3622e-02 1.7134e-03 -3.5307e-03 -1.5802e-03 -5.7496e-04 -3.0010e-02 3.3924e-02 4.7583e-02 2.5049e-02 3.0010e-02 1.3622e-02 -3.0152e-02 2.1983e-02 2.5123e-02 -3.0152e-02 -3.0152e-02 -3.0152e-02 -3.0152e-02 -3.1867e-02 -3.0152e-02 4.9095e-02 -3.3997e-02 -3.3997e-02 4.9095e-02 -3.7895e-02 4.3460e-02 -3.3997e-02 -1.3915e-02 -3.3997e-02 -3.5957e-02 -7.2672e-03 -3.5957e-02 -1.0644e-02 1.3622e-02 -4.3570e-02 -4.3570e-02 -4.8591e-02 -5.0632e-02 1.7024e-02 -4.4416e-02 1.8642e-02 1.8642e-02 1.5016e-02 1.2106e-02 -2.1460e-02 -3.5781e-02 -4.1123e-02 -1.6629e-03 -1.3512e-02 -2.9694e-03
-1.8739e-02 -1.8739e-02 -9.7299e-02 -9.7299e-02 5.1614e-02 1.0000e+00 -2.2249e-01 -2.0947e-02 1.4767e-01 1.3430e-01 2.0009e-02 -2.4246e-03 -3.6044e-02 -3.2546e-02 -3.2546e-02 1.4649e-02 1.4649e-02 1.4649e-02 1.4649e-02 1.4649e-02 2.0004e-02 -5.7189e-02 -4.6082e-02 5.3223e-02 1.9534e-03 4.7592e-02 3.7871e-02 3.7871e-02 -5.9880e-03 -3.7992e-02 4.7127e-02 -1.7501e-02 -3.3982e-02 -3.3982e-02 -1.6828e-02 -1.3315e-02 3.0151e-02 3.0973e-02 -1.4737e-02 -1.4737e-02 -3.6217e-02 3.0973e-02 -2.3638e-02 -8.5122e-02 -1.0920e-02 -2.1986e-02 -1.6607e-02 -2.3374e-03 1.9632e-02 -2.3210e-03 1.8071e-02 -1.5285e-02 -1.5285e-02 -1.5285e-02 -1.5285e-02 -1.5285e-02 -1.4198e-02 -1.0920e-02 2.1443e-02 2.6146e-02 2.3007e-02 -2.3210e-03 2.5922e-02 1.4961e-02 4.8342e-02 1.9884e-02 1.3135e-02 1.9884e-02 -4.2214e-02 1.5414e-02 6.9973e-03 6.9973e-03 1.4956e-05 -1.2837e-02 -1.4473e-02 1.6515e-02 -3.6262e-03 -8.7613e-03 8.0293e-03 -1.2303e-02 1.1070e-02 -2.5253e-02 5.1823e-03 -3.6149e-03 5.1823e-03 1.7552e-02 -4.6755e-02 1.8702e-02 3.1016e-02 -1.3869e-02 2.5744e-02 2.5744e-02 2.9458e-02 2.9458e-02 2.5346e-02 3.0800e-02 2.1443e-02 -6.5604e-02 3.8463e-02 -8.3030e-02 5.2676e-02 -5.8422e-02 5.7079e-02 5.3656e-02 -5.5366e-02 -5.8422e-02 -5.8422e-02 -6.1482e-02 5.4390e-02 -5.8422e-02 -5.8422e-02 -5.8422e-02 -5.8422e-02 -5.8422e-02 -5.8422e-02 -6.8740e-03 5.4390e-02 -5.8850e-02 5.7079e-02 -5.8850e-02 4.2086e-02 -5.2057e-02 -7.2832e-02 -5.2057e-02 -5.0721e-02 -4.9384e-02 -5.2057e-02 -4.9384e-02 -3.7838e-02 -3.9460e-02 -1.8881e-02 -2.0263e-02 -1.8881e-02 -1.8881e-02 5.5926e-02 5.5926e-02 5.5926e-02 1.4743e-02 4.2086e-02 -1.8881e-02 1.4743e-02 -6.0326e-02 -6.0326e-02 -3.8867e-02 3.2864e-02 1.7500e-02 3.9733e-02 -5.6184e-02 -3.8867e-02 5.0202e-02 -4.7878e-03 -5.6184e-02 -6.1697e-03 -1.6339e-02 1.4378e-02 1.1346e-02 -6.3777e-02 9.9384e-03 -3.8867e-02 -1.6072e-02 3.9802e-02 2.1477e-02 -1.6072e-02 -1.6072e-02 -1.6072e-02 -1.6072e-02 -1.2580e-02 -1.6072e-02 -4.6268e-02 -1.4585e-02 -1.4585e-02 -4.6268e-02 -6.6381e-03 2.5958e-02 -1.4585e-02 -2.0807e-02 -1.4585e-02 -1.6866e-02 -2.4181e-02 -1.6866e-02 -1.7349e-02 -3.8867e-02 -2.5546e-02 -2.5546e-02 -3.0259e-02 -2.5546e-02 -3.8882e-02 -3.9960e-02 -4.1261e-02 -4.1261e-02 -6.1607e-02 -5.9302e-02 3.9142e-03 -2.3349e-02 2.3766e-02 7.7229e-02 1.8393e-02 -1.3039e-02
-4.0891e-02 -4.0891e-02 -3.3834e-02 -3.3834e-02 1.0377e-01 -2.2249e-01 1.0000e+00 3.2626e-01 -5.6659e-02 -5.7189e-02 7.4577e-02 -9.2400e-02 -8.0256e-02 -8.0027e-02 -8.0027e-02 1.7691e-01 1.7691e-01 1.7691e-01 1.7691e-01 1.7691e-01 2.4851e-01 -4.9125e-02 -3.0821e-02 6.0957e-02 2.3716e-01 4.3933e-02 6.4456e-02 6.4456e-02 -1.2471e-02 -4.1707e-02 6.8504e-02 -3.3834e-02 -4.2313e-02 -4.2313e-02 6.9801e-02 -6.7498e-02 -2.0746e-02 -2.2872e-02 -1.2471e-02 -1.2471e-02 -6.4711e-02 -2.2872e-02 -6.2664e-02 -1.7763e-02 -1.4256e-02 -6.2921e-02 2.2872e-02 -4.6583e-02 7.1256e-02 2.8806e-02 7.1505e-02 -1.4256e-02 -1.4256e-02 -1.4256e-02 -1.4256e-02 -1.4256e-02 -1.5442e-02 -1.4256e-02 7.1754e-02 7.1007e-02 7.1505e-02 2.8806e-02 -2.0182e-02 7.2003e-02 3.7657e-02 7.2003e-02 7.1505e-02 7.2003e-02 -3.1210e-02 -5.4517e-02 -5.6659e-02 -5.6659e-02 2.1508e-01 -1.5738e-02 -1.6330e-02 -3.3102e-02 -1.8694e-02 -1.6626e-02 -5.8724e-02 5.5677e-03 -9.4822e-03 -2.1405e-02 -1.3739e-04 -4.5680e-02 -1.3739e-04 7.0008e-02 -3.4909e-02 -3.1489e-03 -2.4855e-02 -6.9006e-02 -3.7488e-03 -3.7488e-03 -5.5446e-03 -5.5446e-03 -7.4135e-04 -5.8434e-03 7.1754e-02 -4.2133e-02 -4.6475e-03 -7.4716e-02 5.9571e-03 -5.6497e-03 5.9571e-03 4.7294e-03 -5.3426e-03 -5.6497e-03 -5.6497e-03 -5.9571e-03 6.5727e-03 -5.6497e-03 -5.6497e-03 -5.6497e-03 -5.6497e-03 -5.6497e-03 -5.6497e-03 2.7965e-02 6.5727e-03 4.3481e-03 5.9571e-03 4.3481e-03 -2.6215e-02 5.4968e-02 4.4367e-02 5.4968e-02 5.4670e-02 5.4373e-02 5.4968e-02 5.4373e-02 5.4670e-02 5.4076e-02 9.0968e-02 9.1317e-02 9.0968e-02 9.0968e-02 -4.3492e-02 -4.3492e-02 -4.3492e-02 -8.9924e-02 -2.6215e-02 9.0968e-02 -8.9924e-02 -6.2101e-02 -6.2101e-02 3.1089e-02 -2.6662e-02 -9.0619e-02 -4.4659e-02 -6.3326e-02 3.1089e-02 6.4057e-02 9.4139e-02 -6.3326e-02 9.4495e-02 -5.7601e-02 -2.0746e-02 1.1108e-01 -2.3376e-02 5.7601e-02 3.1089e-02 -5.6836e-02 -3.2440e-02 -1.9604e-02 -5.6836e-02 -5.6836e-02 -5.6836e-02 -5.6836e-02 -5.8867e-02 -5.6836e-02 2.3213e-01 -5.8615e-02 -5.8615e-02 2.3213e-01 -5.9620e-02 -2.5761e-02 -5.8615e-02 -1.5847e-03 -5.8615e-02 -5.9119e-02 -8.9638e-04 -5.9119e-02 -1.9406e-04 3.1089e-02 -4.9952e-02 -4.9952e-02 -4.9400e-02 -4.9952e-02 7.7067e-02 -4.8285e-02 7.8357e-02 7.8357e-02 7.1903e-02 7.3196e-02 -3.9553e-02 -4.0175e-02 -3.2731e-02 -3.0612e-02 -2.4011e-02 4.7292e-02
-4.7797e-02 -4.7797e-02 -5.3892e-02 -5.3892e-02 8.9950e-02 -2.0947e-02 3.2626e-01 1.0000e+00 -1.1753e-01 -1.1827e-01 1.7819e-01 -1.0772e-01 -9.6080e-02 -9.5664e-02 -9.5664e-02 3.6928e-01 3.6928e-01 3.6928e-01 3.6928e-01 3.6928e-01 5.8404e-01 -1.9895e-01 1.7827e-02 1.9455e-01 5.2944e-01 7.9808e-02 6.5258e-02 6.5258e-02 -1.1544e-01 -7.2156e-02 7.2581e-02 7.5766e-03 -7.3088e-02 -7.3088e-02 6.5152e-02 -7.0769e-02 -6.4414e-04 -6.9224e-03 -1.2443e-01 -1.2443e-01 -6.5722e-02 -6.9224e-03 -6.1983e-02 -2.8293e-02 -1.2703e-01 -5.1801e-02 3.6431e-02 -7.4197e-02 5.7199e-02 2.2139e-02 5.7669e-02 -1.2703e-01 -1.2703e-01 -1.2703e-01 -1.2703e-01 -1.2703e-01 -1.2877e-01 -1.2703e-01 5.8138e-02 5.6728e-02 5.7669e-02 2.2139e-02 -3.2147e-02 3.8381e-02 4.1357e-02 3.8381e-02 3.7391e-02 3.8381e-02 -4.9712e-02 -2.4221e-02 -2.8614e-02 -2.8614e-02 4.3530e-01 -1.2026e-01 -1.1219e-01 -3.1826e-02 -1.2466e-01 -1.2158e-01 -1.2583e-01 -7.1209e-02 -1.2011e-01 -3.8160e-02 -1.1763e-01 -4.6641e-02 -1.1763e-01 1.0593e-01 -1.5762e-02 -1.2202e-01 -7.7244e-02 -1.0431e-01 -8.7169e-02 -8.7169e-02 -8.9880e-02 -8.9880e-02 -8.2657e-02 -9.0332e-02 1.0877e-01 -6.7110e-02 -7.9601e-02 -6.3857e-02 -6.3685e-02 6.4141e-02 -6.3685e-02 -5.6481e-02 6.4597e-02 6.4141e-02 6.4141e-02 6.3685e-02 -6.2772e-02 6.4141e-02 6.4141e-02 6.4141e-02 6.4141e-02 6.4141e-02 6.4141e-02 -2.8677e-02 -6.2772e-02 5.2368e-02 -6.3685e-02 5.2368e-02 1.0104e-02 3.6231e-02 3.6911e-02 3.6231e-02 3.5757e-02 3.5284e-02 3.6231e-02 3.5284e-02 3.5757e-02 3.4810e-02 6.4994e-02 6.5512e-02 6.4994e-02 6.4994e-02 -3.5503e-02 -3.5503e-02 -3.5503e-02 -6.3445e-02 1.0104e-02 6.4994e-02 -6.3445e-02 -3.6660e-02 -3.6660e-02 1.1245e-03 -4.2468e-02 -6.4477e-02 -3.7381e-02 -3.9458e-02 1.1245e-03 4.1108e-02 6.9684e-02 -3.9458e-02 7.0210e-02 -2.6008e-02 -3.3044e-02 9.6497e-02 -3.7233e-02 2.6008e-02 1.1245e-03 -2.4130e-02 -3.5452e-02 -3.1225e-02 -2.4130e-02 -2.4130e-02 -2.4130e-02 -2.4130e-02 -1.6129e-02 -2.4130e-02 2.1780e-01 -1.5483e-02 -1.5483e-02 2.1780e-01 -1.8045e-02 -4.1033e-02 -1.5483e-02 -1.1929e-02 -1.5483e-02 -1.6771e-02 -1.0927e-02 -1.6771e-02 -9.9063e-03 1.1245e-03 -6.1854e-03 -6.1854e-03 -4.6510e-03 -2.0861e-02 7.5146e-02 -3.1663e-02 7.7373e-02 7.7373e-02 7.5657e-02 6.8416e-02 -4.3128e-02 -4.4238e-02 1.1208e-02 -5.5183e-02 -1.6067e-02 5.0440e-02
-3.6502e-02 -3.6502e-02 -5.3476e-02 -5.3476e-02 -1.2282e-01 1.4767e-01 -5.6659e-02 -1.1753e-01 1.0000e+00 9.8744e-01 4.9184e-02 1.9945e-02 3.5704e-02 3.6940e-02 3.6940e-02 -3.0194e-02 -3.0194e-02 -3.0194e-02 -3.0194e-02 -3.0194e-02 -2.0401e-02 1.9804e-02 -6.3709e-02 -2.6906e-02 -2.7802e-02 3.1626e-03 -2.7252e-02 -2.7252e-02 -1.3784e-02 2.7188e-02 -8.2781e-03 2.7982e-02 2.4247e-02 2.4247e-02 -7.6799e-02 5.4135e-02 7.8746e-02 5.8590e-02 -1.3784e-02 -1.3784e-02 2.0055e-02 5.8590e-02 2.3746e-02 4.8293e-02 -2.4827e-02 2.8572e-02 -7.5349e-02 4.9146e-02 -4.1863e-02 -2.6300e-02 -4.0681e-02 -2.4827e-02 -2.4827e-02 -2.4827e-02 -2.4827e-02 -2.4827e-02 -1.8605e-02 -2.4827e-02 -3.9502e-02 -3.1501e-02 -3.4922e-02 -2.6300e-02 8.4564e-02 -4.4070e-02 -5.5535e-02 -4.4070e-02 -4.6439e-02 -4.4070e-02 9.7375e-02 6.3427e-03 1.5291e-02 1.5291e-02 -6.6914e-02 -1.9594e-02 -2.1570e-02 -2.4187e-03 -1.9319e-02 -2.2557e-02 9.8185e-03 -1.6573e-02 -1.9180e-02 2.5459e-02 -1.8745e-02 3.0069e-02 -1.8745e-02 1.6022e-02 3.1873e-02 1.8367e-03 1.4234e-03 -2.9047e-02 -1.5128e-04 -1.5128e-04 1.4153e-02 1.4153e-02 2.5086e-02 1.3158e-02 1.8007e-02 2.4075e-02 1.2076e-02 9.7973e-02 -3.4740e-02 3.5729e-02 -3.4740e-02 -3.8693e-02 3.6718e-02 3.5729e-02 3.5729e-02 3.4740e-02 -3.2759e-02 3.5729e-02 3.5729e-02 3.5729e-02 3.5729e-02 3.5729e-02 3.5729e-02 -1.0177e-01 -3.2759e-02 -2.9329e-03 -3.4740e-02 -2.9329e-03 1.8445e-03 -4.5632e-02 -5.1007e-02 -4.5632e-02 -4.1603e-02 -4.7593e-02 -4.5632e-02 -4.7593e-02 -3.1583e-02 -3.3545e-02 -6.6797e-02 -6.5821e-02 -6.6797e-02 -6.6797e-02 4.3933e-02 4.3933e-02 4.3933e-02 6.9722e-02 1.8445e-03 -6.6797e-02 6.9722e-02 3.5484e-02 3.5484e-02 8.9785e-03 4.2461e-02 6.7773e-02 3.9975e-02 2.8172e-02 8.9785e-03 -2.3884e-02 -5.7988e-02 2.8172e-02 -5.7006e-02 4.0529e-03 6.0345e-02 -2.0789e-02 7.0586e-02 -4.0529e-03 8.9785e-03 8.5243e-03 1.6146e-02 7.1343e-02 8.5243e-03 8.5243e-03 8.5243e-03 8.5243e-03 4.1419e-03 8.5243e-03 -4.1599e-02 -1.7734e-03 -1.7734e-03 -4.1599e-02 -7.4547e-03 3.4748e-02 -1.7734e-03 8.9315e-02 -1.7734e-03 -4.6315e-03 9.2537e-02 -4.6315e-03 9.5837e-02 8.9785e-03 -2.3157e-02 -2.3157e-02 -2.0071e-02 -2.3157e-02 -1.1699e-02 -1.3734e-02 -2.2351e-02 -2.2351e-02 -2.7627e-02 -2.7623e-02 8.5593e-03 -8.8536e-03 1.0783e-01 -5.2501e-02 8.4076e-03 -1.6049e-02
-3.7728e-02 -3.7728e-02 -5.4402e-02 -5.4402e-02 -1.2421e-01 1.3430e-01 -5.7189e-02 -1.1827e-01 9.8744e-01 1.0000e+00 3.9224e-02 2.7945e-02 3.8878e-02 4.0126e-02 4.0126e-02 -3.2425e-02 -3.2425e-02 -3.2425e-02 -3.2425e-02 -3.2425e-02 -2.1709e-02 1.8089e-02 -6.4495e-02 -2.5244e-02 -2.9008e-02 5.7294e-03 -3.0424e-02 -3.0424e-02 -1.7845e-02 2.5045e-02 -1.7090e-02 2.6746e-02 2.2099e-02 2.2099e-02 -8.0688e-02 5.7006e-02 7.7754e-02 7.4299e-02 -1.7845e-02 -1.7845e-02 2.3237e-02 7.4299e-02 3.3089e-02 4.7516e-02 -2.8898e-02 3.1843e-02 -7.4299e-02 4.7404e-02 -4.4547e-02 -2.5238e-02 -4.3354e-02 -2.3825e-02 -2.3825e-02 -2.3825e-02 -2.3825e-02 -2.3825e-02 -1.7668e-02 -2.8898e-02 -4.7894e-02 -3.9991e-02 -4.3354e-02 -2.5238e-02 8.3568e-02 -5.2423e-02 -5.4067e-02 -5.2423e-02 -5.4827e-02 -5.2423e-02 9.5963e-02 1.0307e-02 2.5347e-02 2.5347e-02 -6.8224e-02 -2.3727e-02 -2.0653e-02 -3.5144e-03 -2.3540e-02 -2.6705e-02 1.4217e-02 -9.6473e-03 -2.3137e-02 2.9248e-02 -2.2830e-02 3.2507e-02 -2.2830e-02 1.8824e-02 3.0586e-02 -2.4128e-03 -2.6536e-03 -3.1768e-02 -4.4105e-03 -4.4105e-03 9.7875e-03 9.7875e-03 2.0817e-02 8.7871e-03 1.5126e-02 2.2577e-02 7.7437e-03 9.5107e-02 -3.8596e-02 3.9590e-02 -3.8596e-02 -4.2567e-02 4.0583e-02 3.9590e-02 3.9590e-02 3.8596e-02 -3.6605e-02 3.9590e-02 3.9590e-02 3.9590e-02 3.9590e-02 3.9590e-02 3.9590e-02 -1.0045e-01 -3.6605e-02 1.3554e-03 -3.8596e-02 1.3554e-03 9.6249e-04 -4.0447e-02 -4.6149e-02 -4.0447e-02 -3.6444e-02 -4.2421e-02 -4.0447e-02 -4.2421e-02 -2.6462e-02 -2.8436e-02 -6.0245e-02 -5.9259e-02 -6.0245e-02 -6.0245e-02 3.9129e-02 3.9129e-02 3.9129e-02 6.3197e-02 9.6249e-04 -6.0245e-02 6.3197e-02 3.3277e-02 3.3277e-02 8.2707e-03 4.1409e-02 6.1229e-02 3.5150e-02 2.5951e-02 8.2707e-03 -2.1655e-02 -5.1348e-02 2.5951e-02 -5.0356e-02 2.1148e-03 5.9423e-02 -2.6104e-02 6.9537e-02 -2.1148e-03 8.2707e-03 6.5948e-03 1.1790e-02 7.0417e-02 6.5948e-03 6.5948e-03 6.5948e-03 6.5948e-03 2.1613e-03 6.5948e-03 -4.3320e-02 -3.7230e-03 -3.7230e-03 -4.3320e-02 -9.4163e-03 3.3756e-02 -3.7230e-03 8.7858e-02 -3.7230e-03 -6.5871e-03 9.1080e-02 -6.5871e-03 9.4380e-02 8.2707e-03 -2.4737e-02 -2.4737e-02 -2.1643e-02 -2.4737e-02 -1.8702e-02 -1.5294e-02 -2.9235e-02 -2.9235e-02 -3.4896e-02 -3.4808e-02 6.5451e-03 -1.0818e-02 1.0633e-01 -3.8058e-02 5.4827e-03 -1.6226e-02
-5.8416e-02 -5.8416e-02 -5.9429e-02 -5.9429e-02 9.0701e-02 2.0009e-02 7.4577e-02 1.7819e-01 4.9184e-02 3.9224e-02 1.0000e+00 -1.1535e-01 -1.2693e-01 -1.2963e-01 -1.2963e-01 1.3430e-01 1.3430e-01 1.3430e-01 1.3430e-01 1.3430e-01 1.2023e-01 7.7222e-02 7.4443e-02 -6.1629e-02 1.2888e-01 -6.1657e-02 3.1114e-02 3.1114e-02 5.0278e-02 1.7894e-02 1.4812e-02 -8.7163e-02 2.3688e-02 2.3688e-02 3.6673e-02 -1.9981e-02 4.2621e-02 2.6667e-02 3.0006e-02 3.0006e-02 -2.8586e-02 2.6667e-02 -2.4980e-02 -2.8774e-02 3.8558e-02 -1.7625e-02 -5.3295e-02 2.4150e-02 -2.5407e-03 -4.0573e-02 -3.5015e-04 3.4513e-02 3.4513e-02 3.4513e-02 3.4513e-02 3.4513e-02 3.4817e-02 3.4513e-02 1.8348e-03 4.4361e-03 4.2245e-03 -4.0573e-02 3.5933e-02 8.5769e-03 -5.3040e-02 8.5769e-03 8.7991e-03 8.5769e-03 4.8934e-02 -4.2625e-02 -4.6094e-02 -4.6094e-02 1.2528e-01 5.3064e-02 5.3205e-02 2.3836e-02 5.3773e-02 4.7224e-02 9.1785e-03 6.5306e-02 6.1811e-02 -3.8205e-03 4.0508e-02 4.4345e-03 4.0508e-02 1.0169e-01 1.9209e-02 1.3020e-02 3.9779e-02 -1.0729e-01 2.5277e-02 2.1247e-02 2.5759e-02 2.5759e-02 2.0436e-02 2.7850e-02 1.1605e-01 -1.2488e-01 3.9609e-02 -2.0427e-02 2.6820e-02 -2.4857e-02 2.2739e-02 3.1201e-02 -2.2897e-02 -2.4857e-02 -2.4857e-02 -2.6820e-02 2.6666e-02 -2.4857e-02 -2.4857e-02 -2.4857e-02 -2.4857e-02 -2.4857e-02 -2.4857e-02 -7.4261e-02 2.6666e-02 -4.9602e-02 2.2739e-02 -4.9602e-02 -2.7422e-02 1.8159e-03 9.7149e-04 1.8159e-03 -8.7037e-05 -1.9900e-03 1.8159e-03 -1.9900e-03 1.1853e-02 8.0470e-03 6.0714e-03 3.9398e-03 6.0714e-03 6.0714e-03 -1.1211e-02 -1.1211e-02 -1.1211e-02 -4.2894e-03 -2.7422e-02 6.0714e-03 -4.2894e-03 1.2565e-02 1.2565e-02 -2.4114e-02 2.0489e-03 -8.2010e-03 -6.8670e-03 4.6877e-03 -2.4114e-02 -2.2624e-03 3.2372e-03 4.6877e-03 5.2035e-03 2.2797e-02 8.6477e-02 2.7356e-02 -4.5317e-02 -2.8730e-02 -2.4114e-02 3.1620e-02 -1.4651e-02 1.0609e-01 3.1620e-02 3.1620e-02 3.1620e-02 3.1620e-02 3.1831e-02 3.1620e-02 6.7768e-02 2.3018e-02 2.3018e-02 6.7768e-02 1.7456e-02 1.3489e-02 2.3018e-02 1.9135e-02 2.3018e-02 2.3129e-02 2.3836e-02 2.3129e-02 3.8163e-02 -2.4114e-02 -3.5036e-02 -3.5036e-02 -2.8961e-02 -3.5036e-02 -9.9065e-03 -4.3705e-02 4.3836e-03 4.3836e-03 3.8355e-04 1.0588e-02 -2.6132e-02 -3.7254e-02 7.6268e-02 -1.0167e-02 -2.7369e-02 -1.9823e-02
-7.2894e-02 -7.2894e-02 -3.6564e-02 -3.6564e-02 -7.7648e-03 -2.4246e-03 -9.2400e-02 -1.0772e-01 1.9945e-02 2.7945e-02 -1.1535e-01 1.0000e+00 7.2455e-01 7.1649e-01 7.1649e-01 -2.5577e-01 -2.5577e-01 -2.5577e-01 -2.5577e-01 -2.5577e-01 -1.5433e-01 -2.7322e-01 2.3238e-01 2.7225e-01 -1.1720e-01 1.2310e-01 8.8964e-02 8.8964e-02 -9.2713e-02 -8.1200e-02 7.8684e-02 -6.7544e-02 -8.4223e-02 -8.4223e-02 -1.3098e-02 -6.2914e-02 -6.9409e-02 -6.4780e-02 -9.2713e-02 -9.2713e-02 -4.2508e-02 -6.4780e-02 -1.5032e-02 -7.3412e-02 -9.5475e-02 -2.1860e-02 7.9652e-02 3.4485e-02 5.7259e-02 8.3148e-02 5.8597e-02 -9.0957e-02 -9.0957e-02 -9.0957e-02 -9.0957e-02 -9.0957e-02 -9.1302e-02 -9.0957e-02 5.4829e-02 6.1042e-02 5.3487e-02 8.3148e-02 -6.6641e-02 6.1264e-02 1.0870e-01 6.6360e-02 6.8817e-02 6.6360e-02 -9.5646e-02 -1.3011e-03 -2.4611e-03 -2.4611e-03 -1.3918e-01 -1.0154e-01 -9.9452e-02 1.0546e-01 -1.0914e-01 -1.0517e-01 7.5916e-03 -5.2185e-02 -7.5984e-02 -1.4993e-01 -9.4261e-02 -1.0345e-01 -9.4261e-02 -2.4821e-01 -9.4073e-02 -6.1335e-02 -7.3016e-02 2.6566e-01 -6.8284e-02 -7.2786e-02 -7.1115e-02 -7.1115e-02 -6.5070e-02 -6.7844e-02 -2.9731e-01 2.3459e-01 -8.0943e-02 9.1478e-02 -7.8974e-02 8.0196e-02 -7.8974e-02 -7.9310e-02 7.6864e-02 8.0196e-02 8.0196e-02 7.8974e-02 -7.6526e-02 8.0196e-02 8.0196e-02 8.0196e-02 8.0196e-02 8.0196e-02 8.0196e-02 7.8672e-02 -7.6526e-02 1.0672e-01 -7.8974e-02 1.0672e-01 3.5412e-02 1.0916e-01 8.2899e-02 1.0916e-01 1.0793e-01 1.0670e-01 1.0916e-01 1.0670e-01 9.9035e-02 9.6577e-02 1.4056e-01 1.4189e-01 1.4056e-01 1.4056e-01 -7.0323e-02 -7.0323e-02 -7.0323e-02 -1.3658e-01 3.5412e-02 1.4056e-01 -1.3658e-01 -8.7218e-02 -8.7218e-02 -8.3409e-02 6.9887e-02 -1.3923e-01 -4.8477e-02 -6.9825e-02 -8.3409e-02 7.4363e-02 1.0214e-01 -6.9825e-02 1.0346e-01 -6.5765e-02 -4.0905e-03 -9.2649e-02 -9.2089e-03 6.5765e-02 -8.3409e-02 -6.0875e-02 -1.2335e-03 5.2115e-03 -6.0875e-02 -6.0875e-02 -6.0875e-02 -6.0875e-02 -6.7210e-02 -6.0875e-02 -1.5191e-01 -7.2155e-02 -7.2155e-02 -1.5191e-01 -7.8407e-02 6.6240e-02 -7.2155e-02 -1.0704e-01 -7.2155e-02 -7.5298e-02 -1.0520e-01 -7.5298e-02 -1.0335e-01 -8.3409e-02 -5.8510e-02 -5.8510e-02 -5.4909e-02 -5.8510e-02 7.4706e-02 -4.7527e-02 6.6835e-02 6.6835e-02 5.4231e-02 5.1054e-02 -8.9819e-02 -6.0625e-02 -3.9498e-02 3.2783e-02 -4.6853e-03 -7.2646e-03
-4.3653e-02 -4.3653e-02 -1.0631e-02 -1.0631e-02 -3.4957e-02 -3.6044e-02 -8.0256e-02 -9.6080e-02 3.5704e-02 3.8878e-02 -1.2693e-01 7.2455e-01 1.0000e+00 9.8567e-01 9.8567e-01 -2.4606e-01 -2.4606e-01 -2.4606e-01 -2.4606e-01 -2.4606e-01 -1.3052e-01 -3.9982e-01 2.7544e-01 4.0012e-01 -9.2550e-02 1.0187e-01 7.2879e-02 7.2879e-02 -1.3137e-01 -8.9959e-02 6.8825e-02 -7.7124e-02 -8.5701e-02 -8.5701e-02 1.4056e-02 -4.1782e-02 3.0677e-02 1.3660e-02 -1.2651e-01 -1.2651e-01 -5.6946e-02 1.3660e-02 -4.1579e-02 -6.3764e-02 -1.2788e-01 -4.2800e-02 -1.3660e-02 -4.9609e-02 3.1898e-02 -2.5021e-02 3.3083e-02 -1.2788e-01 -1.2788e-01 -1.2788e-01 -1.2788e-01 -1.2788e-01 -1.2234e-01 -1.2303e-01 3.4266e-02 3.6209e-02 3.3083e-02 -2.5021e-02 3.5526e-02 4.0915e-02 1.4298e-02 4.0915e-02 4.4051e-02 4.0915e-02 -1.6621e-02 -3.2193e-02 -3.0421e-02 -3.0421e-02 -1.3481e-01 -1.3791e-01 -1.3998e-01 -1.7090e-02 -1.1448e-01 -1.2650e-01 -3.2168e-02 -5.4328e-02 -1.0148e-01 -1.0515e-01 -1.0259e-01 -7.6533e-02 -1.0259e-01 -2.2281e-01 3.9843e-03 -6.9533e-02 -8.2358e-02 2.3456e-01 -7.6480e-02 -8.1311e-02 -8.7632e-02 -8.7632e-02 -7.5594e-02 -8.3864e-02 -2.2315e-01 2.7825e-01 -7.9646e-02 1.5538e-01 -5.2213e-02 5.3283e-02 -5.2213e-02 -5.1604e-02 4.9464e-02 5.3283e-02 5.3283e-02 5.2213e-02 -5.0072e-02 5.3283e-02 5.3283e-02 5.3283e-02 5.3283e-02 5.3283e-02 5.3283e-02 7.3984e-02 -5.0072e-02 7.8591e-02 -5.2213e-02 7.8591e-02 7.4195e-02 5.7002e-02 4.7321e-02 5.7002e-02 5.5934e-02 5.4867e-02 5.7002e-02 5.4867e-02 3.6850e-02 3.4716e-02 5.0090e-02 5.1211e-02 5.0090e-02 5.0090e-02 -2.4995e-02 -2.4995e-02 -2.4995e-02 -4.6735e-02 7.4195e-02 5.0090e-02 -4.6735e-02 -2.7621e-02 -2.7621e-02 -3.6456e-02 9.7546e-02 -4.8970e-02 -5.3517e-03 -8.1023e-03 -3.6456e-02 1.2460e-02 1.0996e-02 -8.1023e-03 1.2103e-02 2.0797e-02 4.8201e-02 -6.8062e-02 -5.2646e-02 -2.0797e-02 -3.6456e-02 2.5825e-02 3.0274e-02 5.9185e-02 2.5825e-02 2.5825e-02 2.5825e-02 2.5825e-02 2.6637e-02 2.5825e-02 -1.5879e-01 1.4250e-02 1.4250e-02 -1.5879e-01 7.8714e-03 9.2870e-02 1.4250e-02 -7.5379e-02 1.4250e-02 1.1041e-02 -7.3609e-02 1.1041e-02 -7.1812e-02 -3.6456e-02 3.2587e-03 3.2587e-03 6.8703e-03 3.2587e-03 -9.3617e-03 6.1384e-03 1.3476e-03 1.3476e-03 -6.8049e-03 -1.1289e-02 -4.4594e-03 2.0127e-02 -3.2921e-03 2.5972e-02 -1.4216e-02 -8.9215e-03
-4.3069e-02 -4.3069e-02 -1.0107e-02 -1.0107e-02 -3.6671e-02 -3.2546e-02 -8.0027e-02 -9.5664e-02 3.6940e-02 4.0126e-02 -1.2963e-01 7.1649e-01 9.8567e-01 1.0000e+00 1.0000e+00 -2.5153e-01 -2.5153e-01 -2.5153e-01 -2.5153e-01 -2.5153e-01 -1.3006e-01 -4.0218e-01 2.7637e-01 4.0251e-01 -9.2069e-02 1.0665e-01 8.3137e-02 8.3137e-02 -1.2961e-01 -9.5947e-02 7.8750e-02 -7.6706e-02 -9.1636e-02 -9.1636e-02 2.5430e-02 -5.1743e-02 3.1057e-02 1.4047e-02 -1.2474e-01 -1.2474e-01 -6.7157e-02 1.4047e-02 -5.1942e-02 -6.3581e-02 -1.2609e-01 -5.3142e-02 -1.4047e-02 -5.7358e-02 4.1560e-02 -2.5521e-02 4.2729e-02 -1.2609e-01 -1.2609e-01 -1.2609e-01 -1.2609e-01 -1.2609e-01 -1.2053e-01 -1.2123e-01 4.3895e-02 4.5895e-02 4.2729e-02 -2.5521e-02 3.5905e-02 5.0537e-02 2.3809e-02 5.0537e-02 5.3714e-02 5.0537e-02 -2.8095e-02 -3.7212e-02 -3.5312e-02 -3.5312e-02 -1.3428e-01 -1.3611e-01 -1.3818e-01 -1.6589e-02 -1.1260e-01 -1.2468e-01 -3.4343e-02 -5.2677e-02 -9.9712e-02 -1.1626e-01 -1.0076e-01 -8.5927e-02 -1.0076e-01 -2.3007e-01 4.5484e-03 -6.7612e-02 -8.0540e-02 2.4186e-01 -7.4562e-02 -7.9400e-02 -8.5707e-02 -8.5707e-02 -7.3716e-02 -8.1928e-02 -2.3038e-01 2.7937e-01 -7.7721e-02 1.5682e-01 -5.0387e-02 5.1454e-02 -5.0387e-02 -4.9761e-02 4.7626e-02 5.1454e-02 5.1454e-02 5.0387e-02 -4.8250e-02 5.1454e-02 5.1454e-02 5.1454e-02 5.1454e-02 5.1454e-02 5.1454e-02 7.3654e-02 -4.8250e-02 7.6668e-02 -5.0387e-02 7.6668e-02 4.6637e-02 5.4693e-02 4.5163e-02 5.4693e-02 5.3629e-02 5.2565e-02 5.4693e-02 5.2565e-02 3.4514e-02 3.2386e-02 5.6971e-02 5.8092e-02 5.6971e-02 5.6971e-02 -2.2815e-02 -2.2815e-02 -2.2815e-02 -5.3616e-02 4.6637e-02 5.6971e-02 -5.3616e-02 -4.0163e-02 -4.0163e-02 -3.6192e-02 9.8127e-02 -5.5852e-02 -3.1228e-03 -2.0410e-02 -3.6192e-02 2.4658e-02 1.7802e-02 -2.0410e-02 1.8910e-02 7.5051e-03 4.8609e-02 -6.5588e-02 -5.2356e-02 -7.5051e-03 -3.6192e-02 1.2386e-02 3.2378e-02 5.9592e-02 1.2386e-02 1.2386e-02 1.2386e-02 1.2386e-02 1.3601e-02 1.2386e-02 -1.5814e-01 1.1463e-03 1.1463e-03 -1.5814e-01 -5.0534e-03 9.3430e-02 1.1463e-03 -7.4964e-02 1.1463e-03 -1.9727e-03 -7.3197e-02 -1.9727e-03 -7.1403e-02 -3.6192e-02 -1.1839e-02 -1.1839e-02 -8.3722e-03 -1.1839e-02 -9.3665e-04 -9.4213e-03 9.7339e-03 9.7339e-03 1.8625e-03 -2.6903e-03 -1.7450e-02 7.2681e-03 -2.7743e-03 2.6850e-02 -1.8360e-02 -1.6454e-03
-4.3069e-02 -4.3069e-02 -1.0107e-02 -1.0107e-02 -3.6671e-02 -3.2546e-02 -8.0027e-02 -9.5664e-02 3.6940e-02 4.0126e-02 -1.2963e-01 7.1649e-01 9.8567e-01 1.0000e+00 1.0000e+00 -2.5153e-01 -2.5153e-01 -2.5153e-01 -2.5153e-01 -2.5153e-01 -1.3006e-01 -4.0218e-01 2.7637e-01 4.0251e-01 -9.2069e-02 1.0665e-01 8.3137e-02 8.3137e-02 -1.2961e-01 -9.5947e-02 7.8750e-02 -7.6706e-02 -9.1636e-02 -9.1636e-02 2.5430e-02 -5.1743e-02 3.1057e-02 1.4047e-02 -1.2474e-01 -1.2474e-01 -6.7157e-02 1.4047e-02 -5.1942e-02 -6.3581e-02 -1.2609e-01 -5.3142e-02 -1.4047e-02 -5.7358e-02 4.1560e-02 -2.5521e-02 4.2729e-02 -1.2609e-01 -1.2609e-01 -1.2609e-01 -1.2609e-01 -1.2609e-01 -1.2053e-01 -1.2123e-01 4.3895e-02 4.5895e-02 4.2729e-02 -2.5521e-02 3.5905e-02 5.0537e-02 2.3809e-02 5.0537e-02 5.3714e-02 5.0537e-02 -2.8095e-02 -3.7212e-02 -3.5312e-02 -3.5312e-02 -1.3428e-01 -1.3611e-01 -1.3818e-01 -1.6589e-02 -1.1260e-01 -1.2468e-01 -3.4343e-02 -5.2677e-02 -9.9712e-02 -1.1626e-01 -1.0076e-01 -8.5927e-02 -1.0076e-01 -2.3007e-01 4.5484e-03 -6.7612e-02 -8.0540e-02 2.4186e-01 -7.4562e-02 -7.9400e-02 -8.5707e-02 -8.5707e-02 -7.3716e-02 -8.1928e-02 -2.3038e-01 2.7937e-01 -7.7721e-02 1.5682e-01 -5.0387e-02 5.1454e-02 -5.0387e-02 -4.9761e-02 4.7626e-02 5.1454e-02 5.1454e-02 5.0387e-02 -4.8250e-02 5.1454e-02 5.1454e-02 5.1454e-02 5.1454e-02 5.1454e-02 5.1454e-02 7.3654e-02 -4.8250e-02 7.6668e-02 -5.0387e-02 7.6668e-02 4.6637e-02 5.4693e-02 4.5163e-02 5.4693e-02 5.3629e-02 5.2565e-02 5.4693e-02 5.2565e-02 3.4514e-02 3.2386e-02 5.6971e-02 5.8092e-02 5.6971e-02 5.6971e-02 -2.2815e-02 -2.2815e-02 -2.2815e-02 -5.3616e-02 4.6637e-02 5.6971e-02 -5.3616e-02 -4.0163e-02 -4.0163e-02 -3.6192e-02 9.8127e-02 -5.5852e-02 -3.1228e-03 -2.0410e-02 -3.6192e-02 2.4658e-02 1.7802e-02 -2.0410e-02 1.8910e-02 7.5051e-03 4.8609e-02 -6.5588e-02 -5.2356e-02 -7.5051e-03 -3.6192e-02 1.2386e-02 3.2378e-02 5.9592e-02 1.2386e-02 1.2386e-02 1.2386e-02 1.2386e-02 1.3601e-02 1.2386e-02 -1.5814e-01 1.1463e-03 1.1463e-03 -1.5814e-01 -5.0534e-03 9.3430e-02 1.1463e-03 -7.4964e-02 1.1463e-03 -1.9727e-03 -7.3197e-02 -1.9727e-03 -7.1403e-02 -3.6192e-02 -1.1839e-02 -1.1839e-02 -8.3722e-03 -1.1839e-02 -9.3665e-04 -9.4213e-03 9.7339e-03 9.7339e-03 1.8625e-03 -2.6903e-03 -1.7450e-02 7.2681e-03 -2.7743e-03 2.6850e-02 -1.8360e-02 -1.6454e-03
-6.7389e-03 -6.7389e-03 -1.0374e-02 -1.0374e-02 7.8059e-02 1.4649e-02 1.7691e-01 3.6928e-01 -3.0194e-02 -3.2425e-02 1.3430e-01 -2.5577e-01 -2.4606e-01 -2.5153e-01 -2.5153e-01 1.0000e+00 1.0000e+00 1.0000e+00 1.0000e+00 1.0000e+00 5.2065e-01 -4.0990e-01 -9.6872e-02 4.0655e-01 4.6469e-01 8.4553e-02 1.7339e-01 1.7339e-01 -1.5590e-01 -1.4047e-01 1.8680e-01 -8.2352e-02 -1.4232e-01 -1.4232e-01 1.4528e-01 -1.8347e-01 -6.5206e-02 -7.1888e-02 -1.5590e-01 -1.5590e-01 -1.7424e-01 -7.1888e-02 -1.7368e-01 -1.1745e-02 -1.6124e-01 -1.7452e-01 7.1888e-02 -1.1004e-01 1.3643e-01 -4.8476e-02 1.3732e-01 -1.6649e-01 -1.6649e-01 -1.6649e-01 -1.6649e-01 -1.6649e-01 -1.7005e-01 -1.6649e-01 1.3822e-01 1.4148e-01 1.3732e-01 -4.8476e-02 -6.3435e-02 1.1543e-01 -1.2486e-02 1.1543e-01 1.1358e-01 1.1543e-01 -7.2277e-02 -1.2688e-01 -1.3431e-01 -1.3431e-01 3.6839e-01 -1.7618e-01 -1.7271e-01 -3.0627e-02 -1.8506e-01 -1.7884e-01 -1.4392e-01 -7.0346e-02 -1.5756e-01 -1.0536e-01 -1.3935e-01 -7.8717e-02 -1.3935e-01 6.2689e-03 3.0237e-02 -1.3786e-01 -1.0927e-01 -1.9496e-03 -1.2398e-01 -1.2398e-01 -1.0332e-01 -1.0332e-01 -1.0441e-01 -1.0423e-01 1.3719e-02 5.5516e-02 -8.4901e-02 5.5773e-02 -7.3699e-02 7.4623e-02 -7.3699e-02 -7.2106e-02 7.0256e-02 7.4623e-02 7.4623e-02 7.3699e-02 -7.1850e-02 7.4623e-02 7.4623e-02 7.4623e-02 7.4623e-02 7.4623e-02 7.4623e-02 -9.7869e-02 -7.1850e-02 3.6947e-02 -7.3699e-02 3.6947e-02 8.6924e-03 4.3185e-02 9.2393e-02 4.3185e-02 4.2251e-02 4.1316e-02 4.3185e-02 4.1316e-02 4.2251e-02 5.0711e-02 7.3237e-02 6.8925e-02 7.3237e-02 7.3237e-02 -9.4800e-02 -9.4800e-02 -9.4800e-02 -7.0258e-02 8.6924e-03 7.3237e-02 -7.0258e-02 3.8087e-02 3.8087e-02 -4.3955e-02 8.0563e-02 -7.2243e-02 -9.8492e-02 3.1065e-02 -4.3955e-02 -2.6947e-02 8.2245e-02 3.1065e-02 8.3252e-02 3.4495e-02 -2.7267e-02 2.0432e-02 -2.2708e-02 -3.4495e-02 -4.3955e-02 3.9061e-02 -1.1193e-01 -6.1617e-02 3.9061e-02 3.9061e-02 3.9061e-02 3.9061e-02 4.2246e-02 3.9061e-02 2.1438e-01 2.8555e-02 2.8555e-02 2.1438e-01 2.2771e-02 7.3361e-02 2.8555e-02 6.4400e-02 2.8555e-02 2.5644e-02 6.7262e-02 2.5644e-02 7.0190e-02 -4.3955e-02 5.7806e-02 5.7806e-02 6.1460e-02 4.9214e-02 -6.6398e-03 6.0162e-02 -1.8047e-02 -1.8047e-02 2.3193e-02 2.2567e-02 -5.1085e-02 -5.3483e-02 4.5466e-02 1.7372e-02 1.9216e-02 1.8914e-02
-6.7389e-03 -6.7389e-03 -1.0374e-02 -1.0374e-02 7.8059e-02 1.4649e-02 1.7691e-01 3.6928e-01 -3.0194e-02 -3.2425e-02 1.3430e-01 -2.5577e-01 -2.4606e-01 -2.5153e-01 -2.5153e-01 1.0000e+00 1.0000e+00 1.0000e+00 1.0000e+00 1.0000e+00 5.2065e-01 -4.0990e-01 -9.6872e-02 4.0655e-01 4.6469e-01 8.4553e-02 1.7339e-01 1.7339e-01 -1.5590e-01 -1.4047e-01 1.8680e-01 -8.2352e-02 -1.4232e-01 -1.4232e-01 1.4528e-01 -1.8347e-01 -6.5206e-02 -7.1888e-02 -1.5590e-01 -1.5590e-01 -1.7424e-01 -7.1888e-02 -1.7368e-01 -1.1745e-02 -1.6124e-01 -1.7452e-01 7.1888e-02 -1.1004e-01 1.3643e-01 -4.8476e-02 1.3732e-01 -1.6649e-01 -1.6649e-01 -1.6649e-01 -1.6649e-01 -1.6649e-01 -1.7005e-01 -1.6649e-01 1.3822e-01 1.4148e-01 1.3732e-01 -4.8476e-02 -6.3435e-02 1.1543e-01 -1.2486e-02 1.1543e-01 1.1358e-01 1.1543e-01 -7.2277e-02 -1.2688e-01 -1.3431e-01 -1.3431e-01 3.6839e-01 -1.7618e-01 -1.7271e-01 -3.0627e-02 -1.8506e-01 -1.7884e-01 -1.4392e-01 -7.0346e-02 -1.5756e-01 -1.0536e-01 -1.3935e-01 -7.8717e-02 -1.3935e-01 6.2689e-03 3.0237e-02 -1.3786e-01 -1.0927e-01 -1.9496e-03 -1.2398e-01 -1.2398e-01 -1.0332e-01 -1.0332e-01 -1.0441e-01 -1.0423e-01 1.3719e-02 5.5516e-02 -8.4901e-02 5.5773e-02 -7.3699e-02 7.4623e-02 -7.3699e-02 -7.2106e-02 7.0256e-02 7.4623e-02 7.4623e-02 7.3699e-02 -7.1850e-02 7.4623e-02 7.4623e-02 7.4623e-02 7.4623e-02 7.4623e-02 7.4623e-02 -9.7869e-02 -7.1850e-02 3.6947e-02 -7.3699e-02 3.6947e-02 8.6924e-03 4.3185e-02 9.2393e-02 4.3185e-02 4.2251e-02 4.1316e-02 4.3185e-02 4.1316e-02 4.2251e-02 5.0711e-02 7.3237e-02 6.8925e-02 7.3237e-02 7.3237e-02 -9.4800e-02 -9.4800e-02 -9.4800e-02 -7.0258e-02 8.6924e-03 7.3237e-02 -7.0258e-02 3.8087e-02 3.8087e-02 -4.3955e-02 8.0563e-02 -7.2243e-02 -9.8492e-02 3.1065e-02 -4.3955e-02 -2.6947e-02 8.2245e-02 3.1065e-02 8.3252e-02 3.4495e-02 -2.7267e-02 2.0432e-02 -2.2708e-02 -3.4495e-02 -4.3955e-02 3.9061e-02 -1.1193e-01 -6.1617e-02 3.9061e-02 3.9061e-02 3.9061e-02 3.9061e-02 4.2246e-02 3.9061e-02 2.1438e-01 2.8555e-02 2.8555e-02 2.1438e-01 2.2771e-02 7.3361e-02 2.8555e-02 6.4400e-02 2.8555e-02 2.5644e-02 6.7262e-02 2.5644e-02 7.0190e-02 -4.3955e-02 5.7806e-02 5.7806e-02 6.1460e-02 4.9214e-02 -6.6398e-03 6.0162e-02 -1.8047e-02 -1.8047e-02 2.3193e-02 2.2567e-02 -5.1085e-02 -5.3483e-02 4.5466e-02 1.7372e-02 1.9216e-02 1.8914e-02
