1.0000e+00 8.6007e-01 8.3739e-01 -5.6313e-01 8.3739e-01 8.6439e-01 8.5218e-01 5.1188e-01 -5.6013e-01 8.4076e-03 5.6114e-01 8.9453e-01 -5.0218e-01 8.6180e-01 8.6180e-01 -7.2293e-01 8.6777e-01 8.4977e-01 -5.3992e-01 -3.3591e-01 7.1240e-02 -6.8591e-02 -7.3307e-02 -5.6284e-02 1.5777e-02 1.7206e-03 -5.1199e-02
8.6007e-01 1.0000e+00 9.7123e-01 -6.4616e-01 9.7123e-01 9.1099e-01 8.9906e-01 5.9802e-01 -6.5293e-01 -1.1347e-02 6.5354e-01 7.7847e-01 -5.7947e-01 7.7649e-01 7.7649e-01 -6.1059e-01 7.8348e-01 7.6773e-01 -6.3774e-01 -1.0272e-01 3.3673e-02 -2.9834e-02 -3.4649e-02 -1.2270e-02 4.5336e-02 3.8001e-02 -8.1753e-02
8.3739e-01 9.7123e-01 1.0000e+00 -6.3510e-01 1.0000e+00 9.3833e-01 9.2634e-01 6.4380e-01 -6.9518e-01 -1.7787e-01 6.9601e-01 8.0329e-01 -5.6974e-01 8.0378e-01 8.0378e-01 -6.4341e-01 8.1056e-01 7.9441e-01 -6.7286e-01 -9.1345e-02 1.9959e-02 -1.6252e-02 -2.1043e-02 -6.2281e-04 3.6426e-02 3.0207e-02 -8.1526e-02
-5.6313e-01 -6.4616e-01 -6.3510e-01 1.0000e+00 -6.3510e-01 -5.9853e-01 -5.8632e-01 -9.0421e-01 7.6805e-01 -7.6124e-02 -7.7787e-01 -4.9681e-01 9.0067e-01 -4.9030e-01 -4.9030e-01 6.0527e-01 -5.0636e-01 -4.9611e-01 6.3006e-01 -1.6091e-01 2.2052e-02 -2.4206e-02 -2.4206e-02 2.6538e-02 -5.3457e-02 -4.2895e-02 6.9620e-02
8.3739e-01 9.7123e-01 1.0000e+00 -6.3510e-01 1.0000e+00 9.3833e-01 9.2634e-01 6.4380e-01 -6.9518e-01 -1.7787e-01 6.9601e-01 8.0329e-01 -5.6974e-01 8.0378e-01 8.0378e-01 -6.4341e-01 8.1056e-01 7.9441e-01 -6.7286e-01 -9.1345e-02 1.9959e-02 -1.6252e-02 -2.1043e-02 -6.2281e-04 3.6426e-02 3.0207e-02 -8.1526e-02
8.6439e-01 9.1099e-01 9.3833e-01 -5.9853e-01 9.3833e-01 1.0000e+00 9.7166e-01 6.0535e-01 -6.5383e-01 -1.6763e-01 6.5483e-01 8.4262e-01 -5.3571e-01 8.4887e-01 8.4887e-01 -7.0061e-01 8.5521e-01 8.3807e-01 -6.2941e-01 -2.0473e-01 2.9866e-02 -2.6650e-02 -3.1394e-02 -1.4256e-02 3.8746e-02 3.4856e-02 -7.9183e-02
8.5218e-01 8.9906e-01 9.2634e-01 -5.8632e-01 9.2634e-01 9.7166e-01 1.0000e+00 6.3125e-01 -6.7851e-01 -1.6695e-01 6.7501e-01 8.6230e-01 -5.5888e-01 8.6904e-01 8.6904e-01 -7.1793e-01 8.7533e-01 8.6616e-01 -6.5315e-01 -2.0283e-01 3.7057e-02 -3.3902e-02 -3.8643e-02 -2.2672e-02 3.7294e-02 3.3583e-02 -7.5160e-02
5.1188e-01 5.9802e-01 6.4380e-01 -9.0421e-01 6.4380e-01 6.0535e-01 6.3125e-01 1.0000e+00 -8.5540e-01 -2.6448e-01 8.6004e-01 5.5735e-01 -8.7344e-01 5.5593e-01 5.5593e-01 -6.7208e-01 5.7115e-01 5.6024e-01 -6.4823e-01 1.7686e-01 -1.9881e-02 2.1630e-02 2.1630e-02 -2.1488e-02 6.4961e-02 5.1491e-02 -8.6619e-02
-5.6013e-01 -6.5293e-01 -6.9518e-01 7.6805e-01 -6.9518e-01 -6.5383e-01 -6.7851e-01 -8.5540e-01 1.0000e+00 2.4605e-01 -9.7932e-01 -6.0414e-01 8.1794e-01 -6.5906e-01 -6.5906e-01 5.8703e-01 -6.5962e-01 -6.4782e-01 7.4156e-01 -1.9171e-01 5.2448e-03 -6.4385e-03 -6.4385e-03 4.9935e-02 -5.2838e-02 -4.7147e-02 7.2671e-02
8.4076e-03 -1.1347e-02 -1.7787e-01 -7.6124e-02 -1.7787e-01 -1.6763e-01 -1.6695e-01 -2.6448e-01 2.4605e-01 1.0000e+00 -2.4733e-01 -1.4865e-01 -7.1370e-02 -1.6328e-01 -1.6328e-01 1.9062e-01 -1.6230e-01 -1.5940e-01 7.6726e-02 -6.5143e-02 3.2201e-02 -3.1314e-02 -3.1314e-02 -5.1631e-02 -2.9118e-02 -1.9942e-02 4.9834e-02
5.6114e-01 6.5354e-01 6.9601e-01 -7.7787e-01 6.9601e-01 6.5483e-01 6.7501e-01 8.6004e-01 -9.7932e-01 -2.4733e-01 1.0000e+00 6.0102e-01 -8.2795e-01 6.5562e-01 6.5562e-01 -6.0138e-01 6.5622e-01 6.4447e-01 -7.2619e-01 1.9016e-01 -1.3416e-02 1.4680e-02 1.4680e-02 -4.0524e-02 4.4947e-02 3.4411e-02 -6.8274e-02
8.9453e-01 7.7847e-01 8.0329e-01 -4.9681e-01 8.0329e-01 8.4262e-01 8.6230e-01 5.5735e-01 -6.0414e-01 -1.4865e-01 6.0102e-01 1.0000e+00 -4.9762e-01 9.0637e-01 9.0637e-01 -7.7571e-01 9.1188e-01 8.8866e-01 -5.6559e-01 -3.4198e-01 7.5465e-02 -7.3321e-02 -7.8021e-02 -7.5108e-02 8.4948e-03 -2.7417e-03 -4.3604e-02
-5.0218e-01 -5.7947e-01 -5.6974e-01 9.0067e-01 -5.6974e-01 -5.3571e-01 -5.5888e-01 -8.7344e-01 8.1794e-01 -7.1370e-02 -8.2795e-01 -4.9762e-01 1.0000e+00 -5.4661e-01 -5.4661e-01 6.3811e-01 -5.4332e-01 -5.3359e-01 6.7702e-01 -1.4359e-01 -6.1289e-04 -1.8941e-03 -1.8941e-03 5.9263e-02 -4.4992e-02 -4.2623e-02 6.9397e-02
8.6180e-01 7.7649e-01 8.0378e-01 -4.9030e-01 8.0378e-01 8.4887e-01 8.6904e-01 5.5593e-01 -6.5906e-01 -1.6328e-01 6.5562e-01 9.0637e-01 -5.4661e-01 1.0000e+00 1.0000e+00 -8.3588e-01 9.8594e-01 9.6414e-01 -6.0203e-01 -3.9139e-01 9.5315e-02 -9.2581e-02 -9.7309e-02 -8.4274e-02 1.0227e-02 1.1946e-02 -4.9123e-02
8.6180e-01 7.7649e-01 8.0378e-01 -4.9030e-01 8.0378e-01 8.4887e-01 8.6904e-01 5.5593e-01 -6.5906e-01 -1.6328e-01 6.5562e-01 9.0637e-01 -5.4661e-01 1.0000e+00 1.0000e+00 -8.3588e-01 9.8594e-01 9.6414e-01 -6.0203e-01 -3.9139e-01 9.5315e-02 -9.2581e-02 -9.7309e-02 -8.4274e-02 1.0227e-02 1.1946e-02 -4.9123e-02
-7.2293e-01 -6.1059e-01 -6.4341e-01 6.0527e-01 -6.4341e-01 -7.0061e-01 -7.1793e-01 -6.7208e-01 5.8703e-01 1.9062e-01 -6.0138e-01 -7.7571e-01 6.3811e-01 -8.3588e-01 -8.3588e-01 1.0000e+00 -8.5145e-01 -8.3207e-01 4.2139e-01 4.6622e-01 -8.2330e-02 7.8358e-02 8.3225e-02 4.3604e-02 -1.0962e-02 -1.0928e-02 3.9039e-02
8.6777e-01 7.8348e-01 8.1056e-01 -5.0636e-01 8.1056e-01 8.5521e-01 8.7533e-01 5.7115e-01 -6.5962e-01 -1.6230e-01 6.5622e-01 9.1188e-01 -5.4332e-01 9.8594e-01 9.8594e-01 -8.5145e-01 1.0000e+00 9.7809e-01 -6.1995e-01 -3.8846e-01 9.1914e-02 -8.9210e-02 -9.3935e-02 -7.6213e-02 1.8694e-02 1.6348e-02 -5.5137e-02
8.4977e-01 7.6773e-01 7.9441e-01 -4.9611e-01 7.9441e-01 8.3807e-01 8.6616e-01 5.6024e-01 -6.4782e-01 -1.5940e-01 6.4447e-01 8.8866e-01 -5.3359e-01 9.6414e-01 9.6414e-01 -8.3207e-01 9.7809e-01 1.0000e+00 -6.4724e-01 -3.8513e-01 8.6451e-02 -8.3855e-02 -8.8571e-02 -7.2667e-02 1.8611e-02 1.6980e-02 -5.7179e-02
-5.3992e-01 -6.3774e-01 -6.7286e-01 6.3006e-01 -6.7286e-01 -6.2941e-01 -6.5315e-01 -6.4823e-01 7.4156e-01 7.6726e-02 -7.2619e-01 -5.6559e-01 6.7702e-01 -6.0203e-01 -6.0203e-01 4.2139e-01 -6.1995e-01 -6.4724e-01 1.0000e+00 -2.7665e-01 3.1747e-02 -3.2620e-02 -3.2620e-02 4.3910e-02 -5.4253e-02 -4.6344e-02 8.8604e-02
-3.3591e-01 -1.0272e-01 -9.1345e-02 -1.6091e-01 -9.1345e-02 -2.0473e-01 -2.0283e-01 1.7686e-01 -1.9171e-01 -6.5143e-02 1.9016e-01 -3.4198e-01 -1.4359e-01 -3.9139e-01 -3.9139e-01 4.6622e-01 -3.8846e-01 -3.8513e-01 -2.7665e-01 1.0000e+00 -1.4138e-01 1.3884e-01 1.4515e-01 3.5257e-02 5.9875e-02 4.7025e-02 -6.3242e-02
7.1240e-02 3.3673e-02 1.9959e-02 2.2052e-02 1.9959e-02 2.9866e-02 3.7057e-02 -1.9881e-02 5.2448e-03 3.2201e-02 -1.3416e-02 7.5465e-02 -6.1289e-04 9.5315e-02 9.5315e-02 -8.2330e-02 9.1914e-02 8.6451e-02 3.1747e-02 -1.4138e-01 1.0000e+00 -9.8621e-01 -9.9174e-01 -7.3504e-01 -6.4479e-02 -7.5902e-02 7.9780e-02
-6.8591e-02 -2.9834e-02 -1.6252e-02 -2.4206e-02 -1.6252e-02 -2.6650e-02 -3.3902e-02 2.1630e-02 -6.4385e-03 -3.1314e-02 1.4680e-02 -7.3321e-02 -1.8941e-03 -9.2581e-02 -9.2581e-02 7.8358e-02 -8.9210e-02 -8.3855e-02 -3.2620e-02 1.3884e-01 -9.8621e-01 1.0000e+00 9.9445e-01 7.4768e-01 6.9731e-02 8.1418e-02 -8.7235e-02
-7.3307e-02 -3.4649e-02 -2.1043e-02 -2.4206e-02 -2.1043e-02 -3.1394e-02 -3.8643e-02 2.1630e-02 -6.4385e-03 -3.1314e-02 1.4680e-02 -7.8021e-02 -1.8941e-03 -9.7309e-02 -9.7309e-02 8.3225e-02 -9.3935e-02 -8.8571e-02 -3.2620e-02 1.4515e-01 -9.9174e-01 9.9445e-01 1.0000e+00 7.4163e-01 6.4743e-02 7.6496e-02 -8.2536e-02
-5.6284e-02 -1.2270e-02 -6.2281e-04 2.6538e-02 -6.2281e-04 -1.4256e-02 -2.2672e-02 -2.1488e-02 4.9935e-02 -5.1631e-02 -4.0524e-02 -7.5108e-02 5.9263e-02 -8.4274e-02 -8.4274e-02 4.3604e-02 -7.6213e-02 -7.2667e-02 4.3910e-02 3.5257e-02 -7.3504e-01 7.4768e-01 7.4163e-01 1.0000e+00 3.3964e-02 3.6127e-02 -4.7425e-02
1.5777e-02 4.5336e-02 3.6426e-02 -5.3457e-02 3.6426e-02 3.8746e-02 3.7294e-02 6.4961e-02 -5.2838e-02 -2.9118e-02 4.4947e-02 8.4948e-03 -4.4992e-02 1.0227e-02 1.0227e-02 -1.0962e-02 1.8694e-02 1.8611e-02 -5.4253e-02 5.9875e-02 -6.4479e-02 6.9731e-02 6.4743e-02 3.3964e-02 1.0000e+00 9.4117e-01 -6.4031e-01
1.7206e-03 3.8001e-02 3.0207e-02 -4.2895e-02 3.0207e-02 3.4856e-02 3.3583e-02 5.1491e-02 -4.7147e-02 -1.9942e-02 3.4411e-02 -2.7417e-03 -4.2623e-02 1.1946e-02 1.1946e-02 -1.0928e-02 1.6348e-02 1.6980e-02 -4.6344e-02 4.7025e-02 -7.5902e-02 8.1418e-02 7.6496e-02 3.6127e-02 9.4117e-01 1.0000e+00 -6.6693e-01
-5.1199e-02 -8.1753e-02 -8.1526e-02 6.9620e-02 -8.1526e-02 -7.9183e-02 -7.5160e-02 -8.6619e-02 7.2671e-02 4.9834e-02 -6.8274e-02 -4.3604e-02 6.9397e-02 -4.9123e-02 -4.9123e-02 3.9039e-02 -5.5137e-02 -5.7179e-02 8.8604e-02 -6.3242e-02 7.9780e-02 -8.7235e-02 -8.2536e-02 -4.7425e-02 -6.4031e-01 -6.6693e-01 1.0000e+00
