1.0000e+00 1.2417e-02 -3.2247e-02 -1.3367e-02 -1.3367e-02 -3.2247e-02 -3.0640e-02 -1.3367e-02 -3.2775e-02 -1.3367e-02 -1.3367e-02 -1.3968e-02 -3.1715e-02 -1.3968e-02 -1.3968e-02 9.1349e-02 -1.6667e-02 -3.1448e-02 8.9138e-02 1.5641e-02 -3.0096e-02 -1.5103e-02 -1.4546e-02 -1.5641e-02 -6.6406e-03 -7.0367e-02 -3.5195e-02 9.4048e-02 9.4048e-02 8.2853e-02 8.2853e-02 8.2853e-02 8.2853e-02 -3.5438e-02 -6.1279e-02 -4.1004e-02 8.5149e-02 -4.1004e-02 4.9365e-02 -2.7752e-02 -3.4316e-02 -2.6748e-02 2.6999e-02 -2.6748e-02 7.9493e-03 -2.7250e-02 5.5472e-03 -5.4161e-04 1.1164e-02 2.0425e-02 9.8618e-04 9.8618e-04 9.8618e-04 9.8618e-04 9.1087e-03 9.8618e-04 9.8618e-04 9.8618e-04 -1.0887e-02 1.2955e-02 9.8618e-04 7.3185e-04 1.3257e-02 1.4165e-02 -5.4161e-04 1.4165e-02 3.2702e-03 2.3303e-03 -4.3179e-02 5.5472e-03 1.0519e-03 -1.8185e-03 6.1658e-02 6.1658e-02 6.1658e-02 -1.7961e-03 3.0520e-02 -1.0593e-02 -2.6030e-03 2.2492e-02 -1.7961e-03 -2.7634e-03 7.3735e-03 7.3735e-03 7.3735e-03 7.3735e-03 -2.7634e-03 1.6005e-02 3.8405e-02 3.8148e-02 2.5054e-02 1.6737e-02 1.8990e-02 -3.2867e-03 2.6413e-03 -1.0089e-02 4.8140e-03 -6.9598e-03 4.8140e-03 1.5386e-02 -1.3367e-02 1.0501e-02 -8.3237e-03 -2.4243e-02 -8.6733e-03 -1.0227e-02 -5.5813e-02 5.7299e-02 4.0153e-03 -2.3515e-02 -2.3771e-02 -2.4284e-02 -2.4797e-02 -2.5054e-02 -2.5826e-02 6.4162e-02 2.3373e-02 5.5656e-03 4.5359e-03 -1.5103e-02 2.0749e-02 2.1073e-02 4.0299e-03 -1.5507e-02 -1.6054e-02 -1.5233e-02 -4.0299e-03 -1.4958e-02 -2.1073e-02 -2.1073e-02 2.4269e-03 -1.8696e-02 -1.8696e-02 -2.0749e-02 -4.5359e-03 -2.1073e-02 2.4269e-03 -1.5507e-02 1.6210e-02 -3.4293e-03 -2.9536e-02 -2.6430e-03 1.5818e-02 -1.1964e-02 2.2536e-02 1.3838e-02 1.6676e-02 3.8814e-02 2.3909e-02 1.1883e-02 -4.5933e-03
1.2417e-02 1.0000e+00 1.2761e-01 4.9758e-01 4.9758e-01 1.2761e-01 1.3324e-01 4.9758e-01 1.2578e-01 4.9758e-01 4.9758e-01 4.7470e-01 1.2946e-01 4.7470e-01 4.7470e-01 -1.1981e-01 3.9169e-01 1.3039e-01 -1.1384e-01 -4.6058e-01 1.3518e-01 4.7830e-01 4.9796e-01 -2.5997e-02 2.7823e-02 6.6129e-02 3.4931e-02 -7.4488e-02 -7.4488e-02 -6.3050e-02 -6.3050e-02 -6.3050e-02 -6.3050e-02 2.4386e-02 5.6271e-02 2.4317e-02 -6.0642e-02 2.4317e-02 -2.1953e-02 1.1642e-02 2.0374e-02 1.3327e-02 -1.2905e-02 1.3327e-02 -5.6919e-02 2.2319e-02 8.6261e-02 7.6533e-02 -6.3450e-02 -6.2652e-02 7.8957e-02 7.8957e-02 7.8957e-02 7.8957e-02 -6.6233e-02 7.8957e-02 7.8957e-02 7.8957e-02 6.0419e-02 -7.2147e-02 7.8957e-02 8.8452e-02 -7.1758e-02 -8.1742e-02 8.6445e-02 -8.1742e-02 8.2602e-02 -7.3710e-02 9.0160e-02 8.6261e-02 -7.5726e-02 7.4516e-02 -3.5962e-02 -3.5962e-02 -3.5962e-02 -2.8683e-02 -6.5988e-02 -6.4947e-02 -2.9962e-02 -6.2874e-02 -2.8683e-02 -7.1910e-02 -3.5986e-02 -3.5986e-02 -3.5986e-02 -3.5986e-02 -7.1910e-02 -3.4511e-02 -7.2716e-02 -7.3129e-02 -6.8594e-02 -5.0135e-02 -4.6234e-02 -4.9706e-02 1.3901e-02 -2.4763e-02 -1.3796e-02 2.0652e-02 -1.3796e-02 -2.5411e-02 -2.2218e-02 -3.5866e-02 -2.1835e-02 7.7025e-03 2.2413e-02 1.9683e-02 2.3728e-02 4.6960e-03 -4.8446e-03 -1.7548e-02 -1.7971e-02 -1.8818e-02 -1.9665e-02 -2.0089e-02 -2.1362e-02 -1.2327e-02 1.0583e-02 -1.5343e-02 -2.3915e-02 -2.5103e-02 1.8007e-02 1.8523e-02 -5.0241e-03 -1.4981e-02 -1.5921e-02 -1.4510e-02 5.0241e-03 -1.4037e-02 -1.8523e-02 -1.8523e-02 -1.7647e-02 -8.4395e-03 -8.4395e-03 -1.8007e-02 4.1787e-03 -1.8523e-02 -7.4441e-03 -1.4981e-02 -1.1740e-02 1.7727e-02 -3.7720e-03 5.2267e-02 1.4413e-02 1.8677e-02 7.1444e-03 3.2189e-02 3.6982e-02 5.1092e-03 9.1204e-03 2.8889e-02 1.1704e-03
-3.2247e-02 1.2761e-01 1.0000e+00 -4.4873e-02 -4.4873e-02 1.0000e+00 9.7702e-01 -4.4873e-02 9.9244e-01 -4.4873e-02 -4.4873e-02 -4.6892e-02 9.7703e-01 -4.6892e-02 -4.6892e-02 -4.1854e-01 -3.4591e-02 9.7316e-01 -3.9892e-01 5.2506e-02 9.5372e-01 -5.0700e-02 -4.8831e-02 -2.9787e-02 1.5681e-01 8.1229e-02 2.0585e-01 -1.2109e-01 -1.2750e-01 -1.1267e-01 -1.1267e-01 -1.1267e-01 -1.1267e-01 1.9356e-01 7.5391e-02 1.9422e-01 -1.2639e-01 1.9422e-01 -3.9072e-02 8.7962e-02 1.0993e-01 8.5872e-02 -8.5016e-02 8.5872e-02 -1.3469e-01 8.4161e-02 1.3362e-01 1.2487e-01 -1.2585e-01 -1.0744e-01 1.2981e-01 1.2981e-01 1.2981e-01 1.2981e-01 -1.3149e-01 1.2981e-01 1.2981e-01 1.2981e-01 1.5948e-01 -1.2720e-01 1.2981e-01 1.2898e-01 -1.2639e-01 -1.2395e-01 1.3042e-01 -1.2395e-01 1.3723e-01 -1.1911e-01 1.4678e-01 1.3914e-01 -1.1767e-01 1.1519e-01 -1.2661e-01 -1.2661e-01 -1.2661e-01 -9.1312e-02 -1.0612e-01 -1.4476e-01 -9.3812e-02 -7.9923e-02 -9.1312e-02 -1.4665e-01 -9.3646e-02 -9.3646e-02 -9.3646e-02 -9.3646e-02 -1.4665e-01 -9.3865e-02 -1.0749e-01 -1.0833e-01 -1.0464e-01 -4.8501e-02 -4.6263e-02 -1.0743e-01 9.0927e-02 -7.1422e-02 -7.0768e-02 1.2019e-02 -7.0768e-02 -8.7053e-02 3.4556e-02 -6.2813e-03 4.4807e-02 -4.8975e-02 -4.9028e-02 -1.3781e-02 4.4987e-03 6.2217e-02 -3.3132e-02 2.6909e-02 2.6062e-02 2.4368e-02 2.2673e-02 2.1826e-02 2.4806e-02 -4.9346e-02 4.3133e-02 4.9000e-02 1.9720e-02 -2.7196e-02 3.4725e-02 3.5764e-02 1.8022e-02 1.8500e-02 2.2899e-02 1.9522e-02 -1.8022e-02 2.0547e-02 -3.5764e-02 -3.5764e-02 -5.5449e-02 -2.3317e-03 -2.3317e-03 -3.4725e-02 -1.9720e-02 -3.5764e-02 -4.4016e-02 1.2049e-02 -3.5478e-02 2.5847e-02 -1.4053e-03 -7.5150e-04 -4.8223e-02 1.4899e-02 9.9845e-02 2.8070e-02 3.1511e-02 1.8117e-02 1.0470e-01 3.3309e-02 2.3343e-02
-1.3367e-02 4.9758e-01 -4.4873e-02 1.0000e+00 1.0000e+00 -4.4873e-02 -4.3842e-02 1.0000e+00 -4.5215e-02 1.0000e+00 1.0000e+00 9.5695e-01 -4.4530e-02 9.5695e-01 9.5695e-01 -1.0854e-01 8.0197e-01 -4.4359e-02 -1.1051e-01 -8.5463e-01 -4.3496e-02 8.8507e-01 9.1894e-01 -1.2936e-02 -4.6944e-02 2.8568e-02 -4.3844e-02 -3.7581e-02 -3.7581e-02 -4.2857e-02 -4.2857e-02 -4.2857e-02 -4.2857e-02 -4.4037e-02 3.4122e-02 -2.9052e-02 -6.3361e-02 -2.9052e-02 -2.2753e-02 -2.5344e-02 -1.1651e-02 -2.4514e-02 2.4722e-02 -2.4514e-02 -6.6268e-02 -2.4929e-02 3.9353e-02 3.4495e-02 -6.4490e-02 -5.9659e-02 3.5706e-02 3.5706e-02 3.5706e-02 3.5706e-02 -6.5621e-02 3.5706e-02 3.5706e-02 3.5706e-02 4.5974e-02 -6.3522e-02 3.5706e-02 5.4759e-02 -6.3361e-02 -6.2878e-02 3.4495e-02 -6.2878e-02 3.7527e-02 -3.3083e-02 7.8996e-03 3.9353e-02 -3.4091e-02 3.3486e-02 -5.7619e-03 -5.7619e-03 -5.7619e-03 -3.0964e-02 -2.9722e-02 -2.4307e-02 -3.1559e-02 -4.2415e-02 -3.0964e-02 -3.7122e-02 -4.5445e-02 -4.5445e-02 -4.5445e-02 -4.5445e-02 -3.7122e-02 -4.0050e-02 -4.2415e-02 -4.2620e-02 -5.9537e-02 -4.1514e-02 -3.9540e-02 -5.0527e-02 5.0280e-02 -2.3893e-02 1.4875e-03 -2.3304e-02 1.4875e-03 -2.9094e-02 -1.1055e-02 6.1556e-03 1.5858e-02 -2.2445e-02 4.1377e-03 -1.7221e-02 -3.9295e-02 2.4418e-02 2.0747e-02 -3.5009e-02 -3.5223e-02 -3.5651e-02 -3.6079e-02 -3.6294e-02 -3.6939e-02 -1.9665e-02 -1.3095e-02 -2.4100e-02 -3.8236e-02 -1.2491e-02 -1.4897e-02 -1.4673e-02 -3.8669e-02 -1.4225e-02 -1.4673e-02 -1.4000e-02 3.8669e-02 -1.3775e-02 1.4673e-02 1.4673e-02 1.9372e-02 2.8568e-02 2.8568e-02 1.4897e-02 3.8236e-02 1.4673e-02 1.9372e-02 -1.4225e-02 1.7107e-02 -1.3352e-02 -5.2203e-02 2.6007e-02 -1.0025e-02 4.5757e-02 4.5441e-02 7.0162e-02 7.2997e-02 -1.4975e-02 4.6847e-02 6.8226e-02 3.2902e-02
-1.3367e-02 4.9758e-01 -4.4873e-02 1.0000e+00 1.0000e+00 -4.4873e-02 -4.3842e-02 1.0000e+00 -4.5215e-02 1.0000e+00 1.0000e+00 9.5695e-01 -4.4530e-02 9.5695e-01 9.5695e-01 -1.0854e-01 8.0197e-01 -4.4359e-02 -1.1051e-01 -8.5463e-01 -4.3496e-02 8.8507e-01 9.1894e-01 -1.2936e-02 -4.6944e-02 2.8568e-02 -4.3844e-02 -3.7581e-02 -3.7581e-02 -4.2857e-02 -4.2857e-02 -4.2857e-02 -4.2857e-02 -4.4037e-02 3.4122e-02 -2.9052e-02 -6.3361e-02 -2.9052e-02 -2.2753e-02 -2.5344e-02 -1.1651e-02 -2.4514e-02 2.4722e-02 -2.4514e-02 -6.6268e-02 -2.4929e-02 3.9353e-02 3.4495e-02 -6.4490e-02 -5.9659e-02 3.5706e-02 3.5706e-02 3.5706e-02 3.5706e-02 -6.5621e-02 3.5706e-02 3.5706e-02 3.5706e-02 4.5974e-02 -6.3522e-02 3.5706e-02 5.4759e-02 -6.3361e-02 -6.2878e-02 3.4495e-02 -6.2878e-02 3.7527e-02 -3.3083e-02 7.8996e-03 3.9353e-02 -3.4091e-02 3.3486e-02 -5.7619e-03 -5.7619e-03 -5.7619e-03 -3.0964e-02 -2.9722e-02 -2.4307e-02 -3.1559e-02 -4.2415e-02 -3.0964e-02 -3.7122e-02 -4.5445e-02 -4.5445e-02 -4.5445e-02 -4.5445e-02 -3.7122e-02 -4.0050e-02 -4.2415e-02 -4.2620e-02 -5.9537e-02 -4.1514e-02 -3.9540e-02 -5.0527e-02 5.0280e-02 -2.3893e-02 1.4875e-03 -2.3304e-02 1.4875e-03 -2.9094e-02 -1.1055e-02 6.1556e-03 1.5858e-02 -2.2445e-02 4.1377e-03 -1.7221e-02 -3.9295e-02 2.4418e-02 2.0747e-02 -3.5009e-02 -3.5223e-02 -3.5651e-02 -3.6079e-02 -3.6294e-02 -3.6939e-02 -1.9665e-02 -1.3095e-02 -2.4100e-02 -3.8236e-02 -1.2491e-02 -1.4897e-02 -1.4673e-02 -3.8669e-02 -1.4225e-02 -1.4673e-02 -1.4000e-02 3.8669e-02 -1.3775e-02 1.4673e-02 1.4673e-02 1.9372e-02 2.8568e-02 2.8568e-02 1.4897e-02 3.8236e-02 1.4673e-02 1.9372e-02 -1.4225e-02 1.7107e-02 -1.3352e-02 -5.2203e-02 2.6007e-02 -1.0025e-02 4.5757e-02 4.5441e-02 7.0162e-02 7.2997e-02 -1.4975e-02 4.6847e-02 6.8226e-02 3.2902e-02
-3.2247e-02 1.2761e-01 1.0000e+00 -4.4873e-02 -4.4873e-02 1.0000e+00 9.7702e-01 -4.4873e-02 9.9244e-01 -4.4873e-02 -4.4873e-02 -4.6892e-02 9.7703e-01 -4.6892e-02 -4.6892e-02 -4.1854e-01 -3.4591e-02 9.7316e-01 -3.9892e-01 5.2506e-02 9.5372e-01 -5.0700e-02 -4.8831e-02 -2.9787e-02 1.5681e-01 8.1229e-02 2.0585e-01 -1.2109e-01 -1.2750e-01 -1.1267e-01 -1.1267e-01 -1.1267e-01 -1.1267e-01 1.9356e-01 7.5391e-02 1.9422e-01 -1.2639e-01 1.9422e-01 -3.9072e-02 8.7962e-02 1.0993e-01 8.5872e-02 -8.5016e-02 8.5872e-02 -1.3469e-01 8.4161e-02 1.3362e-01 1.2487e-01 -1.2585e-01 -1.0744e-01 1.2981e-01 1.2981e-01 1.2981e-01 1.2981e-01 -1.3149e-01 1.2981e-01 1.2981e-01 1.2981e-01 1.5948e-01 -1.2720e-01 1.2981e-01 1.2898e-01 -1.2639e-01 -1.2395e-01 1.3042e-01 -1.2395e-01 1.3723e-01 -1.1911e-01 1.4678e-01 1.3914e-01 -1.1767e-01 1.1519e-01 -1.2661e-01 -1.2661e-01 -1.2661e-01 -9.1312e-02 -1.0612e-01 -1.4476e-01 -9.3812e-02 -7.9923e-02 -9.1312e-02 -1.4665e-01 -9.3646e-02 -9.3646e-02 -9.3646e-02 -9.3646e-02 -1.4665e-01 -9.3865e-02 -1.0749e-01 -1.0833e-01 -1.0464e-01 -4.8501e-02 -4.6263e-02 -1.0743e-01 9.0927e-02 -7.1422e-02 -7.0768e-02 1.2019e-02 -7.0768e-02 -8.7053e-02 3.4556e-02 -6.2813e-03 4.4807e-02 -4.8975e-02 -4.9028e-02 -1.3781e-02 4.4987e-03 6.2217e-02 -3.3132e-02 2.6909e-02 2.6062e-02 2.4368e-02 2.2673e-02 2.1826e-02 2.4806e-02 -4.9346e-02 4.3133e-02 4.9000e-02 1.9720e-02 -2.7196e-02 3.4725e-02 3.5764e-02 1.8022e-02 1.8500e-02 2.2899e-02 1.9522e-02 -1.8022e-02 2.0547e-02 -3.5764e-02 -3.5764e-02 -5.5449e-02 -2.3317e-03 -2.3317e-03 -3.4725e-02 -1.9720e-02 -3.5764e-02 -4.4016e-02 1.2049e-02 -3.5478e-02 2.5847e-02 -1.4053e-03 -7.5150e-04 -4.8223e-02 1.4899e-02 9.9845e-02 2.8070e-02 3.1511e-02 1.8117e-02 1.0470e-01 3.3309e-02 2.3343e-02
-3.0640e-02 1.3324e-01 9.7702e-01 -4.3842e-02 -4.3842e-02 9.7702e-01 1.0000e+00 -4.3842e-02 9.6963e-01 -4.3842e-02 -4.3842e-02 -4.5814e-02 9.5336e-01 -4.5814e-02 -4.5814e-02 -4.0805e-01 -3.2956e-02 9.4928e-01 -3.8780e-01 5.1299e-02 9.2873e-01 -4.9535e-02 -4.7709e-02 -2.8209e-02 1.3884e-01 7.1378e-02 1.8798e-01 -1.1352e-01 -1.2003e-01 -1.0424e-01 -1.0424e-01 -1.0424e-01 -1.0424e-01 1.7554e-01 6.4707e-02 1.7720e-01 -1.1834e-01 1.7720e-01 -3.6078e-02 7.2067e-02 9.5272e-02 6.9805e-02 -6.8970e-02 6.9805e-02 -1.2631e-01 6.8135e-02 1.2033e-01 1.1217e-01 -1.1761e-01 -9.9671e-02 1.1701e-01 1.1701e-01 1.1701e-01 1.1701e-01 -1.2316e-01 1.1701e-01 1.1701e-01 1.1701e-01 1.4850e-01 -1.1913e-01 1.1701e-01 1.1620e-01 -1.1834e-01 -1.1594e-01 1.1781e-01 -1.1594e-01 1.2428e-01 -1.0652e-01 1.2934e-01 1.2594e-01 -1.0491e-01 1.0248e-01 -1.2056e-01 -1.2056e-01 -1.2056e-01 -9.3319e-02 -1.0210e-01 -1.4223e-01 -9.5752e-02 -7.6495e-02 -9.3319e-02 -1.4517e-01 -9.6926e-02 -9.6926e-02 -9.6926e-02 -9.6926e-02 -1.4517e-01 -9.1914e-02 -1.0452e-01 -1.0534e-01 -1.0195e-01 -4.1640e-02 -3.4057e-02 -9.7561e-02 9.8565e-02 -6.7756e-02 -7.1101e-02 5.7955e-03 -7.1101e-02 -8.2813e-02 3.6887e-02 -3.6514e-04 3.3324e-02 -3.9566e-02 -4.3533e-02 -7.5249e-03 7.9231e-03 6.9118e-02 -2.6916e-02 3.3959e-02 3.3132e-02 3.1479e-02 2.9826e-02 2.8999e-02 3.2131e-02 -4.7012e-02 4.6531e-02 5.4669e-02 2.7170e-02 -2.5646e-02 3.8265e-02 3.9287e-02 2.5515e-02 2.1670e-02 2.6211e-02 2.2674e-02 -2.5515e-02 2.3680e-02 -3.9287e-02 -3.9287e-02 -4.9414e-02 -7.4833e-03 -7.4833e-03 -3.8265e-02 -2.7170e-02 -3.9287e-02 -3.7794e-02 1.5114e-02 -2.8810e-02 2.4671e-02 1.7656e-03 -4.9169e-03 -4.3584e-02 6.8052e-03 9.9548e-02 2.2217e-02 2.5303e-02 2.0805e-02 1.0431e-01 2.7825e-02 1.4304e-02
-1.3367e-02 4.9758e-01 -4.4873e-02 1.0000e+00 1.0000e+00 -4.4873e-02 -4.3842e-02 1.0000e+00 -4.5215e-02 1.0000e+00 1.0000e+00 9.5695e-01 -4.4530e-02 9.5695e-01 9.5695e-01 -1.0854e-01 8.0197e-01 -4.4359e-02 -1.1051e-01 -8.5463e-01 -4.3496e-02 8.8507e-01 9.1894e-01 -1.2936e-02 -4.6944e-02 2.8568e-02 -4.3844e-02 -3.7581e-02 -3.7581e-02 -4.2857e-02 -4.2857e-02 -4.2857e-02 -4.2857e-02 -4.4037e-02 3.4122e-02 -2.9052e-02 -6.3361e-02 -2.9052e-02 -2.2753e-02 -2.5344e-02 -1.1651e-02 -2.4514e-02 2.4722e-02 -2.4514e-02 -6.6268e-02 -2.4929e-02 3.9353e-02 3.4495e-02 -6.4490e-02 -5.9659e-02 3.5706e-02 3.5706e-02 3.5706e-02 3.5706e-02 -6.5621e-02 3.5706e-02 3.5706e-02 3.5706e-02 4.5974e-02 -6.3522e-02 3.5706e-02 5.4759e-02 -6.3361e-02 -6.2878e-02 3.4495e-02 -6.2878e-02 3.7527e-02 -3.3083e-02 7.8996e-03 3.9353e-02 -3.4091e-02 3.3486e-02 -5.7619e-03 -5.7619e-03 -5.7619e-03 -3.0964e-02 -2.9722e-02 -2.4307e-02 -3.1559e-02 -4.2415e-02 -3.0964e-02 -3.7122e-02 -4.5445e-02 -4.5445e-02 -4.5445e-02 -4.5445e-02 -3.7122e-02 -4.0050e-02 -4.2415e-02 -4.2620e-02 -5.9537e-02 -4.1514e-02 -3.9540e-02 -5.0527e-02 5.0280e-02 -2.3893e-02 1.4875e-03 -2.3304e-02 1.4875e-03 -2.9094e-02 -1.1055e-02 6.1556e-03 1.5858e-02 -2.2445e-02 4.1377e-03 -1.7221e-02 -3.9295e-02 2.4418e-02 2.0747e-02 -3.5009e-02 -3.5223e-02 -3.5651e-02 -3.6079e-02 -3.6294e-02 -3.6939e-02 -1.9665e-02 -1.3095e-02 -2.4100e-02 -3.8236e-02 -1.2491e-02 -1.4897e-02 -1.4673e-02 -3.8669e-02 -1.4225e-02 -1.4673e-02 -1.4000e-02 3.8669e-02 -1.3775e-02 1.4673e-02 1.4673e-02 1.9372e-02 2.8568e-02 2.8568e-02 1.4897e-02 3.8236e-02 1.4673e-02 1.9372e-02 -1.4225e-02 1.7107e-02 -1.3352e-02 -5.2203e-02 2.6007e-02 -1.0025e-02 4.5757e-02 4.5441e-02 7.0162e-02 7.2997e-02 -1.4975e-02 4.6847e-02 6.8226e-02 3.2902e-02
-3.2775e-02 1.2578e-01 9.9244e-01 -4.5215e-02 -4.5215e-02 9.9244e-01 9.6963e-01 -4.5215e-02 1.0000e+00 -4.5215e-02 -4.5215e-02 -4.7249e-02 9.8486e-01 -4.7249e-02 -4.7249e-02 -4.2201e-01 -3.5129e-02 9.8106e-01 -4.0260e-01 5.2906e-02 9.6198e-01 -5.1086e-02 -4.9203e-02 -3.0306e-02 1.6269e-01 8.4452e-02 2.1170e-01 -1.2358e-01 -1.2995e-01 -1.1543e-01 -1.1543e-01 -1.1543e-01 -1.1543e-01 1.9947e-01 7.8885e-02 1.9980e-01 -1.2903e-01 1.9980e-01 -4.0054e-02 9.3158e-02 1.1473e-01 9.1124e-02 -9.0262e-02 9.1124e-02 -1.3744e-01 8.9400e-02 1.3797e-01 1.2903e-01 -1.2855e-01 -1.0999e-01 1.3400e-01 1.3400e-01 1.3400e-01 1.3400e-01 -1.3422e-01 1.3400e-01 1.3400e-01 1.3400e-01 1.6308e-01 -1.2984e-01 1.3400e-01 1.3317e-01 -1.2903e-01 -1.2658e-01 1.3455e-01 -1.2658e-01 1.4147e-01 -1.2323e-01 1.5248e-01 1.4346e-01 -1.2184e-01 1.1935e-01 -1.3229e-01 -1.3229e-01 -1.3229e-01 -9.4586e-02 -1.1110e-01 -1.4926e-01 -9.7098e-02 -8.4707e-02 -9.4586e-02 -1.5082e-01 -9.6627e-02 -9.6627e-02 -9.6627e-02 -9.6627e-02 -1.5082e-01 -9.6601e-02 -1.1213e-01 -1.1298e-01 -1.0919e-01 -5.4423e-02 -5.2087e-02 -1.1250e-01 8.8446e-02 -7.6282e-02 -7.4479e-02 4.4728e-03 -7.4479e-02 -9.2098e-02 3.3800e-02 -1.0145e-02 5.0389e-02 -5.3880e-02 -5.2747e-02 -1.7737e-02 1.2831e-03 5.9973e-02 -3.7066e-02 2.0953e-02 2.0099e-02 1.8391e-02 1.6682e-02 1.5827e-02 1.8756e-02 -5.0112e-02 3.9876e-02 4.3501e-02 1.3625e-02 -2.7705e-02 3.1443e-02 3.2486e-02 1.1912e-02 1.5329e-02 1.9688e-02 1.6354e-02 -1.1912e-02 1.7382e-02 -3.2486e-02 -3.2486e-02 -5.9320e-02 1.3280e-03 1.3280e-03 -3.1443e-02 -1.3625e-02 -3.2486e-02 -4.7947e-02 8.9116e-03 -3.9543e-02 2.3556e-02 -6.1311e-03 6.0741e-04 -5.1704e-02 2.1239e-02 9.7223e-02 3.5836e-02 3.9442e-02 1.7242e-02 1.0208e-01 4.0923e-02 3.0035e-02
-1.3367e-02 4.9758e-01 -4.4873e-02 1.0000e+00 1.0000e+00 -4.4873e-02 -4.3842e-02 1.0000e+00 -4.5215e-02 1.0000e+00 1.0000e+00 9.5695e-01 -4.4530e-02 9.5695e-01 9.5695e-01 -1.0854e-01 8.0197e-01 -4.4359e-02 -1.1051e-01 -8.5463e-01 -4.3496e-02 8.8507e-01 9.1894e-01 -1.2936e-02 -4.6944e-02 2.8568e-02 -4.3844e-02 -3.7581e-02 -3.7581e-02 -4.2857e-02 -4.2857e-02 -4.2857e-02 -4.2857e-02 -4.4037e-02 3.4122e-02 -2.9052e-02 -6.3361e-02 -2.9052e-02 -2.2753e-02 -2.5344e-02 -1.1651e-02 -2.4514e-02 2.4722e-02 -2.4514e-02 -6.6268e-02 -2.4929e-02 3.9353e-02 3.4495e-02 -6.4490e-02 -5.9659e-02 3.5706e-02 3.5706e-02 3.5706e-02 3.5706e-02 -6.5621e-02 3.5706e-02 3.5706e-02 3.5706e-02 4.5974e-02 -6.3522e-02 3.5706e-02 5.4759e-02 -6.3361e-02 -6.2878e-02 3.4495e-02 -6.2878e-02 3.7527e-02 -3.3083e-02 7.8996e-03 3.9353e-02 -3.4091e-02 3.3486e-02 -5.7619e-03 -5.7619e-03 -5.7619e-03 -3.0964e-02 -2.9722e-02 -2.4307e-02 -3.1559e-02 -4.2415e-02 -3.0964e-02 -3.7122e-02 -4.5445e-02 -4.5445e-02 -4.5445e-02 -4.5445e-02 -3.7122e-02 -4.0050e-02 -4.2415e-02 -4.2620e-02 -5.9537e-02 -4.1514e-02 -3.9540e-02 -5.0527e-02 5.0280e-02 -2.3893e-02 1.4875e-03 -2.3304e-02 1.4875e-03 -2.9094e-02 -1.1055e-02 6.1556e-03 1.5858e-02 -2.2445e-02 4.1377e-03 -1.7221e-02 -3.9295e-02 2.4418e-02 2.0747e-02 -3.5009e-02 -3.5223e-02 -3.5651e-02 -3.6079e-02 -3.6294e-02 -3.6939e-02 -1.9665e-02 -1.3095e-02 -2.4100e-02 -3.8236e-02 -1.2491e-02 -1.4897e-02 -1.4673e-02 -3.8669e-02 -1.4225e-02 -1.4673e-02 -1.4000e-02 3.8669e-02 -1.3775e-02 1.4673e-02 1.4673e-02 1.9372e-02 2.8568e-02 2.8568e-02 1.4897e-02 3.8236e-02 1.4673e-02 1.9372e-02 -1.4225e-02 1.7107e-02 -1.3352e-02 -5.2203e-02 2.6007e-02 -1.0025e-02 4.5757e-02 4.5441e-02 7.0162e-02 7.2997e-02 -1.4975e-02 4.6847e-02 6.8226e-02 3.2902e-02
-1.3367e-02 4.9758e-01 -4.4873e-02 1.0000e+00 1.0000e+00 -4.4873e-02 -4.3842e-02 1.0000e+00 -4.5215e-02 1.0000e+00 1.0000e+00 9.5695e-01 -4.4530e-02 9.5695e-01 9.5695e-01 -1.0854e-01 8.0197e-01 -4.4359e-02 -1.1051e-01 -8.5463e-01 -4.3496e-02 8.8507e-01 9.1894e-01 -1.2936e-02 -4.6944e-02 2.8568e-02 -4.3844e-02 -3.7581e-02 -3.7581e-02 -4.2857e-02 -4.2857e-02 -4.2857e-02 -4.2857e-02 -4.4037e-02 3.4122e-02 -2.9052e-02 -6.3361e-02 -2.9052e-02 -2.2753e-02 -2.5344e-02 -1.1651e-02 -2.4514e-02 2.4722e-02 -2.4514e-02 -6.6268e-02 -2.4929e-02 3.9353e-02 3.4495e-02 -6.4490e-02 -5.9659e-02 3.5706e-02 3.5706e-02 3.5706e-02 3.5706e-02 -6.5621e-02 3.5706e-02 3.5706e-02 3.5706e-02 4.5974e-02 -6.3522e-02 3.5706e-02 5.4759e-02 -6.3361e-02 -6.2878e-02 3.4495e-02 -6.2878e-02 3.7527e-02 -3.3083e-02 7.8996e-03 3.9353e-02 -3.4091e-02 3.3486e-02 -5.7619e-03 -5.7619e-03 -5.7619e-03 -3.0964e-02 -2.9722e-02 -2.4307e-02 -3.1559e-02 -4.2415e-02 -3.0964e-02 -3.7122e-02 -4.5445e-02 -4.5445e-02 -4.5445e-02 -4.5445e-02 -3.7122e-02 -4.0050e-02 -4.2415e-02 -4.2620e-02 -5.9537e-02 -4.1514e-02 -3.9540e-02 -5.0527e-02 5.0280e-02 -2.3893e-02 1.4875e-03 -2.3304e-02 1.4875e-03 -2.9094e-02 -1.1055e-02 6.1556e-03 1.5858e-02 -2.2445e-02 4.1377e-03 -1.7221e-02 -3.9295e-02 2.4418e-02 2.0747e-02 -3.5009e-02 -3.5223e-02 -3.5651e-02 -3.6079e-02 -3.6294e-02 -3.6939e-02 -1.9665e-02 -1.3095e-02 -2.4100e-02 -3.8236e-02 -1.2491e-02 -1.4897e-02 -1.4673e-02 -3.8669e-02 -1.4225e-02 -1.4673e-02 -1.4000e-02 3.8669e-02 -1.3775e-02 1.4673e-02 1.4673e-02 1.9372e-02 2.8568e-02 2.8568e-02 1.4897e-02 3.8236e-02 1.4673e-02 1.9372e-02 -1.4225e-02 1.7107e-02 -1.3352e-02 -5.2203e-02 2.6007e-02 -1.0025e-02 4.5757e-02 4.5441e-02 7.0162e-02 7.2997e-02 -1.4975e-02 4.6847e-02 6.8226e-02 3.2902e-02
-1.3968e-02 4.7470e-01 -4.6892e-02 9.5695e-01 9.5695e-01 -4.6892e-02 -4.5814e-02 9.5695e-01 -4.7249e-02 9.5695e-01 9.5695e-01 1.0000e+00 -4.6534e-02 1.0000e+00 1.0000e+00 -1.1343e-01 8.3805e-01 -4.6354e-02 -1.1548e-01 -8.9308e-01 -4.5453e-02 9.2489e-01 9.6029e-01 -1.3518e-02 -5.2453e-02 1.3613e-02 -4.9238e-02 -1.9905e-02 -1.9905e-02 -2.6088e-02 -2.6088e-02 -2.6088e-02 -2.6088e-02 -4.9439e-02 1.9785e-02 -3.5439e-02 -4.5500e-02 -3.5439e-02 2.0518e-02 -3.3147e-02 -2.0501e-02 -3.2282e-02 3.2498e-02 -3.2282e-02 -4.8951e-02 -3.2714e-02 2.7761e-02 2.2616e-02 -4.6847e-02 -4.1011e-02 2.3902e-02 2.3902e-02 2.3902e-02 2.3902e-02 -4.8187e-02 2.3902e-02 2.3902e-02 2.3902e-02 3.2722e-02 -4.5693e-02 2.3902e-02 4.2132e-02 -4.5500e-02 -4.4920e-02 2.2616e-02 -4.4920e-02 2.5831e-02 -2.1115e-02 -1.8456e-04 2.7761e-02 -2.2187e-02 2.1544e-02 -1.6117e-02 -1.6117e-02 -1.6117e-02 -3.5928e-02 -3.7719e-02 -3.2066e-02 -3.6541e-02 -4.9324e-02 -3.5928e-02 -4.3813e-02 -4.9331e-02 -4.9331e-02 -4.9331e-02 -4.9331e-02 -4.3813e-02 -4.3756e-02 -4.9324e-02 -4.9538e-02 -6.5554e-02 -5.0089e-02 -4.8013e-02 -3.9478e-02 4.4810e-02 -1.3302e-02 1.3717e-02 -1.5621e-02 1.3717e-02 -1.8749e-02 -1.1553e-02 -6.1662e-04 6.5648e-03 -3.0125e-02 -2.6806e-03 -2.3228e-02 -4.2976e-02 2.0182e-02 1.3009e-02 -2.4910e-02 -2.5132e-02 -2.5576e-02 -2.6021e-02 -2.6244e-02 -2.6913e-02 -2.0550e-02 3.9951e-03 -1.3520e-02 -2.8255e-02 -1.3053e-02 1.9111e-03 2.1690e-03 -2.8705e-02 -1.8765e-02 -1.9223e-02 -1.8536e-02 2.8705e-02 -1.8306e-02 -2.1690e-03 -2.1690e-03 1.1602e-02 1.3613e-02 1.3613e-02 -1.9111e-03 2.8255e-02 -2.1690e-03 1.1602e-02 -1.8765e-02 9.2836e-03 -1.6395e-02 -5.7917e-02 2.7177e-02 -1.5843e-02 5.4559e-02 4.0016e-02 8.0433e-02 8.3454e-02 4.9945e-02 4.1411e-02 7.8371e-02 4.2904e-02
-3.1715e-02 1.2946e-01 9.7703e-01 -4.4530e-02 -4.4530e-02 9.7703e-01 9.5336e-01 -4.4530e-02 9.8486e-01 -4.4530e-02 -4.4530e-02 -4.6534e-02 1.0000e+00 -4.6534e-02 -4.6534e-02 -4.3721e-01 -3.4050e-02 9.9614e-01 -4.1740e-01 5.2105e-02 9.7677e-01 -5.0313e-02 -4.8458e-02 -2.9265e-02 1.7347e-01 9.5977e-02 2.1701e-01 -1.3791e-01 -1.4435e-01 -1.2854e-01 -1.2854e-01 -1.2854e-01 -1.2854e-01 2.0467e-01 8.9458e-02 2.0549e-01 -1.4251e-01 2.0549e-01 -3.8083e-02 9.9333e-02 1.2170e-01 9.7191e-02 -9.6341e-02 9.7191e-02 -1.5033e-01 9.5491e-02 1.4589e-01 1.3742e-01 -1.4176e-01 -1.2422e-01 1.4230e-01 1.4230e-01 1.4230e-01 1.4230e-01 -1.4722e-01 1.4230e-01 1.4230e-01 1.4230e-01 1.7283e-01 -1.4329e-01 1.4230e-01 1.4149e-01 -1.4251e-01 -1.4016e-01 1.4300e-01 -1.4016e-01 1.4964e-01 -1.3173e-01 1.5786e-01 1.5144e-01 -1.3021e-01 1.2777e-01 -1.3766e-01 -1.3766e-01 -1.3766e-01 -9.9887e-02 -1.1771e-01 -1.5684e-01 -1.0234e-01 -9.1723e-02 -9.9887e-02 -1.5914e-01 -1.0289e-01 -1.0289e-01 -1.0289e-01 -1.0289e-01 -1.5914e-01 -1.0377e-01 -1.1944e-01 -1.2027e-01 -1.1670e-01 -5.3670e-02 -5.1511e-02 -1.0786e-01 7.6297e-02 -7.7599e-02 -7.8578e-02 8.0303e-03 -7.8578e-02 -9.3032e-02 3.5323e-02 -1.4098e-02 5.0262e-02 -5.5113e-02 -5.6919e-02 -1.5584e-02 1.3853e-03 4.6749e-02 -4.0693e-02 2.7383e-02 2.6543e-02 2.4862e-02 2.3180e-02 2.2340e-02 2.5369e-02 -4.8573e-02 3.9896e-02 4.3478e-02 1.4764e-02 -2.6683e-02 3.1584e-02 3.2612e-02 1.3078e-02 1.5221e-02 1.9678e-02 1.6230e-02 -1.3078e-02 1.7243e-02 -3.2612e-02 -3.2612e-02 -6.3035e-02 -2.9823e-05 -2.9823e-05 -3.1584e-02 -1.4764e-02 -3.2612e-02 -5.1540e-02 8.7353e-03 -4.2804e-02 2.0044e-02 -7.8202e-03 -2.1249e-03 -4.4708e-02 1.4098e-02 8.5943e-02 3.2053e-02 3.5426e-02 1.9002e-02 9.0627e-02 3.7381e-02 2.7919e-02
-1.3968e-02 4.7470e-01 -4.6892e-02 9.5695e-01 9.5695e-01 -4.6892e-02 -4.5814e-02 9.5695e-01 -4.7249e-02 9.5695e-01 9.5695e-01 1.0000e+00 -4.6534e-02 1.0000e+00 1.0000e+00 -1.1343e-01 8.3805e-01 -4.6354e-02 -1.1548e-01 -8.9308e-01 -4.5453e-02 9.2489e-01 9.6029e-01 -1.3518e-02 -5.2453e-02 1.3613e-02 -4.9238e-02 -1.9905e-02 -1.9905e-02 -2.6088e-02 -2.6088e-02 -2.6088e-02 -2.6088e-02 -4.9439e-02 1.9785e-02 -3.5439e-02 -4.5500e-02 -3.5439e-02 2.0518e-02 -3.3147e-02 -2.0501e-02 -3.2282e-02 3.2498e-02 -3.2282e-02 -4.8951e-02 -3.2714e-02 2.7761e-02 2.2616e-02 -4.6847e-02 -4.1011e-02 2.3902e-02 2.3902e-02 2.3902e-02 2.3902e-02 -4.8187e-02 2.3902e-02 2.3902e-02 2.3902e-02 3.2722e-02 -4.5693e-02 2.3902e-02 4.2132e-02 -4.5500e-02 -4.4920e-02 2.2616e-02 -4.4920e-02 2.5831e-02 -2.1115e-02 -1.8456e-04 2.7761e-02 -2.2187e-02 2.1544e-02 -1.6117e-02 -1.6117e-02 -1.6117e-02 -3.5928e-02 -3.7719e-02 -3.2066e-02 -3.6541e-02 -4.9324e-02 -3.5928e-02 -4.3813e-02 -4.9331e-02 -4.9331e-02 -4.9331e-02 -4.9331e-02 -4.3813e-02 -4.3756e-02 -4.9324e-02 -4.9538e-02 -6.5554e-02 -5.0089e-02 -4.8013e-02 -3.9478e-02 4.4810e-02 -1.3302e-02 1.3717e-02 -1.5621e-02 1.3717e-02 -1.8749e-02 -1.1553e-02 -6.1662e-04 6.5648e-03 -3.0125e-02 -2.6806e-03 -2.3228e-02 -4.2976e-02 2.0182e-02 1.3009e-02 -2.4910e-02 -2.5132e-02 -2.5576e-02 -2.6021e-02 -2.6244e-02 -2.6913e-02 -2.0550e-02 3.9951e-03 -1.3520e-02 -2.8255e-02 -1.3053e-02 1.9111e-03 2.1690e-03 -2.8705e-02 -1.8765e-02 -1.9223e-02 -1.8536e-02 2.8705e-02 -1.8306e-02 -2.1690e-03 -2.1690e-03 1.1602e-02 1.3613e-02 1.3613e-02 -1.9111e-03 2.8255e-02 -2.1690e-03 1.1602e-02 -1.8765e-02 9.2836e-03 -1.6395e-02 -5.7917e-02 2.7177e-02 -1.5843e-02 5.4559e-02 4.0016e-02 8.0433e-02 8.3454e-02 4.9945e-02 4.1411e-02 7.8371e-02 4.2904e-02
-1.3968e-02 4.7470e-01 -4.6892e-02 9.5695e-01 9.5695e-01 -4.6892e-02 -4.5814e-02 9.5695e-01 -4.7249e-02 9.5695e-01 9.5695e-01 1.0000e+00 -4.6534e-02 1.0000e+00 1.0000e+00 -1.1343e-01 8.3805e-01 -4.6354e-02 -1.1548e-01 -8.9308e-01 -4.5453e-02 9.2489e-01 9.6029e-01 -1.3518e-02 -5.2453e-02 1.3613e-02 -4.9238e-02 -1.9905e-02 -1.9905e-02 -2.6088e-02 -2.6088e-02 -2.6088e-02 -2.6088e-02 -4.9439e-02 1.9785e-02 -3.5439e-02 -4.5500e-02 -3.5439e-02 2.0518e-02 -3.3147e-02 -2.0501e-02 -3.2282e-02 3.2498e-02 -3.2282e-02 -4.8951e-02 -3.2714e-02 2.7761e-02 2.2616e-02 -4.6847e-02 -4.1011e-02 2.3902e-02 2.3902e-02 2.3902e-02 2.3902e-02 -4.8187e-02 2.3902e-02 2.3902e-02 2.3902e-02 3.2722e-02 -4.5693e-02 2.3902e-02 4.2132e-02 -4.5500e-02 -4.4920e-02 2.2616e-02 -4.4920e-02 2.5831e-02 -2.1115e-02 -1.8456e-04 2.7761e-02 -2.2187e-02 2.1544e-02 -1.6117e-02 -1.6117e-02 -1.6117e-02 -3.5928e-02 -3.7719e-02 -3.2066e-02 -3.6541e-02 -4.9324e-02 -3.5928e-02 -4.3813e-02 -4.9331e-02 -4.9331e-02 -4.9331e-02 -4.9331e-02 -4.3813e-02 -4.3756e-02 -4.9324e-02 -4.9538e-02 -6.5554e-02 -5.0089e-02 -4.8013e-02 -3.9478e-02 4.4810e-02 -1.3302e-02 1.3717e-02 -1.5621e-02 1.3717e-02 -1.8749e-02 -1.1553e-02 -6.1662e-04 6.5648e-03 -3.0125e-02 -2.6806e-03 -2.3228e-02 -4.2976e-02 2.0182e-02 1.3009e-02 -2.4910e-02 -2.5132e-02 -2.5576e-02 -2.6021e-02 -2.6244e-02 -2.6913e-02 -2.0550e-02 3.9951e-03 -1.3520e-02 -2.8255e-02 -1.3053e-02 1.9111e-03 2.1690e-03 -2.8705e-02 -1.8765e-02 -1.9223e-02 -1.8536e-02 2.8705e-02 -1.8306e-02 -2.1690e-03 -2.1690e-03 1.1602e-02 1.3613e-02 1.3613e-02 -1.9111e-03 2.8255e-02 -2.1690e-03 1.1602e-02 -1.8765e-02 9.2836e-03 -1.6395e-02 -5.7917e-02 2.7177e-02 -1.5843e-02 5.4559e-02 4.0016e-02 8.0433e-02 8.3454e-02 4.9945e-02 4.1411e-02 7.8371e-02 4.2904e-02
9.1349e-02 -1.1981e-01 -4.1854e-01 -1.0854e-01 -1.0854e-01 -4.1854e-01 -4.0805e-01 -1.0854e-01 -4.2201e-01 -1.0854e-01 -1.0854e-01 -1.1343e-01 -4.3721e-01 -1.1343e-01 -1.1343e-01 1.0000e+00 -1.1991e-01 -4.3552e-01 8.7071e-01 1.2701e-01 -4.2705e-01 -1.2264e-01 -1.1812e-01 -1.2701e-01 -1.1810e-02 -1.9224e-01 -1.2533e-01 2.2717e-01 2.3180e-01 2.0393e-01 2.0393e-01 2.0393e-01 2.0393e-01 -1.1920e-01 -1.6916e-01 -1.0536e-01 2.0579e-01 -1.0536e-01 5.5659e-02 -8.0581e-02 -8.6180e-02 -8.0350e-02 7.8417e-02 -8.0350e-02 1.9601e-01 -8.0465e-02 -1.6625e-01 -1.4456e-01 1.9247e-01 2.0670e-01 -1.3996e-01 -1.3996e-01 -1.3996e-01 -1.3996e-01 1.8828e-01 -1.3996e-01 -1.3996e-01 -1.3996e-01 -1.5730e-01 2.0772e-01 -1.3996e-01 -1.4206e-01 2.0579e-01 2.0449e-01 -1.4456e-01 2.0449e-01 -1.2911e-01 1.2318e-01 -7.1311e-02 -1.1835e-01 1.2068e-01 -1.1495e-01 7.1726e-02 6.7705e-02 7.1726e-02 1.0837e-01 5.5381e-02 8.8926e-02 1.1428e-01 1.0721e-01 1.0837e-01 1.3729e-01 1.6026e-01 1.6026e-01 1.6026e-01 1.6026e-01 1.3729e-01 1.7005e-01 9.9243e-02 1.0116e-01 1.3191e-01 -1.8202e-03 -1.1241e-02 7.4787e-02 -5.1691e-02 1.4568e-03 -3.4086e-02 -2.8869e-02 -3.4086e-02 1.7775e-02 -5.1163e-02 6.8400e-03 -2.0017e-02 7.8794e-03 -4.1924e-02 -2.5483e-02 2.0322e-02 -2.3899e-02 4.2448e-02 -4.3747e-02 -4.5808e-02 -4.5947e-02 -4.2098e-02 -4.0173e-02 -4.6367e-02 5.0550e-03 -4.5783e-02 -6.8291e-02 -3.0818e-02 -3.7740e-02 -4.5853e-02 -4.8167e-02 -3.8948e-02 -3.4174e-02 -4.3519e-02 -3.1815e-02 3.4952e-02 -3.4123e-02 4.8167e-02 4.8167e-02 6.2553e-02 6.0990e-03 6.0990e-03 5.0493e-02 3.4812e-02 4.8167e-02 5.4293e-02 -1.5533e-02 5.3342e-02 -4.4624e-02 -1.9456e-02 -9.1952e-03 -4.9470e-02 5.0612e-03 -3.8977e-02 -7.8578e-04 -4.3961e-03 2.3966e-02 -4.2089e-02 -1.1819e-02 -7.2596e-03
-1.6667e-02 3.9169e-01 -3.4591e-02 8.0197e-01 8.0197e-01 -3.4591e-02 -3.2956e-02 8.0197e-01 -3.5129e-02 8.0197e-01 8.0197e-01 8.3805e-01 -3.4050e-02 8.3805e-01 8.3805e-01 -1.1991e-01 1.0000e+00 -3.3778e-02 -1.2235e-01 -7.4748e-01 -3.2403e-02 7.7444e-01 8.0443e-01 -1.6130e-02 -4.4227e-02 3.7141e-02 -2.4408e-02 -3.8705e-02 -3.8705e-02 -2.8242e-02 -2.8242e-02 -2.8242e-02 -2.8242e-02 -2.4664e-02 2.7693e-02 -1.4831e-02 -4.4116e-02 -1.4831e-02 8.9377e-03 -1.8976e-02 -1.0321e-02 -1.7938e-02 1.8197e-02 -1.7938e-02 -4.8437e-02 -1.8457e-02 4.3443e-02 5.2911e-02 -6.3110e-02 -5.6422e-02 5.4407e-02 5.4407e-02 5.4407e-02 5.4407e-02 -6.4654e-02 5.4407e-02 5.4407e-02 5.4407e-02 5.8760e-02 -6.1783e-02 5.4407e-02 6.9693e-02 -6.1562e-02 -6.0896e-02 5.2911e-02 -6.0896e-02 5.6658e-02 -5.1170e-02 1.4115e-02 4.3443e-02 -5.2413e-02 5.1667e-02 -2.7026e-02 -2.7026e-02 -2.7026e-02 -5.6659e-02 -3.9866e-02 -3.3116e-02 -5.7357e-02 -6.2717e-02 -5.6659e-02 -4.0649e-02 -6.5973e-02 -6.5973e-02 -6.5973e-02 -6.5973e-02 -4.0649e-02 -5.9561e-02 -4.7272e-02 -4.7528e-02 -6.0181e-02 -3.9054e-02 -3.6618e-02 -5.7393e-02 4.7500e-02 1.3721e-02 1.5026e-02 -1.1098e-03 1.5026e-02 7.1909e-03 -1.3785e-02 -2.7949e-02 -1.5344e-02 1.0752e-04 2.2095e-03 1.6722e-02 -5.4808e-03 3.4883e-03 -1.7953e-02 -1.0752e-04 -3.6868e-04 -8.9120e-04 -1.4140e-03 -1.6755e-03 -2.4606e-03 -2.4521e-02 1.8417e-02 1.3459e-02 -4.0333e-03 -1.5575e-02 1.5775e-02 1.6102e-02 -4.5583e-03 -1.3112e-03 1.6102e-02 -1.0073e-03 4.5583e-03 -7.0250e-04 -1.6102e-02 -1.6102e-02 -1.9513e-02 3.7058e-03 3.7058e-03 -1.5775e-02 4.0333e-03 -1.6102e-02 -1.9513e-02 -1.3112e-03 -2.2097e-02 1.6261e-02 -1.9742e-02 3.2429e-02 1.0099e-02 4.4277e-02 1.8916e-02 4.1048e-02 4.4197e-02 3.6576e-02 2.0289e-02 3.8887e-02 3.6719e-02
-3.1448e-02 1.3039e-01 9.7316e-01 -4.4359e-02 -4.4359e-02 9.7316e-01 9.4928e-01 -4.4359e-02 9.8106e-01 -4.4359e-02 -4.4359e-02 -4.6354e-02 9.9614e-01 -4.6354e-02 -4.6354e-02 -4.3552e-01 -3.3778e-02 1.0000e+00 -4.1561e-01 5.1904e-02 9.8055e-01 -5.0119e-02 -4.8271e-02 -2.9003e-02 1.7621e-01 1.0040e-01 2.1979e-01 -1.4316e-01 -1.4962e-01 -1.3342e-01 -1.3342e-01 -1.3342e-01 -1.3342e-01 2.0742e-01 9.3610e-02 2.0835e-01 -1.4750e-01 2.0835e-01 -5.1012e-02 1.0229e-01 1.2486e-01 1.0012e-01 -9.9273e-02 1.0012e-01 -1.5514e-01 9.8427e-02 1.4930e-01 1.4095e-01 -1.4666e-01 -1.2945e-01 1.4581e-01 1.4581e-01 1.4581e-01 1.4581e-01 -1.5207e-01 1.4581e-01 1.4581e-01 1.4581e-01 1.7673e-01 -1.4827e-01 1.4581e-01 1.4500e-01 -1.4750e-01 -1.4518e-01 1.4655e-01 -1.4518e-01 1.5311e-01 -1.3529e-01 1.6063e-01 1.5486e-01 -1.3373e-01 1.3130e-01 -1.4043e-01 -1.4043e-01 -1.4043e-01 -1.0421e-01 -1.2077e-01 -1.6016e-01 -1.0665e-01 -9.4893e-02 -1.0421e-01 -1.6265e-01 -1.0755e-01 -1.0755e-01 -1.0755e-01 -1.0755e-01 -1.6265e-01 -1.0876e-01 -1.2269e-01 -1.2351e-01 -1.1999e-01 -5.6277e-02 -5.4157e-02 -1.1086e-01 7.7520e-02 -7.5156e-02 -7.6722e-02 1.1844e-02 -7.6722e-02 -9.0496e-02 3.5710e-02 -1.8038e-02 4.7451e-02 -5.2647e-02 -5.5059e-02 -1.3585e-02 3.0063e-03 4.7847e-02 -4.4505e-02 3.0403e-02 2.9566e-02 2.7893e-02 2.6219e-02 2.5382e-02 2.2869e-02 -4.8185e-02 4.1540e-02 4.0696e-02 1.2266e-02 -2.6425e-02 3.3240e-02 3.4266e-02 1.6161e-02 1.6820e-02 2.1297e-02 1.7828e-02 -1.6161e-02 1.8839e-02 -3.4266e-02 -3.4266e-02 -6.6859e-02 -1.8779e-03 -1.8779e-03 -3.3240e-02 -1.7839e-02 -3.4266e-02 -5.5334e-02 1.0317e-02 -4.6496e-02 2.1191e-02 -1.1054e-02 -2.8171e-03 -4.8902e-02 1.6505e-02 8.7239e-02 3.4061e-02 3.7400e-02 1.9449e-02 9.1922e-02 3.9435e-02 3.0226e-02
8.9138e-02 -1.1384e-01 -3.9892e-01 -1.1051e-01 -1.1051e-01 -3.9892e-01 -3.8780e-01 -1.1051e-01 -4.0260e-01 -1.1051e-01 -1.1051e-01 -1.1548e-01 -4.1740e-01 -1.1548e-01 -1.1548e-01 8.7071e-01 -1.2235e-01 -4.1561e-01 1.0000e+00 1.2930e-01 -4.3478e-01 -1.2486e-01 -1.2025e-01 -1.1288e-01 -2.6465e-02 -2.1066e-01 -1.1913e-01 2.3103e-01 2.3567e-01 2.0653e-01 2.0653e-01 2.0653e-01 2.0653e-01 -1.2531e-01 -1.8609e-01 -9.6026e-02 2.0415e-01 -9.6026e-02 7.1081e-02 -6.6129e-02 -6.8681e-02 -5.7783e-02 5.5886e-02 -5.7783e-02 1.9369e-01 -5.3989e-02 -1.6584e-01 -1.4098e-01 1.8609e-01 2.0132e-01 -1.4418e-01 -1.4418e-01 -1.4418e-01 -1.4418e-01 1.9053e-01 -1.4418e-01 -1.4418e-01 -1.4418e-01 -1.5920e-01 2.1054e-01 -1.4418e-01 -1.4632e-01 2.0865e-01 2.0297e-01 -1.4901e-01 2.0297e-01 -1.3300e-01 1.2385e-01 -6.2311e-02 -1.2190e-01 1.2117e-01 -1.1554e-01 7.9209e-02 7.9209e-02 8.3233e-02 1.1753e-01 7.3159e-02 9.9701e-02 1.2332e-01 1.2217e-01 1.1753e-01 1.3726e-01 1.5784e-01 1.5784e-01 1.5784e-01 1.5784e-01 1.3726e-01 1.6418e-01 1.0622e-01 1.0811e-01 1.3528e-01 3.4118e-02 2.4941e-02 9.6282e-02 -5.2127e-02 -7.6852e-03 -1.0061e-02 -3.2481e-02 -1.0061e-02 7.7643e-03 -5.3084e-02 1.0959e-02 -5.0030e-03 -8.9912e-03 -2.1454e-02 -3.0332e-02 5.3219e-03 -2.3815e-02 4.5637e-02 -3.0890e-02 -3.2988e-02 -3.3194e-02 -3.3402e-02 -3.1510e-02 -2.9825e-02 2.3739e-02 -3.2247e-02 -4.1655e-02 -1.0466e-02 -3.9896e-02 -3.7448e-02 -3.5059e-02 -1.8665e-02 -2.0936e-02 -3.0409e-02 -1.8514e-02 1.8665e-02 -2.0763e-02 3.5059e-02 3.5059e-02 4.8993e-02 7.7205e-04 7.7205e-04 3.7448e-02 1.8460e-02 3.5059e-02 4.0727e-02 -6.9445e-03 4.3592e-02 -1.6672e-02 -2.7598e-03 -4.7708e-03 -6.1059e-03 -2.1638e-03 -5.1830e-02 -8.9374e-03 -1.6523e-02 2.1432e-02 -5.4912e-02 -2.4430e-02 -1.7593e-02
1.5641e-02 -4.6058e-01 5.2506e-02 -8.5463e-01 -8.5463e-01 5.2506e-02 5.1299e-02 -8.5463e-01 5.2906e-02 -8.5463e-01 -8.5463e-01 -8.9308e-01 5.2105e-02 -8.9308e-01 -8.9308e-01 1.2701e-01 -7.4748e-01 5.1904e-02 1.2930e-01 1.0000e+00 5.0895e-02 -8.2557e-01 -8.5739e-01 1.5136e-02 6.7102e-02 6.9810e-03 6.3562e-02 -6.3356e-03 -6.3356e-03 1.5750e-03 1.5750e-03 1.5750e-03 1.5750e-03 6.3783e-02 -4.3185e-04 5.2196e-02 1.8479e-02 5.2196e-02 -1.3055e-02 5.3527e-02 4.3464e-02 5.2563e-02 -5.2804e-02 5.2563e-02 2.2991e-02 5.3045e-02 -1.4626e-02 -8.7811e-03 2.0251e-02 1.2480e-02 -1.0246e-02 -1.0246e-02 -1.0246e-02 -1.0246e-02 2.2000e-02 -1.0246e-02 -1.0246e-02 -1.0246e-02 -1.5673e-02 1.8734e-02 -1.0246e-02 -2.6524e-02 1.8479e-02 1.7713e-02 -8.7811e-03 1.7713e-02 -1.2438e-02 7.0681e-03 2.0997e-02 -1.4626e-02 8.2922e-03 -7.5580e-03 -6.8230e-03 -6.8230e-03 -6.8230e-03 1.3836e-02 2.5830e-02 1.9486e-02 1.4587e-02 3.4697e-02 1.3836e-02 2.8443e-02 2.3484e-02 2.3484e-02 2.3484e-02 2.3484e-02 2.8443e-02 1.6167e-02 3.4697e-02 3.4938e-02 4.8733e-02 3.9564e-02 3.7272e-02 4.4204e-02 -5.6524e-02 3.5421e-02 6.0415e-03 3.0397e-02 6.0415e-03 2.5095e-02 1.2936e-02 -1.6674e-02 -1.5567e-02 5.0165e-02 2.0256e-02 3.8899e-02 5.2835e-02 -3.5740e-02 -2.7383e-02 4.8434e-02 4.8685e-02 4.9187e-02 4.9691e-02 4.9943e-02 5.0701e-02 2.3010e-02 1.0044e-02 3.5663e-02 5.2226e-02 1.4616e-02 -6.9238e-03 -7.2192e-03 3.6260e-02 3.0620e-02 3.1106e-02 3.0377e-02 -3.6260e-02 3.0134e-02 7.2192e-03 7.2192e-03 -2.5763e-02 -1.0798e-02 -1.0798e-02 6.9238e-03 -3.5756e-02 7.2192e-03 -2.5763e-02 3.0620e-02 -2.3096e-02 2.4373e-02 7.3141e-02 -3.0431e-02 1.3333e-02 -6.1091e-02 -7.5472e-02 -9.0063e-02 -9.3446e-02 -4.1235e-02 -7.7343e-02 -8.7754e-02 -5.2240e-02
-3.0096e-02 1.3518e-01 9.5372e-01 -4.3496e-02 -4.3496e-02 9.5372e-01 9.2873e-01 -4.3496e-02 9.6198e-01 -4.3496e-02 -4.3496e-02 -4.5453e-02 9.7677e-01 -4.5453e-02 -4.5453e-02 -4.2705e-01 -3.2403e-02 9.8055e-01 -4.3478e-01 5.0895e-02 1.0000e+00 -4.9144e-02 -4.7332e-02 -5.0895e-02 1.8442e-01 1.0463e-01 2.1662e-01 -1.5024e-01 -1.5679e-01 -1.3931e-01 -1.3931e-01 -1.3931e-01 -1.3931e-01 2.0411e-01 9.6849e-02 2.0577e-01 -1.5380e-01 2.0577e-01 -4.8676e-02 1.0045e-01 1.2406e-01 9.8136e-02 -9.7305e-02 9.8136e-02 -1.6090e-01 9.6475e-02 1.4970e-01 1.4191e-01 -1.5270e-01 -1.3638e-01 1.4666e-01 1.4666e-01 1.4666e-01 1.4666e-01 -1.5793e-01 1.4666e-01 1.4666e-01 1.4666e-01 1.7931e-01 -1.5455e-01 1.4666e-01 1.4587e-01 -1.5380e-01 -1.5156e-01 1.4758e-01 -1.5156e-01 1.5382e-01 -1.3637e-01 1.5766e-01 1.5534e-01 -1.3464e-01 1.3226e-01 -1.4316e-01 -1.4316e-01 -1.4316e-01 -1.0810e-01 -1.2513e-01 -1.6579e-01 -1.1048e-01 -9.9758e-02 -1.0810e-01 -1.6920e-01 -1.1258e-01 -1.1258e-01 -1.1258e-01 -1.1258e-01 -1.6920e-01 -1.1486e-01 -1.2794e-01 -1.2875e-01 -1.2549e-01 -6.3872e-02 -6.1962e-02 -1.2048e-01 8.3751e-02 -8.5296e-02 -9.0804e-02 1.7079e-03 -9.0804e-02 -1.0014e-01 3.7686e-02 -8.2795e-03 5.5727e-02 -6.2677e-02 -6.9294e-02 -2.1119e-02 -1.6913e-03 5.3442e-02 -3.4574e-02 1.7571e-02 1.6749e-02 1.5105e-02 1.3460e-02 1.2637e-02 1.0168e-02 -4.6223e-02 2.9984e-02 2.6561e-02 -4.2691e-04 -2.5121e-02 2.1968e-02 2.2959e-02 3.5739e-03 1.1764e-02 1.6385e-02 1.2746e-02 -3.5739e-03 1.3731e-02 -2.2959e-02 -2.2959e-02 -5.7102e-02 7.0280e-03 7.0280e-03 -2.1968e-02 -5.2240e-03 -2.2959e-02 -4.5417e-02 5.1711e-03 -4.2037e-02 1.0513e-02 -2.1804e-02 5.7366e-03 -5.2088e-02 2.8744e-02 9.3848e-02 4.4277e-02 4.7442e-02 2.1723e-02 9.8524e-02 4.9880e-02 4.1960e-02
-1.5103e-02 4.7830e-01 -5.0700e-02 8.8507e-01 8.8507e-01 -5.0700e-02 -4.9535e-02 8.8507e-01 -5.1086e-02 8.8507e-01 8.8507e-01 9.2489e-01 -5.0313e-02 9.2489e-01 9.2489e-01 -1.2264e-01 7.7444e-01 -5.0119e-02 -1.2486e-01 -8.2557e-01 -4.9144e-02 1.0000e+00 9.6314e-01 -1.4616e-02 -6.2485e-02 2.3916e-02 -5.9051e-02 -2.8103e-02 -2.8103e-02 -3.4560e-02 -3.4560e-02 -3.4560e-02 -3.4560e-02 -5.9265e-02 3.0381e-02 -4.6948e-02 -5.2394e-02 -4.6948e-02 1.5343e-02 -1.3199e-02 -2.3623e-03 -1.2257e-02 1.2493e-02 -1.2257e-02 -5.6061e-02 -1.2728e-02 2.4340e-02 1.8748e-02 -5.3825e-02 -4.7636e-02 2.0147e-02 2.0147e-02 2.0147e-02 2.0147e-02 -5.5250e-02 2.0147e-02 2.0147e-02 2.0147e-02 2.6703e-02 -5.2599e-02 2.0147e-02 3.7007e-02 -5.2394e-02 -5.1779e-02 1.8748e-02 -5.1779e-02 2.2243e-02 -1.7114e-02 2.6683e-03 2.4340e-02 -1.8281e-02 1.7581e-02 -1.7426e-02 -1.7426e-02 -1.7426e-02 -4.4914e-02 -3.5125e-02 -2.9008e-02 -4.5562e-02 -4.4833e-02 -4.4914e-02 -3.8840e-02 -5.6466e-02 -5.6466e-02 -5.6466e-02 -5.6466e-02 -3.8840e-02 -5.0544e-02 -4.4833e-02 -4.5065e-02 -5.9535e-02 -4.8459e-02 -4.6226e-02 -2.0048e-02 6.1587e-02 -1.1551e-02 1.7783e-02 -1.9856e-02 1.7783e-02 -1.7444e-02 -1.2491e-02 5.3217e-03 7.0980e-03 -2.6905e-02 3.0521e-03 -3.4005e-02 -4.9717e-02 6.7140e-02 3.4692e-02 -4.1101e-02 -4.1342e-02 -4.1826e-02 -4.2311e-02 -4.2554e-02 -4.3283e-02 -2.2218e-02 -5.6930e-03 -2.8774e-02 -4.4750e-02 -1.4113e-02 -7.8323e-03 -7.5674e-03 -4.5241e-02 -2.6916e-02 -2.7392e-02 -2.6678e-02 4.5241e-02 -2.6439e-02 7.5674e-03 7.5674e-03 3.3098e-02 2.3916e-02 2.3916e-02 7.8323e-03 4.4750e-02 7.5674e-03 3.3098e-02 -2.6916e-02 3.0478e-02 -2.1875e-02 -6.8338e-02 2.9384e-02 -8.0118e-03 5.3261e-02 5.5956e-02 8.0921e-02 8.4138e-02 4.3870e-02 5.7592e-02 7.8725e-02 4.3493e-02
