1.0000e+00 -6.1312e-02 -2.6388e-02 -6.2042e-02 -2.6737e-02 -3.6185e-02 -2.6388e-02 -2.6388e-02 -3.6185e-02 -1.7663e-02 -6.6141e-02 -3.7877e-02 -3.6690e-02 6.2822e-02 6.5059e-02 6.7337e-02 6.5059e-02 -4.9308e-02 6.4686e-02 5.1189e-02 4.9680e-02 4.3612e-03 -2.9389e-03 2.3395e-02 -1.4200e-02 -2.1033e-02 -1.2973e-02 8.3712e-03 9.8590e-04 -2.5560e-02 -7.4627e-03 -8.5178e-03 -8.5178e-03 -8.5178e-03 -4.2684e-02 -3.5326e-02 1.6896e-02 -3.5326e-02 -1.6620e-02 1.5811e-02 8.0207e-03 -1.6620e-02 7.7379e-03 1.5811e-02 -1.5924e-02 8.3034e-03 8.3034e-03 -1.5924e-02
-6.1312e-02 1.0000e+00 6.1644e-01 9.8613e-01 6.1219e-01 -1.0987e-01 6.1644e-01 6.0883e-01 -1.3949e-01 5.0251e-01 7.9510e-01 -1.8403e-01 -1.7990e-01 -1.4671e-01 -1.4037e-01 -1.2878e-01 -1.3519e-01 1.3111e-01 -2.9211e-02 -4.5005e-02 -5.0452e-02 4.3888e-02 -3.6551e-02 -2.5483e-03 9.4725e-03 1.0178e-02 1.4767e-02 3.9622e-02 -4.5427e-02 -2.9669e-02 1.5248e-02 -3.3551e-02 -3.3551e-02 -3.3551e-02 -1.9172e-02 2.0557e-02 1.4569e-02 2.0557e-02 -1.5605e-02 1.1182e-02 -3.1112e-02 -1.5605e-02 -3.2207e-02 1.1182e-02 -1.8479e-02 -3.0016e-02 -3.0016e-02 -1.8479e-02
-2.6388e-02 6.1644e-01 1.0000e+00 6.1884e-01 9.9485e-01 -4.7746e-02 1.0000e+00 9.8963e-01 -8.8109e-02 7.9519e-01 4.7247e-01 -1.4174e-01 -1.3944e-01 -9.2700e-02 -8.8698e-02 -8.4666e-02 -8.8698e-02 7.9869e-02 -1.1657e-01 -1.2109e-01 -1.2438e-01 -1.1362e-02 -2.5904e-02 3.9764e-02 3.4545e-02 3.0334e-02 3.1183e-02 -1.0148e-02 -4.8712e-02 -1.2189e-02 4.8353e-03 -3.8280e-03 -3.8280e-03 -3.8280e-03 -9.4423e-03 1.7223e-02 1.4712e-02 1.7223e-02 1.4443e-02 1.2486e-02 4.1024e-03 1.4443e-02 3.4125e-03 1.2486e-02 8.5928e-03 4.7921e-03 4.7921e-03 8.5928e-03
-6.2042e-02 9.8613e-01 6.1884e-01 1.0000e+00 6.1457e-01 -1.1117e-01 6.1884e-01 6.1126e-01 -1.4066e-01 5.0657e-01 7.9289e-01 -1.8609e-01 -1.8193e-01 -1.4039e-01 -1.3395e-01 -1.2747e-01 -1.3395e-01 1.3088e-01 -3.0393e-02 -4.6075e-02 -5.1567e-02 4.2188e-02 -3.8816e-02 2.9694e-03 8.1915e-03 1.3562e-02 1.2627e-02 3.6723e-02 -3.5841e-02 -2.0135e-02 1.6612e-02 -2.7408e-02 -2.7408e-02 -2.7408e-02 -9.6910e-03 2.9924e-02 1.3271e-02 2.9924e-02 -6.0570e-03 9.8770e-03 -2.4237e-02 -6.0570e-03 -2.5341e-02 9.8770e-03 -8.9110e-03 -2.3133e-02 -2.3133e-02 -8.9110e-03
-2.6737e-02 6.1219e-01 9.9485e-01 6.1457e-01 1.0000e+00 -4.8366e-02 9.9485e-01 9.8452e-01 -7.5166e-02 7.9100e-01 4.6871e-01 -1.3335e-01 -1.3092e-01 -8.7419e-02 -8.3363e-02 -7.9274e-02 -8.3363e-02 7.7401e-02 -1.1238e-01 -1.1686e-01 -1.2018e-01 -1.2000e-02 -2.6903e-02 4.2106e-02 3.6283e-02 3.1770e-02 3.2720e-02 -1.1345e-02 -4.6902e-02 -1.0637e-02 5.4665e-03 -1.0884e-03 -1.0884e-03 -1.0884e-03 -7.8860e-03 1.8968e-02 1.4092e-02 1.8968e-02 1.6228e-02 1.1865e-02 7.1469e-03 1.6228e-02 6.4538e-03 1.1865e-02 1.0412e-02 7.8399e-03 7.8399e-03 1.0412e-02
-3.6185e-02 -1.0987e-01 -4.7746e-02 -1.1117e-01 -4.8366e-02 1.0000e+00 -4.7746e-02 -4.7746e-02 6.1606e-01 -3.2258e-02 -2.2473e-02 3.0051e-01 3.0699e-01 6.1994e-02 6.5690e-02 6.9446e-02 6.5690e-02 -4.4289e-02 3.4099e-02 5.2529e-02 4.9896e-02 6.7859e-02 -2.0103e-02 4.4310e-02 2.5220e-02 7.4339e-03 -2.4281e-04 1.3077e-02 -2.7246e-02 -3.2072e-02 3.0384e-02 -1.1398e-02 -1.1398e-02 -1.1398e-02 -4.0665e-02 -4.0214e-02 4.4300e-03 -4.0214e-02 -2.6761e-02 2.8988e-03 9.7222e-03 -2.6761e-02 9.2174e-03 2.8988e-03 -2.5526e-02 1.0227e-02 1.0227e-02 -2.5526e-02
-2.6388e-02 6.1644e-01 1.0000e+00 6.1884e-01 9.9485e-01 -4.7746e-02 1.0000e+00 9.8963e-01 -8.8109e-02 7.9519e-01 4.7247e-01 -1.4174e-01 -1.3944e-01 -9.2700e-02 -8.8698e-02 -8.4666e-02 -8.8698e-02 7.9869e-02 -1.1657e-01 -1.2109e-01 -1.2438e-01 -1.1362e-02 -2.5904e-02 3.9764e-02 3.4545e-02 3.0334e-02 3.1183e-02 -1.0148e-02 -4.8712e-02 -1.2189e-02 4.8353e-03 -3.8280e-03 -3.8280e-03 -3.8280e-03 -9.4423e-03 1.7223e-02 1.4712e-02 1.7223e-02 1.4443e-02 1.2486e-02 4.1024e-03 1.4443e-02 3.4125e-03 1.2486e-02 8.5928e-03 4.7921e-03 4.7921e-03 8.5928e-03
-2.6388e-02 6.0883e-01 9.8963e-01 6.1126e-01 9.8452e-01 -4.7746e-02 9.8963e-01 1.0000e+00 -8.8109e-02 7.9519e-01 4.6507e-01 -1.4174e-01 -1.3944e-01 -9.2700e-02 -8.8698e-02 -8.4666e-02 -8.8698e-02 7.2927e-02 -1.1657e-01 -1.2109e-01 -1.2438e-01 -1.1362e-02 -2.5904e-02 3.3148e-02 3.4545e-02 3.0334e-02 3.1183e-02 -1.0148e-02 -4.8712e-02 -1.2189e-02 4.8353e-03 -3.8280e-03 -3.8280e-03 -3.8280e-03 -9.4423e-03 9.7419e-03 -4.1660e-03 9.7419e-03 7.0223e-03 -6.0951e-03 4.1024e-03 7.0223e-03 3.4125e-03 -6.0951e-03 1.1918e-03 4.7921e-03 4.7921e-03 1.1918e-03
-3.6185e-02 -1.3949e-01 -8.8109e-02 -1.4066e-01 -7.5166e-02 6.1606e-01 -8.8109e-02 -8.8109e-02 1.0000e+00 -7.7184e-02 -1.4727e-01 5.0269e-01 5.1156e-01 1.5304e-01 1.5727e-01 1.6159e-01 1.5727e-01 -1.0732e-01 1.0149e-01 1.1999e-01 1.1725e-01 6.7616e-03 -4.7123e-02 6.1474e-02 2.5220e-02 1.8012e-02 9.9348e-03 -1.1675e-02 1.4189e-02 -1.0433e-02 9.0687e-03 1.3914e-02 1.3914e-02 1.3914e-02 -1.9162e-02 -3.0510e-02 4.4300e-03 -3.0510e-02 1.1740e-02 2.8988e-03 5.1413e-02 1.1740e-02 5.0911e-02 2.8988e-03 1.2873e-02 5.1914e-02 5.1914e-02 1.2873e-02
-1.7663e-02 5.0251e-01 7.9519e-01 5.0657e-01 7.9100e-01 -3.2258e-02 7.9519e-01 7.9519e-01 -7.7184e-02 1.0000e+00 5.1587e-01 -1.2417e-01 -1.2215e-01 -7.3032e-02 -6.9478e-02 -6.5895e-02 -6.9478e-02 1.1311e-01 -8.7925e-02 -1.0064e-01 -1.0354e-01 -1.2542e-02 -2.3658e-02 1.6764e-02 3.1095e-02 3.0019e-02 1.8179e-02 -1.1348e-02 -3.3453e-02 -2.4346e-02 -1.1346e-02 -9.1187e-03 -9.1187e-03 -9.1187e-03 -2.1854e-02 -2.4914e-03 9.7751e-03 -2.4914e-03 -6.5435e-03 7.8737e-03 -2.4032e-02 -6.5435e-03 -2.4639e-02 7.8737e-03 -1.3372e-02 -2.3426e-02 -2.3426e-02 -1.3372e-02
-6.6141e-02 7.9510e-01 4.7247e-01 7.9289e-01 4.6871e-01 -2.2473e-02 4.7247e-01 4.6507e-01 -1.4727e-01 5.1587e-01 1.0000e+00 -2.0420e-01 -1.9996e-01 -9.7395e-02 -9.0367e-02 -9.8479e-02 -8.5329e-02 1.0171e-01 -2.1493e-02 -2.7290e-02 -1.4547e-02 2.1671e-02 -3.6485e-02 -1.3834e-02 -5.8516e-03 3.1291e-03 -6.6113e-03 4.1218e-02 -6.0947e-02 -3.1119e-02 6.9932e-04 -2.6081e-02 -2.6081e-02 -2.6081e-02 -2.6460e-02 1.9298e-02 1.9602e-02 1.9298e-02 -2.5815e-02 1.5959e-02 -4.1430e-02 -2.5815e-02 -4.2587e-02 1.5959e-02 -2.8371e-02 -4.0273e-02 -4.0273e-02 -2.8371e-02
-3.7877e-02 -1.8403e-01 -1.4174e-01 -1.8609e-01 -1.3335e-01 3.0051e-01 -1.4174e-01 -1.4174e-01 5.0269e-01 -1.2417e-01 -2.0420e-01 1.0000e+00 9.8373e-01 1.6167e-01 1.6798e-01 1.6185e-01 1.5550e-01 -3.4732e-02 1.9367e-01 2.0207e-01 1.9765e-01 -1.8017e-02 -3.9736e-02 -7.7204e-03 -6.9521e-03 -2.4319e-02 -3.7230e-02 2.7397e-02 -1.9760e-02 -1.4366e-02 1.0541e-02 -4.2844e-02 -4.2844e-02 -4.2844e-02 -1.8455e-02 -1.9378e-02 1.1777e-02 -1.9378e-02 -4.6945e-04 9.2406e-03 -8.4724e-04 -4.6945e-04 -1.6607e-03 9.2406e-03 1.4046e-03 -3.3887e-05 -3.3887e-05 1.4046e-03
-3.6690e-02 -1.7990e-01 -1.3944e-01 -1.8193e-01 -1.3092e-01 3.0699e-01 -1.3944e-01 -1.3944e-01 5.1156e-01 -1.2215e-01 -1.9996e-01 9.8373e-01 1.0000e+00 1.5852e-01 1.6473e-01 1.5833e-01 1.5210e-01 -3.3649e-02 1.8842e-01 1.9684e-01 1.9250e-01 -1.5774e-02 -4.5559e-02 9.5295e-04 5.9492e-03 -8.3233e-03 -2.2588e-02 6.5657e-03 -1.1502e-02 -5.0133e-03 8.3279e-03 -4.1501e-02 -4.1501e-02 -4.1501e-02 -9.2999e-03 -1.2744e-02 1.3931e-02 -1.2744e-02 6.1751e-03 1.1398e-02 -3.5434e-04 6.1751e-03 -1.1546e-03 1.1398e-02 8.0012e-03 4.4574e-04 4.4574e-04 8.0012e-03
6.2822e-02 -1.4671e-01 -9.2700e-02 -1.4039e-01 -8.7419e-02 6.1994e-02 -9.2700e-02 -9.2700e-02 1.5304e-01 -7.3032e-02 -9.7395e-02 1.6167e-01 1.5852e-01 1.0000e+00 9.8577e-01 9.6196e-01 9.7621e-01 -4.3238e-01 6.8282e-01 6.7859e-01 6.9297e-01 -8.6287e-02 1.4740e-02 -4.5146e-02 -6.4994e-02 -6.3160e-02 -6.4687e-02 5.7685e-02 -3.3317e-02 -3.7964e-02 3.2565e-02 -5.2192e-02 -5.2192e-02 -5.2192e-02 -3.2706e-02 -7.0562e-02 -2.4864e-02 -7.0562e-02 -2.5856e-02 -2.8221e-02 -2.8538e-02 -2.5856e-02 -2.1138e-02 -2.8221e-02 -2.2801e-02 -2.2889e-02 -2.2889e-02 -2.2801e-02
6.5059e-02 -1.4037e-01 -8.8698e-02 -1.3395e-01 -8.3363e-02 6.5690e-02 -8.8698e-02 -8.8698e-02 1.5727e-01 -6.9478e-02 -9.0367e-02 1.6798e-01 1.6473e-01 9.8577e-01 1.0000e+00 9.7593e-01 9.8558e-01 -4.2613e-01 6.9812e-01 6.9380e-01 7.0838e-01 -8.3990e-02 1.2262e-02 -4.2162e-02 -6.3068e-02 -6.4370e-02 -6.6544e-02 6.3098e-02 -4.0127e-02 -4.4351e-02 3.0088e-02 -4.5958e-02 -4.5958e-02 -4.5958e-02 -3.9123e-02 -7.8418e-02 -2.2711e-02 -7.8418e-02 -2.8518e-02 -2.6049e-02 -2.3757e-02 -2.8518e-02 -1.6286e-02 -2.6049e-02 -2.5499e-02 -1.8101e-02 -1.8101e-02 -2.5499e-02
6.7337e-02 -1.2878e-01 -8.4666e-02 -1.2747e-01 -7.9274e-02 6.9446e-02 -8.4666e-02 -8.4666e-02 1.6159e-01 -6.5895e-02 -9.8479e-02 1.6185e-01 1.5833e-01 9.6196e-01 9.7593e-01 1.0000e+00 9.8560e-01 -4.2465e-01 7.2265e-01 7.1379e-01 7.0634e-01 -8.1684e-02 9.7564e-03 -5.2744e-02 -7.1204e-02 -7.1194e-02 -7.3810e-02 7.5125e-02 -4.1559e-02 -5.0824e-02 3.8842e-02 -3.9660e-02 -3.9660e-02 -3.9660e-02 -4.5627e-02 -8.6386e-02 -5.9323e-02 -8.6386e-02 -3.6301e-02 -6.2031e-02 -1.8922e-02 -3.6301e-02 -1.1379e-02 -6.2031e-02 -3.3303e-02 -1.3259e-02 -1.3259e-02 -3.3303e-02
6.5059e-02 -1.3519e-01 -8.8698e-02 -1.3395e-01 -8.3363e-02 6.5690e-02 -8.8698e-02 -8.8698e-02 1.5727e-01 -6.9478e-02 -8.5329e-02 1.5550e-01 1.5210e-01 9.7621e-01 9.8558e-01 9.8560e-01 1.0000e+00 -4.3086e-01 7.0696e-01 6.9823e-01 7.1280e-01 -8.3990e-02 1.2262e-02 -5.1169e-02 -7.3078e-02 -7.5472e-02 -7.1885e-02 6.9593e-02 -4.5563e-02 -5.0028e-02 3.0088e-02 -4.5958e-02 -4.5958e-02 -4.5958e-02 -4.4765e-02 -8.3511e-02 -3.5561e-02 -8.3511e-02 -3.3569e-02 -3.8697e-02 -2.3757e-02 -3.3569e-02 -1.6286e-02 -3.8697e-02 -3.0536e-02 -1.8101e-02 -1.8101e-02 -3.0536e-02
-4.9308e-02 1.3111e-01 7.9869e-02 1.3088e-01 7.7401e-02 -4.4289e-02 7.9869e-02 7.2927e-02 -1.0732e-01 1.1311e-01 1.0171e-01 -3.4732e-02 -3.3649e-02 -4.3238e-01 -4.2613e-01 -4.2465e-01 -4.3086e-01 1.0000e+00 4.4599e-02 3.5636e-02 2.8845e-02 -6.7896e-03 5.6818e-03 3.3092e-02 2.4685e-02 4.2881e-02 2.8199e-02 -4.0116e-03 2.8159e-02 3.0399e-02 3.7455e-02 2.6943e-02 2.6943e-02 2.6943e-02 2.4274e-02 3.4968e-02 2.1426e-02 3.4968e-02 4.1962e-03 1.7231e-02 -7.8431e-03 4.1962e-03 -1.3481e-02 1.7231e-02 -2.6489e-03 -1.5112e-02 -1.5112e-02 -2.6489e-03
6.4686e-02 -2.9211e-02 -1.1657e-01 -3.0393e-02 -1.1238e-01 3.4099e-02 -1.1657e-01 -1.1657e-01 1.0149e-01 -8.7925e-02 -2.1493e-02 1.9367e-01 1.8842e-01 6.8282e-01 6.9812e-01 7.2265e-01 7.0696e-01 4.4599e-02 1.0000e+00 9.6949e-01 9.5937e-01 -4.6399e-02 -4.9060e-02 -3.0984e-02 -4.7122e-02 -3.5174e-02 -5.3818e-02 6.7307e-02 -1.6045e-02 -3.4307e-02 3.1053e-02 -4.4948e-02 -4.4948e-02 -4.4948e-02 -3.2656e-02 -6.9164e-02 -5.6305e-02 -6.9164e-02 -4.2805e-02 -6.0367e-02 -4.5723e-02 -4.2805e-02 -3.9389e-02 -6.0367e-02 -3.8749e-02 -3.9982e-02 -3.9982e-02 -3.8749e-02
5.1189e-02 -4.5005e-02 -1.2109e-01 -4.6075e-02 -1.1686e-01 5.2529e-02 -1.2109e-01 -1.2109e-01 1.1999e-01 -1.0064e-01 -2.7290e-02 2.0207e-01 1.9684e-01 6.7859e-01 6.9380e-01 7.1379e-01 6.9823e-01 3.5636e-02 9.6949e-01 1.0000e+00 9.8988e-01 -5.4991e-02 -5.3550e-02 -1.9150e-02 -3.6886e-02 -2.7927e-02 -4.2254e-02 5.7746e-02 -9.0948e-03 -2.1493e-02 4.0152e-02 -4.1979e-02 -4.1979e-02 -4.1979e-02 -1.9968e-02 -6.3277e-02 -6.7130e-02 -6.3277e-02 -3.7024e-02 -7.0992e-02 -3.1401e-02 -3.7024e-02 -2.9076e-02 -7.0992e-02 -3.3007e-02 -2.9696e-02 -2.9696e-02 -3.3007e-02
4.9680e-02 -5.0452e-02 -1.2438e-01 -5.1567e-02 -1.2018e-01 4.9896e-02 -1.2438e-01 -1.2438e-01 1.1725e-01 -1.0354e-01 -1.4547e-02 1.9765e-01 1.9250e-01 6.9297e-01 7.0838e-01 7.0634e-01 7.1280e-01 2.8845e-02 9.5937e-01 9.8988e-01 1.0000e+00 -5.7056e-02 -5.0417e-02 -1.5400e-02 -3.5531e-02 -2.8092e-02 -4.1877e-02 5.3770e-02 -1.4009e-02 -2.1958e-02 3.1852e-02 -4.5569e-02 -4.5569e-02 -4.5569e-02 -2.0355e-02 -6.2161e-02 -4.5163e-02 -6.2161e-02 -3.5818e-02 -4.9421e-02 -3.3804e-02 -3.5818e-02 -3.1503e-02 -4.9421e-02 -3.1765e-02 -3.2082e-02 -3.2082e-02 -3.1765e-02
4.3612e-03 4.3888e-02 -1.1362e-02 4.2188e-02 -1.2000e-02 6.7859e-02 -1.1362e-02 -1.1362e-02 6.7616e-03 -1.2542e-02 2.1671e-02 -1.8017e-02 -1.5774e-02 -8.6287e-02 -8.3990e-02 -8.1684e-02 -8.3990e-02 -6.7896e-03 -4.6399e-02 -5.4991e-02 -5.7056e-02 1.0000e+00 5.0463e-03 4.7149e-02 5.8818e-02 3.0136e-02 3.9906e-02 -1.0538e-02 1.1151e-02 -5.0205e-04 1.8644e-02 -4.9134e-03 -4.9134e-03 -4.9134e-03 1.1474e-03 -1.4544e-02 -8.9193e-03 -1.4544e-02 2.2219e-02 -1.0009e-02 1.9828e-02 2.2219e-02 1.9405e-02 -1.0009e-02 2.3141e-02 2.0252e-02 2.0252e-02 2.3141e-02
-2.9389e-03 -3.6551e-02 -2.5904e-02 -3.8816e-02 -2.6903e-02 -2.0103e-02 -2.5904e-02 -2.5904e-02 -4.7123e-02 -2.3658e-02 -3.6485e-02 -3.9736e-02 -4.5559e-02 1.4740e-02 1.2262e-02 9.7564e-03 1.2262e-02 5.6818e-03 -4.9060e-02 -5.3550e-02 -5.0417e-02 5.0463e-03 1.0000e+00 -2.2387e-02 -4.1043e-02 3.7076e-02 5.3272e-02 -4.7264e-02 6.9748e-02 -2.2130e-02 4.1990e-03 -6.5375e-02 -6.5375e-02 -6.5375e-02 -1.9334e-02 -1.4583e-02 -2.2574e-02 -1.4583e-02 -2.2590e-03 -2.4202e-02 -3.7695e-02 -2.2590e-03 -3.8385e-02 -2.4202e-02 -6.7222e-04 -3.7005e-02 -3.7005e-02 -6.7222e-04
2.3395e-02 -2.5483e-03 3.9764e-02 2.9694e-03 4.2106e-02 4.4310e-02 3.9764e-02 3.3148e-02 6.1474e-02 1.6764e-02 -1.3834e-02 -7.7204e-03 9.5295e-04 -4.5146e-02 -4.2162e-02 -5.2744e-02 -5.1169e-02 3.3092e-02 -3.0984e-02 -1.9150e-02 -1.5400e-02 4.7149e-02 -2.2387e-02 1.0000e+00 7.1779e-01 6.2272e-01 6.2933e-01 -4.9453e-01 4.3574e-01 4.3040e-01 2.3911e-01 6.9034e-01 6.9034e-01 6.9034e-01 4.3223e-01 5.0568e-01 1.6758e-02 5.0568e-01 3.4880e-01 9.1423e-03 4.4839e-01 3.4880e-01 4.4589e-01 9.1423e-03 3.4901e-01 4.5090e-01 4.5090e-01 3.4901e-01
-1.4200e-02 9.4725e-03 3.4545e-02 8.1915e-03 3.6283e-02 2.5220e-02 3.4545e-02 3.4545e-02 2.5220e-02 3.1095e-02 -5.8516e-03 -6.9521e-03 5.9492e-03 -6.4994e-02 -6.3068e-02 -7.1204e-02 -7.3078e-02 2.4685e-02 -4.7122e-02 -3.6886e-02 -3.5531e-02 5.8818e-02 -4.1043e-02 7.1779e-01 1.0000e+00 8.2961e-01 8.8509e-01 -6.5883e-01 5.7568e-01 5.9326e-01 2.9988e-01 5.9264e-01 5.9264e-01 5.9264e-01 5.9086e-01 6.1079e-01 7.6200e-02 6.1079e-01 4.4519e-01 6.5206e-02 4.9509e-01 4.4519e-01 4.9174e-01 6.5206e-02 4.4132e-01 4.9388e-01 4.9388e-01 4.4132e-01
-2.1033e-02 1.0178e-02 3.0334e-02 1.3562e-02 3.1770e-02 7.4339e-03 3.0334e-02 3.0334e-02 1.8012e-02 3.0019e-02 3.1291e-03 -2.4319e-02 -8.3233e-03 -6.3160e-02 -6.4370e-02 -7.1194e-02 -7.5472e-02 4.2881e-02 -3.5174e-02 -2.7927e-02 -2.8092e-02 3.0136e-02 3.7076e-02 6.2272e-01 8.2961e-01 1.0000e+00 9.1882e-01 -7.9414e-01 7.2119e-01 7.0226e-01 2.7553e-01 5.0040e-01 5.0040e-01 5.0040e-01 6.7451e-01 7.1754e-01 5.5738e-02 7.1754e-01 5.4166e-01 4.3054e-02 4.1806e-01 5.4166e-01 4.1401e-01 4.3054e-02 5.3800e-01 4.1705e-01 4.1705e-01 5.3800e-01
-1.2973e-02 1.4767e-02 3.1183e-02 1.2627e-02 3.2720e-02 -2.4281e-04 3.1183e-02 3.1183e-02 9.9348e-03 1.8179e-02 -6.6113e-03 -3.7230e-02 -2.2588e-02 -6.4687e-02 -6.6544e-02 -7.3810e-02 -7.1885e-02 2.8199e-02 -5.3818e-02 -4.2254e-02 -4.1877e-02 3.9906e-02 5.3272e-02 6.2933e-01 8.8509e-01 9.1882e-01 1.0000e+00 -7.3715e-01 6.6819e-01 6.8327e-01 3.4174e-01 5.2660e-01 5.2660e-01 5.2660e-01 6.8122e-01 7.1239e-01 7.6853e-02 7.1239e-01 5.2544e-01 7.8632e-02 4.2636e-01 5.2544e-01 4.2257e-01 7.8632e-02 5.2167e-01 4.2529e-01 4.2529e-01 5.2167e-01
8.3712e-03 3.9622e-02 -1.0148e-02 3.6723e-02 -1.1345e-02 1.3077e-02 -1.0148e-02 -1.0148e-02 -1.1675e-02 -1.1348e-02 4.1218e-02 2.7397e-02 6.5657e-03 5.7685e-02 6.3098e-02 7.5125e-02 6.9593e-02 -4.0116e-03 6.7307e-02 5.7746e-02 5.3770e-02 -1.0538e-02 -4.7264e-02 -4.9453e-01 -6.5883e-01 -7.9414e-01 -7.3715e-01 1.0000e+00 -6.7904e-01 -6.9286e-01 4.8504e-02 -3.8245e-01 -3.8245e-01 -3.8245e-01 -6.6263e-01 -5.7871e-01 -5.0472e-02 -5.7871e-01 -5.4821e-01 -5.1903e-02 -3.3328e-01 -5.4821e-01 -3.2817e-01 -5.1903e-02 -5.4499e-01 -3.3249e-01 -3.3249e-01 -5.4499e-01
9.8590e-04 -4.5427e-02 -4.8712e-02 -3.5841e-02 -4.6902e-02 -2.7246e-02 -4.8712e-02 -4.8712e-02 1.4189e-02 -3.3453e-02 -6.0947e-02 -1.9760e-02 -1.1502e-02 -3.3317e-02 -4.0127e-02 -4.1559e-02 -4.5563e-02 2.8159e-02 -1.6045e-02 -9.0948e-03 -1.4009e-02 1.1151e-02 6.9748e-02 4.3574e-01 5.7568e-01 7.2119e-01 6.6819e-01 -6.7904e-01 1.0000e+00 7.0706e-01 2.6429e-01 3.5671e-01 3.5671e-01 3.5671e-01 6.7956e-01 5.7207e-01 7.3888e-02 5.7207e-01 5.4334e-01 7.5625e-02 2.7449e-01 5.4334e-01 2.7057e-01 7.5625e-02 5.3960e-01 2.7347e-01 2.7347e-01 5.3960e-01
-2.5560e-02 -2.9669e-02 -1.2189e-02 -2.0135e-02 -1.0637e-02 -3.2072e-02 -1.2189e-02 -1.2189e-02 -1.0433e-02 -2.4346e-02 -3.1119e-02 -1.4366e-02 -5.0133e-03 -3.7964e-02 -4.4351e-02 -5.0824e-02 -5.0028e-02 3.0399e-02 -3.4307e-02 -2.1493e-02 -2.1958e-02 -5.0205e-04 -2.2130e-02 4.3040e-01 5.9326e-01 7.0226e-01 6.8327e-01 -6.9286e-01 7.0706e-01 1.0000e+00 3.8012e-01 5.4651e-01 5.4651e-01 5.4651e-01 9.7005e-01 8.1626e-01 8.2396e-02 8.1626e-01 7.9719e-01 8.3801e-02 4.8583e-01 7.9719e-01 4.8164e-01 8.3801e-02 7.9294e-01 4.8485e-01 4.8485e-01 7.9294e-01
-7.4627e-03 1.5248e-02 4.8353e-03 1.6612e-02 5.4665e-03 3.0384e-02 4.8353e-03 4.8353e-03 9.0687e-03 -1.1346e-02 6.9932e-04 1.0541e-02 8.3279e-03 3.2565e-02 3.0088e-02 3.8842e-02 3.0088e-02 3.7455e-02 3.1053e-02 4.0152e-02 3.1852e-02 1.8644e-02 4.1990e-03 2.3911e-01 2.9988e-01 2.7553e-01 3.4174e-01 4.8504e-02 2.6429e-01 3.8012e-01 1.0000e+00 2.3889e-01 2.3889e-01 2.3889e-01 4.2867e-01 3.5863e-01 3.5676e-02 3.5863e-01 3.0590e-01 3.6284e-02 1.7186e-01 3.0590e-01 1.7228e-01 3.6284e-02 3.0416e-01 1.7144e-01 1.7144e-01 3.0416e-01
-8.5178e-03 -3.3551e-02 -3.8280e-03 -2.7408e-02 -1.0884e-03 -1.1398e-02 -3.8280e-03 -3.8280e-03 1.3914e-02 -9.1187e-03 -2.6081e-02 -4.2844e-02 -4.1501e-02 -5.2192e-02 -4.5958e-02 -3.9660e-02 -4.5958e-02 2.6943e-02 -4.4948e-02 -4.1979e-02 -4.5569e-02 -4.9134e-03 -6.5375e-02 6.9034e-01 5.9264e-01 5.0040e-01 5.2660e-01 -3.8245e-01 3.5671e-01 5.4651e-01 2.3889e-01 1.0000e+00 1.0000e+00 1.0000e+00 5.5209e-01 6.4267e-01 -2.0583e-01 6.4267e-01 4.2561e-01 -2.0934e-01 6.9237e-01 4.2561e-01 6.9010e-01 -2.0934e-01 4.2059e-01 6.9062e-01 6.9062e-01 4.2059e-01
-8.5178e-03 -3.3551e-02 -3.8280e-03 -2.7408e-02 -1.0884e-03 -1.1398e-02 -3.8280e-03 -3.8280e-03 1.3914e-02 -9.1187e-03 -2.6081e-02 -4.2844e-02 -4.1501e-02 -5.2192e-02 -4.5958e-02 -3.9660e-02 -4.5958e-02 2.6943e-02 -4.4948e-02 -4.1979e-02 -4.5569e-02 -4.9134e-03 -6.5375e-02 6.9034e-01 5.9264e-01 5.0040e-01 5.2660e-01 -3.8245e-01 3.5671e-01 5.4651e-01 2.3889e-01 1.0000e+00 1.0000e+00 1.0000e+00 5.5209e-01 6.4267e-01 -2.0583e-01 6.4267e-01 4.2561e-01 -2.0934e-01 6.9237e-01 4.2561e-01 6.9010e-01 -2.0934e-01 4.2059e-01 6.9062e-01 6.9062e-01 4.2059e-01
-8.5178e-03 -3.3551e-02 -3.8280e-03 -2.7408e-02 -1.0884e-03 -1.1398e-02 -3.8280e-03 -3.8280e-03 1.3914e-02 -9.1187e-03 -2.6081e-02 -4.2844e-02 -4.1501e-02 -5.2192e-02 -4.5958e-02 -3.9660e-02 -4.5958e-02 2.6943e-02 -4.4948e-02 -4.1979e-02 -4.5569e-02 -4.9134e-03 -6.5375e-02 6.9034e-01 5.9264e-01 5.0040e-01 5.2660e-01 -3.8245e-01 3.5671e-01 5.4651e-01 2.3889e-01 1.0000e+00 1.0000e+00 1.0000e+00 5.5209e-01 6.4267e-01 -2.0583e-01 6.4267e-01 4.2561e-01 -2.0934e-01 6.9237e-01 4.2561e-01 6.9010e-01 -2.0934e-01 4.2059e-01 6.9062e-01 6.9062e-01 4.2059e-01
-4.2684e-02 -1.9172e-02 -9.4423e-03 -9.6910e-03 -7.8860e-03 -4.0665e-02 -9.4423e-03 -9.4423e-03 -1.9162e-02 -2.1854e-02 -2.6460e-02 -1.8455e-02 -9.2999e-03 -3.2706e-02 -3.9123e-02 -4.5627e-02 -4.4765e-02 2.4274e-02 -3.2656e-02 -1.9968e-02 -2.0355e-02 1.1474e-03 -1.9334e-02 4.3223e-01 5.9086e-01 6.7451e-01 6.8122e-01 -6.6263e-01 6.7956e-01 9.7005e-01 4.2867e-01 5.5209e-01 5.5209e-01 5.5209e-01 1.0000e+00 8.3661e-01 8.3224e-02 8.3661e-01 7.8771e-01 8.4643e-02 4.7025e-01 7.8771e-01 4.6610e-01 8.4643e-02 7.8937e-01 4.7440e-01 4.7440e-01 7.8937e-01
-3.5326e-02 2.0557e-02 1.7223e-02 2.9924e-02 1.8968e-02 -4.0214e-02 1.7223e-02 9.7419e-03 -3.0510e-02 -2.4914e-03 1.9298e-02 -1.9378e-02 -1.2744e-02 -7.0562e-02 -7.8418e-02 -8.6386e-02 -8.3511e-02 3.4968e-02 -6.9164e-02 -6.3277e-02 -6.2161e-02 -1.4544e-02 -1.4583e-02 5.0568e-01 6.1079e-01 7.1754e-01 7.1239e-01 -5.7871e-01 5.7207e-01 8.1626e-01 3.5863e-01 6.4267e-01 6.4267e-01 6.4267e-01 8.3661e-01 1.0000e+00 9.9478e-02 1.0000e+00 7.4859e-01 1.0117e-01 5.6960e-01 7.4859e-01 5.6615e-01 1.0117e-01 7.4935e-01 5.7306e-01 5.7306e-01 7.4935e-01
1.6896e-02 1.4569e-02 1.4712e-02 1.3271e-02 1.4092e-02 4.4300e-03 1.4712e-02 -4.1660e-03 4.4300e-03 9.7751e-03 1.9602e-02 1.1777e-02 1.3931e-02 -2.4864e-02 -2.2711e-02 -5.9323e-02 -3.5561e-02 2.1426e-02 -5.6305e-02 -6.7130e-02 -4.5163e-02 -8.9193e-03 -2.2574e-02 1.6758e-02 7.6200e-02 5.5738e-02 7.6853e-02 -5.0472e-02 7.3888e-02 8.2396e-02 3.5676e-02 -2.0583e-01 -2.0583e-01 -2.0583e-01 8.3224e-02 9.9478e-02 1.0000e+00 9.9478e-02 1.0109e-01 9.8323e-01 -1.8317e-01 1.0109e-01 -1.8353e-01 9.8323e-01 1.0162e-01 -1.8280e-01 -1.8280e-01 1.0162e-01
-3.5326e-02 2.0557e-02 1.7223e-02 2.9924e-02 1.8968e-02 -4.0214e-02 1.7223e-02 9.7419e-03 -3.0510e-02 -2.4914e-03 1.9298e-02 -1.9378e-02 -1.2744e-02 -7.0562e-02 -7.8418e-02 -8.6386e-02 -8.3511e-02 3.4968e-02 -6.9164e-02 -6.3277e-02 -6.2161e-02 -1.4544e-02 -1.4583e-02 5.0568e-01 6.1079e-01 7.1754e-01 7.1239e-01 -5.7871e-01 5.7207e-01 8.1626e-01 3.5863e-01 6.4267e-01 6.4267e-01 6.4267e-01 8.3661e-01 1.0000e+00 9.9478e-02 1.0000e+00 7.4859e-01 1.0117e-01 5.6960e-01 7.4859e-01 5.6615e-01 1.0117e-01 7.4935e-01 5.7306e-01 5.7306e-01 7.4935e-01
-1.6620e-02 -1.5605e-02 1.4443e-02 -6.0570e-03 1.6228e-02 -2.6761e-02 1.4443e-02 7.0223e-03 1.1740e-02 -6.5435e-03 -2.5815e-02 -4.6945e-04 6.1751e-03 -2.5856e-02 -2.8518e-02 -3.6301e-02 -3.3569e-02 4.1962e-03 -4.2805e-02 -3.7024e-02 -3.5818e-02 2.2219e-02 -2.2590e-03 3.4880e-01 4.4519e-01 5.4166e-01 5.2544e-01 -5.4821e-01 5.4334e-01 7.9719e-01 3.0590e-01 4.2561e-01 4.2561e-01 4.2561e-01 7.8771e-01 7.4859e-01 1.0109e-01 7.4859e-01 1.0000e+00 1.0281e-01 6.0238e-01 1.0000e+00 5.9898e-01 1.0281e-01 9.9472e-01 6.0118e-01 6.0118e-01 9.9472e-01
1.5811e-02 1.1182e-02 1.2486e-02 9.8770e-03 1.1865e-02 2.8988e-03 1.2486e-02 -6.0951e-03 2.8988e-03 7.8737e-03 1.5959e-02 9.2406e-03 1.1398e-02 -2.8221e-02 -2.6049e-02 -6.2031e-02 -3.8697e-02 1.7231e-02 -6.0367e-02 -7.0992e-02 -4.9421e-02 -1.0009e-02 -2.4202e-02 9.1423e-03 6.5206e-02 4.3054e-02 7.8632e-02 -5.1903e-02 7.5625e-02 8.3801e-02 3.6284e-02 -2.0934e-01 -2.0934e-01 -2.0934e-01 8.4643e-02 1.0117e-01 9.8323e-01 1.0117e-01 1.0281e-01 1.0000e+00 -1.8629e-01 1.0281e-01 -1.8666e-01 1.0000e+00 1.0336e-01 -1.8592e-01 -1.8592e-01 1.0336e-01
8.0207e-03 -3.1112e-02 4.1024e-03 -2.4237e-02 7.1469e-03 9.7222e-03 4.1024e-03 4.1024e-03 5.1413e-02 -2.4032e-02 -4.1430e-02 -8.4724e-04 -3.5434e-04 -2.8538e-02 -2.3757e-02 -1.8922e-02 -2.3757e-02 -7.8431e-03 -4.5723e-02 -3.1401e-02 -3.3804e-02 1.9828e-02 -3.7695e-02 4.4839e-01 4.9509e-01 4.1806e-01 4.2636e-01 -3.3328e-01 2.7449e-01 4.8583e-01 1.7186e-01 6.9237e-01 6.9237e-01 6.9237e-01 4.7025e-01 5.6960e-01 -1.8317e-01 5.6960e-01 6.0238e-01 -1.8629e-01 1.0000e+00 6.0238e-01 9.9403e-01 -1.8629e-01 5.9640e-01 9.9403e-01 9.9403e-01 5.9640e-01
-1.6620e-02 -1.5605e-02 1.4443e-02 -6.0570e-03 1.6228e-02 -2.6761e-02 1.4443e-02 7.0223e-03 1.1740e-02 -6.5435e-03 -2.5815e-02 -4.6945e-04 6.1751e-03 -2.5856e-02 -2.8518e-02 -3.6301e-02 -3.3569e-02 4.1962e-03 -4.2805e-02 -3.7024e-02 -3.5818e-02 2.2219e-02 -2.2590e-03 3.4880e-01 4.4519e-01 5.4166e-01 5.2544e-01 -5.4821e-01 5.4334e-01 7.9719e-01 3.0590e-01 4.2561e-01 4.2561e-01 4.2561e-01 7.8771e-01 7.4859e-01 1.0109e-01 7.4859e-01 1.0000e+00 1.0281e-01 6.0238e-01 1.0000e+00 5.9898e-01 1.0281e-01 9.9472e-01 6.0118e-01 6.0118e-01 9.9472e-01
7.7379e-03 -3.2207e-02 3.4125e-03 -2.5341e-02 6.4538e-03 9.2174e-03 3.4125e-03 3.4125e-03 5.0911e-02 -2.4639e-02 -4.2587e-02 -1.6607e-03 -1.1546e-03 -2.1138e-02 -1.6286e-02 -1.1379e-02 -1.6286e-02 -1.3481e-02 -3.9389e-02 -2.9076e-02 -3.1503e-02 1.9405e-02 -3.8385e-02 4.4589e-01 4.9174e-01 4.1401e-01 4.2257e-01 -3.2817e-01 2.7057e-01 4.8164e-01 1.7228e-01 6.9010e-01 6.9010e-01 6.9010e-01 4.6610e-01 5.6615e-01 -1.8353e-01 5.6615e-01 5.9898e-01 -1.8666e-01 9.9403e-01 5.9898e-01 1.0000e+00 -1.8666e-01 5.9761e-01 9.9602e-01 9.9602e-01 5.9761e-01
1.5811e-02 1.1182e-02 1.2486e-02 9.8770e-03 1.1865e-02 2.8988e-03 1.2486e-02 -6.0951e-03 2.8988e-03 7.8737e-03 1.5959e-02 9.2406e-03 1.1398e-02 -2.8221e-02 -2.6049e-02 -6.2031e-02 -3.8697e-02 1.7231e-02 -6.0367e-02 -7.0992e-02 -4.9421e-02 -1.0009e-02 -2.4202e-02 9.1423e-03 6.5206e-02 4.3054e-02 7.8632e-02 -5.1903e-02 7.5625e-02 8.3801e-02 3.6284e-02 -2.0934e-01 -2.0934e-01 -2.0934e-01 8.4643e-02 1.0117e-01 9.8323e-01 1.0117e-01 1.0281e-01 1.0000e+00 -1.8629e-01 1.0281e-01 -1.8666e-01 1.0000e+00 1.0336e-01 -1.8592e-01 -1.8592e-01 1.0336e-01
-1.5924e-02 -1.8479e-02 8.5928e-03 -8.9110e-03 1.0412e-02 -2.5526e-02 8.5928e-03 1.1918e-03 1.2873e-02 -1.3372e-02 -2.8371e-02 1.4046e-03 8.0012e-03 -2.2801e-02 -2.5499e-02 -3.3303e-02 -3.0536e-02 -2.6489e-03 -3.8749e-02 -3.3007e-02 -3.1765e-02 2.3141e-02 -6.7222e-04 3.4901e-01 4.4132e-01 5.3800e-01 5.2167e-01 -5.4499e-01 5.3960e-01 7.9294e-01 3.0416e-01 4.2059e-01 4.2059e-01 4.2059e-01 7.8937e-01 7.4935e-01 1.0162e-01 7.4935e-01 9.9472e-01 1.0336e-01 5.9640e-01 9.9472e-01 5.9761e-01 1.0336e-01 1.0000e+00 6.0437e-01 6.0437e-01 1.0000e+00
8.3034e-03 -3.0016e-02 4.7921e-03 -2.3133e-02 7.8399e-03 1.0227e-02 4.7921e-03 4.7921e-03 5.1914e-02 -2.3426e-02 -4.0273e-02 -3.3887e-05 4.4574e-04 -2.2889e-02 -1.8101e-02 -1.3259e-02 -1.8101e-02 -1.5112e-02 -3.9982e-02 -2.9696e-02 -3.2082e-02 2.0252e-02 -3.7005e-02 4.5090e-01 4.9388e-01 4.1705e-01 4.2529e-01 -3.3249e-01 2.7347e-01 4.8485e-01 1.7144e-01 6.9062e-01 6.9062e-01 6.9062e-01 4.7440e-01 5.7306e-01 -1.8280e-01 5.7306e-01 6.0118e-01 -1.8592e-01 9.9403e-01 6.0118e-01 9.9602e-01 -1.8592e-01 6.0437e-01 1.0000e+00 1.0000e+00 6.0437e-01
8.3034e-03 -3.0016e-02 4.7921e-03 -2.3133e-02 7.8399e-03 1.0227e-02 4.7921e-03 4.7921e-03 5.1914e-02 -2.3426e-02 -4.0273e-02 -3.3887e-05 4.4574e-04 -2.2889e-02 -1.8101e-02 -1.3259e-02 -1.8101e-02 -1.5112e-02 -3.9982e-02 -2.9696e-02 -3.2082e-02 2.0252e-02 -3.7005e-02 4.5090e-01 4.9388e-01 4.1705e-01 4.2529e-01 -3.3249e-01 2.7347e-01 4.8485e-01 1.7144e-01 6.9062e-01 6.9062e-01 6.9062e-01 4.7440e-01 5.7306e-01 -1.8280e-01 5.7306e-01 6.0118e-01 -1.8592e-01 9.9403e-01 6.0118e-01 9.9602e-01 -1.8592e-01 6.0437e-01 1.0000e+00 1.0000e+00 6.0437e-01
-1.5924e-02 -1.8479e-02 8.5928e-03 -8.9110e-03 1.0412e-02 -2.5526e-02 8.5928e-03 1.1918e-03 1.2873e-02 -1.3372e-02 -2.8371e-02 1.4046e-03 8.0012e-03 -2.2801e-02 -2.5499e-02 -3.3303e-02 -3.0536e-02 -2.6489e-03 -3.8749e-02 -3.3007e-02 -3.1765e-02 2.3141e-02 -6.7222e-04 3.4901e-01 4.4132e-01 5.3800e-01 5.2167e-01 -5.4499e-01 5.3960e-01 7.9294e-01 3.0416e-01 4.2059e-01 4.2059e-01 4.2059e-01 7.8937e-01 7.4935e-01 1.0162e-01 7.4935e-01 9.9472e-01 1.0336e-01 5.9640e-01 9.9472e-01 5.9761e-01 1.0336e-01 1.0000e+00 6.0437e-01 6.0437e-01 1.0000e+00
