1.0000e+00 6.0510e-02 -2.5686e-02 -5.4860e-02 -1.1273e-01 6.6242e-02 9.3004e-03 3.6745e-02 2.6458e-02 1.0509e-02 -8.0123e-02 5.4548e-02 -1.4983e-02 5.2254e-02 1.0191e-01 6.0201e-02 3.0205e-02 -8.4996e-03 -2.8924e-02 -1.7104e-02 -1.7104e-02 -2.6535e-02 2.0770e-03 -2.7995e-02 -2.7995e-02
6.0510e-02 1.0000e+00 -4.0289e-02 -1.6321e-02 -4.6563e-02 6.9597e-01 -1.5328e-01 -5.8230e-02 1.5185e-01 1.5754e-01 2.9638e-02 4.5381e-02 -2.0921e-02 3.1619e-03 -1.8912e-02 -5.7436e-03 -4.6514e-02 -2.4906e-02 1.1471e-03 1.7417e-02 1.7417e-02 1.6750e-02 -3.0464e-02 1.7417e-02 1.7417e-02
-2.5686e-02 -4.0289e-02 1.0000e+00 -2.4784e-02 3.1659e-01 -4.4105e-02 6.2118e-03 -3.4611e-02 -4.5120e-02 -2.6927e-02 -2.5163e-02 -9.0460e-02 8.0220e-02 -4.9147e-03 3.7558e-02 8.3631e-02 4.6422e-04 -8.7170e-02 3.6376e-02 6.3678e-04 6.3678e-04 -2.4132e-04 -4.6261e-02 -1.4616e-02 -1.4616e-02
-5.4860e-02 -1.6321e-02 -2.4784e-02 1.0000e+00 -2.8644e-02 -1.7867e-02 -1.1360e-01 -4.2106e-03 5.2009e-03 -2.9850e-02 -3.3289e-02 2.7917e-02 -2.7820e-02 3.4558e-02 4.9016e-02 -4.4865e-02 -3.2131e-02 1.2506e-02 -5.1236e-02 -3.0636e-02 -3.0636e-02 -3.0830e-02 -1.8740e-02 -3.0636e-02 -3.0636e-02
-1.1273e-01 -4.6563e-02 3.1659e-01 -2.8644e-02 1.0000e+00 -5.0973e-02 -1.1682e-01 -7.8464e-02 -2.0139e-02 2.4816e-02 4.3313e-02 -6.8732e-02 -2.1003e-02 4.2889e-02 8.6513e-03 3.1077e-03 3.1903e-02 -6.5695e-03 5.9128e-03 -6.0497e-02 -6.0497e-02 -6.1192e-02 -1.1835e-02 -6.0497e-02 -6.0497e-02
6.6242e-02 6.9597e-01 -4.4105e-02 -1.7867e-02 -5.0973e-02 1.0000e+00 -2.1536e-01 -6.3745e-02 1.3063e-01 1.3608e-01 3.6882e-02 7.8823e-03 -4.8798e-03 -1.7600e-02 -4.6109e-02 -2.7287e-03 -3.8807e-02 -1.9278e-02 1.8649e-02 4.8342e-02 4.8342e-02 4.7459e-02 3.0312e-02 4.8342e-02 4.8342e-02
9.3004e-03 -1.5328e-01 6.2118e-03 -1.1360e-01 -1.1682e-01 -2.1536e-01 1.0000e+00 -1.2645e-01 -7.6510e-02 -7.3843e-02 -6.4592e-02 -3.3067e-02 -4.2711e-02 -4.4988e-03 1.5545e-02 -5.0334e-02 -3.8533e-02 -2.4718e-02 5.6894e-03 1.9961e-02 1.9961e-02 2.2491e-02 1.5294e-03 1.9961e-02 1.9961e-02
3.6745e-02 -5.8230e-02 -3.4611e-02 -4.2106e-03 -7.8464e-02 -6.3745e-02 -1.2645e-01 1.0000e+00 5.8932e-02 -3.3494e-03 -7.6846e-02 1.3867e-01 -1.4100e-02 -2.7566e-03 4.1499e-03 -2.5541e-02 3.2742e-02 4.8393e-02 2.1483e-02 -8.3615e-03 -8.3615e-03 1.5748e-03 3.7260e-02 2.8541e-03 2.8541e-03
2.6458e-02 1.5185e-01 -4.5120e-02 5.2009e-03 -2.0139e-02 1.3063e-01 -7.6510e-02 5.8932e-02 1.0000e+00 8.7041e-01 -7.7812e-02 1.1372e-02 1.1653e-02 -7.3718e-03 4.0689e-02 -3.4489e-03 2.5316e-03 2.6751e-02 2.7339e-02 8.2406e-03 8.2406e-03 7.1163e-03 2.1512e-02 8.2406e-03 8.2406e-03
1.0509e-02 1.5754e-01 -2.6927e-02 -2.9850e-02 2.4816e-02 1.3608e-01 -7.3843e-02 -3.3494e-03 8.7041e-01 1.0000e+00 -7.4687e-02 2.9990e-05 1.5943e-02 -2.0231e-02 3.9106e-02 1.2723e-02 -6.0143e-03 6.5768e-03 1.9047e-02 1.2864e-02 1.2864e-02 1.1743e-02 2.4700e-02 1.2864e-02 1.2864e-02
-8.0123e-02 2.9638e-02 -2.5163e-02 -3.3289e-02 4.3313e-02 3.6882e-02 -6.4592e-02 -7.6846e-02 -7.7812e-02 -7.4687e-02 1.0000e+00 -1.9714e-01 1.0864e-02 -1.1033e-01 -1.8369e-01 1.5410e-01 3.7475e-02 -1.0513e-01 6.8931e-02 5.3623e-03 5.3623e-03 4.1593e-03 -6.9811e-03 5.3623e-03 5.3623e-03
5.4548e-02 4.5381e-02 -9.0460e-02 2.7917e-02 -6.8732e-02 7.8823e-03 -3.3067e-02 1.3867e-01 1.1372e-02 2.9990e-05 -1.9714e-01 1.0000e+00 -1.3881e-01 -8.7358e-02 5.9020e-02 -1.3586e-02 2.1070e-02 6.6642e-02 -3.1382e-02 -5.5057e-02 -5.5057e-02 -5.0113e-02 6.4255e-03 -5.5057e-02 -5.5057e-02
-1.4983e-02 -2.0921e-02 8.0220e-02 -2.7820e-02 -2.1003e-02 -4.8798e-03 -4.2711e-02 -1.4100e-02 1.1653e-02 1.5943e-02 1.0864e-02 -1.3881e-01 1.0000e+00 -1.6531e-01 8.8253e-02 8.2466e-02 -2.0411e-02 -5.9708e-02 3.9936e-02 5.3028e-02 5.3028e-02 5.1769e-02 1.2091e-02 5.3028e-02 5.3028e-02
5.2254e-02 3.1619e-03 -4.9147e-03 3.4558e-02 4.2889e-02 -1.7600e-02 -4.4988e-03 -2.7566e-03 -7.3718e-03 -2.0231e-02 -1.1033e-01 -8.7358e-02 -1.6531e-01 1.0000e+00 4.6457e-01 -8.8029e-02 -2.4222e-02 -1.2872e-03 -7.8739e-02 -1.0515e-01 -1.0515e-01 -1.0712e-01 6.3162e-03 -1.0515e-01 -1.0515e-01
1.0191e-01 -1.8912e-02 3.7558e-02 4.9016e-02 8.6513e-03 -4.6109e-02 1.5545e-02 4.1499e-03 4.0689e-02 3.9106e-02 -1.8369e-01 5.9020e-02 8.8253e-02 4.6457e-01 1.0000e+00 -1.3352e-01 1.3816e-02 1.0829e-01 -1.2074e-01 -1.0296e-01 -1.0296e-01 -1.0746e-01 -9.1168e-03 -1.0296e-01 -1.0296e-01
6.0201e-02 -5.7436e-03 8.3631e-02 -4.4865e-02 3.1077e-03 -2.7287e-03 -5.0334e-02 -2.5541e-02 -3.4489e-03 1.2723e-02 1.5410e-01 -1.3586e-02 8.2466e-02 -8.8029e-02 -1.3352e-01 1.0000e+00 2.6502e-01 -4.8295e-01 2.7394e-01 -1.3690e-01 -1.3690e-01 -1.3776e-01 -8.3741e-02 -1.3690e-01 -1.3690e-01
3.0205e-02 -4.6514e-02 4.6422e-04 -3.2131e-02 3.1903e-02 -3.8807e-02 -3.8533e-02 3.2742e-02 2.5316e-03 -6.0143e-03 3.7475e-02 2.1070e-02 -2.0411e-02 -2.4222e-02 1.3816e-02 2.6502e-01 1.0000e+00 6.3843e-01 5.1406e-01 -5.0033e-01 -5.0033e-01 -4.9562e-01 1.1070e-01 -4.9222e-01 -4.9222e-01
-8.4996e-03 -2.4906e-02 -8.7170e-02 1.2506e-02 -6.5695e-03 -1.9278e-02 -2.4718e-02 4.8393e-02 2.6751e-02 6.5768e-03 -1.0513e-01 6.6642e-02 -5.9708e-02 -1.2872e-03 1.0829e-01 -4.8295e-01 6.3843e-01 1.0000e+00 2.0310e-01 -3.1552e-01 -3.1552e-01 -3.1059e-01 1.7339e-01 -3.0839e-01 -3.0839e-01
-2.8924e-02 1.1471e-03 3.6376e-02 -5.1236e-02 5.9128e-03 1.8649e-02 5.6894e-03 2.1483e-02 2.7339e-02 1.9047e-02 6.8931e-02 -3.1382e-02 3.9936e-02 -7.8739e-02 -1.2074e-01 2.7394e-01 5.1406e-01 2.0310e-01 1.0000e+00 1.8706e-01 1.8706e-01 1.8824e-01 1.1443e-01 1.8706e-01 1.8706e-01
-1.7104e-02 1.7417e-02 6.3678e-04 -3.0636e-02 -6.0497e-02 4.8342e-02 1.9961e-02 -8.3615e-03 8.2406e-03 1.2864e-02 5.3623e-03 -5.5057e-02 5.3028e-02 -1.0515e-01 -1.0296e-01 -1.3690e-01 -5.0033e-01 -3.1552e-01 1.8706e-01 1.0000e+00 1.0000e+00 9.9370e-01 -5.7182e-02 9.8729e-01 9.8729e-01
-1.7104e-02 1.7417e-02 6.3678e-04 -3.0636e-02 -6.0497e-02 4.8342e-02 1.9961e-02 -8.3615e-03 8.2406e-03 1.2864e-02 5.3623e-03 -5.5057e-02 5.3028e-02 -1.0515e-01 -1.0296e-01 -1.3690e-01 -5.0033e-01 -3.1552e-01 1.8706e-01 1.0000e+00 1.0000e+00 9.9370e-01 -5.7182e-02 9.8729e-01 9.8729e-01
-2.6535e-02 1.6750e-02 -2.4132e-04 -3.0830e-02 -6.1192e-02 4.7459e-02 2.2491e-02 1.5748e-03 7.1163e-03 1.1743e-02 4.1593e-03 -5.0113e-02 5.1769e-02 -1.0712e-01 -1.0746e-01 -1.3776e-01 -4.9562e-01 -3.1059e-01 1.8824e-01 9.9370e-01 9.9370e-01 1.0000e+00 -5.7545e-02 9.9370e-01 9.9370e-01
2.0770e-03 -3.0464e-02 -4.6261e-02 -1.8740e-02 -1.1835e-02 3.0312e-02 1.5294e-03 3.7260e-02 2.1512e-02 2.4700e-02 -6.9811e-03 6.4255e-03 1.2091e-02 6.3162e-03 -9.1168e-03 -8.3741e-02 1.1070e-01 1.7339e-01 1.1443e-01 -5.7182e-02 -5.7182e-02 -5.7545e-02 1.0000e+00 -5.7182e-02 -5.7182e-02
-2.7995e-02 1.7417e-02 -1.4616e-02 -3.0636e-02 -6.0497e-02 4.8342e-02 1.9961e-02 2.8541e-03 8.2406e-03 1.2864e-02 5.3623e-03 -5.5057e-02 5.3028e-02 -1.0515e-01 -1.0296e-01 -1.3690e-01 -4.9222e-01 -3.0839e-01 1.8706e-01 9.8729e-01 9.8729e-01 9.9370e-01 -5.7182e-02 1.0000e+00 1.0000e+00
-2.7995e-02 1.7417e-02 -1.4616e-02 -3.0636e-02 -6.0497e-02 4.8342e-02 1.9961e-02 2.8541e-03 8.2406e-03 1.2864e-02 5.3623e-03 -5.5057e-02 5.3028e-02 -1.0515e-01 -1.0296e-01 -1.3690e-01 -4.9222e-01 -3.0839e-01 1.8706e-01 9.8729e-01 9.8729e-01 9.9370e-01 -5.7182e-02 1.0000e+00 1.0000e+00
