1.0000e+00 5.7831e-01 -9.8941e-01 7.8571e-01 -9.8941e-01 -9.8941e-01 -9.8941e-01 -5.9043e-01 -5.9043e-01 -5.8501e-01 -5.4718e-01 -5.8763e-01 -5.5085e-01 -7.2118e-01 2.7707e-02 -1.5982e-01 5.1278e-02 1.0950e-02 1.4748e-02 1.2219e-02 1.2219e-02 -3.3583e-03 3.9793e-02 5.0545e-02 5.0545e-02
5.7831e-01 1.0000e+00 -5.8581e-01 7.3990e-01 -5.8581e-01 -5.8581e-01 -5.8581e-01 -9.6455e-01 -9.6455e-01 -8.7275e-01 -9.2109e-01 -8.7309e-01 -9.2729e-01 -7.0385e-01 -1.3850e-01 -1.2604e-01 -1.9642e-02 3.8426e-02 4.0354e-02 3.6115e-02 3.6115e-02 -4.7030e-02 -1.7556e-02 2.7296e-02 3.4867e-02
-9.8941e-01 -5.8581e-01 1.0000e+00 -7.9174e-01 1.0000e+00 1.0000e+00 1.0000e+00 5.9775e-01 5.9775e-01 5.9166e-01 5.5415e-01 5.9425e-01 5.5779e-01 7.3173e-01 -2.5836e-02 1.6935e-01 -4.5653e-02 -5.2792e-03 -9.0557e-03 -6.5407e-03 -6.5407e-03 4.9084e-03 -3.4064e-02 -5.6979e-02 -5.6979e-02
7.8571e-01 7.3990e-01 -7.9174e-01 1.0000e+00 -7.9174e-01 -7.9174e-01 -7.9174e-01 -7.5662e-01 -7.5662e-01 -7.6287e-01 -7.1122e-01 -7.6193e-01 -7.1582e-01 -5.2169e-01 6.7921e-02 -1.2643e-01 5.6006e-02 -1.8578e-02 -1.3726e-02 -1.6957e-02 -1.6957e-02 -4.8468e-02 5.1371e-02 -4.2088e-02 -3.4116e-02
-9.8941e-01 -5.8581e-01 1.0000e+00 -7.9174e-01 1.0000e+00 1.0000e+00 1.0000e+00 5.9775e-01 5.9775e-01 5.9166e-01 5.5415e-01 5.9425e-01 5.5779e-01 7.3173e-01 -2.5836e-02 1.6935e-01 -4.5653e-02 -5.2792e-03 -9.0557e-03 -6.5407e-03 -6.5407e-03 4.9084e-03 -3.4064e-02 -5.6979e-02 -5.6979e-02
-9.8941e-01 -5.8581e-01 1.0000e+00 -7.9174e-01 1.0000e+00 1.0000e+00 1.0000e+00 5.9775e-01 5.9775e-01 5.9166e-01 5.5415e-01 5.9425e-01 5.5779e-01 7.3173e-01 -2.5836e-02 1.6935e-01 -4.5653e-02 -5.2792e-03 -9.0557e-03 -6.5407e-03 -6.5407e-03 4.9084e-03 -3.4064e-02 -5.6979e-02 -5.6979e-02
-9.8941e-01 -5.8581e-01 1.0000e+00 -7.9174e-01 1.0000e+00 1.0000e+00 1.0000e+00 5.9775e-01 5.9775e-01 5.9166e-01 5.5415e-01 5.9425e-01 5.5779e-01 7.3173e-01 -2.5836e-02 1.6935e-01 -4.5653e-02 -5.2792e-03 -9.0557e-03 -6.5407e-03 -6.5407e-03 4.9084e-03 -3.4064e-02 -5.6979e-02 -5.6979e-02
-5.9043e-01 -9.6455e-01 5.9775e-01 -7.5662e-01 5.9775e-01 5.9775e-01 5.9775e-01 1.0000e+00 1.0000e+00 9.0631e-01 9.5619e-01 9.0657e-01 9.6225e-01 7.3316e-01 1.4475e-01 1.4041e-01 1.5556e-02 -4.3368e-02 -4.5097e-02 -4.0987e-02 -4.0987e-02 5.1708e-02 1.3662e-02 -1.9414e-02 -2.6993e-02
-5.9043e-01 -9.6455e-01 5.9775e-01 -7.5662e-01 5.9775e-01 5.9775e-01 5.9775e-01 1.0000e+00 1.0000e+00 9.0631e-01 9.5619e-01 9.0657e-01 9.6225e-01 7.3316e-01 1.4475e-01 1.4041e-01 1.5556e-02 -4.3368e-02 -4.5097e-02 -4.0987e-02 -4.0987e-02 5.1708e-02 1.3662e-02 -1.9414e-02 -2.6993e-02
-5.8501e-01 -8.7275e-01 5.9166e-01 -7.6287e-01 5.9166e-01 5.9166e-01 5.9166e-01 9.0631e-01 9.0631e-01 1.0000e+00 9.3757e-01 9.9597e-01 9.3921e-01 8.0689e-01 1.6146e-01 1.4889e-01 5.7362e-02 -5.6964e-02 -5.8182e-02 -5.4394e-02 -5.4394e-02 5.1617e-02 5.5803e-02 -5.2456e-02 -6.0083e-02
-5.4718e-01 -9.2109e-01 5.5415e-01 -7.1122e-01 5.5415e-01 5.5415e-01 5.5415e-01 9.5619e-01 9.5619e-01 9.3757e-01 1.0000e+00 9.3779e-01 9.9403e-01 7.6328e-01 1.5700e-01 1.3179e-01 2.7600e-02 -6.2644e-02 -6.4233e-02 -6.0214e-02 -6.0214e-02 5.3729e-02 2.5746e-02 -5.3956e-02 -6.1540e-02
-5.8763e-01 -8.7309e-01 5.9425e-01 -7.6193e-01 5.9425e-01 5.9425e-01 5.9425e-01 9.0657e-01 9.0657e-01 9.9597e-01 9.3779e-01 1.0000e+00 9.4343e-01 8.1020e-01 1.6241e-01 1.4872e-01 5.9955e-02 -5.8975e-02 -6.0161e-02 -5.6393e-02 -5.6393e-02 5.2309e-02 5.8414e-02 -5.1345e-02 -5.8975e-02
-5.5085e-01 -9.2729e-01 5.5779e-01 -7.1582e-01 5.5779e-01 5.5779e-01 5.5779e-01 9.6225e-01 9.6225e-01 9.3921e-01 9.9403e-01 9.4343e-01 1.0000e+00 7.6372e-01 1.4883e-01 1.3746e-01 2.7043e-02 -5.8956e-02 -6.0518e-02 -5.6516e-02 -5.6516e-02 5.4743e-02 2.5230e-02 -5.2280e-02 -5.9868e-02
-7.2118e-01 -7.0385e-01 7.3173e-01 -5.2169e-01 7.3173e-01 7.3173e-01 7.3173e-01 7.3316e-01 7.3316e-01 8.0689e-01 7.6328e-01 8.1020e-01 7.6372e-01 1.0000e+00 2.1217e-01 1.8728e-01 7.1788e-02 -8.0787e-02 -8.0672e-02 -7.7639e-02 -7.7639e-02 9.2415e-03 7.6023e-02 -1.4177e-01 -1.4177e-01
2.7707e-02 -1.3850e-01 -2.5836e-02 6.7921e-02 -2.5836e-02 -2.5836e-02 -2.5836e-02 1.4475e-01 1.4475e-01 1.6146e-01 1.5700e-01 1.6241e-01 1.4883e-01 2.1217e-01 1.0000e+00 2.2330e-01 3.2133e-01 -1.2532e-01 -1.2637e-01 -1.2567e-01 -1.2567e-01 -3.6352e-02 2.9802e-01 -4.4013e-02 -4.4013e-02
-1.5982e-01 -1.2604e-01 1.6935e-01 -1.2643e-01 1.6935e-01 1.6935e-01 1.6935e-01 1.4041e-01 1.4041e-01 1.4889e-01 1.3179e-01 1.4872e-01 1.3746e-01 1.8728e-01 2.2330e-01 1.0000e+00 -3.2476e-01 3.5834e-01 3.5980e-01 3.5587e-01 3.5587e-01 1.3967e-01 -2.8619e-01 -7.7264e-02 -8.4847e-02
5.1278e-02 -1.9642e-02 -4.5653e-02 5.6006e-02 -4.5653e-02 -4.5653e-02 -4.5653e-02 1.5556e-02 1.5556e-02 5.7362e-02 2.7600e-02 5.9955e-02 2.7043e-02 7.1788e-02 3.2133e-01 -3.2476e-01 1.0000e+00 -3.9715e-01 -3.8549e-01 -3.9325e-01 -3.9325e-01 -1.0620e-01 9.4951e-01 -1.3982e-01 -1.3982e-01
1.0950e-02 3.8426e-02 -5.2792e-03 -1.8578e-02 -5.2792e-03 -5.2792e-03 -5.2792e-03 -4.3368e-02 -4.3368e-02 -5.6964e-02 -6.2644e-02 -5.8975e-02 -5.8956e-02 -8.0787e-02 -1.2532e-01 3.5834e-01 -3.9715e-01 1.0000e+00 9.9263e-01 9.9259e-01 9.9259e-01 2.6741e-01 -3.5131e-01 9.5015e-03 9.5015e-03
1.4748e-02 4.0354e-02 -9.0557e-03 -1.3726e-02 -9.0557e-03 -9.0557e-03 -9.0557e-03 -4.5097e-02 -4.5097e-02 -5.8182e-02 -6.4233e-02 -6.0161e-02 -6.0518e-02 -8.0672e-02 -1.2637e-01 3.5980e-01 -3.8549e-01 9.9263e-01 1.0000e+00 9.9016e-01 9.9016e-01 2.6544e-01 -3.3987e-01 7.5882e-03 7.5882e-03
1.2219e-02 3.6115e-02 -6.5407e-03 -1.6957e-02 -6.5407e-03 -6.5407e-03 -6.5407e-03 -4.0987e-02 -4.0987e-02 -5.4394e-02 -6.0214e-02 -5.6393e-02 -5.6516e-02 -7.7639e-02 -1.2567e-01 3.5587e-01 -3.9325e-01 9.9259e-01 9.9016e-01 1.0000e+00 1.0000e+00 2.6675e-01 -3.4748e-01 8.8623e-03 8.8623e-03
1.2219e-02 3.6115e-02 -6.5407e-03 -1.6957e-02 -6.5407e-03 -6.5407e-03 -6.5407e-03 -4.0987e-02 -4.0987e-02 -5.4394e-02 -6.0214e-02 -5.6393e-02 -5.6516e-02 -7.7639e-02 -1.2567e-01 3.5587e-01 -3.9325e-01 9.9259e-01 9.9016e-01 1.0000e+00 1.0000e+00 2.6675e-01 -3.4748e-01 8.8623e-03 8.8623e-03
-3.3583e-03 -4.7030e-02 4.9084e-03 -4.8468e-02 4.9084e-03 4.9084e-03 4.9084e-03 5.1708e-02 5.1708e-02 5.1617e-02 5.3729e-02 5.2309e-02 5.4743e-02 9.2415e-03 -3.6352e-02 1.3967e-01 -1.0620e-01 2.6741e-01 2.6544e-01 2.6675e-01 2.6675e-01 1.0000e+00 1.4625e-02 2.3114e-02 2.3114e-02
3.9793e-02 -1.7556e-02 -3.4064e-02 5.1371e-02 -3.4064e-02 -3.4064e-02 -3.4064e-02 1.3662e-02 1.3662e-02 5.5803e-02 2.5746e-02 5.8414e-02 2.5230e-02 7.6023e-02 2.9802e-01 -2.8619e-01 9.4951e-01 -3.5131e-01 -3.3987e-01 -3.4748e-01 -3.4748e-01 1.4625e-02 1.0000e+00 -1.4126e-01 -1.4126e-01
5.0545e-02 2.7296e-02 -5.6979e-02 -4.2088e-02 -5.6979e-02 -5.6979e-02 -5.6979e-02 -1.9414e-02 -1.9414e-02 -5.2456e-02 -5.3956e-02 -5.1345e-02 -5.2280e-02 -1.4177e-01 -4.4013e-02 -7.7264e-02 -1.3982e-01 9.5015e-03 7.5882e-03 8.8623e-03 8.8623e-03 2.3114e-02 -1.4126e-01 1.0000e+00 9.8559e-01
5.0545e-02 3.4867e-02 -5.6979e-02 -3.4116e-02 -5.6979e-02 -5.6979e-02 -5.6979e-02 -2.6993e-02 -2.6993e-02 -6.0083e-02 -6.1540e-02 -5.8975e-02 -5.9868e-02 -1.4177e-01 -4.4013e-02 -8.4847e-02 -1.3982e-01 9.5015e-03 7.5882e-03 8.8623e-03 8.8623e-03 2.3114e-02 -1.4126e-01 9.8559e-01 1.0000e+00
