1.0000e+00 -7.6575e-02 -3.2007e-02 1.3074e-01 5.7258e-02 -1.8919e-02 -7.4946e-03 -1.4609e-02 2.0473e-02
-7.6575e-02 1.0000e+00 2.2118e-01 -1.6332e-01 -1.3383e-01 1.8246e-02 -4.7384e-02 1.4045e-02 -1.1004e-01
-3.2007e-02 2.2118e-01 1.0000e+00 -8.3464e-02 1.0951e-01 -2.9033e-02 -2.9925e-02 1.1593e-01 -2.1307e-02
1.3074e-01 -1.6332e-01 -8.3464e-02 1.0000e+00 3.4117e-01 1.7254e-02 -1.9543e-02 2.0525e-03 2.6559e-02
5.7258e-02 -1.3383e-01 1.0951e-01 3.4117e-01 1.0000e+00 -6.9024e-02 3.9338e-02 1.0360e-01 -1.5810e-02
-1.8919e-02 1.8246e-02 -2.9033e-02 1.7254e-02 -6.9024e-02 1.0000e+00 -1.7688e-02 -1.5226e-03 -5.6895e-02
-7.4946e-03 -4.7384e-02 -2.9925e-02 -1.9543e-02 3.9338e-02 -1.7688e-02 1.0000e+00 -4.0392e-02 -2.2538e-02
-1.4609e-02 1.4045e-02 1.1593e-01 2.0525e-03 1.0360e-01 -1.5226e-03 -4.0392e-02 1.0000e+00 3.1938e-02
2.0473e-02 -1.1004e-01 -2.1307e-02 2.6559e-02 -1.5810e-02 -5.6895e-02 -2.2538e-02 3.1938e-02 1.0000e+00
