1.0000e+00 9.7491e-01 9.7221e-01 4.0025e-01 6.1443e-01 6.1305e-01 6.0269e-01 4.0650e-01 4.3305e-01 5.0763e-01 5.1217e-01 2.9731e-01 2.7643e-01 3.3724e-01 3.2895e-01 3.2339e-01 2.7823e-01 2.8199e-01 2.7683e-01 2.6625e-01 2.0368e-01 2.0069e-01 2.0661e-01 2.8229e-01 1.7039e-01 2.3355e-01 1.4054e-01 2.8633e-01 2.5462e-01 2.7178e-01 2.7785e-01 -1.5372e-01 -1.5685e-01 -1.7061e-01 -1.5983e-01 1.4339e-01 1.1906e-01 7.0940e-02 -1.4604e-01 -6.6368e-02 -4.1834e-02 -6.3276e-02 -6.9605e-02 -4.0225e-02 6.9031e-02 6.5073e-02 8.7886e-02 1.1048e-01 8.9400e-02 6.5533e-04 7.8261e-02 7.4606e-02 4.6960e-02 4.0960e-02 3.0294e-02 7.3223e-02 3.2582e-02 5.2472e-02 6.9459e-03 -4.2085e-02 -3.2701e-02 1.2479e-02 -1.2255e-02 6.4872e-02 6.3808e-02 6.3808e-02 4.5473e-02 5.3389e-02 5.1844e-02 3.4446e-02 1.4189e-02 -2.0988e-02 -2.6606e-02 -1.8993e-02 -8.2302e-03 -3.7838e-02 -3.7838e-02 -3.6089e-02 -5.4812e-02 -4.3800e-03 4.9608e-02 5.5312e-02 4.7190e-04 -5.3868e-02 -6.5186e-02 -6.8952e-02 -6.4063e-02 -6.5583e-02 -6.4462e-02 -6.4091e-02 4.9751e-02 4.5979e-03 4.4828e-02 4.5270e-02 4.9903e-02 4.6194e-02 -5.1565e-02 -1.0548e-02 -1.1780e-02 -3.2921e-03 -1.8308e-02
9.7491e-01 1.0000e+00 9.9722e-01 4.1265e-01 5.9394e-01 5.9254e-01 6.2070e-01 3.8950e-01 4.4628e-01 5.2315e-01 5.2780e-01 2.8728e-01 2.6529e-01 3.3195e-01 3.1975e-01 3.1410e-01 2.7034e-01 2.7448e-01 2.6892e-01 2.5770e-01 1.8837e-01 1.8527e-01 1.9115e-01 2.7295e-01 1.8195e-01 2.2038e-01 1.4667e-01 2.7997e-01 2.6553e-01 2.6566e-01 2.7183e-01 -1.4747e-01 -1.5070e-01 -1.5971e-01 -1.5058e-01 1.3826e-01 1.1567e-01 7.0869e-02 -1.4546e-01 -7.8639e-02 -4.7006e-02 -6.1695e-02 -6.7811e-02 -3.9932e-02 7.3955e-02 6.8953e-02 8.7109e-02 1.1068e-01 8.8475e-02 -3.6626e-03 7.7616e-02 7.6526e-02 4.4215e-02 4.5046e-02 3.4113e-02 7.2265e-02 2.9656e-02 5.1926e-02 4.5240e-03 -5.3943e-02 -4.5630e-02 6.1374e-03 -7.0750e-04 6.1081e-02 5.9989e-02 5.9989e-02 3.6910e-02 4.7761e-02 4.6361e-02 2.6107e-02 1.0030e-02 -2.6401e-02 -3.1852e-02 -2.4389e-02 -7.9873e-03 -3.5028e-02 -3.5028e-02 -3.2744e-02 -5.2205e-02 4.7351e-03 4.0343e-02 4.5242e-02 -8.2261e-04 -5.5819e-02 -6.6670e-02 -7.0340e-02 -6.5518e-02 -6.6885e-02 -6.5736e-02 -6.6494e-02 4.0344e-02 -1.9804e-03 3.5383e-02 4.6624e-02 4.0355e-02 3.5910e-02 -4.6623e-02 -3.4863e-03 -4.9006e-03 -7.8821e-03 -2.1640e-02
9.7221e-01 9.9722e-01 1.0000e+00 4.1402e-01 5.9601e-01 5.9460e-01 6.2270e-01 3.9198e-01 4.4774e-01 5.2487e-01 5.2953e-01 2.9000e-01 2.6721e-01 3.3569e-01 3.2265e-01 3.1698e-01 2.7344e-01 2.7765e-01 2.7201e-01 2.6066e-01 1.8992e-01 1.8682e-01 1.9270e-01 2.7508e-01 1.8322e-01 2.2210e-01 1.4792e-01 2.8338e-01 2.6725e-01 2.6911e-01 2.7531e-01 -1.4942e-01 -1.5265e-01 -1.6167e-01 -1.5270e-01 1.4089e-01 1.1948e-01 7.7875e-02 -1.4749e-01 -8.1032e-02 -4.7574e-02 -6.4143e-02 -7.0234e-02 -4.2532e-02 7.5587e-02 7.0492e-02 8.9661e-02 1.1280e-01 9.1008e-02 -4.1352e-03 8.0182e-02 7.8828e-02 4.6527e-02 4.7071e-02 3.6113e-02 7.4791e-02 3.1947e-02 5.4498e-02 4.2591e-03 -5.5243e-02 -4.7047e-02 4.8277e-03 -1.0891e-03 5.8579e-02 5.7484e-02 5.7484e-02 4.3120e-02 4.5572e-02 4.4187e-02 3.2392e-02 1.1758e-02 -2.6995e-02 -3.2427e-02 -2.4980e-02 -9.2220e-03 -3.5676e-02 -3.5676e-02 -3.3367e-02 -5.2850e-02 9.8832e-03 3.9331e-02 4.4142e-02 3.2640e-03 -5.3424e-02 -6.4694e-02 -6.8355e-02 -6.3540e-02 -6.4893e-02 -6.3742e-02 -6.4146e-02 3.9316e-02 -2.7003e-03 3.4351e-02 4.4163e-02 3.9311e-02 3.4786e-02 -4.9246e-02 -2.7137e-03 -4.1480e-03 -8.3847e-03 -2.2005e-02
4.0025e-01 4.1265e-01 4.1402e-01 1.0000e+00 6.6952e-01 6.6680e-01 6.7660e-01 6.3324e-01 9.0916e-01 7.2721e-01 7.3298e-01 3.2208e-01 3.4853e-01 3.3123e-01 3.2095e-01 3.2281e-01 3.0212e-01 3.1293e-01 3.0366e-01 2.6007e-01 2.6548e-01 2.6692e-01 2.6089e-01 3.5862e-01 2.0130e-01 3.5566e-01 2.6750e-01 2.9651e-01 3.3541e-01 2.8590e-01 2.8420e-01 -1.4566e-01 -1.4054e-01 -1.4180e-01 -1.6736e-01 1.7385e-01 1.3030e-01 1.5813e-03 -1.9240e-01 -1.2430e-01 -2.6019e-02 -1.0621e-01 -1.1121e-01 -1.0841e-01 8.5587e-02 8.3983e-02 9.3607e-02 1.1195e-01 9.0484e-02 -3.5082e-03 8.1403e-02 7.9351e-02 5.6467e-02 5.5446e-02 3.9977e-02 9.6438e-02 5.9482e-02 7.5183e-02 -3.6925e-05 2.9817e-02 1.5789e-02 -3.1909e-02 -4.0296e-02 1.9826e-02 2.1507e-02 2.1507e-02 2.8498e-02 7.4682e-03 2.4036e-03 2.3553e-02 -4.0839e-02 4.2746e-02 3.6559e-02 3.9673e-02 3.9189e-02 3.0605e-02 3.0605e-02 2.7881e-02 3.0386e-02 5.3727e-02 2.9785e-02 3.7702e-02 -4.0816e-03 -6.1177e-02 -6.3130e-02 -6.4823e-02 -6.8955e-02 -6.1638e-02 -6.7454e-02 -6.5946e-02 2.7531e-02 5.1907e-02 2.3039e-02 5.7470e-02 3.0995e-02 3.7697e-02 -4.9566e-02 -2.3231e-02 -3.0206e-02 7.8758e-02 5.7148e-02
6.1443e-01 5.9394e-01 5.9601e-01 6.6952e-01 1.0000e+00 9.9791e-01 9.7292e-01 3.3183e-01 7.0937e-01 4.8278e-01 4.8529e-01 3.4679e-01 2.6423e-01 3.3103e-01 3.3287e-01 3.2510e-01 3.0106e-01 3.0774e-01 3.0349e-01 2.4516e-01 2.1628e-01 2.1171e-01 2.2164e-01 2.9969e-01 1.8121e-01 3.1053e-01 2.3278e-01 3.0252e-01 3.1025e-01 2.9548e-01 2.9020e-01 -1.7262e-01 -1.7731e-01 -1.8356e-01 -2.0597e-01 1.9112e-01 1.5347e-01 7.2035e-02 -1.8350e-01 -1.2395e-01 -3.8873e-02 -1.1314e-01 -1.2059e-01 -9.2873e-02 1.1403e-01 1.2275e-01 1.6930e-01 1.9043e-01 1.6849e-01 -5.7888e-02 1.5696e-01 1.3032e-01 1.2168e-01 7.7837e-02 7.0268e-02 1.5046e-01 1.0741e-01 1.3071e-01 2.5095e-02 1.7389e-02 1.1075e-02 -2.7555e-02 -3.9910e-02 -3.4894e-02 -3.2402e-02 -3.2402e-02 6.7028e-02 -2.1689e-02 -2.9228e-02 5.9861e-02 -4.7929e-02 4.6348e-03 -5.3708e-03 -3.3334e-04 1.0365e-02 -1.3943e-02 -1.3943e-02 -1.9591e-02 -4.2183e-02 2.0322e-02 3.9881e-02 4.7856e-02 -1.4945e-02 -5.5513e-02 -3.6138e-02 -3.8677e-02 -3.8677e-02 -3.3758e-02 -3.6293e-02 -5.3279e-02 3.6211e-02 -3.4928e-02 3.4954e-02 4.4879e-02 3.8358e-02 4.1938e-02 -3.2640e-02 2.5568e-02 2.6583e-02 3.0471e-02 1.3851e-02
6.1305e-01 5.9254e-01 5.9460e-01 6.6680e-01 9.9791e-01 1.0000e+00 9.7500e-01 3.3010e-01 7.0679e-01 4.8064e-01 4.8316e-01 3.4511e-01 2.6204e-01 3.2974e-01 3.3130e-01 3.2352e-01 2.9955e-01 3.0626e-01 3.0197e-01 2.4362e-01 2.1357e-01 2.0899e-01 2.1892e-01 2.9766e-01 1.7802e-01 3.0806e-01 2.2943e-01 3.0113e-01 3.0785e-01 2.9410e-01 2.8883e-01 -1.7032e-01 -1.7502e-01 -1.8129e-01 -2.0383e-01 1.8935e-01 1.5220e-01 7.1328e-02 -1.8129e-01 -1.2199e-01 -3.9409e-02 -1.1121e-01 -1.1864e-01 -9.1029e-02 1.1123e-01 1.1978e-01 1.6744e-01 1.8824e-01 1.6661e-01 -5.8276e-02 1.5510e-01 1.3236e-01 1.2369e-01 7.9616e-02 7.2015e-02 1.4858e-01 1.0938e-01 1.2884e-01 2.4860e-02 2.0852e-02 1.4296e-02 -2.8670e-02 -4.0224e-02 -3.6970e-02 -3.4482e-02 -3.4482e-02 6.6233e-02 -2.3516e-02 -3.1041e-02 5.9076e-02 -5.0655e-02 4.0838e-03 -5.9085e-03 -8.7766e-04 9.2786e-03 -1.4544e-02 -1.4544e-02 -2.0164e-02 -4.2791e-02 1.9384e-02 3.9036e-02 4.6937e-02 -1.6110e-02 -5.7558e-02 -3.4493e-02 -3.7027e-02 -3.7027e-02 -3.2100e-02 -3.4631e-02 -5.5384e-02 3.5354e-02 -3.5539e-02 3.4088e-02 4.6861e-02 3.7487e-02 4.0990e-02 -3.0846e-02 2.6222e-02 2.7217e-02 3.0011e-02 1.3500e-02
6.0269e-01 6.2070e-01 6.2270e-01 6.7660e-01 9.7292e-01 9.7500e-01 1.0000e+00 3.1483e-01 7.1697e-01 4.9248e-01 4.9508e-01 3.3417e-01 2.4925e-01 3.1983e-01 3.2070e-01 3.1289e-01 2.8914e-01 2.9593e-01 2.9155e-01 2.3313e-01 1.9859e-01 1.9394e-01 2.0389e-01 2.8550e-01 1.8747e-01 2.9409e-01 2.3412e-01 2.9103e-01 3.1465e-01 2.8402e-01 2.8338e-01 -1.6525e-01 -1.6999e-01 -1.7223e-01 -1.9533e-01 1.8227e-01 1.5176e-01 7.5341e-02 -1.8060e-01 -1.3046e-01 -4.1546e-02 -1.0756e-01 -1.1493e-01 -8.7775e-02 1.0856e-01 1.1658e-01 1.6000e-01 1.8359e-01 1.5914e-01 -5.9827e-02 1.4769e-01 1.2828e-01 1.1542e-01 7.8528e-02 7.0774e-02 1.4104e-01 1.0100e-01 1.2139e-01 2.3920e-02 6.7158e-03 1.1645e-04 -3.7926e-02 -2.8654e-02 -3.7113e-02 -3.4647e-02 -3.4647e-02 5.6872e-02 -2.6719e-02 -3.4183e-02 4.9713e-02 -4.8779e-02 1.8852e-03 -8.0543e-03 -3.0500e-03 1.4772e-02 -9.5057e-03 -9.5057e-03 -1.4755e-02 -3.7979e-02 3.1815e-02 2.9822e-02 3.7752e-02 -1.6053e-02 -5.7584e-02 -3.6272e-02 -3.8784e-02 -3.8784e-02 -3.3814e-02 -3.6323e-02 -5.5640e-02 2.6160e-02 -3.7979e-02 2.4905e-02 4.6630e-02 2.2588e-02 3.1815e-02 -2.7794e-02 2.8833e-02 2.9750e-02 2.8175e-02 1.2099e-02
4.0650e-01 3.8950e-01 3.9198e-01 6.3324e-01 3.3183e-01 3.3010e-01 3.1483e-01 1.0000e+00 6.9625e-01 7.8775e-01 7.8604e-01 4.2735e-01 4.4185e-01 4.6962e-01 4.4343e-01 4.4430e-01 4.1157e-01 4.1406e-01 4.0956e-01 3.1121e-01 2.7131e-01 2.6700e-01 2.6843e-01 3.8832e-01 2.0465e-01 3.2414e-01 1.9458e-01 3.4504e-01 2.9375e-01 3.4253e-01 3.4638e-01 -1.0892e-01 -1.1347e-01 -1.1954e-01 -1.3987e-01 1.2959e-01 6.7374e-02 8.2507e-03 -1.8868e-01 -6.2946e-02 -3.7858e-02 -6.3951e-02 -6.3447e-02 -6.6531e-02 3.7493e-02 2.9962e-03 5.2023e-02 1.8205e-02 5.5651e-02 3.2940e-02 4.3723e-02 3.3765e-02 5.0628e-03 4.7366e-02 3.2051e-02 6.7037e-02 1.5981e-02 5.9275e-02 -8.7386e-03 3.3365e-02 2.4152e-02 -8.4342e-03 -2.1596e-02 5.0068e-02 4.8541e-02 4.8541e-02 3.0662e-02 5.1004e-02 4.7375e-02 2.2961e-02 -5.4953e-03 2.2283e-02 1.2156e-02 1.7254e-02 2.9007e-02 3.8707e-03 3.8707e-03 -1.9806e-03 1.2119e-02 2.0080e-02 4.8493e-02 4.6898e-02 -2.8283e-02 -4.5150e-02 -5.1736e-02 -5.4361e-02 -5.4361e-02 -5.3802e-02 -5.2214e-02 -6.2502e-02 4.5091e-02 7.0662e-02 4.4045e-02 3.1492e-02 5.3326e-02 5.2785e-02 -3.8530e-02 -3.4413e-02 -3.4232e-02 3.8388e-02 -5.1210e-03
4.3305e-01 4.4628e-01 4.4774e-01 9.0916e-01 7.0937e-01 7.0679e-01 7.1697e-01 6.9625e-01 1.0000e+00 7.9657e-01 7.9777e-01 3.5306e-01 3.5029e-01 3.5650e-01 3.4821e-01 3.4629e-01 3.2775e-01 3.4161e-01 3.3371e-01 2.5453e-01 2.8400e-01 2.8177e-01 2.7976e-01 3.9428e-01 2.2890e-01 3.8976e-01 2.8459e-01 3.2202e-01 3.5935e-01 3.1139e-01 3.0922e-01 -1.5804e-01 -1.6458e-01 -1.6527e-01 -1.8182e-01 1.8781e-01 1.2358e-01 1.7302e-02 -2.0961e-01 -1.2670e-01 -2.3157e-02 -1.0396e-01 -1.0933e-01 -1.0301e-01 8.8707e-02 6.1287e-02 1.1601e-01 1.0096e-01 1.1330e-01 -1.0103e-02 9.9884e-02 6.8740e-02 5.1144e-02 4.6734e-02 3.2749e-02 1.1596e-01 5.5348e-02 9.4508e-02 -1.0976e-02 2.3686e-02 1.4316e-02 -3.6445e-02 -2.8863e-02 -6.5800e-03 -4.7803e-03 -4.7803e-03 4.1553e-02 -7.6955e-03 -1.3131e-02 3.6333e-02 -4.4916e-02 -3.0220e-03 -1.0332e-02 -6.6513e-03 2.1792e-02 -7.8537e-03 -7.8537e-03 -1.3437e-02 -5.8577e-03 4.7131e-02 2.2622e-02 2.9273e-02 -2.5084e-02 -6.7530e-02 -5.5378e-02 -5.7196e-02 -6.1292e-02 -5.4465e-02 -6.0369e-02 -7.0370e-02 2.1235e-02 2.9684e-02 1.7405e-02 5.4164e-02 2.5492e-02 3.1247e-02 -5.1943e-02 -4.5956e-03 -9.8941e-03 5.4650e-02 1.9535e-02
5.0763e-01 5.2315e-01 5.2487e-01 7.2721e-01 4.8278e-01 4.8064e-01 4.9248e-01 7.8775e-01 7.9657e-01 1.0000e+00 9.9205e-01 4.4984e-01 4.9878e-01 4.1097e-01 3.9420e-01 3.9348e-01 3.6925e-01 3.6698e-01 3.6261e-01 2.9808e-01 3.1438e-01 3.1318e-01 3.1495e-01 4.7683e-01 2.7117e-01 3.8984e-01 2.4570e-01 3.2488e-01 3.8245e-01 3.1393e-01 3.1485e-01 -1.0294e-01 -1.0453e-01 -1.0798e-01 -1.2547e-01 1.2852e-01 7.6217e-02 -3.6622e-03 -1.7605e-01 -7.5908e-02 -1.9245e-02 -6.3273e-02 -6.9592e-02 -5.8807e-02 5.3503e-02 3.0369e-02 7.0442e-02 6.9528e-02 6.8739e-02 -1.8420e-02 5.8388e-02 4.0177e-02 2.1197e-02 3.7011e-02 2.6243e-02 7.7376e-02 2.4256e-02 5.5006e-02 6.5648e-03 1.2286e-02 1.3490e-02 -3.7423e-02 -4.0475e-02 9.5138e-03 7.6408e-03 7.6408e-03 4.6637e-02 -4.2077e-03 -6.5725e-03 4.0499e-02 -5.4720e-02 8.1540e-03 -2.5587e-04 3.9781e-03 5.2454e-03 -4.0374e-03 -4.0374e-03 -5.5286e-03 6.6913e-04 1.9312e-02 7.0620e-03 2.3570e-02 -2.5554e-02 -6.0798e-02 -6.4076e-02 -6.6209e-02 -6.6209e-02 -6.4447e-02 -6.2502e-02 -7.1145e-02 2.0009e-03 5.7355e-02 -3.1769e-04 4.0908e-02 8.2370e-03 1.9312e-02 -4.2100e-02 -2.9639e-02 -3.2775e-02 3.2147e-02 1.0110e-02
5.1217e-01 5.2780e-01 5.2953e-01 7.3298e-01 4.8529e-01 4.8316e-01 4.9508e-01 7.8604e-01 7.9777e-01 9.9205e-01 1.0000e+00 4.5184e-01 5.0313e-01 4.1560e-01 3.9994e-01 3.9927e-01 3.7480e-01 3.7240e-01 3.6817e-01 3.0384e-01 3.2062e-01 3.1948e-01 3.1301e-01 4.7247e-01 2.7041e-01 3.9513e-01 2.5411e-01 3.2993e-01 3.8747e-01 3.1896e-01 3.1984e-01 -1.0366e-01 -1.0520e-01 -1.0859e-01 -1.2554e-01 1.3113e-01 7.6410e-02 -1.0307e-03 -1.7250e-01 -7.1429e-02 -1.7092e-02 -5.8688e-02 -6.5060e-02 -5.3831e-02 5.1784e-02 2.9060e-02 6.9423e-02 6.5814e-02 6.7768e-02 -1.6807e-02 5.7363e-02 3.9975e-02 2.1112e-02 3.7955e-02 2.7344e-02 7.6506e-02 2.4316e-02 5.4076e-02 7.4439e-03 1.2410e-02 1.4120e-02 -3.7732e-02 -3.9197e-02 1.7698e-02 1.5840e-02 1.5840e-02 4.3587e-02 2.9752e-03 5.6592e-04 3.7377e-02 -5.6495e-02 1.0304e-02 1.8560e-03 6.1092e-03 9.4772e-03 -1.6650e-03 -1.6650e-03 -3.2529e-03 3.1219e-03 2.2954e-02 1.0297e-02 2.7087e-02 -2.0983e-02 -6.4687e-02 -7.0477e-02 -7.2625e-02 -7.2625e-02 -7.0901e-02 -6.8969e-02 -7.4821e-02 5.2860e-03 5.9837e-02 3.0056e-03 4.5057e-02 1.1578e-02 2.2954e-02 -4.9078e-02 -3.2258e-02 -3.5320e-02 3.3909e-02 1.1463e-02
2.9731e-01 2.8728e-01 2.9000e-01 3.2208e-01 3.4679e-01 3.4511e-01 3.3417e-01 4.2735e-01 3.5306e-01 4.4984e-01 4.5184e-01 1.0000e+00 7.0140e-01 7.4527e-01 8.3194e-01 8.2306e-01 8.2602e-01 7.9994e-01 8.1923e-01 5.5189e-01 2.9209e-01 2.8796e-01 2.8506e-01 5.0382e-01 2.3124e-01 3.6257e-01 1.6755e-01 5.3941e-01 3.2662e-01 5.4635e-01 5.4152e-01 -3.1282e-02 -3.5724e-02 -2.9161e-02 -9.7521e-02 1.1002e-01 9.1080e-02 -3.0156e-02 -6.9157e-02 -5.1055e-02 -9.5418e-02 -5.1686e-02 -5.5530e-02 -3.1887e-02 9.2796e-02 1.1386e-01 1.1743e-01 1.2931e-01 1.2123e-01 -7.7246e-02 1.0906e-01 9.7542e-02 8.1513e-02 1.0779e-01 1.0150e-01 1.3299e-01 1.0138e-01 1.2920e-01 7.1054e-02 -3.3063e-04 2.6721e-03 -4.0244e-02 -5.5947e-02 -2.1334e-02 -2.2816e-02 -2.2816e-02 3.6290e-02 -3.3141e-02 -4.1217e-02 2.8369e-02 -2.4291e-02 1.4328e-02 3.7487e-03 9.0748e-03 1.5707e-02 -1.9900e-03 -1.9900e-03 -8.8036e-03 -3.4489e-04 6.7432e-02 -9.9757e-03 -9.4598e-04 -1.0309e-03 -4.2976e-02 -5.5785e-02 -5.8495e-02 -5.4242e-02 -6.2363e-02 -5.6575e-02 -5.1303e-02 -1.2379e-02 4.3948e-02 -1.2687e-02 3.0250e-02 -8.9058e-03 1.2446e-02 -6.1846e-02 -2.3793e-02 -2.2811e-02 5.5471e-02 3.7942e-02
2.7643e-01 2.6529e-01 2.6721e-01 3.4853e-01 2.6423e-01 2.6204e-01 2.4925e-01 4.4185e-01 3.5029e-01 4.9878e-01 5.0313e-01 7.0140e-01 1.0000e+00 5.4748e-01 6.2230e-01 6.1180e-01 5.9405e-01 5.7376e-01 5.8707e-01 4.8667e-01 5.3528e-01 5.2987e-01 5.1937e-01 6.3115e-01 4.0135e-01 4.7760e-01 3.2677e-01 3.5059e-01 4.2028e-01 3.6218e-01 3.5950e-01 -4.6719e-02 -4.4786e-02 -5.2843e-02 -8.7484e-02 7.5509e-02 4.1742e-02 -4.1311e-02 -1.0288e-01 -3.8774e-02 1.5639e-04 -3.8973e-02 -4.0866e-02 -3.7792e-02 7.0576e-02 7.3248e-02 6.6021e-02 7.3183e-02 6.7891e-02 -8.4236e-02 5.7999e-02 6.4037e-02 5.1865e-02 6.2436e-02 5.8302e-02 7.1628e-02 6.1554e-02 6.1749e-02 5.3413e-02 9.3235e-04 6.6179e-03 -6.4011e-02 -3.9859e-02 1.6291e-03 -3.8753e-04 -3.8753e-04 8.2968e-04 -6.5493e-03 -1.2471e-02 -5.1704e-03 -1.6688e-02 5.9611e-02 5.2525e-02 5.6091e-02 2.8632e-02 3.2187e-02 3.2187e-02 3.3639e-02 3.4624e-02 1.2099e-02 6.8117e-05 1.2766e-02 3.3404e-02 -1.2152e-02 -3.7804e-02 -3.9796e-02 -3.5721e-02 -4.1692e-02 -3.5543e-02 -2.0511e-02 -5.7345e-03 6.9993e-02 -8.6020e-03 2.5603e-02 -5.8261e-03 1.7368e-02 -3.8019e-02 -3.2502e-02 -3.0073e-02 3.5026e-02 -2.3550e-03
3.3724e-01 3.3195e-01 3.3569e-01 3.3123e-01 3.3103e-01 3.2974e-01 3.1983e-01 4.6962e-01 3.5650e-01 4.1097e-01 4.1560e-01 7.4527e-01 5.4748e-01 1.0000e+00 7.6818e-01 7.6110e-01 7.9569e-01 8.1497e-01 7.9381e-01 7.1455e-01 4.1023e-01 4.0745e-01 4.0354e-01 5.6591e-01 3.4404e-01 4.5244e-01 3.1695e-01 7.5270e-01 4.5436e-01 7.4953e-01 7.5270e-01 -1.2038e-01 -1.2364e-01 -1.1860e-01 -1.4757e-01 1.8429e-01 1.3241e-01 2.1051e-02 -1.1403e-01 -6.7017e-02 -6.7241e-02 -6.4319e-02 -6.5667e-02 -4.7710e-02 8.3736e-02 8.3537e-02 1.2782e-01 9.3580e-02 1.2439e-01 -4.1040e-02 1.1365e-01 8.8100e-02 7.9242e-02 1.0298e-01 8.7378e-02 1.4112e-01 9.7414e-02 1.3983e-01 4.6884e-02 6.5372e-03 2.0059e-03 1.3276e-02 -3.1374e-02 1.1422e-02 1.0319e-02 1.0319e-02 1.2735e-02 8.2449e-03 -2.5580e-03 9.0301e-03 5.4066e-03 2.7806e-02 2.3191e-02 3.0211e-02 2.2265e-02 2.2959e-02 2.2959e-02 1.8573e-02 3.7535e-02 2.0134e-02 3.7316e-02 2.9238e-02 4.3923e-02 -2.0544e-02 -3.1942e-02 -3.5597e-02 -3.0796e-02 -3.6955e-02 -3.1017e-02 -3.1338e-02 3.7270e-02 7.0870e-02 3.2297e-02 2.5207e-02 3.7235e-02 3.8757e-02 -3.0827e-02 -5.6726e-02 -5.9534e-02 3.5469e-02 5.7470e-03
3.2895e-01 3.1975e-01 3.2265e-01 3.2095e-01 3.3287e-01 3.3130e-01 3.2070e-01 4.4343e-01 3.4821e-01 3.9420e-01 3.9994e-01 8.3194e-01 6.2230e-01 7.6818e-01 1.0000e+00 9.9102e-01 9.6166e-01 9.3002e-01 9.5475e-01 6.6885e-01 2.9515e-01 2.9132e-01 2.9260e-01 4.6101e-01 2.0241e-01 3.5584e-01 1.6299e-01 6.3442e-01 3.0853e-01 6.3669e-01 6.3632e-01 -1.3324e-01 -1.3733e-01 -1.2154e-01 -1.8237e-01 2.0139e-01 1.8033e-01 4.7852e-02 -1.5209e-01 -1.2223e-01 -1.0485e-01 -1.2215e-01 -1.2644e-01 -9.9212e-02 1.0370e-01 1.2463e-01 1.0917e-01 1.1078e-01 1.0918e-01 -5.4715e-02 1.0062e-01 8.7250e-02 6.7677e-02 1.0285e-01 9.3437e-02 1.1775e-01 8.4916e-02 1.1346e-01 4.0774e-02 3.8269e-02 3.9567e-02 -4.4770e-02 -4.6470e-02 -1.0121e-03 -2.3955e-03 -2.3955e-03 -2.2122e-02 -2.1515e-02 -3.0155e-02 -2.4537e-02 -2.0397e-02 1.5449e-02 1.2685e-02 1.8329e-02 -2.0772e-02 9.7992e-03 9.7992e-03 1.7707e-03 1.2329e-02 4.2677e-02 1.0365e-02 2.2184e-02 2.2028e-02 -4.9238e-02 -6.6054e-02 -6.8953e-02 -6.4607e-02 -7.3296e-02 -6.7510e-02 -5.5921e-02 8.4141e-03 5.0051e-02 2.5042e-03 3.4212e-02 6.5097e-03 3.1438e-02 -6.0657e-02 -3.8606e-02 -4.4169e-02 4.0626e-02 1.1225e-02
3.2339e-01 3.1410e-01 3.1698e-01 3.2281e-01 3.2510e-01 3.2352e-01 3.1289e-01 4.4430e-01 3.4629e-01 3.9348e-01 3.9927e-01 8.2306e-01 6.1180e-01 7.6110e-01 9.9102e-01 1.0000e+00 9.5299e-01 9.2159e-01 9.4610e-01 6.6083e-01 2.8343e-01 2.8391e-01 2.8520e-01 4.5174e-01 2.0273e-01 3.4507e-01 1.6309e-01 6.2727e-01 3.1096e-01 6.2955e-01 6.2922e-01 -1.3636e-01 -1.4049e-01 -1.2481e-01 -1.9026e-01 2.0668e-01 1.7478e-01 4.4910e-02 -1.5548e-01 -1.3089e-01 -9.8454e-02 -1.2667e-01 -1.3090e-01 -1.0422e-01 1.0081e-01 1.2115e-01 1.0995e-01 1.1019e-01 1.0991e-01 -5.6267e-02 1.0569e-01 9.1445e-02 7.1796e-02 1.0581e-01 9.6261e-02 1.2260e-01 8.8831e-02 1.1839e-01 3.9719e-02 4.2867e-02 4.3465e-02 -3.9335e-02 -4.7703e-02 -5.4570e-03 -6.8531e-03 -6.8531e-03 -1.8793e-02 -2.4820e-02 -3.3385e-02 -2.1127e-02 -2.7317e-02 2.1545e-02 1.8943e-02 2.4492e-02 -2.0088e-02 1.4976e-02 1.4976e-02 7.3472e-03 1.7210e-02 3.8691e-02 6.9044e-03 1.8397e-02 2.6881e-02 -4.9220e-02 -6.3428e-02 -6.6302e-02 -6.1969e-02 -7.0583e-02 -6.4799e-02 -5.6118e-02 4.9040e-03 6.2337e-02 -1.0294e-03 3.3955e-02 2.9498e-03 2.7487e-02 -5.7356e-02 -5.0048e-02 -5.6017e-02 4.8770e-02 2.2611e-02
2.7823e-01 2.7034e-01 2.7344e-01 3.0212e-01 3.0106e-01 2.9955e-01 2.8914e-01 4.1157e-01 3.2775e-01 3.6925e-01 3.7480e-01 8.2602e-01 5.9405e-01 7.9569e-01 9.6166e-01 9.5299e-01 1.0000e+00 9.6751e-01 9.9305e-01 7.0446e-01 3.1347e-01 3.0982e-01 3.1103e-01 5.0096e-01 2.2593e-01 3.7113e-01 1.8776e-01 6.6695e-01 3.2215e-01 6.6921e-01 6.6865e-01 -1.1391e-01 -1.1787e-01 -1.0164e-01 -1.6104e-01 1.9997e-01 1.6727e-01 2.3051e-02 -1.3177e-01 -9.7981e-02 -9.7423e-02 -9.7491e-02 -1.0204e-01 -7.2656e-02 9.9059e-02 1.1741e-01 1.2577e-01 1.0669e-01 1.2596e-01 -4.8848e-02 1.1711e-01 7.6708e-02 7.8878e-02 8.8426e-02 7.9500e-02 1.3500e-01 9.6909e-02 1.3048e-01 4.4824e-02 2.3246e-02 2.7126e-02 -4.2702e-02 -5.5338e-02 6.2514e-03 4.9152e-03 4.9152e-03 -3.6449e-02 -1.8656e-02 -2.7596e-02 -3.9190e-02 -8.6404e-03 7.2094e-03 4.0343e-03 9.9386e-03 -1.9501e-02 3.8222e-03 3.8222e-03 -5.2496e-03 7.1151e-03 5.2200e-02 1.1218e-02 2.4971e-02 1.5982e-02 -4.7196e-02 -5.7394e-02 -6.0400e-02 -5.5999e-02 -6.5006e-02 -5.9217e-02 -5.3063e-02 9.5982e-03 3.0032e-02 3.8756e-03 2.8775e-02 8.0174e-03 3.5130e-02 -5.9191e-02 -4.2337e-02 -4.7492e-02 3.7907e-02 3.7628e-03
2.8199e-01 2.7448e-01 2.7765e-01 3.1293e-01 3.0774e-01 3.0626e-01 2.9593e-01 4.1406e-01 3.4161e-01 3.6698e-01 3.7240e-01 7.9994e-01 5.7376e-01 8.1497e-01 9.3002e-01 9.2159e-01 9.6751e-01 1.0000e+00 9.7461e-01 7.0310e-01 3.3062e-01 3.2709e-01 3.2827e-01 5.1257e-01 2.4682e-01 3.8180e-01 2.0477e-01 6.8145e-01 3.2294e-01 6.8369e-01 6.8298e-01 -1.2111e-01 -1.2498e-01 -1.1276e-01 -1.6684e-01 2.0208e-01 1.6179e-01 3.0420e-02 -1.3825e-01 -1.0613e-01 -9.2431e-02 -1.0104e-01 -1.0576e-01 -7.4994e-02 8.3892e-02 9.4116e-02 1.1531e-01 8.2294e-02 1.1564e-01 -4.4884e-02 1.0656e-01 6.8133e-02 6.6337e-02 8.3022e-02 7.0060e-02 1.2504e-01 8.4921e-02 1.2034e-01 4.7613e-02 2.6259e-02 3.1466e-02 -4.6436e-02 -5.2313e-02 6.8686e-03 5.5632e-03 5.5632e-03 -2.8657e-02 -2.1078e-02 -3.0231e-02 -3.1498e-02 -1.1204e-02 1.3109e-02 9.8124e-03 1.5817e-02 -1.8649e-02 2.3929e-03 2.3929e-03 -7.3023e-03 6.1378e-03 4.5324e-02 7.6581e-03 2.2965e-02 1.3546e-02 -5.1616e-02 -5.7458e-02 -6.0535e-02 -5.6094e-02 -6.5316e-02 -5.9519e-02 -5.6936e-02 6.3104e-03 3.6973e-02 7.4580e-04 2.9425e-02 4.9946e-03 3.3841e-02 -4.8027e-02 -4.9801e-02 -5.4799e-02 3.2623e-02 7.4632e-03
2.7683e-01 2.6892e-01 2.7201e-01 3.0366e-01 3.0349e-01 3.0197e-01 2.9155e-01 4.0956e-01 3.3371e-01 3.6261e-01 3.6817e-01 8.1923e-01 5.8707e-01 7.9381e-01 9.5475e-01 9.4610e-01 9.9305e-01 9.7461e-01 1.0000e+00 7.0234e-01 3.1929e-01 3.1564e-01 3.1686e-01 5.0714e-01 2.3181e-01 3.7268e-01 1.8894e-01 6.6505e-01 3.1518e-01 6.6731e-01 6.6677e-01 -1.1147e-01 -1.1545e-01 -9.9247e-02 -1.5875e-01 1.9802e-01 1.6586e-01 2.2322e-02 -1.2941e-01 -9.5887e-02 -9.7920e-02 -9.5421e-02 -9.9954e-02 -7.0698e-02 9.6080e-02 1.0967e-01 1.2378e-01 1.0009e-01 1.2396e-01 -4.9242e-02 1.1513e-01 7.4555e-02 7.6689e-02 8.5941e-02 7.6972e-02 1.3297e-01 9.4667e-02 1.2846e-01 4.4549e-02 2.1965e-02 2.5747e-02 -4.3853e-02 -5.5639e-02 8.3365e-03 6.9972e-03 6.9972e-03 -3.7222e-02 -1.6260e-02 -2.5178e-02 -3.9952e-02 -7.0418e-03 6.6255e-03 3.4624e-03 9.3568e-03 -2.0623e-02 3.1798e-03 3.1798e-03 -5.8583e-03 6.4489e-03 4.5492e-02 1.0338e-02 2.4006e-02 1.4735e-02 -4.5044e-02 -5.1231e-02 -5.4232e-02 -4.9835e-02 -5.8829e-02 -5.3045e-02 -5.0964e-02 8.7059e-03 2.9346e-02 2.9777e-03 2.6566e-02 7.1124e-03 3.4122e-02 -5.2936e-02 -4.1599e-02 -4.6770e-02 3.7404e-02 3.3965e-03
2.6625e-01 2.5770e-01 2.6066e-01 2.6007e-01 2.4516e-01 2.4362e-01 2.3313e-01 3.1121e-01 2.5453e-01 2.9808e-01 3.0384e-01 5.5189e-01 4.8667e-01 7.1455e-01 6.6885e-01 6.6083e-01 7.0446e-01 7.0310e-01 7.0234e-01 1.0000e+00 5.4602e-01 5.4253e-01 5.3933e-01 5.9773e-01 4.5720e-01 4.5322e-01 4.1770e-01 7.3450e-01 4.2304e-01 7.3691e-01 7.4187e-01 -2.0179e-01 -1.9319e-01 -1.8174e-01 -2.1335e-01 1.8757e-01 1.5892e-01 5.8362e-02 -1.7430e-01 -1.2457e-01 6.8197e-02 -1.1615e-01 -1.2036e-01 -1.0653e-01 8.9055e-02 9.1040e-02 9.5233e-02 8.2566e-02 9.0931e-02 -3.5032e-02 8.6710e-02 5.1284e-02 5.6979e-02 6.0825e-02 5.5392e-02 1.0787e-01 6.9739e-02 1.0791e-01 3.9456e-02 -1.6455e-02 -2.3395e-02 -1.5550e-02 -3.4698e-02 5.0579e-03 3.6592e-03 3.6592e-03 -6.7196e-03 -9.7152e-03 -1.8251e-02 -8.9537e-03 -3.6556e-03 5.4617e-02 5.2496e-02 5.7798e-02 4.3159e-03 3.7496e-02 3.7496e-02 3.0717e-02 4.6609e-02 9.7100e-03 3.6377e-02 4.6118e-02 1.5869e-02 -4.2879e-02 -4.4366e-02 -4.7242e-02 -4.2912e-02 -4.7208e-02 -4.1435e-02 -4.5596e-02 3.4015e-02 3.1578e-02 3.3772e-02 5.2906e-02 3.7646e-02 4.3297e-02 -2.9885e-02 -4.9320e-02 -5.5304e-02 7.8205e-03 -1.6288e-02
2.0368e-01 1.8837e-01 1.8992e-01 2.6548e-01 2.1628e-01 2.1357e-01 1.9859e-01 2.7131e-01 2.8400e-01 3.1438e-01 3.2062e-01 2.9209e-01 5.3528e-01 4.1023e-01 2.9515e-01 2.8343e-01 3.1347e-01 3.3062e-01 3.1929e-01 5.4602e-01 1.0000e+00 9.9368e-01 9.7889e-01 7.0484e-01 7.9890e-01 8.2434e-01 7.1058e-01 3.8798e-01 4.2151e-01 4.0048e-01 3.9532e-01 -1.3544e-01 -1.3070e-01 -1.4902e-01 -1.3518e-01 1.8058e-01 1.2973e-01 1.3472e-01 -1.9417e-01 -8.4032e-02 8.2663e-02 -7.0634e-02 -7.5281e-02 -8.0318e-02 6.1811e-02 2.9194e-02 5.7596e-02 1.5146e-02 5.8125e-02 -8.5025e-03 5.7596e-02 1.5097e-02 2.7537e-02 -4.0256e-03 -4.8741e-03 6.7435e-02 3.3342e-02 6.6908e-02 2.9369e-02 -3.7673e-02 -4.0914e-02 1.7470e-02 -4.0368e-02 1.2033e-02 1.3589e-02 1.3589e-02 5.3263e-04 1.7522e-02 1.2839e-02 -4.2286e-03 1.4723e-02 3.1175e-02 2.5327e-02 2.8270e-02 5.8961e-02 2.3484e-02 2.3484e-02 2.9908e-02 3.6696e-02 -5.0523e-02 2.3063e-02 1.6090e-02 9.1494e-03 1.2446e-02 9.0262e-03 7.4280e-03 1.1626e-02 1.1027e-02 1.3621e-02 9.6517e-03 2.5815e-02 2.9409e-02 1.4868e-02 1.4002e-02 1.7011e-02 9.1831e-03 3.3946e-03 -1.2719e-02 -6.6395e-03 1.4386e-02 -1.7031e-02
2.0069e-01 1.8527e-01 1.8682e-01 2.6692e-01 2.1171e-01 2.0899e-01 1.9394e-01 2.6700e-01 2.8177e-01 3.1318e-01 3.1948e-01 2.8796e-01 5.2987e-01 4.0745e-01 2.9132e-01 2.8391e-01 3.0982e-01 3.2709e-01 3.1564e-01 5.4253e-01 9.9368e-01 1.0000e+00 9.7673e-01 7.0023e-01 7.9076e-01 8.1858e-01 7.1098e-01 3.8941e-01 4.2359e-01 4.0194e-01 3.9683e-01 -1.2896e-01 -1.2425e-01 -1.4265e-01 -1.3334e-01 1.7994e-01 1.2629e-01 1.3290e-01 -1.8804e-01 -8.2510e-02 8.1121e-02 -6.5049e-02 -6.9669e-02 -7.5005e-02 5.7896e-02 2.4800e-02 5.6430e-02 1.2934e-02 5.6924e-02 -9.7680e-03 5.6430e-02 1.3239e-02 2.5601e-02 -6.8113e-03 -7.7917e-03 6.6177e-02 3.1306e-02 6.5685e-02 2.8738e-02 -3.1950e-02 -3.5779e-02 1.8931e-02 -4.1433e-02 1.8048e-02 1.9596e-02 1.9596e-02 -1.7741e-03 2.4376e-02 1.9727e-02 -6.5214e-03 1.9310e-02 3.7737e-02 3.2021e-02 3.4898e-02 6.0741e-02 2.9184e-02 2.9184e-02 3.5957e-02 4.2158e-02 -4.7970e-02 2.0604e-02 1.3409e-02 1.0372e-02 1.4419e-02 9.7510e-03 8.1625e-03 1.2367e-02 1.1804e-02 1.4414e-02 1.1451e-02 2.3319e-02 3.4860e-02 1.2325e-02 1.1862e-02 1.4461e-02 6.3927e-03 4.6306e-03 -1.7679e-02 -1.1814e-02 1.3061e-02 -1.8099e-02
2.0661e-01 1.9115e-01 1.9270e-01 2.6089e-01 2.2164e-01 2.1892e-01 2.0389e-01 2.6843e-01 2.7976e-01 3.1495e-01 3.1301e-01 2.8506e-01 5.1937e-01 4.0354e-01 2.9260e-01 2.8520e-01 3.1103e-01 3.2827e-01 3.1686e-01 5.3933e-01 9.7889e-01 9.7673e-01 1.0000e+00 7.2232e-01 8.1135e-01 8.2050e-01 6.9111e-01 3.8587e-01 4.0916e-01 3.9838e-01 3.9324e-01 -1.4758e-01 -1.4285e-01 -1.6122e-01 -1.5172e-01 1.9407e-01 1.4149e-01 1.3351e-01 -1.9829e-01 -1.0493e-01 8.1635e-02 -8.7477e-02 -9.2097e-02 -9.7438e-02 6.4916e-02 2.7722e-02 5.8197e-02 1.9142e-02 5.8703e-02 -9.3457e-03 5.8197e-02 1.5226e-02 2.7614e-02 -8.6339e-03 -9.5773e-03 6.7972e-02 3.3352e-02 6.7470e-02 2.8948e-02 -3.5424e-02 -3.9006e-02 1.0379e-02 -4.1077e-02 3.7350e-03 5.2848e-03 5.2848e-03 5.2326e-03 1.3844e-02 9.1775e-03 5.2444e-04 1.7779e-02 3.8270e-02 3.2548e-02 3.5427e-02 6.1798e-02 2.9780e-02 2.9780e-02 3.6525e-02 4.2767e-02 -6.3311e-02 1.5535e-02 8.7392e-03 1.6290e-02 2.4697e-02 2.0721e-02 1.9124e-02 2.3326e-02 2.2736e-02 2.5336e-02 2.1796e-02 1.8331e-02 3.5472e-02 7.4016e-03 1.6389e-03 9.5555e-03 1.8904e-03 2.3532e-02 -1.8339e-02 -1.2458e-02 1.3503e-02 -1.7743e-02
2.8229e-01 2.7295e-01 2.7508e-01 3.5862e-01 2.9969e-01 2.9766e-01 2.8550e-01 3.8832e-01 3.9428e-01 4.7683e-01 4.7247e-01 5.0382e-01 6.3115e-01 5.6591e-01 4.6101e-01 4.5174e-01 5.0096e-01 5.1257e-01 5.0714e-01 5.9773e-01 7.0484e-01 7.0023e-01 7.2232e-01 1.0000e+00 6.0866e-01 7.8267e-01 4.9730e-01 5.5869e-01 6.9713e-01 5.6587e-01 5.6782e-01 -5.2366e-02 -5.7887e-02 -6.9240e-02 -7.3769e-02 1.6216e-01 1.0849e-01 2.1684e-02 -9.7114e-02 9.8513e-04 -7.8043e-02 1.8924e-03 -5.6033e-04 -4.6533e-03 3.3398e-02 1.0764e-02 6.8407e-02 3.4175e-02 6.6800e-02 -1.0703e-01 6.0363e-02 3.5787e-02 4.8944e-02 2.2845e-02 2.8447e-02 7.9653e-02 5.6278e-02 6.5198e-02 2.6689e-02 -2.3991e-02 -2.4987e-02 -5.6864e-02 -2.5355e-02 -2.0301e-03 -3.8741e-03 -3.8741e-03 -3.2242e-02 6.1570e-03 -3.1104e-04 -3.9037e-02 1.6730e-02 3.6283e-02 2.8128e-02 3.2233e-02 2.3345e-02 2.2570e-02 2.2570e-02 2.1658e-02 3.3951e-02 -1.0383e-02 -3.6430e-03 -1.2677e-02 3.4341e-02 7.1872e-03 8.9651e-03 6.7634e-03 1.0850e-02 8.3323e-03 1.0214e-02 9.3039e-03 -2.7458e-03 2.6858e-02 -1.6119e-02 -2.6324e-03 -1.3064e-02 -2.0950e-02 2.4423e-02 -2.8127e-02 -2.4037e-02 4.5218e-02 1.2819e-02
1.7039e-01 1.8195e-01 1.8322e-01 2.0130e-01 1.8121e-01 1.7802e-01 1.8747e-01 2.0465e-01 2.2890e-01 2.7117e-01 2.7041e-01 2.3124e-01 4.0135e-01 3.4404e-01 2.0241e-01 2.0273e-01 2.2593e-01 2.4682e-01 2.3181e-01 4.5720e-01 7.9890e-01 7.9076e-01 8.1135e-01 6.0866e-01 1.0000e+00 7.1130e-01 7.9647e-01 3.2975e-01 5.1774e-01 3.4326e-01 3.3896e-01 -6.5882e-02 -6.1923e-02 -6.9685e-02 -7.5835e-02 1.4198e-01 8.0724e-02 1.0051e-01 -1.4803e-01 -7.6262e-02 8.3858e-02 -5.1087e-02 -5.4989e-02 -6.4741e-02 1.1083e-01 7.6638e-02 1.0762e-01 6.9443e-02 1.0712e-01 -5.4914e-02 1.0762e-01 6.6255e-02 8.1010e-02 3.9128e-02 3.9280e-02 1.1921e-01 8.8419e-02 1.1971e-01 1.2260e-02 -5.6030e-02 -6.0256e-02 3.6210e-02 -4.3273e-02 6.1360e-03 7.4421e-03 7.4421e-03 1.5475e-02 -5.0627e-03 -9.0051e-03 1.1586e-02 6.6755e-03 1.2783e-02 7.6898e-03 1.0254e-02 3.4349e-02 2.1363e-02 2.1363e-02 1.5501e-02 2.4697e-02 6.1072e-04 -1.4351e-03 -5.3249e-03 -1.3546e-02 -9.0600e-03 -4.7433e-03 -6.0787e-03 -1.6378e-03 -5.6428e-03 -2.5426e-03 -1.6803e-02 5.9924e-03 1.5709e-03 -6.8456e-03 2.2584e-02 -4.9946e-03 -1.0873e-02 4.2910e-03 5.7572e-03 1.7215e-02 8.8672e-03 -7.4632e-03
2.3355e-01 2.2038e-01 2.2210e-01 3.5566e-01 3.1053e-01 3.0806e-01 2.9409e-01 3.2414e-01 3.8976e-01 3.8984e-01 3.9513e-01 3.6257e-01 4.7760e-01 4.5244e-01 3.5584e-01 3.4507e-01 3.7113e-01 3.8180e-01 3.7268e-01 4.5322e-01 8.2434e-01 8.1858e-01 8.2050e-01 7.8267e-01 7.1130e-01 1.0000e+00 6.4581e-01 4.7342e-01 5.4483e-01 4.8102e-01 4.7993e-01 -7.7309e-02 -8.4112e-02 -9.7199e-02 -8.8262e-02 2.0117e-01 1.2227e-01 7.3449e-02 -1.4270e-01 -2.6929e-02 -4.8376e-02 -1.6488e-02 -2.1710e-02 -2.0736e-02 4.3082e-02 2.1269e-02 5.8257e-02 3.0107e-02 5.5382e-02 -4.7881e-02 5.0164e-02 1.5783e-02 2.5676e-02 -1.1562e-02 -1.0239e-02 6.5803e-02 2.9288e-02 5.6554e-02 3.7101e-03 -2.3808e-02 -2.4941e-02 -3.3975e-03 -2.1891e-02 -1.3508e-02 -1.1769e-02 -1.1769e-02 4.5249e-03 1.8684e-03 -3.3781e-03 -7.6963e-04 9.5433e-03 2.7736e-02 2.1100e-02 2.4440e-02 4.2545e-02 1.1281e-02 1.1281e-02 7.1227e-03 1.9310e-02 -5.4321e-03 -2.6344e-03 -1.9373e-03 6.2660e-03 -2.1378e-03 4.5549e-03 2.7709e-03 6.8823e-03 5.6405e-03 7.9633e-03 -1.8682e-03 1.5738e-03 3.3584e-02 -1.3686e-02 -3.9886e-04 -1.1207e-02 -1.0748e-02 5.9569e-03 -2.7454e-02 -1.3033e-02 4.7404e-02 2.6038e-02
1.4054e-01 1.4667e-01 1.4792e-01 2.6750e-01 2.3278e-01 2.2943e-01 2.3412e-01 1.9458e-01 2.8459e-01 2.4570e-01 2.5411e-01 1.6755e-01 3.2677e-01 3.1695e-01 1.6299e-01 1.6309e-01 1.8776e-01 2.0477e-01 1.8894e-01 4.1770e-01 7.1058e-01 7.1098e-01 6.9111e-01 4.9730e-01 7.9647e-01 6.4581e-01 1.0000e+00 3.4999e-01 6.6771e-01 3.6387e-01 3.5993e-01 -8.3578e-02 -7.9785e-02 -9.2449e-02 -9.7168e-02 1.5045e-01 1.0290e-01 1.4048e-01 -1.4240e-01 -7.8274e-02 9.1559e-02 -5.3117e-02 -5.6843e-02 -7.3423e-02 8.8694e-02 5.5687e-02 9.9654e-02 5.8480e-02 9.8895e-02 -4.1905e-02 9.9654e-02 6.2069e-02 8.0859e-02 4.1679e-02 4.5454e-02 1.0628e-01 8.3243e-02 1.0704e-01 7.8859e-03 -3.6235e-02 -4.3909e-02 3.4523e-02 -3.7022e-02 -3.6804e-02 -3.5558e-02 -3.5558e-02 2.0193e-02 -4.7425e-02 -5.1218e-02 1.6516e-02 -2.6693e-02 3.6918e-02 3.2397e-02 3.4672e-02 4.4749e-02 4.1558e-02 4.1558e-02 2.8874e-02 2.7976e-02 1.6614e-02 6.8974e-03 1.2082e-02 -2.7715e-02 -2.5362e-02 -7.5353e-03 -8.8096e-03 -8.8096e-03 -8.1058e-03 -9.3778e-03 -3.4436e-02 1.3898e-02 -3.4521e-03 6.6126e-03 5.0981e-02 8.3447e-03 1.0762e-02 -1.6953e-02 4.2020e-02 4.6181e-02 4.2141e-02 1.2144e-02
2.8633e-01 2.7997e-01 2.8338e-01 2.9651e-01 3.0252e-01 3.0113e-01 2.9103e-01 3.4504e-01 3.2202e-01 3.2488e-01 3.2993e-01 5.3941e-01 3.5059e-01 7.5270e-01 6.3442e-01 6.2727e-01 6.6695e-01 6.8145e-01 6.6505e-01 7.3450e-01 3.8798e-01 3.8941e-01 3.8587e-01 5.5869e-01 3.2975e-01 4.7342e-01 3.4999e-01 1.0000e+00 5.3608e-01 9.8247e-01 9.8246e-01 -1.8809e-01 -1.9167e-01 -1.5620e-01 -1.7620e-01 2.3701e-01 1.9322e-01 1.1934e-01 -1.4952e-01 -1.0515e-01 -5.1726e-02 -9.9153e-02 -1.0439e-01 -9.1915e-02 9.5976e-02 8.1751e-02 1.3743e-01 9.5500e-02 1.3363e-01 -4.4909e-02 1.2843e-01 8.6246e-02 8.9846e-02 8.8220e-02 8.5141e-02 1.5301e-01 1.0117e-01 1.4333e-01 3.5329e-02 2.2847e-02 1.2574e-02 1.3091e-02 -4.3678e-02 -2.7013e-02 -2.8234e-02 -2.8234e-02 7.0140e-04 -3.2673e-02 -4.2476e-02 -2.3906e-03 -1.5898e-02 3.9193e-02 3.5657e-02 4.1909e-02 -2.2222e-03 4.5521e-02 4.5521e-02 3.5655e-02 5.7274e-02 1.6010e-02 7.5774e-03 2.6775e-03 5.5018e-02 -7.5256e-03 -8.4286e-03 -1.1747e-02 -7.1751e-03 -1.2552e-02 -1.1299e-02 -6.7596e-03 1.3231e-02 4.1403e-02 7.9704e-03 1.8023e-02 1.2498e-02 4.1891e-03 -4.9003e-03 -4.8995e-02 -5.3009e-02 2.5897e-02 4.6904e-03
2.5462e-01 2.6553e-01 2.6725e-01 3.3541e-01 3.1025e-01 3.0785e-01 3.1465e-01 2.9375e-01 3.5935e-01 3.8245e-01 3.8747e-01 3.2662e-01 4.2028e-01 4.5436e-01 3.0853e-01 3.1096e-01 3.2215e-01 3.2294e-01 3.1518e-01 4.2304e-01 4.2151e-01 4.2359e-01 4.0916e-01 6.9713e-01 5.1774e-01 5.4483e-01 6.6771e-01 5.3608e-01 1.0000e+00 5.4814e-01 5.4709e-01 8.5398e-03 1.9128e-03 5.1056e-03 -1.1990e-02 1.3330e-01 8.5905e-02 6.3608e-02 -4.7546e-02 1.9334e-02 -6.3236e-02 3.0158e-02 2.8750e-02 1.5533e-02 4.8441e-02 2.8644e-02 1.1428e-01 7.0932e-02 1.1156e-01 -1.2301e-01 1.0622e-01 7.8805e-02 9.7144e-02 7.6688e-02 8.2905e-02 1.2225e-01 1.0131e-01 1.0886e-01 7.2092e-03 -3.6392e-04 -9.0711e-03 1.6876e-04 -1.6600e-02 -5.2611e-02 -5.4816e-02 -5.4816e-02 -1.3898e-02 -5.7718e-02 -6.3174e-02 -1.9497e-02 -3.0913e-02 5.2160e-02 4.5635e-02 4.8919e-02 2.0736e-02 4.9977e-02 4.9977e-02 3.8922e-02 4.3295e-02 3.5638e-02 -1.8360e-02 -2.5834e-02 2.9253e-02 -1.3613e-02 -1.2815e-02 -1.4649e-02 -1.4649e-02 -1.6052e-02 -1.7882e-02 -1.2463e-02 -1.3625e-02 2.9075e-02 -2.2805e-02 2.4159e-02 -2.0222e-02 -2.7911e-02 -1.3906e-02 2.8266e-03 4.6035e-03 4.4657e-02 1.9201e-02
2.7178e-01 2.6566e-01 2.6911e-01 2.8590e-01 2.9548e-01 2.9410e-01 2.8402e-01 3.4253e-01 3.1139e-01 3.1393e-01 3.1896e-01 5.4635e-01 3.6218e-01 7.4953e-01 6.3669e-01 6.2955e-01 6.6921e-01 6.8369e-01 6.6731e-01 7.3691e-01 4.0048e-01 4.0194e-01 3.9838e-01 5.6587e-01 3.4326e-01 4.8102e-01 3.6387e-01 9.8247e-01 5.4814e-01 1.0000e+00 9.8997e-01 -1.9073e-01 -1.9430e-01 -1.5877e-01 -1.8756e-01 2.4822e-01 1.9476e-01 1.2021e-01 -1.6096e-01 -1.1631e-01 -5.1179e-02 -1.1029e-01 -1.1554e-01 -1.0299e-01 8.9762e-02 7.5528e-02 1.3503e-01 8.8974e-02 1.3575e-01 -4.4506e-02 1.3053e-01 8.8516e-02 9.2155e-02 9.0827e-02 8.7796e-02 1.5518e-01 1.0800e-01 1.4997e-01 3.5615e-02 2.4184e-02 1.3999e-02 1.9611e-02 -4.3364e-02 -2.4752e-02 -2.5970e-02 -2.5970e-02 -5.2530e-03 -3.5187e-02 -4.5017e-02 -8.4039e-03 -2.6905e-02 3.9839e-02 2.7270e-02 3.3597e-02 -1.0400e-03 3.8078e-02 3.8078e-02 2.7884e-02 5.0082e-02 1.7046e-02 8.4913e-03 9.7222e-03 4.0863e-02 -1.8665e-02 -1.9380e-02 -2.2701e-02 -1.8124e-02 -2.3506e-02 -2.2252e-02 -1.7845e-02 1.4166e-02 2.6249e-02 8.9106e-03 2.9250e-02 1.3447e-02 1.1129e-02 -6.8548e-03 -4.2216e-02 -4.6032e-02 3.7105e-02 1.8648e-02
2.7785e-01 2.7183e-01 2.7531e-01 2.8420e-01 2.9020e-01 2.8883e-01 2.8338e-01 3.4638e-01 3.0922e-01 3.1485e-01 3.1984e-01 5.4152e-01 3.5950e-01 7.5270e-01 6.3632e-01 6.2922e-01 6.6865e-01 6.8298e-01 6.6677e-01 7.4187e-01 3.9532e-01 3.9683e-01 3.9324e-01 5.6782e-01 3.3896e-01 4.7993e-01 3.5993e-01 9.8246e-01 5.4709e-01 9.8997e-01 1.0000e+00 -1.9237e-01 -1.9590e-01 -1.6014e-01 -1.8843e-01 2.4766e-01 2.0096e-01 1.2373e-01 -1.6210e-01 -1.2075e-01 -4.8982e-02 -1.1460e-01 -1.1993e-01 -1.0688e-01 8.8212e-02 7.4387e-02 1.3447e-01 8.9654e-02 1.3073e-01 -4.2886e-02 1.2542e-01 8.4188e-02 8.7988e-02 8.7774e-02 8.4899e-02 1.5036e-01 1.0407e-01 1.4507e-01 3.6766e-02 1.9292e-02 9.7975e-03 1.9376e-02 -4.2104e-02 -2.9123e-02 -3.0329e-02 -3.0329e-02 -1.9129e-03 -3.6283e-02 -4.6213e-02 -5.1095e-03 -2.4309e-02 3.3504e-02 2.9775e-02 3.6150e-02 -1.7019e-03 4.0927e-02 4.0927e-02 3.0579e-02 5.3075e-02 1.5270e-02 5.7255e-03 7.6250e-03 4.1022e-02 -1.4121e-02 -1.2840e-02 -1.6197e-02 -1.1600e-02 -1.7070e-02 -1.5831e-02 -1.3044e-02 1.1560e-02 2.9132e-02 6.3781e-03 2.5059e-02 1.0968e-02 9.3248e-03 -1.1343e-03 -4.5343e-02 -4.9092e-02 2.8502e-02 6.6153e-03
-1.5372e-01 -1.4747e-01 -1.4942e-01 -1.4566e-01 -1.7262e-01 -1.7032e-01 -1.6525e-01 -1.0892e-01 -1.5804e-01 -1.0294e-01 -1.0366e-01 -3.1282e-02 -4.6719e-02 -1.2038e-01 -1.3324e-01 -1.3636e-01 -1.1391e-01 -1.2111e-01 -1.1147e-01 -2.0179e-01 -1.3544e-01 -1.2896e-01 -1.4758e-01 -5.2366e-02 -6.5882e-02 -7.7309e-02 -8.3578e-02 -1.8809e-01 8.5398e-03 -1.9073e-01 -1.9237e-01 1.0000e+00 9.9001e-01 9.3810e-01 8.5188e-01 -6.6783e-01 -5.0650e-01 -2.9046e-01 7.0924e-01 6.2131e-01 -1.8643e-01 6.3885e-01 6.4407e-01 5.9945e-01 -1.6430e-01 -1.5628e-01 -1.2177e-01 -1.0927e-01 -1.2319e-01 4.7681e-02 -1.2580e-01 -1.3605e-01 -1.3069e-01 -5.6552e-02 -5.0987e-02 -1.0996e-01 -1.1122e-01 -9.2452e-02 9.2066e-03 3.5241e-03 -1.1125e-02 -6.6606e-02 5.1368e-02 1.4141e-02 1.2312e-02 1.2312e-02 -4.1408e-02 1.3199e-03 2.8251e-03 -4.2209e-02 -1.6869e-03 -2.5120e-02 -2.6144e-02 -2.9628e-02 8.3199e-03 -2.6078e-02 -2.6078e-02 -1.3793e-02 2.2232e-02 4.6116e-02 -4.0520e-02 -3.6248e-02 -2.5680e-02 5.9196e-02 1.4867e-02 1.6734e-02 8.5561e-03 1.0075e-02 3.7774e-03 4.5604e-02 -3.9108e-02 2.9330e-02 -2.4035e-02 -5.4371e-02 -3.2136e-02 -1.2040e-02 -3.4878e-02 3.0436e-03 8.0220e-03 -9.6266e-02 -7.0720e-02
-1.5685e-01 -1.5070e-01 -1.5265e-01 -1.4054e-01 -1.7731e-01 -1.7502e-01 -1.6999e-01 -1.1347e-01 -1.6458e-01 -1.0453e-01 -1.0520e-01 -3.5724e-02 -4.4786e-02 -1.2364e-01 -1.3733e-01 -1.4049e-01 -1.1787e-01 -1.2498e-01 -1.1545e-01 -1.9319e-01 -1.3070e-01 -1.2425e-01 -1.4285e-01 -5.7887e-02 -6.1923e-02 -8.4112e-02 -7.9785e-02 -1.9167e-01 1.9128e-03 -1.9430e-01 -1.9590e-01 9.9001e-01 1.0000e+00 9.4806e-01 8.5745e-01 -6.7246e-01 -5.0979e-01 -2.9230e-01 7.1914e-01 6.3061e-01 -1.8797e-01 6.4408e-01 6.4932e-01 6.0444e-01 -1.5978e-01 -1.5202e-01 -1.1489e-01 -1.0341e-01 -1.1634e-01 4.6441e-02 -1.1891e-01 -1.2984e-01 -1.2457e-01 -5.1196e-02 -4.5740e-02 -1.0320e-01 -1.0522e-01 -8.5663e-02 2.6913e-02 9.0784e-06 -1.4899e-02 -6.5180e-02 5.0369e-02 1.1984e-02 1.0145e-02 1.0145e-02 -3.7565e-02 -4.0734e-03 -2.5365e-03 -3.8302e-02 -9.7519e-03 -1.0833e-02 -1.1608e-02 -1.5216e-02 1.4774e-02 -5.9838e-03 -5.9838e-03 7.1405e-03 4.1664e-02 4.3368e-02 -4.2925e-02 -3.8861e-02 -1.5265e-02 6.5055e-02 1.9640e-02 2.1516e-02 1.3342e-02 1.4890e-02 8.6056e-03 5.1308e-02 -4.1553e-02 3.4570e-02 -2.6518e-02 -5.2457e-02 -3.4625e-02 -1.4761e-02 -2.9640e-02 -1.7594e-03 2.9982e-03 -9.7529e-02 -7.1698e-02
-1.7061e-01 -1.5971e-01 -1.6167e-01 -1.4180e-01 -1.8356e-01 -1.8129e-01 -1.7223e-01 -1.1954e-01 -1.6527e-01 -1.0798e-01 -1.0859e-01 -2.9161e-02 -5.2843e-02 -1.1860e-01 -1.2154e-01 -1.2481e-01 -1.0164e-01 -1.1276e-01 -9.9247e-02 -1.8174e-01 -1.4902e-01 -1.4265e-01 -1.6122e-01 -6.9240e-02 -6.9685e-02 -9.7199e-02 -9.2449e-02 -1.5620e-01 5.1056e-03 -1.5877e-01 -1.6014e-01 9.3810e-01 9.4806e-01 1.0000e+00 8.6093e-01 -7.0301e-01 -5.0965e-01 -2.9476e-01 7.2306e-01 6.1373e-01 -1.9002e-01 6.2309e-01 6.2839e-01 5.9908e-01 -1.6211e-01 -1.5061e-01 -1.3789e-01 -1.2353e-01 -1.3937e-01 2.4393e-02 -1.4191e-01 -1.5346e-01 -1.4832e-01 -7.6167e-02 -7.0938e-02 -1.2630e-01 -1.2912e-01 -1.0874e-01 2.6021e-02 -9.2364e-03 -2.4340e-02 -4.1337e-02 4.9041e-02 2.3733e-02 2.1879e-02 2.1879e-02 -5.8719e-02 -7.2497e-03 -5.6680e-03 -5.9556e-02 -1.2164e-02 2.9039e-03 2.3843e-03 -1.3507e-03 2.0163e-02 2.8063e-02 2.8063e-02 4.2563e-02 7.4639e-02 3.9709e-02 -5.1855e-02 -4.7752e-02 3.2180e-03 7.2863e-02 3.0084e-02 3.1971e-02 2.3802e-02 2.5383e-02 1.9114e-02 6.2898e-02 -5.0472e-02 4.6277e-02 -3.5436e-02 -4.4596e-02 -4.3537e-02 -2.3666e-02 -2.2665e-02 -1.2658e-02 -8.3021e-03 -1.0876e-01 -8.5120e-02
