1.0000e+00 -2.6694e-01 -5.0823e-02 5.9748e-02 -1.5478e-02 -1.2714e-01 -1.9999e-02 6.9849e-02 -5.0706e-02 -6.5471e-02 -3.4472e-02 1.8778e-01 5.9284e-03 5.9284e-03 6.5344e-02 -5.3011e-02 -8.5264e-03 -7.6804e-02 5.8446e-02 -4.0016e-02 -8.5264e-03 3.5082e-02 1.0659e-01 -8.5264e-03
-2.6694e-01 1.0000e+00 4.2793e-02 1.3351e-01 5.2828e-02 8.9100e-02 1.9234e-01 -1.1535e-01 -3.6537e-02 1.7370e-01 8.4305e-02 -2.8345e-02 2.6988e-02 2.6988e-02 -8.7236e-02 8.1020e-02 3.6925e-05 -4.8840e-02 -2.0373e-02 -5.2847e-02 3.6925e-05 6.9300e-02 3.5751e-03 3.6925e-05
-5.0823e-02 4.2793e-02 1.0000e+00 5.7238e-02 -1.4828e-02 2.6384e-01 1.3682e-01 -7.6096e-02 -2.9617e-02 1.3306e-01 1.2179e-01 -4.6095e-02 -1.1843e-02 -1.1843e-02 -2.5963e-02 1.0538e-01 -3.6503e-02 -9.2038e-02 8.5164e-02 -3.4359e-02 -5.9014e-03 3.4898e-02 2.1206e-02 5.5303e-02
5.9748e-02 1.3351e-01 5.7238e-02 1.0000e+00 7.6895e-03 4.8746e-02 7.0699e-02 2.3658e-02 3.3666e-02 -6.9759e-02 -7.2963e-02 2.3904e-02 9.0506e-02 9.0506e-02 6.9380e-02 3.4600e-02 1.8930e-02 5.6796e-02 2.9152e-02 -5.0327e-02 -3.5793e-02 1.4289e-02 -1.6399e-02 1.8930e-02
-1.5478e-02 5.2828e-02 -1.4828e-02 7.6895e-03 1.0000e+00 -2.0694e-02 4.9811e-02 -1.5877e-02 -8.7214e-03 3.1184e-02 -1.1256e-02 -6.1925e-03 4.1379e-02 4.1379e-02 2.1222e-02 1.0664e-01 -4.9039e-03 -9.4335e-02 -7.5519e-03 -1.1826e-02 -4.9039e-03 1.4046e-02 -6.5169e-03 -4.9039e-03
-1.2714e-01 8.9100e-02 2.6384e-01 4.8746e-02 -2.0694e-02 1.0000e+00 3.4974e-01 -1.5668e-01 -7.6762e-02 7.9835e-02 -1.4847e-02 -6.4330e-02 1.1893e-02 1.1893e-02 -8.5267e-02 5.5316e-02 -2.9574e-03 -5.6891e-02 1.6559e-02 -2.8173e-02 -2.9574e-03 8.0381e-02 5.1798e-03 2.1036e-02
-1.9999e-02 1.9234e-01 1.3682e-01 7.0699e-02 4.9811e-02 3.4974e-01 1.0000e+00 -2.6173e-01 -1.0071e-01 1.9152e-01 1.1644e-01 -8.0241e-02 3.1104e-04 3.1104e-04 -1.8076e-01 -3.8107e-03 1.2087e-02 5.6602e-02 6.4541e-03 -3.5476e-02 -4.3182e-02 1.7800e-02 -8.8862e-02 -6.3363e-03
6.9849e-02 -1.1535e-01 -7.6096e-02 2.3658e-02 -1.5877e-02 -1.5668e-01 -2.6173e-01 1.0000e+00 -6.9511e-02 -2.4763e-01 -2.0983e-01 -4.9355e-02 -9.3248e-02 -9.3248e-02 6.1087e-02 -2.2516e-02 -3.9085e-02 -1.3299e-01 -2.1915e-02 -8.1544e-02 1.8908e-02 1.6245e-02 -5.1940e-02 -1.0088e-02
-5.0706e-02 -3.6537e-02 -2.9617e-02 3.3666e-02 -8.7214e-03 -7.6762e-02 -1.0071e-01 -6.9511e-02 1.0000e+00 -2.7968e-01 -1.2009e-01 -2.7112e-02 3.2863e-02 3.2863e-02 -6.4990e-03 1.7962e-01 1.2447e-01 -4.4161e-02 -9.5744e-04 -3.0448e-02 -2.1470e-02 4.4887e-02 -2.8532e-02 2.7176e-02
-6.5471e-02 1.7370e-01 1.3306e-01 -6.9759e-02 3.1184e-02 7.9835e-02 1.9152e-01 -2.4763e-01 -2.7968e-01 1.0000e+00 7.8322e-01 -1.8303e-01 -1.5011e-02 -1.5011e-02 -2.4783e-01 1.9668e-02 1.8262e-02 8.5668e-02 -2.3363e-02 -1.3126e-01 7.6768e-02 -1.0003e-01 -1.6455e-01 3.7764e-02
-3.4472e-02 8.4305e-02 1.2179e-01 -7.2963e-02 -1.1256e-02 -1.4847e-02 1.1644e-01 -2.0983e-01 -1.2009e-01 7.8322e-01 1.0000e+00 -1.7808e-01 -7.6680e-02 -7.6680e-02 -3.4777e-01 -2.4093e-02 2.8948e-02 2.0948e-01 -5.2782e-03 -8.3386e-02 8.5606e-02 -1.6352e-01 -1.4438e-01 4.7834e-02
1.8778e-01 -2.8345e-02 -4.6095e-02 2.3904e-02 -6.1925e-03 -6.4330e-02 -8.0241e-02 -4.9355e-02 -2.7112e-02 -1.8303e-01 -1.7808e-01 1.0000e+00 -1.2036e-01 -1.2036e-01 -7.1487e-02 -2.7864e-02 -1.5245e-02 -1.2325e-01 2.0917e-02 -3.6764e-02 -1.5245e-02 1.1256e-01 3.3729e-01 5.2019e-02
5.9284e-03 2.6988e-02 -1.1843e-02 9.0506e-02 4.1379e-02 1.1893e-02 3.1104e-04 -9.3248e-02 3.2863e-02 -1.5011e-02 -7.6680e-02 -1.2036e-01 1.0000e+00 1.0000e+00 4.0912e-01 1.7586e-01 -2.6689e-02 -1.0340e-01 -1.3403e-01 -1.2023e-02 -1.0015e-01 -5.1403e-02 -5.9873e-02 1.0040e-02
5.9284e-03 2.6988e-02 -1.1843e-02 9.0506e-02 4.1379e-02 1.1893e-02 3.1104e-04 -9.3248e-02 3.2863e-02 -1.5011e-02 -7.6680e-02 -1.2036e-01 1.0000e+00 1.0000e+00 4.0912e-01 1.7586e-01 -2.6689e-02 -1.0340e-01 -1.3403e-01 -1.2023e-02 -1.0015e-01 -5.1403e-02 -5.9873e-02 1.0040e-02
6.5344e-02 -8.7236e-02 -2.5963e-02 6.9380e-02 2.1222e-02 -8.5267e-02 -1.8076e-01 6.1087e-02 -6.4990e-03 -2.4783e-01 -3.4777e-01 -7.1487e-02 4.0912e-01 4.0912e-01 1.0000e+00 -1.2688e-01 -6.9418e-02 -2.2497e-01 1.0722e-01 9.9323e-02 -6.9418e-02 6.7289e-02 1.3776e-04 -6.9418e-02
-5.3011e-02 8.1020e-02 1.0538e-01 3.4600e-02 1.0664e-01 5.5316e-02 -3.8107e-03 -2.2516e-02 1.7962e-01 1.9668e-02 -2.4093e-02 -2.7864e-02 1.7586e-01 1.7586e-01 -1.2688e-01 1.0000e+00 2.1509e-01 -2.6463e-01 -3.3980e-02 -3.2416e-02 -2.2066e-02 -1.1494e-01 -2.9323e-02 2.5366e-02
-8.5264e-03 3.6925e-05 -3.6503e-02 1.8930e-02 -4.9039e-03 -2.9574e-03 1.2087e-02 -3.9085e-02 1.2447e-01 1.8262e-02 2.8948e-02 -1.5245e-02 -2.6689e-02 -2.6689e-02 -6.9418e-02 2.1509e-01 1.0000e+00 5.1984e-02 -1.8591e-02 -2.9114e-02 -1.2072e-02 -6.1410e-02 -1.6043e-02 -1.2072e-02
-7.6804e-02 -4.8840e-02 -9.2038e-02 5.6796e-02 -9.4335e-02 -5.6891e-02 5.6602e-02 -1.3299e-01 -4.4161e-02 8.5668e-02 2.0948e-01 -1.2325e-01 -1.0340e-01 -1.0340e-01 -2.2497e-01 -2.6463e-01 5.1984e-02 1.0000e+00 4.8791e-02 1.2537e-01 5.1984e-02 -2.0281e-01 -2.5466e-01 5.1984e-02
5.8446e-02 -2.0373e-02 8.5164e-02 2.9152e-02 -7.5519e-03 1.6559e-02 6.4541e-03 -2.1915e-02 -9.5744e-04 -2.3363e-02 -5.2782e-03 2.0917e-02 -1.3403e-01 -1.3403e-01 1.0722e-01 -3.3980e-02 -1.8591e-02 4.8791e-02 1.0000e+00 -4.4835e-02 -1.8591e-02 2.1797e-01 -2.4706e-02 -1.8591e-02
-4.0016e-02 -5.2847e-02 -3.4359e-02 -5.0327e-02 -1.1826e-02 -2.8173e-02 -3.5476e-02 -8.1544e-02 -3.0448e-02 -1.3126e-01 -8.3386e-02 -3.6764e-02 -1.2023e-02 -1.2023e-02 9.9323e-02 -3.2416e-02 -2.9114e-02 1.2537e-01 -4.4835e-02 1.0000e+00 -2.9114e-02 -1.7756e-01 -3.8690e-02 -2.9114e-02
-8.5264e-03 3.6925e-05 -5.9014e-03 -3.5793e-02 -4.9039e-03 -2.9574e-03 -4.3182e-02 1.8908e-02 -2.1470e-02 7.6768e-02 8.5606e-02 -1.5245e-02 -1.0015e-01 -1.0015e-01 -6.9418e-02 -2.2066e-02 -1.2072e-02 5.1984e-02 -1.8591e-02 -2.9114e-02 1.0000e+00 -6.1410e-02 -1.6043e-02 -1.2072e-02
3.5082e-02 6.9300e-02 3.4898e-02 1.4289e-02 1.4046e-02 8.0381e-02 1.7800e-02 1.6245e-02 4.4887e-02 -1.0003e-01 -1.6352e-01 1.1256e-01 -5.1403e-02 -5.1403e-02 6.7289e-02 -1.1494e-01 -6.1410e-02 -2.0281e-01 2.1797e-01 -1.7756e-01 -6.1410e-02 1.0000e+00 1.9903e-01 1.4977e-01
1.0659e-01 3.5751e-03 2.1206e-02 -1.6399e-02 -6.5169e-03 5.1798e-03 -8.8862e-02 -5.1940e-02 -2.8532e-02 -1.6455e-01 -1.4438e-01 3.3729e-01 -5.9873e-02 -5.9873e-02 1.3776e-04 -2.9323e-02 -1.6043e-02 -2.5466e-01 -2.4706e-02 -3.8690e-02 -1.6043e-02 1.9903e-01 1.0000e+00 -1.6043e-02
-8.5264e-03 3.6925e-05 5.5303e-02 1.8930e-02 -4.9039e-03 2.1036e-02 -6.3363e-03 -1.0088e-02 2.7176e-02 3.7764e-02 4.7834e-02 5.2019e-02 1.0040e-02 1.0040e-02 -6.9418e-02 2.5366e-02 -1.2072e-02 5.1984e-02 -1.8591e-02 -2.9114e-02 -1.2072e-02 1.4977e-01 -1.6043e-02 1.0000e+00
