1.0000e+00 -3.4937e-01 7.4039e-02 -2.6026e-01 2.6604e-01 -3.7851e-01 -2.8908e-01 -2.2408e-01 1.8105e-01 -2.3603e-01 -2.5531e-01 2.3328e-01 -2.7359e-01 -2.7359e-01 -2.5531e-01 2.3328e-01 -2.7359e-01 -2.7036e-01 -1.5020e-01 -1.5020e-01 -6.2510e-02 -9.9940e-02 -4.9256e-02 -9.9940e-02 5.5425e-02 4.4642e-02 -5.5419e-02 -5.5419e-02 5.5425e-02 -2.1044e-01 -5.3639e-02 -5.3639e-02 -2.0278e-01 -6.5968e-02 1.1110e-01 1.2719e-01 -2.1261e-01 -2.1261e-01 2.4748e-02 -2.2854e-02 4.8303e-03 -1.6208e-03 8.9245e-03 8.4526e-03 8.4526e-03 -8.8317e-04 8.2159e-03 -3.0791e-03 5.6940e-03 -1.4178e-02 1.9704e-02 5.3930e-03 -1.1461e-02 -8.7504e-03 -8.7504e-03 -1.2474e-02 -1.1461e-02 -1.7791e-02 2.7970e-02 -1.2507e-02 1.7407e-02 -1.6815e-02 -1.6208e-03 -1.6208e-03 2.4401e-02 2.9107e-03 2.9107e-03 2.2130e-02 -8.8317e-04 -8.8317e-04 -1.6208e-03 9.0329e-03 2.2597e-02 -1.6208e-03 -1.6208e-03 7.1788e-03 2.1988e-02 1.9704e-02 7.1788e-03 2.9107e-03 7.1788e-03 2.8260e-03 1.0555e-02 -1.0849e-03 -1.0849e-03 -1.5448e-03 -1.5448e-03 -1.5448e-03 3.2861e-02 -5.3867e-03 -8.8317e-04 3.2641e-03 3.0818e-03 4.5854e-02 -2.6211e-02 9.6693e-03 1.1783e-02 2.5794e-02 2.4986e-02 1.2513e-02 5.3103e-02 5.3103e-02 -2.3262e-02 4.2661e-02 -1.5091e-02 4.4232e-03 -4.9335e-02 5.1945e-02 4.0543e-02 5.8229e-02 -6.7087e-02 1.2067e-02 -1.8591e-02 -1.9441e-02 -1.2234e-02 -3.3039e-02 -3.3039e-02 -4.7961e-02 -2.7605e-02 6.8720e-02 -3.0612e-02 -1.8680e-02 8.8037e-03 -1.4115e-02
-3.4937e-01 1.0000e+00 -2.7076e-01 7.8337e-01 -7.8337e-01 9.2749e-01 7.0676e-01 -1.8362e-01 -1.1456e-01 1.0973e-01 -1.6676e-01 -8.4412e-02 9.8069e-02 9.8069e-02 -1.6676e-01 -8.4412e-02 9.8069e-02 9.4680e-02 -1.9614e-01 -1.9614e-01 -2.1820e-01 -1.9977e-01 -2.2025e-01 -1.9977e-01 1.9907e-01 2.0503e-01 -1.9419e-01 -1.9419e-01 1.9907e-01 -1.8390e-01 -1.9516e-01 -1.9516e-01 -1.7373e-01 -1.8597e-01 -5.6653e-03 -7.1341e-02 -9.8015e-02 -9.8015e-02 -2.1983e-02 3.5740e-02 -3.2235e-02 -3.3685e-02 -1.0326e-02 -3.5838e-04 -3.5838e-04 -8.4059e-03 -5.2306e-03 -3.0692e-02 8.1526e-04 -2.9578e-02 -1.2865e-02 -4.0526e-03 -2.8745e-02 -3.5125e-02 -3.5125e-02 -4.6473e-02 -3.5965e-02 -1.7255e-03 -2.3534e-02 -3.3453e-02 -1.1913e-02 5.4719e-02 -1.6605e-02 -1.6605e-02 -2.2145e-02 1.9995e-03 1.9995e-03 -3.7139e-02 -8.4059e-03 -8.4059e-03 -1.6605e-02 -2.4219e-02 -3.4035e-02 -1.6605e-02 -1.6605e-02 -2.3418e-02 -4.9052e-03 -1.2865e-02 -2.3418e-02 1.9995e-03 -2.3418e-02 -1.8247e-02 -4.2040e-02 1.1467e-02 1.1467e-02 6.8483e-03 6.8483e-03 6.8483e-03 -4.7160e-02 -3.6429e-02 -8.4059e-03 1.7113e-02 5.9366e-02 -2.9479e-02 5.4020e-02 -4.0163e-02 -4.1120e-02 -6.3892e-02 5.9118e-02 5.9790e-02 -1.5882e-02 -1.5882e-02 4.0980e-04 5.0747e-02 -5.2358e-02 -6.6165e-02 2.5301e-02 -7.6402e-03 5.1797e-02 -1.4041e-02 -3.7038e-02 9.3374e-04 8.5583e-02 9.1741e-02 3.0840e-02 7.4815e-02 7.4815e-02 7.5766e-02 3.3929e-02 -1.5405e-02 -4.0977e-02 -4.9796e-02 -3.1942e-03 1.8252e-02
7.4039e-02 -2.7076e-01 1.0000e+00 -3.1466e-01 3.1466e-01 -2.6304e-01 -1.6729e-01 -2.6162e-01 -6.4128e-02 -8.8470e-02 -2.3272e-01 6.4407e-02 -1.3887e-01 -1.3887e-01 -2.3272e-01 6.4407e-02 -1.3887e-01 -1.3000e-01 -9.7848e-02 -9.7848e-02 -9.2989e-02 -1.5815e-01 -9.2926e-02 -1.5815e-01 9.5855e-02 1.0694e-01 -1.0927e-01 -1.0927e-01 9.5855e-02 -1.7360e-01 -1.1111e-01 -1.1111e-01 -1.6569e-01 -9.3748e-02 1.2309e-01 6.5931e-02 -1.8696e-01 -1.8696e-01 -9.5112e-02 4.6679e-02 4.0237e-02 4.6491e-02 9.2839e-02 8.0176e-02 8.0176e-02 3.4228e-02 8.1427e-02 -4.3942e-02 8.3163e-02 -6.3989e-02 8.0474e-02 8.4504e-02 -6.6783e-02 -6.4923e-02 -6.4923e-02 -2.0320e-02 -6.6783e-02 5.3266e-02 1.3817e-02 -6.5853e-02 7.7134e-02 -1.4489e-02 3.5481e-02 3.5481e-02 1.7549e-02 7.9282e-02 7.9282e-02 -6.6034e-02 3.4228e-02 3.4228e-02 3.5481e-02 -7.0487e-02 -6.6109e-02 3.5481e-02 3.5481e-02 -6.8680e-02 7.2313e-02 7.4717e-02 -6.8680e-02 7.9282e-02 -6.8680e-02 3.0858e-02 -5.8768e-02 7.6297e-02 7.6297e-02 7.7477e-02 7.7477e-02 7.7477e-02 -2.2851e-02 -6.7399e-02 3.4228e-02 7.1385e-02 4.2525e-02 -1.6704e-02 5.1397e-02 -2.4859e-02 -2.6875e-02 -4.6999e-02 8.2935e-04 -6.5833e-03 -9.6743e-02 -9.6743e-02 4.6404e-02 -4.7939e-02 -6.2767e-03 -4.4760e-02 5.1136e-02 -9.6289e-02 -4.0522e-02 -1.0178e-01 -3.7963e-02 -3.8436e-02 8.4811e-03 4.2937e-03 3.6578e-02 1.0348e-02 1.0348e-02 2.7693e-02 -9.6508e-03 1.7886e-02 -1.2117e-03 1.1495e-02 3.4255e-02 3.5270e-02
-2.6026e-01 7.8337e-01 -3.1466e-01 1.0000e+00 -9.9185e-01 8.0174e-01 6.0698e-01 -1.7347e-01 -1.7380e-02 3.3452e-02 -1.7137e-01 -2.6617e-02 4.0117e-02 4.0117e-02 -1.7137e-01 -2.6617e-02 4.0117e-02 3.5760e-02 -1.7591e-01 -1.7591e-01 -2.6189e-01 -2.4349e-01 -2.6242e-01 -2.4349e-01 2.4714e-01 2.5414e-01 -2.4142e-01 -2.4142e-01 2.4714e-01 -1.7900e-01 -2.4255e-01 -2.4255e-01 -1.7550e-01 -2.2987e-01 6.8224e-02 -2.3491e-02 -8.4091e-02 -8.4091e-02 -2.6669e-02 2.2673e-02 -4.6216e-02 -4.7771e-02 -3.7133e-02 -2.1071e-02 -2.1071e-02 -4.0715e-02 -1.4640e-02 -4.7634e-02 -1.9807e-02 -3.7344e-02 -9.4557e-03 -1.3319e-02 -3.6377e-02 -4.1883e-02 -4.1883e-02 -6.1968e-02 -4.2855e-02 -1.6961e-02 9.7384e-03 -3.9947e-02 -8.3397e-03 6.5242e-02 -3.2447e-02 -3.2447e-02 1.1692e-02 -1.8532e-02 -1.8532e-02 -3.6634e-02 -4.0715e-02 -4.0715e-02 -3.2447e-02 -4.0047e-02 -4.1719e-02 -3.2447e-02 -3.2447e-02 -3.9109e-02 -1.0566e-02 -9.4557e-03 -3.9109e-02 -1.8532e-02 -3.9109e-02 -3.4171e-02 -4.8876e-02 -1.0250e-02 -1.0250e-02 -3.5389e-03 -3.5389e-03 -3.5389e-03 -3.2600e-02 -3.7109e-02 -4.0715e-02 3.3695e-03 5.1302e-02 1.7020e-04 3.5606e-02 -3.3677e-02 -3.4759e-02 -4.9821e-02 4.6168e-02 5.5230e-02 5.4617e-03 5.4617e-03 2.8539e-03 6.4652e-02 -6.2976e-02 -5.5405e-02 -2.5906e-03 -2.4758e-03 6.5879e-02 7.3419e-03 -3.5348e-02 2.6569e-02 4.3143e-02 4.8344e-02 1.0178e-02 3.4041e-02 3.4041e-02 4.3392e-02 2.1787e-02 1.4511e-02 -3.1401e-02 -4.4631e-02 -2.0283e-02 -1.0718e-02
2.6604e-01 -7.8337e-01 3.1466e-01 -9.9185e-01 1.0000e+00 -8.0174e-01 -6.0698e-01 1.7347e-01 2.6430e-02 -3.3452e-02 1.7137e-01 2.6617e-02 -4.0117e-02 -4.0117e-02 1.7137e-01 2.6617e-02 -4.0117e-02 -3.5760e-02 1.7591e-01 1.7591e-01 2.6189e-01 2.4349e-01 2.6242e-01 2.4349e-01 -2.4714e-01 -2.5414e-01 2.4142e-01 2.4142e-01 -2.4714e-01 1.7900e-01 2.4255e-01 2.4255e-01 1.7550e-01 2.2987e-01 -7.4648e-02 1.6345e-02 8.4091e-02 8.4091e-02 2.6669e-02 -2.2673e-02 4.6216e-02 4.7771e-02 3.7133e-02 2.1071e-02 2.1071e-02 4.0715e-02 1.4640e-02 4.7634e-02 1.9807e-02 3.7344e-02 9.4557e-03 1.3319e-02 3.6377e-02 4.1883e-02 4.1883e-02 6.1968e-02 4.2855e-02 1.6961e-02 -9.7384e-03 3.9947e-02 8.3397e-03 -6.5242e-02 3.2447e-02 3.2447e-02 -1.1692e-02 1.8532e-02 1.8532e-02 3.6634e-02 4.0715e-02 4.0715e-02 3.2447e-02 4.0047e-02 4.1719e-02 3.2447e-02 3.2447e-02 3.9109e-02 1.0566e-02 9.4557e-03 3.9109e-02 1.8532e-02 3.9109e-02 3.4171e-02 4.8876e-02 1.0250e-02 1.0250e-02 3.5389e-03 3.5389e-03 3.5389e-03 3.2600e-02 3.7109e-02 4.0715e-02 -3.3695e-03 -5.1302e-02 -1.7020e-04 -3.5606e-02 3.3677e-02 3.4759e-02 4.9821e-02 -4.6168e-02 -5.5230e-02 -5.4617e-03 -5.4617e-03 -2.8539e-03 -6.4652e-02 6.2976e-02 5.5405e-02 2.5906e-03 2.4758e-03 -6.5879e-02 -7.3419e-03 3.5348e-02 -2.6569e-02 -4.3143e-02 -4.8344e-02 -1.0178e-02 -3.4041e-02 -3.4041e-02 -4.3392e-02 -2.1787e-02 -1.4511e-02 3.1401e-02 4.4631e-02 2.0283e-02 1.0718e-02
-3.7851e-01 9.2749e-01 -2.6304e-01 8.0174e-01 -8.0174e-01 1.0000e+00 7.4667e-01 -1.6558e-01 -1.1824e-01 1.4847e-01 -1.4812e-01 -1.2695e-01 1.4204e-01 1.4204e-01 -1.4812e-01 -1.2695e-01 1.4204e-01 1.3912e-01 -1.8220e-01 -1.8220e-01 -2.0528e-01 -1.8407e-01 -2.0789e-01 -1.8407e-01 1.8449e-01 1.9011e-01 -1.7988e-01 -1.7988e-01 1.8449e-01 -1.6480e-01 -1.8080e-01 -1.8080e-01 -1.6204e-01 -1.7279e-01 -3.8123e-02 -1.1607e-01 -7.7311e-02 -7.7311e-02 -1.3939e-02 3.0160e-02 -2.7326e-02 -2.8745e-02 -1.6920e-02 -1.1494e-02 -1.1494e-02 -1.8674e-02 -6.0826e-03 -1.5455e-02 -1.0431e-02 -1.2781e-02 -1.8244e-02 -4.9706e-03 -1.2009e-02 -1.8758e-02 -1.8758e-02 -2.7786e-02 -1.9537e-02 -1.6310e-02 -1.6891e-02 -1.7207e-02 -1.7357e-02 4.0053e-02 -1.0939e-02 -1.0939e-02 -1.5522e-02 -9.3584e-03 -9.3584e-03 -1.8001e-02 -1.8674e-02 -1.8674e-02 -1.0939e-02 -9.4319e-03 -2.2084e-02 -1.0939e-02 -1.0939e-02 -8.6866e-03 -1.9126e-02 -1.8244e-02 -8.6866e-03 -9.3584e-03 -8.6866e-03 -1.2560e-02 -2.1065e-02 6.7332e-04 6.7332e-04 6.3940e-03 6.3940e-03 6.3940e-03 -2.4204e-02 -1.8218e-02 -1.8674e-02 7.1906e-03 3.6192e-02 -2.7964e-02 2.5624e-02 -1.6780e-02 -1.7647e-02 -3.6440e-02 3.5064e-02 4.2466e-02 8.2868e-03 8.2868e-03 -1.4546e-02 3.2784e-02 -3.1003e-02 -3.3017e-02 2.2729e-02 1.9456e-03 3.3744e-02 9.7902e-03 -1.5500e-02 1.3489e-02 5.1356e-02 5.8125e-02 2.6978e-02 6.8181e-02 6.8181e-02 7.0467e-02 3.8514e-02 -6.6717e-03 -4.2145e-02 -3.9973e-02 1.7126e-03 6.8333e-03
-2.8908e-01 7.0676e-01 -1.6729e-01 6.0698e-01 -6.0698e-01 7.4667e-01 1.0000e+00 -1.6173e-01 -1.0544e-01 1.6477e-01 -1.5165e-01 -1.4740e-01 1.7177e-01 1.7177e-01 -1.5165e-01 -1.4740e-01 1.7177e-01 1.6944e-01 -1.9283e-01 -1.9283e-01 -2.7801e-01 -2.4532e-01 -2.8137e-01 -2.4532e-01 2.9451e-01 3.0037e-01 -2.8974e-01 -2.8974e-01 2.9451e-01 -1.6570e-01 -2.9069e-01 -2.9069e-01 -1.6337e-01 -2.7505e-01 3.2729e-02 -1.2057e-01 -9.5470e-02 -9.5470e-02 -3.3858e-02 7.0465e-02 -1.6908e-02 1.2831e-03 -4.4138e-02 -3.8261e-02 -3.8261e-02 -2.4657e-02 -3.4084e-02 -1.0886e-02 -3.7438e-02 -5.3321e-03 -4.2395e-02 -3.3228e-02 -4.6516e-03 -1.2230e-02 -1.2230e-02 -4.1944e-02 -1.2919e-02 -6.2349e-03 -1.9161e-02 -1.0858e-02 -4.1677e-02 5.9600e-02 -1.8275e-02 -1.8275e-02 -1.7979e-02 -3.6609e-02 -3.6609e-02 -2.3692e-02 -2.4657e-02 -2.4657e-02 -1.8275e-02 -1.3594e-02 -2.7390e-02 -1.8275e-02 -1.8275e-02 -1.2924e-02 -4.3109e-02 -4.2395e-02 -1.2924e-02 -3.6609e-02 -1.2924e-02 -1.9609e-02 -2.6963e-02 -2.5242e-02 -2.5242e-02 -2.0746e-02 -2.0746e-02 -2.0746e-02 -3.3660e-02 -1.3010e-02 -2.4657e-02 -1.6725e-02 2.2591e-02 -2.4937e-02 2.3010e-02 -3.4467e-02 -3.5278e-02 -1.9617e-02 3.1629e-03 9.4195e-03 -2.3410e-02 -2.3410e-02 -4.5137e-03 1.9107e-02 -3.3920e-02 -1.8230e-02 -1.2244e-02 -3.0465e-02 1.9940e-02 -2.1748e-02 6.2903e-03 2.9959e-02 6.8300e-02 7.6043e-02 -1.4167e-03 6.3993e-02 6.3993e-02 6.0516e-02 1.0278e-02 -1.5398e-02 -1.8484e-02 -2.0486e-02 -4.8668e-03 9.1603e-03
-2.2408e-01 -1.8362e-01 -2.6162e-01 -1.7347e-01 1.7347e-01 -1.6558e-01 -1.6173e-01 1.0000e+00 -1.7708e-01 3.1551e-01 9.4039e-01 -2.8471e-01 3.2798e-01 3.2798e-01 9.4039e-01 -2.8471e-01 3.2798e-01 3.2382e-01 7.2918e-01 7.2918e-01 3.0371e-01 3.5445e-01 3.0813e-01 3.5445e-01 -2.9574e-01 -2.9043e-01 3.0017e-01 3.0017e-01 -2.9574e-01 8.2581e-01 2.9928e-01 2.9928e-01 7.9911e-01 3.0919e-01 -2.6461e-01 -1.5651e-01 7.4304e-01 7.4304e-01 9.3825e-02 -5.9310e-02 1.3361e-02 1.0276e-02 -3.5844e-02 -4.5665e-02 -4.5665e-02 7.9972e-03 -4.5603e-02 9.1619e-02 -5.2017e-02 7.9082e-02 -4.6167e-02 -5.2111e-02 8.0213e-02 8.1341e-02 8.1341e-02 6.5103e-02 8.5608e-02 -5.3866e-03 4.2216e-03 7.8216e-02 -4.4773e-02 -8.7672e-02 1.0276e-02 1.0276e-02 -4.1638e-03 -5.0433e-02 -5.0433e-02 1.0474e-01 7.9972e-03 7.9972e-03 1.0276e-02 1.0040e-01 1.0475e-01 1.0276e-02 1.0276e-02 1.0149e-01 -4.7555e-02 -4.6167e-02 1.0149e-01 -5.0433e-02 1.0149e-01 7.2742e-03 9.9514e-02 -5.2017e-02 -5.2017e-02 -5.2111e-02 -5.2111e-02 -5.2111e-02 9.8170e-02 1.2961e-01 7.9972e-03 -5.8230e-02 -1.3744e-01 -1.6924e-02 -1.1928e-01 1.0890e-01 1.0775e-01 1.2986e-01 -1.2890e-01 -1.1915e-01 3.7198e-02 3.7198e-02 -1.6812e-02 -1.1431e-01 1.2828e-01 1.2905e-01 -2.1977e-02 3.9962e-02 -1.1945e-01 3.9394e-02 1.0996e-01 5.2413e-02 -2.4775e-02 -2.7521e-02 -4.6711e-03 -1.0140e-02 -1.0140e-02 -1.9716e-03 -5.1580e-02 -6.5492e-04 -7.5121e-03 5.7884e-03 3.1407e-02 -4.5058e-03
1.8105e-01 -1.1456e-01 -6.4128e-02 -1.7380e-02 2.6430e-02 -1.1824e-01 -1.0544e-01 -1.7708e-01 1.0000e+00 -5.9447e-01 -1.7538e-01 6.5186e-01 -5.6444e-01 -5.6444e-01 -1.7538e-01 6.5186e-01 -5.6444e-01 -5.7184e-01 -2.2478e-01 -2.2478e-01 -2.9852e-01 -2.4302e-01 -2.9324e-01 -2.4302e-01 3.0827e-01 2.7270e-01 -3.0282e-01 -3.0282e-01 3.0827e-01 -1.9228e-01 -2.9693e-01 -2.9693e-01 -1.8948e-01 -2.8599e-01 3.3477e-01 3.8750e-01 -1.6221e-01 -1.6221e-01 5.0579e-02 -4.1228e-02 -4.9954e-02 -5.1175e-02 -1.1540e-02 1.9718e-02 1.9718e-02 -4.0991e-02 1.5383e-02 1.3783e-02 2.0987e-02 8.4177e-03 -5.2355e-03 1.6665e-02 9.2080e-03 9.9965e-03 9.9965e-03 2.2909e-02 9.2080e-03 -4.0677e-02 -3.8577e-02 1.1568e-02 -4.2569e-03 -1.2872e-02 -5.1175e-02 -5.1175e-02 -3.7322e-02 2.2269e-02 2.2269e-02 2.0461e-03 -4.0991e-02 -4.0991e-02 -5.1175e-02 1.9904e-02 5.3927e-03 -5.1175e-02 -5.1175e-02 2.0662e-02 -6.2089e-03 -5.2355e-03 2.0662e-02 2.2269e-02 2.0662e-02 -5.2374e-02 2.2928e-02 2.0987e-02 2.0987e-02 1.6665e-02 1.6665e-02 1.6665e-02 3.3783e-02 2.0037e-02 -5.6974e-02 2.6403e-02 6.7941e-03 -2.9628e-02 -1.8383e-02 3.2964e-02 4.0090e-02 1.5190e-02 1.3351e-02 6.1564e-03 6.1304e-02 6.1304e-02 -3.9226e-02 -1.2516e-03 2.7099e-02 2.5719e-02 1.2065e-02 5.6974e-02 -3.1781e-04 6.2350e-02 3.7755e-02 1.1431e-01 -5.0799e-02 -5.2430e-02 1.3595e-02 -7.2071e-03 -7.2071e-03 -9.2338e-03 -6.6724e-05 3.1884e-02 -4.3443e-02 -4.5519e-02 -5.7880e-02 -5.1387e-02
-2.3603e-01 1.0973e-01 -8.8470e-02 3.3452e-02 -3.3452e-02 1.4847e-01 1.6477e-01 3.1551e-01 -5.9447e-01 1.0000e+00 3.1283e-01 -8.8568e-01 7.5519e-01 7.5519e-01 3.1283e-01 -8.8568e-01 7.5519e-01 7.6630e-01 1.6928e-01 1.6928e-01 5.0344e-01 4.5006e-01 5.0469e-01 4.5006e-01 -4.8410e-01 -4.6434e-01 4.7525e-01 4.7525e-01 -4.8410e-01 1.5568e-01 4.7196e-01 4.7196e-01 1.5003e-01 4.4796e-01 -4.8449e-01 -4.5811e-01 2.4660e-01 2.4660e-01 -1.8868e-02 -2.3469e-02 -3.9494e-02 -3.5852e-02 -3.6088e-02 -1.3394e-02 -1.3394e-02 -4.2217e-02 -7.9333e-03 5.5306e-02 -1.5394e-02 5.6562e-02 -3.4654e-02 -9.9559e-03 6.0384e-02 5.8997e-02 5.8997e-02 6.4921e-02 6.0384e-02 -2.6852e-02 -3.2576e-02 5.6235e-02 -3.6381e-02 -3.7156e-02 -3.5852e-02 -3.5852e-02 -3.5541e-02 -1.7412e-02 -1.7412e-02 3.4631e-02 -4.2217e-02 -4.2217e-02 -3.5852e-02 4.9656e-02 3.0878e-02 -3.5852e-02 -3.5852e-02 4.8325e-02 -3.9360e-02 -3.4654e-02 4.8325e-02 -1.7412e-02 4.8325e-02 -3.2313e-02 4.4348e-02 -1.5394e-02 -1.5394e-02 -9.9559e-03 -9.9559e-03 -9.9559e-03 4.3015e-02 3.1597e-02 -3.0645e-02 -1.5050e-02 -2.6629e-02 4.8649e-02 -3.1995e-02 3.3059e-02 2.8820e-02 4.0614e-02 -5.3376e-02 -3.9469e-02 -1.5074e-02 -1.5074e-02 -1.6747e-02 -3.3867e-02 2.6559e-02 2.7416e-02 -1.6164e-02 -1.5644e-02 -3.5484e-02 -1.7683e-02 4.0856e-02 -1.5117e-02 1.3249e-02 1.6250e-02 -1.6249e-02 -3.1898e-02 -3.1898e-02 -2.1355e-02 6.6184e-03 -2.6687e-02 4.5483e-02 4.8152e-02 2.3337e-02 3.9348e-02
-2.5531e-01 -1.6676e-01 -2.3272e-01 -1.7137e-01 1.7137e-01 -1.4812e-01 -1.5165e-01 9.4039e-01 -1.7538e-01 3.1283e-01 1.0000e+00 -2.8229e-01 3.2520e-01 3.2520e-01 1.0000e+00 -2.8229e-01 3.2520e-01 3.2108e-01 7.8367e-01 7.8367e-01 3.4233e-01 3.9077e-01 3.4652e-01 3.9077e-01 -3.3481e-01 -3.2980e-01 3.3898e-01 3.3898e-01 -3.3481e-01 8.8306e-01 3.3815e-01 3.3815e-01 8.5651e-01 3.5240e-01 -3.0990e-01 -1.4174e-01 7.8571e-01 7.8571e-01 1.0577e-01 -7.1095e-02 1.7829e-03 -1.1216e-03 -4.0119e-02 -4.3505e-02 -4.3505e-02 -2.5385e-03 -4.3509e-02 1.0361e-01 -4.9900e-02 9.1493e-02 -5.0109e-02 -5.0060e-02 9.2598e-02 9.3701e-02 9.3701e-02 8.1366e-02 9.8018e-02 -1.8682e-02 -4.9644e-03 9.0500e-02 -4.8738e-02 -9.9589e-02 -1.1216e-03 -1.1216e-03 -1.3508e-02 -4.8322e-02 -4.8322e-02 1.1252e-01 -2.5385e-03 -2.5385e-03 -1.1216e-03 1.1221e-01 1.1266e-01 -1.1216e-03 -1.1216e-03 1.1327e-01 -5.1473e-02 -5.0109e-02 1.1327e-01 -4.8322e-02 1.1327e-01 -3.9497e-03 1.1121e-01 -4.9900e-02 -4.9900e-02 -5.0060e-02 -5.0060e-02 -5.0060e-02 1.1297e-01 1.4061e-01 -2.5385e-03 -5.6089e-02 -1.4472e-01 -1.6405e-02 -1.3123e-01 1.2380e-01 1.2269e-01 1.4172e-01 -1.3634e-01 -1.2678e-01 4.7348e-02 4.7348e-02 -3.0442e-02 -1.2425e-01 1.4275e-01 1.4053e-01 -2.0096e-02 5.0722e-02 -1.2945e-01 4.9416e-02 1.0507e-01 5.5362e-02 -8.9757e-03 -1.1770e-02 9.4347e-03 8.8408e-03 8.8408e-03 2.3969e-02 -5.1142e-02 -7.6975e-03 8.0819e-03 1.6268e-02 1.7382e-02 -1.4777e-02
2.3328e-01 -8.4412e-02 6.4407e-02 -2.6617e-02 2.6617e-02 -1.2695e-01 -1.4740e-01 -2.8471e-01 6.5186e-01 -8.8568e-01 -2.8229e-01 1.0000e+00 -8.6806e-01 -8.6806e-01 -2.8229e-01 1.0000e+00 -8.6806e-01 -8.7921e-01 -3.2197e-01 -3.2197e-01 -5.8948e-01 -5.3098e-01 -5.8094e-01 -5.3098e-01 5.5711e-01 5.3535e-01 -5.4851e-01 -5.4851e-01 5.5711e-01 -3.0639e-01 -5.4489e-01 -5.4489e-01 -3.0238e-01 -5.2206e-01 3.9137e-01 3.5233e-01 -2.1551e-01 -2.1551e-01 1.8321e-02 1.2574e-03 1.9127e-02 1.6063e-02 3.1344e-02 1.9623e-02 1.9623e-02 2.6353e-02 1.2462e-02 -5.4226e-02 2.1461e-02 -5.7738e-02 3.3065e-02 1.4313e-02 -6.1981e-02 -6.0720e-02 -6.0720e-02 -6.3251e-02 -6.1981e-02 -5.8418e-04 2.2022e-02 -5.8209e-02 3.4629e-02 3.7399e-02 1.6063e-02 1.6063e-02 2.4628e-02 2.3317e-02 2.3317e-02 -3.4753e-02 2.6353e-02 2.6353e-02 1.6063e-02 -4.4513e-02 -2.9719e-02 1.6063e-02 1.6063e-02 -4.3312e-02 3.8295e-02 3.3065e-02 -4.3312e-02 2.3317e-02 -4.3312e-02 1.3083e-02 -3.9724e-02 2.1461e-02 2.1461e-02 1.4313e-02 1.4313e-02 1.4313e-02 -3.5478e-02 -3.2751e-02 1.4130e-02 2.2181e-02 3.6945e-02 -4.3899e-02 2.5447e-02 -2.4720e-02 -2.0000e-02 -3.5576e-02 6.3648e-02 4.7181e-02 3.1645e-02 3.1645e-02 2.6311e-03 4.4284e-02 -2.6630e-02 -2.9717e-02 1.3774e-02 3.4761e-02 4.5774e-02 3.3811e-02 -3.0400e-02 1.3296e-02 -1.2133e-02 -1.4840e-02 3.7609e-02 4.3694e-02 4.3694e-02 3.1317e-02 1.5053e-03 1.6764e-02 -5.2385e-02 -5.6522e-02 -5.5217e-03 -2.5589e-02
-2.7359e-01 9.8069e-02 -1.3887e-01 4.0117e-02 -4.0117e-02 1.4204e-01 1.7177e-01 3.2798e-01 -5.6444e-01 7.5519e-01 3.2520e-01 -8.6806e-01 1.0000e+00 1.0000e+00 3.2520e-01 -8.6806e-01 1.0000e+00 9.8732e-01 1.5977e-01 1.5977e-01 4.7733e-01 6.2405e-01 4.6846e-01 6.2405e-01 -4.4394e-01 -4.2479e-01 4.4000e-01 4.4000e-01 -4.4394e-01 3.5297e-01 4.3681e-01 4.3681e-01 3.4834e-01 4.1245e-01 -3.3858e-01 -3.6528e-01 2.3101e-01 2.3101e-01 2.5704e-02 3.3186e-03 -2.0114e-02 -1.6610e-02 -6.1335e-02 -5.4499e-02 -5.4499e-02 -2.3135e-02 -5.0669e-02 7.8669e-02 -5.6759e-02 8.6701e-02 -7.6872e-02 -5.2973e-02 9.0339e-02 8.8863e-02 8.8863e-02 6.6704e-02 9.0339e-02 6.6502e-03 -4.4665e-02 9.1017e-02 -7.8782e-02 -3.0268e-02 -1.6610e-02 -1.6610e-02 -4.7849e-02 -5.9042e-02 -5.9042e-02 5.2443e-02 -2.3135e-02 -2.3135e-02 -1.6610e-02 7.2319e-02 4.9296e-02 -1.6610e-02 -1.6610e-02 7.5887e-02 -8.7585e-02 -8.3195e-02 7.5887e-02 -5.9042e-02 7.5887e-02 -2.5134e-02 7.6632e-02 -5.6759e-02 -5.6759e-02 -5.2973e-02 -5.2973e-02 -5.2973e-02 4.2323e-02 7.0381e-02 -2.3135e-02 -5.5254e-02 -5.7436e-02 5.0572e-02 -4.0214e-02 1.5720e-02 1.1612e-02 4.8258e-02 -8.4629e-02 -7.2076e-02 -4.3815e-02 -4.3815e-02 3.0529e-03 -2.9875e-02 8.7134e-03 5.8643e-02 -6.7501e-02 -4.5017e-02 -3.1543e-02 -4.6234e-02 6.1310e-02 -2.0909e-03 2.8250e-02 3.1303e-02 -5.1360e-02 -4.4002e-02 -4.4002e-02 -2.6853e-02 9.6972e-03 -2.5184e-02 4.9799e-02 5.4787e-02 -2.1319e-03 1.4234e-02
-2.7359e-01 9.8069e-02 -1.3887e-01 4.0117e-02 -4.0117e-02 1.4204e-01 1.7177e-01 3.2798e-01 -5.6444e-01 7.5519e-01 3.2520e-01 -8.6806e-01 1.0000e+00 1.0000e+00 3.2520e-01 -8.6806e-01 1.0000e+00 9.8732e-01 1.5977e-01 1.5977e-01 4.7733e-01 6.2405e-01 4.6846e-01 6.2405e-01 -4.4394e-01 -4.2479e-01 4.4000e-01 4.4000e-01 -4.4394e-01 3.5297e-01 4.3681e-01 4.3681e-01 3.4834e-01 4.1245e-01 -3.3858e-01 -3.6528e-01 2.3101e-01 2.3101e-01 2.5704e-02 3.3186e-03 -2.0114e-02 -1.6610e-02 -6.1335e-02 -5.4499e-02 -5.4499e-02 -2.3135e-02 -5.0669e-02 7.8669e-02 -5.6759e-02 8.6701e-02 -7.6872e-02 -5.2973e-02 9.0339e-02 8.8863e-02 8.8863e-02 6.6704e-02 9.0339e-02 6.6502e-03 -4.4665e-02 9.1017e-02 -7.8782e-02 -3.0268e-02 -1.6610e-02 -1.6610e-02 -4.7849e-02 -5.9042e-02 -5.9042e-02 5.2443e-02 -2.3135e-02 -2.3135e-02 -1.6610e-02 7.2319e-02 4.9296e-02 -1.6610e-02 -1.6610e-02 7.5887e-02 -8.7585e-02 -8.3195e-02 7.5887e-02 -5.9042e-02 7.5887e-02 -2.5134e-02 7.6632e-02 -5.6759e-02 -5.6759e-02 -5.2973e-02 -5.2973e-02 -5.2973e-02 4.2323e-02 7.0381e-02 -2.3135e-02 -5.5254e-02 -5.7436e-02 5.0572e-02 -4.0214e-02 1.5720e-02 1.1612e-02 4.8258e-02 -8.4629e-02 -7.2076e-02 -4.3815e-02 -4.3815e-02 3.0529e-03 -2.9875e-02 8.7134e-03 5.8643e-02 -6.7501e-02 -4.5017e-02 -3.1543e-02 -4.6234e-02 6.1310e-02 -2.0909e-03 2.8250e-02 3.1303e-02 -5.1360e-02 -4.4002e-02 -4.4002e-02 -2.6853e-02 9.6972e-03 -2.5184e-02 4.9799e-02 5.4787e-02 -2.1319e-03 1.4234e-02
-2.5531e-01 -1.6676e-01 -2.3272e-01 -1.7137e-01 1.7137e-01 -1.4812e-01 -1.5165e-01 9.4039e-01 -1.7538e-01 3.1283e-01 1.0000e+00 -2.8229e-01 3.2520e-01 3.2520e-01 1.0000e+00 -2.8229e-01 3.2520e-01 3.2108e-01 7.8367e-01 7.8367e-01 3.4233e-01 3.9077e-01 3.4652e-01 3.9077e-01 -3.3481e-01 -3.2980e-01 3.3898e-01 3.3898e-01 -3.3481e-01 8.8306e-01 3.3815e-01 3.3815e-01 8.5651e-01 3.5240e-01 -3.0990e-01 -1.4174e-01 7.8571e-01 7.8571e-01 1.0577e-01 -7.1095e-02 1.7829e-03 -1.1216e-03 -4.0119e-02 -4.3505e-02 -4.3505e-02 -2.5385e-03 -4.3509e-02 1.0361e-01 -4.9900e-02 9.1493e-02 -5.0109e-02 -5.0060e-02 9.2598e-02 9.3701e-02 9.3701e-02 8.1366e-02 9.8018e-02 -1.8682e-02 -4.9644e-03 9.0500e-02 -4.8738e-02 -9.9589e-02 -1.1216e-03 -1.1216e-03 -1.3508e-02 -4.8322e-02 -4.8322e-02 1.1252e-01 -2.5385e-03 -2.5385e-03 -1.1216e-03 1.1221e-01 1.1266e-01 -1.1216e-03 -1.1216e-03 1.1327e-01 -5.1473e-02 -5.0109e-02 1.1327e-01 -4.8322e-02 1.1327e-01 -3.9497e-03 1.1121e-01 -4.9900e-02 -4.9900e-02 -5.0060e-02 -5.0060e-02 -5.0060e-02 1.1297e-01 1.4061e-01 -2.5385e-03 -5.6089e-02 -1.4472e-01 -1.6405e-02 -1.3123e-01 1.2380e-01 1.2269e-01 1.4172e-01 -1.3634e-01 -1.2678e-01 4.7348e-02 4.7348e-02 -3.0442e-02 -1.2425e-01 1.4275e-01 1.4053e-01 -2.0096e-02 5.0722e-02 -1.2945e-01 4.9416e-02 1.0507e-01 5.5362e-02 -8.9757e-03 -1.1770e-02 9.4347e-03 8.8408e-03 8.8408e-03 2.3969e-02 -5.1142e-02 -7.6975e-03 8.0819e-03 1.6268e-02 1.7382e-02 -1.4777e-02
2.3328e-01 -8.4412e-02 6.4407e-02 -2.6617e-02 2.6617e-02 -1.2695e-01 -1.4740e-01 -2.8471e-01 6.5186e-01 -8.8568e-01 -2.8229e-01 1.0000e+00 -8.6806e-01 -8.6806e-01 -2.8229e-01 1.0000e+00 -8.6806e-01 -8.7921e-01 -3.2197e-01 -3.2197e-01 -5.8948e-01 -5.3098e-01 -5.8094e-01 -5.3098e-01 5.5711e-01 5.3535e-01 -5.4851e-01 -5.4851e-01 5.5711e-01 -3.0639e-01 -5.4489e-01 -5.4489e-01 -3.0238e-01 -5.2206e-01 3.9137e-01 3.5233e-01 -2.1551e-01 -2.1551e-01 1.8321e-02 1.2574e-03 1.9127e-02 1.6063e-02 3.1344e-02 1.9623e-02 1.9623e-02 2.6353e-02 1.2462e-02 -5.4226e-02 2.1461e-02 -5.7738e-02 3.3065e-02 1.4313e-02 -6.1981e-02 -6.0720e-02 -6.0720e-02 -6.3251e-02 -6.1981e-02 -5.8418e-04 2.2022e-02 -5.8209e-02 3.4629e-02 3.7399e-02 1.6063e-02 1.6063e-02 2.4628e-02 2.3317e-02 2.3317e-02 -3.4753e-02 2.6353e-02 2.6353e-02 1.6063e-02 -4.4513e-02 -2.9719e-02 1.6063e-02 1.6063e-02 -4.3312e-02 3.8295e-02 3.3065e-02 -4.3312e-02 2.3317e-02 -4.3312e-02 1.3083e-02 -3.9724e-02 2.1461e-02 2.1461e-02 1.4313e-02 1.4313e-02 1.4313e-02 -3.5478e-02 -3.2751e-02 1.4130e-02 2.2181e-02 3.6945e-02 -4.3899e-02 2.5447e-02 -2.4720e-02 -2.0000e-02 -3.5576e-02 6.3648e-02 4.7181e-02 3.1645e-02 3.1645e-02 2.6311e-03 4.4284e-02 -2.6630e-02 -2.9717e-02 1.3774e-02 3.4761e-02 4.5774e-02 3.3811e-02 -3.0400e-02 1.3296e-02 -1.2133e-02 -1.4840e-02 3.7609e-02 4.3694e-02 4.3694e-02 3.1317e-02 1.5053e-03 1.6764e-02 -5.2385e-02 -5.6522e-02 -5.5217e-03 -2.5589e-02
-2.7359e-01 9.8069e-02 -1.3887e-01 4.0117e-02 -4.0117e-02 1.4204e-01 1.7177e-01 3.2798e-01 -5.6444e-01 7.5519e-01 3.2520e-01 -8.6806e-01 1.0000e+00 1.0000e+00 3.2520e-01 -8.6806e-01 1.0000e+00 9.8732e-01 1.5977e-01 1.5977e-01 4.7733e-01 6.2405e-01 4.6846e-01 6.2405e-01 -4.4394e-01 -4.2479e-01 4.4000e-01 4.4000e-01 -4.4394e-01 3.5297e-01 4.3681e-01 4.3681e-01 3.4834e-01 4.1245e-01 -3.3858e-01 -3.6528e-01 2.3101e-01 2.3101e-01 2.5704e-02 3.3186e-03 -2.0114e-02 -1.6610e-02 -6.1335e-02 -5.4499e-02 -5.4499e-02 -2.3135e-02 -5.0669e-02 7.8669e-02 -5.6759e-02 8.6701e-02 -7.6872e-02 -5.2973e-02 9.0339e-02 8.8863e-02 8.8863e-02 6.6704e-02 9.0339e-02 6.6502e-03 -4.4665e-02 9.1017e-02 -7.8782e-02 -3.0268e-02 -1.6610e-02 -1.6610e-02 -4.7849e-02 -5.9042e-02 -5.9042e-02 5.2443e-02 -2.3135e-02 -2.3135e-02 -1.6610e-02 7.2319e-02 4.9296e-02 -1.6610e-02 -1.6610e-02 7.5887e-02 -8.7585e-02 -8.3195e-02 7.5887e-02 -5.9042e-02 7.5887e-02 -2.5134e-02 7.6632e-02 -5.6759e-02 -5.6759e-02 -5.2973e-02 -5.2973e-02 -5.2973e-02 4.2323e-02 7.0381e-02 -2.3135e-02 -5.5254e-02 -5.7436e-02 5.0572e-02 -4.0214e-02 1.5720e-02 1.1612e-02 4.8258e-02 -8.4629e-02 -7.2076e-02 -4.3815e-02 -4.3815e-02 3.0529e-03 -2.9875e-02 8.7134e-03 5.8643e-02 -6.7501e-02 -4.5017e-02 -3.1543e-02 -4.6234e-02 6.1310e-02 -2.0909e-03 2.8250e-02 3.1303e-02 -5.1360e-02 -4.4002e-02 -4.4002e-02 -2.6853e-02 9.6972e-03 -2.5184e-02 4.9799e-02 5.4787e-02 -2.1319e-03 1.4234e-02
-2.7036e-01 9.4680e-02 -1.3000e-01 3.5760e-02 -3.5760e-02 1.3912e-01 1.6944e-01 3.2382e-01 -5.7184e-01 7.6630e-01 3.2108e-01 -8.7921e-01 9.8732e-01 9.8732e-01 3.2108e-01 -8.7921e-01 9.8732e-01 1.0000e+00 1.5312e-01 1.5312e-01 4.8749e-01 6.3611e-01 4.7867e-01 6.3611e-01 -4.5375e-01 -4.3438e-01 4.4987e-01 4.4987e-01 -4.5375e-01 3.4849e-01 4.4665e-01 4.4665e-01 3.4392e-01 4.2244e-01 -3.4236e-01 -3.6741e-01 2.2672e-01 2.2672e-01 2.2791e-02 5.7635e-03 -1.0050e-02 -6.7225e-03 -5.3015e-02 -5.1029e-02 -5.1029e-02 -1.4176e-02 -4.6896e-02 7.6018e-02 -5.3248e-02 8.3630e-02 -6.9324e-02 -4.9156e-02 8.7320e-02 8.5865e-02 8.5865e-02 6.6106e-02 8.7320e-02 1.8514e-02 -3.7245e-02 8.8092e-02 -7.1191e-02 -3.4783e-02 -6.7225e-03 -6.7225e-03 -4.0325e-02 -5.5489e-02 -5.5489e-02 5.3681e-02 -1.4176e-02 -1.4176e-02 -6.7225e-03 6.9856e-02 5.0388e-02 -6.7225e-03 -6.7225e-03 7.3473e-02 -8.0154e-02 -7.5684e-02 7.3473e-02 -5.5489e-02 7.3473e-02 -1.5488e-02 7.4306e-02 -5.3248e-02 -5.3248e-02 -4.9156e-02 -4.9156e-02 -4.9156e-02 4.2544e-02 6.8895e-02 -1.4176e-02 -5.1949e-02 -5.9314e-02 4.9931e-02 -3.7502e-02 1.5753e-02 1.1591e-02 4.5734e-02 -8.6479e-02 -7.3631e-02 -5.2565e-02 -5.2565e-02 1.5176e-02 -3.5185e-02 9.0362e-03 5.6563e-02 -6.2279e-02 -5.4387e-02 -3.6845e-02 -5.4856e-02 6.0829e-02 -6.3782e-03 2.3308e-02 2.6343e-02 -4.2905e-02 -4.3626e-02 -4.3626e-02 -2.6909e-02 8.6822e-03 -2.8542e-02 4.9902e-02 5.5706e-02 -6.2021e-03 1.1260e-02
-1.5020e-01 -1.9614e-01 -9.7848e-02 -1.7591e-01 1.7591e-01 -1.8220e-01 -1.9283e-01 7.2918e-01 -2.2478e-01 1.6928e-01 7.8367e-01 -3.2197e-01 1.5977e-01 1.5977e-01 7.8367e-01 -3.2197e-01 1.5977e-01 1.5312e-01 1.0000e+00 1.0000e+00 4.2082e-01 2.4355e-01 4.1673e-01 2.4355e-01 -4.0183e-01 -3.9546e-01 4.0715e-01 4.0715e-01 -4.0183e-01 8.6239e-01 4.0608e-01 4.0608e-01 8.4108e-01 4.2419e-01 -1.9014e-01 2.6317e-02 6.4485e-01 6.4485e-01 5.9334e-02 -4.0194e-02 1.2591e-02 8.8167e-03 -1.1017e-02 -1.5865e-02 -1.5865e-02 2.2002e-03 -1.2120e-02 5.6470e-02 -2.0890e-02 4.2905e-02 -9.1012e-03 -1.7248e-02 4.4376e-02 4.5843e-02 4.5843e-02 4.8530e-02 4.9258e-02 -9.6451e-03 2.0355e-02 3.9040e-02 -7.2362e-03 -7.2276e-02 8.8167e-03 8.8167e-03 1.3757e-02 -1.8727e-02 -1.8727e-02 6.9166e-02 2.2002e-03 2.2002e-03 8.8167e-03 5.8347e-02 6.6825e-02 8.8167e-03 8.8167e-03 5.5018e-02 -4.9332e-03 -3.0617e-03 5.5018e-02 -1.8727e-02 5.5018e-02 1.6541e-02 4.9810e-02 -2.0890e-02 -2.0890e-02 -1.7248e-02 -1.7248e-02 -1.7248e-02 6.6790e-02 7.7272e-02 1.3050e-02 -2.9361e-02 -1.0016e-01 -3.0579e-02 -9.3624e-02 9.7547e-02 9.6049e-02 1.0527e-01 -9.8733e-02 -8.5882e-02 5.2364e-02 5.2364e-02 -3.2222e-02 -1.1217e-01 1.3099e-01 9.6208e-02 2.1029e-02 5.2049e-02 -1.1636e-01 5.5025e-02 5.0114e-02 3.6761e-02 -3.0691e-02 -3.4099e-02 8.7885e-03 1.1474e-02 1.1474e-02 2.6555e-02 -6.4001e-02 -3.3448e-03 2.4944e-02 3.2477e-02 1.1707e-02 -1.2300e-02
-1.5020e-01 -1.9614e-01 -9.7848e-02 -1.7591e-01 1.7591e-01 -1.8220e-01 -1.9283e-01 7.2918e-01 -2.2478e-01 1.6928e-01 7.8367e-01 -3.2197e-01 1.5977e-01 1.5977e-01 7.8367e-01 -3.2197e-01 1.5977e-01 1.5312e-01 1.0000e+00 1.0000e+00 4.2082e-01 2.4355e-01 4.1673e-01 2.4355e-01 -4.0183e-01 -3.9546e-01 4.0715e-01 4.0715e-01 -4.0183e-01 8.6239e-01 4.0608e-01 4.0608e-01 8.4108e-01 4.2419e-01 -1.9014e-01 2.6317e-02 6.4485e-01 6.4485e-01 5.9334e-02 -4.0194e-02 1.2591e-02 8.8167e-03 -1.1017e-02 -1.5865e-02 -1.5865e-02 2.2002e-03 -1.2120e-02 5.6470e-02 -2.0890e-02 4.2905e-02 -9.1012e-03 -1.7248e-02 4.4376e-02 4.5843e-02 4.5843e-02 4.8530e-02 4.9258e-02 -9.6451e-03 2.0355e-02 3.9040e-02 -7.2362e-03 -7.2276e-02 8.8167e-03 8.8167e-03 1.3757e-02 -1.8727e-02 -1.8727e-02 6.9166e-02 2.2002e-03 2.2002e-03 8.8167e-03 5.8347e-02 6.6825e-02 8.8167e-03 8.8167e-03 5.5018e-02 -4.9332e-03 -3.0617e-03 5.5018e-02 -1.8727e-02 5.5018e-02 1.6541e-02 4.9810e-02 -2.0890e-02 -2.0890e-02 -1.7248e-02 -1.7248e-02 -1.7248e-02 6.6790e-02 7.7272e-02 1.3050e-02 -2.9361e-02 -1.0016e-01 -3.0579e-02 -9.3624e-02 9.7547e-02 9.6049e-02 1.0527e-01 -9.8733e-02 -8.5882e-02 5.2364e-02 5.2364e-02 -3.2222e-02 -1.1217e-01 1.3099e-01 9.6208e-02 2.1029e-02 5.2049e-02 -1.1636e-01 5.5025e-02 5.0114e-02 3.6761e-02 -3.0691e-02 -3.4099e-02 8.7885e-03 1.1474e-02 1.1474e-02 2.6555e-02 -6.4001e-02 -3.3448e-03 2.4944e-02 3.2477e-02 1.1707e-02 -1.2300e-02
-6.2510e-02 -2.1820e-01 -9.2989e-02 -2.6189e-01 2.6189e-01 -2.0528e-01 -2.7801e-01 3.0371e-01 -2.9852e-01 5.0344e-01 3.4233e-01 -5.8948e-01 4.7733e-01 4.7733e-01 3.4233e-01 -5.8948e-01 4.7733e-01 4.8749e-01 4.2082e-01 4.2082e-01 1.0000e+00 8.7818e-01 9.8816e-01 8.7818e-01 -9.5434e-01 -9.3989e-01 9.6640e-01 9.6640e-01 -9.5434e-01 3.7723e-01 9.6399e-01 9.6399e-01 3.7229e-01 9.2468e-01 -5.9346e-01 -3.0910e-01 2.7029e-01 2.7029e-01 -4.0814e-02 1.2763e-02 -2.0257e-02 -2.8272e-02 -4.3875e-03 1.0378e-02 1.0378e-02 -1.0330e-02 7.1035e-03 -3.8888e-03 8.2696e-03 -4.4466e-04 -9.7670e-04 4.9320e-03 3.0595e-03 6.5550e-03 6.5550e-03 1.5022e-02 8.0237e-03 -1.0097e-02 -9.8841e-03 3.6285e-03 -2.7914e-03 6.2389e-03 -1.6529e-02 -1.6529e-02 -1.2931e-02 6.1425e-03 6.1425e-03 -1.7705e-02 -1.0330e-02 -1.0330e-02 -1.6529e-02 -1.0402e-02 -1.5394e-02 -1.6529e-02 -1.6529e-02 -1.1813e-02 -5.2962e-03 -9.7670e-04 -1.1813e-02 6.1425e-03 -1.1813e-02 -1.2903e-02 -1.6027e-02 8.2696e-03 8.2696e-03 4.9320e-03 4.9320e-03 4.9320e-03 -1.5560e-02 -3.7553e-02 -1.0330e-02 9.3985e-03 3.3816e-02 5.4048e-02 2.2111e-02 -1.9454e-02 -1.7877e-02 -1.4625e-02 -7.8363e-03 4.0370e-03 -1.3091e-02 -1.3091e-02 -2.7746e-02 9.3187e-03 -1.1163e-02 -1.4992e-02 -6.8976e-03 -1.1734e-02 7.6316e-03 -1.6027e-02 -3.4867e-02 -3.9056e-02 1.8242e-03 -5.6313e-04 -3.2522e-02 -5.3410e-02 -5.3410e-02 -7.2123e-02 -8.1519e-03 -7.7432e-03 5.2942e-02 6.2758e-02 2.5394e-02 8.3844e-03
-9.9940e-02 -1.9977e-01 -1.5815e-01 -2.4349e-01 2.4349e-01 -1.8407e-01 -2.4532e-01 3.5445e-01 -2.4302e-01 4.5006e-01 3.9077e-01 -5.3098e-01 6.2405e-01 6.2405e-01 3.9077e-01 -5.3098e-01 6.2405e-01 6.3611e-01 2.4355e-01 2.4355e-01 8.7818e-01 1.0000e+00 8.8871e-01 1.0000e+00 -8.5930e-01 -8.4675e-01 8.6978e-01 8.6978e-01 -8.5930e-01 4.2956e-01 8.6769e-01 8.6769e-01 4.2393e-01 8.2665e-01 -5.6056e-01 -3.3553e-01 2.9183e-01 2.9183e-01 3.4832e-03 7.8830e-03 -8.1687e-03 -1.5337e-02 -2.3850e-02 -2.0261e-02 -2.0261e-02 4.0733e-03 -2.6104e-02 3.4705e-02 -2.2806e-02 3.8278e-02 -3.3521e-02 -2.8739e-02 4.1308e-02 4.4331e-02 4.4331e-02 3.3784e-02 4.6048e-02 1.0447e-02 -1.9980e-02 4.5632e-02 -3.5678e-02 -1.7035e-02 -4.1240e-03 -4.1240e-03 -2.3531e-02 -2.5374e-02 -2.5374e-02 2.0590e-02 4.0733e-03 4.0733e-03 -4.1240e-03 3.0679e-02 2.4480e-02 -4.1240e-03 -4.1240e-03 3.3641e-02 -4.3072e-02 -3.9385e-02 3.3641e-02 -2.5374e-02 3.3641e-02 -1.1253e-02 3.7893e-02 -2.2806e-02 -2.2806e-02 -2.8739e-02 -2.8739e-02 -2.8739e-02 1.4723e-02 1.6332e-02 -6.4608e-03 -1.9635e-02 -1.1483e-02 6.1546e-02 -1.6007e-03 -1.4787e-02 -1.2977e-02 7.3255e-03 -4.4279e-02 -3.5871e-02 -3.8190e-02 -3.8190e-02 -6.7770e-03 1.9578e-03 -1.5546e-02 2.1242e-02 -5.4424e-02 -3.5676e-02 1.6536e-05 -4.1292e-02 -1.8505e-03 -2.3832e-02 2.2197e-02 2.0449e-02 -4.5750e-02 -5.4740e-02 -5.4740e-02 -7.2047e-02 3.4961e-03 -5.4151e-03 4.7531e-02 6.1476e-02 1.2642e-02 -6.9068e-03
-4.9256e-02 -2.2025e-01 -9.2926e-02 -2.6242e-01 2.6242e-01 -2.0789e-01 -2.8137e-01 3.0813e-01 -2.9324e-01 5.0469e-01 3.4652e-01 -5.8094e-01 4.6846e-01 4.6846e-01 3.4652e-01 -5.8094e-01 4.6846e-01 4.7867e-01 4.1673e-01 4.1673e-01 9.8816e-01 8.8871e-01 1.0000e+00 8.8871e-01 -9.6691e-01 -9.5279e-01 9.7871e-01 9.7871e-01 -9.6691e-01 3.8175e-01 9.7635e-01 9.7635e-01 3.7675e-01 9.3655e-01 -6.0852e-01 -3.1312e-01 2.7444e-01 2.7444e-01 -3.2827e-02 1.0372e-02 -1.8099e-02 -2.6045e-02 -6.3858e-03 6.6783e-03 6.6783e-03 -8.0433e-03 3.1509e-03 3.9858e-03 4.5277e-03 3.0091e-03 -2.5575e-03 9.3418e-04 6.4675e-03 9.9174e-03 9.9174e-03 1.5910e-02 1.1408e-02 -8.2120e-03 -7.3281e-03 6.9479e-03 -4.3983e-03 -2.6139e-03 -1.4358e-02 -1.4358e-02 -1.0386e-02 2.3578e-03 2.3578e-03 -8.2598e-03 -8.0433e-03 -8.0433e-03 -1.4358e-02 -2.7555e-03 -5.7616e-03 -1.4358e-02 -1.4358e-02 -4.1910e-03 -6.8215e-03 -2.5575e-03 -4.1910e-03 2.3578e-03 -4.1910e-03 -1.0719e-02 -3.6873e-03 4.5277e-03 4.5277e-03 9.3418e-04 9.3418e-04 9.3418e-04 -1.0013e-02 -3.0887e-02 -8.0433e-03 5.8581e-03 2.5220e-02 5.4696e-02 1.4344e-02 -1.3851e-02 -1.2244e-02 -7.0531e-03 -1.6517e-02 -5.0344e-03 -1.5376e-02 -1.5376e-02 -2.5810e-02 2.6709e-03 -6.0370e-03 -7.8502e-03 -1.2272e-02 -1.3915e-02 9.4791e-04 -1.8326e-02 -3.3882e-02 -3.4760e-02 6.7273e-03 4.3860e-03 -4.0786e-02 -5.8978e-02 -5.8978e-02 -7.7265e-02 -7.0813e-03 -4.6251e-03 5.2875e-02 6.6373e-02 2.0196e-02 6.6558e-03
-9.9940e-02 -1.9977e-01 -1.5815e-01 -2.4349e-01 2.4349e-01 -1.8407e-01 -2.4532e-01 3.5445e-01 -2.4302e-01 4.5006e-01 3.9077e-01 -5.3098e-01 6.2405e-01 6.2405e-01 3.9077e-01 -5.3098e-01 6.2405e-01 6.3611e-01 2.4355e-01 2.4355e-01 8.7818e-01 1.0000e+00 8.8871e-01 1.0000e+00 -8.5930e-01 -8.4675e-01 8.6978e-01 8.6978e-01 -8.5930e-01 4.2956e-01 8.6769e-01 8.6769e-01 4.2393e-01 8.2665e-01 -5.6056e-01 -3.3553e-01 2.9183e-01 2.9183e-01 3.4832e-03 7.8830e-03 -8.1687e-03 -1.5337e-02 -2.3850e-02 -2.0261e-02 -2.0261e-02 4.0733e-03 -2.6104e-02 3.4705e-02 -2.2806e-02 3.8278e-02 -3.3521e-02 -2.8739e-02 4.1308e-02 4.4331e-02 4.4331e-02 3.3784e-02 4.6048e-02 1.0447e-02 -1.9980e-02 4.5632e-02 -3.5678e-02 -1.7035e-02 -4.1240e-03 -4.1240e-03 -2.3531e-02 -2.5374e-02 -2.5374e-02 2.0590e-02 4.0733e-03 4.0733e-03 -4.1240e-03 3.0679e-02 2.4480e-02 -4.1240e-03 -4.1240e-03 3.3641e-02 -4.3072e-02 -3.9385e-02 3.3641e-02 -2.5374e-02 3.3641e-02 -1.1253e-02 3.7893e-02 -2.2806e-02 -2.2806e-02 -2.8739e-02 -2.8739e-02 -2.8739e-02 1.4723e-02 1.6332e-02 -6.4608e-03 -1.9635e-02 -1.1483e-02 6.1546e-02 -1.6007e-03 -1.4787e-02 -1.2977e-02 7.3255e-03 -4.4279e-02 -3.5871e-02 -3.8190e-02 -3.8190e-02 -6.7770e-03 1.9578e-03 -1.5546e-02 2.1242e-02 -5.4424e-02 -3.5676e-02 1.6536e-05 -4.1292e-02 -1.8505e-03 -2.3832e-02 2.2197e-02 2.0449e-02 -4.5750e-02 -5.4740e-02 -5.4740e-02 -7.2047e-02 3.4961e-03 -5.4151e-03 4.7531e-02 6.1476e-02 1.2642e-02 -6.9068e-03
5.5425e-02 1.9907e-01 9.5855e-02 2.4714e-01 -2.4714e-01 1.8449e-01 2.9451e-01 -2.9574e-01 3.0827e-01 -4.8410e-01 -3.3481e-01 5.5711e-01 -4.4394e-01 -4.4394e-01 -3.3481e-01 5.5711e-01 -4.4394e-01 -4.5375e-01 -4.0183e-01 -4.0183e-01 -9.5434e-01 -8.5930e-01 -9.6691e-01 -8.5930e-01 1.0000e+00 9.8539e-01 -9.8795e-01 -9.8795e-01 1.0000e+00 -3.6912e-01 -9.8548e-01 -9.8548e-01 -3.6428e-01 -9.4633e-01 6.3575e-01 3.3283e-01 -2.7378e-01 -2.7378e-01 4.3621e-02 -5.2817e-03 2.4205e-02 3.2349e-02 -5.4230e-04 -1.8606e-02 -1.8606e-02 1.4509e-02 -1.5826e-02 -3.3960e-03 -1.6581e-02 -1.2764e-03 -3.1480e-03 -1.3744e-02 -4.8554e-03 -8.4257e-03 -8.4257e-03 -2.4031e-02 -9.8652e-03 1.3542e-02 1.4553e-02 -5.5572e-03 -1.3838e-03 7.8865e-03 2.0498e-02 2.0498e-02 1.7580e-02 -1.4538e-02 -1.4538e-02 1.2094e-02 1.4509e-02 1.4509e-02 2.0498e-02 2.8913e-03 9.9530e-03 2.0498e-02 2.0498e-02 4.2791e-03 1.2778e-03 -3.1480e-03 4.2791e-03 -1.4538e-02 4.2791e-03 1.6893e-02 3.5653e-03 -1.6581e-02 -1.6581e-02 -1.3744e-02 -1.3744e-02 -1.3744e-02 3.1801e-04 2.8988e-02 1.4509e-02 -1.7317e-02 -2.7422e-02 -5.2886e-02 -9.8882e-03 4.2683e-03 2.6968e-03 1.1911e-02 9.2448e-03 -3.1347e-03 8.9239e-03 8.9239e-03 3.1291e-02 5.4403e-03 -4.3483e-03 1.1719e-02 -1.3158e-02 7.7581e-03 7.1249e-03 1.1837e-02 3.8507e-02 4.6912e-02 -1.6318e-02 -1.3738e-02 3.1085e-02 5.3832e-02 5.3832e-02 7.3692e-02 1.0109e-02 -3.3240e-03 -5.0396e-02 -6.6186e-02 -2.3972e-02 -1.3420e-02
4.4642e-02 2.0503e-01 1.0694e-01 2.5414e-01 -2.5414e-01 1.9011e-01 3.0037e-01 -2.9043e-01 2.7270e-01 -4.6434e-01 -3.2980e-01 5.3535e-01 -4.2479e-01 -4.2479e-01 -3.2980e-01 5.3535e-01 -4.2479e-01 -4.3438e-01 -3.9546e-01 -3.9546e-01 -9.3989e-01 -8.4675e-01 -9.5279e-01 -8.4675e-01 9.8539e-01 1.0000e+00 -9.7351e-01 -9.7351e-01 9.8539e-01 -3.6373e-01 -9.7098e-01 -9.7098e-01 -3.5896e-01 -9.3240e-01 6.1789e-01 3.0820e-01 -2.6886e-01 -2.6886e-01 4.0589e-02 -6.8438e-03 1.4794e-02 2.3190e-02 -1.7273e-03 -1.4309e-02 -1.4309e-02 6.1373e-03 -1.1636e-02 -1.7237e-03 -1.2296e-02 9.2333e-04 -3.8626e-03 -9.5645e-03 -2.7115e-03 -6.3373e-03 -6.3373e-03 -1.8257e-02 -7.7535e-03 2.4099e-03 7.6196e-03 -3.5156e-03 -2.1263e-03 6.4091e-03 1.1263e-02 1.1263e-02 1.0539e-02 -1.0264e-02 -1.0264e-02 1.0041e-02 6.1373e-03 6.1373e-03 1.1263e-02 4.3551e-03 8.0272e-03 1.1263e-02 1.1263e-02 5.7210e-03 6.3066e-04 -3.8626e-03 5.7210e-03 -1.0264e-02 5.7210e-03 7.8278e-03 4.9107e-03 -1.2296e-02 -1.2296e-02 -9.5645e-03 -9.5645e-03 -9.5645e-03 4.8008e-03 2.9524e-02 6.1373e-03 -1.2938e-02 -2.4785e-02 -5.2114e-02 -1.1459e-02 8.8181e-03 7.2784e-03 1.3341e-02 1.1903e-02 -8.0155e-04 1.6823e-02 1.6823e-02 1.9991e-02 5.6274e-03 -3.4080e-04 7.8967e-03 -9.5517e-03 1.6273e-02 7.2880e-03 1.9610e-02 4.2518e-02 5.2243e-02 -2.2204e-02 -1.9511e-02 3.9270e-02 5.2360e-02 5.2360e-02 7.2941e-02 1.1437e-02 4.2760e-04 -4.8686e-02 -6.5475e-02 -2.3016e-02 -1.3684e-02
-5.5419e-02 -1.9419e-01 -1.0927e-01 -2.4142e-01 2.4142e-01 -1.7988e-01 -2.8974e-01 3.0017e-01 -3.0282e-01 4.7525e-01 3.3898e-01 -5.4851e-01 4.4000e-01 4.4000e-01 3.3898e-01 -5.4851e-01 4.4000e-01 4.4987e-01 4.0715e-01 4.0715e-01 9.6640e-01 8.6978e-01 9.7871e-01 8.6978e-01 -9.8795e-01 -9.7351e-01 1.0000e+00 1.0000e+00 -9.8795e-01 3.7362e-01 9.9759e-01 9.9759e-01 3.6873e-01 9.5796e-01 -6.2586e-01 -3.2569e-01 2.7788e-01 2.7788e-01 -2.5764e-02 9.4543e-03 -2.2002e-02 -3.0073e-02 -1.4269e-02 1.8918e-04 1.8918e-04 -1.2178e-02 -3.1863e-03 1.1304e-02 -1.9441e-03 9.7424e-03 -1.0799e-02 -5.3856e-03 1.3268e-02 1.6785e-02 1.6785e-02 1.9005e-02 1.8252e-02 -1.1620e-02 -1.1948e-02 1.3861e-02 -1.2624e-02 -3.6463e-03 -1.8283e-02 -1.8283e-02 -1.4986e-02 -4.0967e-03 -4.0967e-03 -2.5893e-03 -1.2178e-02 -1.2178e-02 -1.8283e-02 4.7876e-03 -2.5880e-04 -1.8283e-02 -1.8283e-02 3.3748e-03 -1.5133e-02 -1.0799e-02 3.3748e-03 -4.0967e-03 3.3748e-03 -1.4666e-02 3.9892e-03 -1.9441e-03 -1.9441e-03 -5.3856e-03 -5.3856e-03 -5.3856e-03 -5.7712e-03 -2.2298e-02 -1.2178e-02 -7.4684e-04 1.8774e-02 5.3531e-02 6.9742e-03 -9.6841e-03 -8.1037e-03 -9.1220e-03 -1.2946e-02 -9.0408e-04 -1.1248e-02 -1.1248e-02 -2.9312e-02 -4.3947e-04 -1.3154e-03 -9.3007e-03 -8.6143e-04 -9.9754e-03 -2.1329e-03 -1.4174e-02 -3.7486e-02 -4.2527e-02 1.5359e-02 1.2854e-02 -3.9422e-02 -5.9434e-02 -5.9434e-02 -7.8854e-02 -9.0169e-03 -1.0261e-02 5.0328e-02 6.5276e-02 2.3255e-02 1.1648e-02
