1.0000e+00 -3.4305e-01 7.7512e-01 4.3117e-01 -1.1846e-01 -3.7282e-02 4.6447e-02 1.7344e-01 -3.2143e-02
-3.4305e-01 1.0000e+00 -2.8176e-01 -1.6522e-01 4.6815e-01 -1.5034e-02 -4.8749e-02 -4.6910e-02 -4.1931e-02
7.7512e-01 -2.8176e-01 1.0000e+00 -1.1008e-01 -1.1619e-01 -3.0621e-02 1.8553e-02 2.5023e-01 -7.8752e-02
4.3117e-01 -1.6522e-01 -1.1008e-01 1.0000e+00 -5.9454e-03 -1.7956e-02 9.4389e-03 -2.8007e-02 6.9065e-02
-1.1846e-01 4.6815e-01 -1.1619e-01 -5.9454e-03 1.0000e+00 -6.4482e-02 4.9113e-02 -4.6737e-02 -1.4357e-02
-3.7282e-02 -1.5034e-02 -3.0621e-02 -1.7956e-02 -6.4482e-02 1.0000e+00 -1.4752e-02 -2.3350e-02 4.4247e-02
4.6447e-02 -4.8749e-02 1.8553e-02 9.4389e-03 4.9113e-02 -1.4752e-02 1.0000e+00 -5.2276e-02 -3.4375e-02
1.7344e-01 -4.6910e-02 2.5023e-01 -2.8007e-02 -4.6737e-02 -2.3350e-02 -5.2276e-02 1.0000e+00 -1.8842e-01
-3.2143e-02 -4.1931e-02 -7.8752e-02 6.9065e-02 -1.4357e-02 4.4247e-02 -3.4375e-02 -1.8842e-01 1.0000e+00
