1.0000e+00 -1.0044e-01 -9.7217e-02 -4.5581e-02 -9.7284e-02 -4.8496e-02 -1.6428e-01 -5.1359e-02 -3.7889e-02 2.0708e-01 9.2213e-02 -3.3808e-02 -1.0669e-01 -4.6789e-02 -1.2856e-01 -2.9924e-02 -1.1572e-01 1.9807e-02 -1.1316e-01 -1.3635e-01 -7.2190e-02 1.2559e-02 1.8371e-02 -8.0140e-03 8.4307e-02 8.0293e-02 9.8706e-03 5.6812e-02 -3.1730e-02
-1.0044e-01 1.0000e+00 -9.0475e-02 -4.2420e-02 5.4148e-02 -4.1269e-02 -1.2795e-01 -1.2042e-03 9.1001e-03 -1.6996e-01 -1.0452e-02 8.9008e-03 -3.0875e-02 2.3661e-01 -2.2084e-02 3.2661e-02 -5.4064e-02 1.8142e-02 -5.4312e-02 -3.8469e-02 7.6720e-03 -5.6188e-02 1.6808e-02 1.7334e-02 2.7544e-02 2.4221e-02 6.2228e-02 1.2370e-02 -3.3018e-02
-9.7217e-02 -9.0475e-02 1.0000e+00 -4.1057e-02 -4.8706e-02 -7.0477e-02 -1.3337e-01 -2.2322e-02 -3.0403e-02 -1.6612e-02 -3.7620e-02 -4.2519e-02 6.7805e-02 -4.2145e-02 9.5947e-02 -5.8631e-02 4.2052e-02 -6.4393e-02 1.4002e-01 8.8225e-02 -6.7506e-02 -4.3727e-03 -2.1467e-02 6.4873e-03 3.7033e-02 4.3048e-02 -2.1514e-03 -3.9942e-02 1.0262e-02
-4.5581e-02 -4.2420e-02 -4.1057e-02 1.0000e+00 -4.5839e-02 -3.3044e-02 -5.6109e-02 -2.1690e-02 -2.4325e-02 1.5854e-02 -1.7638e-02 -2.8599e-02 4.1099e-03 8.4866e-02 -3.9502e-04 1.0813e-02 -1.0488e-02 -3.7061e-02 3.7309e-03 1.6154e-03 -2.9343e-02 6.5342e-02 -3.7357e-02 -3.4003e-02 -4.7526e-02 -4.8548e-02 -2.2599e-02 -1.8727e-02 1.8850e-02
-9.7284e-02 5.4148e-02 -4.8706e-02 -4.5839e-02 1.0000e+00 -7.8685e-02 -8.9075e-02 2.5451e-01 5.9795e-02 4.9003e-02 3.8023e-02 -3.4343e-02 -5.7531e-02 2.3983e-01 -6.9441e-02 -3.0450e-02 8.1272e-03 1.2590e-01 -3.7671e-02 5.5884e-04 -4.7838e-02 -3.2222e-03 4.0962e-03 6.3378e-02 -1.2032e-02 -1.5284e-02 -1.1749e-02 -1.9419e-02 -1.8262e-02
-4.8496e-02 -4.1269e-02 -7.0477e-02 -3.3044e-02 -7.8685e-02 1.0000e+00 -1.8005e-02 -3.7233e-02 6.1963e-02 -3.6915e-02 4.9762e-03 -2.6785e-02 6.5494e-03 -3.3920e-02 -2.2785e-02 -2.4054e-02 9.2171e-03 4.2518e-02 -5.9012e-03 3.7385e-03 -5.8095e-02 -1.6681e-02 6.1471e-03 -2.0215e-02 1.0909e-02 8.4063e-03 4.4595e-02 -3.2147e-02 -3.8874e-02
-1.6428e-01 -1.2795e-01 -1.3337e-01 -5.6109e-02 -8.9075e-02 -1.8005e-02 1.0000e+00 1.9898e-01 -5.5432e-02 6.1629e-02 -7.6822e-02 -4.6210e-02 9.6739e-02 -3.0109e-02 1.2120e-01 -4.7349e-02 2.5223e-02 -1.4627e-01 1.0189e-01 2.9992e-02 2.1159e-01 3.1723e-02 1.7748e-02 1.8009e-02 -1.9368e-02 -2.1354e-02 -5.4125e-02 -4.9667e-03 3.0856e-02
-5.1359e-02 -1.2042e-03 -2.2322e-02 -2.1690e-02 2.5451e-01 -3.7233e-02 1.9898e-01 1.0000e+00 -2.7409e-02 4.5317e-02 -1.9874e-02 6.6609e-02 -6.0322e-02 1.6439e-01 -4.9419e-02 7.1527e-02 -3.3354e-02 -4.1759e-02 1.4476e-02 1.7507e-02 5.8217e-02 2.1448e-02 -1.6146e-02 -1.0139e-02 -4.1212e-02 -4.2463e-02 1.5588e-02 -2.1101e-02 1.2604e-02
-3.7889e-02 9.1001e-03 -3.0403e-02 -2.4325e-02 5.9795e-02 6.1963e-02 -5.5432e-02 -2.7409e-02 1.0000e+00 -1.7147e-01 -2.2288e-02 -3.6138e-02 -3.9014e-02 -2.4970e-02 -2.5607e-02 -3.4737e-02 2.1346e-01 4.6883e-01 -3.4277e-02 1.5941e-01 -3.9441e-02 1.0973e-02 9.2466e-02 5.8144e-02 5.1430e-02 4.9236e-02 -2.8557e-02 -2.3664e-02 1.7480e-02
2.0708e-01 -1.6996e-01 -1.6612e-02 1.5854e-02 4.9003e-02 -3.6915e-02 6.1629e-02 4.5317e-02 -1.7147e-01 1.0000e+00 -1.3282e-01 -1.6502e-01 -4.6649e-01 -1.4879e-01 -4.0979e-01 -1.5481e-01 -4.6562e-01 -1.3541e-01 -3.0745e-01 -3.7035e-01 -5.9266e-02 -3.2593e-02 -3.8609e-03 3.6612e-02 -4.3939e-02 -4.4027e-02 -4.4755e-02 9.9173e-02 6.1878e-03
9.2213e-02 -1.0452e-02 -3.7620e-02 -1.7638e-02 3.8023e-02 4.9762e-03 -7.6822e-02 -1.9874e-02 -2.2288e-02 -1.3282e-01 1.0000e+00 -2.6204e-02 1.9319e-01 -1.8106e-02 -7.6220e-02 -2.5188e-02 1.0598e-01 3.4845e-01 -7.3689e-02 -7.9406e-02 -6.1145e-02 1.1228e-01 -2.5798e-03 3.2113e-03 5.2788e-04 -7.6526e-04 -2.0707e-02 -1.7159e-02 -5.6467e-02
-3.3808e-02 8.9008e-03 -4.2519e-02 -2.8599e-02 -3.4343e-02 -2.6785e-02 -4.6210e-02 6.6609e-02 -3.6138e-02 -1.6502e-01 -2.6204e-02 1.0000e+00 -1.3564e-01 -2.9357e-02 -1.2358e-01 8.5575e-01 2.0605e-01 -5.5060e-02 -1.0789e-01 1.7905e-01 1.3253e-01 -4.8609e-02 -3.5473e-02 -2.8771e-02 -3.3876e-02 -2.2872e-02 -3.3574e-02 1.0103e-02 1.7098e-02
-1.0669e-01 -3.0875e-02 6.7805e-02 4.1099e-03 -5.7531e-02 6.5494e-03 9.6739e-02 -6.0322e-02 -3.9014e-02 -4.6649e-01 1.9319e-01 -1.3564e-01 1.0000e+00 -9.3723e-02 9.0617e-01 -1.1903e-01 6.9817e-01 3.2588e-02 5.2660e-01 4.2186e-01 2.1550e-01 1.1612e-01 -4.7844e-02 -3.9556e-02 8.6201e-02 8.4350e-02 -2.5332e-02 -3.9834e-02 -4.7798e-03
-4.6789e-02 2.3661e-01 -4.2145e-02 8.4866e-02 2.3983e-01 -3.3920e-02 -3.0109e-02 1.6439e-01 -2.4970e-02 -1.4879e-01 -1.8106e-02 -2.9357e-02 -9.3723e-02 1.0000e+00 -8.5389e-02 -2.8218e-02 -1.0494e-01 -3.8044e-02 -6.6141e-02 -9.2661e-02 -3.2040e-02 -3.3587e-02 -3.8347e-02 -3.4904e-02 -6.8054e-02 -6.8947e-02 2.1681e-02 -1.9224e-02 -2.1073e-03
-1.2856e-01 -2.2084e-02 9.5947e-02 -3.9502e-04 -6.9441e-02 -2.2785e-02 1.2120e-01 -4.9419e-02 -2.5607e-02 -4.0979e-01 -7.6220e-02 -1.2358e-01 9.0617e-01 -8.5389e-02 1.0000e+00 -1.0697e-01 6.7208e-01 -1.2399e-01 5.9276e-01 4.5232e-01 2.3673e-01 8.0573e-02 -4.4712e-02 -2.9945e-02 9.0124e-02 8.9062e-02 -1.2426e-02 -2.9916e-02 4.0328e-03
-2.9924e-02 3.2661e-02 -5.8631e-02 1.0813e-02 -3.0450e-02 -2.4054e-02 -4.7349e-02 7.1527e-02 -3.4737e-02 -1.5481e-01 -2.5188e-02 8.5575e-01 -1.1903e-01 -2.8218e-02 -1.0697e-01 1.0000e+00 2.6889e-01 -5.2925e-02 -1.0283e-01 2.3003e-01 1.8502e-01 -4.6725e-02 -3.2578e-02 -2.6005e-02 -2.7659e-02 -1.6149e-02 -3.2272e-02 1.2590e-02 1.4979e-02
-1.1572e-01 -5.4064e-02 4.2052e-02 -1.0488e-02 8.1272e-03 9.2171e-03 2.5223e-02 -3.3354e-02 2.1346e-01 -4.6562e-01 1.0598e-01 2.0605e-01 6.9817e-01 -1.0494e-01 6.7208e-01 2.6889e-01 1.0000e+00 3.6252e-01 5.0840e-01 6.5179e-01 2.1578e-01 3.1212e-02 -2.4280e-02 -1.8526e-02 4.9209e-02 5.1955e-02 -6.7547e-02 -2.0947e-02 3.4380e-02
1.9807e-02 1.8142e-02 -6.4393e-02 -3.7061e-02 1.2590e-01 4.2518e-02 -1.4627e-01 -4.1759e-02 4.6883e-01 -1.3541e-01 3.4845e-01 -5.5060e-02 3.2588e-02 -3.8044e-02 -1.2399e-01 -5.2925e-02 3.6252e-01 1.0000e+00 -1.0889e-01 1.7157e-01 -7.7443e-02 2.6237e-02 3.9244e-02 2.0759e-02 -4.6557e-03 -7.3261e-03 -1.8383e-02 2.4096e-02 -1.6699e-03
-1.1316e-01 -5.4312e-02 1.4002e-01 3.7309e-03 -3.7671e-02 -5.9012e-03 1.0189e-01 1.4476e-02 -3.4277e-02 -3.0745e-01 -7.3689e-02 -1.0789e-01 5.2660e-01 -6.6141e-02 5.9276e-01 -1.0283e-01 5.0840e-01 -1.0889e-01 1.0000e+00 7.5862e-01 1.7284e-01 3.7648e-02 -2.8304e-02 6.5902e-03 6.4615e-02 6.4056e-02 6.6598e-03 -4.3672e-02 4.7825e-02
-1.3635e-01 -3.8469e-02 8.8225e-02 1.6154e-03 5.5884e-04 3.7385e-03 2.9992e-02 1.7507e-02 1.5941e-01 -3.7035e-01 -7.9406e-02 1.7905e-01 4.2186e-01 -9.2661e-02 4.5232e-01 2.3003e-01 6.5179e-01 1.7157e-01 7.5862e-01 1.0000e+00 2.1397e-01 7.1292e-03 -1.3769e-02 2.0738e-02 4.8638e-02 5.6408e-02 -5.6469e-03 -5.5066e-02 6.3401e-02
-7.2190e-02 7.6720e-03 -6.7506e-02 -2.9343e-02 -4.7838e-02 -5.8095e-02 2.1159e-01 5.8217e-02 -3.9441e-02 -5.9266e-02 -6.1145e-02 1.3253e-01 2.1550e-01 -3.2040e-02 2.3673e-01 1.8502e-01 2.1578e-01 -7.7443e-02 1.7284e-01 2.1397e-01 1.0000e+00 -1.0904e-02 1.2414e-02 2.5221e-02 1.5614e-01 1.6297e-01 4.9964e-02 5.0264e-02 2.0565e-02
1.2559e-02 -5.6188e-02 -4.3727e-03 6.5342e-02 -3.2222e-03 -1.6681e-02 3.1723e-02 2.1448e-02 1.0973e-02 -3.2593e-02 1.1228e-01 -4.8609e-02 1.1612e-01 -3.3587e-02 8.0573e-02 -4.6725e-02 3.1212e-02 2.6237e-02 3.7648e-02 7.1292e-03 -1.0904e-02 1.0000e+00 -6.3496e-02 -5.7796e-02 -8.9810e-02 -9.1473e-02 -3.8412e-02 1.7350e-03 -1.6226e-02
1.8371e-02 1.6808e-02 -2.1467e-02 -3.7357e-02 4.0962e-03 6.1471e-03 1.7748e-02 -1.6146e-02 9.2466e-02 -3.8609e-03 -2.5798e-03 -3.5473e-02 -4.7844e-02 -3.8347e-02 -4.4712e-02 -3.2578e-02 -2.4280e-02 3.9244e-02 -2.8304e-02 -1.3769e-02 1.2414e-02 -6.3496e-02 1.0000e+00 1.2241e-01 -4.7229e-02 -4.9576e-02 -4.3856e-02 -3.6342e-02 -3.9839e-03
-8.0140e-03 1.7334e-02 6.4873e-03 -3.4003e-02 6.3378e-02 -2.0215e-02 1.8009e-02 -1.0139e-02 5.8144e-02 3.6612e-02 3.2113e-03 -2.8771e-02 -3.9556e-02 -3.4904e-02 -2.9945e-02 -2.6005e-02 -1.8526e-02 2.0759e-02 6.5902e-03 2.0738e-02 2.5221e-02 -5.7796e-02 1.2241e-01 1.0000e+00 1.0395e-01 1.0062e-01 -3.9919e-02 -3.3080e-02 6.2835e-02
8.4307e-02 2.7544e-02 3.7033e-02 -4.7526e-02 -1.2032e-02 1.0909e-02 -1.9368e-02 -4.1212e-02 5.1430e-02 -4.3939e-02 5.2788e-04 -3.3876e-02 8.6201e-02 -6.8054e-02 9.0124e-02 -2.7659e-02 4.9209e-02 -4.6557e-03 6.4615e-02 4.8638e-02 1.5614e-01 -8.9810e-02 -4.7229e-02 1.0395e-01 1.0000e+00 9.8705e-01 1.4763e-01 -2.5944e-02 -3.4865e-02
8.0293e-02 2.4221e-02 4.3048e-02 -4.8548e-02 -1.5284e-02 8.4063e-03 -2.1354e-02 -4.2463e-02 4.9236e-02 -4.4027e-02 -7.6526e-04 -2.2872e-02 8.4350e-02 -6.8947e-02 8.9062e-02 -1.6149e-02 5.1955e-02 -7.3261e-03 6.4056e-02 5.6408e-02 1.6297e-01 -9.1473e-02 -4.9576e-02 1.0062e-01 9.8705e-01 1.0000e+00 1.4478e-01 -2.7102e-02 -1.7320e-02
9.8706e-03 6.2228e-02 -2.1514e-03 -2.2599e-02 -1.1749e-02 4.4595e-02 -5.4125e-02 1.5588e-02 -2.8557e-02 -4.4755e-02 -2.0707e-02 -3.3574e-02 -2.5332e-02 2.1681e-02 -1.2426e-02 -3.2272e-02 -6.7547e-02 -1.8383e-02 6.6598e-03 -5.6469e-03 4.9964e-02 -3.8412e-02 -4.3856e-02 -3.9919e-02 1.4763e-01 1.4478e-01 1.0000e+00 -2.1985e-02 -6.6968e-02
5.6812e-02 1.2370e-02 -3.9942e-02 -1.8727e-02 -1.9419e-02 -3.2147e-02 -4.9667e-03 -2.1101e-02 -2.3664e-02 9.9173e-02 -1.7159e-02 1.0103e-02 -3.9834e-02 -1.9224e-02 -2.9916e-02 1.2590e-02 -2.0947e-02 2.4096e-02 -4.3672e-02 -5.5066e-02 5.0264e-02 1.7350e-03 -3.6342e-02 -3.3080e-02 -2.5944e-02 -2.7102e-02 -2.1985e-02 1.0000e+00 1.6114e-01
-3.1730e-02 -3.3018e-02 1.0262e-02 1.8850e-02 -1.8262e-02 -3.8874e-02 3.0856e-02 1.2604e-02 1.7480e-02 6.1878e-03 -5.6467e-02 1.7098e-02 -4.7798e-03 -2.1073e-03 4.0328e-03 1.4979e-02 3.4380e-02 -1.6699e-03 4.7825e-02 6.3401e-02 2.0565e-02 -1.6226e-02 -3.9839e-03 6.2835e-02 -3.4865e-02 -1.7320e-02 -6.6968e-02 1.6114e-01 1.0000e+00
