1.0000e+00 8.2936e-02 4.0886e-02 6.2469e-02 1.6100e-02 7.6548e-02 2.3255e-02 -4.6659e-02 5.1725e-03 5.1725e-03 -3.3226e-02 2.4305e-02 -5.5353e-02 2.6016e-02 3.6250e-02 5.8149e-02 5.8149e-02 5.8149e-02 -6.7430e-02 4.8386e-02 -1.5761e-02 3.5214e-02 -1.0862e-02 4.6161e-02 -3.6155e-02 -6.4835e-02
8.2936e-02 1.0000e+00 3.5218e-02 -9.6479e-02 -9.3484e-02 2.9445e-02 1.2782e-01 -4.4240e-02 -3.0945e-02 -3.0945e-02 5.1299e-02 3.8350e-02 -1.2843e-02 -3.6175e-02 1.5159e-01 4.8124e-02 4.8124e-02 4.8124e-02 2.6418e-02 -1.6200e-02 -2.8874e-03 7.2337e-03 -5.5068e-03 1.9517e-02 1.8297e-02 -6.7698e-03
4.0886e-02 3.5218e-02 1.0000e+00 3.1287e-01 2.7794e-01 3.1830e-01 1.1585e-01 6.0777e-02 5.5405e-02 4.1485e-02 5.4210e-03 -1.9503e-02 -3.2458e-02 -5.5597e-02 4.9291e-02 3.5261e-02 3.5261e-02 3.5261e-02 4.0386e-02 4.0278e-03 -6.7116e-02 1.9572e-02 1.8992e-03 -1.2756e-02 -2.1535e-02 8.8974e-02
6.2469e-02 -9.6479e-02 3.1287e-01 1.0000e+00 8.2518e-01 -1.1532e-01 -4.1231e-02 5.8211e-02 8.5304e-02 6.4906e-02 4.8236e-02 9.3579e-03 1.0360e-02 -3.9448e-02 -4.5046e-02 -2.8385e-02 -2.8385e-02 -2.8385e-02 -4.7410e-02 4.8682e-02 -1.4727e-03 -4.0623e-02 -1.9631e-02 -4.8441e-02 4.4362e-02 -4.7887e-04
1.6100e-02 -9.3484e-02 2.7794e-01 8.2518e-01 1.0000e+00 -1.3896e-01 -5.7336e-02 6.5071e-02 9.9853e-02 7.9942e-02 7.1162e-02 4.9405e-03 -1.5471e-02 -4.0788e-02 -4.6576e-02 -3.5719e-02 -3.5719e-02 -3.5719e-02 -5.0790e-02 4.0338e-02 4.9242e-03 -2.9942e-02 -4.1890e-02 -3.9213e-02 4.6038e-02 -5.2699e-02
7.6548e-02 2.9445e-02 3.1830e-01 -1.1532e-01 -1.3896e-01 1.0000e+00 -3.3408e-02 1.7014e-02 -4.3629e-03 -4.3629e-03 -1.0274e-02 -2.6363e-02 -2.1651e-02 3.1339e-02 -3.9060e-02 2.6744e-02 2.6744e-02 2.6744e-02 1.0290e-01 -1.6980e-02 -4.9443e-02 -3.0470e-05 1.0432e-02 -3.1934e-02 -1.4654e-02 4.5310e-02
2.3255e-02 1.2782e-01 1.1585e-01 -4.1231e-02 -5.7336e-02 -3.3408e-02 1.0000e+00 1.7743e-01 -5.0374e-02 -2.7821e-02 3.0664e-01 -2.7332e-02 8.3582e-02 -3.4569e-02 2.1746e-01 -3.7819e-02 -3.7819e-02 -3.7819e-02 -5.1442e-02 3.6091e-03 3.6154e-02 -2.3469e-03 4.2601e-02 1.1807e-02 4.4696e-02 -1.4818e-02
-4.6659e-02 -4.4240e-02 6.0777e-02 5.8211e-02 6.5071e-02 1.7014e-02 1.7743e-01 1.0000e+00 -4.4860e-02 -4.4860e-02 3.0477e-01 9.2872e-02 2.4142e-01 6.3924e-02 7.2995e-02 2.4785e-02 2.4785e-02 2.4785e-02 1.1408e-02 -4.3389e-02 -1.1973e-03 -6.0180e-02 -3.4606e-03 -2.8782e-02 1.3885e-02 -2.4204e-02
5.1725e-03 -3.0945e-02 5.5405e-02 8.5304e-02 9.9853e-02 -4.3629e-03 -5.0374e-02 -4.4860e-02 1.0000e+00 9.5137e-01 1.2653e-01 -2.6890e-02 9.7434e-02 -1.4631e-02 -1.6707e-02 3.6151e-02 3.6151e-02 3.6151e-02 -2.8930e-02 2.4337e-03 1.0820e-02 1.3098e-02 -2.0569e-02 -3.3040e-02 -8.7503e-02 -2.5370e-02
5.1725e-03 -3.0945e-02 4.1485e-02 6.4906e-02 7.9942e-02 -4.3629e-03 -2.7821e-02 -4.4860e-02 9.5137e-01 1.0000e+00 1.4045e-01 -2.6890e-02 9.7434e-02 -1.4631e-02 -1.6707e-02 3.6151e-02 3.6151e-02 3.6151e-02 -2.8930e-02 2.4337e-03 1.0820e-02 1.3098e-02 -2.0569e-02 -3.3040e-02 -8.7503e-02 -4.0287e-02
-3.3226e-02 5.1299e-02 5.4210e-03 4.8236e-02 7.1162e-02 -1.0274e-02 3.0664e-01 3.0477e-01 1.2653e-01 1.4045e-01 1.0000e+00 1.6118e-01 8.4747e-02 4.5729e-02 1.0335e-01 4.3205e-02 4.3205e-02 4.3205e-02 1.2593e-01 -3.4481e-02 2.5621e-02 -3.9419e-02 1.1836e-02 -1.0510e-02 -6.8178e-04 1.0399e-02
2.4305e-02 3.8350e-02 -1.9503e-02 9.3579e-03 4.9405e-03 -2.6363e-02 -2.7332e-02 9.2872e-02 -2.6890e-02 -2.6890e-02 1.6118e-01 1.0000e+00 1.2128e-01 -1.8453e-02 -2.1072e-02 3.8512e-02 3.8512e-02 3.8512e-02 -3.6488e-02 -3.8622e-02 8.1489e-03 -3.1085e-02 5.9468e-03 1.0180e-02 3.8988e-02 -1.8316e-02
-5.5353e-02 -1.2843e-02 -3.2458e-02 1.0360e-02 -1.5471e-02 -2.1651e-02 8.3582e-02 2.4142e-01 9.7434e-02 9.7434e-02 8.4747e-02 1.2128e-01 1.0000e+00 1.1503e-01 -9.9665e-02 -1.6082e-01 -1.6082e-01 -1.6082e-01 -1.6206e-01 5.4169e-02 1.4298e-01 8.7530e-03 1.5025e-01 -3.8593e-02 -1.6638e-02 -6.2362e-02
2.6016e-02 -3.6175e-02 -5.5597e-02 -3.9448e-02 -4.0788e-02 3.1339e-02 -3.4569e-02 6.3924e-02 -1.4631e-02 -1.4631e-02 4.5729e-02 -1.8453e-02 1.1503e-01 1.0000e+00 -1.1465e-02 3.8941e-02 3.8941e-02 3.8941e-02 -1.9853e-02 -3.1600e-02 7.9819e-02 -4.5076e-03 4.0280e-02 2.3876e-02 5.2407e-02 -4.7096e-02
3.6250e-02 1.5159e-01 4.9291e-02 -4.5046e-02 -4.6576e-02 -3.9060e-02 2.1746e-01 7.2995e-02 -1.6707e-02 -1.6707e-02 1.0335e-01 -2.1072e-02 -9.9665e-02 -1.1465e-02 1.0000e+00 4.4466e-02 4.4466e-02 4.4466e-02 -2.2670e-02 -3.6083e-02 -4.6440e-02 -4.1106e-02 -7.8986e-02 -2.5890e-02 1.1126e-01 -5.9443e-02
5.8149e-02 4.8124e-02 3.5261e-02 -2.8385e-02 -3.5719e-02 2.6744e-02 -3.7819e-02 2.4785e-02 3.6151e-02 3.6151e-02 4.3205e-02 3.8512e-02 -1.6082e-01 3.8941e-02 4.4466e-02 1.0000e+00 1.0000e+00 1.0000e+00 7.6999e-02 -1.1352e-01 -9.1645e-02 -8.4249e-03 -1.8437e-02 6.0583e-02 6.6852e-03 3.2335e-02
5.8149e-02 4.8124e-02 3.5261e-02 -2.8385e-02 -3.5719e-02 2.6744e-02 -3.7819e-02 2.4785e-02 3.6151e-02 3.6151e-02 4.3205e-02 3.8512e-02 -1.6082e-01 3.8941e-02 4.4466e-02 1.0000e+00 1.0000e+00 1.0000e+00 7.6999e-02 -1.1352e-01 -9.1645e-02 -8.4249e-03 -1.8437e-02 6.0583e-02 6.6852e-03 3.2335e-02
5.8149e-02 4.8124e-02 3.5261e-02 -2.8385e-02 -3.5719e-02 2.6744e-02 -3.7819e-02 2.4785e-02 3.6151e-02 3.6151e-02 4.3205e-02 3.8512e-02 -1.6082e-01 3.8941e-02 4.4466e-02 1.0000e+00 1.0000e+00 1.0000e+00 7.6999e-02 -1.1352e-01 -9.1645e-02 -8.4249e-03 -1.8437e-02 6.0583e-02 6.6852e-03 3.2335e-02
-6.7430e-02 2.6418e-02 4.0386e-02 -4.7410e-02 -5.0790e-02 1.0290e-01 -5.1442e-02 1.1408e-02 -2.8930e-02 -2.8930e-02 1.2593e-01 -3.6488e-02 -1.6206e-01 -1.9853e-02 -2.2670e-02 7.6999e-02 7.6999e-02 7.6999e-02 1.0000e+00 -6.2483e-02 -1.0347e-01 -7.1181e-02 -1.7688e-01 -4.4833e-02 1.3301e-02 5.4528e-02
4.8386e-02 -1.6200e-02 4.0278e-03 4.8682e-02 4.0338e-02 -1.6980e-02 3.6091e-03 -4.3389e-02 2.4337e-03 2.4337e-03 -3.4481e-02 -3.8622e-02 5.4169e-02 -3.1600e-02 -3.6083e-02 -1.1352e-01 -1.1352e-01 -1.1352e-01 -6.2483e-02 1.0000e+00 3.3407e-01 5.6196e-01 1.5658e-01 -3.9161e-02 -1.9597e-01 -1.4153e-01
-1.5761e-02 -2.8874e-03 -6.7116e-02 -1.4727e-03 4.9242e-03 -4.9443e-02 3.6154e-02 -1.1973e-03 1.0820e-02 1.0820e-02 2.5621e-02 8.1489e-03 1.4298e-01 7.9819e-02 -4.6440e-02 -9.1645e-02 -9.1645e-02 -9.1645e-02 -1.0347e-01 3.3407e-01 1.0000e+00 2.5746e-01 5.6559e-01 -1.2124e-01 2.7485e-01 -3.3026e-01
3.5214e-02 7.2337e-03 1.9572e-02 -4.0623e-02 -2.9942e-02 -3.0470e-05 -2.3469e-03 -6.0180e-02 1.3098e-02 1.3098e-02 -3.9419e-02 -3.1085e-02 8.7530e-03 -4.5076e-03 -4.1106e-02 -8.4249e-03 -8.4249e-03 -8.4249e-03 -7.1181e-02 5.6196e-01 2.5746e-01 1.0000e+00 3.5998e-01 6.0082e-01 -2.1799e-01 -2.1242e-01
-1.0862e-02 -5.5068e-03 1.8992e-03 -1.9631e-02 -4.1890e-02 1.0432e-02 4.2601e-02 -3.4606e-03 -2.0569e-02 -2.0569e-02 1.1836e-02 5.9468e-03 1.5025e-01 4.0280e-02 -7.8986e-02 -1.8437e-02 -1.8437e-02 -1.8437e-02 -1.7688e-01 1.5658e-01 5.6559e-01 3.5998e-01 1.0000e+00 2.1749e-01 -1.0837e-01 1.3145e-01
4.6161e-02 1.9517e-02 -1.2756e-02 -4.8441e-02 -3.9213e-02 -3.1934e-02 1.1807e-02 -2.8782e-02 -3.3040e-02 -3.3040e-02 -1.0510e-02 1.0180e-02 -3.8593e-02 2.3876e-02 -2.5890e-02 6.0583e-02 6.0583e-02 6.0583e-02 -4.4833e-02 -3.9161e-02 -1.2124e-01 6.0082e-01 2.1749e-01 1.0000e+00 -6.1186e-02 -1.4499e-01
-3.6155e-02 1.8297e-02 -2.1535e-02 4.4362e-02 4.6038e-02 -1.4654e-02 4.4696e-02 1.3885e-02 -8.7503e-02 -8.7503e-02 -6.8178e-04 3.8988e-02 -1.6638e-02 5.2407e-02 1.1126e-01 6.6852e-03 6.6852e-03 6.6852e-03 1.3301e-02 -1.9597e-01 2.7485e-01 -2.1799e-01 -1.0837e-01 -6.1186e-02 1.0000e+00 -5.9005e-01
-6.4835e-02 -6.7698e-03 8.8974e-02 -4.7887e-04 -5.2699e-02 4.5310e-02 -1.4818e-02 -2.4204e-02 -2.5370e-02 -4.0287e-02 1.0399e-02 -1.8316e-02 -6.2362e-02 -4.7096e-02 -5.9443e-02 3.2335e-02 3.2335e-02 3.2335e-02 5.4528e-02 -1.4153e-01 -3.3026e-01 -2.1242e-01 1.3145e-01 -1.4499e-01 -5.9005e-01 1.0000e+00
