1.0000e+00 9.9644e-01 6.0200e-01 6.0200e-01 5.5097e-01 5.5097e-01 5.5097e-01 4.7275e-01 4.3357e-01 3.2547e-01 3.3091e-01 1.7936e-01 3.2779e-01 2.8438e-01 7.3811e-01 7.3811e-01 4.3717e-01 2.8218e-01 2.8218e-01 4.8122e-01 2.8218e-01 2.8218e-01 2.7237e-01 6.8035e-01 2.5086e-01 2.1110e-01 2.1110e-01 2.5012e-01 2.5012e-01 2.0239e-01 2.4272e-01 2.0239e-01 2.4272e-01 2.4272e-01 2.0239e-01 2.0239e-01 2.0239e-01 2.0239e-01 2.0160e-01 2.0239e-01 2.0239e-01 2.0239e-01 2.4272e-01 2.4272e-01 -6.1631e-03 1.9750e-01 2.3837e-01 2.3837e-01 2.3837e-01 2.3762e-01 2.3613e-01 1.9783e-01 4.6943e-01 1.9861e-01 1.7578e-01 1.7974e-01 1.7974e-01 2.6916e-01 2.3593e-01 1.6150e-01 1.6927e-01 1.7528e-01 1.6927e-01 3.1320e-01 9.1950e-02 1.4379e-01 1.4105e-01 1.3093e-01 -3.7614e-02 3.8018e-03
9.9644e-01 1.0000e+00 6.0418e-01 6.0418e-01 5.5301e-01 5.5301e-01 5.5301e-01 4.7460e-01 4.3535e-01 3.2731e-01 3.3276e-01 1.7815e-01 3.2962e-01 2.8882e-01 7.4107e-01 7.4107e-01 4.4050e-01 2.8664e-01 2.8664e-01 4.8455e-01 2.8664e-01 2.8664e-01 2.7678e-01 6.8329e-01 2.5548e-01 2.1536e-01 2.1536e-01 2.5475e-01 2.5475e-01 2.0673e-01 2.4743e-01 2.0673e-01 2.4743e-01 2.4743e-01 2.0673e-01 2.0673e-01 2.0673e-01 2.0673e-01 2.0595e-01 2.0673e-01 2.0673e-01 2.0673e-01 2.4743e-01 2.4743e-01 -5.7436e-03 2.0182e-01 2.4305e-01 2.4305e-01 2.4305e-01 2.4231e-01 2.4084e-01 2.0274e-01 4.7141e-01 2.0350e-01 1.7474e-01 1.8499e-01 1.8499e-01 2.7112e-01 2.3793e-01 1.6815e-01 1.7520e-01 1.8124e-01 1.7520e-01 3.1455e-01 9.3073e-02 1.4485e-01 1.4211e-01 1.3192e-01 -3.7480e-02 5.1343e-03
6.0200e-01 6.0418e-01 1.0000e+00 1.0000e+00 8.9538e-01 8.9538e-01 8.9538e-01 7.8189e-01 7.2848e-01 4.6987e-01 4.7877e-01 9.3670e-02 4.7214e-01 1.7371e-01 4.0388e-01 4.0388e-01 2.4820e-01 1.7233e-01 1.7233e-01 2.8537e-01 1.7233e-01 1.7233e-01 1.7325e-01 3.9159e-01 1.5995e-01 1.3309e-01 1.3309e-01 1.5950e-01 1.5950e-01 1.2769e-01 1.5493e-01 1.2769e-01 1.5493e-01 1.5493e-01 1.2769e-01 1.2769e-01 1.2769e-01 1.2769e-01 1.2719e-01 1.2769e-01 1.2769e-01 1.2769e-01 1.5493e-01 1.5493e-01 5.1034e-02 1.2818e-01 1.5584e-01 1.5584e-01 1.5584e-01 1.5538e-01 1.5447e-01 1.4210e-01 2.6128e-01 1.4256e-01 1.2538e-01 1.2773e-01 1.2773e-01 1.7749e-01 1.5241e-01 1.0828e-01 1.2518e-01 1.2473e-01 1.2518e-01 3.0629e-01 1.5673e-01 2.6047e-01 2.5762e-01 2.3398e-01 -2.3415e-02 -2.3474e-02
6.0200e-01 6.0418e-01 1.0000e+00 1.0000e+00 8.9538e-01 8.9538e-01 8.9538e-01 7.8189e-01 7.2848e-01 4.6987e-01 4.7877e-01 9.3670e-02 4.7214e-01 1.7371e-01 4.0388e-01 4.0388e-01 2.4820e-01 1.7233e-01 1.7233e-01 2.8537e-01 1.7233e-01 1.7233e-01 1.7325e-01 3.9159e-01 1.5995e-01 1.3309e-01 1.3309e-01 1.5950e-01 1.5950e-01 1.2769e-01 1.5493e-01 1.2769e-01 1.5493e-01 1.5493e-01 1.2769e-01 1.2769e-01 1.2769e-01 1.2769e-01 1.2719e-01 1.2769e-01 1.2769e-01 1.2769e-01 1.5493e-01 1.5493e-01 5.1034e-02 1.2818e-01 1.5584e-01 1.5584e-01 1.5584e-01 1.5538e-01 1.5447e-01 1.4210e-01 2.6128e-01 1.4256e-01 1.2538e-01 1.2773e-01 1.2773e-01 1.7749e-01 1.5241e-01 1.0828e-01 1.2518e-01 1.2473e-01 1.2518e-01 3.0629e-01 1.5673e-01 2.6047e-01 2.5762e-01 2.3398e-01 -2.3415e-02 -2.3474e-02
5.5097e-01 5.5301e-01 8.9538e-01 8.9538e-01 1.0000e+00 1.0000e+00 1.0000e+00 8.8563e-01 8.1440e-01 5.2428e-01 5.3316e-01 9.8848e-02 5.2670e-01 1.7869e-01 4.5394e-01 4.5394e-01 2.8162e-01 1.7734e-01 1.7734e-01 2.9544e-01 1.7734e-01 1.7734e-01 1.7824e-01 4.1024e-01 1.6532e-01 1.3754e-01 1.3754e-01 1.6488e-01 1.6488e-01 1.3227e-01 1.6045e-01 1.3227e-01 1.6045e-01 1.6045e-01 1.3227e-01 1.3227e-01 1.3227e-01 1.3227e-01 1.3179e-01 1.3227e-01 1.3227e-01 1.3227e-01 1.6045e-01 1.6045e-01 -2.0424e-02 1.3275e-01 1.6133e-01 1.6133e-01 1.6133e-01 1.6089e-01 1.6001e-01 1.4806e-01 2.8038e-01 1.4850e-01 1.3199e-01 1.3424e-01 1.3424e-01 1.8365e-01 1.5855e-01 1.1716e-01 1.3297e-01 1.3254e-01 1.3297e-01 3.1201e-01 1.6139e-01 2.6592e-01 2.6305e-01 2.3897e-01 2.3624e-02 -3.9408e-02
5.5097e-01 5.5301e-01 8.9538e-01 8.9538e-01 1.0000e+00 1.0000e+00 1.0000e+00 8.8563e-01 8.1440e-01 5.2428e-01 5.3316e-01 9.8848e-02 5.2670e-01 1.7869e-01 4.5394e-01 4.5394e-01 2.8162e-01 1.7734e-01 1.7734e-01 2.9544e-01 1.7734e-01 1.7734e-01 1.7824e-01 4.1024e-01 1.6532e-01 1.3754e-01 1.3754e-01 1.6488e-01 1.6488e-01 1.3227e-01 1.6045e-01 1.3227e-01 1.6045e-01 1.6045e-01 1.3227e-01 1.3227e-01 1.3227e-01 1.3227e-01 1.3179e-01 1.3227e-01 1.3227e-01 1.3227e-01 1.6045e-01 1.6045e-01 -2.0424e-02 1.3275e-01 1.6133e-01 1.6133e-01 1.6133e-01 1.6089e-01 1.6001e-01 1.4806e-01 2.8038e-01 1.4850e-01 1.3199e-01 1.3424e-01 1.3424e-01 1.8365e-01 1.5855e-01 1.1716e-01 1.3297e-01 1.3254e-01 1.3297e-01 3.1201e-01 1.6139e-01 2.6592e-01 2.6305e-01 2.3897e-01 2.3624e-02 -3.9408e-02
5.5097e-01 5.5301e-01 8.9538e-01 8.9538e-01 1.0000e+00 1.0000e+00 1.0000e+00 8.8563e-01 8.1440e-01 5.2428e-01 5.3316e-01 9.8848e-02 5.2670e-01 1.7869e-01 4.5394e-01 4.5394e-01 2.8162e-01 1.7734e-01 1.7734e-01 2.9544e-01 1.7734e-01 1.7734e-01 1.7824e-01 4.1024e-01 1.6532e-01 1.3754e-01 1.3754e-01 1.6488e-01 1.6488e-01 1.3227e-01 1.6045e-01 1.3227e-01 1.6045e-01 1.6045e-01 1.3227e-01 1.3227e-01 1.3227e-01 1.3227e-01 1.3179e-01 1.3227e-01 1.3227e-01 1.3227e-01 1.6045e-01 1.6045e-01 -2.0424e-02 1.3275e-01 1.6133e-01 1.6133e-01 1.6133e-01 1.6089e-01 1.6001e-01 1.4806e-01 2.8038e-01 1.4850e-01 1.3199e-01 1.3424e-01 1.3424e-01 1.8365e-01 1.5855e-01 1.1716e-01 1.3297e-01 1.3254e-01 1.3297e-01 3.1201e-01 1.6139e-01 2.6592e-01 2.6305e-01 2.3897e-01 2.3624e-02 -3.9408e-02
4.7275e-01 4.7460e-01 7.8189e-01 7.8189e-01 8.8563e-01 8.8563e-01 8.8563e-01 1.0000e+00 8.6576e-01 5.4067e-01 5.4959e-01 1.2344e-01 5.4314e-01 1.7709e-01 4.5869e-01 4.5869e-01 2.5521e-01 1.7576e-01 1.7576e-01 2.6078e-01 1.7576e-01 1.7576e-01 1.7665e-01 4.1488e-01 1.6383e-01 1.7709e-01 1.7709e-01 1.6339e-01 1.6339e-01 1.7221e-01 1.5899e-01 1.7221e-01 1.5899e-01 1.5899e-01 1.7221e-01 1.7221e-01 1.7221e-01 1.7221e-01 1.7177e-01 1.7221e-01 1.7221e-01 1.7221e-01 1.5899e-01 1.5899e-01 -1.9922e-02 1.7266e-01 1.3417e-01 1.3417e-01 1.3417e-01 1.3371e-01 1.3278e-01 1.3784e-01 2.8349e-01 1.3829e-01 1.2144e-01 1.2374e-01 1.2374e-01 1.8680e-01 1.6170e-01 1.1627e-01 1.3196e-01 1.3153e-01 1.3196e-01 3.1496e-01 1.5095e-01 2.5316e-01 2.6584e-01 2.2517e-01 2.4106e-02 -4.7535e-02
4.3357e-01 4.3535e-01 7.2848e-01 7.2848e-01 8.1440e-01 8.1440e-01 8.1440e-01 8.6576e-01 1.0000e+00 6.0975e-01 6.1814e-01 1.3818e-01 6.1246e-01 1.7532e-01 5.3143e-01 5.3143e-01 2.8960e-01 1.7393e-01 1.7393e-01 3.0374e-01 1.7393e-01 1.7393e-01 1.7486e-01 4.8303e-01 1.6147e-01 1.7532e-01 1.7532e-01 1.6101e-01 1.6101e-01 1.7023e-01 1.5641e-01 1.7023e-01 1.5641e-01 1.5641e-01 1.7023e-01 1.7023e-01 1.7023e-01 1.7023e-01 1.6977e-01 1.7023e-01 1.7023e-01 1.7023e-01 1.5641e-01 1.5641e-01 -2.1899e-02 1.7069e-01 1.4898e-01 1.4898e-01 1.4898e-01 1.4851e-01 1.4758e-01 1.5212e-01 3.3617e-01 1.5258e-01 1.3573e-01 1.3803e-01 1.3803e-01 2.2219e-01 1.9503e-01 1.1980e-01 1.2624e-01 1.2578e-01 1.2624e-01 3.9111e-01 1.6697e-01 2.7299e-01 2.7004e-01 2.4751e-01 2.2221e-02 -5.3895e-02
3.2547e-01 3.2731e-01 4.6987e-01 4.6987e-01 5.2428e-01 5.2428e-01 5.2428e-01 5.4067e-01 6.0975e-01 1.0000e+00 9.9580e-01 2.4292e-01 9.8729e-01 2.8118e-01 5.0703e-01 5.0703e-01 4.5649e-01 2.7930e-01 2.7930e-01 1.9913e-01 2.7930e-01 2.7930e-01 2.7440e-01 4.4491e-01 2.5622e-01 2.7503e-01 2.7503e-01 2.5560e-01 2.5560e-01 2.6810e-01 2.4939e-01 2.6810e-01 2.4939e-01 2.4939e-01 2.6810e-01 2.6810e-01 2.6810e-01 2.6810e-01 2.6747e-01 2.6810e-01 2.6810e-01 2.6810e-01 2.4939e-01 2.4939e-01 -4.6408e-02 2.6873e-01 2.4428e-01 2.4428e-01 2.3792e-01 2.3729e-01 2.3603e-01 2.1241e-01 2.5575e-01 2.1305e-01 1.9610e-01 1.9930e-01 1.9930e-01 1.3626e-01 1.1265e-01 1.5271e-01 1.7678e-01 1.7613e-01 1.7678e-01 2.8259e-01 3.6970e-01 3.6641e-01 3.7385e-01 3.6058e-01 1.6289e-03 -5.1659e-02
3.3091e-01 3.3276e-01 4.7877e-01 4.7877e-01 5.3316e-01 5.3316e-01 5.3316e-01 5.4959e-01 6.1814e-01 9.9580e-01 1.0000e+00 2.4395e-01 9.9159e-01 2.8237e-01 5.1187e-01 5.1187e-01 4.5846e-01 2.8048e-01 2.8048e-01 2.0204e-01 2.8048e-01 2.8048e-01 2.7560e-01 4.4939e-01 2.5735e-01 2.7624e-01 2.7624e-01 2.5672e-01 2.5672e-01 2.6927e-01 2.5049e-01 2.6927e-01 2.5049e-01 2.5049e-01 2.6927e-01 2.6927e-01 2.6927e-01 2.6927e-01 2.6864e-01 2.6927e-01 2.6927e-01 2.6927e-01 2.5049e-01 2.5049e-01 -4.6737e-02 2.6991e-01 2.4540e-01 2.4540e-01 2.3907e-01 2.3843e-01 2.3716e-01 2.1350e-01 2.5403e-01 2.1414e-01 1.9708e-01 2.0029e-01 2.0029e-01 1.3440e-01 1.1075e-01 1.5347e-01 1.7764e-01 1.7698e-01 1.7764e-01 2.8107e-01 3.6759e-01 3.6452e-01 3.7192e-01 3.5874e-01 1.3821e-03 -5.2936e-02
1.7936e-01 1.7815e-01 9.3670e-02 9.3670e-02 9.8848e-02 9.8848e-02 9.8848e-02 1.2344e-01 1.3818e-01 2.4292e-01 2.4395e-01 1.0000e+00 2.4190e-01 -2.5809e-01 2.2931e-01 2.2931e-01 -2.0194e-01 -2.5005e-01 -2.5005e-01 -2.2947e-01 -2.5005e-01 -2.5005e-01 -2.5226e-01 2.4109e-01 -2.2008e-01 -2.0128e-01 -2.0128e-01 -2.1896e-01 -2.1896e-01 -1.8869e-01 -2.0771e-01 -1.8869e-01 -2.0771e-01 -2.0771e-01 -1.8869e-01 -1.8869e-01 -1.8869e-01 -1.8869e-01 -1.9232e-01 -1.8869e-01 -1.8869e-01 -1.8869e-01 -2.0771e-01 -2.0771e-01 8.5581e-02 -1.8984e-01 -2.0507e-01 -2.0507e-01 -2.0018e-01 -1.9904e-01 -2.1640e-01 -1.9076e-01 1.5312e-01 -1.7675e-01 -1.3228e-01 -1.3320e-01 -1.3320e-01 9.2164e-02 1.0462e-01 -5.5467e-02 -7.8439e-02 -8.2758e-02 -7.8439e-02 1.0910e-01 1.4174e-01 9.3576e-02 9.5351e-02 1.0866e-01 -2.5100e-03 1.1255e-03
3.2779e-01 3.2962e-01 4.7214e-01 4.7214e-01 5.2670e-01 5.2670e-01 5.2670e-01 5.4314e-01 6.1246e-01 9.8729e-01 9.9159e-01 2.4190e-01 1.0000e+00 2.7999e-01 5.0992e-01 5.0992e-01 4.5452e-01 2.7811e-01 2.7811e-01 2.0214e-01 2.7811e-01 2.7811e-01 2.7320e-01 4.4773e-01 2.5509e-01 2.7383e-01 2.7383e-01 2.5447e-01 2.5447e-01 2.6692e-01 2.4829e-01 2.6692e-01 2.4829e-01 2.4829e-01 2.6692e-01 2.6692e-01 2.6692e-01 2.6692e-01 2.6629e-01 2.6692e-01 2.6692e-01 2.6692e-01 2.4829e-01 2.4829e-01 -4.6078e-02 2.6754e-01 2.4315e-01 2.4315e-01 2.3678e-01 2.3615e-01 2.3489e-01 2.1132e-01 2.4759e-01 2.1195e-01 1.9512e-01 1.9831e-01 1.9831e-01 1.3084e-01 1.0760e-01 1.5195e-01 1.7593e-01 1.7528e-01 1.7593e-01 2.7076e-01 3.6229e-01 3.5675e-01 3.6429e-01 3.5025e-01 1.8773e-03 -5.7673e-02
2.8438e-01 2.8882e-01 1.7371e-01 1.7371e-01 1.7869e-01 1.7869e-01 1.7869e-01 1.7709e-01 1.7532e-01 2.8118e-01 2.8237e-01 -2.5809e-01 2.7999e-01 1.0000e+00 3.2047e-01 3.2047e-01 5.9535e-01 9.8883e-01 9.8883e-01 5.6535e-01 9.8883e-01 9.8883e-01 9.8435e-01 3.4526e-01 9.1532e-01 8.6594e-01 8.6594e-01 9.1769e-01 9.1769e-01 8.2679e-01 8.8181e-01 8.2679e-01 8.8181e-01 8.8181e-01 8.2679e-01 8.2679e-01 8.2679e-01 8.2679e-01 8.2446e-01 8.2679e-01 8.2679e-01 8.2679e-01 8.8181e-01 8.8181e-01 8.8781e-02 8.2463e-01 8.5850e-01 8.5850e-01 8.4926e-01 8.4702e-01 8.2399e-01 7.3901e-01 1.7262e-01 7.2700e-01 6.5569e-01 6.6737e-01 6.6737e-01 2.0489e-01 1.5394e-01 5.4767e-01 5.9524e-01 5.9825e-01 5.9524e-01 1.5225e-01 3.2783e-02 8.1533e-02 8.3768e-02 6.5118e-02 -1.6786e-02 -2.8295e-03
7.3811e-01 7.4107e-01 4.0388e-01 4.0388e-01 4.5394e-01 4.5394e-01 4.5394e-01 4.5869e-01 5.3143e-01 5.0703e-01 5.1187e-01 2.2931e-01 5.0992e-01 3.2047e-01 1.0000e+00 1.0000e+00 5.2696e-01 3.1832e-01 3.1832e-01 5.5013e-01 3.1832e-01 3.1832e-01 3.0852e-01 9.0086e-01 2.8770e-01 3.0925e-01 3.0925e-01 2.8699e-01 2.8699e-01 3.0131e-01 2.7987e-01 3.0131e-01 2.7987e-01 2.7987e-01 3.0131e-01 3.0131e-01 3.0131e-01 3.0131e-01 3.0059e-01 3.0131e-01 3.0131e-01 3.0131e-01 2.7987e-01 2.7987e-01 -5.7032e-02 2.9637e-01 2.6969e-01 2.6969e-01 2.6969e-01 2.6896e-01 2.6752e-01 2.2406e-01 5.8262e-01 2.1883e-01 1.7785e-01 1.8183e-01 1.8183e-01 3.5147e-01 3.0807e-01 1.5565e-01 1.7104e-01 1.7023e-01 1.7104e-01 3.9577e-01 1.0711e-01 1.4169e-01 1.3896e-01 1.6224e-01 -6.0445e-03 1.4443e-02
7.3811e-01 7.4107e-01 4.0388e-01 4.0388e-01 4.5394e-01 4.5394e-01 4.5394e-01 4.5869e-01 5.3143e-01 5.0703e-01 5.1187e-01 2.2931e-01 5.0992e-01 3.2047e-01 1.0000e+00 1.0000e+00 5.2696e-01 3.1832e-01 3.1832e-01 5.5013e-01 3.1832e-01 3.1832e-01 3.0852e-01 9.0086e-01 2.8770e-01 3.0925e-01 3.0925e-01 2.8699e-01 2.8699e-01 3.0131e-01 2.7987e-01 3.0131e-01 2.7987e-01 2.7987e-01 3.0131e-01 3.0131e-01 3.0131e-01 3.0131e-01 3.0059e-01 3.0131e-01 3.0131e-01 3.0131e-01 2.7987e-01 2.7987e-01 -5.7032e-02 2.9637e-01 2.6969e-01 2.6969e-01 2.6969e-01 2.6896e-01 2.6752e-01 2.2406e-01 5.8262e-01 2.1883e-01 1.7785e-01 1.8183e-01 1.8183e-01 3.5147e-01 3.0807e-01 1.5565e-01 1.7104e-01 1.7023e-01 1.7104e-01 3.9577e-01 1.0711e-01 1.4169e-01 1.3896e-01 1.6224e-01 -6.0445e-03 1.4443e-02
4.3717e-01 4.4050e-01 2.4820e-01 2.4820e-01 2.8162e-01 2.8162e-01 2.8162e-01 2.5521e-01 2.8960e-01 4.5649e-01 4.5846e-01 -2.0194e-01 4.5452e-01 5.9535e-01 5.2696e-01 5.2696e-01 1.0000e+00 6.0407e-01 6.0407e-01 8.4310e-01 6.0407e-01 6.0407e-01 5.9825e-01 4.3986e-01 5.5467e-01 4.7169e-01 4.7169e-01 5.5770e-01 5.5770e-01 4.5134e-01 5.3991e-01 4.5134e-01 5.3991e-01 5.3991e-01 4.5134e-01 4.5134e-01 4.5134e-01 4.5134e-01 4.4987e-01 4.5134e-01 4.5134e-01 4.5134e-01 5.3991e-01 5.3991e-01 -1.2720e-01 4.4850e-01 5.3377e-01 5.3377e-01 5.2495e-01 5.2359e-01 5.1203e-01 4.5698e-01 3.0292e-01 4.4926e-01 3.8277e-01 3.9000e-01 3.9000e-01 1.3157e-01 1.1119e-01 3.2600e-01 3.4245e-01 3.4611e-01 3.4245e-01 1.8302e-01 1.7741e-01 1.8535e-01 1.8868e-01 1.6102e-01 -2.3497e-02 -7.4025e-03
2.8218e-01 2.8664e-01 1.7233e-01 1.7233e-01 1.7734e-01 1.7734e-01 1.7734e-01 1.7576e-01 1.7393e-01 2.7930e-01 2.8048e-01 -2.5005e-01 2.7811e-01 9.8883e-01 3.1832e-01 3.1832e-01 6.0407e-01 1.0000e+00 1.0000e+00 5.7863e-01 1.0000e+00 1.0000e+00 9.9553e-01 3.4821e-01 9.2616e-01 8.6342e-01 8.6342e-01 9.2854e-01 9.2854e-01 8.2400e-01 8.9252e-01 8.2400e-01 8.9252e-01 8.9252e-01 8.2400e-01 8.2400e-01 8.2400e-01 8.2400e-01 8.2164e-01 8.2400e-01 8.2400e-01 8.2400e-01 8.9252e-01 8.9252e-01 1.0126e-01 8.2184e-01 8.6917e-01 8.6917e-01 8.5991e-01 8.5765e-01 8.3456e-01 7.4927e-01 1.7095e-01 7.3723e-01 6.6063e-01 6.7238e-01 6.7238e-01 2.0220e-01 1.5594e-01 5.5160e-01 5.9964e-01 6.0264e-01 5.9964e-01 1.5115e-01 3.0705e-02 8.0010e-02 8.2237e-02 6.3654e-02 -1.7354e-02 -5.9828e-03
2.8218e-01 2.8664e-01 1.7233e-01 1.7233e-01 1.7734e-01 1.7734e-01 1.7734e-01 1.7576e-01 1.7393e-01 2.7930e-01 2.8048e-01 -2.5005e-01 2.7811e-01 9.8883e-01 3.1832e-01 3.1832e-01 6.0407e-01 1.0000e+00 1.0000e+00 5.7863e-01 1.0000e+00 1.0000e+00 9.9553e-01 3.4821e-01 9.2616e-01 8.6342e-01 8.6342e-01 9.2854e-01 9.2854e-01 8.2400e-01 8.9252e-01 8.2400e-01 8.9252e-01 8.9252e-01 8.2400e-01 8.2400e-01 8.2400e-01 8.2400e-01 8.2164e-01 8.2400e-01 8.2400e-01 8.2400e-01 8.9252e-01 8.9252e-01 1.0126e-01 8.2184e-01 8.6917e-01 8.6917e-01 8.5991e-01 8.5765e-01 8.3456e-01 7.4927e-01 1.7095e-01 7.3723e-01 6.6063e-01 6.7238e-01 6.7238e-01 2.0220e-01 1.5594e-01 5.5160e-01 5.9964e-01 6.0264e-01 5.9964e-01 1.5115e-01 3.0705e-02 8.0010e-02 8.2237e-02 6.3654e-02 -1.7354e-02 -5.9828e-03
4.8122e-01 4.8455e-01 2.8537e-01 2.8537e-01 2.9544e-01 2.9544e-01 2.9544e-01 2.6078e-01 3.0374e-01 1.9913e-01 2.0204e-01 -2.2947e-01 2.0214e-01 5.6535e-01 5.5013e-01 5.5013e-01 8.4310e-01 5.7863e-01 5.7863e-01 1.0000e+00 5.7863e-01 5.7863e-01 5.7263e-01 6.0178e-01 5.3066e-01 4.4506e-01 4.4506e-01 5.3378e-01 5.3378e-01 4.1663e-01 5.0761e-01 4.1663e-01 5.0761e-01 5.0761e-01 4.1663e-01 4.1663e-01 4.1663e-01 4.1663e-01 4.1522e-01 4.1663e-01 4.1663e-01 4.1663e-01 5.0761e-01 5.0761e-01 1.8524e-01 4.1372e-01 5.0131e-01 5.0131e-01 4.9687e-01 4.9556e-01 4.7959e-01 4.3021e-01 3.0520e-01 4.2238e-01 3.6721e-01 3.7412e-01 3.7412e-01 2.6035e-01 2.2716e-01 3.1596e-01 3.3482e-01 3.3340e-01 3.3482e-01 1.9411e-01 1.8522e-04 5.2916e-02 4.9324e-02 4.5688e-02 -2.0110e-02 1.8757e-02
2.8218e-01 2.8664e-01 1.7233e-01 1.7233e-01 1.7734e-01 1.7734e-01 1.7734e-01 1.7576e-01 1.7393e-01 2.7930e-01 2.8048e-01 -2.5005e-01 2.7811e-01 9.8883e-01 3.1832e-01 3.1832e-01 6.0407e-01 1.0000e+00 1.0000e+00 5.7863e-01 1.0000e+00 1.0000e+00 9.9553e-01 3.4821e-01 9.2616e-01 8.6342e-01 8.6342e-01 9.2854e-01 9.2854e-01 8.2400e-01 8.9252e-01 8.2400e-01 8.9252e-01 8.9252e-01 8.2400e-01 8.2400e-01 8.2400e-01 8.2400e-01 8.2164e-01 8.2400e-01 8.2400e-01 8.2400e-01 8.9252e-01 8.9252e-01 1.0126e-01 8.2184e-01 8.6917e-01 8.6917e-01 8.5991e-01 8.5765e-01 8.3456e-01 7.4927e-01 1.7095e-01 7.3723e-01 6.6063e-01 6.7238e-01 6.7238e-01 2.0220e-01 1.5594e-01 5.5160e-01 5.9964e-01 6.0264e-01 5.9964e-01 1.5115e-01 3.0705e-02 8.0010e-02 8.2237e-02 6.3654e-02 -1.7354e-02 -5.9828e-03
2.8218e-01 2.8664e-01 1.7233e-01 1.7233e-01 1.7734e-01 1.7734e-01 1.7734e-01 1.7576e-01 1.7393e-01 2.7930e-01 2.8048e-01 -2.5005e-01 2.7811e-01 9.8883e-01 3.1832e-01 3.1832e-01 6.0407e-01 1.0000e+00 1.0000e+00 5.7863e-01 1.0000e+00 1.0000e+00 9.9553e-01 3.4821e-01 9.2616e-01 8.6342e-01 8.6342e-01 9.2854e-01 9.2854e-01 8.2400e-01 8.9252e-01 8.2400e-01 8.9252e-01 8.9252e-01 8.2400e-01 8.2400e-01 8.2400e-01 8.2400e-01 8.2164e-01 8.2400e-01 8.2400e-01 8.2400e-01 8.9252e-01 8.9252e-01 1.0126e-01 8.2184e-01 8.6917e-01 8.6917e-01 8.5991e-01 8.5765e-01 8.3456e-01 7.4927e-01 1.7095e-01 7.3723e-01 6.6063e-01 6.7238e-01 6.7238e-01 2.0220e-01 1.5594e-01 5.5160e-01 5.9964e-01 6.0264e-01 5.9964e-01 1.5115e-01 3.0705e-02 8.0010e-02 8.2237e-02 6.3654e-02 -1.7354e-02 -5.9828e-03
2.7237e-01 2.7678e-01 1.7325e-01 1.7325e-01 1.7824e-01 1.7824e-01 1.7824e-01 1.7665e-01 1.7486e-01 2.7440e-01 2.7560e-01 -2.5226e-01 2.7320e-01 9.8435e-01 3.0852e-01 3.0852e-01 5.9825e-01 9.9553e-01 9.9553e-01 5.7263e-01 9.9553e-01 9.9553e-01 1.0000e+00 3.4977e-01 9.3115e-01 8.6808e-01 8.6808e-01 9.3353e-01 9.3353e-01 8.2887e-01 8.9772e-01 8.2887e-01 8.9772e-01 8.9772e-01 8.2887e-01 8.2887e-01 8.2887e-01 8.2887e-01 8.2652e-01 8.2887e-01 8.2887e-01 8.2887e-01 8.9772e-01 8.9772e-01 1.0180e-01 8.2670e-01 8.7438e-01 8.7438e-01 8.6513e-01 8.6290e-01 8.3987e-01 7.5516e-01 1.7207e-01 7.4313e-01 6.6736e-01 6.7899e-01 6.7899e-01 2.0400e-01 1.5797e-01 5.5484e-01 6.0748e-01 6.1051e-01 6.0748e-01 1.5189e-01 3.2091e-02 8.1026e-02 8.3258e-02 6.4630e-02 -1.6975e-02 -1.4469e-02
6.8035e-01 6.8329e-01 3.9159e-01 3.9159e-01 4.1024e-01 4.1024e-01 4.1024e-01 4.1488e-01 4.8303e-01 4.4491e-01 4.4939e-01 2.4109e-01 4.4773e-01 3.4526e-01 9.0086e-01 9.0086e-01 4.3986e-01 3.4821e-01 3.4821e-01 6.0178e-01 3.4821e-01 3.4821e-01 3.4977e-01 1.0000e+00 3.2729e-01 3.5056e-01 3.5056e-01 3.2653e-01 3.2653e-01 3.3128e-01 3.0788e-01 3.3128e-01 3.0788e-01 3.0788e-01 3.3128e-01 3.3128e-01 3.3128e-01 3.3128e-01 3.3050e-01 3.3128e-01 3.3128e-01 3.3128e-01 3.0788e-01 3.0788e-01 3.1328e-01 3.2673e-01 2.9847e-01 2.9847e-01 2.9847e-01 2.9768e-01 2.9061e-01 2.4659e-01 5.2848e-01 2.4175e-01 2.1676e-01 2.2095e-01 2.2095e-01 4.4249e-01 3.8650e-01 1.8268e-01 2.0693e-01 2.0609e-01 2.0693e-01 3.5845e-01 8.6477e-02 1.1568e-01 1.1296e-01 1.3612e-01 -1.1361e-02 1.1504e-02
2.5086e-01 2.5548e-01 1.5995e-01 1.5995e-01 1.6532e-01 1.6532e-01 1.6532e-01 1.6383e-01 1.6147e-01 2.5622e-01 2.5735e-01 -2.2008e-01 2.5509e-01 9.1532e-01 2.8770e-01 2.8770e-01 5.5467e-01 9.2616e-01 9.2616e-01 5.3066e-01 9.2616e-01 9.2616e-01 9.3115e-01 3.2729e-01 1.0000e+00 9.2906e-01 9.2906e-01 9.9295e-01 9.9295e-01 8.8776e-01 9.5525e-01 8.8776e-01 9.5525e-01 9.5525e-01 8.8776e-01 8.8776e-01 8.8776e-01 8.8776e-01 8.8526e-01 8.8776e-01 8.8776e-01 8.8776e-01 9.5525e-01 9.5525e-01 9.4075e-02 8.8565e-01 9.3154e-01 9.3154e-01 9.2207e-01 9.1968e-01 8.9589e-01 8.0636e-01 1.5591e-01 7.9414e-01 7.1272e-01 7.2516e-01 7.2516e-01 1.7235e-01 1.2292e-01 5.8902e-01 6.4702e-01 6.5002e-01 6.4702e-01 1.4126e-01 1.1598e-02 6.6132e-02 6.8287e-02 5.0288e-02 -2.2634e-02 -1.3393e-02
2.1110e-01 2.1536e-01 1.3309e-01 1.3309e-01 1.3754e-01 1.3754e-01 1.3754e-01 1.7709e-01 1.7532e-01 2.7503e-01 2.7624e-01 -2.0128e-01 2.7383e-01 8.6594e-01 3.0925e-01 3.0925e-01 4.7169e-01 8.6342e-01 8.6342e-01 4.4506e-01 8.6342e-01 8.6342e-01 8.6808e-01 3.5056e-01 9.2906e-01 1.0000e+00 1.0000e+00 9.3145e-01 9.3145e-01 9.6200e-01 8.9570e-01 9.6200e-01 8.9570e-01 8.9570e-01 9.6200e-01 9.6200e-01 9.6200e-01 9.6200e-01 9.5977e-01 9.6200e-01 9.6200e-01 9.6200e-01 8.9570e-01 8.9570e-01 1.0206e-01 9.5972e-01 8.7237e-01 8.7237e-01 8.6313e-01 8.6089e-01 8.3789e-01 7.5333e-01 1.7262e-01 7.4130e-01 6.7072e-01 6.7732e-01 6.7732e-01 1.9961e-01 1.4889e-01 5.5353e-01 6.0601e-01 6.0904e-01 6.0601e-01 1.5225e-01 1.8937e-02 6.4742e-02 6.7091e-02 4.7456e-02 -1.6786e-02 2.4614e-03
2.1110e-01 2.1536e-01 1.3309e-01 1.3309e-01 1.3754e-01 1.3754e-01 1.3754e-01 1.7709e-01 1.7532e-01 2.7503e-01 2.7624e-01 -2.0128e-01 2.7383e-01 8.6594e-01 3.0925e-01 3.0925e-01 4.7169e-01 8.6342e-01 8.6342e-01 4.4506e-01 8.6342e-01 8.6342e-01 8.6808e-01 3.5056e-01 9.2906e-01 1.0000e+00 1.0000e+00 9.3145e-01 9.3145e-01 9.6200e-01 8.9570e-01 9.6200e-01 8.9570e-01 8.9570e-01 9.6200e-01 9.6200e-01 9.6200e-01 9.6200e-01 9.5977e-01 9.6200e-01 9.6200e-01 9.6200e-01 8.9570e-01 8.9570e-01 1.0206e-01 9.5972e-01 8.7237e-01 8.7237e-01 8.6313e-01 8.6089e-01 8.3789e-01 7.5333e-01 1.7262e-01 7.4130e-01 6.7072e-01 6.7732e-01 6.7732e-01 1.9961e-01 1.4889e-01 5.5353e-01 6.0601e-01 6.0904e-01 6.0601e-01 1.5225e-01 1.8937e-02 6.4742e-02 6.7091e-02 4.7456e-02 -1.6786e-02 2.4614e-03
2.5012e-01 2.5475e-01 1.5950e-01 1.5950e-01 1.6488e-01 1.6488e-01 1.6488e-01 1.6339e-01 1.6101e-01 2.5560e-01 2.5672e-01 -2.1896e-01 2.5447e-01 9.1769e-01 2.8699e-01 2.8699e-01 5.5770e-01 9.2854e-01 9.2854e-01 5.3378e-01 9.2854e-01 9.2854e-01 9.3353e-01 3.2653e-01 9.9295e-01 9.3145e-01 9.3145e-01 1.0000e+00 1.0000e+00 8.9470e-01 9.6228e-01 8.9470e-01 9.6228e-01 9.6228e-01 8.9470e-01 8.9470e-01 8.9470e-01 8.9470e-01 8.9220e-01 8.9470e-01 8.9470e-01 8.9470e-01 9.6228e-01 9.6228e-01 1.0744e-01 8.9259e-01 9.3854e-01 9.3854e-01 9.2906e-01 9.2667e-01 9.0286e-01 8.1330e-01 1.5536e-01 8.0107e-01 7.1970e-01 7.3213e-01 7.3213e-01 1.8227e-01 1.3224e-01 5.9649e-01 6.5419e-01 6.5719e-01 6.5419e-01 1.4090e-01 1.0874e-02 6.5611e-02 6.7763e-02 4.9785e-02 -2.2836e-02 -1.4479e-02
2.5012e-01 2.5475e-01 1.5950e-01 1.5950e-01 1.6488e-01 1.6488e-01 1.6488e-01 1.6339e-01 1.6101e-01 2.5560e-01 2.5672e-01 -2.1896e-01 2.5447e-01 9.1769e-01 2.8699e-01 2.8699e-01 5.5770e-01 9.2854e-01 9.2854e-01 5.3378e-01 9.2854e-01 9.2854e-01 9.3353e-01 3.2653e-01 9.9295e-01 9.3145e-01 9.3145e-01 1.0000e+00 1.0000e+00 8.9470e-01 9.6228e-01 8.9470e-01 9.6228e-01 9.6228e-01 8.9470e-01 8.9470e-01 8.9470e-01 8.9470e-01 8.9220e-01 8.9470e-01 8.9470e-01 8.9470e-01 9.6228e-01 9.6228e-01 1.0744e-01 8.9259e-01 9.3854e-01 9.3854e-01 9.2906e-01 9.2667e-01 9.0286e-01 8.1330e-01 1.5536e-01 8.0107e-01 7.1970e-01 7.3213e-01 7.3213e-01 1.8227e-01 1.3224e-01 5.9649e-01 6.5419e-01 6.5719e-01 6.5419e-01 1.4090e-01 1.0874e-02 6.5611e-02 6.7763e-02 4.9785e-02 -2.2836e-02 -1.4479e-02
2.0239e-01 2.0673e-01 1.2769e-01 1.2769e-01 1.3227e-01 1.3227e-01 1.3227e-01 1.7221e-01 1.7023e-01 2.6810e-01 2.6927e-01 -1.8869e-01 2.6692e-01 8.2679e-01 3.0131e-01 3.0131e-01 4.5134e-01 8.2400e-01 8.2400e-01 4.1663e-01 8.2400e-01 8.2400e-01 8.2887e-01 3.3128e-01 8.8776e-01 9.6200e-01 9.6200e-01 8.9470e-01 8.9470e-01 1.0000e+00 9.3241e-01 1.0000e+00 9.3241e-01 9.3241e-01 1.0000e+00 1.0000e+00 1.0000e+00 1.0000e+00 9.9773e-01 1.0000e+00 1.0000e+00 1.0000e+00 9.3241e-01 9.3241e-01 1.1252e-01 9.9773e-01 9.0893e-01 9.0893e-01 8.9961e-01 8.9733e-01 8.7409e-01 7.8825e-01 1.7374e-01 7.7615e-01 6.9427e-01 7.0106e-01 7.0106e-01 2.0032e-01 1.4776e-01 5.7410e-01 6.2790e-01 6.3093e-01 6.2790e-01 1.4821e-01 8.0977e-02 1.3520e-01 1.3701e-01 1.2208e-01 6.6851e-03 -3.7925e-03
2.4272e-01 2.4743e-01 1.5493e-01 1.5493e-01 1.6045e-01 1.6045e-01 1.6045e-01 1.5899e-01 1.5641e-01 2.4939e-01 2.5049e-01 -2.0771e-01 2.4829e-01 8.8181e-01 2.7987e-01 2.7987e-01 5.3991e-01 8.9252e-01 8.9252e-01 5.0761e-01 8.9252e-01 8.9252e-01 8.9772e-01 3.0788e-01 9.5525e-01 8.9570e-01 8.9570e-01 9.6228e-01 9.6228e-01 9.3241e-01 1.0000e+00 9.3241e-01 1.0000e+00 1.0000e+00 9.3241e-01 9.3241e-01 9.3241e-01 9.3241e-01 9.2986e-01 9.3241e-01 9.3241e-01 9.3241e-01 1.0000e+00 1.0000e+00 1.0492e-01 9.3030e-01 9.7608e-01 9.7608e-01 9.6650e-01 9.6407e-01 9.3999e-01 8.4910e-01 1.5719e-01 8.3676e-01 7.4375e-01 7.5642e-01 7.5642e-01 1.7862e-01 1.2699e-01 6.1758e-01 6.7660e-01 6.7962e-01 6.7660e-01 1.3726e-01 7.5283e-02 1.3864e-01 1.4024e-01 1.2706e-01 1.3839e-03 -1.9980e-02
2.0239e-01 2.0673e-01 1.2769e-01 1.2769e-01 1.3227e-01 1.3227e-01 1.3227e-01 1.7221e-01 1.7023e-01 2.6810e-01 2.6927e-01 -1.8869e-01 2.6692e-01 8.2679e-01 3.0131e-01 3.0131e-01 4.5134e-01 8.2400e-01 8.2400e-01 4.1663e-01 8.2400e-01 8.2400e-01 8.2887e-01 3.3128e-01 8.8776e-01 9.6200e-01 9.6200e-01 8.9470e-01 8.9470e-01 1.0000e+00 9.3241e-01 1.0000e+00 9.3241e-01 9.3241e-01 1.0000e+00 1.0000e+00 1.0000e+00 1.0000e+00 9.9773e-01 1.0000e+00 1.0000e+00 1.0000e+00 9.3241e-01 9.3241e-01 1.1252e-01 9.9773e-01 9.0893e-01 9.0893e-01 8.9961e-01 8.9733e-01 8.7409e-01 7.8825e-01 1.7374e-01 7.7615e-01 6.9427e-01 7.0106e-01 7.0106e-01 2.0032e-01 1.4776e-01 5.7410e-01 6.2790e-01 6.3093e-01 6.2790e-01 1.4821e-01 8.0977e-02 1.3520e-01 1.3701e-01 1.2208e-01 6.6851e-03 -3.7925e-03
2.4272e-01 2.4743e-01 1.5493e-01 1.5493e-01 1.6045e-01 1.6045e-01 1.6045e-01 1.5899e-01 1.5641e-01 2.4939e-01 2.5049e-01 -2.0771e-01 2.4829e-01 8.8181e-01 2.7987e-01 2.7987e-01 5.3991e-01 8.9252e-01 8.9252e-01 5.0761e-01 8.9252e-01 8.9252e-01 8.9772e-01 3.0788e-01 9.5525e-01 8.9570e-01 8.9570e-01 9.6228e-01 9.6228e-01 9.3241e-01 1.0000e+00 9.3241e-01 1.0000e+00 1.0000e+00 9.3241e-01 9.3241e-01 9.3241e-01 9.3241e-01 9.2986e-01 9.3241e-01 9.3241e-01 9.3241e-01 1.0000e+00 1.0000e+00 1.0492e-01 9.3030e-01 9.7608e-01 9.7608e-01 9.6650e-01 9.6407e-01 9.3999e-01 8.4910e-01 1.5719e-01 8.3676e-01 7.4375e-01 7.5642e-01 7.5642e-01 1.7862e-01 1.2699e-01 6.1758e-01 6.7660e-01 6.7962e-01 6.7660e-01 1.3726e-01 7.5283e-02 1.3864e-01 1.4024e-01 1.2706e-01 1.3839e-03 -1.9980e-02
2.4272e-01 2.4743e-01 1.5493e-01 1.5493e-01 1.6045e-01 1.6045e-01 1.6045e-01 1.5899e-01 1.5641e-01 2.4939e-01 2.5049e-01 -2.0771e-01 2.4829e-01 8.8181e-01 2.7987e-01 2.7987e-01 5.3991e-01 8.9252e-01 8.9252e-01 5.0761e-01 8.9252e-01 8.9252e-01 8.9772e-01 3.0788e-01 9.5525e-01 8.9570e-01 8.9570e-01 9.6228e-01 9.6228e-01 9.3241e-01 1.0000e+00 9.3241e-01 1.0000e+00 1.0000e+00 9.3241e-01 9.3241e-01 9.3241e-01 9.3241e-01 9.2986e-01 9.3241e-01 9.3241e-01 9.3241e-01 1.0000e+00 1.0000e+00 1.0492e-01 9.3030e-01 9.7608e-01 9.7608e-01 9.6650e-01 9.6407e-01 9.3999e-01 8.4910e-01 1.5719e-01 8.3676e-01 7.4375e-01 7.5642e-01 7.5642e-01 1.7862e-01 1.2699e-01 6.1758e-01 6.7660e-01 6.7962e-01 6.7660e-01 1.3726e-01 7.5283e-02 1.3864e-01 1.4024e-01 1.2706e-01 1.3839e-03 -1.9980e-02
2.0239e-01 2.0673e-01 1.2769e-01 1.2769e-01 1.3227e-01 1.3227e-01 1.3227e-01 1.7221e-01 1.7023e-01 2.6810e-01 2.6927e-01 -1.8869e-01 2.6692e-01 8.2679e-01 3.0131e-01 3.0131e-01 4.5134e-01 8.2400e-01 8.2400e-01 4.1663e-01 8.2400e-01 8.2400e-01 8.2887e-01 3.3128e-01 8.8776e-01 9.6200e-01 9.6200e-01 8.9470e-01 8.9470e-01 1.0000e+00 9.3241e-01 1.0000e+00 9.3241e-01 9.3241e-01 1.0000e+00 1.0000e+00 1.0000e+00 1.0000e+00 9.9773e-01 1.0000e+00 1.0000e+00 1.0000e+00 9.3241e-01 9.3241e-01 1.1252e-01 9.9773e-01 9.0893e-01 9.0893e-01 8.9961e-01 8.9733e-01 8.7409e-01 7.8825e-01 1.7374e-01 7.7615e-01 6.9427e-01 7.0106e-01 7.0106e-01 2.0032e-01 1.4776e-01 5.7410e-01 6.2790e-01 6.3093e-01 6.2790e-01 1.4821e-01 8.0977e-02 1.3520e-01 1.3701e-01 1.2208e-01 6.6851e-03 -3.7925e-03
2.0239e-01 2.0673e-01 1.2769e-01 1.2769e-01 1.3227e-01 1.3227e-01 1.3227e-01 1.7221e-01 1.7023e-01 2.6810e-01 2.6927e-01 -1.8869e-01 2.6692e-01 8.2679e-01 3.0131e-01 3.0131e-01 4.5134e-01 8.2400e-01 8.2400e-01 4.1663e-01 8.2400e-01 8.2400e-01 8.2887e-01 3.3128e-01 8.8776e-01 9.6200e-01 9.6200e-01 8.9470e-01 8.9470e-01 1.0000e+00 9.3241e-01 1.0000e+00 9.3241e-01 9.3241e-01 1.0000e+00 1.0000e+00 1.0000e+00 1.0000e+00 9.9773e-01 1.0000e+00 1.0000e+00 1.0000e+00 9.3241e-01 9.3241e-01 1.1252e-01 9.9773e-01 9.0893e-01 9.0893e-01 8.9961e-01 8.9733e-01 8.7409e-01 7.8825e-01 1.7374e-01 7.7615e-01 6.9427e-01 7.0106e-01 7.0106e-01 2.0032e-01 1.4776e-01 5.7410e-01 6.2790e-01 6.3093e-01 6.2790e-01 1.4821e-01 8.0977e-02 1.3520e-01 1.3701e-01 1.2208e-01 6.6851e-03 -3.7925e-03
2.0239e-01 2.0673e-01 1.2769e-01 1.2769e-01 1.3227e-01 1.3227e-01 1.3227e-01 1.7221e-01 1.7023e-01 2.6810e-01 2.6927e-01 -1.8869e-01 2.6692e-01 8.2679e-01 3.0131e-01 3.0131e-01 4.5134e-01 8.2400e-01 8.2400e-01 4.1663e-01 8.2400e-01 8.2400e-01 8.2887e-01 3.3128e-01 8.8776e-01 9.6200e-01 9.6200e-01 8.9470e-01 8.9470e-01 1.0000e+00 9.3241e-01 1.0000e+00 9.3241e-01 9.3241e-01 1.0000e+00 1.0000e+00 1.0000e+00 1.0000e+00 9.9773e-01 1.0000e+00 1.0000e+00 1.0000e+00 9.3241e-01 9.3241e-01 1.1252e-01 9.9773e-01 9.0893e-01 9.0893e-01 8.9961e-01 8.9733e-01 8.7409e-01 7.8825e-01 1.7374e-01 7.7615e-01 6.9427e-01 7.0106e-01 7.0106e-01 2.0032e-01 1.4776e-01 5.7410e-01 6.2790e-01 6.3093e-01 6.2790e-01 1.4821e-01 8.0977e-02 1.3520e-01 1.3701e-01 1.2208e-01 6.6851e-03 -3.7925e-03
2.0239e-01 2.0673e-01 1.2769e-01 1.2769e-01 1.3227e-01 1.3227e-01 1.3227e-01 1.7221e-01 1.7023e-01 2.6810e-01 2.6927e-01 -1.8869e-01 2.6692e-01 8.2679e-01 3.0131e-01 3.0131e-01 4.5134e-01 8.2400e-01 8.2400e-01 4.1663e-01 8.2400e-01 8.2400e-01 8.2887e-01 3.3128e-01 8.8776e-01 9.6200e-01 9.6200e-01 8.9470e-01 8.9470e-01 1.0000e+00 9.3241e-01 1.0000e+00 9.3241e-01 9.3241e-01 1.0000e+00 1.0000e+00 1.0000e+00 1.0000e+00 9.9773e-01 1.0000e+00 1.0000e+00 1.0000e+00 9.3241e-01 9.3241e-01 1.1252e-01 9.9773e-01 9.0893e-01 9.0893e-01 8.9961e-01 8.9733e-01 8.7409e-01 7.8825e-01 1.7374e-01 7.7615e-01 6.9427e-01 7.0106e-01 7.0106e-01 2.0032e-01 1.4776e-01 5.7410e-01 6.2790e-01 6.3093e-01 6.2790e-01 1.4821e-01 8.0977e-02 1.3520e-01 1.3701e-01 1.2208e-01 6.6851e-03 -3.7925e-03
2.0160e-01 2.0595e-01 1.2719e-01 1.2719e-01 1.3179e-01 1.3179e-01 1.3179e-01 1.7177e-01 1.6977e-01 2.6747e-01 2.6864e-01 -1.9232e-01 2.6629e-01 8.2446e-01 3.0059e-01 3.0059e-01 4.4987e-01 8.2164e-01 8.2164e-01 4.1522e-01 8.2164e-01 8.2164e-01 8.2652e-01 3.3050e-01 8.8526e-01 9.5977e-01 9.5977e-01 8.9220e-01 8.9220e-01 9.9773e-01 9.2986e-01 9.9773e-01 9.2986e-01 9.2986e-01 9.9773e-01 9.9773e-01 9.9773e-01 9.9773e-01 1.0000e+00 9.9773e-01 9.9773e-01 9.9773e-01 9.2986e-01 9.2986e-01 1.1227e-01 9.9546e-01 9.0637e-01 9.0637e-01 8.9705e-01 8.9476e-01 8.7149e-01 7.8535e-01 1.7319e-01 7.7324e-01 6.9093e-01 6.9779e-01 6.9779e-01 1.9942e-01 1.4673e-01 5.6956e-01 6.2399e-01 6.2701e-01 6.2399e-01 1.4784e-01 8.0320e-02 1.3474e-01 1.3654e-01 1.2164e-01 6.5124e-03 4.8838e-04
2.0239e-01 2.0673e-01 1.2769e-01 1.2769e-01 1.3227e-01 1.3227e-01 1.3227e-01 1.7221e-01 1.7023e-01 2.6810e-01 2.6927e-01 -1.8869e-01 2.6692e-01 8.2679e-01 3.0131e-01 3.0131e-01 4.5134e-01 8.2400e-01 8.2400e-01 4.1663e-01 8.2400e-01 8.2400e-01 8.2887e-01 3.3128e-01 8.8776e-01 9.6200e-01 9.6200e-01 8.9470e-01 8.9470e-01 1.0000e+00 9.3241e-01 1.0000e+00 9.3241e-01 9.3241e-01 1.0000e+00 1.0000e+00 1.0000e+00 1.0000e+00 9.9773e-01 1.0000e+00 1.0000e+00 1.0000e+00 9.3241e-01 9.3241e-01 1.1252e-01 9.9773e-01 9.0893e-01 9.0893e-01 8.9961e-01 8.9733e-01 8.7409e-01 7.8825e-01 1.7374e-01 7.7615e-01 6.9427e-01 7.0106e-01 7.0106e-01 2.0032e-01 1.4776e-01 5.7410e-01 6.2790e-01 6.3093e-01 6.2790e-01 1.4821e-01 8.0977e-02 1.3520e-01 1.3701e-01 1.2208e-01 6.6851e-03 -3.7925e-03
2.0239e-01 2.0673e-01 1.2769e-01 1.2769e-01 1.3227e-01 1.3227e-01 1.3227e-01 1.7221e-01 1.7023e-01 2.6810e-01 2.6927e-01 -1.8869e-01 2.6692e-01 8.2679e-01 3.0131e-01 3.0131e-01 4.5134e-01 8.2400e-01 8.2400e-01 4.1663e-01 8.2400e-01 8.2400e-01 8.2887e-01 3.3128e-01 8.8776e-01 9.6200e-01 9.6200e-01 8.9470e-01 8.9470e-01 1.0000e+00 9.3241e-01 1.0000e+00 9.3241e-01 9.3241e-01 1.0000e+00 1.0000e+00 1.0000e+00 1.0000e+00 9.9773e-01 1.0000e+00 1.0000e+00 1.0000e+00 9.3241e-01 9.3241e-01 1.1252e-01 9.9773e-01 9.0893e-01 9.0893e-01 8.9961e-01 8.9733e-01 8.7409e-01 7.8825e-01 1.7374e-01 7.7615e-01 6.9427e-01 7.0106e-01 7.0106e-01 2.0032e-01 1.4776e-01 5.7410e-01 6.2790e-01 6.3093e-01 6.2790e-01 1.4821e-01 8.0977e-02 1.3520e-01 1.3701e-01 1.2208e-01 6.6851e-03 -3.7925e-03
2.0239e-01 2.0673e-01 1.2769e-01 1.2769e-01 1.3227e-01 1.3227e-01 1.3227e-01 1.7221e-01 1.7023e-01 2.6810e-01 2.6927e-01 -1.8869e-01 2.6692e-01 8.2679e-01 3.0131e-01 3.0131e-01 4.5134e-01 8.2400e-01 8.2400e-01 4.1663e-01 8.2400e-01 8.2400e-01 8.2887e-01 3.3128e-01 8.8776e-01 9.6200e-01 9.6200e-01 8.9470e-01 8.9470e-01 1.0000e+00 9.3241e-01 1.0000e+00 9.3241e-01 9.3241e-01 1.0000e+00 1.0000e+00 1.0000e+00 1.0000e+00 9.9773e-01 1.0000e+00 1.0000e+00 1.0000e+00 9.3241e-01 9.3241e-01 1.1252e-01 9.9773e-01 9.0893e-01 9.0893e-01 8.9961e-01 8.9733e-01 8.7409e-01 7.8825e-01 1.7374e-01 7.7615e-01 6.9427e-01 7.0106e-01 7.0106e-01 2.0032e-01 1.4776e-01 5.7410e-01 6.2790e-01 6.3093e-01 6.2790e-01 1.4821e-01 8.0977e-02 1.3520e-01 1.3701e-01 1.2208e-01 6.6851e-03 -3.7925e-03
2.4272e-01 2.4743e-01 1.5493e-01 1.5493e-01 1.6045e-01 1.6045e-01 1.6045e-01 1.5899e-01 1.5641e-01 2.4939e-01 2.5049e-01 -2.0771e-01 2.4829e-01 8.8181e-01 2.7987e-01 2.7987e-01 5.3991e-01 8.9252e-01 8.9252e-01 5.0761e-01 8.9252e-01 8.9252e-01 8.9772e-01 3.0788e-01 9.5525e-01 8.9570e-01 8.9570e-01 9.6228e-01 9.6228e-01 9.3241e-01 1.0000e+00 9.3241e-01 1.0000e+00 1.0000e+00 9.3241e-01 9.3241e-01 9.3241e-01 9.3241e-01 9.2986e-01 9.3241e-01 9.3241e-01 9.3241e-01 1.0000e+00 1.0000e+00 1.0492e-01 9.3030e-01 9.7608e-01 9.7608e-01 9.6650e-01 9.6407e-01 9.3999e-01 8.4910e-01 1.5719e-01 8.3676e-01 7.4375e-01 7.5642e-01 7.5642e-01 1.7862e-01 1.2699e-01 6.1758e-01 6.7660e-01 6.7962e-01 6.7660e-01 1.3726e-01 7.5283e-02 1.3864e-01 1.4024e-01 1.2706e-01 1.3839e-03 -1.9980e-02
2.4272e-01 2.4743e-01 1.5493e-01 1.5493e-01 1.6045e-01 1.6045e-01 1.6045e-01 1.5899e-01 1.5641e-01 2.4939e-01 2.5049e-01 -2.0771e-01 2.4829e-01 8.8181e-01 2.7987e-01 2.7987e-01 5.3991e-01 8.9252e-01 8.9252e-01 5.0761e-01 8.9252e-01 8.9252e-01 8.9772e-01 3.0788e-01 9.5525e-01 8.9570e-01 8.9570e-01 9.6228e-01 9.6228e-01 9.3241e-01 1.0000e+00 9.3241e-01 1.0000e+00 1.0000e+00 9.3241e-01 9.3241e-01 9.3241e-01 9.3241e-01 9.2986e-01 9.3241e-01 9.3241e-01 9.3241e-01 1.0000e+00 1.0000e+00 1.0492e-01 9.3030e-01 9.7608e-01 9.7608e-01 9.6650e-01 9.6407e-01 9.3999e-01 8.4910e-01 1.5719e-01 8.3676e-01 7.4375e-01 7.5642e-01 7.5642e-01 1.7862e-01 1.2699e-01 6.1758e-01 6.7660e-01 6.7962e-01 6.7660e-01 1.3726e-01 7.5283e-02 1.3864e-01 1.4024e-01 1.2706e-01 1.3839e-03 -1.9980e-02
-6.1631e-03 -5.7436e-03 5.1034e-02 5.1034e-02 -2.0424e-02 -2.0424e-02 -2.0424e-02 -1.9922e-02 -2.1899e-02 -4.6408e-02 -4.6737e-02 8.5581e-02 -4.6078e-02 8.8781e-02 -5.7032e-02 -5.7032e-02 -1.2720e-01 1.0126e-01 1.0126e-01 1.8524e-01 1.0126e-01 1.0126e-01 1.0180e-01 3.1328e-01 9.4075e-02 1.0206e-01 1.0206e-01 1.0744e-01 1.0744e-01 1.1252e-01 1.0492e-01 1.1252e-01 1.0492e-01 1.0492e-01 1.1252e-01 1.1252e-01 1.1252e-01 1.1252e-01 1.1227e-01 1.1252e-01 1.1252e-01 1.1252e-01 1.0492e-01 1.0492e-01 1.0000e+00 1.1278e-01 1.0542e-01 1.0542e-01 1.0542e-01 1.0517e-01 9.0892e-02 8.3718e-02 -5.2904e-02 8.3984e-02 8.8926e-02 9.0175e-02 9.0175e-02 2.7989e-01 2.4256e-01 6.9249e-02 7.8597e-02 7.8342e-02 7.8597e-02 -3.7250e-02 -3.4731e-02 -4.3856e-02 -4.4201e-02 -4.1383e-02 -1.3635e-02 -2.2511e-03
1.9750e-01 2.0182e-01 1.2818e-01 1.2818e-01 1.3275e-01 1.3275e-01 1.3275e-01 1.7266e-01 1.7069e-01 2.6873e-01 2.6991e-01 -1.8984e-01 2.6754e-01 8.2463e-01 2.9637e-01 2.9637e-01 4.4850e-01 8.2184e-01 8.2184e-01 4.1372e-01 8.2184e-01 8.2184e-01 8.2670e-01 3.2673e-01 8.8565e-01 9.5972e-01 9.5972e-01 8.9259e-01 8.9259e-01 9.9773e-01 9.3030e-01 9.9773e-01 9.3030e-01 9.3030e-01 9.9773e-01 9.9773e-01 9.9773e-01 9.9773e-01 9.9546e-01 9.9773e-01 9.9773e-01 9.9773e-01 9.3030e-01 9.3030e-01 1.1278e-01 1.0000e+00 9.1148e-01 9.1148e-01 9.0217e-01 8.9990e-01 8.7670e-01 7.9116e-01 1.7429e-01 7.7905e-01 6.9760e-01 7.0434e-01 7.0434e-01 2.0122e-01 1.4879e-01 5.7273e-01 6.3179e-01 6.3484e-01 6.3179e-01 1.4857e-01 8.1633e-02 1.3567e-01 1.3747e-01 1.2252e-01 6.8575e-03 -8.0666e-03
2.3837e-01 2.4305e-01 1.5584e-01 1.5584e-01 1.6133e-01 1.6133e-01 1.6133e-01 1.3417e-01 1.4898e-01 2.4428e-01 2.4540e-01 -2.0507e-01 2.4315e-01 8.5850e-01 2.6969e-01 2.6969e-01 5.3377e-01 8.6917e-01 8.6917e-01 5.0131e-01 8.6917e-01 8.6917e-01 8.7438e-01 2.9847e-01 9.3154e-01 8.7237e-01 8.7237e-01 9.3854e-01 9.3854e-01 9.0893e-01 9.7608e-01 9.0893e-01 9.7608e-01 9.7608e-01 9.0893e-01 9.0893e-01 9.0893e-01 9.0893e-01 9.0637e-01 9.0893e-01 9.0893e-01 9.0893e-01 9.7608e-01 9.7608e-01 1.0542e-01 9.1148e-01 1.0000e+00 1.0000e+00 9.9045e-01 9.8805e-01 9.6409e-01 8.7442e-01 1.5830e-01 8.6206e-01 7.7099e-01 7.8337e-01 7.8337e-01 1.9682e-01 1.4475e-01 6.1451e-01 6.7874e-01 6.8176e-01 6.7874e-01 1.3799e-01 7.6615e-02 1.3954e-01 1.4115e-01 1.2791e-01 1.7460e-03 -1.7777e-02
2.3837e-01 2.4305e-01 1.5584e-01 1.5584e-01 1.6133e-01 1.6133e-01 1.6133e-01 1.3417e-01 1.4898e-01 2.4428e-01 2.4540e-01 -2.0507e-01 2.4315e-01 8.5850e-01 2.6969e-01 2.6969e-01 5.3377e-01 8.6917e-01 8.6917e-01 5.0131e-01 8.6917e-01 8.6917e-01 8.7438e-01 2.9847e-01 9.3154e-01 8.7237e-01 8.7237e-01 9.3854e-01 9.3854e-01 9.0893e-01 9.7608e-01 9.0893e-01 9.7608e-01 9.7608e-01 9.0893e-01 9.0893e-01 9.0893e-01 9.0893e-01 9.0637e-01 9.0893e-01 9.0893e-01 9.0893e-01 9.7608e-01 9.7608e-01 1.0542e-01 9.1148e-01 1.0000e+00 1.0000e+00 9.9045e-01 9.8805e-01 9.6409e-01 8.7442e-01 1.5830e-01 8.6206e-01 7.7099e-01 7.8337e-01 7.8337e-01 1.9682e-01 1.4475e-01 6.1451e-01 6.7874e-01 6.8176e-01 6.7874e-01 1.3799e-01 7.6615e-02 1.3954e-01 1.4115e-01 1.2791e-01 1.7460e-03 -1.7777e-02
2.3837e-01 2.4305e-01 1.5584e-01 1.5584e-01 1.6133e-01 1.6133e-01 1.6133e-01 1.3417e-01 1.4898e-01 2.3792e-01 2.3907e-01 -2.0018e-01 2.3678e-01 8.4926e-01 2.6969e-01 2.6969e-01 5.2495e-01 8.5991e-01 8.5991e-01 4.9687e-01 8.5991e-01 8.5991e-01 8.6513e-01 2.9847e-01 9.2207e-01 8.6313e-01 8.6313e-01 9.2906e-01 9.2906e-01 8.9961e-01 9.6650e-01 8.9961e-01 9.6650e-01 9.6650e-01 8.9961e-01 8.9961e-01 8.9961e-01 8.9961e-01 8.9705e-01 8.9961e-01 8.9961e-01 8.9961e-01 9.6650e-01 9.6650e-01 1.0542e-01 9.0217e-01 9.9045e-01 9.9045e-01 1.0000e+00 9.9761e-01 9.7367e-01 8.8429e-01 1.6571e-01 8.7192e-01 7.8135e-01 7.9366e-01 7.9366e-01 2.0774e-01 1.4997e-01 6.2057e-01 6.8431e-01 6.8734e-01 6.8431e-01 1.3799e-01 7.6615e-02 1.3954e-01 1.4115e-01 1.2791e-01 1.7460e-03 -1.2306e-02
2.3762e-01 2.4231e-01 1.5538e-01 1.5538e-01 1.6089e-01 1.6089e-01 1.6089e-01 1.3371e-01 1.4851e-01 2.3729e-01 2.3843e-01 -1.9904e-01 2.3615e-01 8.4702e-01 2.6896e-01 2.6896e-01 5.2359e-01 8.5765e-01 8.5765e-01 4.9556e-01 8.5765e-01 8.5765e-01 8.6290e-01 2.9768e-01 9.1968e-01 8.6089e-01 8.6089e-01 9.2667e-01 9.2667e-01 8.9733e-01 9.6407e-01 8.9733e-01 9.6407e-01 9.6407e-01 8.9733e-01 8.9733e-01 8.9733e-01 8.9733e-01 8.9476e-01 8.9733e-01 8.9733e-01 8.9733e-01 9.6407e-01 9.6407e-01 1.0517e-01 8.9990e-01 9.8805e-01 9.8805e-01 9.9761e-01 1.0000e+00 9.7603e-01 8.8647e-01 1.6517e-01 8.7409e-01 7.8331e-01 7.9565e-01 7.9565e-01 2.0686e-01 1.4894e-01 6.2210e-01 6.8603e-01 6.8906e-01 6.8603e-01 1.3763e-01 7.5950e-02 1.3909e-01 1.4069e-01 1.2749e-01 1.5651e-03 -7.9254e-03
2.3613e-01 2.4084e-01 1.5447e-01 1.5447e-01 1.6001e-01 1.6001e-01 1.6001e-01 1.3278e-01 1.4758e-01 2.3603e-01 2.3716e-01 -2.1640e-01 2.3489e-01 8.2399e-01 2.6752e-01 2.6752e-01 5.1203e-01 8.3456e-01 8.3456e-01 4.7959e-01 8.3456e-01 8.3456e-01 8.3987e-01 2.9061e-01 8.9589e-01 8.3789e-01 8.3789e-01 9.0286e-01 9.0286e-01 8.7409e-01 9.3999e-01 8.7409e-01 9.3999e-01 9.3999e-01 8.7409e-01 8.7409e-01 8.7409e-01 8.7409e-01 8.7149e-01 8.7409e-01 8.7409e-01 8.7409e-01 9.3999e-01 9.3999e-01 9.0892e-02 8.7670e-01 9.6409e-01 9.6409e-01 9.7367e-01 9.7603e-01 1.0000e+00 9.0076e-01 1.6408e-01 8.8835e-01 7.9245e-01 8.0480e-01 8.0480e-01 2.0509e-01 1.4689e-01 6.2520e-01 6.9509e-01 6.9813e-01 6.9509e-01 1.3690e-01 6.7437e-02 1.2949e-01 1.3114e-01 1.1747e-01 1.2023e-03 -1.0112e-02
