1.0000e+00 3.7762e-02 -3.3167e-03 -2.5826e-03 -2.7947e-02 -1.8828e-02 -1.8828e-02 3.6392e-03 -2.0546e-02 -1.3183e-03 1.0282e-02 2.1208e-02 2.0747e-02 1.0282e-02 -1.0233e-02 -1.0535e-02 4.0400e-02 1.0186e-02 3.3589e-02 2.3472e-02 2.3472e-02 2.4431e-02 2.4109e-02 2.2841e-02
3.7762e-02 1.0000e+00 -5.5304e-03 9.7314e-02 -8.9737e-02 -7.4061e-02 -7.4061e-02 -3.6771e-02 -3.4259e-02 -8.8729e-02 -9.4647e-02 -9.4306e-02 -9.4917e-02 -9.4647e-02 -5.1610e-02 -1.7567e-02 2.5459e-02 -4.5708e-02 -8.2670e-03 -2.3684e-02 -2.3684e-02 -2.2480e-02 -2.2883e-02 -2.4479e-02
-3.3167e-03 -5.5304e-03 1.0000e+00 -3.5418e-02 2.6542e-02 2.8895e-02 2.8895e-02 -2.7812e-02 -6.1639e-03 2.8435e-02 -2.1544e-02 -2.3548e-02 -2.3650e-02 -2.1544e-02 3.7721e-02 -3.1607e-03 -1.6153e-02 -3.1356e-02 -2.5204e-02 -1.5073e-02 -1.5073e-02 -1.4924e-02 -1.4974e-02 -1.5172e-02
-2.5826e-03 9.7314e-02 -3.5418e-02 1.0000e+00 2.8252e-01 2.9318e-01 2.9318e-01 4.5039e-01 -6.7331e-03 -3.0383e-01 -3.0704e-01 -3.4969e-01 -3.4974e-01 -3.1134e-01 -3.0043e-01 2.8718e-02 1.9955e-01 1.2701e-02 2.2160e-02 7.5726e-02 7.5726e-02 7.4508e-02 7.6637e-02 6.4578e-02
-2.7947e-02 -8.9737e-02 2.6542e-02 2.8252e-01 1.0000e+00 9.1854e-01 9.1854e-01 7.4187e-01 1.5370e-01 -3.2031e-01 -5.6043e-01 -5.3784e-01 -5.3370e-01 -5.6043e-01 -4.7314e-01 2.3291e-02 3.2991e-02 4.5427e-02 1.4436e-02 3.3787e-02 3.3787e-02 2.7509e-02 2.9610e-02 2.2434e-02
-1.8828e-02 -7.4061e-02 2.8895e-02 2.9318e-01 9.1854e-01 1.0000e+00 1.0000e+00 8.0766e-01 -2.1332e-01 -3.6829e-01 -5.8276e-01 -5.7347e-01 -5.6897e-01 -5.8276e-01 -4.9520e-01 -2.8916e-02 5.5877e-02 4.0439e-02 7.5907e-03 5.2949e-02 5.2949e-02 4.6215e-02 4.8469e-02 4.2067e-02
-1.8828e-02 -7.4061e-02 2.8895e-02 2.9318e-01 9.1854e-01 1.0000e+00 1.0000e+00 8.0766e-01 -2.1332e-01 -3.6829e-01 -5.8276e-01 -5.7347e-01 -5.6897e-01 -5.8276e-01 -4.9520e-01 -2.8916e-02 5.5877e-02 4.0439e-02 7.5907e-03 5.2949e-02 5.2949e-02 4.6215e-02 4.8469e-02 4.2067e-02
3.6392e-03 -3.6771e-02 -2.7812e-02 4.5039e-01 7.4187e-01 8.0766e-01 8.0766e-01 1.0000e+00 -1.7229e-01 -5.5098e-01 -4.6020e-01 -5.0353e-01 -4.9821e-01 -4.6020e-01 -5.5816e-01 -2.7749e-02 7.2056e-02 4.9344e-02 2.6909e-02 1.0411e-01 1.0411e-01 1.0120e-01 1.0389e-01 9.4064e-02
-2.0546e-02 -3.4259e-02 -6.1639e-03 -6.7331e-03 1.5370e-01 -2.1332e-01 -2.1332e-01 -1.7229e-01 1.0000e+00 1.6553e-01 8.1992e-02 1.1854e-01 1.1758e-01 8.1992e-02 4.0495e-02 8.6892e-02 -4.7995e-02 2.7572e-02 1.7138e-02 -6.6220e-02 -6.6220e-02 -6.5129e-02 -6.5493e-02 -6.6944e-02
-1.3183e-03 -8.8729e-02 2.8435e-02 -3.0383e-01 -3.2031e-01 -3.6829e-01 -3.6829e-01 -5.5098e-01 1.6553e-01 1.0000e+00 6.1568e-01 6.7294e-01 6.7169e-01 6.1139e-01 7.2541e-01 2.9882e-02 -1.6408e-01 4.0596e-02 4.8108e-02 -5.2234e-02 -5.2234e-02 -4.9175e-02 -4.6758e-02 -4.2315e-02
1.0282e-02 -9.4647e-02 -2.1544e-02 -3.0704e-01 -5.6043e-01 -5.8276e-01 -5.8276e-01 -4.6020e-01 8.1992e-02 6.1568e-01 1.0000e+00 9.1491e-01 9.0652e-01 9.9542e-01 8.0371e-01 6.0651e-02 -1.6562e-01 1.2611e-02 5.7252e-03 -4.6543e-02 -4.6543e-02 -4.1566e-02 -3.7722e-02 -3.3436e-02
2.1208e-02 -9.4306e-02 -2.3548e-02 -3.4969e-01 -5.3784e-01 -5.7347e-01 -5.7347e-01 -5.0353e-01 1.1854e-01 6.7294e-01 9.1491e-01 1.0000e+00 9.9137e-01 9.1046e-01 7.1149e-01 5.0615e-02 -1.7783e-01 2.5189e-02 1.5825e-02 -5.2870e-02 -5.2870e-02 -5.2808e-02 -4.9260e-02 -4.0528e-02
2.0747e-02 -9.4917e-02 -2.3650e-02 -3.4974e-01 -5.3370e-01 -5.6897e-01 -5.6897e-01 -4.9821e-01 1.1758e-01 6.7169e-01 9.0652e-01 9.9137e-01 1.0000e+00 9.1096e-01 7.1137e-01 5.0138e-02 -1.7463e-01 2.1041e-02 1.2496e-02 -5.4785e-02 -5.4785e-02 -5.4703e-02 -5.1166e-02 -4.2471e-02
1.0282e-02 -9.4647e-02 -2.1544e-02 -3.1134e-01 -5.6043e-01 -5.8276e-01 -5.8276e-01 -4.6020e-01 8.1992e-02 6.1139e-01 9.9542e-01 9.1046e-01 9.1096e-01 1.0000e+00 8.0805e-01 6.0651e-02 -1.6562e-01 8.3423e-03 1.3486e-03 -5.2029e-02 -5.2029e-02 -4.7087e-02 -4.3232e-02 -3.8901e-02
-1.0233e-02 -5.1610e-02 3.7721e-02 -3.0043e-01 -4.7314e-01 -4.9520e-01 -4.9520e-01 -5.5816e-01 4.0495e-02 7.2541e-01 8.0371e-01 7.1149e-01 7.1137e-01 8.0805e-01 1.0000e+00 5.8736e-02 -1.6435e-01 -2.3292e-02 -1.7894e-02 -7.2468e-02 -7.2468e-02 -6.6472e-02 -6.3264e-02 -6.0914e-02
-1.0535e-02 -1.7567e-02 -3.1607e-03 2.8718e-02 2.3291e-02 -2.8916e-02 -2.8916e-02 -2.7749e-02 8.6892e-02 2.9882e-02 6.0651e-02 5.0615e-02 5.0138e-02 6.0651e-02 5.8736e-02 1.0000e+00 -5.1311e-02 -1.9443e-02 2.1241e-03 -4.7879e-02 -4.7879e-02 -4.7407e-02 -4.7565e-02 -4.8194e-02
4.0400e-02 2.5459e-02 -1.6153e-02 1.9955e-01 3.2991e-02 5.5877e-02 5.5877e-02 7.2056e-02 -4.7995e-02 -1.6408e-01 -1.6562e-01 -1.7783e-01 -1.7463e-01 -1.6562e-01 -1.6435e-01 -5.1311e-02 1.0000e+00 5.5045e-03 6.3107e-02 1.8990e-01 1.8990e-01 1.7603e-01 1.7434e-01 1.8024e-01
1.0186e-02 -4.5708e-02 -3.1356e-02 1.2701e-02 4.5427e-02 4.0439e-02 4.0439e-02 4.9344e-02 2.7572e-02 4.0596e-02 1.2611e-02 2.5189e-02 2.1041e-02 8.3423e-03 -2.3292e-02 -1.9443e-02 5.5045e-03 1.0000e+00 8.0380e-01 4.4492e-01 4.4492e-01 4.3481e-01 4.3648e-01 4.4313e-01
3.3589e-02 -8.2670e-03 -2.5204e-02 2.2160e-02 1.4436e-02 7.5907e-03 7.5907e-03 2.6909e-02 1.7138e-02 4.8108e-02 5.7252e-03 1.5825e-02 1.2496e-02 1.3486e-03 -1.7894e-02 2.1241e-03 6.3107e-02 8.0380e-01 1.0000e+00 5.5611e-01 5.5611e-01 5.4467e-01 5.4674e-01 5.3933e-01
2.3472e-02 -2.3684e-02 -1.5073e-02 7.5726e-02 3.3787e-02 5.2949e-02 5.2949e-02 1.0411e-01 -6.6220e-02 -5.2234e-02 -4.6543e-02 -5.2870e-02 -5.4785e-02 -5.2029e-02 -7.2468e-02 -4.7879e-02 1.8990e-01 4.4492e-01 5.5611e-01 1.0000e+00 1.0000e+00 9.8352e-01 9.8023e-01 9.7385e-01
2.3472e-02 -2.3684e-02 -1.5073e-02 7.5726e-02 3.3787e-02 5.2949e-02 5.2949e-02 1.0411e-01 -6.6220e-02 -5.2234e-02 -4.6543e-02 -5.2870e-02 -5.4785e-02 -5.2029e-02 -7.2468e-02 -4.7879e-02 1.8990e-01 4.4492e-01 5.5611e-01 1.0000e+00 1.0000e+00 9.8352e-01 9.8023e-01 9.7385e-01
2.4431e-02 -2.2480e-02 -1.4924e-02 7.4508e-02 2.7509e-02 4.6215e-02 4.6215e-02 1.0120e-01 -6.5129e-02 -4.9175e-02 -4.1566e-02 -5.2808e-02 -5.4703e-02 -4.7087e-02 -6.6472e-02 -4.7407e-02 1.7603e-01 4.3481e-01 5.4467e-01 9.8352e-01 9.8352e-01 1.0000e+00 9.9669e-01 9.8368e-01
2.4109e-02 -2.2883e-02 -1.4974e-02 7.6637e-02 2.9610e-02 4.8469e-02 4.8469e-02 1.0389e-01 -6.5493e-02 -4.6758e-02 -3.7722e-02 -4.9260e-02 -5.1166e-02 -4.3232e-02 -6.3264e-02 -4.7565e-02 1.7434e-01 4.3648e-01 5.4674e-01 9.8023e-01 9.8023e-01 9.9669e-01 1.0000e+00 9.8038e-01
2.2841e-02 -2.4479e-02 -1.5172e-02 6.4578e-02 2.2434e-02 4.2067e-02 4.2067e-02 9.4064e-02 -6.6944e-02 -4.2315e-02 -3.3436e-02 -4.0528e-02 -4.2471e-02 -3.8901e-02 -6.0914e-02 -4.8194e-02 1.8024e-01 4.4313e-01 5.3933e-01 9.7385e-01 9.7385e-01 9.8368e-01 9.8038e-01 1.0000e+00
