1.0000e+00 6.5468e-03 1.4627e-02 6.7274e-03 6.2642e-03 1.3261e-02 1.1614e-02 -1.7760e-02 1.7725e-02 -1.7760e-02 -2.4239e-02 4.9662e-02 6.2473e-02 6.0796e-02 6.1998e-02 5.2763e-02 4.4795e-02 4.6474e-02 3.9741e-02 -2.6881e-02 1.7546e-02 -1.7362e-02 -2.7582e-03 -3.2500e-03 -1.4255e-02 -5.0868e-03 -5.0868e-03 -5.0868e-03 -5.5841e-03 3.5173e-02 -4.5884e-03 -5.0868e-03 3.5173e-02 -5.0868e-03 -3.7409e-03 -3.7409e-03 -2.2654e-03 1.4627e-02 -1.7717e-03 -1.7717e-03 3.3150e-02 6.2725e-03 7.9088e-03 6.2725e-03 7.4058e-03 6.9038e-03 1.4998e-02 -3.2500e-03 -3.2500e-03 2.5627e-02 -9.9417e-04 -9.9417e-04 -1.2906e-02 8.4249e-03 1.3095e-02 -2.7839e-02 8.8958e-03 1.3095e-02 1.1920e-03 2.6179e-02 2.5717e-04 2.6835e-02 6.6779e-03 6.1613e-03 1.1259e-02 -9.3282e-03 -1.1733e-02 1.1614e-02 -1.1259e-02 -1.1733e-02 -7.7336e-03 -3.8386e-02 -1.1733e-02 -2.7622e-02 1.0785e-02 6.1521e-03 1.2486e-02 1.2208e-02 2.5291e-03 1.2208e-02 1.2208e-02 1.1614e-02 1.2208e-02 -1.1733e-02 -1.1733e-02 -1.2208e-02 -1.1733e-02 -1.1733e-02 -1.1733e-02 -1.2208e-02 -2.6661e-02 -8.5845e-03 -7.1910e-03 4.5386e-02 3.0855e-02 1.2097e-03 4.4815e-03 -7.0048e-03 -3.5638e-02 4.1776e-02 -1.2375e-02 -7.3849e-04 3.9817e-02 -3.0966e-02 -2.3754e-02 -2.3200e-02 -2.3200e-02 -2.3200e-02 -5.3265e-02 -2.6487e-02 -5.3948e-03 -1.0013e-02 -1.0013e-02 -7.8114e-04 -2.8434e-04 -9.0361e-03 -6.6664e-03 -7.1508e-03 -6.1811e-03 -7.8114e-04 -1.0013e-02 5.7493e-02 -7.8114e-04 -7.8114e-04 7.1508e-03 6.9642e-02 4.6672e-02
6.5468e-03 1.0000e+00 -1.3544e-01 9.5883e-01 9.5683e-01 9.2811e-01 -1.2832e-01 -1.2425e-01 2.9629e-01 -1.2425e-01 -3.1859e-01 2.2612e-01 2.5000e-01 1.9642e-01 2.1625e-01 2.0557e-01 1.0518e-01 1.8580e-01 3.0989e-01 1.5377e-01 2.1400e-02 -7.7969e-02 -1.3346e-01 -1.3501e-01 3.8713e-02 -1.0823e-01 -1.0823e-01 -1.0823e-01 -1.0983e-01 8.1982e-02 -1.0664e-01 -1.0823e-01 8.1982e-02 -1.1283e-01 -1.3656e-01 -1.3656e-01 -1.4095e-01 -1.3544e-01 -1.3940e-01 -1.3940e-01 2.4582e-01 -1.0964e-01 -1.3643e-01 -1.0503e-01 -1.3346e-01 -1.3049e-01 -8.8394e-02 -1.3501e-01 -1.3501e-01 2.3362e-01 -1.7739e-01 -1.7739e-01 -1.6658e-01 -1.2929e-02 -1.3775e-01 1.4230e-01 -1.1345e-02 -1.3775e-01 -9.2578e-03 5.5106e-02 -8.1707e-03 2.2995e-01 1.6584e-01 -1.0129e-01 1.7957e-02 -2.1393e-01 -1.9565e-02 -1.2832e-01 -1.7957e-02 -1.9565e-02 -2.0776e-01 -2.3826e-01 -1.9565e-02 -8.3661e-02 2.0620e-02 2.0165e-01 1.4726e-01 2.1175e-02 -9.2093e-02 2.1175e-02 2.1175e-02 -1.2832e-01 2.1175e-02 -1.9565e-02 -1.9565e-02 -2.1175e-02 -1.9565e-02 -1.9565e-02 -1.9565e-02 -2.1175e-02 -8.0352e-02 4.0079e-02 4.4742e-02 -1.8653e-01 1.8221e-01 -1.2324e-01 -5.3803e-02 -1.3814e-01 -9.7426e-02 1.1823e-01 -4.2251e-02 1.6543e-02 1.1192e-01 1.2429e-01 -1.0928e-01 -1.0746e-01 -1.0746e-01 -1.0746e-01 5.9936e-02 -1.1274e-01 9.5973e-02 9.4333e-02 9.4333e-02 9.5283e-02 9.2535e-02 9.7940e-02 8.7492e-02 9.0216e-02 8.9254e-02 9.9824e-02 9.8883e-02 -8.4777e-02 9.5283e-02 9.5283e-02 -8.5734e-02 -6.2581e-02 -9.8352e-02
1.4627e-02 -1.3544e-01 1.0000e+00 -1.4126e-01 -1.4155e-01 -1.3718e-01 9.6725e-01 -3.3286e-02 6.7240e-02 -3.3286e-02 3.0326e-01 -3.3107e-02 1.0755e-01 9.2779e-02 1.0043e-01 8.0262e-02 1.2182e-01 1.0290e-01 7.1658e-02 -2.0828e-02 2.9841e-01 3.4130e-02 2.3491e-01 2.3429e-01 -6.9364e-02 3.5842e-02 3.5842e-02 3.5842e-02 3.5412e-02 8.1308e-02 3.6273e-02 3.5842e-02 8.1308e-02 3.5842e-02 2.3367e-01 2.3367e-01 2.3553e-01 8.6257e-01 2.3615e-01 2.3615e-01 7.5108e-02 3.6705e-02 2.3553e-01 3.6705e-02 2.3491e-01 2.3429e-01 4.9739e-01 2.3429e-01 2.3429e-01 8.4120e-03 2.2473e-01 2.2473e-01 1.9853e-01 1.9256e-01 8.4797e-01 -2.1570e-02 1.9303e-01 8.4797e-01 1.9492e-01 7.5595e-02 1.9397e-01 9.2502e-03 -8.8441e-02 6.5713e-01 1.9540e-01 8.7010e-02 -1.9587e-01 8.3405e-01 -1.9540e-01 -1.9587e-01 8.7869e-02 -7.7938e-02 -1.9587e-01 -7.6503e-02 1.9492e-01 -8.8727e-02 2.4124e-01 1.9635e-01 6.6258e-01 1.9635e-01 1.9635e-01 8.3405e-01 1.9635e-01 -1.9587e-01 -1.9587e-01 -1.9635e-01 -1.9587e-01 -1.9587e-01 -1.9587e-01 -1.9635e-01 -7.5898e-02 -1.8347e-01 -1.8215e-01 -5.3943e-02 3.0286e-02 -1.4565e-01 -9.4306e-02 -9.1117e-02 -4.2314e-02 -3.0738e-02 -9.5884e-03 1.5278e-02 -3.1262e-02 -6.6941e-02 2.6868e-03 3.1689e-03 3.1689e-03 3.1689e-03 -1.2168e-01 1.6019e-02 -8.3270e-02 -5.8999e-02 -5.8999e-02 -5.9647e-02 -5.9323e-02 -5.8350e-02 -6.3508e-02 -6.3828e-02 -6.3188e-02 -5.9647e-02 -5.8999e-02 9.9915e-02 -5.9647e-02 -5.9647e-02 5.1078e-02 1.0053e-01 -1.2136e-03
6.7274e-03 9.5883e-01 -1.4126e-01 1.0000e+00 9.9792e-01 9.6270e-01 -1.2285e-01 -1.3076e-01 3.0901e-01 -1.3076e-01 -2.7797e-01 2.3840e-01 2.6008e-01 2.0327e-01 2.2487e-01 2.0902e-01 1.2015e-01 1.9534e-01 3.2350e-01 1.4744e-01 7.3297e-02 -3.4521e-02 -9.1069e-02 -9.2739e-02 7.6062e-02 -6.3941e-02 -6.3941e-02 -6.3941e-02 -6.5661e-02 8.7882e-02 -6.2218e-02 -6.3941e-02 8.7882e-02 -6.8496e-02 -9.4406e-02 -9.4406e-02 -9.8362e-02 -1.0537e-01 -9.6696e-02 -9.6696e-02 2.6086e-01 -6.5056e-02 -9.3879e-02 -6.0491e-02 -9.1069e-02 -8.8265e-02 -3.8144e-02 -9.2739e-02 -9.2739e-02 2.5696e-01 -1.3673e-01 -1.3673e-01 -1.2895e-01 1.9247e-02 -1.0835e-01 1.3591e-01 2.0918e-02 -1.0835e-01 2.3394e-02 5.9659e-02 2.4265e-02 2.5373e-01 1.9209e-01 -1.0564e-01 4.6218e-02 -2.2151e-01 -4.7911e-02 -9.9666e-02 -4.6218e-02 -4.7911e-02 -2.2916e-01 -2.5403e-01 -4.7911e-02 -8.8194e-02 4.8754e-02 2.2274e-01 1.7919e-01 4.9606e-02 -9.6843e-02 4.9606e-02 4.9606e-02 -9.9666e-02 4.9606e-02 -4.7911e-02 -4.7911e-02 -4.9606e-02 -4.7911e-02 -4.7911e-02 -4.7911e-02 -4.9606e-02 -8.4745e-02 9.6216e-03 1.4529e-02 -1.9723e-01 1.9444e-01 -1.3402e-01 -7.5168e-02 -1.4696e-01 -8.5018e-02 1.0994e-01 -4.4065e-02 1.0440e-02 1.0357e-01 1.4418e-01 -1.2050e-01 -1.1862e-01 -1.1862e-01 -1.1862e-01 5.3458e-02 -1.2433e-01 9.1717e-02 9.0234e-02 9.0234e-02 9.1003e-02 8.8368e-02 9.3979e-02 8.2268e-02 8.4881e-02 8.4097e-02 9.5500e-02 9.4740e-02 -6.9180e-02 9.1003e-02 9.1003e-02 -8.0442e-02 -4.7073e-02 -1.1286e-01
6.2642e-03 9.5683e-01 -1.4155e-01 9.9792e-01 1.0000e+00 9.6487e-01 -1.2317e-01 -1.3109e-01 3.0966e-01 -1.3109e-01 -2.7902e-01 2.4355e-01 2.5747e-01 2.0043e-01 2.2216e-01 2.0591e-01 1.1783e-01 1.9268e-01 3.2419e-01 1.4714e-01 7.2267e-02 -3.5772e-02 -9.2333e-02 -9.4005e-02 7.5050e-02 -6.5167e-02 -6.5167e-02 -6.5167e-02 -6.6889e-02 8.4528e-02 -6.3441e-02 -6.5167e-02 8.4528e-02 -6.9719e-02 -9.5675e-02 -9.5675e-02 -9.9619e-02 -1.0568e-01 -9.7951e-02 -9.7951e-02 2.6161e-01 -6.6275e-02 -9.5139e-02 -6.1712e-02 -9.2333e-02 -8.9533e-02 -3.8359e-02 -9.4005e-02 -9.4005e-02 2.6523e-01 -1.3802e-01 -1.3802e-01 -1.3033e-01 1.7681e-02 -1.0866e-01 1.3560e-01 1.9354e-02 -1.0866e-01 2.1842e-02 5.6151e-02 2.2707e-02 2.6207e-01 1.9083e-01 -1.0586e-01 4.4660e-02 -2.2024e-01 -4.6355e-02 -9.9991e-02 -4.4660e-02 -4.6355e-02 -2.2789e-01 -2.5482e-01 -4.6355e-02 -8.4701e-02 4.7191e-02 2.2146e-01 1.7784e-01 4.8053e-02 -9.7082e-02 4.8053e-02 4.8053e-02 -9.9991e-02 4.8053e-02 -4.6355e-02 -4.6355e-02 -4.8053e-02 -4.6355e-02 -4.6355e-02 -4.6355e-02 -4.8053e-02 -8.1236e-02 1.1242e-02 1.6158e-02 -1.9777e-01 1.9694e-01 -1.3578e-01 -7.6653e-02 -1.4864e-01 -8.6231e-02 1.0954e-01 -4.4157e-02 1.0139e-02 1.0316e-01 1.4334e-01 -1.1581e-01 -1.1391e-01 -1.1391e-01 -1.1391e-01 5.4428e-02 -1.1972e-01 9.0551e-02 8.8909e-02 8.8909e-02 8.9672e-02 8.7041e-02 9.2659e-02 8.0903e-02 8.3512e-02 8.2734e-02 9.4166e-02 9.3413e-02 -7.0178e-02 8.9672e-02 8.9672e-02 -7.9075e-02 -4.8078e-02 -1.1383e-01
1.3261e-02 9.2811e-01 -1.3718e-01 9.6270e-01 9.6487e-01 1.0000e+00 -1.4182e-01 -1.4855e-01 3.0008e-01 -1.4855e-01 -3.1524e-01 2.4500e-01 2.8853e-01 2.2631e-01 2.5472e-01 2.3531e-01 1.4472e-01 2.2441e-01 3.1394e-01 1.5183e-01 7.7484e-02 -7.6246e-02 -1.3190e-01 -1.3348e-01 2.7438e-02 -1.0630e-01 -1.0630e-01 -1.0630e-01 -1.0792e-01 7.5477e-02 -1.0468e-01 -1.0630e-01 7.5477e-02 -1.1089e-01 -1.3505e-01 -1.3505e-01 -1.3935e-01 -1.1309e-01 -1.3777e-01 -1.3777e-01 2.5031e-01 -1.0765e-01 -1.3483e-01 -1.0305e-01 -1.3190e-01 -1.2898e-01 -5.3253e-02 -1.3348e-01 -1.3348e-01 2.7457e-01 -1.7617e-01 -1.7617e-01 -1.6605e-01 -1.3817e-02 -1.1581e-01 1.4034e-01 -1.2212e-02 -1.1581e-01 -1.0032e-02 3.8601e-02 -8.9986e-03 2.7132e-01 1.5818e-01 -1.0258e-01 1.2865e-02 -1.8248e-01 -1.4490e-02 -1.0681e-01 -1.2865e-02 -1.4490e-02 -1.9055e-01 -2.4298e-01 -1.4490e-02 -6.7213e-02 1.5497e-02 1.8444e-01 1.3911e-01 1.6118e-02 -9.3510e-02 1.6118e-02 1.6118e-02 -1.0681e-01 1.6118e-02 -1.4490e-02 -1.4490e-02 -1.6118e-02 -1.4490e-02 -1.4490e-02 -1.4490e-02 -1.6118e-02 -6.3817e-02 4.5573e-02 5.0289e-02 -1.8973e-01 2.0989e-01 -1.0917e-01 -5.4263e-02 -1.2337e-01 -6.7954e-02 1.1570e-01 -4.2791e-02 1.4697e-02 1.0938e-01 1.4380e-01 -1.1989e-01 -1.1807e-01 -1.1807e-01 -1.1807e-01 5.0181e-02 -1.1788e-01 1.0337e-01 1.0442e-01 1.0442e-01 1.0529e-01 1.0259e-01 1.0809e-01 9.7080e-02 9.9760e-02 9.8873e-02 1.0982e-01 1.0895e-01 -6.5305e-02 1.0529e-01 1.0529e-01 -9.5291e-02 -4.3113e-02 -1.2462e-01
1.1614e-02 -1.2832e-01 9.6725e-01 -1.2285e-01 -1.2317e-01 -1.4182e-01 1.0000e+00 -3.4413e-02 6.9517e-02 -3.4413e-02 3.0046e-01 -3.6472e-02 1.1350e-01 9.8290e-02 1.0617e-01 8.5425e-02 1.2822e-01 1.0871e-01 7.4084e-02 -2.1533e-02 3.1233e-01 5.1277e-02 2.4535e-01 2.4471e-01 -5.8177e-02 5.3117e-02 5.3117e-02 5.3117e-02 5.2655e-02 8.5756e-02 5.3581e-02 5.3117e-02 8.5756e-02 5.3117e-02 2.4407e-01 2.4407e-01 2.4600e-01 8.6735e-01 2.4664e-01 2.4664e-01 7.7651e-02 5.4046e-02 2.4600e-01 5.4046e-02 2.4535e-01 2.4471e-01 5.3094e-01 2.4471e-01 2.4471e-01 5.4027e-03 2.3479e-01 2.3479e-01 2.0845e-01 2.0143e-01 8.5264e-01 -2.2300e-02 2.0191e-01 8.5264e-01 2.0387e-01 7.9888e-02 2.0289e-01 6.2413e-03 -9.2304e-02 6.3543e-01 2.0437e-01 7.7706e-02 -2.0486e-01 8.3862e-01 -2.0437e-01 -2.0486e-01 7.8643e-02 -8.0577e-02 -2.0486e-01 -8.0820e-02 2.0387e-01 -7.9577e-02 2.5192e-01 2.0536e-01 6.4063e-01 2.0536e-01 2.0536e-01 8.3862e-01 2.0536e-01 -2.0486e-01 -2.0486e-01 -2.0536e-01 -2.0486e-01 -2.0486e-01 -2.0486e-01 -2.0536e-01 -8.0199e-02 -1.9200e-01 -1.9064e-01 -5.5770e-02 4.3742e-02 -1.5134e-01 -9.9862e-02 -9.8023e-02 -4.7978e-02 -3.1778e-02 -9.9130e-03 1.3154e-02 -3.2320e-02 -6.9208e-02 1.3051e-02 1.3576e-02 1.3576e-02 1.3576e-02 -1.2676e-01 1.0472e-02 -8.6980e-02 -6.4341e-02 -6.4341e-02 -6.5004e-02 -6.4673e-02 -6.3677e-02 -6.8957e-02 -6.9284e-02 -6.8629e-02 -6.5004e-02 -6.4341e-02 1.0517e-01 -6.5004e-02 -6.5004e-02 5.6926e-02 1.0581e-01 -6.8898e-03
-1.7760e-02 -1.2425e-01 -3.3286e-02 -1.3076e-01 -1.3109e-01 -1.4855e-01 -3.4413e-02 1.0000e+00 7.2815e-02 1.0000e+00 6.5507e-02 4.7456e-01 -2.3224e-01 -3.0071e-02 -2.4368e-01 1.0448e-01 -2.1189e-01 -2.3961e-01 3.1132e-02 -2.2554e-02 -9.3096e-02 -1.1820e-01 -1.2171e-01 -1.2200e-01 -9.1315e-02 -1.1703e-01 -1.1703e-01 -1.1703e-01 -1.1732e-01 -3.0954e-01 -1.1674e-01 -1.1703e-01 -3.0954e-01 -1.1703e-01 -1.2229e-01 -1.2229e-01 -1.2141e-01 -3.3286e-02 -1.2112e-01 -1.2112e-01 3.6377e-02 -1.1645e-01 -1.2141e-01 -1.1645e-01 -1.2171e-01 -1.2200e-01 -2.1723e-02 -1.2200e-01 -1.2200e-01 -2.2436e-02 -1.2671e-01 -1.2671e-01 -1.3415e-01 -1.4543e-01 -3.3853e-02 2.1400e-02 -1.4512e-01 -3.3853e-02 -1.4388e-01 -1.0079e-01 -1.4450e-01 -2.1797e-02 -1.1034e-01 -2.4891e-02 -1.4357e-01 1.0889e-01 1.4327e-01 -3.4413e-02 1.4357e-01 1.4327e-01 1.0976e-01 -4.0558e-02 1.4327e-01 9.9115e-02 -1.4388e-01 -1.1063e-01 -1.1878e-01 -1.4296e-01 -2.6342e-02 -1.4296e-01 -1.4296e-01 -3.4413e-02 -1.4296e-01 1.4327e-01 1.4327e-01 1.4296e-01 1.4327e-01 1.4327e-01 1.4327e-01 1.4296e-01 7.5357e-02 1.1833e-01 1.1933e-01 -5.8415e-02 -1.1601e-01 -6.7793e-03 -7.3834e-02 -4.1949e-02 -7.3234e-03 -3.3286e-02 -1.0383e-02 4.8164e-02 -3.3853e-02 2.5178e-02 1.2343e-01 1.2426e-01 1.2426e-01 1.2426e-01 2.4054e-02 1.3398e-01 -2.6977e-03 1.7912e-04 1.7912e-04 1.1333e-02 1.1762e-02 1.0172e-03 6.2528e-03 5.8351e-03 6.6713e-03 1.1333e-02 1.2192e-02 -4.2180e-02 1.1333e-02 1.1333e-02 -5.8351e-03 -4.1788e-02 -1.4806e-02
1.7725e-02 2.9629e-01 6.7240e-02 3.0901e-01 3.0966e-01 3.0008e-01 6.9517e-02 7.2815e-02 1.0000e+00 7.2815e-02 2.0800e-01 1.4840e-01 4.3274e-01 4.8203e-01 4.5546e-01 5.2444e-01 3.7419e-01 4.2906e-01 8.5346e-01 4.5562e-02 1.7302e-01 2.1889e-01 2.2623e-01 2.2684e-01 1.7685e-01 2.1645e-01 2.1645e-01 2.1645e-01 2.1706e-01 5.5192e-01 2.1583e-01 2.1645e-01 5.5192e-01 2.1645e-01 2.2745e-01 2.2745e-01 2.2562e-01 6.7240e-02 2.2500e-01 2.2500e-01 7.8026e-01 2.1522e-01 2.2562e-01 2.1522e-01 2.2623e-01 2.2684e-01 4.3883e-02 2.2684e-01 2.2684e-01 9.3117e-02 2.3664e-01 2.3664e-01 2.3314e-01 2.6299e-01 6.8387e-02 4.7185e-02 2.6234e-01 6.8387e-02 2.6595e-01 5.6090e-01 2.6106e-01 9.2233e-02 2.0237e-01 5.0283e-02 2.5295e-01 -1.9929e-01 -2.5849e-01 6.9517e-02 -2.5295e-01 -2.5849e-01 -2.0114e-01 -7.4260e-01 -2.5849e-01 -5.6294e-01 2.5977e-01 2.0298e-01 2.2011e-01 2.5785e-01 5.3212e-02 2.5785e-01 2.5785e-01 6.9517e-02 2.5785e-01 -2.5849e-01 -2.5849e-01 -2.5785e-01 -2.5849e-01 -2.5849e-01 -2.5849e-01 -2.5785e-01 -5.6612e-01 -2.3329e-01 -2.3531e-01 8.6271e-02 2.2858e-01 -3.0157e-01 -2.7188e-01 -2.6098e-01 -2.0395e-01 3.2282e-02 2.0975e-02 -6.3876e-03 3.3980e-02 1.2611e-02 4.6699e-02 5.3885e-02 5.3885e-02 5.3885e-02 3.1072e-02 4.3264e-02 -6.8321e-02 -3.4223e-02 -3.4223e-02 -3.2467e-02 -3.3344e-02 -3.5987e-02 -3.5077e-02 -3.4212e-02 -4.2443e-02 -3.9037e-02 -3.4223e-02 -2.0022e-02 -3.2467e-02 -3.2467e-02 3.4212e-02 -2.1007e-02 -5.7979e-02
-1.7760e-02 -1.2425e-01 -3.3286e-02 -1.3076e-01 -1.3109e-01 -1.4855e-01 -3.4413e-02 1.0000e+00 7.2815e-02 1.0000e+00 6.5507e-02 4.7456e-01 -2.3224e-01 -3.0071e-02 -2.4368e-01 1.0448e-01 -2.1189e-01 -2.3961e-01 3.1132e-02 -2.2554e-02 -9.3096e-02 -1.1820e-01 -1.2171e-01 -1.2200e-01 -9.1315e-02 -1.1703e-01 -1.1703e-01 -1.1703e-01 -1.1732e-01 -3.0954e-01 -1.1674e-01 -1.1703e-01 -3.0954e-01 -1.1703e-01 -1.2229e-01 -1.2229e-01 -1.2141e-01 -3.3286e-02 -1.2112e-01 -1.2112e-01 3.6377e-02 -1.1645e-01 -1.2141e-01 -1.1645e-01 -1.2171e-01 -1.2200e-01 -2.1723e-02 -1.2200e-01 -1.2200e-01 -2.2436e-02 -1.2671e-01 -1.2671e-01 -1.3415e-01 -1.4543e-01 -3.3853e-02 2.1400e-02 -1.4512e-01 -3.3853e-02 -1.4388e-01 -1.0079e-01 -1.4450e-01 -2.1797e-02 -1.1034e-01 -2.4891e-02 -1.4357e-01 1.0889e-01 1.4327e-01 -3.4413e-02 1.4357e-01 1.4327e-01 1.0976e-01 -4.0558e-02 1.4327e-01 9.9115e-02 -1.4388e-01 -1.1063e-01 -1.1878e-01 -1.4296e-01 -2.6342e-02 -1.4296e-01 -1.4296e-01 -3.4413e-02 -1.4296e-01 1.4327e-01 1.4327e-01 1.4296e-01 1.4327e-01 1.4327e-01 1.4327e-01 1.4296e-01 7.5357e-02 1.1833e-01 1.1933e-01 -5.8415e-02 -1.1601e-01 -6.7793e-03 -7.3834e-02 -4.1949e-02 -7.3234e-03 -3.3286e-02 -1.0383e-02 4.8164e-02 -3.3853e-02 2.5178e-02 1.2343e-01 1.2426e-01 1.2426e-01 1.2426e-01 2.4054e-02 1.3398e-01 -2.6977e-03 1.7912e-04 1.7912e-04 1.1333e-02 1.1762e-02 1.0172e-03 6.2528e-03 5.8351e-03 6.6713e-03 1.1333e-02 1.2192e-02 -4.2180e-02 1.1333e-02 1.1333e-02 -5.8351e-03 -4.1788e-02 -1.4806e-02
-2.4239e-02 -3.1859e-01 3.0326e-01 -2.7797e-01 -2.7902e-01 -3.1524e-01 3.0046e-01 6.5507e-02 2.0800e-01 6.5507e-02 1.0000e+00 -8.7356e-02 -1.1727e-01 -7.2364e-02 -6.5353e-02 -5.1213e-02 -4.9747e-02 -6.0361e-02 1.7078e-01 -6.8679e-02 4.0132e-01 5.2978e-01 5.4333e-01 5.4657e-01 2.6814e-01 4.9618e-01 4.9618e-01 4.9618e-01 4.9947e-01 1.6413e-01 4.9803e-01 4.9618e-01 1.6413e-01 5.0132e-01 5.4980e-01 5.4980e-01 5.5525e-01 2.6280e-01 5.5202e-01 5.5202e-01 1.2091e-01 4.9988e-01 5.5020e-01 4.9473e-01 5.4333e-01 5.4152e-01 1.5729e-01 5.4657e-01 5.4657e-01 -1.0034e-01 5.9297e-01 5.9297e-01 5.3586e-01 4.3632e-01 2.5534e-01 -5.2196e-02 4.3776e-01 2.5534e-01 4.2924e-01 1.3761e-01 4.3112e-01 -9.8665e-02 1.3927e-01 1.9119e-01 4.0684e-01 -8.8381e-02 -4.0827e-01 2.4817e-01 -4.0684e-01 -4.0827e-01 -9.9933e-02 -1.0249e-01 -4.0827e-01 -1.2004e-01 4.1494e-01 1.1140e-01 1.9444e-01 4.0494e-01 1.8944e-01 4.0494e-01 4.0494e-01 2.4817e-01 4.0494e-01 -4.0827e-01 -4.0827e-01 -4.0494e-01 -4.0827e-01 -4.0827e-01 -4.0827e-01 -4.0494e-01 -1.2823e-01 -3.1426e-01 -3.1970e-01 -1.3707e-01 2.6236e-02 -2.0062e-01 -2.2100e-01 -1.8902e-01 4.4363e-03 -3.3919e-02 1.0455e-02 -2.0226e-02 -3.6710e-02 -4.1744e-02 -9.8647e-03 -8.3220e-03 -8.3220e-03 -8.3220e-03 -6.6309e-02 -2.9798e-02 -4.9360e-02 -5.5340e-02 -5.5340e-02 -5.2695e-02 -5.1479e-02 -5.7997e-02 -5.7112e-02 -5.8311e-02 -5.5910e-02 -5.2695e-02 -5.0260e-02 5.4949e-02 -5.2695e-02 -5.2695e-02 5.3306e-02 4.5067e-02 2.2244e-02
4.9662e-02 2.2612e-01 -3.3107e-02 2.3840e-01 2.4355e-01 2.4500e-01 -3.6472e-02 4.7456e-01 1.4840e-01 4.7456e-01 -8.7356e-02 1.0000e+00 -4.1905e-01 -3.0764e-01 -4.3570e-01 -1.7282e-01 -4.1994e-01 -4.3978e-01 1.4128e-01 2.8181e-01 -1.2248e-01 -1.7506e-01 -1.8303e-01 -1.8369e-01 -1.1049e-01 -1.7239e-01 -1.7239e-01 -1.7239e-01 -1.7306e-01 -5.0493e-01 -1.7172e-01 -1.7239e-01 -5.0493e-01 -1.7239e-01 -1.8435e-01 -1.8435e-01 -1.8237e-01 -6.7837e-02 -1.8170e-01 -1.8170e-01 1.0864e-01 -1.6442e-01 -1.7586e-01 -1.6442e-01 -1.7653e-01 -1.7720e-01 -4.4272e-02 -1.8369e-01 -1.8369e-01 6.1460e-01 -1.8147e-01 -1.8147e-01 -2.4833e-01 -2.3520e-01 -6.8994e-02 2.9359e-01 -2.3454e-01 -6.8994e-02 -2.3188e-01 -3.8425e-01 -2.3321e-01 6.0853e-01 -1.5689e-01 -5.0729e-02 -2.4349e-01 1.6716e-01 2.4283e-01 -7.0134e-02 2.4349e-01 2.4283e-01 1.6916e-01 -9.2434e-02 2.4283e-01 3.8015e-01 -2.3801e-01 -1.7115e-01 -1.8953e-01 -2.4218e-01 -5.3685e-02 -2.4218e-01 -2.4218e-01 -7.0134e-02 -2.4218e-01 2.4283e-01 2.4283e-01 2.4218e-01 2.4283e-01 2.4283e-01 2.4283e-01 2.4218e-01 3.6933e-01 2.2437e-01 2.2643e-01 -7.7017e-02 -1.8312e-01 1.4576e-01 1.6095e-01 6.8905e-02 3.9482e-04 2.4473e-01 -2.1161e-02 4.6803e-02 2.3865e-01 -1.4784e-02 -7.6684e-04 2.8028e-04 2.8028e-04 2.8028e-04 3.1911e-02 1.7888e-02 6.4604e-02 5.6432e-02 5.6432e-02 6.1142e-02 6.2056e-02 5.8258e-02 5.0339e-02 5.5897e-02 5.1228e-02 6.7670e-02 5.6432e-02 -4.1759e-02 6.1142e-02 6.1142e-02 -4.9452e-02 -4.0878e-02 -4.8224e-02
6.2473e-02 2.5000e-01 1.0755e-01 2.6008e-01 2.5747e-01 2.8853e-01 1.1350e-01 -2.3224e-01 4.3274e-01 -2.3224e-01 -1.1727e-01 -4.1905e-01 1.0000e+00 8.9905e-01 9.4886e-01 8.2398e-01 8.5115e-01 9.2339e-01 4.9996e-01 -1.2800e-01 3.9574e-01 5.2301e-02 7.3111e-02 7.0364e-02 -1.3652e-01 4.0714e-02 4.0714e-02 4.0714e-02 3.7950e-02 6.8199e-01 4.3485e-02 4.0714e-02 6.8199e-01 3.6173e-02 6.7623e-02 6.7623e-02 6.6925e-02 1.4333e-01 6.9675e-02 6.9675e-02 4.6239e-01 3.7159e-02 6.6925e-02 4.1711e-02 6.8646e-02 7.0364e-02 9.3539e-02 7.0364e-02 7.0364e-02 -2.9699e-01 9.5991e-03 9.5991e-03 3.5294e-02 1.8499e-01 1.3403e-01 -1.3375e-01 1.8761e-01 1.3403e-01 1.8129e-01 6.3082e-01 1.8024e-01 -2.9417e-01 -1.1604e-03 9.1443e-02 2.1343e-01 -3.1721e-02 -2.1609e-01 1.3662e-01 -2.1343e-01 -2.1609e-01 -3.7221e-02 -4.6727e-01 -2.1609e-01 -6.5068e-01 2.1078e-01 4.2679e-02 8.7383e-02 2.1453e-01 9.8524e-02 2.1453e-01 2.1453e-01 1.3662e-01 2.1453e-01 -2.1609e-01 -2.1609e-01 -2.1875e-01 -2.1609e-01 -2.1609e-01 -2.1609e-01 -2.1875e-01 -6.4676e-01 -2.0396e-01 -2.0868e-01 1.8658e-01 4.1832e-01 -2.1682e-01 -2.2337e-01 -1.3690e-01 -1.2928e-01 -1.1905e-01 7.5071e-03 -8.3358e-03 -1.1247e-01 5.0382e-02 2.7024e-02 3.0408e-02 3.0408e-02 3.0408e-02 -2.4247e-02 1.0356e-02 -6.9220e-02 -5.8531e-02 -5.8531e-02 -5.9301e-02 -6.1160e-02 -5.3258e-02 -5.9453e-02 -6.2050e-02 -6.5721e-02 -6.8267e-02 -5.8531e-02 3.5868e-02 -5.9301e-02 -5.9301e-02 5.7624e-02 4.4003e-02 8.6863e-03
6.0796e-02 1.9642e-01 9.2779e-02 2.0327e-01 2.0043e-01 2.2631e-01 9.8290e-02 -3.0071e-02 4.8203e-01 -3.0071e-02 -7.2364e-02 -3.0764e-01 8.9905e-01 1.0000e+00 9.4781e-01 9.0771e-01 8.0321e-01 9.1060e-01 5.4754e-01 -1.6087e-01 3.5684e-01 -8.5306e-03 1.0964e-02 7.9928e-03 -1.8801e-01 -1.9798e-02 -1.9798e-02 -1.9798e-02 -2.2787e-02 6.5323e-01 -1.6804e-02 -1.9798e-02 6.5323e-01 -2.4455e-02 5.0280e-03 5.0280e-03 4.7744e-03 1.2947e-01 7.7480e-03 7.7480e-03 5.1117e-01 -2.3137e-02 4.7744e-03 -1.8470e-02 6.3852e-03 7.9928e-03 8.4493e-02 7.9928e-03 7.9928e-03 -3.2878e-01 3.3309e-02 3.3309e-02 5.3917e-02 1.1321e-01 1.1964e-01 -1.6660e-01 1.1606e-01 1.1964e-01 1.1023e-01 7.0042e-01 1.0883e-01 -3.2566e-01 -5.9219e-02 8.0678e-02 1.4335e-01 2.4737e-02 -1.4624e-01 1.2200e-01 -1.4335e-01 -1.4624e-01 1.9556e-02 -5.1793e-01 -1.4624e-01 -7.2126e-01 1.4480e-01 -1.4417e-02 2.7137e-02 1.4480e-01 8.7176e-02 1.4480e-01 1.4480e-01 1.2200e-01 1.4480e-01 -1.4624e-01 -1.4624e-01 -1.4913e-01 -1.4624e-01 -1.4624e-01 -1.4624e-01 -1.4913e-01 -7.1692e-01 -1.5496e-01 -1.5926e-01 1.8280e-01 3.8886e-01 -2.3247e-01 -2.2982e-01 -1.4597e-01 -1.2869e-01 -1.3958e-01 2.2374e-03 5.9733e-03 -1.3313e-01 5.7235e-02 6.8857e-02 7.2701e-02 7.2701e-02 7.2701e-02 -3.9329e-02 5.5522e-02 -8.6986e-02 -7.2429e-02 -7.2429e-02 -6.9034e-02 -7.0730e-02 -6.6607e-02 -7.1695e-02 -7.4563e-02 -7.7915e-02 -7.8229e-02 -6.7823e-02 4.8238e-02 -6.9034e-02 -6.9034e-02 7.0025e-02 6.2021e-02 -6.1713e-05
6.1998e-02 2.1625e-01 1.0043e-01 2.2487e-01 2.2216e-01 2.5472e-01 1.0617e-01 -2.4368e-01 4.5546e-01 -2.4368e-01 -6.5353e-02 -4.3570e-01 9.4886e-01 9.4781e-01 1.0000e+00 8.6458e-01 8.4890e-01 9.6223e-01 5.2459e-01 -1.5248e-01 3.7686e-01 2.3503e-02 4.3665e-02 4.0816e-02 -1.6066e-01 1.2082e-02 1.2082e-02 1.2082e-02 9.2154e-03 7.1823e-01 1.4955e-02 1.2082e-02 7.1823e-01 7.4919e-03 3.7973e-02 3.7973e-02 3.7485e-02 1.3660e-01 4.0337e-02 4.0337e-02 4.8755e-01 8.6337e-03 3.7485e-02 1.3234e-02 3.9152e-02 4.0816e-02 8.9146e-02 4.0816e-02 4.0816e-02 -3.1162e-01 5.8159e-02 5.8159e-02 8.0661e-02 1.5085e-01 1.2706e-01 -1.5791e-01 1.5358e-01 1.2706e-01 1.4749e-01 6.6984e-01 1.4628e-01 -3.0866e-01 -2.8580e-02 8.6241e-02 1.8006e-01 -5.0153e-03 -1.8282e-01 1.2954e-01 -1.8006e-01 -1.8282e-01 -1.0357e-02 -4.9324e-01 -1.8282e-01 -6.9011e-01 1.7731e-01 1.5658e-02 5.8817e-02 1.8132e-01 9.3037e-02 1.8132e-01 1.8132e-01 1.2954e-01 1.8132e-01 -1.8282e-01 -1.8282e-01 -1.8558e-01 -1.8282e-01 -1.8282e-01 -1.8282e-01 -1.8558e-01 -6.8602e-01 -1.8109e-01 -1.8560e-01 1.9595e-01 4.1520e-01 -1.9961e-01 -2.0109e-01 -1.1654e-01 -9.9925e-02 -1.2859e-01 5.0086e-03 1.3372e-02 -1.2208e-01 4.5222e-02 3.4545e-02 3.8111e-02 3.8111e-02 3.8111e-02 -5.3425e-02 1.6980e-02 -8.6392e-02 -6.6249e-02 -6.6249e-02 -6.7220e-02 -6.9003e-02 -6.0726e-02 -6.8516e-02 -7.1235e-02 -7.4757e-02 -7.6282e-02 -6.6249e-02 6.3297e-02 -6.7220e-02 -6.7220e-02 6.6762e-02 7.6785e-02 2.9400e-04
5.2763e-02 2.0557e-01 8.0262e-02 2.0902e-01 2.0591e-01 2.3531e-01 8.5425e-02 1.0448e-01 5.2444e-01 1.0448e-01 -5.1213e-02 -1.7282e-01 8.2398e-01 9.0771e-01 8.6458e-01 1.0000e+00 7.3451e-01 8.3692e-01 6.0063e-01 8.0024e-02 3.2488e-01 -5.8775e-02 -4.0355e-02 -4.3560e-02 -2.2522e-01 -6.5031e-02 -6.5031e-02 -6.9833e-02 -6.8258e-02 5.5434e-01 -6.1797e-02 -6.9833e-02 5.5434e-01 -6.9833e-02 -4.2045e-02 -4.2045e-02 -4.1871e-02 1.1810e-01 -3.8659e-02 -3.8659e-02 5.6486e-01 -6.8182e-02 -4.1871e-02 -6.3369e-02 -4.0355e-02 -3.8843e-02 7.7074e-02 -3.8843e-02 -3.8843e-02 -3.4172e-01 -1.5056e-02 -1.5056e-02 2.5610e-03 5.8265e-02 1.0770e-01 8.2874e-02 6.1356e-02 1.0770e-01 5.5933e-02 5.8658e-01 5.4196e-02 -3.3814e-01 -1.0231e-01 7.1672e-02 9.0246e-02 6.6015e-02 -9.3368e-02 1.0987e-01 -9.0246e-02 -9.3368e-02 6.1115e-02 -5.7325e-01 -9.3368e-02 -6.1409e-01 9.1585e-02 -5.6258e-02 -1.7500e-02 9.2030e-02 7.7701e-02 9.2030e-02 9.2030e-02 1.0987e-01 9.2030e-02 -9.3368e-02 -9.3368e-02 -9.6495e-02 -9.3368e-02 -9.3368e-02 -9.3368e-02 -9.6495e-02 -6.1872e-01 -1.0713e-01 -1.1110e-01 1.6910e-01 3.8033e-01 -2.0220e-01 -2.1765e-01 -1.2171e-01 -8.5837e-02 -1.4676e-01 -2.5029e-03 3.8334e-02 -1.4057e-01 4.4756e-02 8.5006e-02 8.9244e-02 8.9244e-02 8.9244e-02 -3.0193e-02 6.9909e-02 -9.7902e-02 -7.8007e-02 -7.8007e-02 -7.4885e-02 -7.6444e-02 -7.6383e-02 -7.9877e-02 -8.3020e-02 -8.6106e-02 -8.4368e-02 -7.3256e-02 3.7207e-02 -7.4885e-02 -7.4885e-02 7.8340e-02 5.1616e-02 -7.0752e-03
4.4795e-02 1.0518e-01 1.2182e-01 1.2015e-01 1.1783e-01 1.4472e-01 1.2822e-01 -2.1189e-01 3.7419e-01 -2.1189e-01 -4.9747e-02 -4.1994e-01 8.5115e-01 8.0321e-01 8.4890e-01 7.3451e-01 1.0000e+00 8.3910e-01 4.5615e-01 -1.3258e-01 1.4591e-01 -1.5095e-01 -1.2114e-01 -1.1906e-01 -3.8317e-01 -1.5960e-01 -1.5512e-01 -1.5512e-01 -1.5743e-01 6.1720e-01 -1.5729e-01 -1.5512e-01 6.1720e-01 -1.5960e-01 -1.2138e-01 -1.2138e-01 -1.2323e-01 1.5709e-01 -1.2090e-01 -1.2090e-01 4.1733e-01 -1.5947e-01 -1.2323e-01 -1.5947e-01 -1.2554e-01 -1.2346e-01 1.0252e-01 -1.1906e-01 -1.1906e-01 -2.6224e-01 -1.5138e-01 -1.5138e-01 1.2810e-01 2.3458e-02 1.4820e-01 -1.3731e-01 2.5771e-02 1.4820e-01 1.8429e-02 5.6938e-01 1.7954e-02 -2.5959e-01 -1.8363e-01 1.0196e-01 4.9846e-02 1.4883e-01 -5.2183e-02 1.3962e-01 -4.9846e-02 -5.2183e-02 1.4206e-01 -4.2069e-01 -5.2183e-02 -5.8854e-01 4.7513e-02 -1.4916e-01 -8.4391e-02 5.0360e-02 1.0963e-01 5.0360e-02 5.0360e-02 1.3962e-01 5.0360e-02 -5.2183e-02 -5.2183e-02 -5.0360e-02 -5.2183e-02 -5.2183e-02 -5.2183e-02 -5.0360e-02 -5.8495e-01 -7.6154e-02 -8.1522e-02 2.1165e-01 2.9402e-01 -1.3699e-01 -1.4888e-01 -6.1892e-02 -5.8674e-02 -1.0160e-01 1.2324e-02 4.9229e-03 -9.4842e-02 3.6023e-02 3.3427e-02 3.1082e-02 3.1082e-02 3.1082e-02 -5.2690e-02 2.3489e-02 -6.5620e-02 -1.8563e-02 -1.8563e-02 -1.9007e-02 -2.0998e-02 -1.3678e-02 -1.7280e-02 -1.9684e-02 -2.3616e-02 -2.7848e-02 -1.8563e-02 6.1035e-02 -1.9007e-02 -1.9007e-02 1.5321e-02 6.8880e-02 -3.0608e-02
4.6474e-02 1.8580e-01 1.0290e-01 1.9534e-01 1.9268e-01 2.2441e-01 1.0871e-01 -2.3961e-01 4.2906e-01 -2.3961e-01 -6.0361e-02 -4.3978e-01 9.2339e-01 9.1060e-01 9.6223e-01 8.3692e-01 8.3910e-01 1.0000e+00 5.1583e-01 -1.4993e-01 3.4204e-01 -7.3839e-03 1.3511e-02 1.5229e-02 -1.9922e-01 -1.9041e-02 -1.4470e-02 -1.4470e-02 -1.7259e-02 7.0535e-01 -1.6251e-02 -1.4470e-02 7.0535e-01 -1.4470e-02 1.2459e-02 1.2459e-02 2.0788e-02 1.3892e-01 2.3576e-02 2.3576e-02 4.7861e-01 -8.8727e-03 2.0788e-02 -8.8727e-03 1.8006e-02 1.9720e-02 9.0661e-02 2.4210e-02 2.4210e-02 -3.0642e-01 5.9985e-02 5.9985e-02 9.6217e-02 1.7122e-01 1.2947e-01 -1.5527e-01 1.7392e-01 1.2947e-01 1.6777e-01 6.8108e-01 1.6661e-01 -3.0351e-01 -1.4270e-02 8.8040e-02 1.7472e-01 9.2946e-03 -1.7743e-01 1.3198e-01 -1.7472e-01 -1.7743e-01 3.8042e-03 -4.8402e-01 -1.7743e-01 -6.7308e-01 1.7201e-01 1.6426e-03 4.6095e-02 1.7590e-01 9.4934e-02 1.7590e-01 1.7590e-01 1.3198e-01 1.7590e-01 -1.7743e-01 -1.7743e-01 -1.7590e-01 -1.7743e-01 -1.7743e-01 -1.7743e-01 -1.7590e-01 -6.6903e-01 -1.7667e-01 -1.8127e-01 1.9294e-01 3.8860e-01 -1.8826e-01 -1.9236e-01 -1.0621e-01 -8.9482e-02 -1.2522e-01 5.8821e-03 1.4199e-03 -1.1869e-01 4.5152e-02 4.1565e-02 4.5091e-02 4.5091e-02 4.5091e-02 -3.5317e-02 1.8713e-02 -8.1823e-02 -6.0187e-02 -6.0187e-02 -6.1093e-02 -6.2899e-02 -5.4745e-02 -6.2029e-02 -6.4707e-02 -6.8274e-02 -7.0120e-02 -6.0187e-02 4.5961e-02 -6.1093e-02 -6.1093e-02 6.0251e-02 5.4244e-02 3.4534e-03
3.9741e-02 3.0989e-01 7.1658e-02 3.2350e-01 3.2419e-01 3.1394e-01 7.4084e-02 3.1132e-02 8.5346e-01 3.1132e-02 1.7078e-01 1.4128e-01 4.9996e-01 5.4754e-01 5.2459e-01 6.0063e-01 4.5615e-01 5.1583e-01 1.0000e+00 4.8555e-02 2.0042e-01 2.4813e-01 2.5576e-01 2.5640e-01 1.8932e-01 2.4559e-01 2.4559e-01 2.4559e-01 2.4622e-01 6.5364e-01 2.5132e-01 2.4559e-01 6.5364e-01 2.4559e-01 2.5704e-01 2.5704e-01 2.6138e-01 7.1658e-02 2.6075e-01 2.6075e-01 9.2269e-01 2.5069e-01 2.6138e-01 2.5069e-01 2.5576e-01 2.5640e-01 4.6765e-02 2.5640e-01 2.5640e-01 9.9234e-02 2.6663e-01 2.6663e-01 2.7675e-01 3.0720e-01 7.2880e-02 5.0285e-02 3.1241e-01 7.2880e-02 3.0975e-01 6.7352e-01 3.0519e-01 9.8292e-02 2.3754e-01 5.3586e-02 3.0319e-01 -2.3441e-01 -3.0842e-01 7.4084e-02 -3.0319e-01 -3.0842e-01 -2.3629e-01 -8.8119e-01 -3.0842e-01 -6.7465e-01 3.0975e-01 2.3816e-01 2.5571e-01 3.0776e-01 5.6708e-02 3.0776e-01 3.0776e-01 7.4084e-02 3.0776e-01 -3.0842e-01 -3.0842e-01 -3.0776e-01 -3.0842e-01 -3.0842e-01 -3.0842e-01 -3.0776e-01 -6.7823e-01 -2.9166e-01 -2.9376e-01 1.1566e-01 2.4006e-01 -3.4104e-01 -3.0475e-01 -2.8160e-01 -2.4487e-01 5.4971e-02 2.2353e-02 1.9972e-02 5.6456e-02 -1.4292e-02 4.7791e-02 5.4544e-02 5.4544e-02 5.4544e-02 3.0436e-02 2.9785e-02 -9.5240e-02 -4.3488e-02 -4.3488e-02 -4.1602e-02 -4.2544e-02 -4.5383e-02 -6.1455e-02 -6.0510e-02 -6.8606e-02 -4.7875e-02 -4.3488e-02 -1.8716e-02 -4.1602e-02 -4.1602e-02 6.0510e-02 -1.2701e-02 -3.3879e-02
-2.6881e-02 1.5377e-01 -2.0828e-02 1.4744e-01 1.4714e-01 1.5183e-01 -2.1533e-02 -2.2554e-02 4.5562e-02 -2.2554e-02 -6.8679e-02 2.8181e-01 -1.2800e-01 -1.6087e-01 -1.5248e-01 8.0024e-02 -1.3258e-01 -1.4993e-01 4.8555e-02 1.0000e+00 -5.8253e-02 -7.3959e-02 -7.6155e-02 -7.6338e-02 -5.7138e-02 -7.3229e-02 -7.3229e-02 -7.3229e-02 -7.3412e-02 -1.9369e-01 -7.3047e-02 -7.3229e-02 -1.9369e-01 -7.3229e-02 -7.6522e-02 -7.6522e-02 -7.5971e-02 -2.0828e-02 -7.5788e-02 -7.5788e-02 5.0893e-02 -7.2864e-02 -7.5971e-02 -7.2864e-02 -7.6155e-02 -7.6338e-02 -1.3593e-02 -7.6338e-02 -7.6338e-02 -2.8843e-02 -7.9284e-02 -7.9284e-02 -8.3940e-02 -9.0999e-02 -2.1183e-02 9.6560e-01 -9.0805e-02 -2.1183e-02 -9.0031e-02 -2.0334e-01 -9.0417e-02 -2.8569e-02 -6.9042e-02 -1.5575e-02 -8.9838e-02 6.8133e-02 8.9645e-02 -2.1533e-02 8.9838e-02 8.9645e-02 6.8679e-02 -5.2811e-02 8.9645e-02 1.8234e-01 -9.0031e-02 -6.9224e-02 -7.4325e-02 -8.9452e-02 -1.6483e-02 -8.9452e-02 -8.9452e-02 -2.1533e-02 -8.9452e-02 8.9645e-02 8.9645e-02 8.9452e-02 8.9645e-02 8.9645e-02 8.9645e-02 8.9452e-02 1.8335e-01 9.4922e-02 9.5518e-02 -6.3621e-03 -7.6081e-02 1.1525e-01 1.2373e-01 1.2144e-01 1.1713e-01 -2.0828e-02 -6.4971e-03 -1.7346e-02 -2.1183e-02 -1.9895e-02 -2.8961e-02 -2.8711e-02 -2.8711e-02 -2.8711e-02 3.6559e-02 -3.0196e-02 -4.5743e-02 -3.7472e-02 -3.7472e-02 -3.7916e-02 -3.7694e-02 -3.7027e-02 -4.0562e-02 -4.0781e-02 -4.0343e-02 -3.7916e-02 -3.7472e-02 -3.9033e-02 -3.7916e-02 -3.7916e-02 4.0781e-02 -3.8811e-02 -3.8811e-02
1.7546e-02 2.1400e-02 2.9841e-01 7.3297e-02 7.2267e-02 7.7484e-02 3.1233e-01 -9.3096e-02 1.7302e-01 -9.3096e-02 4.0132e-01 -1.2248e-01 3.9574e-01 3.5684e-01 3.7686e-01 3.2488e-01 1.4591e-01 3.4204e-01 2.0042e-01 -5.8253e-02 1.0000e+00 6.8114e-01 6.9297e-01 6.9674e-01 2.9848e-01 6.2660e-01 6.3223e-01 6.3223e-01 6.3043e-01 2.3869e-01 6.2840e-01 6.3223e-01 2.3869e-01 6.2660e-01 6.9497e-01 6.9497e-01 6.8921e-01 3.5754e-01 6.9098e-01 6.9098e-01 1.3365e-01 6.2456e-01 6.8921e-01 6.1892e-01 6.8190e-01 6.8015e-01 2.3334e-01 6.8568e-01 6.8568e-01 -1.1905e-01 6.3126e-01 6.3126e-01 2.7246e-01 5.3597e-01 3.4909e-01 -6.0328e-02 5.3728e-01 3.4909e-01 5.2166e-01 1.8834e-01 5.2425e-01 -1.1792e-01 9.7042e-02 2.4786e-01 5.7002e-01 -1.3247e-01 -5.7137e-01 3.5532e-01 -5.7002e-01 -5.7137e-01 -1.4597e-01 -1.4346e-01 -5.7137e-01 -2.2547e-01 5.6867e-01 1.5938e-01 2.8043e-01 5.6749e-01 2.4601e-01 5.6749e-01 5.6749e-01 3.5532e-01 5.6749e-01 -5.7137e-01 -5.7137e-01 -5.6749e-01 -5.7137e-01 -5.7137e-01 -5.7137e-01 -5.6749e-01 -2.2381e-01 -4.1775e-01 -4.2448e-01 -1.2403e-01 3.6408e-01 -2.6321e-01 -2.4540e-01 -2.4212e-01 -3.0991e-02 -5.6402e-02 -2.6817e-02 -3.6419e-02 -5.8333e-02 1.4252e-03 1.7777e-02 2.6009e-02 2.6009e-02 2.6009e-02 -1.0450e-01 1.1011e-02 -5.7833e-02 -8.1479e-02 -8.1479e-02 -8.3464e-02 -8.2472e-02 -7.9487e-02 -8.4267e-02 -8.5251e-02 -8.3282e-02 -8.3464e-02 -8.1479e-02 1.0777e-01 -8.3464e-02 -8.3464e-02 7.9764e-02 1.0918e-01 7.1655e-02
-1.7362e-02 -7.7969e-02 3.4130e-02 -3.4521e-02 -3.5772e-02 -7.6246e-02 5.1277e-02 -1.1820e-01 2.1889e-01 -1.1820e-01 5.2978e-01 -1.7506e-01 5.2301e-02 -8.5306e-03 2.3503e-02 -5.8775e-02 -1.5095e-01 -7.3839e-03 2.4813e-01 -7.3959e-02 6.8114e-01 1.0000e+00 9.1265e-01 9.1038e-01 7.6122e-01 9.5045e-01 9.4549e-01 9.5045e-01 9.4801e-01 3.3214e-01 9.4794e-01 9.5045e-01 3.3214e-01 9.4549e-01 9.0811e-01 9.0811e-01 9.0029e-01 6.0181e-02 8.9769e-01 8.9769e-01 1.9938e-01 9.3549e-01 8.9541e-01 9.3549e-01 8.9802e-01 8.9576e-01 1.8379e-01 8.9576e-01 8.9576e-01 -1.5115e-01 8.3687e-01 8.3687e-01 5.0971e-01 7.1637e-01 6.8472e-02 -7.6594e-02 7.1346e-01 6.8472e-02 7.0182e-01 2.7725e-01 7.0305e-01 -1.4972e-01 4.8984e-01 -6.4434e-02 6.9431e-01 -4.6947e-01 -6.9600e-01 7.6526e-02 -6.9431e-01 -6.9600e-01 -4.7865e-01 -1.6335e-01 -6.9600e-01 -2.7031e-01 6.9722e-01 4.8778e-01 4.9250e-01 6.9309e-01 -7.0102e-02 6.9309e-01 6.9309e-01 7.6526e-02 6.9309e-01 -6.9600e-01 -6.9600e-01 -6.9770e-01 -6.9600e-01 -6.9600e-01 -6.9600e-01 -6.9770e-01 -2.6816e-01 -5.4746e-01 -5.5652e-01 -1.4426e-01 1.9810e-01 -3.5395e-01 -3.3534e-01 -3.2281e-01 -1.1964e-01 -4.4022e-02 4.7215e-02 -5.9908e-02 -4.6909e-02 -1.8307e-02 4.5177e-03 1.2260e-02 1.2260e-02 1.2260e-02 -3.2633e-02 -1.5762e-02 -6.7554e-02 -8.4225e-02 -8.4225e-02 -8.6785e-02 -8.5506e-02 -8.6572e-02 -9.2299e-02 -9.3562e-02 -9.1035e-02 -8.6785e-02 -8.4225e-02 4.2564e-02 -8.6785e-02 -8.6785e-02 9.3562e-02 3.8671e-02 7.7242e-02
-2.7582e-03 -1.3346e-01 2.3491e-01 -9.1069e-02 -9.2333e-02 -1.3190e-01 2.4535e-01 -1.2171e-01 2.2623e-01 -1.2171e-01 5.4333e-01 -1.8303e-01 7.3111e-02 1.0964e-02 4.3665e-02 -4.0355e-02 -1.2114e-01 1.3511e-02 2.5576e-01 -7.6155e-02 6.9297e-01 9.1265e-01 1.0000e+00 9.9760e-01 7.4469e-01 9.5669e-01 9.5179e-01 9.5669e-01 9.5419e-01 3.9318e-01 9.5429e-01 9.5669e-01 3.9318e-01 9.5179e-01 9.9521e-01 9.9521e-01 9.8795e-01 2.7349e-01 9.8554e-01 9.8554e-01 2.6858e-01 9.4207e-01 9.8313e-01 9.4207e-01 9.8555e-01 9.8317e-01 1.7849e-01 9.8317e-01 9.8317e-01 -1.5564e-01 9.1789e-01 9.1789e-01 5.8693e-01 7.9609e-01 2.7816e-01 -7.8867e-02 7.9332e-01 2.7816e-01 7.8225e-01 3.3936e-01 7.8324e-01 -1.5416e-01 4.7350e-01 2.0452e-01 7.7493e-01 -4.5362e-01 -7.7671e-01 2.8275e-01 -7.7493e-01 -7.7671e-01 -4.6254e-01 -2.3192e-01 -7.7671e-01 -3.3243e-01 7.7770e-01 4.7142e-01 5.5751e-01 7.7394e-01 2.0036e-01 7.7394e-01 7.7394e-01 2.8275e-01 7.7394e-01 -7.7671e-01 -7.7671e-01 -7.7850e-01 -7.7671e-01 -7.7671e-01 -7.7671e-01 -7.7850e-01 -3.3035e-01 -6.1835e-01 -6.2703e-01 -1.1161e-01 1.8846e-01 -3.5989e-01 -3.3706e-01 -3.3685e-01 -1.2938e-01 -4.8075e-02 5.0654e-03 -4.7690e-02 -5.1005e-02 -2.8102e-02 -1.0887e-03 6.6139e-03 6.6139e-03 6.6139e-03 -4.1575e-02 -1.5518e-02 -8.1246e-02 -1.0945e-01 -1.0945e-01 -1.1204e-01 -1.1075e-01 -1.1171e-01 -1.1786e-01 -1.1914e-01 -1.1658e-01 -1.1204e-01 -1.0945e-01 5.0477e-02 -1.1204e-01 -1.1204e-01 1.1436e-01 4.6712e-02 6.8478e-02
-3.2500e-03 -1.3501e-01 2.3429e-01 -9.2739e-02 -9.4005e-02 -1.3348e-01 2.4471e-01 -1.2200e-01 2.2684e-01 -1.2200e-01 5.4657e-01 -1.8369e-01 7.0364e-02 7.9928e-03 4.0816e-02 -4.3560e-02 -1.1906e-01 1.5229e-02 2.5640e-01 -7.6338e-02 6.9674e-01 9.1038e-01 9.9760e-01 1.0000e+00 7.4289e-01 9.5438e-01 9.5438e-01 9.5927e-01 9.5678e-01 3.9413e-01 9.5199e-01 9.5927e-01 3.9413e-01 9.5438e-01 9.9760e-01 9.9760e-01 9.9038e-01 2.7284e-01 9.8798e-01 9.8798e-01 2.6925e-01 9.4469e-01 9.8557e-01 9.3978e-01 9.8317e-01 9.8078e-01 1.7806e-01 9.8558e-01 9.8558e-01 -1.5601e-01 9.2024e-01 9.2024e-01 5.8944e-01 7.9815e-01 2.7749e-01 -7.9057e-02 7.9538e-01 2.7749e-01 7.8435e-01 3.4030e-01 7.8533e-01 -1.5453e-01 4.7176e-01 2.0403e-01 7.7704e-01 -4.5191e-01 -7.7883e-01 2.8207e-01 -7.7704e-01 -7.7883e-01 -4.6081e-01 -2.3266e-01 -7.7883e-01 -3.3339e-01 7.7981e-01 4.6968e-01 5.5558e-01 7.7607e-01 1.9986e-01 7.7607e-01 7.7607e-01 2.8207e-01 7.7607e-01 -7.7883e-01 -7.7883e-01 -7.7607e-01 -7.7883e-01 -7.7883e-01 -7.7883e-01 -7.7607e-01 -3.3130e-01 -6.2046e-01 -6.2912e-01 -1.1218e-01 1.8655e-01 -3.5710e-01 -3.3379e-01 -3.3396e-01 -1.3060e-01 -4.8411e-02 4.9408e-03 -4.7962e-02 -5.1344e-02 -2.8909e-02 -2.0452e-03 5.6532e-03 5.6532e-03 5.6532e-03 -4.0465e-02 -1.6478e-02 -7.7216e-02 -1.0588e-01 -1.0588e-01 -1.0849e-01 -1.0718e-01 -1.0812e-01 -1.1439e-01 -1.1568e-01 -1.1311e-01 -1.0849e-01 -1.0588e-01 4.9321e-02 -1.0849e-01 -1.0849e-01 1.1091e-01 4.5563e-02 6.7307e-02
-1.4255e-02 3.8713e-02 -6.9364e-02 7.6062e-02 7.5050e-02 2.7438e-02 -5.8177e-02 -9.1315e-02 1.7685e-01 -9.1315e-02 2.6814e-01 -1.1049e-01 -1.3652e-01 -1.8801e-01 -1.6066e-01 -2.2522e-01 -3.8317e-01 -1.9922e-01 1.8932e-01 -5.7138e-02 2.9848e-01 7.6122e-01 7.4469e-01 7.4289e-01 1.0000e+00 7.8027e-01 7.7457e-01 7.7457e-01 7.7833e-01 2.9500e-01 7.7651e-01 7.7457e-01 2.9500e-01 7.7457e-01 7.4670e-01 7.4670e-01 7.3528e-01 -8.4325e-02 7.3147e-01 7.3147e-01 1.9902e-01 7.6133e-01 7.2968e-01 7.6133e-01 7.3349e-01 7.3170e-01 -5.5032e-02 7.3170e-01 7.3170e-01 -1.1678e-01 6.7108e-01 6.7108e-01 3.1352e-01 5.8046e-01 -7.1037e-02 -5.9174e-02 5.7650e-01 -7.1037e-02 5.7650e-01 2.4010e-01 5.7914e-01 -1.1567e-01 7.1043e-01 -4.3315e-02 5.5138e-01 -6.8531e-01 -5.5270e-01 -5.8177e-02 -5.5138e-01 -5.5270e-01 -6.9688e-01 -1.5211e-01 -5.5270e-01 -2.3083e-01 5.5536e-01 7.0841e-01 6.4992e-01 5.5402e-01 -4.8038e-02 5.5402e-01 5.5402e-01 -5.8177e-02 5.5402e-01 -5.5270e-01 -5.5270e-01 -5.5402e-01 -5.5270e-01 -5.5270e-01 -5.5270e-01 -5.5402e-01 -2.2922e-01 -4.9237e-01 -4.9397e-01 -1.2082e-01 8.7275e-02 -3.1409e-01 -2.9535e-01 -2.9374e-01 -1.9878e-01 -3.9441e-02 2.0366e-02 -5.2428e-02 -4.1586e-02 -3.8548e-02 -3.7632e-02 -2.9482e-02 -2.9482e-02 -2.9482e-02 6.0938e-02 -5.7278e-02 -5.6080e-02 -7.2811e-02 -7.2811e-02 -7.4773e-02 -7.3793e-02 -7.6490e-02 -8.6417e-02 -8.7378e-02 -8.5455e-02 -7.4773e-02 -7.2811e-02 -5.3789e-02 -7.4773e-02 -7.4773e-02 8.7378e-02 -5.9027e-02 3.5912e-02
-5.0868e-03 -1.0823e-01 3.5842e-02 -6.3941e-02 -6.5167e-02 -1.0630e-01 5.3117e-02 -1.1703e-01 2.1645e-01 -1.1703e-01 4.9618e-01 -1.7239e-01 4.0714e-02 -1.9798e-02 1.2082e-02 -6.5031e-02 -1.5960e-01 -1.9041e-02 2.4559e-01 -7.3229e-02 6.2660e-01 9.5045e-01 9.5669e-01 9.5438e-01 7.8027e-01 1.0000e+00 9.9502e-01 9.9502e-01 9.9751e-01 3.7808e-01 9.9751e-01 9.9502e-01 3.7808e-01 9.9502e-01 9.5697e-01 9.5697e-01 9.4920e-01 6.2008e-02 9.4660e-01 9.4660e-01 2.5793e-01 9.8503e-01 9.4429e-01 9.8503e-01 9.4689e-01 9.4459e-01 1.8562e-01 9.4459e-01 9.4459e-01 -1.4966e-01 8.8026e-01 8.8026e-01 5.5131e-01 7.6324e-01 7.0362e-02 -7.5838e-02 7.6032e-01 7.0362e-02 7.4866e-01 3.2437e-01 7.4987e-01 -1.4824e-01 5.0743e-01 -6.3552e-02 7.4112e-01 -4.8696e-01 -7.4283e-01 7.8479e-02 -7.4112e-01 -7.4283e-01 -4.9618e-01 -2.2007e-01 -7.4283e-01 -3.1716e-01 7.4404e-01 5.0536e-01 5.1014e-01 7.3991e-01 -6.9177e-02 7.3991e-01 7.3991e-01 7.8479e-02 7.3991e-01 -7.4283e-01 -7.4283e-01 -7.4454e-01 -7.4283e-01 -7.4283e-01 -7.4283e-01 -7.4454e-01 -3.1516e-01 -5.8438e-01 -5.9349e-01 -1.0257e-01 1.7852e-01 -3.3857e-01 -3.2090e-01 -3.1210e-01 -1.2467e-01 -4.2656e-02 7.0994e-03 -5.8874e-02 -4.5530e-02 -1.4989e-02 2.3832e-03 1.0130e-02 1.0130e-02 1.0130e-02 -2.5847e-02 -1.7841e-02 -6.8177e-02 -1.0361e-01 -1.0361e-01 -1.0611e-01 -1.0486e-01 -1.0605e-01 -1.1119e-01 -1.1242e-01 -1.0996e-01 -1.0611e-01 -1.0361e-01 3.6206e-02 -1.0611e-01 -1.0611e-01 1.1242e-01 3.2262e-02 7.1004e-02
-5.0868e-03 -1.0823e-01 3.5842e-02 -6.3941e-02 -6.5167e-02 -1.0630e-01 5.3117e-02 -1.1703e-01 2.1645e-01 -1.1703e-01 4.9618e-01 -1.7239e-01 4.0714e-02 -1.9798e-02 1.2082e-02 -6.5031e-02 -1.5512e-01 -1.4470e-02 2.4559e-01 -7.3229e-02 6.3223e-01 9.4549e-01 9.5179e-01 9.5438e-01 7.7457e-01 9.9502e-01 1.0000e+00 9.9502e-01 9.9751e-01 3.7808e-01 9.9252e-01 9.9502e-01 3.7808e-01 9.9502e-01 9.5697e-01 9.5697e-01 9.4920e-01 6.2008e-02 9.4660e-01 9.4660e-01 2.5793e-01 9.8503e-01 9.4429e-01 9.8004e-01 9.4199e-01 9.3970e-01 1.8562e-01 9.4459e-01 9.4459e-01 -1.4966e-01 8.8026e-01 8.8026e-01 5.5131e-01 7.6324e-01 7.0362e-02 -7.5838e-02 7.6032e-01 7.0362e-02 7.4866e-01 3.2437e-01 7.4987e-01 -1.4824e-01 5.0231e-01 -6.3552e-02 7.4112e-01 -4.8181e-01 -7.4283e-01 7.8479e-02 -7.4112e-01 -7.4283e-01 -4.9105e-01 -2.2007e-01 -7.4283e-01 -3.1716e-01 7.4404e-01 5.0024e-01 5.0519e-01 7.3991e-01 -6.9177e-02 7.3991e-01 7.3991e-01 7.8479e-02 7.3991e-01 -7.4283e-01 -7.4283e-01 -7.3991e-01 -7.4283e-01 -7.4283e-01 -7.4283e-01 -7.3991e-01 -3.1516e-01 -5.8438e-01 -5.9349e-01 -1.0257e-01 1.7852e-01 -3.3409e-01 -3.1625e-01 -3.0760e-01 -1.2467e-01 -4.2656e-02 7.0994e-03 -5.8874e-02 -4.5530e-02 -2.1667e-02 2.3832e-03 1.0130e-02 1.0130e-02 1.0130e-02 -2.5847e-02 -1.7841e-02 -6.8177e-02 -9.8687e-02 -9.8687e-02 -1.0119e-01 -9.9939e-02 -1.0111e-01 -1.0633e-01 -1.0757e-01 -1.0509e-01 -1.0119e-01 -9.8687e-02 3.6206e-02 -1.0119e-01 -1.0119e-01 1.0757e-01 3.2262e-02 7.1004e-02
