1.0000e+00 -1.0277e-01 -1.0277e-01 -1.1944e-01 -9.4853e-02 -9.4853e-02 -9.8672e-02 -1.1162e-01 -1.1162e-01 -9.8672e-02 -9.6633e-02 -1.1232e-01 -1.1303e-01 -1.1374e-01 -9.8672e-02 1.1586e-01 1.1445e-01 1.1303e-01 1.1303e-01 1.1303e-01 9.4595e-02 -1.0287e-01 1.1445e-01 1.1445e-01 9.4595e-02 1.1445e-01 3.1111e-02 -3.4773e-02 -3.1841e-02 -3.4773e-02 -2.9070e-02 -3.3377e-02 -3.2657e-02 -3.2657e-02 -2.2962e-02 1.9454e-02 4.7435e-03 1.9715e-03 -8.3692e-03 -5.5976e-03 -1.4767e-02 -1.4767e-02 4.3148e-02 4.6756e-02 -4.3148e-02 -4.3761e-02 -4.3056e-02 -4.3761e-02 4.3148e-02 -4.3056e-02 -4.3056e-02 4.3148e-02 3.0169e-02 3.0169e-02 3.0169e-02 -2.6547e-02 -4.0945e-02 2.6547e-02 3.0862e-02 2.7934e-02 7.6533e-03 3.1556e-02 3.1556e-02 3.5890e-02 3.1556e-02 3.1556e-02 3.1556e-02 3.1556e-02 3.1556e-02 3.1556e-02 -2.8628e-02 3.0169e-02 3.1556e-02 3.0862e-02 -2.8628e-02 -2.8628e-02 8.3480e-03 3.0862e-02 3.0862e-02 -2.8628e-02 -2.8628e-02 4.7561e-02 3.1556e-02 -2.8628e-02 -3.0862e-02 -4.1648e-02 -3.1556e-02 -3.0862e-02 -3.1556e-02 -3.1556e-02 -3.1556e-02 -2.5008e-02 -2.7240e-02 -3.9447e-02 -9.9035e-02 -5.7333e-04 2.0270e-02
-1.0277e-01 1.0000e+00 9.9602e-01 7.3959e-01 2.3741e-01 2.3741e-01 6.0353e-01 6.9728e-01 6.9728e-01 6.0353e-01 5.9778e-01 7.0733e-01 7.0543e-01 7.0354e-01 6.0353e-01 -6.9389e-01 -6.6181e-01 -6.6560e-01 -6.6560e-01 -6.6560e-01 -5.8008e-01 2.0602e-01 -6.4587e-01 -6.4587e-01 -5.7608e-01 -6.4587e-01 -5.1227e-01 5.0753e-01 5.0640e-01 5.0753e-01 -1.3806e-01 -1.3828e-01 -1.3622e-01 -1.3622e-01 -2.8119e-01 2.5899e-01 2.7848e-01 2.7062e-01 -2.7460e-01 -2.6677e-01 -2.7062e-01 -2.7062e-01 1.6290e-01 1.5888e-01 -1.6290e-01 -1.7102e-01 -1.7300e-01 -1.7102e-01 1.6290e-01 -1.7300e-01 -1.7300e-01 1.6290e-01 1.9680e-01 1.9680e-01 1.9680e-01 -2.0072e-01 -1.6297e-01 2.0072e-01 1.9877e-01 2.0070e-01 2.3650e-01 1.9677e-01 1.9677e-01 -2.0296e-01 1.9677e-01 1.9677e-01 1.9677e-01 1.9677e-01 1.9677e-01 1.9677e-01 -1.9870e-01 1.9680e-01 1.9279e-01 1.9479e-01 -1.9870e-01 -1.9870e-01 2.3444e-01 1.9479e-01 1.9479e-01 -1.9870e-01 -1.9870e-01 -3.9971e-02 1.9677e-01 -1.9870e-01 -1.9479e-01 -1.6498e-01 -1.9677e-01 -1.9479e-01 -1.9677e-01 -1.9279e-01 -1.9279e-01 -1.9470e-01 -1.9077e-01 -1.5308e-01 1.1877e-01 2.4601e-03 3.9972e-02
-1.0277e-01 9.9602e-01 1.0000e+00 7.3959e-01 2.3741e-01 2.3741e-01 6.0353e-01 6.9728e-01 6.9728e-01 6.0353e-01 5.9778e-01 7.0733e-01 7.0543e-01 7.0354e-01 6.0353e-01 -6.9389e-01 -6.6181e-01 -6.6560e-01 -6.6560e-01 -6.6560e-01 -5.8008e-01 2.0602e-01 -6.4587e-01 -6.4587e-01 -5.7608e-01 -6.4587e-01 -5.1227e-01 5.0753e-01 5.0640e-01 5.0753e-01 -1.3806e-01 -1.3828e-01 -1.3622e-01 -1.3622e-01 -2.8119e-01 2.5899e-01 2.7450e-01 2.6665e-01 -2.7062e-01 -2.6279e-01 -2.6665e-01 -2.6665e-01 1.5891e-01 1.5490e-01 -1.5891e-01 -1.6702e-01 -1.6900e-01 -1.6702e-01 1.5891e-01 -1.6900e-01 -1.6900e-01 1.5891e-01 1.9282e-01 1.9282e-01 1.9282e-01 -1.9674e-01 -1.5898e-01 1.9674e-01 1.9479e-01 1.9672e-01 2.3250e-01 1.9279e-01 1.9279e-01 -2.0296e-01 1.9279e-01 1.9279e-01 1.9279e-01 1.9279e-01 1.9279e-01 1.9279e-01 -1.9473e-01 1.9282e-01 1.8882e-01 1.9082e-01 -1.9473e-01 -1.9473e-01 2.3045e-01 1.9082e-01 1.9082e-01 -1.9473e-01 -1.9473e-01 -3.9971e-02 1.9279e-01 -1.9473e-01 -1.9082e-01 -1.6099e-01 -1.9279e-01 -1.9082e-01 -1.9279e-01 -1.8882e-01 -1.8882e-01 -1.9072e-01 -1.8679e-01 -1.4909e-01 1.1877e-01 -6.2851e-03 3.1577e-02
-1.1944e-01 7.3959e-01 7.3959e-01 1.0000e+00 3.2717e-01 3.2717e-01 8.3616e-01 9.5281e-01 9.5281e-01 8.3616e-01 8.3110e-01 9.5472e-01 9.5664e-01 9.5857e-01 8.3616e-01 -9.4836e-01 -9.0848e-01 -9.1264e-01 -9.1264e-01 -9.1264e-01 -7.8999e-01 2.8096e-01 -8.9248e-01 -8.9248e-01 -7.7797e-01 -8.9248e-01 -7.0516e-01 6.9986e-01 6.9916e-01 6.9986e-01 -3.2618e-01 -3.1994e-01 -3.2166e-01 -3.2166e-01 -3.5209e-01 3.4074e-01 3.9610e-01 3.9940e-01 -3.8742e-01 -3.9075e-01 -3.8342e-01 -3.8342e-01 2.8569e-01 2.7677e-01 -2.8569e-01 -2.8807e-01 -2.8983e-01 -2.8807e-01 2.8569e-01 -2.8983e-01 -2.8983e-01 2.8569e-01 3.3584e-01 3.3584e-01 3.3584e-01 -3.4459e-01 -2.9111e-01 3.4459e-01 3.3803e-01 3.4499e-01 3.7403e-01 3.3622e-01 3.3622e-01 -3.1094e-01 3.3622e-01 3.3622e-01 3.3622e-01 3.3622e-01 3.3622e-01 3.3622e-01 -3.4319e-01 3.3584e-01 3.3223e-01 3.3403e-01 -3.4319e-01 -3.4319e-01 3.7214e-01 3.3403e-01 3.3403e-01 -3.4319e-01 -3.4319e-01 -1.5816e-01 3.3622e-01 -3.4319e-01 -3.3403e-01 -2.9336e-01 -3.3622e-01 -3.3403e-01 -3.3622e-01 -3.3223e-01 -3.3223e-01 -3.3600e-01 -3.2682e-01 -2.7877e-01 1.5353e-01 -1.6956e-02 2.3635e-02
-9.4853e-02 2.3741e-01 2.3741e-01 3.2717e-01 1.0000e+00 1.0000e+00 2.7618e-01 3.1434e-01 3.1434e-01 2.7618e-01 2.7453e-01 3.1497e-01 3.1560e-01 3.1623e-01 2.7618e-01 -3.0357e-01 -2.9502e-01 -2.9377e-01 -2.9377e-01 -2.9377e-01 -2.6559e-01 9.0816e-01 -2.8046e-01 -2.8046e-01 -2.5101e-01 -2.8046e-01 -3.2912e-01 3.3305e-01 3.2990e-01 3.3305e-01 -1.9586e-01 -2.0010e-01 -2.0062e-01 -2.0062e-01 -2.0790e-01 2.1065e-01 2.2941e-01 2.3181e-01 -2.3181e-01 -2.3423e-01 -2.3181e-01 -2.3181e-01 2.0275e-01 1.9773e-01 -2.0275e-01 -1.9716e-01 -1.9772e-01 -1.9716e-01 2.0275e-01 -1.9772e-01 -1.9772e-01 2.0275e-01 2.2406e-01 2.2406e-01 2.2406e-01 -2.2170e-01 -1.9939e-01 2.2170e-01 2.2347e-01 2.2053e-01 1.9707e-01 2.2288e-01 2.2288e-01 -1.4297e-01 2.2288e-01 2.2288e-01 2.2288e-01 2.2288e-01 2.2288e-01 2.2288e-01 -2.1995e-01 2.2406e-01 2.2288e-01 2.2347e-01 -2.1995e-01 -2.1995e-01 1.9644e-01 2.2347e-01 2.2347e-01 -2.1995e-01 -2.1995e-01 -9.7304e-02 2.2288e-01 -2.1995e-01 -2.2347e-01 -1.9883e-01 -2.2288e-01 -2.2347e-01 -2.2288e-01 -2.2288e-01 -2.2288e-01 -2.1762e-01 -2.2112e-01 -1.9549e-01 5.7886e-01 4.0221e-02 4.7698e-02
-9.4853e-02 2.3741e-01 2.3741e-01 3.2717e-01 1.0000e+00 1.0000e+00 2.7618e-01 3.1434e-01 3.1434e-01 2.7618e-01 2.7453e-01 3.1497e-01 3.1560e-01 3.1623e-01 2.7618e-01 -3.0357e-01 -2.9502e-01 -2.9377e-01 -2.9377e-01 -2.9377e-01 -2.6559e-01 9.0816e-01 -2.8046e-01 -2.8046e-01 -2.5101e-01 -2.8046e-01 -3.2912e-01 3.3305e-01 3.2990e-01 3.3305e-01 -1.9586e-01 -2.0010e-01 -2.0062e-01 -2.0062e-01 -2.0790e-01 2.1065e-01 2.2941e-01 2.3181e-01 -2.3181e-01 -2.3423e-01 -2.3181e-01 -2.3181e-01 2.0275e-01 1.9773e-01 -2.0275e-01 -1.9716e-01 -1.9772e-01 -1.9716e-01 2.0275e-01 -1.9772e-01 -1.9772e-01 2.0275e-01 2.2406e-01 2.2406e-01 2.2406e-01 -2.2170e-01 -1.9939e-01 2.2170e-01 2.2347e-01 2.2053e-01 1.9707e-01 2.2288e-01 2.2288e-01 -1.4297e-01 2.2288e-01 2.2288e-01 2.2288e-01 2.2288e-01 2.2288e-01 2.2288e-01 -2.1995e-01 2.2406e-01 2.2288e-01 2.2347e-01 -2.1995e-01 -2.1995e-01 1.9644e-01 2.2347e-01 2.2347e-01 -2.1995e-01 -2.1995e-01 -9.7304e-02 2.2288e-01 -2.1995e-01 -2.2347e-01 -1.9883e-01 -2.2288e-01 -2.2347e-01 -2.2288e-01 -2.2288e-01 -2.2288e-01 -2.1762e-01 -2.2112e-01 -1.9549e-01 5.7886e-01 4.0221e-02 4.7698e-02
-9.8672e-02 6.0353e-01 6.0353e-01 8.3616e-01 2.7618e-01 2.7618e-01 1.0000e+00 8.6662e-01 8.6662e-01 1.0000e+00 9.9402e-01 8.7685e-01 8.7111e-01 8.7336e-01 1.0000e+00 -8.6815e-01 -8.5964e-01 -8.6312e-01 -8.6312e-01 -8.6312e-01 -9.4403e-01 2.7983e-01 -8.4366e-01 -8.4366e-01 -9.4003e-01 -8.4366e-01 -6.7864e-01 6.7502e-01 6.7298e-01 6.7502e-01 -4.2192e-01 -4.3825e-01 -4.4026e-01 -4.4026e-01 -4.5897e-01 4.4921e-01 5.1550e-01 5.2016e-01 -5.0820e-01 -5.1289e-01 -5.0421e-01 -5.0421e-01 3.4207e-01 3.3448e-01 -3.4207e-01 -3.4116e-01 -3.4325e-01 -3.4116e-01 3.4207e-01 -3.4325e-01 -3.4325e-01 3.4207e-01 4.0444e-01 4.0444e-01 4.0444e-01 -4.1184e-01 -3.4551e-01 4.1184e-01 4.0628e-01 4.1156e-01 3.3996e-01 4.0415e-01 4.0415e-01 -3.3459e-01 4.0415e-01 4.0415e-01 4.0415e-01 4.0415e-01 4.0415e-01 4.0415e-01 -4.0943e-01 4.0444e-01 4.0016e-01 4.0230e-01 -4.0943e-01 -4.0943e-01 3.3774e-01 4.0230e-01 4.0230e-01 -4.0943e-01 -4.0943e-01 -2.0731e-01 4.0415e-01 -4.0943e-01 -4.0230e-01 -3.4742e-01 -4.0415e-01 -4.0230e-01 -4.0415e-01 -4.0016e-01 -4.0016e-01 -4.0491e-01 -3.9774e-01 -3.4291e-01 1.7707e-01 -1.3835e-02 2.3014e-02
-1.1162e-01 6.9728e-01 6.9728e-01 9.5281e-01 3.1434e-01 3.1434e-01 8.6662e-01 1.0000e+00 1.0000e+00 8.6662e-01 8.7335e-01 9.9003e-01 9.9203e-01 9.9403e-01 8.6662e-01 -9.8411e-01 -9.4418e-01 -9.4816e-01 -9.4816e-01 -9.4816e-01 -8.2015e-01 2.6812e-01 -9.2822e-01 -9.2822e-01 -8.0816e-01 -9.2822e-01 -7.4178e-01 7.3700e-01 7.3589e-01 7.3700e-01 -3.3807e-01 -3.3139e-01 -3.3318e-01 -3.3318e-01 -3.6663e-01 3.5570e-01 4.2336e-01 4.2698e-01 -4.1503e-01 -4.1867e-01 -4.1105e-01 -4.1105e-01 3.0971e-01 3.0112e-01 -3.0971e-01 -3.1133e-01 -3.1316e-01 -3.1133e-01 3.0971e-01 -3.1316e-01 -3.1316e-01 3.0971e-01 3.6257e-01 3.6257e-01 3.6257e-01 -3.7098e-01 -3.1467e-01 3.7098e-01 3.6467e-01 3.7122e-01 4.0483e-01 3.6279e-01 3.6279e-01 -3.1675e-01 3.6279e-01 3.6279e-01 3.6279e-01 3.6279e-01 3.6279e-01 3.6279e-01 -3.6935e-01 3.6257e-01 3.5881e-01 3.6069e-01 -3.6935e-01 -3.6935e-01 4.0286e-01 3.6069e-01 3.6069e-01 -3.6935e-01 -3.6935e-01 -1.6603e-01 3.6279e-01 -3.6935e-01 -3.6069e-01 -3.1683e-01 -3.6279e-01 -3.6069e-01 -3.6279e-01 -3.5881e-01 -3.5881e-01 -3.6187e-01 -3.5318e-01 -3.0183e-01 1.4296e-01 -8.9665e-03 3.8759e-02
-1.1162e-01 6.9728e-01 6.9728e-01 9.5281e-01 3.1434e-01 3.1434e-01 8.6662e-01 1.0000e+00 1.0000e+00 8.6662e-01 8.7335e-01 9.9003e-01 9.9203e-01 9.9403e-01 8.6662e-01 -9.8411e-01 -9.4418e-01 -9.4816e-01 -9.4816e-01 -9.4816e-01 -8.2015e-01 2.6812e-01 -9.2822e-01 -9.2822e-01 -8.0816e-01 -9.2822e-01 -7.4178e-01 7.3700e-01 7.3589e-01 7.3700e-01 -3.3807e-01 -3.3139e-01 -3.3318e-01 -3.3318e-01 -3.6663e-01 3.5570e-01 4.2336e-01 4.2698e-01 -4.1503e-01 -4.1867e-01 -4.1105e-01 -4.1105e-01 3.0971e-01 3.0112e-01 -3.0971e-01 -3.1133e-01 -3.1316e-01 -3.1133e-01 3.0971e-01 -3.1316e-01 -3.1316e-01 3.0971e-01 3.6257e-01 3.6257e-01 3.6257e-01 -3.7098e-01 -3.1467e-01 3.7098e-01 3.6467e-01 3.7122e-01 4.0483e-01 3.6279e-01 3.6279e-01 -3.1675e-01 3.6279e-01 3.6279e-01 3.6279e-01 3.6279e-01 3.6279e-01 3.6279e-01 -3.6935e-01 3.6257e-01 3.5881e-01 3.6069e-01 -3.6935e-01 -3.6935e-01 4.0286e-01 3.6069e-01 3.6069e-01 -3.6935e-01 -3.6935e-01 -1.6603e-01 3.6279e-01 -3.6935e-01 -3.6069e-01 -3.1683e-01 -3.6279e-01 -3.6069e-01 -3.6279e-01 -3.5881e-01 -3.5881e-01 -3.6187e-01 -3.5318e-01 -3.0183e-01 1.4296e-01 -8.9665e-03 3.8759e-02
-9.8672e-02 6.0353e-01 6.0353e-01 8.3616e-01 2.7618e-01 2.7618e-01 1.0000e+00 8.6662e-01 8.6662e-01 1.0000e+00 9.9402e-01 8.7685e-01 8.7111e-01 8.7336e-01 1.0000e+00 -8.6815e-01 -8.5964e-01 -8.6312e-01 -8.6312e-01 -8.6312e-01 -9.4403e-01 2.7983e-01 -8.4366e-01 -8.4366e-01 -9.4003e-01 -8.4366e-01 -6.7864e-01 6.7502e-01 6.7298e-01 6.7502e-01 -4.2192e-01 -4.3825e-01 -4.4026e-01 -4.4026e-01 -4.5897e-01 4.4921e-01 5.1550e-01 5.2016e-01 -5.0820e-01 -5.1289e-01 -5.0421e-01 -5.0421e-01 3.4207e-01 3.3448e-01 -3.4207e-01 -3.4116e-01 -3.4325e-01 -3.4116e-01 3.4207e-01 -3.4325e-01 -3.4325e-01 3.4207e-01 4.0444e-01 4.0444e-01 4.0444e-01 -4.1184e-01 -3.4551e-01 4.1184e-01 4.0628e-01 4.1156e-01 3.3996e-01 4.0415e-01 4.0415e-01 -3.3459e-01 4.0415e-01 4.0415e-01 4.0415e-01 4.0415e-01 4.0415e-01 4.0415e-01 -4.0943e-01 4.0444e-01 4.0016e-01 4.0230e-01 -4.0943e-01 -4.0943e-01 3.3774e-01 4.0230e-01 4.0230e-01 -4.0943e-01 -4.0943e-01 -2.0731e-01 4.0415e-01 -4.0943e-01 -4.0230e-01 -3.4742e-01 -4.0415e-01 -4.0230e-01 -4.0415e-01 -4.0016e-01 -4.0016e-01 -4.0491e-01 -3.9774e-01 -3.4291e-01 1.7707e-01 -1.3835e-02 2.3014e-02
-9.6633e-02 5.9778e-01 5.9778e-01 8.3110e-01 2.7453e-01 2.7453e-01 9.9402e-01 8.7335e-01 8.7335e-01 9.9402e-01 1.0000e+00 8.7161e-01 8.6588e-01 8.6814e-01 9.9402e-01 -8.6295e-01 -8.5442e-01 -8.5788e-01 -8.5788e-01 -8.5788e-01 -9.3794e-01 2.7816e-01 -8.3843e-01 -8.3843e-01 -9.3394e-01 -8.3843e-01 -6.7429e-01 6.7071e-01 6.6863e-01 6.7071e-01 -4.1492e-01 -4.3116e-01 -4.3319e-01 -4.3319e-01 -4.5249e-01 4.4280e-01 5.0984e-01 5.1455e-01 -5.0258e-01 -5.0733e-01 -4.9859e-01 -4.9859e-01 3.3576e-01 3.2822e-01 -3.3576e-01 -3.3472e-01 -3.3682e-01 -3.3472e-01 3.3576e-01 -3.3682e-01 -3.3682e-01 3.3576e-01 3.9862e-01 3.9862e-01 3.9862e-01 -4.0597e-01 -3.3913e-01 4.0597e-01 4.0046e-01 4.0567e-01 3.3470e-01 3.9830e-01 3.9830e-01 -3.2504e-01 3.9830e-01 3.9830e-01 3.9830e-01 3.9830e-01 3.9830e-01 3.9830e-01 -4.0353e-01 3.9862e-01 3.9431e-01 3.9647e-01 -4.0353e-01 -4.0353e-01 3.3246e-01 3.9647e-01 3.9647e-01 -4.0353e-01 -4.0353e-01 -2.0339e-01 3.9830e-01 -4.0353e-01 -3.9647e-01 -3.4103e-01 -3.9830e-01 -3.9647e-01 -3.9830e-01 -3.9431e-01 -3.9431e-01 -3.9896e-01 -3.9186e-01 -3.3644e-01 1.7563e-01 -6.5065e-03 2.9940e-02
-1.1232e-01 7.0733e-01 7.0733e-01 9.5472e-01 3.1497e-01 3.1497e-01 8.7685e-01 9.9003e-01 9.9003e-01 8.7685e-01 8.7161e-01 1.0000e+00 9.9402e-01 9.9602e-01 8.7685e-01 -9.8608e-01 -9.4615e-01 -9.5014e-01 -9.5014e-01 -9.5014e-01 -8.2241e-01 2.6875e-01 -9.3019e-01 -9.3019e-01 -8.1842e-01 -9.3019e-01 -7.4341e-01 7.3862e-01 7.3752e-01 7.3862e-01 -3.4050e-01 -3.4197e-01 -3.4375e-01 -3.4375e-01 -3.7291e-01 3.6194e-01 4.2936e-01 4.3296e-01 -4.2101e-01 -4.2463e-01 -4.1702e-01 -4.1702e-01 3.1589e-01 3.0728e-01 -3.1589e-01 -3.1756e-01 -3.1939e-01 -3.1756e-01 3.1589e-01 -3.1939e-01 -3.1939e-01 3.1589e-01 3.6859e-01 3.6859e-01 3.6859e-01 -3.7702e-01 -3.2088e-01 3.7702e-01 3.7069e-01 3.7726e-01 4.1068e-01 3.6882e-01 3.6882e-01 -3.2893e-01 3.6882e-01 3.6882e-01 3.6882e-01 3.6882e-01 3.6882e-01 3.6882e-01 -3.7540e-01 3.6859e-01 3.6484e-01 3.6671e-01 -3.7540e-01 -3.7540e-01 4.0871e-01 3.6671e-01 3.6671e-01 -3.7540e-01 -3.7540e-01 -1.7151e-01 3.6882e-01 -3.7540e-01 -3.6671e-01 -3.2305e-01 -3.6882e-01 -3.6671e-01 -3.6882e-01 -3.6484e-01 -3.6484e-01 -3.6794e-01 -3.5922e-01 -3.0808e-01 1.4348e-01 -8.4887e-03 3.9264e-02
-1.1303e-01 7.0543e-01 7.0543e-01 9.5664e-01 3.1560e-01 3.1560e-01 8.7111e-01 9.9203e-01 9.9203e-01 8.7111e-01 8.6588e-01 9.9402e-01 1.0000e+00 9.9801e-01 8.7111e-01 -9.8806e-01 -9.4813e-01 -9.5213e-01 -9.5213e-01 -9.5213e-01 -8.2868e-01 2.6938e-01 -9.3217e-01 -9.3217e-01 -8.1668e-01 -9.3217e-01 -7.4505e-01 7.4024e-01 7.3916e-01 7.4024e-01 -3.4293e-01 -3.3632e-01 -3.3810e-01 -3.3810e-01 -3.7518e-01 3.6019e-01 4.3137e-01 4.3097e-01 -4.2300e-01 -4.2263e-01 -4.1902e-01 -4.1902e-01 3.1409e-01 3.0546e-01 -3.1409e-01 -3.1979e-01 -3.2162e-01 -3.1979e-01 3.1409e-01 -3.2162e-01 -3.2162e-01 3.1409e-01 3.6665e-01 3.6665e-01 3.6665e-01 -3.7510e-01 -3.1909e-01 3.7510e-01 3.6876e-01 3.7535e-01 4.0853e-01 3.6689e-01 3.6689e-01 -3.2328e-01 3.6689e-01 3.6689e-01 3.6689e-01 3.6689e-01 3.6689e-01 3.6689e-01 -3.7348e-01 3.6665e-01 3.6290e-01 3.6477e-01 -3.7348e-01 -3.7348e-01 4.0657e-01 3.6477e-01 3.6477e-01 -3.7348e-01 -3.7348e-01 -1.7080e-01 3.6689e-01 -3.7348e-01 -3.6477e-01 -3.2127e-01 -3.6689e-01 -3.6477e-01 -3.6689e-01 -3.6290e-01 -3.6290e-01 -3.6604e-01 -3.5730e-01 -3.0632e-01 1.4400e-01 -1.6770e-02 3.1361e-02
-1.1374e-01 7.0354e-01 7.0354e-01 9.5857e-01 3.1623e-01 3.1623e-01 8.7336e-01 9.9403e-01 9.9403e-01 8.7336e-01 8.6814e-01 9.9602e-01 9.9801e-01 1.0000e+00 8.7336e-01 -9.9004e-01 -9.5012e-01 -9.5412e-01 -9.5412e-01 -9.5412e-01 -8.2695e-01 2.7001e-01 -9.3415e-01 -9.3415e-01 -8.1496e-01 -9.3415e-01 -7.4669e-01 7.4187e-01 7.4079e-01 7.4187e-01 -3.4537e-01 -3.3878e-01 -3.4056e-01 -3.4056e-01 -3.7344e-01 3.6243e-01 4.2940e-01 4.3297e-01 -4.2102e-01 -4.2461e-01 -4.1703e-01 -4.1703e-01 3.1628e-01 3.0763e-01 -3.1628e-01 -3.1803e-01 -3.1985e-01 -3.1803e-01 3.1628e-01 -3.1985e-01 -3.1985e-01 3.1628e-01 3.6869e-01 3.6869e-01 3.6869e-01 -3.7716e-01 -3.2131e-01 3.7716e-01 3.7080e-01 3.7741e-01 4.1039e-01 3.6894e-01 3.6894e-01 -3.2655e-01 3.6894e-01 3.6894e-01 3.6894e-01 3.6894e-01 3.6894e-01 3.6894e-01 -3.7555e-01 3.6869e-01 3.6495e-01 3.6682e-01 -3.7555e-01 -3.7555e-01 4.0843e-01 3.6682e-01 3.6682e-01 -3.7555e-01 -3.7555e-01 -1.7009e-01 3.6894e-01 -3.7555e-01 -3.6682e-01 -3.2349e-01 -3.6894e-01 -3.6682e-01 -3.6894e-01 -3.6495e-01 -3.6495e-01 -3.6812e-01 -3.5936e-01 -3.0856e-01 1.4453e-01 -1.6293e-02 3.1867e-02
-9.8672e-02 6.0353e-01 6.0353e-01 8.3616e-01 2.7618e-01 2.7618e-01 1.0000e+00 8.6662e-01 8.6662e-01 1.0000e+00 9.9402e-01 8.7685e-01 8.7111e-01 8.7336e-01 1.0000e+00 -8.6815e-01 -8.5964e-01 -8.6312e-01 -8.6312e-01 -8.6312e-01 -9.4403e-01 2.7983e-01 -8.4366e-01 -8.4366e-01 -9.4003e-01 -8.4366e-01 -6.7864e-01 6.7502e-01 6.7298e-01 6.7502e-01 -4.2192e-01 -4.3825e-01 -4.4026e-01 -4.4026e-01 -4.5897e-01 4.4921e-01 5.1550e-01 5.2016e-01 -5.0820e-01 -5.1289e-01 -5.0421e-01 -5.0421e-01 3.4207e-01 3.3448e-01 -3.4207e-01 -3.4116e-01 -3.4325e-01 -3.4116e-01 3.4207e-01 -3.4325e-01 -3.4325e-01 3.4207e-01 4.0444e-01 4.0444e-01 4.0444e-01 -4.1184e-01 -3.4551e-01 4.1184e-01 4.0628e-01 4.1156e-01 3.3996e-01 4.0415e-01 4.0415e-01 -3.3459e-01 4.0415e-01 4.0415e-01 4.0415e-01 4.0415e-01 4.0415e-01 4.0415e-01 -4.0943e-01 4.0444e-01 4.0016e-01 4.0230e-01 -4.0943e-01 -4.0943e-01 3.3774e-01 4.0230e-01 4.0230e-01 -4.0943e-01 -4.0943e-01 -2.0731e-01 4.0415e-01 -4.0943e-01 -4.0230e-01 -3.4742e-01 -4.0415e-01 -4.0230e-01 -4.0415e-01 -4.0016e-01 -4.0016e-01 -4.0491e-01 -3.9774e-01 -3.4291e-01 1.7707e-01 -1.3835e-02 2.3014e-02
1.1586e-01 -6.9389e-01 -6.9389e-01 -9.4836e-01 -3.0357e-01 -3.0357e-01 -8.6815e-01 -9.8411e-01 -9.8411e-01 -8.6815e-01 -8.6295e-01 -9.8608e-01 -9.8806e-01 -9.9004e-01 -8.6815e-01 1.0000e+00 9.6008e-01 9.6411e-01 9.6411e-01 9.6411e-01 8.3379e-01 -2.7192e-01 9.4412e-01 9.4412e-01 8.2179e-01 9.4412e-01 7.5575e-01 -7.5088e-01 -7.4984e-01 -7.5088e-01 3.5269e-01 3.4619e-01 3.4795e-01 3.4795e-01 3.6823e-01 -3.5717e-01 -4.3545e-01 -4.3898e-01 4.2702e-01 4.3057e-01 4.2304e-01 4.2304e-01 -3.2286e-01 -3.1415e-01 3.2286e-01 3.2474e-01 3.2654e-01 3.2474e-01 -3.2286e-01 3.2654e-01 3.2654e-01 -3.2286e-01 -3.7483e-01 -3.7483e-01 -3.7483e-01 3.8335e-01 3.2797e-01 -3.8335e-01 -3.7696e-01 -3.8363e-01 -4.1997e-01 -3.7510e-01 -3.7510e-01 3.2299e-01 -3.7510e-01 -3.7510e-01 -3.7510e-01 -3.7510e-01 -3.7510e-01 -3.7510e-01 3.8178e-01 -3.7483e-01 -3.7111e-01 -3.7297e-01 3.8178e-01 3.8178e-01 -4.1801e-01 -3.7297e-01 -3.7297e-01 3.8178e-01 3.8178e-01 1.6798e-01 -3.7510e-01 3.8178e-01 3.7297e-01 3.3016e-01 3.7510e-01 3.7297e-01 3.7510e-01 3.7111e-01 3.7111e-01 3.7440e-01 3.6555e-01 3.1531e-01 -1.4610e-01 1.4862e-02 -3.3384e-02
1.1445e-01 -6.6181e-01 -6.6181e-01 -9.0848e-01 -2.9502e-01 -2.9502e-01 -8.5964e-01 -9.4418e-01 -9.4418e-01 -8.5964e-01 -8.5442e-01 -9.4615e-01 -9.4813e-01 -9.5012e-01 -8.5964e-01 9.6008e-01 1.0000e+00 9.9602e-01 9.9602e-01 9.9602e-01 8.5322e-01 -3.2105e-01 9.7605e-01 9.7605e-01 8.4122e-01 9.7605e-01 7.9762e-01 -7.9290e-01 -7.8352e-01 -7.9290e-01 3.8428e-01 3.7374e-01 3.7550e-01 3.7550e-01 3.9175e-01 -3.8070e-01 -4.6329e-01 -4.6685e-01 4.5489e-01 4.5848e-01 4.5091e-01 4.5091e-01 -3.4244e-01 -3.3376e-01 3.4244e-01 3.4428e-01 3.4609e-01 3.4428e-01 -3.4244e-01 3.4609e-01 3.4609e-01 -3.4244e-01 -4.0260e-01 -4.0260e-01 -4.0260e-01 4.1109e-01 3.4753e-01 -4.1109e-01 -4.0472e-01 -4.1136e-01 -4.4827e-01 -4.0286e-01 -4.0286e-01 3.2982e-01 -4.0286e-01 -4.0286e-01 -4.0286e-01 -4.0286e-01 -4.0286e-01 -4.0286e-01 4.0950e-01 -4.0260e-01 -3.9888e-01 -4.0074e-01 4.0950e-01 4.0950e-01 -4.4630e-01 -4.0074e-01 -4.0074e-01 4.0950e-01 4.0950e-01 1.7558e-01 -4.0286e-01 4.0950e-01 4.0074e-01 3.4971e-01 4.0286e-01 4.0074e-01 4.0286e-01 3.9888e-01 3.9888e-01 4.0209e-01 3.9329e-01 3.3885e-01 -2.0347e-01 1.5816e-02 -3.2372e-02
1.1303e-01 -6.6560e-01 -6.6560e-01 -9.1264e-01 -2.9377e-01 -2.9377e-01 -8.6312e-01 -9.4816e-01 -9.4816e-01 -8.6312e-01 -8.5788e-01 -9.5014e-01 -9.5213e-01 -9.5412e-01 -8.6312e-01 9.6411e-01 9.9602e-01 1.0000e+00 1.0000e+00 1.0000e+00 8.5667e-01 -3.1977e-01 9.8006e-01 9.8006e-01 8.4467e-01 9.8006e-01 7.9432e-01 -7.8963e-01 -7.8023e-01 -7.8963e-01 3.7939e-01 3.6880e-01 3.7057e-01 3.7057e-01 3.8720e-01 -3.7620e-01 -4.5925e-01 -4.6284e-01 4.5089e-01 4.5451e-01 4.4691e-01 4.4691e-01 -3.3806e-01 -3.2941e-01 3.3806e-01 3.3980e-01 3.4162e-01 3.3980e-01 -3.3806e-01 3.4162e-01 3.4162e-01 -3.3806e-01 -3.9851e-01 -3.9851e-01 -3.9851e-01 4.0696e-01 3.4309e-01 -4.0696e-01 -4.0062e-01 -4.0721e-01 -4.4455e-01 -3.9875e-01 -3.9875e-01 3.3219e-01 -3.9875e-01 -3.9875e-01 -3.9875e-01 -3.9875e-01 -3.9875e-01 -3.9875e-01 4.0535e-01 -3.9851e-01 -3.9477e-01 -3.9664e-01 4.0535e-01 4.0535e-01 -4.4258e-01 -3.9664e-01 -3.9664e-01 4.0535e-01 4.0535e-01 1.7699e-01 -3.9875e-01 4.0535e-01 3.9664e-01 3.4526e-01 3.9875e-01 3.9664e-01 3.9875e-01 3.9477e-01 3.9477e-01 3.9791e-01 3.8916e-01 3.3435e-01 -2.0241e-01 1.6770e-02 -3.1361e-02
1.1303e-01 -6.6560e-01 -6.6560e-01 -9.1264e-01 -2.9377e-01 -2.9377e-01 -8.6312e-01 -9.4816e-01 -9.4816e-01 -8.6312e-01 -8.5788e-01 -9.5014e-01 -9.5213e-01 -9.5412e-01 -8.6312e-01 9.6411e-01 9.9602e-01 1.0000e+00 1.0000e+00 1.0000e+00 8.5667e-01 -3.1977e-01 9.8006e-01 9.8006e-01 8.4467e-01 9.8006e-01 7.9432e-01 -7.8963e-01 -7.8023e-01 -7.8963e-01 3.7939e-01 3.6880e-01 3.7057e-01 3.7057e-01 3.8720e-01 -3.7620e-01 -4.5925e-01 -4.6284e-01 4.5089e-01 4.5451e-01 4.4691e-01 4.4691e-01 -3.3806e-01 -3.2941e-01 3.3806e-01 3.3980e-01 3.4162e-01 3.3980e-01 -3.3806e-01 3.4162e-01 3.4162e-01 -3.3806e-01 -3.9851e-01 -3.9851e-01 -3.9851e-01 4.0696e-01 3.4309e-01 -4.0696e-01 -4.0062e-01 -4.0721e-01 -4.4455e-01 -3.9875e-01 -3.9875e-01 3.3219e-01 -3.9875e-01 -3.9875e-01 -3.9875e-01 -3.9875e-01 -3.9875e-01 -3.9875e-01 4.0535e-01 -3.9851e-01 -3.9477e-01 -3.9664e-01 4.0535e-01 4.0535e-01 -4.4258e-01 -3.9664e-01 -3.9664e-01 4.0535e-01 4.0535e-01 1.7699e-01 -3.9875e-01 4.0535e-01 3.9664e-01 3.4526e-01 3.9875e-01 3.9664e-01 3.9875e-01 3.9477e-01 3.9477e-01 3.9791e-01 3.8916e-01 3.3435e-01 -2.0241e-01 1.6770e-02 -3.1361e-02
1.1303e-01 -6.6560e-01 -6.6560e-01 -9.1264e-01 -2.9377e-01 -2.9377e-01 -8.6312e-01 -9.4816e-01 -9.4816e-01 -8.6312e-01 -8.5788e-01 -9.5014e-01 -9.5213e-01 -9.5412e-01 -8.6312e-01 9.6411e-01 9.9602e-01 1.0000e+00 1.0000e+00 1.0000e+00 8.5667e-01 -3.1977e-01 9.8006e-01 9.8006e-01 8.4467e-01 9.8006e-01 7.9432e-01 -7.8963e-01 -7.8023e-01 -7.8963e-01 3.7939e-01 3.6880e-01 3.7057e-01 3.7057e-01 3.8720e-01 -3.7620e-01 -4.5925e-01 -4.6284e-01 4.5089e-01 4.5451e-01 4.4691e-01 4.4691e-01 -3.3806e-01 -3.2941e-01 3.3806e-01 3.3980e-01 3.4162e-01 3.3980e-01 -3.3806e-01 3.4162e-01 3.4162e-01 -3.3806e-01 -3.9851e-01 -3.9851e-01 -3.9851e-01 4.0696e-01 3.4309e-01 -4.0696e-01 -4.0062e-01 -4.0721e-01 -4.4455e-01 -3.9875e-01 -3.9875e-01 3.3219e-01 -3.9875e-01 -3.9875e-01 -3.9875e-01 -3.9875e-01 -3.9875e-01 -3.9875e-01 4.0535e-01 -3.9851e-01 -3.9477e-01 -3.9664e-01 4.0535e-01 4.0535e-01 -4.4258e-01 -3.9664e-01 -3.9664e-01 4.0535e-01 4.0535e-01 1.7699e-01 -3.9875e-01 4.0535e-01 3.9664e-01 3.4526e-01 3.9875e-01 3.9664e-01 3.9875e-01 3.9477e-01 3.9477e-01 3.9791e-01 3.8916e-01 3.3435e-01 -2.0241e-01 1.6770e-02 -3.1361e-02
9.4595e-02 -5.8008e-01 -5.8008e-01 -7.8999e-01 -2.6559e-01 -2.6559e-01 -9.4403e-01 -8.2015e-01 -8.2015e-01 -9.4403e-01 -9.3794e-01 -8.2241e-01 -8.2868e-01 -8.2695e-01 -9.4403e-01 8.3379e-01 8.5322e-01 8.5667e-01 8.5667e-01 8.5667e-01 1.0000e+00 -2.7649e-01 8.5722e-01 8.5722e-01 9.8798e-01 8.5722e-01 7.0287e-01 -6.9943e-01 -7.0547e-01 -6.9943e-01 4.3635e-01 4.4444e-01 4.4240e-01 4.4240e-01 4.5807e-01 -4.3640e-01 -5.3214e-01 -5.2492e-01 5.2492e-01 5.1775e-01 5.2093e-01 5.2093e-01 -3.4548e-01 -3.3797e-01 3.4548e-01 3.5636e-01 3.5847e-01 3.5636e-01 -3.4548e-01 3.5847e-01 3.5847e-01 -3.4548e-01 -4.1676e-01 -4.1676e-01 -4.1676e-01 4.2407e-01 3.4878e-01 -4.2407e-01 -4.1859e-01 -4.2375e-01 -3.5350e-01 -4.1642e-01 -4.1642e-01 3.2443e-01 -4.1642e-01 -4.1642e-01 -4.1642e-01 -4.1642e-01 -4.1642e-01 -4.1642e-01 4.2159e-01 -4.1676e-01 -4.1243e-01 -4.1459e-01 4.2159e-01 4.2159e-01 -3.5125e-01 -4.1459e-01 -4.1459e-01 4.2159e-01 4.2159e-01 2.1188e-01 -4.1642e-01 4.2159e-01 4.1459e-01 3.5067e-01 4.1642e-01 4.1459e-01 4.1642e-01 4.1243e-01 4.1243e-01 4.1697e-01 4.0994e-01 3.5003e-01 -1.8256e-01 1.6728e-02 -2.8448e-02
-1.0287e-01 2.0602e-01 2.0602e-01 2.8096e-01 9.0816e-01 9.0816e-01 2.7983e-01 2.6812e-01 2.6812e-01 2.7983e-01 2.7816e-01 2.6875e-01 2.6938e-01 2.7001e-01 2.7983e-01 -2.7192e-01 -3.2105e-01 -3.1977e-01 -3.1977e-01 -3.1977e-01 -2.7649e-01 1.0000e+00 -3.0665e-01 -3.0665e-01 -2.6207e-01 -3.0665e-01 -3.6437e-01 3.6842e-01 3.6517e-01 3.6842e-01 -2.1431e-01 -2.1114e-01 -2.1167e-01 -2.1167e-01 -2.1206e-01 2.1485e-01 2.4857e-01 2.5101e-01 -2.5101e-01 -2.5346e-01 -2.5101e-01 -2.5101e-01 2.2161e-01 2.1668e-01 -2.2161e-01 -2.1597e-01 -2.1653e-01 -2.1597e-01 2.2161e-01 -2.1653e-01 -2.1653e-01 2.2161e-01 2.4315e-01 2.4315e-01 2.4315e-01 -2.4076e-01 -2.1822e-01 2.4076e-01 2.4255e-01 2.3957e-01 2.3895e-01 2.4195e-01 2.4195e-01 -1.4584e-01 2.4195e-01 2.4195e-01 2.4195e-01 2.4195e-01 2.4195e-01 2.4195e-01 -2.3898e-01 2.4315e-01 2.4195e-01 2.4255e-01 -2.3898e-01 -2.3898e-01 2.3830e-01 2.4255e-01 2.4255e-01 -2.3898e-01 -2.3898e-01 -9.8862e-02 2.4195e-01 -2.3898e-01 -2.4255e-01 -2.1765e-01 -2.4195e-01 -2.4255e-01 -2.4195e-01 -2.4195e-01 -2.4195e-01 -2.3662e-01 -2.4017e-01 -2.1429e-01 6.6106e-01 3.8054e-02 4.5368e-02
1.1445e-01 -6.4587e-01 -6.4587e-01 -8.9248e-01 -2.8046e-01 -2.8046e-01 -8.4366e-01 -9.2822e-01 -9.2822e-01 -8.4366e-01 -8.3843e-01 -9.3019e-01 -9.3217e-01 -9.3415e-01 -8.4366e-01 9.4412e-01 9.7605e-01 9.8006e-01 9.8006e-01 9.8006e-01 8.5722e-01 -3.0665e-01 1.0000e+00 1.0000e+00 8.6122e-01 1.0000e+00 8.0583e-01 -8.0113e-01 -7.9174e-01 -8.0113e-01 3.7617e-01 3.6562e-01 3.6738e-01 3.6738e-01 3.8774e-01 -3.7670e-01 -4.6329e-01 -4.6685e-01 4.5489e-01 4.5848e-01 4.5091e-01 4.5091e-01 -3.3445e-01 -3.2578e-01 3.3445e-01 3.3627e-01 3.3808e-01 3.3627e-01 -3.3445e-01 3.3808e-01 3.3808e-01 -3.3445e-01 -3.9464e-01 -3.9464e-01 -3.9464e-01 4.0312e-01 3.3953e-01 -4.0312e-01 -3.9676e-01 -4.0339e-01 -4.4026e-01 -3.9489e-01 -3.9489e-01 3.3874e-01 -3.9489e-01 -3.9489e-01 -3.9489e-01 -3.9489e-01 -3.9489e-01 -3.9489e-01 4.0153e-01 -3.9464e-01 -3.9091e-01 -3.9277e-01 4.0153e-01 4.0153e-01 -4.3830e-01 -3.9277e-01 -3.9277e-01 4.0153e-01 4.0153e-01 1.8177e-01 -3.9489e-01 4.0153e-01 3.9277e-01 3.4171e-01 3.9489e-01 3.9277e-01 3.9489e-01 3.9091e-01 3.9091e-01 3.9412e-01 3.8533e-01 3.3084e-01 -2.1182e-01 1.5816e-02 -3.2372e-02
1.1445e-01 -6.4587e-01 -6.4587e-01 -8.9248e-01 -2.8046e-01 -2.8046e-01 -8.4366e-01 -9.2822e-01 -9.2822e-01 -8.4366e-01 -8.3843e-01 -9.3019e-01 -9.3217e-01 -9.3415e-01 -8.4366e-01 9.4412e-01 9.7605e-01 9.8006e-01 9.8006e-01 9.8006e-01 8.5722e-01 -3.0665e-01 1.0000e+00 1.0000e+00 8.6122e-01 1.0000e+00 8.0583e-01 -8.0113e-01 -7.9174e-01 -8.0113e-01 3.7617e-01 3.6562e-01 3.6738e-01 3.6738e-01 3.8774e-01 -3.7670e-01 -4.6329e-01 -4.6685e-01 4.5489e-01 4.5848e-01 4.5091e-01 4.5091e-01 -3.3445e-01 -3.2578e-01 3.3445e-01 3.3627e-01 3.3808e-01 3.3627e-01 -3.3445e-01 3.3808e-01 3.3808e-01 -3.3445e-01 -3.9464e-01 -3.9464e-01 -3.9464e-01 4.0312e-01 3.3953e-01 -4.0312e-01 -3.9676e-01 -4.0339e-01 -4.4026e-01 -3.9489e-01 -3.9489e-01 3.3874e-01 -3.9489e-01 -3.9489e-01 -3.9489e-01 -3.9489e-01 -3.9489e-01 -3.9489e-01 4.0153e-01 -3.9464e-01 -3.9091e-01 -3.9277e-01 4.0153e-01 4.0153e-01 -4.3830e-01 -3.9277e-01 -3.9277e-01 4.0153e-01 4.0153e-01 1.8177e-01 -3.9489e-01 4.0153e-01 3.9277e-01 3.4171e-01 3.9489e-01 3.9277e-01 3.9489e-01 3.9091e-01 3.9091e-01 3.9412e-01 3.8533e-01 3.3084e-01 -2.1182e-01 1.5816e-02 -3.2372e-02
9.4595e-02 -5.7608e-01 -5.7608e-01 -7.7797e-01 -2.5101e-01 -2.5101e-01 -9.4003e-01 -8.0816e-01 -8.0816e-01 -9.4003e-01 -9.3394e-01 -8.1842e-01 -8.1668e-01 -8.1496e-01 -9.4003e-01 8.2179e-01 8.4122e-01 8.4467e-01 8.4467e-01 8.4467e-01 9.8798e-01 -2.6207e-01 8.6122e-01 8.6122e-01 1.0000e+00 8.6122e-01 7.0698e-01 -7.0355e-01 -7.0959e-01 -7.0355e-01 4.2823e-01 4.4444e-01 4.4240e-01 4.4240e-01 4.6209e-01 -4.4041e-01 -5.3613e-01 -5.2892e-01 5.2892e-01 5.2174e-01 5.2492e-01 5.2492e-01 -3.3747e-01 -3.2997e-01 3.3747e-01 3.4834e-01 3.5045e-01 3.4834e-01 -3.3747e-01 3.5045e-01 3.5045e-01 -3.3747e-01 -4.0878e-01 -4.0878e-01 -4.0878e-01 4.1609e-01 3.4077e-01 -4.1609e-01 -4.1060e-01 -4.1576e-01 -3.4548e-01 -4.0844e-01 -4.0844e-01 3.2443e-01 -4.0844e-01 -4.0844e-01 -4.0844e-01 -4.0844e-01 -4.0844e-01 -4.0844e-01 4.1361e-01 -4.0878e-01 -4.0445e-01 -4.0661e-01 4.1361e-01 4.1361e-01 -3.4323e-01 -4.0661e-01 -4.0661e-01 4.1361e-01 4.1361e-01 2.1188e-01 -4.0844e-01 4.1361e-01 4.0661e-01 3.4266e-01 4.0844e-01 4.0661e-01 4.0844e-01 4.0445e-01 4.0445e-01 4.0899e-01 4.0195e-01 3.4201e-01 -1.8256e-01 7.9496e-03 -3.6875e-02
1.1445e-01 -6.4587e-01 -6.4587e-01 -8.9248e-01 -2.8046e-01 -2.8046e-01 -8.4366e-01 -9.2822e-01 -9.2822e-01 -8.4366e-01 -8.3843e-01 -9.3019e-01 -9.3217e-01 -9.3415e-01 -8.4366e-01 9.4412e-01 9.7605e-01 9.8006e-01 9.8006e-01 9.8006e-01 8.5722e-01 -3.0665e-01 1.0000e+00 1.0000e+00 8.6122e-01 1.0000e+00 8.0583e-01 -8.0113e-01 -7.9174e-01 -8.0113e-01 3.7617e-01 3.6562e-01 3.6738e-01 3.6738e-01 3.8774e-01 -3.7670e-01 -4.6329e-01 -4.6685e-01 4.5489e-01 4.5848e-01 4.5091e-01 4.5091e-01 -3.3445e-01 -3.2578e-01 3.3445e-01 3.3627e-01 3.3808e-01 3.3627e-01 -3.3445e-01 3.3808e-01 3.3808e-01 -3.3445e-01 -3.9464e-01 -3.9464e-01 -3.9464e-01 4.0312e-01 3.3953e-01 -4.0312e-01 -3.9676e-01 -4.0339e-01 -4.4026e-01 -3.9489e-01 -3.9489e-01 3.3874e-01 -3.9489e-01 -3.9489e-01 -3.9489e-01 -3.9489e-01 -3.9489e-01 -3.9489e-01 4.0153e-01 -3.9464e-01 -3.9091e-01 -3.9277e-01 4.0153e-01 4.0153e-01 -4.3830e-01 -3.9277e-01 -3.9277e-01 4.0153e-01 4.0153e-01 1.8177e-01 -3.9489e-01 4.0153e-01 3.9277e-01 3.4171e-01 3.9489e-01 3.9277e-01 3.9489e-01 3.9091e-01 3.9091e-01 3.9412e-01 3.8533e-01 3.3084e-01 -2.1182e-01 1.5816e-02 -3.2372e-02
3.1111e-02 -5.1227e-01 -5.1227e-01 -7.0516e-01 -3.2912e-01 -3.2912e-01 -6.7864e-01 -7.4178e-01 -7.4178e-01 -6.7864e-01 -6.7429e-01 -7.4341e-01 -7.4505e-01 -7.4669e-01 -6.7864e-01 7.5575e-01 7.9762e-01 7.9432e-01 7.9432e-01 7.9432e-01 7.0287e-01 -3.6437e-01 8.0583e-01 8.0583e-01 7.0698e-01 8.0583e-01 1.0000e+00 -9.8947e-01 -9.8098e-01 -9.8947e-01 6.0722e-01 5.9915e-01 5.9631e-01 5.9631e-01 5.7446e-01 -5.5693e-01 -6.2366e-01 -6.2585e-01 6.1766e-01 6.1989e-01 6.1356e-01 6.1356e-01 -5.1686e-01 -5.0635e-01 5.1686e-01 5.1864e-01 5.2010e-01 5.1864e-01 -5.1686e-01 5.2010e-01 5.2010e-01 -5.1686e-01 -5.7274e-01 -5.7274e-01 -5.7274e-01 5.7477e-01 5.1626e-01 -5.7477e-01 -5.7120e-01 -5.7579e-01 -6.0560e-01 -5.6965e-01 -5.6965e-01 3.3448e-01 -5.6965e-01 -5.6965e-01 -5.6965e-01 -5.6965e-01 -5.6965e-01 -5.6965e-01 5.7426e-01 -5.6864e-01 -5.6555e-01 -5.6710e-01 5.7426e-01 5.7426e-01 -6.0392e-01 -5.6710e-01 -5.6710e-01 5.7426e-01 5.7426e-01 1.9545e-01 -5.6965e-01 5.7426e-01 5.6710e-01 5.1891e-01 5.6965e-01 5.6710e-01 5.6965e-01 5.6555e-01 5.6555e-01 5.5995e-01 5.4864e-01 5.0191e-01 -2.6530e-01 -1.9560e-02 -6.2963e-02
-3.4773e-02 5.0753e-01 5.0753e-01 6.9986e-01 3.3305e-01 3.3305e-01 6.7502e-01 7.3700e-01 7.3700e-01 6.7502e-01 6.7071e-01 7.3862e-01 7.4024e-01 7.4187e-01 6.7502e-01 -7.5088e-01 -7.9290e-01 -7.8963e-01 -7.8963e-01 -7.8963e-01 -6.9943e-01 3.6842e-01 -8.0113e-01 -8.0113e-01 -7.0355e-01 -8.0113e-01 -9.8947e-01 1.0000e+00 9.9156e-01 1.0000e+00 -6.0028e-01 -5.9229e-01 -5.8943e-01 -5.8943e-01 -5.6678e-01 5.6976e-01 6.3542e-01 6.3755e-01 -6.2933e-01 -6.3149e-01 -6.2522e-01 -6.2522e-01 5.2932e-01 5.1869e-01 -5.2932e-01 -5.3133e-01 -5.3277e-01 -5.3133e-01 5.2932e-01 -5.3277e-01 -5.3277e-01 5.2932e-01 5.8456e-01 5.8456e-01 5.8456e-01 -5.8667e-01 -5.2885e-01 5.8667e-01 5.8303e-01 5.8774e-01 6.1651e-01 5.8150e-01 5.8150e-01 -3.2902e-01 5.8150e-01 5.8150e-01 5.8150e-01 5.8150e-01 5.8150e-01 5.8150e-01 -5.8623e-01 5.8045e-01 5.7739e-01 5.7892e-01 -5.8623e-01 -5.8623e-01 6.1484e-01 5.7892e-01 5.7892e-01 -5.8623e-01 -5.8623e-01 -1.9222e-01 5.8150e-01 -5.8623e-01 -5.7892e-01 -5.3153e-01 -5.8150e-01 -5.7892e-01 -5.8150e-01 -5.7739e-01 -5.7739e-01 -5.7196e-01 -5.6049e-01 -5.1463e-01 2.6861e-01 1.3045e-02 5.7040e-02
-3.1841e-02 5.0640e-01 5.0640e-01 6.9916e-01 3.2990e-01 3.2990e-01 6.7298e-01 7.3589e-01 7.3589e-01 6.7298e-01 6.6863e-01 7.3752e-01 7.3916e-01 7.4079e-01 6.7298e-01 -7.4984e-01 -7.8352e-01 -7.8023e-01 -7.8023e-01 -7.8023e-01 -7.0547e-01 3.6517e-01 -7.9174e-01 -7.9174e-01 -7.0959e-01 -7.9174e-01 -9.8098e-01 9.9156e-01 1.0000e+00 9.9156e-01 -5.8915e-01 -5.8105e-01 -5.7822e-01 -5.7822e-01 -5.5642e-01 5.5949e-01 6.2600e-01 6.2818e-01 -6.1998e-01 -6.2220e-01 -6.1588e-01 -6.1588e-01 5.2757e-01 5.1703e-01 -5.2757e-01 -5.2941e-01 -5.3087e-01 -5.2941e-01 5.2757e-01 -5.3087e-01 -5.3087e-01 5.2757e-01 5.8330e-01 5.8330e-01 5.8330e-01 -5.8534e-01 -5.2700e-01 5.8534e-01 5.8175e-01 5.8638e-01 6.1601e-01 5.8021e-01 5.8021e-01 -3.2879e-01 5.8021e-01 5.8021e-01 5.8021e-01 5.8021e-01 5.8021e-01 5.8021e-01 -5.8485e-01 5.7920e-01 5.7611e-01 5.7765e-01 -5.8485e-01 -5.8485e-01 6.1434e-01 5.7765e-01 5.7765e-01 -5.8485e-01 -5.8485e-01 -1.8843e-01 5.8021e-01 -5.8485e-01 -5.7765e-01 -5.2966e-01 -5.8021e-01 -5.7765e-01 -5.8021e-01 -5.7611e-01 -5.7611e-01 -5.7055e-01 -5.5920e-01 -5.1269e-01 2.6596e-01 1.1045e-02 5.4854e-02
-3.4773e-02 5.0753e-01 5.0753e-01 6.9986e-01 3.3305e-01 3.3305e-01 6.7502e-01 7.3700e-01 7.3700e-01 6.7502e-01 6.7071e-01 7.3862e-01 7.4024e-01 7.4187e-01 6.7502e-01 -7.5088e-01 -7.9290e-01 -7.8963e-01 -7.8963e-01 -7.8963e-01 -6.9943e-01 3.6842e-01 -8.0113e-01 -8.0113e-01 -7.0355e-01 -8.0113e-01 -9.8947e-01 1.0000e+00 9.9156e-01 1.0000e+00 -6.0028e-01 -5.9229e-01 -5.8943e-01 -5.8943e-01 -5.6678e-01 5.6976e-01 6.3542e-01 6.3755e-01 -6.2933e-01 -6.3149e-01 -6.2522e-01 -6.2522e-01 5.2932e-01 5.1869e-01 -5.2932e-01 -5.3133e-01 -5.3277e-01 -5.3133e-01 5.2932e-01 -5.3277e-01 -5.3277e-01 5.2932e-01 5.8456e-01 5.8456e-01 5.8456e-01 -5.8667e-01 -5.2885e-01 5.8667e-01 5.8303e-01 5.8774e-01 6.1651e-01 5.8150e-01 5.8150e-01 -3.2902e-01 5.8150e-01 5.8150e-01 5.8150e-01 5.8150e-01 5.8150e-01 5.8150e-01 -5.8623e-01 5.8045e-01 5.7739e-01 5.7892e-01 -5.8623e-01 -5.8623e-01 6.1484e-01 5.7892e-01 5.7892e-01 -5.8623e-01 -5.8623e-01 -1.9222e-01 5.8150e-01 -5.8623e-01 -5.7892e-01 -5.3153e-01 -5.8150e-01 -5.7892e-01 -5.8150e-01 -5.7739e-01 -5.7739e-01 -5.7196e-01 -5.6049e-01 -5.1463e-01 2.6861e-01 1.3045e-02 5.7040e-02
-2.9070e-02 -1.3806e-01 -1.3806e-01 -3.2618e-01 -1.9586e-01 -1.9586e-01 -4.2192e-01 -3.3807e-01 -3.3807e-01 -4.2192e-01 -4.1492e-01 -3.4050e-01 -3.4293e-01 -3.4537e-01 -4.2192e-01 3.5269e-01 3.8428e-01 3.7939e-01 3.7939e-01 3.7939e-01 4.3635e-01 -2.1431e-01 3.7617e-01 3.7617e-01 4.2823e-01 3.7617e-01 6.0722e-01 -6.0028e-01 -5.8915e-01 -6.0028e-01 1.0000e+00 9.8358e-01 9.8151e-01 9.8151e-01 5.6723e-01 -5.5425e-01 -5.6077e-01 -5.6637e-01 5.5424e-01 5.5988e-01 5.5424e-01 5.5424e-01 -6.5081e-01 -6.4380e-01 6.5081e-01 6.5636e-01 6.5458e-01 6.5636e-01 -6.5081e-01 6.5458e-01 6.5458e-01 -6.5081e-01 -6.7670e-01 -6.7670e-01 -6.7670e-01 6.7931e-01 6.5736e-01 -6.7931e-01 -6.7431e-01 -6.8265e-01 -6.0745e-01 -6.7193e-01 -6.7193e-01 5.3343e-01 -6.7193e-01 -6.7193e-01 -6.7193e-01 -6.7193e-01 -6.7193e-01 -6.7193e-01 6.8028e-01 -6.7265e-01 -6.6788e-01 -6.7027e-01 6.8028e-01 6.8028e-01 -6.0493e-01 -6.7027e-01 -6.7027e-01 6.8028e-01 6.8028e-01 3.6319e-01 -6.7193e-01 6.8028e-01 6.7027e-01 6.5507e-01 6.7193e-01 6.7027e-01 6.7193e-01 6.6788e-01 6.6788e-01 6.6678e-01 6.5266e-01 6.4548e-01 -1.6879e-01 -3.9762e-02 -5.5613e-02
-3.3377e-02 -1.3828e-01 -1.3828e-01 -3.1994e-01 -2.0010e-01 -2.0010e-01 -4.3825e-01 -3.3139e-01 -3.3139e-01 -4.3825e-01 -4.3116e-01 -3.4197e-01 -3.3632e-01 -3.3878e-01 -4.3825e-01 3.4619e-01 3.7374e-01 3.6880e-01 3.6880e-01 3.6880e-01 4.4444e-01 -2.1114e-01 3.6562e-01 3.6562e-01 4.4444e-01 3.6562e-01 5.9915e-01 -5.9229e-01 -5.8105e-01 -5.9229e-01 9.8358e-01 1.0000e+00 9.9794e-01 9.9794e-01 5.7943e-01 -5.6653e-01 -5.5414e-01 -5.5985e-01 5.4769e-01 5.5344e-01 5.4769e-01 5.4769e-01 -6.4326e-01 -6.3633e-01 6.4326e-01 6.4856e-01 6.4680e-01 6.4856e-01 -6.4326e-01 6.4680e-01 6.4680e-01 -6.4326e-01 -6.7012e-01 -6.7012e-01 -6.7012e-01 6.7264e-01 6.4966e-01 -6.7264e-01 -6.6771e-01 -6.7594e-01 -6.0191e-01 -6.6530e-01 -6.6530e-01 5.4218e-01 -6.6530e-01 -6.6530e-01 -6.6530e-01 -6.6530e-01 -6.6530e-01 -6.6530e-01 6.7354e-01 -6.6607e-01 -6.6124e-01 -6.6365e-01 6.7354e-01 6.7354e-01 -5.9936e-01 -6.6365e-01 -6.6365e-01 6.7354e-01 6.7354e-01 3.6847e-01 -6.6530e-01 6.7354e-01 6.6365e-01 6.4735e-01 6.6530e-01 6.6365e-01 6.6530e-01 6.6124e-01 6.6124e-01 6.5991e-01 6.4591e-01 6.3757e-01 -1.6610e-01 -5.4762e-02 -6.9797e-02
-3.2657e-02 -1.3622e-01 -1.3622e-01 -3.2166e-01 -2.0062e-01 -2.0062e-01 -4.4026e-01 -3.3318e-01 -3.3318e-01 -4.4026e-01 -4.3319e-01 -3.4375e-01 -3.3810e-01 -3.4056e-01 -4.4026e-01 3.4795e-01 3.7550e-01 3.7057e-01 3.7057e-01 3.7057e-01 4.4240e-01 -2.1167e-01 3.6738e-01 3.6738e-01 4.4240e-01 3.6738e-01 5.9631e-01 -5.8943e-01 -5.7822e-01 -5.8943e-01 9.8151e-01 9.9794e-01 1.0000e+00 1.0000e+00 5.8146e-01 -5.6855e-01 -5.5591e-01 -5.6161e-01 5.4945e-01 5.5518e-01 5.4945e-01 5.4945e-01 -6.4519e-01 -6.3825e-01 6.4519e-01 6.5054e-01 6.4877e-01 6.5054e-01 -6.4519e-01 6.4877e-01 6.4877e-01 -6.4519e-01 -6.7189e-01 -6.7189e-01 -6.7189e-01 6.7442e-01 6.5162e-01 -6.7442e-01 -6.6948e-01 -6.7773e-01 -6.0351e-01 -6.6707e-01 -6.6707e-01 5.4525e-01 -6.6707e-01 -6.6707e-01 -6.6707e-01 -6.6707e-01 -6.6707e-01 -6.6707e-01 6.7534e-01 -6.6784e-01 -6.6302e-01 -6.6543e-01 6.7534e-01 6.7534e-01 -6.0096e-01 -6.6543e-01 -6.6543e-01 6.7534e-01 6.7534e-01 3.7388e-01 -6.6707e-01 6.7534e-01 6.6543e-01 6.4931e-01 6.6707e-01 6.6543e-01 6.6707e-01 6.6302e-01 6.6302e-01 6.6173e-01 6.4771e-01 6.3957e-01 -1.6655e-01 -4.6315e-02 -6.1724e-02
-3.2657e-02 -1.3622e-01 -1.3622e-01 -3.2166e-01 -2.0062e-01 -2.0062e-01 -4.4026e-01 -3.3318e-01 -3.3318e-01 -4.4026e-01 -4.3319e-01 -3.4375e-01 -3.3810e-01 -3.4056e-01 -4.4026e-01 3.4795e-01 3.7550e-01 3.7057e-01 3.7057e-01 3.7057e-01 4.4240e-01 -2.1167e-01 3.6738e-01 3.6738e-01 4.4240e-01 3.6738e-01 5.9631e-01 -5.8943e-01 -5.7822e-01 -5.8943e-01 9.8151e-01 9.9794e-01 1.0000e+00 1.0000e+00 5.8146e-01 -5.6855e-01 -5.5591e-01 -5.6161e-01 5.4945e-01 5.5518e-01 5.4945e-01 5.4945e-01 -6.4519e-01 -6.3825e-01 6.4519e-01 6.5054e-01 6.4877e-01 6.5054e-01 -6.4519e-01 6.4877e-01 6.4877e-01 -6.4519e-01 -6.7189e-01 -6.7189e-01 -6.7189e-01 6.7442e-01 6.5162e-01 -6.7442e-01 -6.6948e-01 -6.7773e-01 -6.0351e-01 -6.6707e-01 -6.6707e-01 5.4525e-01 -6.6707e-01 -6.6707e-01 -6.6707e-01 -6.6707e-01 -6.6707e-01 -6.6707e-01 6.7534e-01 -6.6784e-01 -6.6302e-01 -6.6543e-01 6.7534e-01 6.7534e-01 -6.0096e-01 -6.6543e-01 -6.6543e-01 6.7534e-01 6.7534e-01 3.7388e-01 -6.6707e-01 6.7534e-01 6.6543e-01 6.4931e-01 6.6707e-01 6.6543e-01 6.6707e-01 6.6302e-01 6.6302e-01 6.6173e-01 6.4771e-01 6.3957e-01 -1.6655e-01 -4.6315e-02 -6.1724e-02
-2.2962e-02 -2.8119e-01 -2.8119e-01 -3.5209e-01 -2.0790e-01 -2.0790e-01 -4.5897e-01 -3.6663e-01 -3.6663e-01 -4.5897e-01 -4.5249e-01 -3.7291e-01 -3.7518e-01 -3.7344e-01 -4.5897e-01 3.6823e-01 3.9175e-01 3.8720e-01 3.8720e-01 3.8720e-01 4.5807e-01 -2.1206e-01 3.8774e-01 3.8774e-01 4.6209e-01 3.8774e-01 5.7446e-01 -5.6678e-01 -5.5642e-01 -5.6678e-01 5.6723e-01 5.7943e-01 5.8146e-01 5.8146e-01 1.0000e+00 -9.6989e-01 -8.3385e-01 -8.2686e-01 8.2686e-01 8.1991e-01 8.2686e-01 8.2686e-01 -6.0128e-01 -5.9380e-01 6.0128e-01 6.2020e-01 6.1829e-01 6.2020e-01 -6.0128e-01 6.1829e-01 6.1829e-01 -6.0128e-01 -5.5370e-01 -5.5370e-01 -5.5370e-01 5.5685e-01 6.0857e-01 -5.5685e-01 -5.5148e-01 -5.6043e-01 -4.6122e-01 -5.4927e-01 -5.4927e-01 5.4602e-01 -5.4927e-01 -5.4927e-01 -5.4927e-01 -5.4927e-01 -5.4927e-01 -5.4927e-01 5.5823e-01 -5.4970e-01 -5.4527e-01 -5.4748e-01 5.5823e-01 5.5823e-01 -4.5890e-01 -5.4748e-01 -5.4748e-01 5.5823e-01 5.5823e-01 3.8278e-01 -5.4927e-01 5.5823e-01 5.4748e-01 6.0645e-01 5.4927e-01 5.4748e-01 5.4927e-01 5.4527e-01 5.4527e-01 5.4142e-01 5.2663e-01 5.8169e-01 -2.1881e-01 -5.6656e-02 -8.1601e-02
