1.0000e+00 8.3254e-01 9.6023e-01 7.4088e-01 7.4623e-01 7.4623e-01 6.1208e-02 6.2783e-02 6.2783e-02 -6.3987e-02 -6.2599e-02 5.4077e-02 -6.4172e-02 6.4172e-02 1.0490e-01 8.5781e-02 -1.5105e-02 1.7334e-02 6.4031e-02 -3.1450e-02 4.2169e-02 8.9213e-02 -2.5050e-02 7.8537e-02 5.5493e-02 2.2960e-01 5.5493e-02 5.5493e-02 1.5090e-01 5.2210e-02 6.3369e-02 1.1210e-01 2.2931e-01 2.3637e-01 2.3865e-01 5.0431e-02 -1.3250e-02 1.1424e-02 9.9291e-03 3.3503e-02 9.6611e-02 -2.9278e-02 -9.9341e-03 5.4495e-03 6.9512e-03 -8.4374e-03 -6.0134e-04 -6.7414e-02
8.3254e-01 1.0000e+00 8.6925e-01 8.8755e-01 6.6564e-01 6.6564e-01 3.6222e-02 3.8037e-02 3.8037e-02 -3.7689e-02 -3.6956e-02 4.4073e-02 -3.8768e-02 3.8768e-02 6.0884e-02 8.0773e-02 1.8670e-02 3.8957e-02 7.1551e-02 -6.9907e-03 -1.8318e-02 4.7835e-02 2.7626e-03 4.3695e-02 2.1800e-02 1.9857e-01 2.1800e-02 2.1800e-02 1.3177e-01 1.8956e-02 5.6767e-02 1.1068e-01 2.0066e-01 2.0608e-01 2.0860e-01 1.6940e-02 -5.5949e-02 -2.2306e-02 -2.4085e-02 9.9999e-02 7.6321e-02 3.7420e-02 5.7593e-02 -6.1763e-02 -5.4571e-02 5.8161e-02 -6.2625e-02 -4.6292e-02
9.6023e-01 8.6925e-01 1.0000e+00 7.7987e-01 7.8089e-01 7.8089e-01 7.2125e-02 7.3737e-02 7.3737e-02 -7.4707e-02 -7.3417e-02 7.1287e-02 -7.5027e-02 7.5027e-02 1.2362e-01 1.0392e-01 -2.4723e-02 7.1972e-03 8.2725e-02 -4.1183e-02 5.6705e-02 1.0745e-01 -2.9662e-02 7.3109e-02 4.6211e-02 2.4134e-01 4.6211e-02 4.6211e-02 1.4575e-01 4.2972e-02 8.3836e-02 1.3305e-01 2.4153e-01 2.4827e-01 2.5061e-01 4.1178e-02 -8.8891e-03 7.6258e-04 -7.6762e-04 4.0764e-02 9.4220e-02 -3.2095e-02 -1.2327e-02 8.2693e-03 1.4335e-02 -1.1307e-02 6.4075e-03 -7.1819e-02
7.4088e-01 8.8755e-01 7.7987e-01 1.0000e+00 7.6952e-01 7.6952e-01 5.5941e-02 5.7654e-02 5.7654e-02 -5.7943e-02 -5.6943e-02 7.3295e-02 -5.8653e-02 5.8653e-02 8.6741e-02 1.0827e-01 -9.1005e-03 1.2473e-02 9.8056e-02 -3.4532e-02 7.6134e-03 7.9276e-02 -7.1739e-02 -5.7445e-02 -7.4825e-02 2.1384e-01 -7.4825e-02 -7.4825e-02 1.2549e-01 -7.8029e-02 8.1589e-02 1.4679e-01 2.0965e-01 2.2102e-01 2.1819e-01 -7.9758e-02 2.2401e-02 6.5557e-02 6.3964e-02 7.8454e-02 8.4906e-02 2.0669e-02 3.8611e-02 -4.4751e-02 -3.8076e-02 4.1408e-02 -4.4040e-02 -1.0529e-01
7.4623e-01 6.6564e-01 7.8089e-01 7.6952e-01 1.0000e+00 1.0000e+00 4.1296e-02 4.2753e-02 4.2753e-02 -5.4048e-02 -4.7682e-02 6.2203e-02 -4.4492e-02 4.4492e-02 1.1009e-01 9.2066e-02 -4.0114e-03 2.5834e-02 7.8687e-02 -2.0048e-02 3.4159e-02 1.1007e-01 -5.6605e-02 2.4170e-02 -1.8568e-03 1.9587e-01 -1.8568e-03 -1.8568e-03 5.4573e-02 -5.4709e-03 1.0129e-01 1.4945e-01 1.9940e-01 2.0207e-01 1.9865e-01 -7.0456e-03 5.6861e-02 8.1409e-02 8.0069e-02 5.0242e-02 -3.3048e-02 -2.0765e-02 -3.0317e-03 -3.1397e-03 2.4569e-03 3.3718e-04 -3.4038e-03 -7.5092e-02
7.4623e-01 6.6564e-01 7.8089e-01 7.6952e-01 1.0000e+00 1.0000e+00 4.1296e-02 4.2753e-02 4.2753e-02 -5.4048e-02 -4.7682e-02 6.2203e-02 -4.4492e-02 4.4492e-02 1.1009e-01 9.2066e-02 -4.0114e-03 2.5834e-02 7.8687e-02 -2.0048e-02 3.4159e-02 1.1007e-01 -5.6605e-02 2.4170e-02 -1.8568e-03 1.9587e-01 -1.8568e-03 -1.8568e-03 5.4573e-02 -5.4709e-03 1.0129e-01 1.4945e-01 1.9940e-01 2.0207e-01 1.9865e-01 -7.0456e-03 5.6861e-02 8.1409e-02 8.0069e-02 5.0242e-02 -3.3048e-02 -2.0765e-02 -3.0317e-03 -3.1397e-03 2.4569e-03 3.3718e-04 -3.4038e-03 -7.5092e-02
6.1208e-02 3.6222e-02 7.2125e-02 5.5941e-02 4.1296e-02 4.1296e-02 1.0000e+00 9.9769e-01 9.9769e-01 -9.8622e-01 -9.9078e-01 9.1958e-01 -9.9308e-01 9.9308e-01 8.5130e-01 8.7143e-01 -8.7286e-01 -8.3470e-01 8.2594e-01 -8.1067e-01 7.8527e-01 8.1308e-01 -1.7531e-01 -3.6002e-01 -3.2529e-01 4.4687e-01 -3.2529e-01 -3.2529e-01 2.8153e-01 -3.2420e-01 2.4403e-01 3.4744e-01 4.2672e-01 4.3281e-01 4.3540e-01 -3.2529e-01 1.5831e-01 2.1608e-01 2.1482e-01 -1.7386e-01 4.4275e-02 -9.6385e-02 -7.9153e-02 7.2734e-02 6.9118e-02 -6.6371e-02 5.8926e-02 -1.0379e-01
6.2783e-02 3.8037e-02 7.3737e-02 5.7654e-02 4.2753e-02 4.2753e-02 9.9769e-01 1.0000e+00 1.0000e+00 -9.8854e-01 -9.9310e-01 9.2172e-01 -9.9539e-01 9.9539e-01 8.5328e-01 8.7346e-01 -8.7518e-01 -8.3697e-01 8.2791e-01 -8.1293e-01 7.8747e-01 8.1505e-01 -1.7486e-01 -3.5907e-01 -3.2443e-01 4.4831e-01 -3.2443e-01 -3.2443e-01 2.8232e-01 -3.2333e-01 2.4463e-01 3.4829e-01 4.2811e-01 4.3423e-01 4.3681e-01 -3.2443e-01 1.5679e-01 2.1477e-01 2.1351e-01 -1.7294e-01 4.4549e-02 -9.9498e-02 -7.7756e-02 7.1291e-02 6.7659e-02 -6.4916e-02 5.7505e-02 -1.0327e-01
6.2783e-02 3.8037e-02 7.3737e-02 5.7654e-02 4.2753e-02 4.2753e-02 9.9769e-01 1.0000e+00 1.0000e+00 -9.8854e-01 -9.9310e-01 9.2172e-01 -9.9539e-01 9.9539e-01 8.5328e-01 8.7346e-01 -8.7518e-01 -8.3697e-01 8.2791e-01 -8.1293e-01 7.8747e-01 8.1505e-01 -1.7486e-01 -3.5907e-01 -3.2443e-01 4.4831e-01 -3.2443e-01 -3.2443e-01 2.8232e-01 -3.2333e-01 2.4463e-01 3.4829e-01 4.2811e-01 4.3423e-01 4.3681e-01 -3.2443e-01 1.5679e-01 2.1477e-01 2.1351e-01 -1.7294e-01 4.4549e-02 -9.9498e-02 -7.7756e-02 7.1291e-02 6.7659e-02 -6.4916e-02 5.7505e-02 -1.0327e-01
-6.3987e-02 -3.7689e-02 -7.4707e-02 -5.7943e-02 -5.4048e-02 -5.4048e-02 -9.8622e-01 -9.8854e-01 -9.8854e-01 1.0000e+00 9.9081e-01 -9.1588e-01 9.9312e-01 -9.9312e-01 -8.4839e-01 -8.6824e-01 8.8156e-01 8.3923e-01 -8.3286e-01 8.1522e-01 -7.9014e-01 -8.1988e-01 1.7714e-01 3.5397e-01 3.1849e-01 -4.4659e-01 3.1849e-01 3.1849e-01 -2.8726e-01 3.1737e-01 -2.4165e-01 -3.4405e-01 -4.2668e-01 -4.3265e-01 -4.3525e-01 3.1849e-01 -1.5554e-01 -2.1221e-01 -2.1093e-01 1.7215e-01 -4.3186e-02 9.7579e-02 7.5546e-02 -6.4855e-02 -6.1346e-02 5.8561e-02 -5.0851e-02 8.9717e-02
-6.2599e-02 -3.6956e-02 -7.3417e-02 -5.6943e-02 -4.7682e-02 -4.7682e-02 -9.9078e-01 -9.9310e-01 -9.9310e-01 9.9081e-01 1.0000e+00 -9.2010e-01 9.9770e-01 -9.9770e-01 -8.5230e-01 -8.7226e-01 8.7272e-01 8.3470e-01 -8.2694e-01 8.1519e-01 -7.8997e-01 -8.1892e-01 1.7623e-01 3.5207e-01 3.2188e-01 -4.5486e-01 3.2188e-01 3.2188e-01 -2.8885e-01 3.2077e-01 -2.4284e-01 -3.4574e-01 -4.3494e-01 -4.4091e-01 -4.4352e-01 3.2188e-01 -1.5692e-01 -2.1414e-01 -2.1287e-01 1.7568e-01 -4.3729e-02 9.9251e-02 7.7345e-02 -7.1062e-02 -6.7493e-02 6.4731e-02 -5.7174e-02 1.0484e-01
5.4077e-02 4.4073e-02 7.1287e-02 7.3295e-02 6.2203e-02 6.2203e-02 9.1958e-01 9.2172e-01 9.2172e-01 -9.1588e-01 -9.2010e-01 1.0000e+00 -9.2222e-01 9.2222e-01 9.1610e-01 9.3819e-01 -8.0612e-01 -7.6031e-01 8.8023e-01 -7.9674e-01 7.6868e-01 8.6761e-01 -1.6029e-01 -3.2906e-01 -2.9679e-01 4.9150e-01 -2.9679e-01 -2.9679e-01 3.0940e-01 -2.9577e-01 2.6521e-01 3.7761e-01 4.6981e-01 4.7660e-01 4.7915e-01 -2.9679e-01 1.8023e-01 2.4279e-01 2.4165e-01 -1.4324e-01 5.3740e-02 -8.0648e-02 -6.0358e-02 5.6788e-02 5.2494e-02 -4.9937e-02 4.3941e-02 -1.0304e-01
-6.4172e-02 -3.8768e-02 -7.5027e-02 -5.8653e-02 -4.4492e-02 -4.4492e-02 -9.9308e-01 -9.9539e-01 -9.9539e-01 9.9312e-01 9.9770e-01 -9.2222e-01 1.0000e+00 -1.0000e+00 -8.5427e-01 -8.7428e-01 8.7503e-01 8.3244e-01 -8.2890e-01 8.1293e-01 -7.8762e-01 -8.1600e-01 1.7577e-01 3.5604e-01 3.2101e-01 -4.5087e-01 3.2101e-01 3.2101e-01 -2.8964e-01 3.1991e-01 -2.4343e-01 -3.4658e-01 -4.3083e-01 -4.3686e-01 -4.3946e-01 3.2101e-01 -1.5540e-01 -2.1283e-01 -2.1156e-01 1.7477e-01 -4.4002e-02 9.7819e-02 7.5949e-02 -6.9620e-02 -6.6034e-02 6.3276e-02 -5.5754e-02 1.0432e-01
6.4172e-02 3.8768e-02 7.5027e-02 5.8653e-02 4.4492e-02 4.4492e-02 9.9308e-01 9.9539e-01 9.9539e-01 -9.9312e-01 -9.9770e-01 9.2222e-01 -1.0000e+00 1.0000e+00 8.5427e-01 8.7428e-01 -8.7503e-01 -8.3244e-01 8.2890e-01 -8.1293e-01 7.8762e-01 8.1600e-01 -1.7577e-01 -3.5604e-01 -3.2101e-01 4.5087e-01 -3.2101e-01 -3.2101e-01 2.8964e-01 -3.1991e-01 2.4343e-01 3.4658e-01 4.3083e-01 4.3686e-01 4.3946e-01 -3.2101e-01 1.5540e-01 2.1283e-01 2.1156e-01 -1.7477e-01 4.4002e-02 -9.7819e-02 -7.5949e-02 6.9620e-02 6.6034e-02 -6.3276e-02 5.5754e-02 -1.0432e-01
1.0490e-01 6.0884e-02 1.2362e-01 8.6741e-02 1.1009e-01 1.1009e-01 8.5130e-01 8.5328e-01 8.5328e-01 -8.4839e-01 -8.5230e-01 9.1610e-01 -8.5427e-01 8.5427e-01 1.0000e+00 9.7170e-01 -7.6086e-01 -7.0212e-01 9.0525e-01 -7.5016e-01 7.6772e-01 9.2439e-01 -1.6409e-01 -3.2196e-01 -2.9287e-01 5.1986e-01 -2.9287e-01 -2.9287e-01 3.4790e-01 -2.9195e-01 2.8739e-01 4.0922e-01 5.1988e-01 5.0396e-01 5.2989e-01 -2.9287e-01 2.3798e-01 2.6711e-01 2.6609e-01 -1.4311e-01 6.3268e-02 -1.4187e-01 -1.2393e-01 1.0814e-01 1.1269e-01 -1.1042e-01 1.0652e-01 -9.5818e-02
8.5781e-02 8.0773e-02 1.0392e-01 1.0827e-01 9.2066e-02 9.2066e-02 8.7143e-01 8.7346e-01 8.7346e-01 -8.6824e-01 -8.7226e-01 9.3819e-01 -8.7428e-01 8.7428e-01 9.7170e-01 1.0000e+00 -7.8426e-01 -7.2695e-01 9.3524e-01 -7.7408e-01 7.4421e-01 9.0196e-01 -1.6886e-01 -3.3201e-01 -3.0211e-01 5.0046e-01 -3.0211e-01 -3.0211e-01 3.3668e-01 -3.0117e-01 2.7888e-01 3.9709e-01 5.0076e-01 4.8490e-01 5.1051e-01 -3.0211e-01 2.0713e-01 2.7596e-01 2.7491e-01 -1.4779e-01 5.9654e-02 -1.0956e-01 -9.0626e-02 7.5989e-02 8.0777e-02 -7.8386e-02 7.3615e-02 -1.0160e-01
-1.5105e-02 1.8670e-02 -2.4723e-02 -9.1005e-03 -4.0114e-03 -4.0114e-03 -8.7286e-01 -8.7518e-01 -8.7518e-01 8.8156e-01 8.7272e-01 -8.0612e-01 8.7503e-01 -8.7503e-01 -7.6086e-01 -7.8426e-01 1.0000e+00 9.5176e-01 -7.7895e-01 9.3640e-01 -9.1432e-01 -7.6573e-01 2.0777e-01 4.1332e-01 3.7675e-01 -4.1397e-01 3.7675e-01 3.7675e-01 -2.7204e-01 3.7560e-01 -2.2384e-01 -3.1866e-01 -3.9541e-01 -4.0074e-01 -4.0341e-01 3.7675e-01 -1.0858e-01 -1.5609e-01 -1.5466e-01 1.7504e-01 -3.4831e-02 6.7358e-02 4.7691e-02 -3.0324e-02 -3.6404e-02 3.3369e-02 -5.0732e-02 1.1456e-01
1.7334e-02 3.8957e-02 7.1972e-03 1.2473e-02 2.5834e-02 2.5834e-02 -8.3470e-01 -8.3697e-01 -8.3697e-01 8.3923e-01 8.3470e-01 -7.6031e-01 8.3244e-01 -8.3244e-01 -7.0212e-01 -7.2695e-01 9.5176e-01 1.0000e+00 -7.8338e-01 9.0952e-01 -8.8230e-01 -7.2723e-01 2.0415e-01 3.9134e-01 3.5975e-01 -3.6597e-01 3.5975e-01 3.5975e-01 -2.2550e-01 3.5861e-01 -1.3251e-01 -2.7281e-01 -3.4630e-01 -3.5224e-01 -3.5477e-01 3.5975e-01 -8.7550e-02 -1.3629e-01 -1.3488e-01 1.6766e-01 -3.6865e-02 4.2508e-02 2.7490e-02 -1.4257e-02 -1.1385e-02 8.3657e-03 -2.6014e-02 1.1040e-01
6.4031e-02 7.1551e-02 8.2725e-02 9.8056e-02 7.8687e-02 7.8687e-02 8.2594e-01 8.2791e-01 8.2791e-01 -8.3286e-01 -8.2694e-01 8.8023e-01 -8.2890e-01 8.2890e-01 9.0525e-01 9.3524e-01 -7.7895e-01 -7.8338e-01 1.0000e+00 -7.9249e-01 7.5726e-01 9.1418e-01 -1.6582e-01 -3.3085e-01 -3.0172e-01 4.8956e-01 -3.0172e-01 -3.0172e-01 3.4375e-01 -3.0080e-01 1.8020e-01 3.4822e-01 4.8935e-01 4.7364e-01 4.9941e-01 -3.0172e-01 1.9190e-01 2.6237e-01 2.6134e-01 -1.4689e-01 6.1936e-02 -9.9210e-02 -8.5417e-02 5.5742e-02 6.0500e-02 -5.8124e-02 5.3521e-02 -8.0657e-02
-3.1450e-02 -6.9907e-03 -4.1183e-02 -3.4532e-02 -2.0048e-02 -2.0048e-02 -8.1067e-01 -8.1293e-01 -8.1293e-01 8.1522e-01 8.1519e-01 -7.9674e-01 8.1293e-01 -8.1293e-01 -7.5016e-01 -7.7408e-01 9.3640e-01 9.0952e-01 -7.9249e-01 1.0000e+00 -9.6031e-01 -8.0316e-01 2.0550e-01 3.9899e-01 3.7745e-01 -4.4170e-01 3.7745e-01 3.7745e-01 -2.5823e-01 3.7632e-01 -2.3842e-01 -3.4835e-01 -4.2326e-01 -4.2850e-01 -4.3120e-01 3.7745e-01 -8.7892e-02 -1.4040e-01 -1.3897e-01 1.6518e-01 -3.6098e-02 5.1302e-02 3.6213e-02 -9.7323e-03 -1.5807e-02 1.2774e-02 -3.9239e-02 1.2780e-01
4.2169e-02 -1.8318e-02 5.6705e-02 7.6134e-03 3.4159e-02 3.4159e-02 7.8527e-01 7.8747e-01 7.8747e-01 -7.9014e-01 -7.8997e-01 7.6868e-01 -7.8762e-01 7.8762e-01 7.6772e-01 7.4421e-01 -9.1432e-01 -8.8230e-01 7.5726e-01 -9.6031e-01 1.0000e+00 8.3581e-01 -2.0100e-01 -3.9922e-01 -3.7901e-01 4.6586e-01 -3.7901e-01 -3.7901e-01 2.9178e-01 -3.7792e-01 2.4394e-01 3.4759e-01 4.4721e-01 4.5252e-01 4.5523e-01 -3.7901e-01 1.1580e-01 1.2668e-01 1.2528e-01 -1.6648e-01 3.8673e-02 -9.0370e-02 -7.6382e-02 5.3279e-02 5.9088e-02 -5.6187e-02 8.3792e-02 -1.2269e-01
8.9213e-02 4.7835e-02 1.0745e-01 7.9276e-02 1.1007e-01 1.1007e-01 8.1308e-01 8.1505e-01 8.1505e-01 -8.1988e-01 -8.1892e-01 8.6761e-01 -8.1600e-01 8.1600e-01 9.2439e-01 9.0196e-01 -7.6573e-01 -7.2723e-01 9.1418e-01 -8.0316e-01 8.3581e-01 1.0000e+00 -1.6800e-01 -3.3019e-01 -3.1678e-01 5.7290e-01 -3.1678e-01 -3.1678e-01 3.4811e-01 -3.1587e-01 2.9331e-01 4.1797e-01 5.5080e-01 5.5769e-01 5.6031e-01 -3.1678e-01 2.2758e-01 2.5415e-01 2.5309e-01 -1.5160e-01 6.0300e-02 -1.4508e-01 -1.3158e-01 1.0193e-01 1.0661e-01 -1.0428e-01 9.9853e-02 -8.3390e-02
-2.5050e-02 2.7626e-03 -2.9662e-02 -7.1739e-02 -5.6605e-02 -5.6605e-02 -1.7531e-01 -1.7486e-01 -1.7486e-01 1.7714e-01 1.7623e-01 -1.6029e-01 1.7577e-01 -1.7577e-01 -1.6409e-01 -1.6886e-01 2.0777e-01 2.0415e-01 -1.6582e-01 2.0550e-01 -2.0100e-01 -1.6800e-01 1.0000e+00 4.5106e-01 4.9393e-01 -1.2914e-01 4.9393e-01 4.9393e-01 -7.2739e-02 4.9540e-01 -2.9882e-02 -5.7742e-02 -1.2590e-01 -1.2775e-01 -1.2729e-01 4.9393e-01 -1.6402e-01 -1.9666e-01 -1.9741e-01 2.0106e-01 -3.1186e-02 5.5768e-02 6.6168e-02 -6.6385e-02 -6.3792e-02 6.5086e-02 -7.2961e-02 2.9118e-01
7.8537e-02 4.3695e-02 7.3109e-02 -5.7445e-02 2.4170e-02 2.4170e-02 -3.6002e-01 -3.5907e-01 -3.5907e-01 3.5397e-01 3.5207e-01 -3.2906e-01 3.5604e-01 -3.5604e-01 -3.2196e-01 -3.3201e-01 4.1332e-01 3.9134e-01 -3.3085e-01 3.9899e-01 -3.9922e-01 -3.3019e-01 4.5106e-01 1.0000e+00 9.0510e-01 -8.8896e-02 9.0510e-01 9.0510e-01 -1.4973e-01 9.0246e-01 -1.0590e-01 -1.5101e-01 -7.9706e-02 -7.9164e-02 -8.3671e-02 8.7768e-01 -4.5907e-01 -5.2023e-01 -5.2188e-01 3.9164e-01 -4.3171e-02 2.3467e-01 2.5759e-01 -2.5002e-01 -2.5402e-01 2.5687e-01 -2.7425e-01 2.7341e-01
5.5493e-02 2.1800e-02 4.6211e-02 -7.4825e-02 -1.8568e-03 -1.8568e-03 -3.2529e-01 -3.2443e-01 -3.2443e-01 3.1849e-01 3.2188e-01 -2.9679e-01 3.2101e-01 -3.2101e-01 -2.9287e-01 -3.0211e-01 3.7675e-01 3.5975e-01 -3.0172e-01 3.7745e-01 -3.7901e-01 -3.1678e-01 4.9393e-01 9.0510e-01 1.0000e+00 -2.6160e-01 1.0000e+00 1.0000e+00 -1.3716e-01 9.9713e-01 -9.7010e-02 -1.3834e-01 -2.5574e-01 -2.5300e-01 -2.5826e-01 9.7128e-01 -5.1499e-01 -5.7263e-01 -5.7421e-01 4.3000e-01 -3.6797e-02 2.6943e-01 2.9626e-01 -2.9002e-01 -2.9476e-01 2.9746e-01 -3.1397e-01 3.0810e-01
2.2960e-01 1.9857e-01 2.4134e-01 2.1384e-01 1.9587e-01 1.9587e-01 4.4687e-01 4.4831e-01 4.4831e-01 -4.4659e-01 -4.5486e-01 4.9150e-01 -4.5087e-01 4.5087e-01 5.1986e-01 5.0046e-01 -4.1397e-01 -3.6597e-01 4.8956e-01 -4.4170e-01 4.6586e-01 5.7290e-01 -1.2914e-01 -8.8896e-02 -2.6160e-01 1.0000e+00 -2.6160e-01 -2.6160e-01 5.2431e-01 -2.6085e-01 3.7083e-01 5.1840e-01 9.7759e-01 9.8399e-01 9.8721e-01 -2.6160e-01 2.0575e-01 2.3955e-01 2.3870e-01 -1.0990e-01 2.0158e-01 -1.3780e-01 -1.3368e-01 1.3944e-01 1.4314e-01 -1.4129e-01 1.3554e-01 -1.1113e-01
5.5493e-02 2.1800e-02 4.6211e-02 -7.4825e-02 -1.8568e-03 -1.8568e-03 -3.2529e-01 -3.2443e-01 -3.2443e-01 3.1849e-01 3.2188e-01 -2.9679e-01 3.2101e-01 -3.2101e-01 -2.9287e-01 -3.0211e-01 3.7675e-01 3.5975e-01 -3.0172e-01 3.7745e-01 -3.7901e-01 -3.1678e-01 4.9393e-01 9.0510e-01 1.0000e+00 -2.6160e-01 1.0000e+00 1.0000e+00 -1.3716e-01 9.9713e-01 -9.7010e-02 -1.3834e-01 -2.5574e-01 -2.5300e-01 -2.5826e-01 9.7128e-01 -5.1499e-01 -5.7263e-01 -5.7421e-01 4.3000e-01 -3.6797e-02 2.6943e-01 2.9626e-01 -2.9002e-01 -2.9476e-01 2.9746e-01 -3.1397e-01 3.0810e-01
5.5493e-02 2.1800e-02 4.6211e-02 -7.4825e-02 -1.8568e-03 -1.8568e-03 -3.2529e-01 -3.2443e-01 -3.2443e-01 3.1849e-01 3.2188e-01 -2.9679e-01 3.2101e-01 -3.2101e-01 -2.9287e-01 -3.0211e-01 3.7675e-01 3.5975e-01 -3.0172e-01 3.7745e-01 -3.7901e-01 -3.1678e-01 4.9393e-01 9.0510e-01 1.0000e+00 -2.6160e-01 1.0000e+00 1.0000e+00 -1.3716e-01 9.9713e-01 -9.7010e-02 -1.3834e-01 -2.5574e-01 -2.5300e-01 -2.5826e-01 9.7128e-01 -5.1499e-01 -5.7263e-01 -5.7421e-01 4.3000e-01 -3.6797e-02 2.6943e-01 2.9626e-01 -2.9002e-01 -2.9476e-01 2.9746e-01 -3.1397e-01 3.0810e-01
1.5090e-01 1.3177e-01 1.4575e-01 1.2549e-01 5.4573e-02 5.4573e-02 2.8153e-01 2.8232e-01 2.8232e-01 -2.8726e-01 -2.8885e-01 3.0940e-01 -2.8964e-01 2.8964e-01 3.4790e-01 3.3668e-01 -2.7204e-01 -2.2550e-01 3.4375e-01 -2.5823e-01 2.9178e-01 3.4811e-01 -7.2739e-02 -1.4973e-01 -1.3716e-01 5.2431e-01 -1.3716e-01 -1.3716e-01 1.0000e+00 -1.3677e-01 -4.6452e-02 -6.6241e-02 5.3633e-01 5.2939e-01 5.3110e-01 -1.3716e-01 1.8944e-01 1.7025e-01 1.6984e-01 -1.0651e-01 3.9066e-01 -1.5519e-01 -1.4841e-01 1.5349e-01 1.5519e-01 -1.5434e-01 1.4926e-01 -4.1979e-02
5.2210e-02 1.8956e-02 4.2972e-02 -7.8029e-02 -5.4709e-03 -5.4709e-03 -3.2420e-01 -3.2333e-01 -3.2333e-01 3.1737e-01 3.2077e-01 -2.9577e-01 3.1991e-01 -3.1991e-01 -2.9195e-01 -3.0117e-01 3.7560e-01 3.5861e-01 -3.0080e-01 3.7632e-01 -3.7792e-01 -3.1587e-01 4.9540e-01 9.0246e-01 9.9713e-01 -2.6085e-01 9.9713e-01 9.9713e-01 -1.3677e-01 1.0000e+00 -9.6731e-02 -1.3794e-01 -2.5501e-01 -2.5835e-01 -2.5752e-01 9.7412e-01 -5.1272e-01 -5.7012e-01 -5.7169e-01 4.3187e-01 -3.6593e-02 2.7156e-01 2.9836e-01 -2.9216e-01 -2.9693e-01 2.9963e-01 -3.1612e-01 3.0928e-01
6.3369e-02 5.6767e-02 8.3836e-02 8.1589e-02 1.0129e-01 1.0129e-01 2.4403e-01 2.4463e-01 2.4463e-01 -2.4165e-01 -2.4284e-01 2.6521e-01 -2.4343e-01 2.4343e-01 2.8739e-01 2.7888e-01 -2.2384e-01 -1.3251e-01 1.8020e-01 -2.3842e-01 2.4394e-01 2.9331e-01 -2.9882e-02 -1.0590e-01 -9.7010e-02 3.7083e-01 -9.7010e-02 -9.7010e-02 -4.6452e-02 -9.6731e-02 1.0000e+00 7.0126e-01 3.7933e-01 3.1665e-01 3.7563e-01 -9.7010e-02 1.4003e-01 1.2664e-01 1.2636e-01 1.0906e-01 -1.9916e-02 5.1788e-02 5.8634e-02 -5.3477e-02 -5.1788e-02 5.2631e-02 -5.7765e-02 -5.1816e-02
1.1210e-01 1.1068e-01 1.3305e-01 1.4679e-01 1.4945e-01 1.4945e-01 3.4744e-01 3.4829e-01 3.4829e-01 -3.4405e-01 -3.4574e-01 3.7761e-01 -3.4658e-01 3.4658e-01 4.0922e-01 3.9709e-01 -3.1866e-01 -2.7281e-01 3.4822e-01 -3.4835e-01 3.4759e-01 4.1797e-01 -5.7742e-02 -1.5101e-01 -1.3834e-01 5.1840e-01 -1.3834e-01 -1.3834e-01 -6.6241e-02 -1.3794e-01 7.0126e-01 1.0000e+00 4.9874e-01 4.8162e-01 5.2517e-01 -1.3834e-01 1.9120e-01 1.7185e-01 1.7144e-01 1.5838e-02 -2.8400e-02 1.7035e-02 1.7268e-02 -1.9272e-02 -1.7035e-02 1.8151e-02 -2.4933e-02 -5.8364e-02
2.2931e-01 2.0066e-01 2.4153e-01 2.0965e-01 1.9940e-01 1.9940e-01 4.2672e-01 4.2811e-01 4.2811e-01 -4.2668e-01 -4.3494e-01 4.6981e-01 -4.3083e-01 4.3083e-01 5.1988e-01 5.0076e-01 -3.9541e-01 -3.4630e-01 4.8935e-01 -4.2326e-01 4.4721e-01 5.5080e-01 -1.2590e-01 -7.9706e-02 -2.5574e-01 9.7759e-01 -2.5574e-01 -2.5574e-01 5.3633e-01 -2.5501e-01 3.7933e-01 4.9874e-01 1.0000e+00 9.6099e-01 9.9026e-01 -2.5574e-01 2.1070e-01 2.4678e-01 2.4596e-01 -1.0899e-01 2.0641e-01 -1.4876e-01 -1.4530e-01 1.5060e-01 1.5418e-01 -1.5239e-01 1.4710e-01 -1.0759e-01
2.3637e-01 2.0608e-01 2.4827e-01 2.2102e-01 2.0207e-01 2.0207e-01 4.3281e-01 4.3423e-01 4.3423e-01 -4.3265e-01 -4.4091e-01 4.7660e-01 -4.3686e-01 4.3686e-01 5.0396e-01 4.8490e-01 -4.0074e-01 -3.5224e-01 4.7364e-01 -4.2850e-01 4.5252e-01 5.5769e-01 -1.2775e-01 -7.9164e-02 -2.5300e-01 9.8399e-01 -2.5300e-01 -2.5300e-01 5.2939e-01 -2.5835e-01 3.1665e-01 4.8162e-01 9.6099e-01 1.0000e+00 9.7087e-01 -2.5909e-01 1.9587e-01 2.3027e-01 2.2942e-01 -1.0678e-01 2.0362e-01 -1.3324e-01 -1.2928e-01 1.3494e-01 1.3861e-01 -1.3678e-01 1.3113e-01 -1.0962e-01
2.3865e-01 2.0860e-01 2.5061e-01 2.1819e-01 1.9865e-01 1.9865e-01 4.3540e-01 4.3681e-01 4.3681e-01 -4.3525e-01 -4.4352e-01 4.7915e-01 -4.3946e-01 4.3946e-01 5.2989e-01 5.1051e-01 -4.0341e-01 -3.5477e-01 4.9941e-01 -4.3120e-01 4.5523e-01 5.6031e-01 -1.2729e-01 -8.3671e-02 -2.5826e-01 9.8721e-01 -2.5826e-01 -2.5826e-01 5.3110e-01 -2.5752e-01 3.7563e-01 5.2517e-01 9.9026e-01 9.7087e-01 1.0000e+00 -2.5826e-01 2.1530e-01 2.5059e-01 2.4977e-01 -1.1211e-01 2.0431e-01 -1.4248e-01 -1.3871e-01 1.4423e-01 1.4786e-01 -1.4605e-01 1.4054e-01 -1.0911e-01
5.0431e-02 1.6940e-02 4.1178e-02 -7.9758e-02 -7.0456e-03 -7.0456e-03 -3.2529e-01 -3.2443e-01 -3.2443e-01 3.1849e-01 3.2188e-01 -2.9679e-01 3.2101e-01 -3.2101e-01 -2.9287e-01 -3.0211e-01 3.7675e-01 3.5975e-01 -3.0172e-01 3.7745e-01 -3.7901e-01 -3.1678e-01 4.9393e-01 8.7768e-01 9.7128e-01 -2.6160e-01 9.7128e-01 9.7128e-01 -1.3716e-01 9.7412e-01 -9.7010e-02 -1.3834e-01 -2.5574e-01 -2.5909e-01 -2.5826e-01 1.0000e+00 -5.2981e-01 -5.8790e-01 -5.8949e-01 4.3000e-01 -3.6797e-02 2.8463e-01 3.1165e-01 -2.9002e-01 -2.9476e-01 2.9746e-01 -3.1397e-01 3.1714e-01
-1.3250e-02 -5.5949e-02 -8.8891e-03 2.2401e-02 5.6861e-02 5.6861e-02 1.5831e-01 1.5679e-01 1.5679e-01 -1.5554e-01 -1.5692e-01 1.8023e-01 -1.5540e-01 1.5540e-01 2.3798e-01 2.0713e-01 -1.0858e-01 -8.7550e-02 1.9190e-01 -8.7892e-02 1.1580e-01 2.2758e-01 -1.6402e-01 -4.5907e-01 -5.1499e-01 2.0575e-01 -5.1499e-01 -5.1499e-01 1.8944e-01 -5.1272e-01 1.4003e-01 1.9120e-01 2.1070e-01 1.9587e-01 2.1530e-01 -5.2981e-01 1.0000e+00 8.9565e-01 8.9798e-01 -3.7973e-01 6.5957e-02 -3.8082e-01 -4.1203e-01 3.7540e-01 3.8082e-01 -3.8029e-01 3.6402e-01 -2.3009e-01
1.1424e-02 -2.2306e-02 7.6258e-04 6.5557e-02 8.1409e-02 8.1409e-02 2.1608e-01 2.1477e-01 2.1477e-01 -2.1221e-01 -2.1414e-01 2.4279e-01 -2.1283e-01 2.1283e-01 2.6711e-01 2.7596e-01 -1.5609e-01 -1.3629e-01 2.6237e-01 -1.4040e-01 1.2668e-01 2.5415e-01 -1.9666e-01 -5.2023e-01 -5.7263e-01 2.3955e-01 -5.7263e-01 -5.7263e-01 1.7025e-01 -5.7012e-01 1.2664e-01 1.7185e-01 2.4678e-01 2.3027e-01 2.5059e-01 -5.8790e-01 8.9565e-01 1.0000e+00 9.9775e-01 -4.2372e-01 5.7266e-02 -3.4019e-01 -3.7291e-01 3.3812e-01 3.4019e-01 -3.4365e-01 3.1939e-01 -2.5693e-01
9.9291e-03 -2.4085e-02 -7.6762e-04 6.3964e-02 8.0069e-02 8.0069e-02 2.1482e-01 2.1351e-01 2.1351e-01 -2.1093e-01 -2.1287e-01 2.4165e-01 -2.1156e-01 2.1156e-01 2.6609e-01 2.7491e-01 -1.5466e-01 -1.3488e-01 2.6134e-01 -1.3897e-01 1.2528e-01 2.5309e-01 -1.9741e-01 -5.2188e-01 -5.7421e-01 2.3870e-01 -5.7421e-01 -5.7421e-01 1.6984e-01 -5.7169e-01 1.2636e-01 1.7144e-01 2.4596e-01 2.2942e-01 2.4977e-01 -5.8949e-01 8.9798e-01 9.9775e-01 1.0000e+00 -4.2510e-01 5.7078e-02 -3.4196e-01 -3.7465e-01 3.3987e-01 3.4196e-01 -3.4541e-01 3.2109e-01 -2.5773e-01
3.3503e-02 9.9999e-02 4.0764e-02 7.8454e-02 5.0242e-02 5.0242e-02 -1.7386e-01 -1.7294e-01 -1.7294e-01 1.7215e-01 1.7568e-01 -1.4324e-01 1.7477e-01 -1.7477e-01 -1.4311e-01 -1.4779e-01 1.7504e-01 1.6766e-01 -1.4689e-01 1.6518e-01 -1.6648e-01 -1.5160e-01 2.0106e-01 3.9164e-01 4.3000e-01 -1.0990e-01 4.3000e-01 4.3000e-01 -1.0651e-01 4.3187e-01 1.0906e-01 1.5838e-02 -1.0899e-01 -1.0678e-01 -1.1211e-01 4.3000e-01 -3.7973e-01 -4.2372e-01 -4.2510e-01 1.0000e+00 -5.4562e-02 5.7424e-01 5.9848e-01 -5.6956e-01 -5.6366e-01 5.6660e-01 -5.3119e-01 4.2459e-01
9.6611e-02 7.6321e-02 9.4220e-02 8.4906e-02 -3.3048e-02 -3.3048e-02 4.4275e-02 4.4549e-02 4.4549e-02 -4.3186e-02 -4.3729e-02 5.3740e-02 -4.4002e-02 4.4002e-02 6.3268e-02 5.9654e-02 -3.4831e-02 -3.6865e-02 6.1936e-02 -3.6098e-02 3.8673e-02 6.0300e-02 -3.1186e-02 -4.3171e-02 -3.6797e-02 2.0158e-01 -3.6797e-02 -3.6797e-02 3.9066e-01 -3.6593e-02 -1.9916e-02 -2.8400e-02 2.0641e-01 2.0362e-01 2.0431e-01 -3.6797e-02 6.5957e-02 5.7266e-02 5.7078e-02 -5.4562e-02 1.0000e+00 -5.8395e-02 -5.5383e-02 5.7642e-02 5.8395e-02 -5.8019e-02 5.5760e-02 -3.1410e-02
-2.9278e-02 3.7420e-02 -3.2095e-02 2.0669e-02 -2.0765e-02 -2.0765e-02 -9.6385e-02 -9.9498e-02 -9.9498e-02 9.7579e-02 9.9251e-02 -8.0648e-02 9.7819e-02 -9.7819e-02 -1.4187e-01 -1.0956e-01 6.7358e-02 4.2508e-02 -9.9210e-02 5.1302e-02 -9.0370e-02 -1.4508e-01 5.5768e-02 2.3467e-01 2.6943e-01 -1.3780e-01 2.6943e-01 2.6943e-01 -1.5519e-01 2.7156e-01 5.1788e-02 1.7035e-02 -1.4876e-01 -1.3324e-01 -1.4248e-01 2.8463e-01 -3.8082e-01 -3.4019e-01 -3.4196e-01 5.7424e-01 -5.8395e-02 1.0000e+00 9.5993e-01 -9.1488e-01 -9.1509e-01 9.1945e-01 -8.7852e-01 3.6380e-01
-9.9341e-03 5.7593e-02 -1.2327e-02 3.8611e-02 -3.0317e-03 -3.0317e-03 -7.9153e-02 -7.7756e-02 -7.7756e-02 7.5546e-02 7.7345e-02 -6.0358e-02 7.5949e-02 -7.5949e-02 -1.2393e-01 -9.0626e-02 4.7691e-02 2.7490e-02 -8.5417e-02 3.6213e-02 -7.6382e-02 -1.3158e-01 6.6168e-02 2.5759e-01 2.9626e-01 -1.3368e-01 2.9626e-01 2.9626e-01 -1.4841e-01 2.9836e-01 5.8634e-02 1.7268e-02 -1.4530e-01 -1.2928e-01 -1.3871e-01 3.1165e-01 -4.1203e-01 -3.7291e-01 -3.7465e-01 5.9848e-01 -5.5383e-02 9.5993e-01 1.0000e+00 -9.5498e-01 -9.5540e-01 9.5971e-01 -9.1766e-01 3.8625e-01
5.4495e-03 -6.1763e-02 8.2693e-03 -4.4751e-02 -3.1397e-03 -3.1397e-03 7.2734e-02 7.1291e-02 7.1291e-02 -6.4855e-02 -7.1062e-02 5.6788e-02 -6.9620e-02 6.9620e-02 1.0814e-01 7.5989e-02 -3.0324e-02 -1.4257e-02 5.5742e-02 -9.7323e-03 5.3279e-02 1.0193e-01 -6.6385e-02 -2.5002e-01 -2.9002e-01 1.3944e-01 -2.9002e-01 -2.9002e-01 1.5349e-01 -2.9216e-01 -5.3477e-02 -1.9272e-02 1.5060e-01 1.3494e-01 1.4423e-01 -2.9002e-01 3.7540e-01 3.3812e-01 3.3987e-01 -5.6956e-01 5.7642e-02 -9.1488e-01 -9.5498e-01 1.0000e+00 9.9108e-01 -9.9552e-01 9.5494e-01 -3.9131e-01
6.9512e-03 -5.4571e-02 1.4335e-02 -3.8076e-02 2.4569e-03 2.4569e-03 6.9118e-02 6.7659e-02 6.7659e-02 -6.1346e-02 -6.7493e-02 5.2494e-02 -6.6034e-02 6.6034e-02 1.1269e-01 8.0777e-02 -3.6404e-02 -1.1385e-02 6.0500e-02 -1.5807e-02 5.9088e-02 1.0661e-01 -6.3792e-02 -2.5402e-01 -2.9476e-01 1.4314e-01 -2.9476e-01 -2.9476e-01 1.5519e-01 -2.9693e-01 -5.1788e-02 -1.7035e-02 1.5418e-01 1.3861e-01 1.4786e-01 -2.9476e-01 3.8082e-01 3.4019e-01 3.4196e-01 -5.6366e-01 5.8395e-02 -9.1509e-01 -9.5540e-01 9.9108e-01 1.0000e+00 -9.9553e-01 9.6436e-01 -3.8773e-01
-8.4374e-03 5.8161e-02 -1.1307e-02 4.1408e-02 3.3718e-04 3.3718e-04 -6.6371e-02 -6.4916e-02 -6.4916e-02 5.8561e-02 6.4731e-02 -4.9937e-02 6.3276e-02 -6.3276e-02 -1.1042e-01 -7.8386e-02 3.3369e-02 8.3657e-03 -5.8124e-02 1.2774e-02 -5.6187e-02 -1.0428e-01 6.5086e-02 2.5687e-01 2.9746e-01 -1.4129e-01 2.9746e-01 2.9746e-01 -1.5434e-01 2.9963e-01 5.2631e-02 1.8151e-02 -1.5239e-01 -1.3678e-01 -1.4605e-01 2.9746e-01 -3.8029e-01 -3.4365e-01 -3.4541e-01 5.6660e-01 -5.8019e-02 9.1945e-01 9.5971e-01 -9.9552e-01 -9.9553e-01 1.0000e+00 -9.5965e-01 3.8951e-01
-6.0134e-04 -6.2625e-02 6.4075e-03 -4.4040e-02 -3.4038e-03 -3.4038e-03 5.8926e-02 5.7505e-02 5.7505e-02 -5.0851e-02 -5.7174e-02 4.3941e-02 -5.5754e-02 5.5754e-02 1.0652e-01 7.3615e-02 -5.0732e-02 -2.6014e-02 5.3521e-02 -3.9239e-02 8.3792e-02 9.9853e-02 -7.2961e-02 -2.7425e-01 -3.1397e-01 1.3554e-01 -3.1397e-01 -3.1397e-01 1.4926e-01 -3.1612e-01 -5.7765e-02 -2.4933e-02 1.4710e-01 1.3113e-01 1.4054e-01 -3.1397e-01 3.6402e-01 3.1939e-01 3.2109e-01 -5.3119e-01 5.5760e-02 -8.7852e-01 -9.1766e-01 9.5494e-01 9.6436e-01 -9.5965e-01 1.0000e+00 -4.0052e-01
-6.7414e-02 -4.6292e-02 -7.1819e-02 -1.0529e-01 -7.5092e-02 -7.5092e-02 -1.0379e-01 -1.0327e-01 -1.0327e-01 8.9717e-02 1.0484e-01 -1.0304e-01 1.0432e-01 -1.0432e-01 -9.5818e-02 -1.0160e-01 1.1456e-01 1.1040e-01 -8.0657e-02 1.2780e-01 -1.2269e-01 -8.3390e-02 2.9118e-01 2.7341e-01 3.0810e-01 -1.1113e-01 3.0810e-01 3.0810e-01 -4.1979e-02 3.0928e-01 -5.1816e-02 -5.8364e-02 -1.0759e-01 -1.0962e-01 -1.0911e-01 3.1714e-01 -2.3009e-01 -2.5693e-01 -2.5773e-01 4.2459e-01 -3.1410e-02 3.6380e-01 3.8625e-01 -3.9131e-01 -3.8773e-01 3.8951e-01 -4.0052e-01 1.0000e+00
