1.0000e+00 9.8081e-01 1.0000e+00 1.0000e+00 9.6052e-01 9.6052e-01 9.4204e-01 9.6052e-01 8.4928e-01 2.5176e-02 4.9431e-02 -4.9118e-02 4.9431e-02 1.1900e-01 -8.4243e-03 8.9300e-02 -2.1776e-02 1.3897e-01 -3.6059e-02 -2.1006e-02 1.4009e-01 1.4046e-01 1.3823e-01 -1.1614e-02 2.7497e-02 -2.1412e-02 -9.6126e-02 -1.2721e-01 -1.2601e-01 9.7320e-03 2.2959e-02 -3.9546e-02 3.4367e-02 3.2567e-02 3.2567e-02 3.2892e-02 3.2567e-02 -9.9739e-03 3.2567e-02 -1.1005e-02 -1.0662e-02 -1.1005e-02 1.8744e-02 -1.3730e-02 -1.3730e-02 -1.3730e-02 -1.3730e-02 -1.3730e-02 5.5835e-02 5.6148e-02 5.5523e-02 3.5143e-02 3.5143e-02 3.5143e-02 -1.6420e-02 -1.6420e-02 -1.6420e-02 3.4602e-02 -4.9006e-02 -9.2834e-03 -9.2834e-03 1.6100e-02 -2.9571e-02 -5.0530e-02 -1.0529e-02 -3.2242e-02 -3.3999e-02 -3.4419e-02 -3.4419e-02 -3.4419e-02 -1.2132e-01 -1.1625e-01 -1.1625e-01 -1.1625e-01 -1.1625e-01 1.2814e-01 -1.1625e-01 -1.1625e-01 -1.2132e-01
9.8081e-01 1.0000e+00 9.8081e-01 9.8081e-01 9.4204e-01 9.4204e-01 9.2388e-01 9.4204e-01 8.3270e-01 3.9323e-03 3.6146e-02 -5.1269e-02 3.6146e-02 1.2322e-01 -9.6777e-03 9.1571e-02 -2.4114e-02 1.3116e-01 -3.6765e-02 -2.3338e-02 1.3229e-01 1.3266e-01 1.3041e-01 -1.2882e-02 3.5510e-02 -2.2743e-02 -1.0366e-01 -1.2166e-01 -1.2046e-01 1.0991e-02 2.4848e-02 -4.0320e-02 3.7241e-02 3.5832e-02 3.5832e-02 3.6160e-02 3.5832e-02 -3.3444e-04 3.5832e-02 -1.4140e-03 -1.0548e-03 -1.4140e-03 1.5808e-02 -4.2638e-03 -4.2638e-03 -4.2638e-03 -4.2638e-03 -4.2638e-03 4.7872e-02 4.8193e-02 4.7551e-02 3.1889e-02 3.1889e-02 3.1889e-02 -7.0746e-03 -7.0746e-03 -7.0746e-03 3.1347e-02 -5.0639e-02 -1.3095e-02 -1.3095e-02 1.2810e-02 -3.3205e-02 -5.4871e-02 -1.5961e-02 -2.1824e-02 -3.4664e-02 -3.5092e-02 -3.5092e-02 -3.5092e-02 -1.1578e-01 -1.1072e-01 -1.1072e-01 -1.1072e-01 -1.1072e-01 1.2282e-01 -1.1072e-01 -1.1072e-01 -1.1578e-01
1.0000e+00 9.8081e-01 1.0000e+00 1.0000e+00 9.6052e-01 9.6052e-01 9.4204e-01 9.6052e-01 8.4928e-01 2.5176e-02 4.9431e-02 -4.9118e-02 4.9431e-02 1.1900e-01 -8.4243e-03 8.9300e-02 -2.1776e-02 1.3897e-01 -3.6059e-02 -2.1006e-02 1.4009e-01 1.4046e-01 1.3823e-01 -1.1614e-02 2.7497e-02 -2.1412e-02 -9.6126e-02 -1.2721e-01 -1.2601e-01 9.7320e-03 2.2959e-02 -3.9546e-02 3.4367e-02 3.2567e-02 3.2567e-02 3.2892e-02 3.2567e-02 -9.9739e-03 3.2567e-02 -1.1005e-02 -1.0662e-02 -1.1005e-02 1.8744e-02 -1.3730e-02 -1.3730e-02 -1.3730e-02 -1.3730e-02 -1.3730e-02 5.5835e-02 5.6148e-02 5.5523e-02 3.5143e-02 3.5143e-02 3.5143e-02 -1.6420e-02 -1.6420e-02 -1.6420e-02 3.4602e-02 -4.9006e-02 -9.2834e-03 -9.2834e-03 1.6100e-02 -2.9571e-02 -5.0530e-02 -1.0529e-02 -3.2242e-02 -3.3999e-02 -3.4419e-02 -3.4419e-02 -3.4419e-02 -1.2132e-01 -1.1625e-01 -1.1625e-01 -1.1625e-01 -1.1625e-01 1.2814e-01 -1.1625e-01 -1.1625e-01 -1.2132e-01
1.0000e+00 9.8081e-01 1.0000e+00 1.0000e+00 9.6052e-01 9.6052e-01 9.4204e-01 9.6052e-01 8.4928e-01 2.5176e-02 4.9431e-02 -4.9118e-02 4.9431e-02 1.1900e-01 -8.4243e-03 8.9300e-02 -2.1776e-02 1.3897e-01 -3.6059e-02 -2.1006e-02 1.4009e-01 1.4046e-01 1.3823e-01 -1.1614e-02 2.7497e-02 -2.1412e-02 -9.6126e-02 -1.2721e-01 -1.2601e-01 9.7320e-03 2.2959e-02 -3.9546e-02 3.4367e-02 3.2567e-02 3.2567e-02 3.2892e-02 3.2567e-02 -9.9739e-03 3.2567e-02 -1.1005e-02 -1.0662e-02 -1.1005e-02 1.8744e-02 -1.3730e-02 -1.3730e-02 -1.3730e-02 -1.3730e-02 -1.3730e-02 5.5835e-02 5.6148e-02 5.5523e-02 3.5143e-02 3.5143e-02 3.5143e-02 -1.6420e-02 -1.6420e-02 -1.6420e-02 3.4602e-02 -4.9006e-02 -9.2834e-03 -9.2834e-03 1.6100e-02 -2.9571e-02 -5.0530e-02 -1.0529e-02 -3.2242e-02 -3.3999e-02 -3.4419e-02 -3.4419e-02 -3.4419e-02 -1.2132e-01 -1.1625e-01 -1.1625e-01 -1.1625e-01 -1.1625e-01 1.2814e-01 -1.1625e-01 -1.1625e-01 -1.2132e-01
9.6052e-01 9.4204e-01 9.6052e-01 9.6052e-01 1.0000e+00 1.0000e+00 9.8081e-01 1.0000e+00 8.8445e-01 4.8200e-02 6.5158e-02 -6.4874e-02 6.5158e-02 1.3154e-01 -8.4243e-03 8.9300e-02 -2.1776e-02 1.3897e-01 -3.6059e-02 -2.1006e-02 1.4009e-01 1.4046e-01 1.3823e-01 -1.1614e-02 1.4299e-02 -2.1412e-02 -1.0973e-01 -1.4241e-01 -1.4116e-01 9.7320e-03 2.2959e-02 -3.9546e-02 3.4367e-02 3.2567e-02 3.2567e-02 3.2892e-02 3.2567e-02 -9.9739e-03 3.2567e-02 -1.1005e-02 -1.0662e-02 -1.1005e-02 1.8744e-02 -1.3730e-02 -1.3730e-02 -1.3730e-02 -1.3730e-02 -1.3730e-02 4.3213e-02 4.3529e-02 4.2897e-02 1.7745e-02 1.7745e-02 1.7745e-02 -1.6420e-02 -1.6420e-02 -1.6420e-02 1.7249e-02 -4.9006e-02 -9.2834e-03 -9.2834e-03 1.8978e-04 -2.9571e-02 -3.7847e-02 -1.0529e-02 -3.2242e-02 -3.3999e-02 -3.4419e-02 -3.4419e-02 -3.4419e-02 -1.0635e-01 -1.0149e-01 -1.0149e-01 -1.0149e-01 -1.0149e-01 1.1219e-01 -1.0149e-01 -1.0149e-01 -1.0635e-01
9.6052e-01 9.4204e-01 9.6052e-01 9.6052e-01 1.0000e+00 1.0000e+00 9.8081e-01 1.0000e+00 8.8445e-01 4.8200e-02 6.5158e-02 -6.4874e-02 6.5158e-02 1.3154e-01 -8.4243e-03 8.9300e-02 -2.1776e-02 1.3897e-01 -3.6059e-02 -2.1006e-02 1.4009e-01 1.4046e-01 1.3823e-01 -1.1614e-02 1.4299e-02 -2.1412e-02 -1.0973e-01 -1.4241e-01 -1.4116e-01 9.7320e-03 2.2959e-02 -3.9546e-02 3.4367e-02 3.2567e-02 3.2567e-02 3.2892e-02 3.2567e-02 -9.9739e-03 3.2567e-02 -1.1005e-02 -1.0662e-02 -1.1005e-02 1.8744e-02 -1.3730e-02 -1.3730e-02 -1.3730e-02 -1.3730e-02 -1.3730e-02 4.3213e-02 4.3529e-02 4.2897e-02 1.7745e-02 1.7745e-02 1.7745e-02 -1.6420e-02 -1.6420e-02 -1.6420e-02 1.7249e-02 -4.9006e-02 -9.2834e-03 -9.2834e-03 1.8978e-04 -2.9571e-02 -3.7847e-02 -1.0529e-02 -3.2242e-02 -3.3999e-02 -3.4419e-02 -3.4419e-02 -3.4419e-02 -1.0635e-01 -1.0149e-01 -1.0149e-01 -1.0149e-01 -1.0149e-01 1.1219e-01 -1.0149e-01 -1.0149e-01 -1.0635e-01
9.4204e-01 9.2388e-01 9.4204e-01 9.4204e-01 9.8081e-01 9.8081e-01 1.0000e+00 9.8081e-01 8.6723e-01 4.9143e-02 6.7027e-02 -6.6739e-02 6.7027e-02 1.2322e-01 -9.6777e-03 9.1571e-02 -2.4114e-02 1.4360e-01 -3.6765e-02 -2.3338e-02 1.4474e-01 1.4512e-01 1.4285e-01 -1.2882e-02 2.2553e-02 -2.2743e-02 -1.0366e-01 -1.3659e-01 -1.3534e-01 1.0991e-02 2.4848e-02 -4.0320e-02 3.7241e-02 3.5832e-02 3.5832e-02 3.6160e-02 3.5832e-02 -1.3792e-02 3.5832e-02 -1.4833e-02 -1.4487e-02 -1.4833e-02 1.5808e-02 -1.7585e-02 -1.7585e-02 -1.7585e-02 -1.7585e-02 -1.7585e-02 4.7872e-02 4.8193e-02 4.7551e-02 1.4807e-02 1.4807e-02 1.4807e-02 -2.0303e-02 -2.0303e-02 -2.0303e-02 1.4310e-02 -5.0639e-02 -1.3095e-02 -1.3095e-02 -2.8105e-03 -3.3205e-02 -4.2419e-02 -1.5961e-02 -3.5504e-02 -3.4664e-02 -3.5092e-02 -3.5092e-02 -3.5092e-02 -1.0109e-01 -9.6228e-02 -9.6228e-02 -9.6228e-02 -9.6228e-02 1.0717e-01 -9.6228e-02 -9.6228e-02 -1.0109e-01
9.6052e-01 9.4204e-01 9.6052e-01 9.6052e-01 1.0000e+00 1.0000e+00 9.8081e-01 1.0000e+00 8.8445e-01 4.8200e-02 6.5158e-02 -6.4874e-02 6.5158e-02 1.3154e-01 -8.4243e-03 8.9300e-02 -2.1776e-02 1.3897e-01 -3.6059e-02 -2.1006e-02 1.4009e-01 1.4046e-01 1.3823e-01 -1.1614e-02 1.4299e-02 -2.1412e-02 -1.0973e-01 -1.4241e-01 -1.4116e-01 9.7320e-03 2.2959e-02 -3.9546e-02 3.4367e-02 3.2567e-02 3.2567e-02 3.2892e-02 3.2567e-02 -9.9739e-03 3.2567e-02 -1.1005e-02 -1.0662e-02 -1.1005e-02 1.8744e-02 -1.3730e-02 -1.3730e-02 -1.3730e-02 -1.3730e-02 -1.3730e-02 4.3213e-02 4.3529e-02 4.2897e-02 1.7745e-02 1.7745e-02 1.7745e-02 -1.6420e-02 -1.6420e-02 -1.6420e-02 1.7249e-02 -4.9006e-02 -9.2834e-03 -9.2834e-03 1.8978e-04 -2.9571e-02 -3.7847e-02 -1.0529e-02 -3.2242e-02 -3.3999e-02 -3.4419e-02 -3.4419e-02 -3.4419e-02 -1.0635e-01 -1.0149e-01 -1.0149e-01 -1.0149e-01 -1.0149e-01 1.1219e-01 -1.0149e-01 -1.0149e-01 -1.0635e-01
8.4928e-01 8.3270e-01 8.4928e-01 8.4928e-01 8.8445e-01 8.8445e-01 8.6723e-01 8.8445e-01 1.0000e+00 1.3476e-02 4.9423e-02 -4.9057e-02 4.9423e-02 1.1307e-01 9.2402e-03 7.9599e-02 -3.6764e-02 1.0154e-01 -4.0770e-02 -3.5953e-02 1.0275e-01 1.0315e-01 1.0074e-01 -1.9741e-02 -3.7279e-03 -8.4894e-03 -9.6099e-02 -1.1986e-01 -1.1858e-01 1.7790e-02 1.8124e-02 -2.0372e-02 2.6872e-02 2.8715e-02 2.8715e-02 2.9091e-02 2.8715e-02 -2.2079e-02 2.8715e-02 -2.3214e-02 -2.2836e-02 -2.3214e-02 1.5799e-02 -1.4129e-02 -1.4129e-02 -1.4129e-02 -1.4129e-02 -1.4129e-02 3.9344e-02 3.9703e-02 3.8985e-02 1.4698e-02 1.4698e-02 1.4698e-02 -5.1781e-03 -5.1781e-03 -5.1781e-03 1.4152e-02 -2.7909e-02 3.1498e-03 3.1498e-03 -4.6914e-03 -4.0827e-02 -3.3231e-02 -2.2680e-02 -2.8339e-02 -3.8440e-02 -3.8915e-02 -3.8915e-02 -3.8915e-02 -7.3593e-02 -8.1871e-02 -8.1871e-02 -8.1871e-02 -8.1871e-02 8.0972e-02 -8.1871e-02 -8.1871e-02 -7.3593e-02
2.5176e-02 3.9323e-03 2.5176e-02 2.5176e-02 4.8200e-02 4.8200e-02 4.9143e-02 4.8200e-02 1.3476e-02 1.0000e+00 5.6840e-01 -5.6103e-01 5.6840e-01 -1.7570e-01 6.7675e-02 -1.5509e-01 -3.7040e-01 1.4325e-01 6.5511e-02 -3.7380e-01 1.4160e-01 1.4105e-01 1.3697e-01 5.5094e-02 2.9079e-02 5.4609e-02 1.9264e-01 2.5225e-01 2.5000e-01 -5.2587e-02 -6.6503e-02 5.5912e-02 -1.5361e-02 -7.0352e-03 -7.0352e-03 -7.6805e-03 -7.0352e-03 -3.9372e-02 -7.0352e-03 -4.5304e-02 -4.5990e-02 -4.5304e-02 -7.7672e-03 -3.9876e-02 -3.9876e-02 -3.9876e-02 -3.9876e-02 -3.9876e-02 1.7751e-02 1.7154e-02 1.8348e-02 -6.0918e-03 -6.0918e-03 -6.0918e-03 -3.4538e-02 -3.4538e-02 -3.4538e-02 -5.2609e-03 -3.3810e-03 -4.0738e-02 -4.0738e-02 -1.3548e-02 4.1196e-03 -2.0563e-02 -1.5576e-02 -9.8614e-03 -6.6088e-02 -8.1956e-02 -8.1956e-02 -8.1956e-02 2.3056e-02 4.2334e-02 4.2334e-02 4.2334e-02 4.2334e-02 -3.2917e-02 4.2334e-02 4.2334e-02 2.3056e-02
4.9431e-02 3.6146e-02 4.9431e-02 4.9431e-02 6.5158e-02 6.5158e-02 6.7027e-02 6.5158e-02 4.9423e-02 5.6840e-01 1.0000e+00 -9.9687e-01 1.0000e+00 6.3635e-02 7.9119e-02 -1.1024e-01 -2.0950e-01 2.5984e-01 5.0812e-02 -2.1319e-01 2.5708e-01 2.5617e-01 2.5159e-01 6.4539e-02 1.3797e-01 1.3855e-02 5.5662e-02 7.7992e-02 8.1384e-02 -5.9581e-02 -4.1968e-02 3.3495e-02 -9.6736e-02 -6.7517e-02 -6.7517e-02 -6.3003e-02 -6.7517e-02 -9.2021e-02 -6.7517e-02 -8.8527e-02 -8.9689e-02 -8.8527e-02 1.4406e-02 -7.9326e-02 -7.9326e-02 -7.9326e-02 -7.9326e-02 -7.9326e-02 3.8044e-02 3.7040e-02 3.9048e-02 1.7071e-02 1.7071e-02 1.7071e-02 -8.6383e-02 -8.6383e-02 -8.6383e-02 1.8393e-02 -2.3567e-02 -7.7953e-02 -7.7953e-02 -1.1547e-02 3.0654e-02 -3.5007e-02 -1.7045e-02 -5.6546e-03 -7.1011e-02 -8.0113e-02 -8.0113e-02 -8.0113e-02 3.5158e-02 4.1857e-02 4.1857e-02 4.1857e-02 4.1857e-02 -4.4576e-02 4.1857e-02 4.1857e-02 3.5158e-02
-4.9118e-02 -5.1269e-02 -4.9118e-02 -4.9118e-02 -6.4874e-02 -6.4874e-02 -6.6739e-02 -6.4874e-02 -4.9057e-02 -5.6103e-01 -9.9687e-01 1.0000e+00 -9.9687e-01 -6.6353e-02 -7.8698e-02 1.0887e-01 2.1101e-01 -2.5819e-01 -5.0355e-02 2.1470e-01 -2.5544e-01 -2.5452e-01 -2.4991e-01 -6.4060e-02 -1.4169e-01 -1.3182e-02 -5.1995e-02 -7.9455e-02 -8.2861e-02 5.9111e-02 4.1111e-02 -3.2952e-02 9.5498e-02 6.6078e-02 6.6078e-02 6.1551e-02 6.6078e-02 8.8352e-02 6.6078e-02 8.4878e-02 8.6034e-02 8.4878e-02 -1.3379e-02 7.5730e-02 7.5730e-02 7.5730e-02 7.5730e-02 7.5730e-02 -3.5292e-02 -3.4292e-02 -3.6292e-02 -1.6040e-02 -1.6040e-02 -1.6040e-02 8.2870e-02 8.2870e-02 8.2870e-02 -1.7361e-02 2.4638e-02 7.9719e-02 7.9719e-02 1.2787e-02 -2.9016e-02 3.7211e-02 1.9363e-02 1.6692e-03 7.1668e-02 8.0793e-02 8.0793e-02 8.0793e-02 -3.6579e-02 -4.3325e-02 -4.3325e-02 -4.3325e-02 -4.3325e-02 4.5875e-02 -4.3325e-02 -4.3325e-02 -3.6579e-02
4.9431e-02 3.6146e-02 4.9431e-02 4.9431e-02 6.5158e-02 6.5158e-02 6.7027e-02 6.5158e-02 4.9423e-02 5.6840e-01 1.0000e+00 -9.9687e-01 1.0000e+00 6.3635e-02 7.9119e-02 -1.1024e-01 -2.0950e-01 2.5984e-01 5.0812e-02 -2.1319e-01 2.5708e-01 2.5617e-01 2.5159e-01 6.4539e-02 1.3797e-01 1.3855e-02 5.5662e-02 7.7992e-02 8.1384e-02 -5.9581e-02 -4.1968e-02 3.3495e-02 -9.6736e-02 -6.7517e-02 -6.7517e-02 -6.3003e-02 -6.7517e-02 -9.2021e-02 -6.7517e-02 -8.8527e-02 -8.9689e-02 -8.8527e-02 1.4406e-02 -7.9326e-02 -7.9326e-02 -7.9326e-02 -7.9326e-02 -7.9326e-02 3.8044e-02 3.7040e-02 3.9048e-02 1.7071e-02 1.7071e-02 1.7071e-02 -8.6383e-02 -8.6383e-02 -8.6383e-02 1.8393e-02 -2.3567e-02 -7.7953e-02 -7.7953e-02 -1.1547e-02 3.0654e-02 -3.5007e-02 -1.7045e-02 -5.6546e-03 -7.1011e-02 -8.0113e-02 -8.0113e-02 -8.0113e-02 3.5158e-02 4.1857e-02 4.1857e-02 4.1857e-02 4.1857e-02 -4.4576e-02 4.1857e-02 4.1857e-02 3.5158e-02
1.1900e-01 1.2322e-01 1.1900e-01 1.1900e-01 1.3154e-01 1.3154e-01 1.2322e-01 1.3154e-01 1.1307e-01 -1.7570e-01 6.3635e-02 -6.6353e-02 6.3635e-02 1.0000e+00 -2.1106e-01 -3.6724e-01 2.1512e-01 -2.3924e-01 -1.3775e-01 2.2673e-01 -2.3365e-01 -2.3582e-01 -2.3090e-01 -1.2788e-02 -2.1368e-01 7.5760e-02 -2.7348e-01 -2.8064e-01 -2.7990e-01 2.7119e-02 -4.4433e-02 -2.5532e-02 -9.5566e-02 -5.9067e-02 -5.9067e-02 -5.6880e-02 -5.9067e-02 -7.7715e-02 -6.3487e-02 -7.9417e-02 -8.1746e-02 -7.9417e-02 2.1502e-02 -8.2492e-02 -8.2492e-02 -8.2492e-02 -8.2492e-02 -8.2492e-02 6.2742e-02 5.6640e-02 6.0829e-02 6.5799e-02 6.5799e-02 6.5799e-02 -9.8389e-02 -9.8389e-02 -9.8389e-02 6.8484e-02 -3.2635e-02 -1.0420e-01 -1.0420e-01 4.1154e-02 7.4889e-02 -5.4266e-02 -6.9313e-02 7.0108e-02 -5.1790e-02 -4.6107e-02 -4.6107e-02 -4.6107e-02 -1.4549e-03 -1.3953e-02 -1.3953e-02 -1.3953e-02 -1.3953e-02 -1.8922e-03 -1.3953e-02 -1.3953e-02 -1.4549e-03
-8.4243e-03 -9.6777e-03 -8.4243e-03 -8.4243e-03 -8.4243e-03 -8.4243e-03 -9.6777e-03 -8.4243e-03 9.2402e-03 6.7675e-02 7.9119e-02 -7.8698e-02 7.9119e-02 -2.1106e-01 1.0000e+00 -2.9026e-01 4.1587e-01 -1.5938e-01 -5.0629e-02 3.8198e-01 -1.7667e-01 -1.7627e-01 -1.7870e-01 5.4858e-01 1.5275e-01 4.1817e-02 -2.3582e-01 -2.4607e-01 -2.4416e-01 -5.4572e-01 -4.0123e-01 -3.5576e-02 3.4337e-02 3.1656e-02 3.1656e-02 3.2127e-02 3.1656e-02 4.1424e-02 3.1656e-02 3.9817e-02 4.0352e-02 3.9817e-02 -4.5398e-02 3.5587e-02 3.5587e-02 3.5587e-02 3.5587e-02 3.5587e-02 -3.7156e-02 -3.6689e-02 -3.7624e-02 -5.9120e-02 -5.9120e-02 -5.9120e-02 4.1266e-02 4.1266e-02 4.1266e-02 -5.9594e-02 7.5443e-02 5.2529e-02 5.2529e-02 -5.3346e-02 -4.6821e-02 5.4417e-02 4.8096e-02 -5.1529e-02 2.0867e-02 1.9510e-02 1.9510e-02 1.9510e-02 3.6403e-02 4.0734e-02 4.0734e-02 4.0734e-02 4.0734e-02 -1.7956e-02 4.0734e-02 4.0734e-02 3.6403e-02
8.9300e-02 9.1571e-02 8.9300e-02 8.9300e-02 8.9300e-02 8.9300e-02 9.1571e-02 8.9300e-02 7.9599e-02 -1.5509e-01 -1.1024e-01 1.0887e-01 -1.1024e-01 -3.6724e-01 -2.9026e-01 1.0000e+00 -3.8373e-02 4.9050e-01 6.7266e-02 -3.0063e-02 4.9604e-01 4.9492e-01 4.7941e-01 -3.5069e-01 1.6570e-01 -2.5517e-01 5.7839e-02 -7.6913e-02 -7.9706e-02 3.2890e-01 4.1810e-01 3.8671e-02 1.1038e-01 9.1339e-02 9.1339e-02 8.9845e-02 9.1339e-02 1.7314e-02 9.6225e-02 2.1385e-02 2.4833e-02 2.1385e-02 -2.7540e-02 3.6899e-02 3.6899e-02 3.6899e-02 3.6899e-02 3.6899e-02 -2.3784e-03 5.2136e-03 -1.1102e-03 -7.2755e-02 -7.2755e-02 -7.2755e-02 4.7475e-02 4.7475e-02 4.7475e-02 -7.6910e-02 -4.0629e-02 5.3156e-02 5.3156e-02 -6.0024e-02 -1.0058e-01 -5.9213e-03 4.4677e-02 -1.1240e-01 3.3246e-02 3.5986e-02 3.5986e-02 3.5986e-02 9.0747e-03 1.1147e-02 1.1147e-02 1.1147e-02 1.1147e-02 -5.7851e-03 1.1147e-02 1.1147e-02 9.0747e-03
-2.1776e-02 -2.4114e-02 -2.1776e-02 -2.1776e-02 -2.1776e-02 -2.1776e-02 -2.4114e-02 -2.1776e-02 -3.6764e-02 -3.7040e-01 -2.0950e-01 2.1101e-01 -2.0950e-01 2.1512e-01 4.1587e-01 -3.8373e-02 1.0000e+00 -3.8176e-01 -9.8413e-02 9.8553e-01 -3.7943e-01 -3.7866e-01 -3.6707e-01 3.4072e-01 -3.3445e-02 -9.3378e-02 -5.0213e-01 -6.3068e-01 -6.3295e-01 -3.0746e-01 -1.4288e-01 -1.4490e-02 2.2383e-02 1.1083e-02 1.1083e-02 1.2052e-02 1.1083e-02 2.1458e-02 1.1083e-02 3.0189e-02 3.1183e-02 3.0189e-02 -1.5564e-02 2.8112e-02 2.8112e-02 2.8112e-02 2.8112e-02 2.8112e-02 5.0418e-03 5.9307e-03 4.1524e-03 1.1814e-02 1.1814e-02 1.1814e-02 2.6073e-02 2.6073e-02 2.6073e-02 1.0559e-02 5.3933e-02 3.5179e-02 3.5179e-02 2.8246e-02 -7.5409e-03 1.0142e-02 5.0685e-02 -2.7979e-02 4.1098e-02 5.1693e-02 5.1693e-02 5.1693e-02 -8.8128e-03 -2.4565e-02 -2.4565e-02 -2.4565e-02 -2.4565e-02 2.2612e-02 -2.4565e-02 -2.4565e-02 -8.8128e-03
1.3897e-01 1.3116e-01 1.3897e-01 1.3897e-01 1.3897e-01 1.3897e-01 1.4360e-01 1.3897e-01 1.0154e-01 1.4325e-01 2.5984e-01 -2.5819e-01 2.5984e-01 -2.3924e-01 -1.5938e-01 4.9050e-01 -3.8176e-01 1.0000e+00 2.5779e-01 -3.7900e-01 9.9391e-01 9.9188e-01 9.6341e-01 -2.0652e-01 4.8538e-01 -7.7410e-02 1.6294e-01 1.0022e-01 9.9156e-02 1.9141e-01 1.9352e-01 1.3360e-01 5.3415e-02 7.3923e-02 7.3923e-02 7.1275e-02 7.3923e-02 4.7898e-03 7.3923e-02 3.5766e-03 5.4442e-03 3.5766e-03 -6.4674e-02 1.0539e-02 1.0539e-02 1.0539e-02 1.0539e-02 1.0539e-02 2.4652e-03 8.2354e-03 4.7986e-03 -7.4655e-02 -7.4655e-02 -7.4655e-02 8.7542e-03 8.7542e-03 8.7542e-03 -7.6822e-02 -3.1755e-02 -2.7611e-04 -2.7611e-04 -8.6419e-02 -8.4643e-02 -9.7418e-03 5.4925e-02 -8.9995e-02 1.1794e-02 7.4421e-03 7.4421e-03 7.4421e-03 -2.9902e-02 -1.1396e-02 -1.1396e-02 -1.1396e-02 -1.1396e-02 2.3055e-02 -1.1396e-02 -1.1396e-02 -2.9902e-02
-3.6059e-02 -3.6765e-02 -3.6059e-02 -3.6059e-02 -3.6059e-02 -3.6059e-02 -3.6765e-02 -3.6059e-02 -4.0770e-02 6.5511e-02 5.0812e-02 -5.0355e-02 5.0812e-02 -1.3775e-01 -5.0629e-02 6.7266e-02 -9.8413e-02 2.5779e-01 1.0000e+00 -9.7702e-02 2.5937e-01 2.5990e-01 2.5674e-01 -5.3239e-02 -1.5994e-01 -6.1924e-02 1.4671e-01 1.1644e-01 1.1712e-01 5.1685e-02 8.3007e-02 5.8311e-01 2.7321e-02 4.4666e-02 4.4666e-02 4.5107e-02 4.4666e-02 -1.0274e-01 4.4666e-02 -1.0389e-01 -1.0351e-01 -1.0389e-01 -2.7637e-02 -8.6538e-02 -8.6538e-02 -8.6538e-02 -8.6538e-02 -8.6538e-02 9.1584e-02 9.2005e-02 9.1163e-02 -2.8712e-02 -2.8712e-02 -2.8712e-02 -7.9594e-02 -7.9594e-02 -7.9594e-02 -2.9245e-02 -5.0617e-02 -9.1652e-02 -9.1652e-02 -1.2164e-02 -2.8492e-02 -9.3984e-02 1.5156e-02 -3.3749e-02 8.8953e-04 -2.0832e-04 -2.0832e-04 -2.0832e-04 7.3365e-03 1.1905e-02 1.1905e-02 1.1905e-02 1.1905e-02 3.5744e-04 1.1905e-02 1.1905e-02 7.3365e-03
-2.1006e-02 -2.3338e-02 -2.1006e-02 -2.1006e-02 -2.1006e-02 -2.1006e-02 -2.3338e-02 -2.1006e-02 -3.5953e-02 -3.7380e-01 -2.1319e-01 2.1470e-01 -2.1319e-01 2.2673e-01 3.8198e-01 -3.0063e-02 9.8553e-01 -3.7900e-01 -9.7702e-02 1.0000e+00 -3.7669e-01 -3.7593e-01 -3.6422e-01 3.4368e-01 -2.9720e-02 -1.2345e-01 -4.9646e-01 -6.4312e-01 -6.4539e-01 -3.1022e-01 -1.2103e-01 -1.3254e-02 1.9430e-02 7.7614e-03 7.7614e-03 8.7267e-03 7.7614e-03 2.5062e-02 7.7614e-03 3.3862e-02 3.4852e-02 3.3862e-02 -1.3370e-02 3.1841e-02 3.1841e-02 3.1841e-02 3.1841e-02 3.1841e-02 3.0183e-04 1.1855e-03 -5.8224e-04 1.4160e-02 1.4160e-02 1.4160e-02 2.9859e-02 2.9859e-02 2.9859e-02 1.2907e-02 5.6405e-02 3.8834e-02 3.8834e-02 3.1006e-02 -3.9271e-03 1.4795e-02 4.5046e-02 -2.4749e-02 5.5876e-02 6.6386e-02 6.6386e-02 6.6386e-02 -1.1769e-02 -2.7673e-02 -2.7673e-02 -2.7673e-02 -2.7673e-02 2.5336e-02 -2.7673e-02 -2.7673e-02 -1.1769e-02
1.4009e-01 1.3229e-01 1.4009e-01 1.4009e-01 1.4009e-01 1.4009e-01 1.4474e-01 1.4009e-01 1.0275e-01 1.4160e-01 2.5708e-01 -2.5544e-01 2.5708e-01 -2.3365e-01 -1.7667e-01 4.9604e-01 -3.7943e-01 9.9391e-01 2.5937e-01 -3.7669e-01 1.0000e+00 9.9796e-01 9.6952e-01 -2.0526e-01 4.9020e-01 -7.5793e-02 1.5909e-01 9.7139e-02 9.6055e-02 1.9018e-01 1.9144e-01 1.3519e-01 5.0030e-02 7.4677e-02 7.4677e-02 7.2013e-02 7.4677e-02 4.3171e-03 7.4677e-02 3.1434e-03 4.9992e-03 3.1434e-03 -6.2187e-02 1.0219e-02 1.0219e-02 1.0219e-02 1.0219e-02 1.0219e-02 5.2333e-03 1.0996e-02 7.5818e-03 -7.2158e-02 -7.2158e-02 -7.2158e-02 8.5387e-03 8.5387e-03 8.5387e-03 -7.4317e-02 -2.9307e-02 -7.8086e-04 -7.8086e-04 -8.3558e-02 -8.4959e-02 -1.2737e-02 5.6456e-02 -9.0778e-02 1.3066e-02 8.7252e-03 8.7252e-03 8.7252e-03 -3.3200e-02 -1.4759e-02 -1.4759e-02 -1.4759e-02 -1.4759e-02 2.6010e-02 -1.4759e-02 -1.4759e-02 -3.3200e-02
1.4046e-01 1.3266e-01 1.4046e-01 1.4046e-01 1.4046e-01 1.4046e-01 1.4512e-01 1.4046e-01 1.0315e-01 1.4105e-01 2.5617e-01 -2.5452e-01 2.5617e-01 -2.3582e-01 -1.7627e-01 4.9492e-01 -3.7866e-01 9.9188e-01 2.5990e-01 -3.7593e-01 9.9796e-01 1.0000e+00 9.6750e-01 -2.0485e-01 4.9181e-01 -7.5254e-02 1.6218e-01 1.0100e-01 9.9892e-02 1.8977e-01 1.9075e-01 1.3572e-01 4.8900e-02 7.3438e-02 7.3438e-02 7.0770e-02 7.3438e-02 1.2220e-03 7.3438e-02 6.9876e-05 1.9190e-03 6.9876e-05 -6.1358e-02 7.2051e-03 7.2051e-03 7.2051e-03 7.2051e-03 7.2051e-03 7.5097e-03 1.3270e-02 9.8635e-03 -7.1325e-02 -7.1325e-02 -7.1325e-02 5.5795e-03 5.5795e-03 5.5795e-03 -7.3482e-02 -3.4223e-02 -3.8924e-03 -3.8924e-03 -8.2603e-02 -8.3621e-02 -1.5095e-02 5.4271e-02 -8.9547e-02 1.3490e-02 9.1536e-03 9.1536e-03 9.1536e-03 -2.9491e-02 -1.1137e-02 -1.1137e-02 -1.1137e-02 -1.1137e-02 2.6997e-02 -1.1137e-02 -1.1137e-02 -2.9491e-02
1.3823e-01 1.3041e-01 1.3823e-01 1.3823e-01 1.3823e-01 1.3823e-01 1.4285e-01 1.3823e-01 1.0074e-01 1.3697e-01 2.5159e-01 -2.4991e-01 2.5159e-01 -2.3090e-01 -1.7870e-01 4.7941e-01 -3.6707e-01 9.6341e-01 2.5674e-01 -3.6422e-01 9.6952e-01 9.6750e-01 1.0000e+00 -2.0736e-01 4.9488e-01 -8.6235e-02 1.5678e-01 8.7639e-02 8.6635e-02 1.9223e-01 2.0103e-01 1.5008e-01 5.0994e-02 7.6399e-02 7.6399e-02 7.3759e-02 7.6399e-02 1.0968e-02 7.6399e-02 9.7120e-03 1.1593e-02 9.7120e-03 -6.0719e-02 1.6556e-02 1.6556e-02 1.6556e-02 1.6556e-02 1.6556e-02 1.9726e-03 7.7474e-03 4.2964e-03 -7.0737e-02 -7.0737e-02 -7.0737e-02 1.4662e-02 1.4662e-02 1.4662e-02 -7.2924e-02 -2.1941e-02 5.9350e-03 5.9350e-03 -7.8116e-02 -8.2992e-02 -9.1049e-03 5.1217e-02 -9.2455e-02 3.1046e-02 2.6461e-02 2.6461e-02 2.6461e-02 -3.2509e-02 -1.3894e-02 -1.3894e-02 -1.3894e-02 -1.3894e-02 2.6204e-02 -1.3894e-02 -1.3894e-02 -3.2509e-02
-1.1614e-02 -1.2882e-02 -1.1614e-02 -1.1614e-02 -1.1614e-02 -1.1614e-02 -1.2882e-02 -1.1614e-02 -1.9741e-02 5.5094e-02 6.4539e-02 -6.4060e-02 6.4539e-02 -1.2788e-02 5.4858e-01 -3.5069e-01 3.4072e-01 -2.0652e-01 -5.3239e-02 3.4368e-01 -2.0526e-01 -2.0485e-01 -2.0736e-01 1.0000e+00 3.3288e-01 -6.7268e-02 -1.4448e-01 -2.1312e-01 -2.1127e-01 -9.5107e-01 -5.8818e-01 -5.8388e-02 -5.6023e-03 5.1177e-03 5.1177e-03 5.6428e-03 5.1177e-03 -3.3190e-03 5.1177e-03 -4.8742e-03 -4.3568e-03 -4.8742e-03 -4.0413e-02 -8.9803e-03 -8.9803e-03 -8.9803e-03 -8.9803e-03 -8.9803e-03 1.0264e-02 1.0743e-02 9.7845e-03 -5.0940e-03 -5.0940e-03 -5.0940e-03 -3.6270e-03 -3.6270e-03 -3.6270e-03 -5.7427e-03 5.0700e-02 7.3084e-03 7.3084e-03 -1.7231e-02 -2.1940e-02 6.7666e-03 -9.1293e-03 -4.5916e-03 -2.8336e-02 -2.9201e-02 -2.9201e-02 -2.9201e-02 -5.7806e-02 -5.1958e-02 -5.1958e-02 -5.1958e-02 -5.1958e-02 5.0103e-02 -5.1958e-02 -5.1958e-02 -5.7806e-02
2.7497e-02 3.5510e-02 2.7497e-02 2.7497e-02 1.4299e-02 1.4299e-02 2.2553e-02 1.4299e-02 -3.7279e-03 2.9079e-02 1.3797e-01 -1.4169e-01 1.3797e-01 -2.1368e-01 1.5275e-01 1.6570e-01 -3.3445e-02 4.8538e-01 -1.5994e-01 -2.9720e-02 4.9020e-01 4.9181e-01 4.9488e-01 3.3288e-01 1.0000e+00 -2.0208e-01 3.1962e-01 2.0718e-01 2.0491e-01 -3.1370e-01 -6.0357e-02 -1.3887e-01 2.1261e-02 2.9754e-02 2.9754e-02 3.1316e-02 2.9754e-02 7.0837e-02 2.9754e-02 7.0502e-02 7.2138e-02 7.0502e-02 -2.4132e-02 7.1149e-02 7.1149e-02 7.1149e-02 7.1149e-02 7.1149e-02 -3.1305e-02 -2.5632e-02 -2.8540e-02 1.0868e-03 1.0868e-03 1.0868e-03 6.7306e-02 6.7306e-02 6.7306e-02 -9.0523e-04 -2.2219e-02 6.9533e-02 6.9533e-02 -2.2272e-02 -4.8289e-02 3.9212e-02 3.7561e-02 -1.8874e-02 2.7183e-02 2.3329e-02 2.3329e-02 2.3329e-02 -5.4066e-02 -3.8108e-02 -3.8108e-02 -3.8108e-02 -3.8108e-02 6.4771e-02 -3.8108e-02 -3.8108e-02 -5.4066e-02
-2.1412e-02 -2.2743e-02 -2.1412e-02 -2.1412e-02 -2.1412e-02 -2.1412e-02 -2.2743e-02 -2.1412e-02 -8.4894e-03 5.4609e-02 1.3855e-02 -1.3182e-02 1.3855e-02 7.5760e-02 4.1817e-02 -2.5517e-01 -9.3378e-02 -7.7410e-02 -6.1924e-02 -1.2345e-01 -7.5793e-02 -7.5254e-02 -8.6235e-02 -6.7268e-02 -2.0208e-01 1.0000e+00 -4.2208e-01 1.4712e-01 1.4799e-01 4.7998e-02 -7.2270e-01 -6.7913e-02 7.8906e-02 8.1793e-02 8.1793e-02 7.3820e-02 8.1793e-02 5.2846e-02 7.3280e-02 5.0875e-02 4.3162e-02 5.0875e-02 -2.1717e-02 4.5684e-02 4.5684e-02 4.5684e-02 4.5684e-02 4.5684e-02 8.2884e-03 -6.5908e-03 7.7301e-03 -2.3145e-02 -2.3145e-02 -2.3145e-02 3.2342e-02 3.2342e-02 3.2342e-02 -1.3241e-02 1.0340e-01 1.2166e-02 1.2166e-02 -1.9511e-02 -4.9513e-02 -2.2031e-02 2.1278e-02 -2.1610e-02 -9.1406e-04 -2.2784e-03 -2.2784e-03 -2.2784e-03 -1.3319e-02 -7.2433e-03 -7.2433e-03 -7.2433e-03 -7.2433e-03 2.0160e-02 -7.2433e-03 -7.2433e-03 -1.3319e-02
-9.6126e-02 -1.0366e-01 -9.6126e-02 -9.6126e-02 -1.0973e-01 -1.0973e-01 -1.0366e-01 -1.0973e-01 -9.6099e-02 1.9264e-01 5.5662e-02 -5.1995e-02 5.5662e-02 -2.7348e-01 -2.3582e-01 5.7839e-02 -5.0213e-01 1.6294e-01 1.4671e-01 -4.9646e-01 1.5909e-01 1.6218e-01 1.5678e-01 -1.4448e-01 3.1962e-01 -4.2208e-01 1.0000e+00 7.8842e-01 7.8786e-01 1.6703e-01 4.3444e-01 9.4995e-02 -9.0764e-02 -8.4732e-02 -8.4732e-02 -8.1314e-02 -8.4732e-02 -1.7733e-02 -7.9937e-02 -2.2790e-02 -1.9536e-02 -2.2790e-02 3.8490e-02 -2.0560e-02 -2.0560e-02 -2.0560e-02 -2.0560e-02 -2.0560e-02 -3.8644e-02 -3.1265e-02 -3.7326e-02 2.3957e-02 2.3957e-02 2.3957e-02 -1.3725e-02 -1.3725e-02 -1.3725e-02 1.9739e-02 -8.4513e-02 -1.1191e-02 -1.1191e-02 1.5886e-02 6.3840e-02 3.8007e-02 -1.4013e-02 7.3756e-02 -3.4352e-02 -4.1383e-02 -4.1383e-02 -4.1383e-02 2.2798e-02 2.8868e-02 2.8868e-02 2.8868e-02 2.8868e-02 -1.8718e-02 2.8868e-02 2.8868e-02 2.2798e-02
-1.2721e-01 -1.2166e-01 -1.2721e-01 -1.2721e-01 -1.4241e-01 -1.4241e-01 -1.3659e-01 -1.4241e-01 -1.1986e-01 2.5225e-01 7.7992e-02 -7.9455e-02 7.7992e-02 -2.8064e-01 -2.4607e-01 -7.6913e-02 -6.3068e-01 1.0022e-01 1.1644e-01 -6.4312e-01 9.7139e-02 1.0100e-01 8.7639e-02 -2.1312e-01 2.0718e-01 1.4712e-01 7.8842e-01 1.0000e+00 9.9418e-01 2.2592e-01 4.4985e-02 5.4039e-02 -4.6638e-02 -5.1151e-02 -5.1151e-02 -5.2257e-02 -5.1151e-02 3.0583e-02 -5.1151e-02 2.3390e-02 2.2270e-02 2.3390e-02 4.6743e-02 2.7052e-02 2.7052e-02 2.7052e-02 2.7052e-02 2.7052e-02 -5.2412e-02 -5.3452e-02 -5.1371e-02 2.2594e-02 2.2594e-02 2.2594e-02 2.5482e-02 2.5482e-02 2.5482e-02 2.3982e-02 -3.8321e-02 7.1927e-03 7.1927e-03 1.7298e-02 4.5152e-02 2.9783e-02 -1.8176e-02 8.2238e-02 -3.4965e-02 -4.3917e-02 -4.3917e-02 -4.3917e-02 9.1773e-03 2.0707e-02 2.0707e-02 2.0707e-02 2.0707e-02 3.7229e-03 2.0707e-02 2.0707e-02 9.1773e-03
-1.2601e-01 -1.2046e-01 -1.2601e-01 -1.2601e-01 -1.4116e-01 -1.4116e-01 -1.3534e-01 -1.4116e-01 -1.1858e-01 2.5000e-01 8.1384e-02 -8.2861e-02 8.1384e-02 -2.7990e-01 -2.4416e-01 -7.9706e-02 -6.3295e-01 9.9156e-02 1.1712e-01 -6.4539e-01 9.6055e-02 9.9892e-02 8.6635e-02 -2.1127e-01 2.0491e-01 1.4799e-01 7.8786e-01 9.9418e-01 1.0000e+00 2.2406e-01 4.3034e-02 5.5029e-02 -4.9221e-02 -5.3999e-02 -5.3999e-02 -5.5109e-02 -5.3999e-02 2.3087e-02 -5.3999e-02 1.5970e-02 1.4836e-02 1.5970e-02 4.8618e-02 1.9756e-02 1.9756e-02 1.9756e-02 1.9756e-02 1.9756e-02 -4.6806e-02 -4.7854e-02 -4.5758e-02 2.4564e-02 2.4564e-02 2.4564e-02 1.8323e-02 1.8323e-02 1.8323e-02 2.5956e-02 -4.3068e-02 5.0100e-03 5.0100e-03 1.3477e-02 4.3089e-02 2.8930e-02 -1.8548e-02 7.9629e-02 -3.3846e-02 -4.2756e-02 -4.2756e-02 -4.2756e-02 6.5434e-03 1.7969e-02 1.7969e-02 1.7969e-02 1.7969e-02 6.0465e-03 1.7969e-02 1.7969e-02 6.5434e-03
9.7320e-03 1.0991e-02 9.7320e-03 9.7320e-03 9.7320e-03 9.7320e-03 1.0991e-02 9.7320e-03 1.7790e-02 -5.2587e-02 -5.9581e-02 5.9111e-02 -5.9581e-02 2.7119e-02 -5.4572e-01 3.2890e-01 -3.0746e-01 1.9141e-01 5.1685e-02 -3.1022e-01 1.9018e-01 1.8977e-01 1.9223e-01 -9.5107e-01 -3.1370e-01 4.7998e-02 1.6703e-01 2.2592e-01 2.2406e-01 1.0000e+00 6.2266e-01 5.6684e-02 -1.7922e-02 -2.6731e-02 -2.6731e-02 -2.7218e-02 -2.6731e-02 -5.3513e-03 -2.6731e-02 -3.8170e-03 -4.3274e-03 -3.8170e-03 3.5815e-02 2.3198e-04 2.3198e-04 2.3198e-04 2.3198e-04 2.3198e-04 1.3848e-03 9.1700e-04 1.8529e-03 2.4443e-02 2.4443e-02 2.4443e-02 -5.4329e-03 -5.4329e-03 -5.4329e-03 2.5021e-02 -5.7588e-02 -1.6222e-02 -1.6222e-02 3.3935e-02 3.2721e-02 -1.8468e-02 -1.1955e-02 3.6229e-02 3.8379e-03 4.9423e-03 4.9423e-03 4.9423e-03 3.4475e-02 2.9090e-02 2.9090e-02 2.9090e-02 2.9090e-02 -2.3713e-02 2.9090e-02 2.9090e-02 3.4475e-02
2.2959e-02 2.4848e-02 2.2959e-02 2.2959e-02 2.2959e-02 2.2959e-02 2.4848e-02 2.2959e-02 1.8124e-02 -6.6503e-02 -4.1968e-02 4.1111e-02 -4.1968e-02 -4.4433e-02 -4.0123e-01 4.1810e-01 -1.4288e-01 1.9352e-01 8.3007e-02 -1.2103e-01 1.9144e-01 1.9075e-01 2.0103e-01 -5.8818e-01 -6.0357e-02 -7.2270e-01 4.3444e-01 4.4985e-02 4.3034e-02 6.2266e-01 1.0000e+00 9.1035e-02 -7.2618e-02 -8.0653e-02 -8.0653e-02 -7.4684e-02 -8.0653e-02 -4.0657e-02 -7.3936e-02 -3.8101e-02 -3.2348e-02 -3.8101e-02 3.9983e-02 -3.1364e-02 -3.1364e-02 -3.1364e-02 -3.1364e-02 -3.1364e-02 -9.0238e-03 2.4098e-03 -8.2749e-03 3.3441e-02 3.3441e-02 3.3441e-02 -2.4734e-02 -2.4734e-02 -2.4734e-02 2.6010e-02 -1.1302e-01 -1.5854e-02 -1.5854e-02 3.6779e-02 5.9060e-02 8.4827e-03 -2.1536e-02 4.6286e-02 2.6749e-03 4.4876e-03 4.4876e-03 4.4876e-03 3.5366e-02 2.6986e-02 2.6986e-02 2.6986e-02 2.6986e-02 -3.3349e-02 2.6986e-02 2.6986e-02 3.5366e-02
-3.9546e-02 -4.0320e-02 -3.9546e-02 -3.9546e-02 -3.9546e-02 -3.9546e-02 -4.0320e-02 -3.9546e-02 -2.0372e-02 5.5912e-02 3.3495e-02 -3.2952e-02 3.3495e-02 -2.5532e-02 -3.5576e-02 3.8671e-02 -1.4490e-02 1.3360e-01 5.8311e-01 -1.3254e-02 1.3519e-01 1.3572e-01 1.5008e-01 -5.8388e-02 -1.3887e-01 -6.7913e-02 9.4995e-02 5.4039e-02 5.5029e-02 5.6684e-02 9.1035e-02 1.0000e+00 -3.0883e-03 7.7936e-03 7.7936e-03 8.3210e-03 7.7936e-03 -7.2515e-02 7.7936e-03 -7.3887e-02 -7.3430e-02 -7.3887e-02 -5.5836e-03 -6.8137e-02 -6.8137e-02 -6.8137e-02 -6.8137e-02 -6.8137e-02 4.0222e-02 4.0698e-02 3.9745e-02 -3.0976e-02 -3.0976e-02 -3.0976e-02 -4.3843e-02 -4.3843e-02 -4.3843e-02 -3.1563e-02 -8.8347e-04 -5.2588e-02 -5.2588e-02 -4.1219e-02 -3.4028e-02 -4.0885e-02 6.5338e-02 -2.6550e-02 3.6026e-02 3.4430e-02 3.4430e-02 3.4430e-02 -1.3547e-02 -8.2464e-03 -8.2464e-03 -8.2464e-03 -8.2464e-03 2.5509e-02 -8.2464e-03 -8.2464e-03 -1.3547e-02
3.4367e-02 3.7241e-02 3.4367e-02 3.4367e-02 3.4367e-02 3.4367e-02 3.7241e-02 3.4367e-02 2.6872e-02 -1.5361e-02 -9.6736e-02 9.5498e-02 -9.6736e-02 -9.5566e-02 3.4337e-02 1.1038e-01 2.2383e-02 5.3415e-02 2.7321e-02 1.9430e-02 5.0030e-02 4.8900e-02 5.0994e-02 -5.6023e-03 2.1261e-02 7.8906e-02 -9.0764e-02 -4.6638e-02 -4.9221e-02 -1.7922e-02 -7.2618e-02 -3.0883e-03 1.0000e+00 9.0713e-01 9.0713e-01 9.0491e-01 9.0713e-01 3.6999e-01 9.0199e-01 3.7263e-01 3.7175e-01 3.7263e-01 -5.2843e-01 3.7469e-01 3.7469e-01 3.7469e-01 3.7469e-01 3.7469e-01 8.8148e-02 8.2329e-02 8.4649e-02 -4.3897e-01 -4.3897e-01 -4.3897e-01 3.5198e-01 3.5198e-01 3.5198e-01 -4.3624e-01 2.1372e-01 3.1753e-01 3.1753e-01 -3.4539e-01 -7.1929e-01 -8.9304e-02 2.7398e-01 -6.2647e-01 3.7815e-02 4.0187e-02 4.0187e-02 4.0187e-02 5.1079e-02 5.4748e-02 5.4748e-02 5.4748e-02 5.4748e-02 -2.3833e-02 5.4748e-02 5.4748e-02 5.1079e-02
3.2567e-02 3.5832e-02 3.2567e-02 3.2567e-02 3.2567e-02 3.2567e-02 3.5832e-02 3.2567e-02 2.8715e-02 -7.0352e-03 -6.7517e-02 6.6078e-02 -6.7517e-02 -5.9067e-02 3.1656e-02 9.1339e-02 1.1083e-02 7.3923e-02 4.4666e-02 7.7614e-03 7.4677e-02 7.3438e-02 7.6399e-02 5.1177e-03 2.9754e-02 8.1793e-02 -8.4732e-02 -5.1151e-02 -5.3999e-02 -2.6731e-02 -8.0653e-02 7.7936e-03 9.0713e-01 1.0000e+00 1.0000e+00 9.9755e-01 1.0000e+00 4.0787e-01 9.9509e-01 3.9151e-01 3.9052e-01 3.9151e-01 -6.6650e-01 3.9465e-01 3.9465e-01 3.9465e-01 3.9465e-01 3.9465e-01 3.6579e-02 3.0865e-02 3.3393e-02 -5.7361e-01 -5.7361e-01 -5.7361e-01 3.7415e-01 3.7415e-01 3.7415e-01 -5.7037e-01 2.1337e-01 3.3330e-01 3.3330e-01 -4.5718e-01 -7.8202e-01 -6.7151e-02 3.0286e-01 -6.8322e-01 9.4605e-03 1.2437e-02 1.2437e-02 1.2437e-02 5.6094e-02 5.7730e-02 5.7730e-02 5.7730e-02 5.7730e-02 -3.8198e-02 5.7730e-02 5.7730e-02 5.6094e-02
3.2567e-02 3.5832e-02 3.2567e-02 3.2567e-02 3.2567e-02 3.2567e-02 3.5832e-02 3.2567e-02 2.8715e-02 -7.0352e-03 -6.7517e-02 6.6078e-02 -6.7517e-02 -5.9067e-02 3.1656e-02 9.1339e-02 1.1083e-02 7.3923e-02 4.4666e-02 7.7614e-03 7.4677e-02 7.3438e-02 7.6399e-02 5.1177e-03 2.9754e-02 8.1793e-02 -8.4732e-02 -5.1151e-02 -5.3999e-02 -2.6731e-02 -8.0653e-02 7.7936e-03 9.0713e-01 1.0000e+00 1.0000e+00 9.9755e-01 1.0000e+00 4.0787e-01 9.9509e-01 3.9151e-01 3.9052e-01 3.9151e-01 -6.6650e-01 3.9465e-01 3.9465e-01 3.9465e-01 3.9465e-01 3.9465e-01 3.6579e-02 3.0865e-02 3.3393e-02 -5.7361e-01 -5.7361e-01 -5.7361e-01 3.7415e-01 3.7415e-01 3.7415e-01 -5.7037e-01 2.1337e-01 3.3330e-01 3.3330e-01 -4.5718e-01 -7.8202e-01 -6.7151e-02 3.0286e-01 -6.8322e-01 9.4605e-03 1.2437e-02 1.2437e-02 1.2437e-02 5.6094e-02 5.7730e-02 5.7730e-02 5.7730e-02 5.7730e-02 -3.8198e-02 5.7730e-02 5.7730e-02 5.6094e-02
3.2892e-02 3.6160e-02 3.2892e-02 3.2892e-02 3.2892e-02 3.2892e-02 3.6160e-02 3.2892e-02 2.9091e-02 -7.6805e-03 -6.3003e-02 6.1551e-02 -6.3003e-02 -5.6880e-02 3.2127e-02 8.9845e-02 1.2052e-02 7.1275e-02 4.5107e-02 8.7267e-03 7.2013e-02 7.0770e-02 7.3759e-02 5.6428e-03 3.1316e-02 7.3820e-02 -8.1314e-02 -5.2257e-02 -5.5109e-02 -2.7218e-02 -7.4684e-02 8.3210e-03 9.0491e-01 9.9755e-01 9.9755e-01 1.0000e+00 9.9755e-01 4.0887e-01 9.9265e-01 3.9253e-01 3.9154e-01 3.9253e-01 -6.6486e-01 3.9571e-01 3.9571e-01 3.9571e-01 3.9571e-01 3.9571e-01 3.4587e-02 2.8876e-02 3.1409e-02 -5.7206e-01 -5.7206e-01 -5.7206e-01 3.7525e-01 3.7525e-01 3.7525e-01 -5.6882e-01 2.1404e-01 3.3438e-01 3.3438e-01 -4.5561e-01 -7.7970e-01 -6.5193e-02 3.0456e-01 -6.8111e-01 9.9109e-03 1.2890e-02 1.2890e-02 1.2890e-02 6.0110e-02 6.1642e-02 6.1642e-02 6.1642e-02 6.1642e-02 -4.2699e-02 6.1642e-02 6.1642e-02 6.0110e-02
3.2567e-02 3.5832e-02 3.2567e-02 3.2567e-02 3.2567e-02 3.2567e-02 3.5832e-02 3.2567e-02 2.8715e-02 -7.0352e-03 -6.7517e-02 6.6078e-02 -6.7517e-02 -5.9067e-02 3.1656e-02 9.1339e-02 1.1083e-02 7.3923e-02 4.4666e-02 7.7614e-03 7.4677e-02 7.3438e-02 7.6399e-02 5.1177e-03 2.9754e-02 8.1793e-02 -8.4732e-02 -5.1151e-02 -5.3999e-02 -2.6731e-02 -8.0653e-02 7.7936e-03 9.0713e-01 1.0000e+00 1.0000e+00 9.9755e-01 1.0000e+00 4.0787e-01 9.9509e-01 3.9151e-01 3.9052e-01 3.9151e-01 -6.6650e-01 3.9465e-01 3.9465e-01 3.9465e-01 3.9465e-01 3.9465e-01 3.6579e-02 3.0865e-02 3.3393e-02 -5.7361e-01 -5.7361e-01 -5.7361e-01 3.7415e-01 3.7415e-01 3.7415e-01 -5.7037e-01 2.1337e-01 3.3330e-01 3.3330e-01 -4.5718e-01 -7.8202e-01 -6.7151e-02 3.0286e-01 -6.8322e-01 9.4605e-03 1.2437e-02 1.2437e-02 1.2437e-02 5.6094e-02 5.7730e-02 5.7730e-02 5.7730e-02 5.7730e-02 -3.8198e-02 5.7730e-02 5.7730e-02 5.6094e-02
-9.9739e-03 -3.3444e-04 -9.9739e-03 -9.9739e-03 -9.9739e-03 -9.9739e-03 -1.3792e-02 -9.9739e-03 -2.2079e-02 -3.9372e-02 -9.2021e-02 8.8352e-02 -9.2021e-02 -7.7715e-02 4.1424e-02 1.7314e-02 2.1458e-02 4.7898e-03 -1.0274e-01 2.5062e-02 4.3171e-03 1.2220e-03 1.0968e-02 -3.3190e-03 7.0837e-02 5.2846e-02 -1.7733e-02 3.0583e-02 2.3087e-02 -5.3513e-03 -4.0657e-02 -7.2515e-02 3.6999e-01 4.0787e-01 4.0787e-01 4.0887e-01 4.0787e-01 1.0000e+00 4.0787e-01 9.8816e-01 9.8576e-01 9.8816e-01 -2.7436e-01 9.5559e-01 9.5559e-01 9.5559e-01 9.5559e-01 9.5559e-01 -7.1708e-01 -7.1998e-01 -7.1856e-01 -2.7648e-01 -2.7648e-01 -2.7648e-01 9.3316e-01 9.3316e-01 9.3316e-01 -2.7152e-01 5.1338e-01 8.5697e-01 8.5697e-01 -2.7819e-01 -3.9897e-01 6.3267e-01 5.0608e-01 -2.5691e-01 -4.8749e-02 -5.1400e-02 -5.1400e-02 -5.1400e-02 -2.7194e-02 -1.8244e-02 -1.8244e-02 -1.8244e-02 -1.8244e-02 3.8379e-02 -1.8244e-02 -1.8244e-02 -2.7194e-02
3.2567e-02 3.5832e-02 3.2567e-02 3.2567e-02 3.2567e-02 3.2567e-02 3.5832e-02 3.2567e-02 2.8715e-02 -7.0352e-03 -6.7517e-02 6.6078e-02 -6.7517e-02 -6.3487e-02 3.1656e-02 9.6225e-02 1.1083e-02 7.3923e-02 4.4666e-02 7.7614e-03 7.4677e-02 7.3438e-02 7.6399e-02 5.1177e-03 2.9754e-02 7.3280e-02 -7.9937e-02 -5.1151e-02 -5.3999e-02 -2.6731e-02 -7.3936e-02 7.7936e-03 9.0199e-01 9.9509e-01 9.9509e-01 9.9265e-01 9.9509e-01 4.0787e-01 1.0000e+00 3.9151e-01 3.9052e-01 3.9151e-01 -6.6034e-01 3.9465e-01 3.9465e-01 3.9465e-01 3.9465e-01 3.9465e-01 3.2129e-02 3.0865e-02 2.8943e-02 -5.7361e-01 -5.7361e-01 -5.7361e-01 3.7415e-01 3.7415e-01 3.7415e-01 -5.7037e-01 2.1337e-01 3.3330e-01 3.3330e-01 -4.5718e-01 -7.8202e-01 -6.7151e-02 3.0286e-01 -6.7830e-01 9.4605e-03 1.2437e-02 1.2437e-02 1.2437e-02 5.6094e-02 5.7730e-02 5.7730e-02 5.7730e-02 5.7730e-02 -3.8198e-02 5.7730e-02 5.7730e-02 5.6094e-02
-1.1005e-02 -1.4140e-03 -1.1005e-02 -1.1005e-02 -1.1005e-02 -1.1005e-02 -1.4833e-02 -1.1005e-02 -2.3214e-02 -4.5304e-02 -8.8527e-02 8.4878e-02 -8.8527e-02 -7.9417e-02 3.9817e-02 2.1385e-02 3.0189e-02 3.5766e-03 -1.0389e-01 3.3862e-02 3.1434e-03 6.9876e-05 9.7120e-03 -4.8742e-03 7.0502e-02 5.0875e-02 -2.2790e-02 2.3390e-02 1.5970e-02 -3.8170e-03 -3.8101e-02 -7.3887e-02 3.7263e-01 3.9151e-01 3.9151e-01 3.9253e-01 3.9151e-01 9.8816e-01 3.9151e-01 1.0000e+00 9.9763e-01 1.0000e+00 -2.7632e-01 9.6730e-01 9.6730e-01 9.6730e-01 9.6730e-01 9.6730e-01 -7.2674e-01 -7.2962e-01 -7.2824e-01 -2.7846e-01 -2.7846e-01 -2.7846e-01 9.4472e-01 9.4472e-01 9.4472e-01 -2.7352e-01 5.3394e-01 8.6932e-01 8.6932e-01 -2.8607e-01 -4.0691e-01 6.4285e-01 5.1610e-01 -2.6025e-01 -4.9968e-02 -5.2628e-02 -5.2628e-02 -5.2628e-02 -2.8775e-02 -1.9690e-02 -1.9690e-02 -1.9690e-02 -1.9690e-02 4.0629e-02 -1.9690e-02 -1.9690e-02 -2.8775e-02
-1.0662e-02 -1.0548e-03 -1.0662e-02 -1.0662e-02 -1.0662e-02 -1.0662e-02 -1.4487e-02 -1.0662e-02 -2.2836e-02 -4.5990e-02 -8.9689e-02 8.6034e-02 -8.9689e-02 -8.1746e-02 4.0352e-02 2.4833e-02 3.1183e-02 5.4442e-03 -1.0351e-01 3.4852e-02 4.9992e-03 1.9190e-03 1.1593e-02 -4.3568e-03 7.2138e-02 4.3162e-02 -1.9536e-02 2.2270e-02 1.4836e-02 -4.3274e-03 -3.2348e-02 -7.3430e-02 3.7175e-01 3.9052e-01 3.9052e-01 3.9154e-01 3.9052e-01 9.8576e-01 3.9052e-01 9.9763e-01 1.0000e+00 9.9763e-01 -2.7566e-01 9.6496e-01 9.6496e-01 9.6496e-01 9.6496e-01 9.6496e-01 -7.2936e-01 -7.2787e-01 -7.3084e-01 -2.7780e-01 -2.7780e-01 -2.7780e-01 9.4710e-01 9.4710e-01 9.4710e-01 -2.7886e-01 5.3534e-01 8.7155e-01 8.7155e-01 -2.8528e-01 -4.0583e-01 6.4532e-01 5.1422e-01 -2.5914e-01 -4.9562e-02 -5.2219e-02 -5.2219e-02 -5.2219e-02 -2.9977e-02 -2.0914e-02 -2.0914e-02 -2.0914e-02 -2.0914e-02 4.1721e-02 -2.0914e-02 -2.0914e-02 -2.9977e-02
-1.1005e-02 -1.4140e-03 -1.1005e-02 -1.1005e-02 -1.1005e-02 -1.1005e-02 -1.4833e-02 -1.1005e-02 -2.3214e-02 -4.5304e-02 -8.8527e-02 8.4878e-02 -8.8527e-02 -7.9417e-02 3.9817e-02 2.1385e-02 3.0189e-02 3.5766e-03 -1.0389e-01 3.3862e-02 3.1434e-03 6.9876e-05 9.7120e-03 -4.8742e-03 7.0502e-02 5.0875e-02 -2.2790e-02 2.3390e-02 1.5970e-02 -3.8170e-03 -3.8101e-02 -7.3887e-02 3.7263e-01 3.9151e-01 3.9151e-01 3.9253e-01 3.9151e-01 9.8816e-01 3.9151e-01 1.0000e+00 9.9763e-01 1.0000e+00 -2.7632e-01 9.6730e-01 9.6730e-01 9.6730e-01 9.6730e-01 9.6730e-01 -7.2674e-01 -7.2962e-01 -7.2824e-01 -2.7846e-01 -2.7846e-01 -2.7846e-01 9.4472e-01 9.4472e-01 9.4472e-01 -2.7352e-01 5.3394e-01 8.6932e-01 8.6932e-01 -2.8607e-01 -4.0691e-01 6.4285e-01 5.1610e-01 -2.6025e-01 -4.9968e-02 -5.2628e-02 -5.2628e-02 -5.2628e-02 -2.8775e-02 -1.9690e-02 -1.9690e-02 -1.9690e-02 -1.9690e-02 4.0629e-02 -1.9690e-02 -1.9690e-02 -2.8775e-02
1.8744e-02 1.5808e-02 1.8744e-02 1.8744e-02 1.8744e-02 1.8744e-02 1.5808e-02 1.8744e-02 1.5799e-02 -7.7672e-03 1.4406e-02 -1.3379e-02 1.4406e-02 2.1502e-02 -4.5398e-02 -2.7540e-02 -1.5564e-02 -6.4674e-02 -2.7637e-02 -1.3370e-02 -6.2187e-02 -6.1358e-02 -6.0719e-02 -4.0413e-02 -2.4132e-02 -2.1717e-02 3.8490e-02 4.6743e-02 4.8618e-02 3.5815e-02 3.9983e-02 -5.5836e-03 -5.2843e-01 -6.6650e-01 -6.6650e-01 -6.6486e-01 -6.6650e-01 -2.7436e-01 -6.6034e-01 -2.7632e-01 -2.7566e-01 -2.7632e-01 1.0000e+00 -2.7555e-01 -2.7555e-01 -2.7555e-01 -2.7555e-01 -2.7555e-01 2.8400e-01 2.8478e-01 2.8322e-01 7.8419e-01 7.8419e-01 7.8419e-01 -2.5697e-01 -2.5697e-01 -2.5697e-01 7.8096e-01 -1.5733e-01 -2.3654e-01 -2.3654e-01 6.6146e-01 5.1443e-01 -2.4283e-01 -3.2995e-01 5.2618e-01 -1.8677e-02 -2.0541e-02 -2.0541e-02 -2.0541e-02 -1.0281e-02 -1.2483e-03 -1.2483e-03 -1.2483e-03 -1.2483e-03 1.4056e-02 -1.2483e-03 -1.2483e-03 -1.0281e-02
-1.3730e-02 -4.2638e-03 -1.3730e-02 -1.3730e-02 -1.3730e-02 -1.3730e-02 -1.7585e-02 -1.3730e-02 -1.4129e-02 -3.9876e-02 -7.9326e-02 7.5730e-02 -7.9326e-02 -8.2492e-02 3.5587e-02 3.6899e-02 2.8112e-02 1.0539e-02 -8.6538e-02 3.1841e-02 1.0219e-02 7.2051e-03 1.6556e-02 -8.9803e-03 7.1149e-02 4.5684e-02 -2.0560e-02 2.7052e-02 1.9756e-02 2.3198e-04 -3.1364e-02 -6.8137e-02 3.7469e-01 3.9465e-01 3.9465e-01 3.9571e-01 3.9465e-01 9.5559e-01 3.9465e-01 9.6730e-01 9.6496e-01 9.6730e-01 -2.7555e-01 1.0000e+00 1.0000e+00 1.0000e+00 1.0000e+00 1.0000e+00 -7.4955e-01 -7.5236e-01 -7.5107e-01 -2.8374e-01 -2.8374e-01 -2.8374e-01 9.7702e-01 9.7702e-01 9.7702e-01 -2.7886e-01 5.9038e-01 9.0372e-01 9.0372e-01 -2.9236e-01 -4.2025e-01 6.6264e-01 5.3980e-01 -2.7869e-01 -5.3196e-02 -5.5881e-02 -5.5881e-02 -5.5881e-02 -1.9240e-02 -1.5058e-02 -1.5058e-02 -1.5058e-02 -1.5058e-02 3.1966e-02 -1.5058e-02 -1.5058e-02 -1.9240e-02
