1.0000e+00 7.8037e-01 7.8037e-01 7.7705e-01 7.8037e-01 7.7100e-01 7.6769e-01 7.6604e-01 9.4716e-01 7.4417e-01 7.2649e-01 7.4078e-01 7.3776e-01 7.4457e-01 7.4078e-01 -1.2357e-01 -1.1398e-01 -1.0522e-01 4.3817e-01 3.6661e-01 4.8631e-01 -3.8444e-01 -1.1232e-01 -1.1232e-01 3.8328e-01 3.7992e-01 -1.1232e-01 3.3599e-01 3.3599e-01 3.3489e-01 3.3599e-01 -1.3261e-01 1.6445e-01 -1.1064e-01 4.8027e-01 4.8027e-01 9.9226e-02 3.7645e-01 -1.3201e-01 3.7529e-01 -1.3201e-01 -3.7645e-01 -3.7645e-01 1.2952e-01 -1.2233e-01 -7.8204e-02 -1.2367e-01 1.3624e-01 3.4010e-01 9.4189e-02 -1.2367e-01 9.4189e-02 9.4189e-02 1.1243e-01 2.4713e-01 1.1748e-01 1.1748e-01 -1.1580e-01 2.7757e-01 -1.1203e-01 1.0741e-01 2.7757e-01 -1.1053e-01 -1.0415e-01 -1.0275e-01 -1.0415e-01 -1.0415e-01 -1.0649e-01 -1.1443e-01 -1.1443e-01 -1.2155e-01 -8.8715e-02 -1.1443e-01 -1.1491e-01 -1.1306e-01 -1.2815e-01 -1.1152e-01 -1.1306e-01 1.9941e-01 -1.1402e-01 -1.2082e-01 -1.8430e-01 -2.0208e-02 -3.9710e-02 -3.9710e-02 -5.4742e-02 -5.4742e-02 -5.4742e-02 -5.4742e-02 -5.4742e-02 -5.4742e-02 -5.4742e-02 -1.6680e-02 -5.4742e-02
7.8037e-01 1.0000e+00 1.0000e+00 9.9574e-01 1.0000e+00 9.9146e-01 9.8721e-01 9.8510e-01 7.9319e-01 9.1862e-01 8.9073e-01 9.1433e-01 9.1217e-01 9.0358e-01 9.1433e-01 -1.4757e-01 -1.3467e-01 -1.2741e-01 3.2444e-01 2.5280e-01 2.9419e-01 -5.0922e-01 -1.4210e-01 -1.4210e-01 5.1187e-01 5.0922e-01 -1.4210e-01 4.5224e-01 4.5224e-01 4.5500e-01 4.5224e-01 -1.7693e-01 4.3609e-01 -1.3993e-01 2.9252e-01 2.9252e-01 5.6017e-02 5.0478e-01 -1.2645e-01 5.0743e-01 -1.2645e-01 -5.0478e-01 -5.0478e-01 6.5226e-03 -1.4661e-01 -8.4229e-02 -1.4243e-01 1.1852e-02 2.3420e-01 -3.4308e-01 -1.4243e-01 -3.4308e-01 -3.4308e-01 -3.0206e-01 1.6131e-01 -2.9338e-01 -2.9338e-01 -1.4066e-01 1.9364e-01 -1.3236e-01 -2.9907e-01 1.9364e-01 -3.7981e-01 -1.3056e-01 -1.3471e-01 -1.3056e-01 -1.3056e-01 -1.3709e-01 2.6114e-01 2.6114e-01 -1.5261e-01 2.1546e-01 2.6114e-01 -1.3616e-01 2.5815e-01 -1.6255e-01 -1.3671e-01 2.5815e-01 1.5125e-01 -1.3807e-01 -5.2197e-02 -1.1822e-01 -3.5065e-02 -4.7768e-02 -4.7768e-02 -6.0040e-02 -6.0040e-02 -6.0040e-02 -6.0040e-02 -6.0040e-02 -6.0040e-02 -6.0040e-02 -7.1012e-02 -6.0040e-02
7.8037e-01 1.0000e+00 1.0000e+00 9.9574e-01 1.0000e+00 9.9146e-01 9.8721e-01 9.8510e-01 7.9319e-01 9.1862e-01 8.9073e-01 9.1433e-01 9.1217e-01 9.0358e-01 9.1433e-01 -1.4757e-01 -1.3467e-01 -1.2741e-01 3.2444e-01 2.5280e-01 2.9419e-01 -5.0922e-01 -1.4210e-01 -1.4210e-01 5.1187e-01 5.0922e-01 -1.4210e-01 4.5224e-01 4.5224e-01 4.5500e-01 4.5224e-01 -1.7693e-01 4.3609e-01 -1.3993e-01 2.9252e-01 2.9252e-01 5.6017e-02 5.0478e-01 -1.2645e-01 5.0743e-01 -1.2645e-01 -5.0478e-01 -5.0478e-01 6.5226e-03 -1.4661e-01 -8.4229e-02 -1.4243e-01 1.1852e-02 2.3420e-01 -3.4308e-01 -1.4243e-01 -3.4308e-01 -3.4308e-01 -3.0206e-01 1.6131e-01 -2.9338e-01 -2.9338e-01 -1.4066e-01 1.9364e-01 -1.3236e-01 -2.9907e-01 1.9364e-01 -3.7981e-01 -1.3056e-01 -1.3471e-01 -1.3056e-01 -1.3056e-01 -1.3709e-01 2.6114e-01 2.6114e-01 -1.5261e-01 2.1546e-01 2.6114e-01 -1.3616e-01 2.5815e-01 -1.6255e-01 -1.3671e-01 2.5815e-01 1.5125e-01 -1.3807e-01 -5.2197e-02 -1.1822e-01 -3.5065e-02 -4.7768e-02 -4.7768e-02 -6.0040e-02 -6.0040e-02 -6.0040e-02 -6.0040e-02 -6.0040e-02 -6.0040e-02 -6.0040e-02 -7.1012e-02 -6.0040e-02
7.7705e-01 9.9574e-01 9.9574e-01 1.0000e+00 9.9574e-01 9.8721e-01 9.8296e-01 9.8084e-01 7.8978e-01 9.1454e-01 8.8673e-01 9.1023e-01 9.0809e-01 8.9953e-01 9.1023e-01 -1.4839e-01 -1.3546e-01 -1.2821e-01 3.2246e-01 2.5078e-01 2.9894e-01 -5.1262e-01 -1.4286e-01 -1.4286e-01 5.1525e-01 5.1262e-01 -1.4286e-01 4.5532e-01 4.5532e-01 4.5806e-01 4.5532e-01 -1.7778e-01 4.3316e-01 -1.4068e-01 2.9726e-01 2.9726e-01 5.5311e-02 5.0816e-01 -1.2746e-01 5.1080e-01 -1.2746e-01 -5.0816e-01 -5.0816e-01 1.1699e-02 -1.4810e-01 -8.4675e-02 -1.4393e-01 1.7001e-02 2.3230e-01 -3.4109e-01 -1.4393e-01 -3.4109e-01 -3.4109e-01 -3.0003e-01 1.5969e-01 -2.9136e-01 -2.9136e-01 -1.4216e-01 1.9206e-01 -1.3388e-01 -2.9703e-01 1.9206e-01 -3.7706e-01 -1.3208e-01 -1.3621e-01 -1.3208e-01 -1.3208e-01 -1.3858e-01 2.5920e-01 2.5920e-01 -1.5353e-01 2.1395e-01 2.5920e-01 -1.3680e-01 2.5622e-01 -1.6338e-01 -1.3741e-01 2.5622e-01 1.5051e-01 -1.3902e-01 -5.4744e-02 -1.1560e-01 -3.5612e-02 -4.8238e-02 -4.8238e-02 -6.0479e-02 -6.0479e-02 -6.0479e-02 -6.0479e-02 -6.0479e-02 -6.0479e-02 -6.0479e-02 -7.3168e-02 -6.0479e-02
7.8037e-01 1.0000e+00 1.0000e+00 9.9574e-01 1.0000e+00 9.9146e-01 9.8721e-01 9.8510e-01 7.9319e-01 9.1862e-01 8.9073e-01 9.1433e-01 9.1217e-01 9.0358e-01 9.1433e-01 -1.4757e-01 -1.3467e-01 -1.2741e-01 3.2444e-01 2.5280e-01 2.9419e-01 -5.0922e-01 -1.4210e-01 -1.4210e-01 5.1187e-01 5.0922e-01 -1.4210e-01 4.5224e-01 4.5224e-01 4.5500e-01 4.5224e-01 -1.7693e-01 4.3609e-01 -1.3993e-01 2.9252e-01 2.9252e-01 5.6017e-02 5.0478e-01 -1.2645e-01 5.0743e-01 -1.2645e-01 -5.0478e-01 -5.0478e-01 6.5226e-03 -1.4661e-01 -8.4229e-02 -1.4243e-01 1.1852e-02 2.3420e-01 -3.4308e-01 -1.4243e-01 -3.4308e-01 -3.4308e-01 -3.0206e-01 1.6131e-01 -2.9338e-01 -2.9338e-01 -1.4066e-01 1.9364e-01 -1.3236e-01 -2.9907e-01 1.9364e-01 -3.7981e-01 -1.3056e-01 -1.3471e-01 -1.3056e-01 -1.3056e-01 -1.3709e-01 2.6114e-01 2.6114e-01 -1.5261e-01 2.1546e-01 2.6114e-01 -1.3616e-01 2.5815e-01 -1.6255e-01 -1.3671e-01 2.5815e-01 1.5125e-01 -1.3807e-01 -5.2197e-02 -1.1822e-01 -3.5065e-02 -4.7768e-02 -4.7768e-02 -6.0040e-02 -6.0040e-02 -6.0040e-02 -6.0040e-02 -6.0040e-02 -6.0040e-02 -6.0040e-02 -7.1012e-02 -6.0040e-02
7.7100e-01 9.9146e-01 9.9146e-01 9.8721e-01 9.9146e-01 1.0000e+00 9.9574e-01 9.9363e-01 8.0243e-01 9.2722e-01 8.9938e-01 9.2292e-01 9.2077e-01 9.1219e-01 9.2292e-01 -1.4757e-01 -1.3467e-01 -1.2741e-01 3.3047e-01 2.5855e-01 2.9841e-01 -5.1335e-01 -1.4210e-01 -1.4210e-01 5.1599e-01 5.1335e-01 -1.4210e-01 4.5640e-01 4.5640e-01 4.5916e-01 4.5640e-01 -1.8557e-01 4.4078e-01 -1.3993e-01 2.9673e-01 2.9673e-01 5.6017e-02 5.0891e-01 -1.3439e-01 5.1156e-01 -1.3439e-01 -5.0891e-01 -5.0891e-01 2.2920e-03 -1.5256e-01 -8.4229e-02 -1.4836e-01 7.6257e-03 2.4019e-01 -3.4308e-01 -1.4836e-01 -3.4308e-01 -3.4308e-01 -3.0206e-01 1.6131e-01 -2.9338e-01 -2.9338e-01 -1.4661e-01 1.9364e-01 -1.3827e-01 -2.9907e-01 1.9364e-01 -3.7981e-01 -1.3649e-01 -1.4066e-01 -1.3649e-01 -1.3649e-01 -1.4308e-01 2.6114e-01 2.6114e-01 -1.5261e-01 2.1546e-01 2.6114e-01 -1.3616e-01 2.5815e-01 -1.6255e-01 -1.3671e-01 2.5815e-01 1.5125e-01 -1.3807e-01 -5.2197e-02 -1.1822e-01 -3.5065e-02 -4.7768e-02 -4.7768e-02 -6.0040e-02 -6.0040e-02 -6.0040e-02 -6.0040e-02 -6.0040e-02 -6.0040e-02 -6.0040e-02 -7.1012e-02 -6.0040e-02
7.6769e-01 9.8721e-01 9.8721e-01 9.8296e-01 9.8721e-01 9.9574e-01 1.0000e+00 9.9787e-01 7.9902e-01 9.3172e-01 9.0402e-01 9.2739e-01 9.2526e-01 9.1674e-01 9.2739e-01 -1.4839e-01 -1.3546e-01 -1.2821e-01 3.2848e-01 2.5653e-01 2.9474e-01 -5.1674e-01 -1.4286e-01 -1.4286e-01 5.1937e-01 5.1674e-01 -1.4286e-01 4.5948e-01 4.5948e-01 4.6222e-01 4.5948e-01 -1.8641e-01 4.4721e-01 -1.4068e-01 2.9305e-01 2.9305e-01 5.5311e-02 5.1228e-01 -1.3539e-01 5.1492e-01 -1.3539e-01 -5.1228e-01 -5.1228e-01 -9.7877e-04 -1.5405e-01 -8.4675e-02 -1.4986e-01 4.3353e-03 2.3828e-01 -3.5320e-01 -1.4986e-01 -3.5320e-01 -3.5320e-01 -3.1168e-01 1.5969e-01 -3.0304e-01 -3.0304e-01 -1.4810e-01 1.9206e-01 -1.3979e-01 -3.0865e-01 1.9206e-01 -3.8666e-01 -1.3800e-01 -1.4216e-01 -1.3800e-01 -1.3800e-01 -1.4457e-01 2.7113e-01 2.7113e-01 -1.5353e-01 2.2123e-01 2.7113e-01 -1.3680e-01 2.6819e-01 -1.6338e-01 -1.3741e-01 2.6819e-01 1.5051e-01 -1.3902e-01 -4.9873e-02 -1.1560e-01 -3.5612e-02 -4.8238e-02 -4.8238e-02 -6.0479e-02 -6.0479e-02 -6.0479e-02 -6.0479e-02 -6.0479e-02 -6.0479e-02 -6.0479e-02 -7.3168e-02 -6.0479e-02
7.6604e-01 9.8510e-01 9.8510e-01 9.8084e-01 9.8510e-01 9.9363e-01 9.9787e-01 1.0000e+00 7.9732e-01 9.2968e-01 9.0202e-01 9.2535e-01 9.2322e-01 9.1472e-01 9.2535e-01 -1.4881e-01 -1.3585e-01 -1.2861e-01 3.2748e-01 2.5552e-01 2.9711e-01 -5.1844e-01 -1.4324e-01 -1.4324e-01 5.2106e-01 5.1844e-01 -1.4324e-01 4.6101e-01 4.6101e-01 4.6375e-01 4.6101e-01 -1.8683e-01 4.4574e-01 -1.4106e-01 2.9542e-01 2.9542e-01 5.4959e-02 5.1397e-01 -1.3589e-01 5.1660e-01 -1.3589e-01 -5.1397e-01 -5.1397e-01 1.6122e-03 -1.5479e-01 -8.4898e-02 -1.5061e-01 6.9125e-03 2.3733e-01 -3.5220e-01 -1.5061e-01 -3.5220e-01 -3.5220e-01 -3.1066e-01 1.5888e-01 -3.0203e-01 -3.0203e-01 -1.4885e-01 1.9127e-01 -1.4055e-01 -3.0763e-01 1.9127e-01 -3.8529e-01 -1.3876e-01 -1.4291e-01 -1.3876e-01 -1.3876e-01 -1.4531e-01 2.7016e-01 2.7016e-01 -1.5399e-01 2.2047e-01 2.7016e-01 -1.3713e-01 2.6722e-01 -1.6380e-01 -1.3776e-01 2.6722e-01 1.5014e-01 -1.3949e-01 -4.8713e-02 -1.1429e-01 -3.5885e-02 -4.8473e-02 -4.8473e-02 -6.0699e-02 -6.0699e-02 -6.0699e-02 -6.0699e-02 -6.0699e-02 -6.0699e-02 -6.0699e-02 -7.4244e-02 -6.0699e-02
9.4716e-01 7.9319e-01 7.9319e-01 7.8978e-01 7.9319e-01 8.0243e-01 7.9902e-01 7.9732e-01 1.0000e+00 7.2098e-01 7.0391e-01 7.1755e-01 7.1461e-01 7.2150e-01 7.1755e-01 -1.1807e-01 -1.0770e-01 -1.0948e-01 4.3588e-01 3.6400e-01 4.9208e-01 -3.7633e-01 -1.1637e-01 -1.1637e-01 3.7961e-01 3.7633e-01 -1.1637e-01 3.3048e-01 3.3048e-01 3.2934e-01 3.3048e-01 -1.4649e-01 1.4774e-01 -1.1465e-01 4.9062e-01 4.9062e-01 9.4114e-02 3.7276e-01 -8.5590e-02 3.7158e-01 -8.5590e-02 -3.7276e-01 -3.7276e-01 1.6333e-01 -8.5513e-02 -8.0414e-02 -8.7015e-02 1.6983e-01 3.3891e-01 1.1572e-01 -8.7015e-02 1.1572e-01 1.1572e-01 1.3376e-01 2.4250e-01 1.3874e-01 1.3874e-01 -8.5513e-02 2.7331e-01 -7.5698e-02 1.2881e-01 2.7331e-01 -9.0023e-02 -7.4165e-02 -7.9069e-02 -7.4165e-02 -7.4165e-02 -8.2487e-02 -1.3571e-01 -1.3571e-01 -1.1748e-01 -1.1096e-01 -1.3571e-01 -1.1816e-01 -1.3435e-01 -1.3257e-01 -1.1515e-01 -1.3435e-01 1.9344e-01 -1.1016e-01 -1.2160e-01 -1.9224e-01 -2.3443e-02 -4.2319e-02 -4.2319e-02 -5.7057e-02 -5.7057e-02 -5.7057e-02 -5.7057e-02 -5.7057e-02 -5.7057e-02 -5.7057e-02 -1.3827e-02 -5.7057e-02
7.4417e-01 9.1862e-01 9.1862e-01 9.1454e-01 9.1862e-01 9.2722e-01 9.3172e-01 9.2968e-01 7.2098e-01 1.0000e+00 9.7188e-01 9.9136e-01 9.9351e-01 9.8483e-01 9.9136e-01 -1.6088e-01 -1.4927e-01 -1.5126e-01 3.4266e-01 2.7089e-01 3.2495e-01 -5.5946e-01 -1.5700e-01 -1.5700e-01 5.6218e-01 5.5946e-01 -1.5700e-01 4.9667e-01 4.9667e-01 4.9951e-01 4.9667e-01 -1.8056e-01 4.7289e-01 -1.5507e-01 3.2330e-01 3.2330e-01 7.3904e-02 5.5931e-01 -1.9236e-01 5.6203e-01 -1.9236e-01 -5.5931e-01 -5.5931e-01 -3.3311e-02 -2.0359e-01 -8.1563e-02 -1.9914e-01 -3.6317e-02 2.5785e-01 -3.9192e-01 -1.9914e-01 -3.9192e-01 -3.9192e-01 -3.4976e-01 1.7783e-01 -3.4696e-01 -3.4696e-01 -1.9759e-01 2.1022e-01 -1.9471e-01 -3.4083e-01 2.1022e-01 -4.2564e-01 -1.8120e-01 -1.8560e-01 -1.8120e-01 -1.8120e-01 -1.9448e-01 2.9702e-01 2.9702e-01 -1.4710e-01 2.6877e-01 2.9702e-01 -1.3233e-01 2.9404e-01 -1.5754e-01 -1.3255e-01 2.9404e-01 1.7102e-01 -1.2408e-01 -5.1543e-02 -1.1541e-01 -3.1768e-02 -6.1527e-02 -4.4942e-02 -5.7403e-02 -5.7403e-02 -5.7403e-02 -5.7403e-02 -5.7403e-02 -5.7403e-02 -5.7403e-02 -8.2742e-02 -5.7403e-02
7.2649e-01 8.9073e-01 8.9073e-01 8.8673e-01 8.9073e-01 8.9938e-01 9.0402e-01 9.0202e-01 7.0391e-01 9.7188e-01 1.0000e+00 9.7636e-01 9.7847e-01 9.8699e-01 9.7636e-01 -1.5730e-01 -1.4589e-01 -1.4784e-01 3.2766e-01 2.5125e-01 3.3354e-01 -5.6551e-01 -1.5371e-01 -1.5371e-01 5.6828e-01 5.6551e-01 -1.5371e-01 5.0430e-01 5.0430e-01 5.0719e-01 5.0430e-01 -1.7684e-01 4.6306e-01 -1.5182e-01 3.3191e-01 3.3191e-01 7.7269e-02 5.6546e-01 -1.8823e-01 5.6824e-01 -1.8823e-01 -5.6546e-01 -5.6546e-01 -2.2876e-02 -2.0927e-01 -7.9574e-02 -2.0473e-01 -2.5833e-02 2.4864e-01 -3.8927e-01 -2.0473e-01 -3.8927e-01 -3.8927e-01 -3.4774e-01 1.6538e-01 -3.4486e-01 -3.4486e-01 -2.0324e-01 1.9676e-01 -2.0022e-01 -3.3882e-01 1.9676e-01 -4.1440e-01 -1.8670e-01 -1.9119e-01 -1.8670e-01 -1.8670e-01 -2.0026e-01 2.9416e-01 2.9416e-01 -1.4297e-01 2.6137e-01 2.9416e-01 -1.2948e-01 2.9110e-01 -1.5381e-01 -1.2945e-01 2.9110e-01 1.7462e-01 -1.1141e-01 -4.7364e-02 -1.1333e-01 -2.9277e-02 -5.9496e-02 -4.2815e-02 -5.5425e-02 -5.5425e-02 -5.5425e-02 -5.5425e-02 -5.5425e-02 -5.5425e-02 -5.5425e-02 -8.7957e-02 -5.5425e-02
7.4078e-01 9.1433e-01 9.1433e-01 9.1023e-01 9.1433e-01 9.2292e-01 9.2739e-01 9.2535e-01 7.1755e-01 9.9136e-01 9.7636e-01 1.0000e+00 9.9784e-01 9.8922e-01 1.0000e+00 -1.6168e-01 -1.5003e-01 -1.4249e-01 3.4060e-01 2.6303e-01 3.2119e-01 -5.6277e-01 -1.5774e-01 -1.5774e-01 5.6547e-01 5.6277e-01 -1.5774e-01 4.9966e-01 4.9966e-01 5.0249e-01 4.9966e-01 -1.8139e-01 4.7456e-01 -1.5580e-01 3.1954e-01 3.1954e-01 7.3165e-02 5.5844e-01 -1.9329e-01 5.6115e-01 -1.9329e-01 -5.5844e-01 -5.5844e-01 -3.2305e-02 -2.0500e-01 -8.2006e-02 -2.0056e-01 -3.1075e-02 2.4986e-01 -3.9591e-01 -2.0056e-01 -3.9591e-01 -3.9591e-01 -3.5348e-01 1.6952e-01 -3.5071e-01 -3.5071e-01 -1.9901e-01 2.0166e-01 -1.9616e-01 -3.5039e-01 2.0166e-01 -4.2761e-01 -1.8266e-01 -1.8704e-01 -1.8266e-01 -1.8266e-01 -1.8987e-01 3.0100e-01 3.0100e-01 -1.4802e-01 2.7449e-01 3.0100e-01 -1.3297e-01 2.9805e-01 -1.5837e-01 -1.3324e-01 2.9805e-01 1.7023e-01 -1.1672e-01 -4.4292e-02 -1.1276e-01 -3.2319e-02 -6.1978e-02 -4.5413e-02 -5.7842e-02 -5.7842e-02 -5.7842e-02 -5.7842e-02 -5.7842e-02 -5.7842e-02 -5.7842e-02 -7.9948e-02 -5.7842e-02
7.3776e-01 9.1217e-01 9.1217e-01 9.0809e-01 9.1217e-01 9.2077e-01 9.2526e-01 9.2322e-01 7.1461e-01 9.9351e-01 9.7847e-01 9.9784e-01 1.0000e+00 9.9136e-01 9.9784e-01 -1.6128e-01 -1.4965e-01 -1.5164e-01 3.4163e-01 2.6406e-01 3.2307e-01 -5.6111e-01 -1.5737e-01 -1.5737e-01 5.6382e-01 5.6111e-01 -1.5737e-01 4.9817e-01 4.9817e-01 5.0100e-01 4.9817e-01 -1.8098e-01 4.7136e-01 -1.5544e-01 3.2142e-01 3.2142e-01 7.3534e-02 5.6095e-01 -1.9283e-01 5.6366e-01 -1.9283e-01 -5.6095e-01 -5.6095e-01 -3.0678e-02 -2.0429e-01 -8.1784e-02 -1.9985e-01 -3.3694e-02 2.5084e-01 -3.9696e-01 -1.9985e-01 -3.9696e-01 -3.9696e-01 -3.5455e-01 1.7035e-01 -3.5178e-01 -3.5178e-01 -1.9830e-01 2.0247e-01 -1.9544e-01 -3.4561e-01 2.0247e-01 -4.2421e-01 -1.8193e-01 -1.8632e-01 -1.8193e-01 -1.8193e-01 -1.9519e-01 3.0201e-01 3.0201e-01 -1.4756e-01 2.7530e-01 3.0201e-01 -1.3265e-01 2.9906e-01 -1.5796e-01 -1.3290e-01 2.9906e-01 1.7063e-01 -1.1624e-01 -4.5461e-02 -1.1409e-01 -3.2043e-02 -6.1752e-02 -4.5178e-02 -5.7623e-02 -5.7623e-02 -5.7623e-02 -5.7623e-02 -5.7623e-02 -5.7623e-02 -5.7623e-02 -8.3816e-02 -5.7623e-02
7.4457e-01 9.0358e-01 9.0358e-01 8.9953e-01 9.0358e-01 9.1219e-01 9.1674e-01 9.1472e-01 7.2150e-01 9.8483e-01 9.8699e-01 9.8922e-01 9.9136e-01 1.0000e+00 9.8922e-01 -1.5969e-01 -1.4814e-01 -1.5012e-01 3.3969e-01 2.6243e-01 3.2637e-01 -5.5451e-01 -1.5590e-01 -1.5590e-01 5.5724e-01 5.5451e-01 -1.5590e-01 4.9219e-01 4.9219e-01 4.9504e-01 4.9219e-01 -1.7932e-01 4.5857e-01 -1.5398e-01 3.2473e-01 3.2473e-01 7.5018e-02 5.5439e-01 -1.9098e-01 5.5713e-01 -1.9098e-01 -5.5439e-01 -5.5439e-01 -2.4153e-02 -2.0146e-01 -8.0899e-02 -1.9699e-01 -2.7148e-02 2.4874e-01 -3.8286e-01 -1.9699e-01 -3.8286e-01 -3.8286e-01 -3.4122e-01 1.6703e-01 -3.3838e-01 -3.3838e-01 -1.9546e-01 1.9879e-01 -1.9255e-01 -3.3232e-01 1.9879e-01 -4.1057e-01 -1.7903e-01 -1.8344e-01 -1.7903e-01 -1.7903e-01 -1.9236e-01 2.8802e-01 2.8802e-01 -1.4572e-01 2.5649e-01 2.8802e-01 -1.3138e-01 2.8499e-01 -1.5630e-01 -1.3152e-01 2.8499e-01 1.7221e-01 -1.1431e-01 -4.0312e-02 -1.1003e-01 -3.0939e-02 -6.0850e-02 -4.4234e-02 -5.6744e-02 -5.6744e-02 -5.6744e-02 -5.6744e-02 -5.6744e-02 -5.6744e-02 -5.6744e-02 -8.4470e-02 -5.6744e-02
7.4078e-01 9.1433e-01 9.1433e-01 9.1023e-01 9.1433e-01 9.2292e-01 9.2739e-01 9.2535e-01 7.1755e-01 9.9136e-01 9.7636e-01 1.0000e+00 9.9784e-01 9.8922e-01 1.0000e+00 -1.6168e-01 -1.5003e-01 -1.4249e-01 3.4060e-01 2.6303e-01 3.2119e-01 -5.6277e-01 -1.5774e-01 -1.5774e-01 5.6547e-01 5.6277e-01 -1.5774e-01 4.9966e-01 4.9966e-01 5.0249e-01 4.9966e-01 -1.8139e-01 4.7456e-01 -1.5580e-01 3.1954e-01 3.1954e-01 7.3165e-02 5.5844e-01 -1.9329e-01 5.6115e-01 -1.9329e-01 -5.5844e-01 -5.5844e-01 -3.2305e-02 -2.0500e-01 -8.2006e-02 -2.0056e-01 -3.1075e-02 2.4986e-01 -3.9591e-01 -2.0056e-01 -3.9591e-01 -3.9591e-01 -3.5348e-01 1.6952e-01 -3.5071e-01 -3.5071e-01 -1.9901e-01 2.0166e-01 -1.9616e-01 -3.5039e-01 2.0166e-01 -4.2761e-01 -1.8266e-01 -1.8704e-01 -1.8266e-01 -1.8266e-01 -1.8987e-01 3.0100e-01 3.0100e-01 -1.4802e-01 2.7449e-01 3.0100e-01 -1.3297e-01 2.9805e-01 -1.5837e-01 -1.3324e-01 2.9805e-01 1.7023e-01 -1.1672e-01 -4.4292e-02 -1.1276e-01 -3.2319e-02 -6.1978e-02 -4.5413e-02 -5.7842e-02 -5.7842e-02 -5.7842e-02 -5.7842e-02 -5.7842e-02 -5.7842e-02 -5.7842e-02 -7.9948e-02 -5.7842e-02
-1.2357e-01 -1.4757e-01 -1.4757e-01 -1.4839e-01 -1.4757e-01 -1.4757e-01 -1.4839e-01 -1.4881e-01 -1.1807e-01 -1.6088e-01 -1.5730e-01 -1.6168e-01 -1.6128e-01 -1.5969e-01 -1.6168e-01 1.0000e+00 9.2060e-01 8.9061e-01 -9.5083e-02 -1.0146e-01 -1.3241e-01 1.8849e-01 9.1027e-01 9.1027e-01 -1.8023e-01 -1.7974e-01 9.1027e-01 2.0905e-01 2.0905e-01 2.0863e-01 2.0905e-01 -6.1100e-02 -1.4308e-01 8.9983e-01 -1.1497e-01 -1.1497e-01 -3.7596e-02 -1.7247e-01 -6.7268e-02 -1.7296e-01 -6.7268e-02 1.7247e-01 1.7247e-01 3.0287e-01 4.9705e-01 5.1125e-01 4.9489e-01 3.0161e-01 -9.5889e-02 9.4273e-02 4.9489e-01 9.4273e-02 9.4273e-02 9.9484e-02 -8.4262e-02 8.6674e-02 8.6674e-02 4.5915e-01 -7.9896e-02 4.6762e-01 8.7536e-02 -7.9896e-02 1.2588e-01 4.5710e-01 4.4652e-01 4.5710e-01 4.5710e-01 4.3791e-01 -9.6292e-02 -9.6292e-02 4.2237e-02 -7.4458e-02 -9.6292e-02 -4.6329e-02 -9.5889e-02 -5.9484e-02 -4.9570e-02 -9.5889e-02 -3.3366e-02 -4.6702e-02 8.2095e-03 1.7381e-02 -3.4251e-02 1.4418e-01 1.0923e-01 1.1473e-01 1.1473e-01 1.1473e-01 1.1473e-01 1.1473e-01 1.1473e-01 1.1473e-01 -1.5849e-02 1.1473e-01
-1.1398e-01 -1.3467e-01 -1.3467e-01 -1.3546e-01 -1.3467e-01 -1.3467e-01 -1.3546e-01 -1.3585e-01 -1.0770e-01 -1.4927e-01 -1.4589e-01 -1.5003e-01 -1.4965e-01 -1.4814e-01 -1.5003e-01 9.2060e-01 1.0000e+00 9.6818e-01 -8.9465e-02 -9.5463e-02 -1.8346e-01 2.3499e-01 9.8923e-01 9.8923e-01 -2.2622e-01 -2.2575e-01 9.8923e-01 1.9670e-01 1.9670e-01 1.9630e-01 1.9670e-01 -5.7490e-02 -1.3462e-01 9.7836e-01 -1.6497e-01 -1.6497e-01 -3.5375e-02 -2.1791e-01 -6.3294e-02 -2.1838e-01 -6.3294e-02 2.1791e-01 2.1791e-01 2.8498e-01 5.4944e-01 5.7941e-01 5.4715e-01 2.8379e-01 -9.0224e-02 8.8703e-02 5.4715e-01 8.8703e-02 8.8703e-02 9.3606e-02 -7.9284e-02 8.0122e-02 8.0122e-02 5.0941e-01 -7.5176e-02 5.1837e-01 8.0942e-02 -7.5176e-02 1.1727e-01 5.0725e-01 4.9607e-01 5.0725e-01 5.0725e-01 4.8696e-01 -9.0602e-02 -9.0602e-02 5.1949e-02 -7.0059e-02 -9.0602e-02 -4.3592e-02 -9.0224e-02 -5.5970e-02 -4.6641e-02 -9.0224e-02 -3.1395e-02 -4.1922e-02 -6.5842e-03 1.5746e-03 -3.2227e-02 1.5579e-01 1.1888e-01 1.2457e-01 1.2457e-01 1.2457e-01 1.2457e-01 1.2457e-01 1.2457e-01 1.2457e-01 -1.6969e-03 1.2457e-01
-1.0522e-01 -1.2741e-01 -1.2741e-01 -1.2821e-01 -1.2741e-01 -1.2741e-01 -1.2821e-01 -1.2861e-01 -1.0948e-01 -1.5126e-01 -1.4784e-01 -1.4249e-01 -1.5164e-01 -1.5012e-01 -1.4249e-01 8.9061e-01 9.6818e-01 1.0000e+00 -9.0420e-02 -9.6483e-02 -1.8542e-01 2.2835e-01 9.7877e-01 9.7877e-01 -2.2882e-01 -2.2835e-01 9.7877e-01 1.8957e-01 1.8957e-01 1.8916e-01 1.8957e-01 -5.8104e-02 -1.2565e-01 9.6802e-01 -1.7646e-01 -1.7646e-01 -3.5752e-02 -2.2977e-01 -6.3970e-02 -2.2109e-01 -6.3970e-02 2.2977e-01 2.2977e-01 2.7863e-01 5.2914e-01 5.7328e-01 5.4009e-01 2.8682e-01 -9.1188e-02 8.9650e-02 5.4009e-01 8.9650e-02 8.9650e-02 9.4606e-02 -8.0131e-02 8.1243e-02 8.1243e-02 5.1593e-01 -7.5979e-02 5.1157e-01 6.9157e-02 -7.5979e-02 1.0807e-01 5.0056e-01 5.0271e-01 5.0056e-01 5.0056e-01 5.0708e-01 -9.1570e-02 -9.1570e-02 3.1768e-02 -7.0807e-02 -9.1570e-02 -4.4058e-02 -9.1188e-02 -5.6567e-02 -4.7139e-02 -9.1188e-02 -3.1730e-02 -6.1089e-02 -4.0032e-03 1.4652e-02 -3.2571e-02 1.5373e-01 1.1717e-01 1.2282e-01 1.2282e-01 1.2282e-01 1.2282e-01 1.2282e-01 1.2282e-01 1.2282e-01 1.7653e-02 1.2282e-01
4.3817e-01 3.2444e-01 3.2444e-01 3.2246e-01 3.2444e-01 3.3047e-01 3.2848e-01 3.2748e-01 4.3588e-01 3.4266e-01 3.2766e-01 3.4060e-01 3.4163e-01 3.3969e-01 3.4060e-01 -9.5083e-02 -8.9465e-02 -9.0420e-02 1.0000e+00 8.8035e-01 3.7475e-01 -2.7598e-01 -8.8501e-02 -8.8501e-02 2.7521e-01 2.7598e-01 -8.8501e-02 2.3801e-01 2.3801e-01 2.3728e-01 2.3801e-01 -1.0045e-01 5.0576e-01 -8.7528e-02 3.7379e-01 3.7379e-01 3.9540e-01 2.7369e-01 -1.1059e-01 2.7292e-01 -1.1059e-01 -2.7369e-01 -2.7369e-01 -1.7066e-01 -7.7815e-03 -5.1837e-02 -8.8905e-03 -1.7212e-01 7.8033e-01 1.4643e-01 -8.8905e-03 1.4643e-01 1.4643e-01 1.5533e-01 6.4399e-01 1.5465e-01 1.5465e-01 -7.7815e-03 5.8766e-01 -9.9930e-03 1.5600e-01 5.8766e-01 -2.6462e-01 -8.8905e-03 -7.7815e-03 -8.8905e-03 -8.8905e-03 -3.0895e-02 -1.4146e-01 -1.4146e-01 -8.1282e-02 -1.0183e-01 -1.4146e-01 -7.6168e-02 -1.4075e-01 -7.2851e-02 -8.1496e-02 -1.4075e-01 1.8007e-01 -3.5652e-02 -1.9519e-01 -2.0009e-01 -3.5484e-02 -5.0263e-02 -2.7026e-02 -4.8643e-02 -4.8643e-02 -4.8643e-02 -4.8643e-02 -4.8643e-02 -4.8643e-02 -4.8643e-02 -4.8244e-02 -4.8643e-02
3.6661e-01 2.5280e-01 2.5280e-01 2.5078e-01 2.5280e-01 2.5855e-01 2.5653e-01 2.5552e-01 3.6400e-01 2.7089e-01 2.5125e-01 2.6303e-01 2.6406e-01 2.6243e-01 2.6303e-01 -1.0146e-01 -9.5463e-02 -9.6483e-02 8.8035e-01 1.0000e+00 4.1823e-01 -3.0625e-01 -9.4435e-02 -9.4435e-02 3.0543e-01 3.0625e-01 -9.4435e-02 2.6584e-01 2.6584e-01 2.6507e-01 2.6584e-01 -1.0719e-01 5.9541e-01 -9.3397e-02 4.1719e-01 4.1719e-01 3.7056e-01 3.0380e-01 -1.1801e-01 3.0299e-01 -1.1801e-01 -3.0380e-01 -3.0380e-01 -2.3240e-01 -2.5285e-02 -5.5312e-02 -2.6418e-02 -2.3390e-01 9.1285e-01 1.6538e-01 -2.6418e-02 1.6538e-01 1.6538e-01 1.7452e-01 7.9494e-01 1.7383e-01 1.7383e-01 -2.5285e-02 7.5038e-01 -2.7544e-02 1.7522e-01 7.5038e-01 -3.5702e-01 -2.6418e-02 -2.5285e-02 -2.6418e-02 -2.6418e-02 -4.7203e-02 -1.6088e-01 -1.6088e-01 -8.9369e-02 -1.2080e-01 -1.6088e-01 -8.1275e-02 -1.6015e-01 -8.0537e-02 -8.6960e-02 -1.6015e-01 1.6575e-01 -5.7033e-02 -2.8672e-01 -2.5183e-01 -4.0202e-02 -5.3633e-02 -3.1448e-02 -5.1904e-02 -5.1904e-02 -5.1904e-02 -5.1904e-02 -5.1904e-02 -5.1904e-02 -5.1904e-02 -1.0594e-02 -5.1904e-02
4.8631e-01 2.9419e-01 2.9419e-01 2.9894e-01 2.9419e-01 2.9841e-01 2.9474e-01 2.9711e-01 4.9208e-01 3.2495e-01 3.3354e-01 3.2119e-01 3.2307e-01 3.2637e-01 3.2119e-01 -1.3241e-01 -1.8346e-01 -1.8542e-01 3.7475e-01 4.1823e-01 1.0000e+00 -7.8069e-01 -1.8148e-01 -1.8148e-01 7.7914e-01 7.7662e-01 -1.8148e-01 7.0068e-01 7.0068e-01 6.9926e-01 7.0068e-01 -2.0599e-01 1.5116e-01 -1.7949e-01 9.9377e-01 9.9377e-01 1.9282e-01 7.7197e-01 -2.2678e-01 7.7043e-01 -2.2678e-01 -7.7197e-01 -7.7197e-01 3.9103e-01 -3.2011e-01 -1.0630e-01 -3.2148e-01 3.8735e-01 4.8589e-01 2.4606e-01 -3.2148e-01 2.4606e-01 2.4606e-01 2.6636e-01 4.2565e-01 2.6483e-01 2.6483e-01 -3.0837e-01 4.0298e-01 -3.1118e-01 2.6789e-01 4.0298e-01 -5.7954e-02 -2.9807e-01 -2.9663e-01 -2.9807e-01 -2.9807e-01 -2.9374e-01 -2.3630e-01 -2.3630e-01 -1.7380e-01 -1.5753e-01 -2.3630e-01 -1.4525e-01 -2.3468e-01 -1.7439e-01 -1.3629e-01 -2.3468e-01 1.7113e-01 -1.5952e-01 -2.7025e-01 -3.0225e-01 -1.3573e-02 -5.4345e-02 -3.8103e-02 -4.9449e-02 -4.9449e-02 -4.9449e-02 -4.9449e-02 -4.9449e-02 -4.9449e-02 -4.9449e-02 2.5073e-02 -4.9449e-02
-3.8444e-01 -5.0922e-01 -5.0922e-01 -5.1262e-01 -5.0922e-01 -5.1335e-01 -5.1674e-01 -5.1844e-01 -3.7633e-01 -5.5946e-01 -5.6551e-01 -5.6277e-01 -5.6111e-01 -5.5451e-01 -5.6277e-01 1.8849e-01 2.3499e-01 2.2835e-01 -2.7598e-01 -3.0625e-01 -7.8069e-01 1.0000e+00 2.3246e-01 2.3246e-01 -9.9801e-01 -9.9602e-01 2.3246e-01 -8.9876e-01 -8.9876e-01 -8.9693e-01 -8.9876e-01 2.6385e-01 -5.5931e-01 2.2991e-01 -7.7418e-01 -7.7418e-01 -1.5053e-01 -9.8608e-01 2.9049e-01 -9.8410e-01 2.9049e-01 9.8608e-01 9.8608e-01 -1.8855e-01 4.1181e-01 1.3616e-01 4.1356e-01 -1.8822e-01 -3.8394e-01 3.5405e-01 4.1356e-01 3.5405e-01 3.5405e-01 3.0259e-01 -3.3739e-01 3.0073e-01 3.0073e-01 4.0031e-01 -3.1991e-01 4.0388e-01 2.9882e-01 -3.1991e-01 4.6134e-01 3.8490e-01 3.8307e-01 3.8490e-01 3.8490e-01 3.7361e-01 -2.6448e-01 -2.6448e-01 2.1894e-01 -2.5588e-01 -2.6448e-01 1.6794e-01 -2.6250e-01 2.1420e-01 1.6375e-01 -2.6250e-01 -1.3360e-01 1.9761e-01 1.9580e-01 2.3302e-01 3.3888e-02 8.4317e-02 6.8415e-02 7.8521e-02 7.8521e-02 7.8521e-02 7.8521e-02 7.8521e-02 7.8521e-02 7.8521e-02 6.0851e-02 7.8521e-02
-1.1232e-01 -1.4210e-01 -1.4210e-01 -1.4286e-01 -1.4210e-01 -1.4210e-01 -1.4286e-01 -1.4324e-01 -1.1637e-01 -1.5700e-01 -1.5371e-01 -1.5774e-01 -1.5737e-01 -1.5590e-01 -1.5774e-01 9.1027e-01 9.8923e-01 9.7877e-01 -8.8501e-02 -9.4435e-02 -1.8148e-01 2.3246e-01 1.0000e+00 1.0000e+00 -2.3292e-01 -2.3246e-01 1.0000e+00 1.9458e-01 1.9458e-01 1.9419e-01 1.9458e-01 -5.6870e-02 -1.3317e-01 9.8901e-01 -1.7233e-01 -1.7233e-01 -3.4994e-02 -2.2452e-01 -6.2612e-02 -2.2498e-01 -6.2612e-02 2.2452e-01 2.2452e-01 2.8191e-01 5.4324e-01 5.8572e-01 5.4098e-01 2.8073e-01 -8.9252e-02 8.7747e-02 5.4098e-01 8.7747e-02 8.7747e-02 9.2598e-02 -7.8430e-02 7.8989e-02 7.8989e-02 5.1630e-01 -7.4366e-02 5.1196e-01 7.9801e-02 -7.4366e-02 1.1578e-01 5.0068e-01 5.0282e-01 5.0068e-01 5.0068e-01 4.9361e-01 -8.9626e-02 -8.9626e-02 3.4861e-02 -6.9304e-02 -8.9626e-02 -4.3122e-02 -8.9252e-02 -5.5367e-02 -4.6139e-02 -8.9252e-02 -3.1057e-02 -5.9792e-02 -9.2164e-03 9.2894e-03 -3.1880e-02 1.5792e-01 1.2064e-01 1.2637e-01 1.2637e-01 1.2637e-01 1.2637e-01 1.2637e-01 1.2637e-01 1.2637e-01 8.1809e-04 1.2637e-01
-1.1232e-01 -1.4210e-01 -1.4210e-01 -1.4286e-01 -1.4210e-01 -1.4210e-01 -1.4286e-01 -1.4324e-01 -1.1637e-01 -1.5700e-01 -1.5371e-01 -1.5774e-01 -1.5737e-01 -1.5590e-01 -1.5774e-01 9.1027e-01 9.8923e-01 9.7877e-01 -8.8501e-02 -9.4435e-02 -1.8148e-01 2.3246e-01 1.0000e+00 1.0000e+00 -2.3292e-01 -2.3246e-01 1.0000e+00 1.9458e-01 1.9458e-01 1.9419e-01 1.9458e-01 -5.6870e-02 -1.3317e-01 9.8901e-01 -1.7233e-01 -1.7233e-01 -3.4994e-02 -2.2452e-01 -6.2612e-02 -2.2498e-01 -6.2612e-02 2.2452e-01 2.2452e-01 2.8191e-01 5.4324e-01 5.8572e-01 5.4098e-01 2.8073e-01 -8.9252e-02 8.7747e-02 5.4098e-01 8.7747e-02 8.7747e-02 9.2598e-02 -7.8430e-02 7.8989e-02 7.8989e-02 5.1630e-01 -7.4366e-02 5.1196e-01 7.9801e-02 -7.4366e-02 1.1578e-01 5.0068e-01 5.0282e-01 5.0068e-01 5.0068e-01 4.9361e-01 -8.9626e-02 -8.9626e-02 3.4861e-02 -6.9304e-02 -8.9626e-02 -4.3122e-02 -8.9252e-02 -5.5367e-02 -4.6139e-02 -8.9252e-02 -3.1057e-02 -5.9792e-02 -9.2164e-03 9.2894e-03 -3.1880e-02 1.5792e-01 1.2064e-01 1.2637e-01 1.2637e-01 1.2637e-01 1.2637e-01 1.2637e-01 1.2637e-01 1.2637e-01 8.1809e-04 1.2637e-01
3.8328e-01 5.1187e-01 5.1187e-01 5.1525e-01 5.1187e-01 5.1599e-01 5.1937e-01 5.2106e-01 3.7961e-01 5.6218e-01 5.6828e-01 5.6547e-01 5.6382e-01 5.5724e-01 5.6547e-01 -1.8023e-01 -2.2622e-01 -2.2882e-01 2.7521e-01 3.0543e-01 7.7914e-01 -9.9801e-01 -2.3292e-01 -2.3292e-01 1.0000e+00 9.9801e-01 -2.3292e-01 9.0056e-01 9.0056e-01 8.9872e-01 9.0056e-01 -2.6438e-01 5.5817e-01 -2.3037e-01 7.7669e-01 7.7669e-01 1.5024e-01 9.8806e-01 -2.9107e-01 9.8608e-01 -2.9107e-01 -9.8806e-01 -9.8806e-01 1.9107e-01 -4.0689e-01 -1.3643e-01 -4.0866e-01 1.9073e-01 3.8318e-01 -3.5330e-01 -4.0866e-01 -3.5330e-01 -3.5330e-01 -3.0179e-01 3.3672e-01 -2.9993e-01 -2.9993e-01 -4.0115e-01 3.1927e-01 -3.9900e-01 -2.9802e-01 3.1927e-01 -4.6025e-01 -3.8001e-01 -3.8390e-01 -3.8001e-01 -3.8001e-01 -3.7443e-01 2.6371e-01 2.6371e-01 -2.1144e-01 2.5528e-01 2.6371e-01 -1.6833e-01 2.6173e-01 -2.1471e-01 -1.6418e-01 2.6173e-01 1.3333e-01 -1.9018e-01 -1.9472e-01 -2.3632e-01 -3.4174e-02 -8.4577e-02 -6.8673e-02 -7.8772e-02 -7.8772e-02 -7.8772e-02 -7.8772e-02 -7.8772e-02 -7.8772e-02 -7.8772e-02 -6.1936e-02 -7.8772e-02
3.7992e-01 5.0922e-01 5.0922e-01 5.1262e-01 5.0922e-01 5.1335e-01 5.1674e-01 5.1844e-01 3.7633e-01 5.5946e-01 5.6551e-01 5.6277e-01 5.6111e-01 5.5451e-01 5.6277e-01 -1.7974e-01 -2.2575e-01 -2.2835e-01 2.7598e-01 3.0625e-01 7.7662e-01 -9.9602e-01 -2.3246e-01 -2.3246e-01 9.9801e-01 1.0000e+00 -2.3246e-01 9.0277e-01 9.0277e-01 9.0095e-01 9.0277e-01 -2.6385e-01 5.5931e-01 -2.2991e-01 7.7825e-01 7.7825e-01 1.5053e-01 9.9006e-01 -2.9049e-01 9.8808e-01 -2.9049e-01 -9.9006e-01 -9.9006e-01 1.9263e-01 -4.0606e-01 -1.3616e-01 -4.0783e-01 1.9230e-01 3.8394e-01 -3.5405e-01 -4.0783e-01 -3.5405e-01 -3.5405e-01 -3.0259e-01 3.3739e-01 -3.0073e-01 -3.0073e-01 -4.0031e-01 3.1991e-01 -3.9816e-01 -2.9882e-01 3.1991e-01 -4.6134e-01 -3.7917e-01 -3.8307e-01 -3.7917e-01 -3.7917e-01 -3.7361e-01 2.6448e-01 2.6448e-01 -2.1090e-01 2.5588e-01 2.6448e-01 -1.6794e-01 2.6250e-01 -2.1420e-01 -1.6375e-01 2.6250e-01 1.3360e-01 -1.8963e-01 -1.9580e-01 -2.3751e-01 -3.3888e-02 -8.4317e-02 -6.8415e-02 -7.8521e-02 -7.8521e-02 -7.8521e-02 -7.8521e-02 -7.8521e-02 -7.8521e-02 -7.8521e-02 -6.0851e-02 -7.8521e-02
-1.1232e-01 -1.4210e-01 -1.4210e-01 -1.4286e-01 -1.4210e-01 -1.4210e-01 -1.4286e-01 -1.4324e-01 -1.1637e-01 -1.5700e-01 -1.5371e-01 -1.5774e-01 -1.5737e-01 -1.5590e-01 -1.5774e-01 9.1027e-01 9.8923e-01 9.7877e-01 -8.8501e-02 -9.4435e-02 -1.8148e-01 2.3246e-01 1.0000e+00 1.0000e+00 -2.3292e-01 -2.3246e-01 1.0000e+00 1.9458e-01 1.9458e-01 1.9419e-01 1.9458e-01 -5.6870e-02 -1.3317e-01 9.8901e-01 -1.7233e-01 -1.7233e-01 -3.4994e-02 -2.2452e-01 -6.2612e-02 -2.2498e-01 -6.2612e-02 2.2452e-01 2.2452e-01 2.8191e-01 5.4324e-01 5.8572e-01 5.4098e-01 2.8073e-01 -8.9252e-02 8.7747e-02 5.4098e-01 8.7747e-02 8.7747e-02 9.2598e-02 -7.8430e-02 7.8989e-02 7.8989e-02 5.1630e-01 -7.4366e-02 5.1196e-01 7.9801e-02 -7.4366e-02 1.1578e-01 5.0068e-01 5.0282e-01 5.0068e-01 5.0068e-01 4.9361e-01 -8.9626e-02 -8.9626e-02 3.4861e-02 -6.9304e-02 -8.9626e-02 -4.3122e-02 -8.9252e-02 -5.5367e-02 -4.6139e-02 -8.9252e-02 -3.1057e-02 -5.9792e-02 -9.2164e-03 9.2894e-03 -3.1880e-02 1.5792e-01 1.2064e-01 1.2637e-01 1.2637e-01 1.2637e-01 1.2637e-01 1.2637e-01 1.2637e-01 1.2637e-01 8.1809e-04 1.2637e-01
3.3599e-01 4.5224e-01 4.5224e-01 4.5532e-01 4.5224e-01 4.5640e-01 4.5948e-01 4.6101e-01 3.3048e-01 4.9667e-01 5.0430e-01 4.9966e-01 4.9817e-01 4.9219e-01 4.9966e-01 2.0905e-01 1.9670e-01 1.8957e-01 2.3801e-01 2.6584e-01 7.0068e-01 -8.9876e-01 1.9458e-01 1.9458e-01 9.0056e-01 9.0277e-01 1.9458e-01 1.0000e+00 1.0000e+00 9.9797e-01 1.0000e+00 -2.9227e-01 5.1719e-01 1.9244e-01 7.0625e-01 7.0625e-01 1.3590e-01 9.0818e-01 -3.2178e-01 9.0598e-01 -3.2178e-01 -9.0818e-01 -9.0818e-01 3.1097e-01 -1.7831e-01 1.1397e-01 -1.8107e-01 3.1010e-01 3.4661e-01 -3.3486e-01 -1.8107e-01 -3.3486e-01 -3.3486e-01 -2.8004e-01 3.0459e-01 -2.8408e-01 -2.8408e-01 -1.8411e-01 2.8880e-01 -1.8382e-01 -2.8169e-01 2.8880e-01 -4.2633e-01 -1.6951e-01 -1.7251e-01 -1.6951e-01 -1.6951e-01 -1.6691e-01 2.3171e-01 2.3171e-01 -1.9941e-01 2.2651e-01 2.3171e-01 -1.8919e-01 2.2990e-01 -2.4147e-01 -1.8635e-01 2.2990e-01 1.2061e-01 -2.1871e-01 -2.0299e-01 -2.3656e-01 -4.8779e-02 -1.7866e-02 -1.7866e-02 -2.5572e-02 -2.5572e-02 -2.5572e-02 -2.5572e-02 -2.5572e-02 -2.5572e-02 -2.5572e-02 -5.9535e-02 -2.5572e-02
3.3599e-01 4.5224e-01 4.5224e-01 4.5532e-01 4.5224e-01 4.5640e-01 4.5948e-01 4.6101e-01 3.3048e-01 4.9667e-01 5.0430e-01 4.9966e-01 4.9817e-01 4.9219e-01 4.9966e-01 2.0905e-01 1.9670e-01 1.8957e-01 2.3801e-01 2.6584e-01 7.0068e-01 -8.9876e-01 1.9458e-01 1.9458e-01 9.0056e-01 9.0277e-01 1.9458e-01 1.0000e+00 1.0000e+00 9.9797e-01 1.0000e+00 -2.9227e-01 5.1719e-01 1.9244e-01 7.0625e-01 7.0625e-01 1.3590e-01 9.0818e-01 -3.2178e-01 9.0598e-01 -3.2178e-01 -9.0818e-01 -9.0818e-01 3.1097e-01 -1.7831e-01 1.1397e-01 -1.8107e-01 3.1010e-01 3.4661e-01 -3.3486e-01 -1.8107e-01 -3.3486e-01 -3.3486e-01 -2.8004e-01 3.0459e-01 -2.8408e-01 -2.8408e-01 -1.8411e-01 2.8880e-01 -1.8382e-01 -2.8169e-01 2.8880e-01 -4.2633e-01 -1.6951e-01 -1.7251e-01 -1.6951e-01 -1.6951e-01 -1.6691e-01 2.3171e-01 2.3171e-01 -1.9941e-01 2.2651e-01 2.3171e-01 -1.8919e-01 2.2990e-01 -2.4147e-01 -1.8635e-01 2.2990e-01 1.2061e-01 -2.1871e-01 -2.0299e-01 -2.3656e-01 -4.8779e-02 -1.7866e-02 -1.7866e-02 -2.5572e-02 -2.5572e-02 -2.5572e-02 -2.5572e-02 -2.5572e-02 -2.5572e-02 -2.5572e-02 -5.9535e-02 -2.5572e-02
3.3489e-01 4.5500e-01 4.5500e-01 4.5806e-01 4.5500e-01 4.5916e-01 4.6222e-01 4.6375e-01 3.2934e-01 4.9951e-01 5.0719e-01 5.0249e-01 5.0100e-01 4.9504e-01 5.0249e-01 2.0863e-01 1.9630e-01 1.8916e-01 2.3728e-01 2.6507e-01 6.9926e-01 -8.9693e-01 1.9419e-01 1.9419e-01 8.9872e-01 9.0095e-01 1.9419e-01 9.9797e-01 9.9797e-01 1.0000e+00 9.9797e-01 -2.9286e-01 5.1614e-01 1.9205e-01 7.0482e-01 7.0482e-01 1.3562e-01 9.0634e-01 -3.2243e-01 9.0413e-01 -3.2243e-01 -9.0634e-01 -9.0634e-01 3.0946e-01 -1.7917e-01 1.1374e-01 -1.8194e-01 3.0859e-01 3.4591e-01 -3.3417e-01 -1.8194e-01 -3.3417e-01 -3.3417e-01 -2.7929e-01 3.0397e-01 -2.8333e-01 -2.8333e-01 -1.8497e-01 2.8822e-01 -1.8469e-01 -2.8094e-01 2.8822e-01 -4.2532e-01 -1.7037e-01 -1.7337e-01 -1.7037e-01 -1.7037e-01 -1.6776e-01 2.3097e-01 2.3097e-01 -2.0000e-01 2.2595e-01 2.3097e-01 -1.8963e-01 2.2917e-01 -2.4204e-01 -1.8682e-01 2.2917e-01 1.2037e-01 -2.1931e-01 -2.0194e-01 -2.3541e-01 -4.9079e-02 -1.8126e-02 -1.8126e-02 -2.5827e-02 -2.5827e-02 -2.5827e-02 -2.5827e-02 -2.5827e-02 -2.5827e-02 -2.5827e-02 -6.0642e-02 -2.5827e-02
3.3599e-01 4.5224e-01 4.5224e-01 4.5532e-01 4.5224e-01 4.5640e-01 4.5948e-01 4.6101e-01 3.3048e-01 4.9667e-01 5.0430e-01 4.9966e-01 4.9817e-01 4.9219e-01 4.9966e-01 2.0905e-01 1.9670e-01 1.8957e-01 2.3801e-01 2.6584e-01 7.0068e-01 -8.9876e-01 1.9458e-01 1.9458e-01 9.0056e-01 9.0277e-01 1.9458e-01 1.0000e+00 1.0000e+00 9.9797e-01 1.0000e+00 -2.9227e-01 5.1719e-01 1.9244e-01 7.0625e-01 7.0625e-01 1.3590e-01 9.0818e-01 -3.2178e-01 9.0598e-01 -3.2178e-01 -9.0818e-01 -9.0818e-01 3.1097e-01 -1.7831e-01 1.1397e-01 -1.8107e-01 3.1010e-01 3.4661e-01 -3.3486e-01 -1.8107e-01 -3.3486e-01 -3.3486e-01 -2.8004e-01 3.0459e-01 -2.8408e-01 -2.8408e-01 -1.8411e-01 2.8880e-01 -1.8382e-01 -2.8169e-01 2.8880e-01 -4.2633e-01 -1.6951e-01 -1.7251e-01 -1.6951e-01 -1.6951e-01 -1.6691e-01 2.3171e-01 2.3171e-01 -1.9941e-01 2.2651e-01 2.3171e-01 -1.8919e-01 2.2990e-01 -2.4147e-01 -1.8635e-01 2.2990e-01 1.2061e-01 -2.1871e-01 -2.0299e-01 -2.3656e-01 -4.8779e-02 -1.7866e-02 -1.7866e-02 -2.5572e-02 -2.5572e-02 -2.5572e-02 -2.5572e-02 -2.5572e-02 -2.5572e-02 -2.5572e-02 -5.9535e-02 -2.5572e-02
-1.3261e-01 -1.7693e-01 -1.7693e-01 -1.7778e-01 -1.7693e-01 -1.8557e-01 -1.8641e-01 -1.8683e-01 -1.4649e-01 -1.8056e-01 -1.7684e-01 -1.8139e-01 -1.8098e-01 -1.7932e-01 -1.8139e-01 -6.1100e-02 -5.7490e-02 -5.8104e-02 -1.0045e-01 -1.0719e-01 -2.0599e-01 2.6385e-01 -5.6870e-02 -5.6870e-02 -2.6438e-01 -2.6385e-01 -5.6870e-02 -2.9227e-01 -2.9227e-01 -2.9286e-01 -2.9227e-01 1.0000e+00 -1.5116e-01 -5.6246e-02 -2.0642e-01 -2.0642e-01 -3.9719e-02 -2.6543e-01 9.0830e-01 -2.6596e-01 9.0830e-01 2.6543e-01 2.6543e-01 3.1998e-01 6.3189e-01 -3.3310e-02 6.2929e-01 3.1864e-01 -1.0130e-01 9.9596e-02 6.2929e-01 9.9596e-02 9.9596e-02 1.0510e-01 -8.9021e-02 1.0468e-01 1.0468e-01 6.3189e-01 -8.4408e-02 6.2670e-01 1.0552e-01 -8.4408e-02 1.4377e-01 6.2929e-01 6.3189e-01 6.2929e-01 6.2929e-01 6.3719e-01 -8.9660e-02 -8.9660e-02 7.7379e-01 -7.8663e-02 -8.9660e-02 6.6857e-01 -8.9198e-02 8.3060e-01 6.8491e-01 -8.9198e-02 -3.5251e-02 6.6715e-01 5.1153e-02 5.0491e-02 2.0252e-01 9.9280e-04 9.9280e-04 3.1087e-03 3.1087e-03 3.1087e-03 3.1087e-03 3.1087e-03 3.1087e-03 3.1087e-03 1.6007e-01 3.1087e-03
1.6445e-01 4.3609e-01 4.3609e-01 4.3316e-01 4.3609e-01 4.4078e-01 4.4721e-01 4.4574e-01 1.4774e-01 4.7289e-01 4.6306e-01 4.7456e-01 4.7136e-01 4.5857e-01 4.7456e-01 -1.4308e-01 -1.3462e-01 -1.2565e-01 5.0576e-01 5.9541e-01 1.5116e-01 -5.5931e-01 -1.3317e-01 -1.3317e-01 5.5817e-01 5.5931e-01 -1.3317e-01 5.1719e-01 5.1719e-01 5.1614e-01 5.1719e-01 -1.5116e-01 1.0000e+00 -1.3171e-01 1.4989e-01 1.4989e-01 2.6276e-01 5.6495e-01 -1.6642e-01 5.6381e-01 -1.6642e-01 -5.6495e-01 -5.6495e-01 -4.7241e-01 -2.3922e-01 -7.8003e-02 -2.4021e-01 -4.6975e-01 6.7019e-01 -5.7234e-01 -2.4021e-01 -5.7234e-01 -5.7234e-01 -5.2880e-01 5.8892e-01 -5.2555e-01 -5.2555e-01 -2.3922e-01 5.5841e-01 -2.4120e-01 -5.2565e-01 5.5841e-01 -7.9806e-01 -2.3369e-01 -2.3268e-01 -2.3369e-01 -2.3369e-01 -2.2408e-01 4.5011e-01 4.5011e-01 -1.3938e-01 3.7628e-01 4.5011e-01 -9.0260e-02 4.4662e-01 -1.2775e-01 -9.9752e-02 4.4662e-01 1.0026e-01 -1.2263e-01 -1.5434e-01 -1.2974e-01 -6.8529e-02 -7.5636e-02 -5.7553e-02 -7.3197e-02 -7.3197e-02 -7.3197e-02 -7.3197e-02 -7.3197e-02 -7.3197e-02 -7.3197e-02 -1.3956e-01 -7.3197e-02
-1.1064e-01 -1.3993e-01 -1.3993e-01 -1.4068e-01 -1.3993e-01 -1.3993e-01 -1.4068e-01 -1.4106e-01 -1.1465e-01 -1.5507e-01 -1.5182e-01 -1.5580e-01 -1.5544e-01 -1.5398e-01 -1.5580e-01 8.9983e-01 9.7836e-01 9.6802e-01 -8.7528e-02 -9.3397e-02 -1.7949e-01 2.2991e-01 9.8901e-01 9.8901e-01 -2.3037e-01 -2.2991e-01 9.8901e-01 1.9244e-01 1.9244e-01 1.9205e-01 1.9244e-01 -5.6246e-02 -1.3171e-01 1.0000e+00 -1.7986e-01 -1.7986e-01 -3.4609e-02 -2.3128e-01 -6.1924e-02 -2.3175e-01 -6.1924e-02 2.3128e-01 2.3128e-01 2.7881e-01 5.5060e-01 5.9222e-01 5.4833e-01 2.7764e-01 -8.8271e-02 8.6783e-02 5.4833e-01 8.6783e-02 8.6783e-02 9.1580e-02 -7.7568e-02 7.7843e-02 7.7843e-02 5.2338e-01 -7.3549e-02 5.1902e-01 7.8647e-02 -7.3549e-02 1.1428e-01 5.0762e-01 5.0977e-01 5.0762e-01 5.0762e-01 5.0045e-01 -8.8642e-02 -8.8642e-02 3.6460e-02 -6.8542e-02 -8.8642e-02 -4.2649e-02 -8.8271e-02 -5.4758e-02 -4.5632e-02 -8.8271e-02 -3.0716e-02 -5.9135e-02 -1.1902e-02 6.5299e-03 -3.1529e-02 1.6011e-01 1.2246e-01 1.2822e-01 1.2822e-01 1.2822e-01 1.2822e-01 1.2822e-01 1.2822e-01 1.2822e-01 3.3834e-03 1.2822e-01
4.8027e-01 2.9252e-01 2.9252e-01 2.9726e-01 2.9252e-01 2.9673e-01 2.9305e-01 2.9542e-01 4.9062e-01 3.2330e-01 3.3191e-01 3.1954e-01 3.2142e-01 3.2473e-01 3.1954e-01 -1.1497e-01 -1.6497e-01 -1.7646e-01 3.7379e-01 4.1719e-01 9.9377e-01 -7.7418e-01 -1.7233e-01 -1.7233e-01 7.7669e-01 7.7825e-01 -1.7233e-01 7.0625e-01 7.0625e-01 7.0482e-01 7.0625e-01 -2.0642e-01 1.4989e-01 -1.7986e-01 1.0000e+00 1.0000e+00 1.9242e-01 7.7765e-01 -2.2726e-01 7.7611e-01 -2.2726e-01 -7.7765e-01 -7.7765e-01 3.9759e-01 -3.1493e-01 -1.0652e-01 -3.1631e-01 3.9390e-01 4.8488e-01 2.4675e-01 -3.1631e-01 2.4675e-01 2.4675e-01 2.6709e-01 4.2476e-01 2.6555e-01 2.6555e-01 -3.0906e-01 4.0214e-01 -3.0603e-01 2.6862e-01 4.0214e-01 -5.6780e-02 -2.9291e-01 -2.9732e-01 -2.9291e-01 -2.9291e-01 -2.9443e-01 -2.3702e-01 -2.3702e-01 -1.6606e-01 -1.5809e-01 -2.3702e-01 -1.4558e-01 -2.3539e-01 -1.7482e-01 -1.3665e-01 -2.3539e-01 1.7078e-01 -1.5185e-01 -2.6902e-01 -3.0547e-01 -1.3856e-02 -5.4580e-02 -3.8344e-02 -4.9677e-02 -4.9677e-02 -4.9677e-02 -4.9677e-02 -4.9677e-02 -4.9677e-02 -4.9677e-02 2.3960e-02 -4.9677e-02
4.8027e-01 2.9252e-01 2.9252e-01 2.9726e-01 2.9252e-01 2.9673e-01 2.9305e-01 2.9542e-01 4.9062e-01 3.2330e-01 3.3191e-01 3.1954e-01 3.2142e-01 3.2473e-01 3.1954e-01 -1.1497e-01 -1.6497e-01 -1.7646e-01 3.7379e-01 4.1719e-01 9.9377e-01 -7.7418e-01 -1.7233e-01 -1.7233e-01 7.7669e-01 7.7825e-01 -1.7233e-01 7.0625e-01 7.0625e-01 7.0482e-01 7.0625e-01 -2.0642e-01 1.4989e-01 -1.7986e-01 1.0000e+00 1.0000e+00 1.9242e-01 7.7765e-01 -2.2726e-01 7.7611e-01 -2.2726e-01 -7.7765e-01 -7.7765e-01 3.9759e-01 -3.1493e-01 -1.0652e-01 -3.1631e-01 3.9390e-01 4.8488e-01 2.4675e-01 -3.1631e-01 2.4675e-01 2.4675e-01 2.6709e-01 4.2476e-01 2.6555e-01 2.6555e-01 -3.0906e-01 4.0214e-01 -3.0603e-01 2.6862e-01 4.0214e-01 -5.6780e-02 -2.9291e-01 -2.9732e-01 -2.9291e-01 -2.9291e-01 -2.9443e-01 -2.3702e-01 -2.3702e-01 -1.6606e-01 -1.5809e-01 -2.3702e-01 -1.4558e-01 -2.3539e-01 -1.7482e-01 -1.3665e-01 -2.3539e-01 1.7078e-01 -1.5185e-01 -2.6902e-01 -3.0547e-01 -1.3856e-02 -5.4580e-02 -3.8344e-02 -4.9677e-02 -4.9677e-02 -4.9677e-02 -4.9677e-02 -4.9677e-02 -4.9677e-02 -4.9677e-02 2.3960e-02 -4.9677e-02
