1.0000e+00 5.8704e-01 5.9415e-01 5.0312e-01 5.0948e-01 5.0948e-01 5.0948e-01 5.0948e-01 5.0954e-01 5.0954e-01 5.4354e-01 -3.7324e-01 5.8343e-01 -3.3996e-01 -3.5136e-01 5.5643e-01 5.0386e-01 5.0778e-01 5.5849e-01 -2.7084e-01 -2.6677e-01 4.2082e-01 5.1385e-01 -3.9348e-01 5.5394e-01 5.0946e-01 5.2051e-02 5.8154e-02 -6.8573e-02 5.8154e-02 5.8154e-02 5.2051e-02 -5.2051e-02 -5.2051e-02 -5.2051e-02 -5.2051e-02 -5.2051e-02 -5.2051e-02 -6.8469e-02 -7.0815e-02 -4.6582e-02 -4.3442e-02 -3.7018e-02 3.1492e-02 1.2468e-02 3.0482e-02 3.0482e-02 3.0482e-02 1.2468e-02 3.0482e-02 3.0482e-02 4.8394e-02 3.0482e-02 3.0482e-02 3.0482e-02 3.0482e-02 3.0482e-02 3.0482e-02 3.0482e-02 3.0482e-02 3.0482e-02 3.0482e-02 3.0482e-02 2.1873e-03 3.0482e-02 3.9305e-02 3.9305e-02 3.9619e-02 1.2468e-02 3.0482e-02 3.0482e-02 3.0482e-02 3.0482e-02 3.0482e-02 3.0482e-02 3.0482e-02 3.0482e-02 3.0482e-02 -4.9770e-05 2.9507e-02 2.9507e-02 2.9507e-02 2.9507e-02 2.9507e-02 2.9507e-02 -1.2188e-02 -5.0586e-03 -5.0586e-03 -1.2188e-02 1.0055e-02 -1.2570e-02
5.8704e-01 1.0000e+00 9.9193e-01 7.7568e-01 8.5943e-01 8.5943e-01 8.5943e-01 8.5943e-01 8.4834e-01 8.4834e-01 9.2046e-01 -6.0079e-01 9.7377e-01 -5.6715e-01 -5.8139e-01 9.4754e-01 8.5849e-01 8.5683e-01 9.4746e-01 -4.6267e-01 -4.5899e-01 7.3549e-01 8.4571e-01 -6.7662e-01 9.1306e-01 8.5220e-01 -7.4612e-02 -8.0786e-02 6.0773e-02 -8.0786e-02 -8.0786e-02 -7.4612e-02 7.4612e-02 7.4612e-02 7.4612e-02 7.4612e-02 7.4612e-02 7.4612e-02 6.2925e-02 5.9103e-02 5.2329e-02 5.7551e-02 5.0924e-02 4.2102e-02 2.2105e-02 2.9690e-02 2.9690e-02 2.9690e-02 2.2105e-02 2.9690e-02 2.9690e-02 4.7437e-02 2.9690e-02 2.9690e-02 2.9690e-02 2.9690e-02 2.9690e-02 2.9690e-02 2.9690e-02 2.9690e-02 2.9690e-02 2.9690e-02 2.9690e-02 3.1806e-02 2.9690e-02 4.1293e-02 4.1293e-02 3.6091e-02 2.2105e-02 2.9690e-02 2.9690e-02 2.9690e-02 2.9690e-02 2.9690e-02 2.9690e-02 2.9690e-02 2.9690e-02 2.9690e-02 3.4507e-02 3.4697e-02 3.4697e-02 3.4697e-02 3.4697e-02 3.4697e-02 3.4697e-02 1.8709e-03 2.7314e-02 2.7314e-02 1.8709e-03 5.3970e-02 -4.7437e-02
5.9415e-01 9.9193e-01 1.0000e+00 7.7246e-01 8.5596e-01 8.5596e-01 8.5596e-01 8.5596e-01 8.5733e-01 8.5733e-01 9.2893e-01 -6.1245e-01 9.8184e-01 -5.6481e-01 -5.7899e-01 9.5562e-01 8.6715e-01 8.6553e-01 9.5557e-01 -4.6075e-01 -4.5706e-01 7.2795e-01 8.5433e-01 -6.7369e-01 9.2122e-01 8.4855e-01 -7.5574e-02 -8.1763e-02 6.1599e-02 -8.1763e-02 -8.1763e-02 -7.5574e-02 7.5574e-02 7.5574e-02 7.5574e-02 7.5574e-02 7.5574e-02 7.5574e-02 4.5204e-02 4.1466e-02 5.3312e-02 5.8522e-02 5.1880e-02 4.2574e-02 -1.4429e-02 3.0134e-02 3.0134e-02 3.0134e-02 -1.4429e-02 3.0134e-02 3.0134e-02 4.7872e-02 3.0134e-02 3.0134e-02 3.0134e-02 3.0134e-02 3.0134e-02 3.0134e-02 3.0134e-02 3.0134e-02 3.0134e-02 3.0134e-02 3.0134e-02 -3.4396e-03 3.0134e-02 4.1712e-02 4.1712e-02 3.6549e-02 -1.4429e-02 3.0134e-02 3.0134e-02 3.0134e-02 3.0134e-02 3.0134e-02 3.0134e-02 3.0134e-02 3.0134e-02 3.0134e-02 -2.0331e-03 3.5100e-02 3.5100e-02 3.5100e-02 3.5100e-02 3.5100e-02 3.5100e-02 -4.8959e-02 -1.2298e-02 -1.2298e-02 -4.8959e-02 5.4364e-02 -4.7872e-02
5.0312e-01 7.7568e-01 7.7246e-01 1.0000e+00 9.0594e-01 9.0594e-01 9.0594e-01 9.0594e-01 8.9563e-01 8.9563e-01 8.1657e-01 -6.2089e-01 7.5384e-01 -7.0035e-01 -7.1309e-01 7.5225e-01 8.2243e-01 8.1922e-01 7.5014e-01 -5.4537e-01 -5.4196e-01 6.8020e-01 8.1093e-01 -6.0552e-01 7.5497e-01 8.1631e-01 -4.1220e-02 -4.6454e-02 1.6600e-02 -4.6454e-02 -4.6454e-02 -4.1220e-02 4.1220e-02 4.1220e-02 4.1220e-02 4.1220e-02 4.1220e-02 4.1220e-02 1.4662e-02 1.6824e-02 2.6030e-02 2.3253e-02 1.7570e-02 -3.4625e-04 -1.3528e-02 -1.2782e-02 -1.2782e-02 -1.2782e-02 -1.3528e-02 -1.2782e-02 -1.2782e-02 5.9078e-03 -1.2782e-02 -1.2782e-02 -1.2782e-02 -1.2782e-02 -1.2782e-02 -1.2782e-02 -1.2782e-02 -1.2782e-02 -1.2782e-02 -1.2782e-02 -1.2782e-02 -4.6899e-03 -1.2782e-02 -3.0923e-04 -3.0923e-04 -6.3405e-03 -1.3528e-02 -1.2782e-02 -1.2782e-02 -1.2782e-02 -1.2782e-02 -1.2782e-02 -1.2782e-02 -1.2782e-02 -1.2782e-02 -1.2782e-02 -4.6738e-04 -7.0616e-03 -7.0616e-03 -7.0616e-03 -7.0616e-03 -7.0616e-03 -7.0616e-03 -6.3405e-03 -5.1379e-03 -5.1379e-03 -6.3405e-03 1.3235e-02 -2.4597e-02
5.0948e-01 8.5943e-01 8.5596e-01 9.0594e-01 1.0000e+00 1.0000e+00 1.0000e+00 1.0000e+00 9.8930e-01 9.8930e-01 9.0479e-01 -5.8093e-01 8.3759e-01 -6.6188e-01 -6.7340e-01 8.3587e-01 9.1286e-01 9.1027e-01 8.3443e-01 -5.2327e-01 -5.1977e-01 7.7164e-01 9.0087e-01 -6.9966e-01 8.3964e-01 9.0668e-01 -6.5646e-02 -7.0929e-02 4.0493e-02 -7.0929e-02 -7.0929e-02 -6.5646e-02 6.5646e-02 6.5646e-02 6.5646e-02 6.5646e-02 6.5646e-02 6.5646e-02 4.4323e-02 4.6532e-02 5.0856e-02 4.8059e-02 4.2340e-02 2.4844e-02 1.0523e-02 1.3348e-02 1.3348e-02 1.3348e-02 1.0523e-02 1.3348e-02 1.3348e-02 3.1643e-02 1.3348e-02 1.3348e-02 1.3348e-02 1.3348e-02 1.3348e-02 1.3348e-02 1.3348e-02 1.3348e-02 1.3348e-02 1.3348e-02 1.3348e-02 1.9149e-02 1.3348e-02 2.5994e-02 2.5994e-02 1.9286e-02 1.0523e-02 1.3348e-02 1.3348e-02 1.3348e-02 1.3348e-02 1.3348e-02 1.3348e-02 1.3348e-02 1.3348e-02 1.3348e-02 2.3307e-02 1.9908e-02 1.9908e-02 1.9908e-02 1.9908e-02 1.9908e-02 1.9908e-02 1.6481e-03 1.8908e-02 1.8908e-02 1.6481e-03 3.9776e-02 -4.9937e-02
5.0948e-01 8.5943e-01 8.5596e-01 9.0594e-01 1.0000e+00 1.0000e+00 1.0000e+00 1.0000e+00 9.8930e-01 9.8930e-01 9.0479e-01 -5.8093e-01 8.3759e-01 -6.6188e-01 -6.7340e-01 8.3587e-01 9.1286e-01 9.1027e-01 8.3443e-01 -5.2327e-01 -5.1977e-01 7.7164e-01 9.0087e-01 -6.9966e-01 8.3964e-01 9.0668e-01 -6.5646e-02 -7.0929e-02 4.0493e-02 -7.0929e-02 -7.0929e-02 -6.5646e-02 6.5646e-02 6.5646e-02 6.5646e-02 6.5646e-02 6.5646e-02 6.5646e-02 4.4323e-02 4.6532e-02 5.0856e-02 4.8059e-02 4.2340e-02 2.4844e-02 1.0523e-02 1.3348e-02 1.3348e-02 1.3348e-02 1.0523e-02 1.3348e-02 1.3348e-02 3.1643e-02 1.3348e-02 1.3348e-02 1.3348e-02 1.3348e-02 1.3348e-02 1.3348e-02 1.3348e-02 1.3348e-02 1.3348e-02 1.3348e-02 1.3348e-02 1.9149e-02 1.3348e-02 2.5994e-02 2.5994e-02 1.9286e-02 1.0523e-02 1.3348e-02 1.3348e-02 1.3348e-02 1.3348e-02 1.3348e-02 1.3348e-02 1.3348e-02 1.3348e-02 1.3348e-02 2.3307e-02 1.9908e-02 1.9908e-02 1.9908e-02 1.9908e-02 1.9908e-02 1.9908e-02 1.6481e-03 1.8908e-02 1.8908e-02 1.6481e-03 3.9776e-02 -4.9937e-02
5.0948e-01 8.5943e-01 8.5596e-01 9.0594e-01 1.0000e+00 1.0000e+00 1.0000e+00 1.0000e+00 9.8930e-01 9.8930e-01 9.0479e-01 -5.8093e-01 8.3759e-01 -6.6188e-01 -6.7340e-01 8.3587e-01 9.1286e-01 9.1027e-01 8.3443e-01 -5.2327e-01 -5.1977e-01 7.7164e-01 9.0087e-01 -6.9966e-01 8.3964e-01 9.0668e-01 -6.5646e-02 -7.0929e-02 4.0493e-02 -7.0929e-02 -7.0929e-02 -6.5646e-02 6.5646e-02 6.5646e-02 6.5646e-02 6.5646e-02 6.5646e-02 6.5646e-02 4.4323e-02 4.6532e-02 5.0856e-02 4.8059e-02 4.2340e-02 2.4844e-02 1.0523e-02 1.3348e-02 1.3348e-02 1.3348e-02 1.0523e-02 1.3348e-02 1.3348e-02 3.1643e-02 1.3348e-02 1.3348e-02 1.3348e-02 1.3348e-02 1.3348e-02 1.3348e-02 1.3348e-02 1.3348e-02 1.3348e-02 1.3348e-02 1.3348e-02 1.9149e-02 1.3348e-02 2.5994e-02 2.5994e-02 1.9286e-02 1.0523e-02 1.3348e-02 1.3348e-02 1.3348e-02 1.3348e-02 1.3348e-02 1.3348e-02 1.3348e-02 1.3348e-02 1.3348e-02 2.3307e-02 1.9908e-02 1.9908e-02 1.9908e-02 1.9908e-02 1.9908e-02 1.9908e-02 1.6481e-03 1.8908e-02 1.8908e-02 1.6481e-03 3.9776e-02 -4.9937e-02
5.0948e-01 8.5943e-01 8.5596e-01 9.0594e-01 1.0000e+00 1.0000e+00 1.0000e+00 1.0000e+00 9.8930e-01 9.8930e-01 9.0479e-01 -5.8093e-01 8.3759e-01 -6.6188e-01 -6.7340e-01 8.3587e-01 9.1286e-01 9.1027e-01 8.3443e-01 -5.2327e-01 -5.1977e-01 7.7164e-01 9.0087e-01 -6.9966e-01 8.3964e-01 9.0668e-01 -6.5646e-02 -7.0929e-02 4.0493e-02 -7.0929e-02 -7.0929e-02 -6.5646e-02 6.5646e-02 6.5646e-02 6.5646e-02 6.5646e-02 6.5646e-02 6.5646e-02 4.4323e-02 4.6532e-02 5.0856e-02 4.8059e-02 4.2340e-02 2.4844e-02 1.0523e-02 1.3348e-02 1.3348e-02 1.3348e-02 1.0523e-02 1.3348e-02 1.3348e-02 3.1643e-02 1.3348e-02 1.3348e-02 1.3348e-02 1.3348e-02 1.3348e-02 1.3348e-02 1.3348e-02 1.3348e-02 1.3348e-02 1.3348e-02 1.3348e-02 1.9149e-02 1.3348e-02 2.5994e-02 2.5994e-02 1.9286e-02 1.0523e-02 1.3348e-02 1.3348e-02 1.3348e-02 1.3348e-02 1.3348e-02 1.3348e-02 1.3348e-02 1.3348e-02 1.3348e-02 2.3307e-02 1.9908e-02 1.9908e-02 1.9908e-02 1.9908e-02 1.9908e-02 1.9908e-02 1.6481e-03 1.8908e-02 1.8908e-02 1.6481e-03 3.9776e-02 -4.9937e-02
5.0954e-01 8.4834e-01 8.5733e-01 8.9563e-01 9.8930e-01 9.8930e-01 9.8930e-01 9.8930e-01 1.0000e+00 1.0000e+00 9.1493e-01 -5.9596e-01 8.4728e-01 -6.6265e-01 -6.7400e-01 8.4555e-01 9.2322e-01 9.2069e-01 8.4418e-01 -5.2551e-01 -5.2199e-01 7.6999e-01 9.1118e-01 -6.9898e-01 8.4943e-01 9.0436e-01 -6.7077e-02 -7.2378e-02 4.1746e-02 -7.2378e-02 -7.2378e-02 -6.7077e-02 6.7077e-02 6.7077e-02 6.7077e-02 6.7077e-02 6.7077e-02 6.7077e-02 2.6764e-02 2.9057e-02 5.2326e-02 4.9520e-02 4.3783e-02 2.5562e-02 -2.6756e-02 1.4033e-02 1.4033e-02 1.4033e-02 -2.6756e-02 1.4033e-02 1.4033e-02 3.2296e-02 1.4033e-02 1.4033e-02 1.4033e-02 1.4033e-02 1.4033e-02 1.4033e-02 1.4033e-02 1.4033e-02 1.4033e-02 1.4033e-02 1.4033e-02 -1.6800e-02 1.4033e-02 2.6629e-02 2.6629e-02 1.9988e-02 -2.6756e-02 1.4033e-02 1.4033e-02 1.4033e-02 1.4033e-02 1.4033e-02 1.4033e-02 1.4033e-02 1.4033e-02 1.4033e-02 -1.3993e-02 2.0524e-02 2.0524e-02 2.0524e-02 2.0524e-02 2.0524e-02 2.0524e-02 -5.0442e-02 -2.1578e-02 -2.1578e-02 -5.0442e-02 4.0358e-02 -3.2296e-02
5.0954e-01 8.4834e-01 8.5733e-01 8.9563e-01 9.8930e-01 9.8930e-01 9.8930e-01 9.8930e-01 1.0000e+00 1.0000e+00 9.1493e-01 -5.9596e-01 8.4728e-01 -6.6265e-01 -6.7400e-01 8.4555e-01 9.2322e-01 9.2069e-01 8.4418e-01 -5.2551e-01 -5.2199e-01 7.6999e-01 9.1118e-01 -6.9898e-01 8.4943e-01 9.0436e-01 -6.7077e-02 -7.2378e-02 4.1746e-02 -7.2378e-02 -7.2378e-02 -6.7077e-02 6.7077e-02 6.7077e-02 6.7077e-02 6.7077e-02 6.7077e-02 6.7077e-02 2.6764e-02 2.9057e-02 5.2326e-02 4.9520e-02 4.3783e-02 2.5562e-02 -2.6756e-02 1.4033e-02 1.4033e-02 1.4033e-02 -2.6756e-02 1.4033e-02 1.4033e-02 3.2296e-02 1.4033e-02 1.4033e-02 1.4033e-02 1.4033e-02 1.4033e-02 1.4033e-02 1.4033e-02 1.4033e-02 1.4033e-02 1.4033e-02 1.4033e-02 -1.6800e-02 1.4033e-02 2.6629e-02 2.6629e-02 1.9988e-02 -2.6756e-02 1.4033e-02 1.4033e-02 1.4033e-02 1.4033e-02 1.4033e-02 1.4033e-02 1.4033e-02 1.4033e-02 1.4033e-02 -1.3993e-02 2.0524e-02 2.0524e-02 2.0524e-02 2.0524e-02 2.0524e-02 2.0524e-02 -5.0442e-02 -2.1578e-02 -2.1578e-02 -5.0442e-02 4.0358e-02 -3.2296e-02
5.4354e-01 9.2046e-01 9.2893e-01 8.1657e-01 9.0479e-01 9.0479e-01 9.0479e-01 9.0479e-01 9.1493e-01 9.1493e-01 1.0000e+00 -5.4258e-01 9.2705e-01 -6.1126e-01 -6.2145e-01 9.2518e-01 8.4892e-01 8.4682e-01 9.2454e-01 -4.8354e-01 -4.7995e-01 7.0283e-01 8.3657e-01 -6.4109e-01 9.0571e-01 8.3027e-01 -5.9215e-02 -6.5164e-02 4.7547e-02 -6.5164e-02 -6.5164e-02 -5.9215e-02 5.9215e-02 5.9215e-02 5.9215e-02 5.9215e-02 5.9215e-02 5.9215e-02 2.7765e-02 2.3839e-02 3.6554e-02 4.1975e-02 3.5572e-02 3.4568e-02 -1.3491e-02 2.2585e-02 2.2585e-02 2.2585e-02 -1.3491e-02 2.2585e-02 2.2585e-02 4.0517e-02 2.2585e-02 2.2585e-02 2.2585e-02 2.2585e-02 2.2585e-02 2.2585e-02 2.2585e-02 2.2585e-02 2.2585e-02 2.2585e-02 2.2585e-02 -3.2366e-03 2.2585e-02 3.4603e-02 3.4603e-02 2.8769e-02 -1.3491e-02 2.2585e-02 2.2585e-02 2.2585e-02 2.2585e-02 2.2585e-02 2.2585e-02 2.2585e-02 2.2585e-02 2.2585e-02 -9.5919e-04 2.8245e-02 2.8245e-02 2.8245e-02 2.8245e-02 2.8245e-02 2.8245e-02 -4.0387e-02 -9.4151e-03 -9.4151e-03 -4.0387e-02 4.7720e-02 -4.0517e-02
-3.7324e-01 -6.0079e-01 -6.1245e-01 -6.2089e-01 -5.8093e-01 -5.8093e-01 -5.8093e-01 -5.8093e-01 -5.9596e-01 -5.9596e-01 -5.4258e-01 1.0000e+00 -6.2537e-01 9.1920e-01 9.0166e-01 -5.9576e-01 -6.4673e-01 -6.4138e-01 -5.9133e-01 6.9655e-01 6.9967e-01 -4.5778e-01 -6.4108e-01 7.7506e-01 -5.9986e-01 -6.3090e-01 7.8282e-02 8.1682e-02 -7.2517e-02 8.1682e-02 8.1682e-02 7.8282e-02 -7.8282e-02 -7.8282e-02 -7.8282e-02 -7.8282e-02 -7.8282e-02 -7.8282e-02 -1.6962e-02 -1.8639e-02 -6.0181e-02 -5.8315e-02 -5.4506e-02 9.3124e-03 5.3213e-02 1.9738e-02 1.9738e-02 1.9738e-02 5.3213e-02 1.9738e-02 1.9738e-02 -1.0323e-03 1.9738e-02 1.9738e-02 1.9738e-02 1.9738e-02 1.9738e-02 1.9738e-02 1.9738e-02 1.9738e-02 1.9738e-02 1.9738e-02 1.9738e-02 4.4820e-02 1.9738e-02 3.9951e-03 3.9951e-03 1.4332e-02 5.3213e-02 1.9738e-02 1.9738e-02 1.9738e-02 1.9738e-02 1.9738e-02 1.9738e-02 1.9738e-02 1.9738e-02 1.9738e-02 3.8698e-02 9.4624e-03 9.4624e-03 9.4624e-03 9.4624e-03 9.4624e-03 9.4624e-03 5.4383e-02 4.0875e-02 4.0875e-02 5.4383e-02 -1.3095e-02 2.1803e-02
5.8343e-01 9.7377e-01 9.8184e-01 7.5384e-01 8.3759e-01 8.3759e-01 8.3759e-01 8.3759e-01 8.4728e-01 8.4728e-01 9.2705e-01 -6.2537e-01 1.0000e+00 -5.7846e-01 -5.9241e-01 9.7378e-01 8.8174e-01 8.8015e-01 9.7377e-01 -4.7097e-01 -4.6725e-01 7.3881e-01 8.6889e-01 -6.8541e-01 9.3541e-01 8.6314e-01 -7.6056e-02 -7.3860e-02 6.2012e-02 -7.3860e-02 -7.3860e-02 -7.6056e-02 7.6056e-02 7.6056e-02 7.6056e-02 7.6056e-02 7.6056e-02 7.6056e-02 3.9534e-02 3.5825e-02 4.5346e-02 5.0483e-02 5.2358e-02 4.2810e-02 -1.4093e-02 3.0355e-02 3.0355e-02 3.0355e-02 -1.4093e-02 3.0355e-02 3.0355e-02 4.8089e-02 3.0355e-02 3.0355e-02 3.0355e-02 3.0355e-02 3.0355e-02 3.0355e-02 3.0355e-02 3.0355e-02 3.0355e-02 3.0355e-02 3.0355e-02 -1.5064e-02 3.0355e-02 4.1922e-02 4.1922e-02 3.6778e-02 -1.4093e-02 3.0355e-02 3.0355e-02 3.0355e-02 3.0355e-02 3.0355e-02 3.0355e-02 3.0355e-02 3.0355e-02 3.0355e-02 -1.4093e-02 3.5302e-02 3.5302e-02 3.5302e-02 3.5302e-02 3.5302e-02 3.5302e-02 -4.8709e-02 -1.1988e-02 -1.1988e-02 -4.8709e-02 3.5302e-02 -3.0355e-02
-3.3996e-01 -5.6715e-01 -5.6481e-01 -7.0035e-01 -6.6188e-01 -6.6188e-01 -6.6188e-01 -6.6188e-01 -6.6265e-01 -6.6265e-01 -6.1126e-01 9.1920e-01 -5.7846e-01 1.0000e+00 9.7646e-01 -5.7729e-01 -6.2316e-01 -6.1710e-01 -5.7209e-01 7.3491e-01 7.3834e-01 -4.3552e-01 -6.1790e-01 7.6084e-01 -5.8057e-01 -6.2184e-01 6.5252e-02 6.8507e-02 -6.1595e-02 6.8507e-02 6.8507e-02 6.5252e-02 -6.5252e-02 -6.5252e-02 -6.5252e-02 -6.5252e-02 -6.5252e-02 -6.5252e-02 -9.8803e-03 -1.1454e-02 -4.6197e-02 -4.4396e-02 -4.0717e-02 1.7866e-02 2.1083e-02 2.8186e-02 2.8186e-02 2.8186e-02 2.1083e-02 2.8186e-02 2.8186e-02 6.4911e-03 2.8186e-02 2.8186e-02 2.8186e-02 2.8186e-02 2.8186e-02 2.8186e-02 2.8186e-02 2.8186e-02 2.8186e-02 2.8186e-02 2.8186e-02 1.4280e-02 2.8186e-02 1.1442e-02 1.1442e-02 2.2829e-02 2.1083e-02 2.8186e-02 2.8186e-02 2.8186e-02 2.8186e-02 2.8186e-02 2.8186e-02 2.8186e-02 2.8186e-02 2.8186e-02 5.9227e-03 1.6839e-02 1.6839e-02 1.6839e-02 1.6839e-02 1.6839e-02 1.6839e-02 1.9128e-03 3.6338e-03 3.6338e-03 1.9128e-03 -6.7216e-03 1.5203e-02
-3.5136e-01 -5.8139e-01 -5.7899e-01 -7.1309e-01 -6.7340e-01 -6.7340e-01 -6.7340e-01 -6.7340e-01 -6.7400e-01 -6.7400e-01 -6.2145e-01 9.0166e-01 -5.9241e-01 9.7646e-01 1.0000e+00 -5.9121e-01 -6.3876e-01 -6.3293e-01 -5.8626e-01 7.7071e-01 7.6719e-01 -4.5044e-01 -6.3336e-01 7.8040e-01 -5.9476e-01 -6.3740e-01 6.9187e-02 7.2484e-02 -6.4889e-02 7.2484e-02 7.2484e-02 6.9187e-02 -6.9187e-02 -6.9187e-02 -6.9187e-02 -6.9187e-02 -6.9187e-02 -6.9187e-02 -1.6589e-02 -1.8175e-02 -5.0436e-02 -4.8616e-02 -4.4900e-02 1.5243e-02 1.7585e-02 2.5589e-02 2.5589e-02 2.5589e-02 1.7585e-02 2.5589e-02 2.5589e-02 4.1904e-03 2.5589e-02 2.5589e-02 2.5589e-02 2.5589e-02 2.5589e-02 2.5589e-02 2.5589e-02 2.5589e-02 2.5589e-02 2.5589e-02 2.5589e-02 1.0754e-02 2.5589e-02 9.1611e-03 9.1611e-03 2.0220e-02 1.7585e-02 2.5589e-02 2.5589e-02 2.5589e-02 2.5589e-02 2.5589e-02 2.5589e-02 2.5589e-02 2.5589e-02 2.5589e-02 2.6311e-03 1.4576e-02 1.4576e-02 1.4576e-02 1.4576e-02 1.4576e-02 1.4576e-02 -4.1015e-04 6.2684e-04 6.2684e-04 -4.1015e-04 -8.6627e-03 1.7208e-02
5.5643e-01 9.4754e-01 9.5562e-01 7.5225e-01 8.3587e-01 8.3587e-01 8.3587e-01 8.3587e-01 8.4555e-01 8.4555e-01 9.2518e-01 -5.9576e-01 9.7378e-01 -5.7729e-01 -5.9121e-01 1.0000e+00 9.0043e-01 8.9888e-01 9.9196e-01 -4.7560e-01 -4.7745e-01 7.5802e-01 8.8753e-01 -7.0593e-01 9.5363e-01 8.8182e-01 -7.6537e-02 -7.4351e-02 6.2425e-02 -7.4351e-02 -7.4351e-02 -7.6537e-02 7.6537e-02 7.6537e-02 7.6537e-02 7.6537e-02 7.6537e-02 7.6537e-02 4.0233e-02 3.6529e-02 4.5839e-02 5.0971e-02 5.2836e-02 4.3046e-02 -1.3757e-02 3.0577e-02 3.0577e-02 3.0577e-02 -1.3757e-02 3.0577e-02 3.0577e-02 4.8307e-02 3.0577e-02 3.0577e-02 3.0577e-02 3.0577e-02 3.0577e-02 3.0577e-02 3.0577e-02 3.0577e-02 3.0577e-02 3.0577e-02 3.0577e-02 -1.4715e-02 3.0577e-02 4.2132e-02 4.2132e-02 3.7007e-02 -1.3757e-02 3.0577e-02 3.0577e-02 3.0577e-02 3.0577e-02 3.0577e-02 3.0577e-02 3.0577e-02 3.0577e-02 3.0577e-02 -1.3757e-02 3.5504e-02 3.5504e-02 3.5504e-02 3.5504e-02 3.5504e-02 3.5504e-02 -4.8459e-02 -1.1679e-02 -1.1679e-02 -4.8459e-02 3.5504e-02 -3.0577e-02
5.0386e-01 8.5849e-01 8.6715e-01 8.2243e-01 9.1286e-01 9.1286e-01 9.1286e-01 9.1286e-01 9.2322e-01 9.2322e-01 8.4892e-01 -6.4673e-01 8.8174e-01 -6.2316e-01 -6.3876e-01 9.0043e-01 1.0000e+00 9.9375e-01 9.0365e-01 -5.2580e-01 -5.2784e-01 8.4542e-01 9.8338e-01 -7.8237e-01 9.0920e-01 9.7707e-01 -7.8934e-02 -8.4395e-02 5.2105e-02 -8.4395e-02 -8.4395e-02 -7.8934e-02 7.8934e-02 7.8934e-02 7.8934e-02 7.8934e-02 7.8934e-02 7.8934e-02 4.4445e-02 4.6799e-02 6.4485e-02 6.1600e-02 5.5706e-02 3.1502e-02 -1.7962e-02 1.9680e-02 1.9680e-02 1.9680e-02 -1.7962e-02 1.9680e-02 1.9680e-02 3.7712e-02 1.9680e-02 1.9680e-02 1.9680e-02 1.9680e-02 1.9680e-02 1.9680e-02 1.9680e-02 1.9680e-02 1.9680e-02 1.9680e-02 1.9680e-02 -7.8156e-03 1.9680e-02 3.1885e-02 3.1885e-02 2.5783e-02 -1.7962e-02 1.9680e-02 1.9680e-02 1.9680e-02 1.9680e-02 1.9680e-02 1.9680e-02 1.9680e-02 1.9680e-02 1.9680e-02 -5.3610e-03 2.5617e-02 2.5617e-02 2.5617e-02 2.5617e-02 2.5617e-02 2.5617e-02 -4.3754e-02 -1.3517e-02 -1.3517e-02 -4.3754e-02 4.5199e-02 -3.7712e-02
5.0778e-01 8.5683e-01 8.6553e-01 8.1922e-01 9.1027e-01 9.1027e-01 9.1027e-01 9.1027e-01 9.2069e-01 9.2069e-01 8.4682e-01 -6.4138e-01 8.8015e-01 -6.1710e-01 -6.3293e-01 8.9888e-01 9.9375e-01 1.0000e+00 9.0206e-01 -5.2911e-01 -5.2548e-01 8.4690e-01 9.8134e-01 -7.7845e-01 9.0757e-01 9.7498e-01 -7.7516e-02 -8.2957e-02 5.0868e-02 -8.2957e-02 -8.2957e-02 -7.7516e-02 7.7516e-02 7.7516e-02 7.7516e-02 7.7516e-02 7.7516e-02 7.7516e-02 4.2341e-02 4.4687e-02 6.3033e-02 6.0158e-02 5.4283e-02 3.0793e-02 -1.9003e-02 1.9007e-02 1.9007e-02 1.9007e-02 -1.9003e-02 1.9007e-02 1.9007e-02 3.7064e-02 1.9007e-02 1.9007e-02 1.9007e-02 1.9007e-02 1.9007e-02 1.9007e-02 1.9007e-02 1.9007e-02 1.9007e-02 1.9007e-02 1.9007e-02 -8.8804e-03 1.9007e-02 3.1257e-02 3.1257e-02 2.5091e-02 -1.9003e-02 1.9007e-02 1.9007e-02 1.9007e-02 1.9007e-02 1.9007e-02 1.9007e-02 1.9007e-02 1.9007e-02 1.9007e-02 -6.3844e-03 2.5009e-02 2.5009e-02 2.5009e-02 2.5009e-02 2.5009e-02 2.5009e-02 -4.4541e-02 -1.4471e-02 -1.4471e-02 -4.4541e-02 4.4618e-02 -3.7064e-02
5.5849e-01 9.4746e-01 9.5557e-01 7.5014e-01 8.3443e-01 8.3443e-01 8.3443e-01 8.3443e-01 8.4418e-01 8.4418e-01 9.2454e-01 -5.9133e-01 9.7377e-01 -5.7209e-01 -5.8626e-01 9.9196e-01 9.0365e-01 9.0206e-01 1.0000e+00 -4.7946e-01 -4.8132e-01 7.6058e-01 8.9080e-01 -7.0741e-01 9.5755e-01 8.8504e-01 -7.4612e-02 -7.2388e-02 6.0773e-02 -7.2388e-02 -7.2388e-02 -7.4612e-02 7.4612e-02 7.4612e-02 7.4612e-02 7.4612e-02 7.4612e-02 7.4612e-02 3.7436e-02 3.3713e-02 4.3866e-02 4.9021e-02 5.0924e-02 4.2102e-02 -1.5102e-02 2.9690e-02 2.9690e-02 2.9690e-02 -1.5102e-02 2.9690e-02 2.9690e-02 4.7437e-02 2.9690e-02 2.9690e-02 2.9690e-02 2.9690e-02 2.9690e-02 2.9690e-02 2.9690e-02 2.9690e-02 2.9690e-02 2.9690e-02 2.9690e-02 -1.6111e-02 2.9690e-02 4.1293e-02 4.1293e-02 3.6091e-02 -1.5102e-02 2.9690e-02 2.9690e-02 2.9690e-02 2.9690e-02 2.9690e-02 2.9690e-02 2.9690e-02 2.9690e-02 2.9690e-02 -1.5102e-02 3.4697e-02 3.4697e-02 3.4697e-02 3.4697e-02 3.4697e-02 3.4697e-02 -4.9460e-02 -1.2917e-02 -1.2917e-02 -4.9460e-02 3.4697e-02 -2.9690e-02
-2.7084e-01 -4.6267e-01 -4.6075e-01 -5.4537e-01 -5.2327e-01 -5.2327e-01 -5.2327e-01 -5.2327e-01 -5.2551e-01 -5.2551e-01 -4.8354e-01 6.9655e-01 -4.7097e-01 7.3491e-01 7.7071e-01 -4.7560e-01 -5.2580e-01 -5.2911e-01 -4.7946e-01 1.0000e+00 9.8841e-01 -2.9301e-01 -5.2144e-01 6.4121e-01 -4.8238e-01 -5.2470e-01 3.4428e-02 3.7409e-02 -3.5939e-02 3.7409e-02 3.7409e-02 3.4428e-02 -3.4428e-02 -3.4428e-02 -3.4428e-02 -3.4428e-02 -3.4428e-02 -3.4428e-02 -1.6964e-02 -1.8226e-02 -2.4209e-02 -2.2615e-02 -1.9357e-02 -2.9003e-02 -1.8540e-02 8.7944e-04 8.7944e-04 8.7944e-04 -1.8540e-02 8.7944e-04 8.7944e-04 -2.3696e-02 8.7944e-04 8.7944e-04 8.7944e-04 8.7944e-04 8.7944e-04 8.7944e-04 8.7944e-04 8.7944e-04 8.7944e-04 8.7944e-04 8.7944e-04 -2.2920e-02 8.7944e-04 4.7777e-03 4.7777e-03 -2.7320e-03 -1.8540e-02 8.7944e-04 8.7944e-04 8.7944e-04 8.7944e-04 8.7944e-04 8.7944e-04 8.7944e-04 8.7944e-04 8.7944e-04 -1.8540e-02 9.0203e-03 9.0203e-03 9.0203e-03 9.0203e-03 9.0203e-03 9.0203e-03 -2.6425e-02 -2.7393e-02 -2.7393e-02 -2.6425e-02 -1.7669e-02 -8.7944e-04
-2.6677e-01 -4.5899e-01 -4.5706e-01 -5.4196e-01 -5.1977e-01 -5.1977e-01 -5.1977e-01 -5.1977e-01 -5.2199e-01 -5.2199e-01 -4.7995e-01 6.9967e-01 -4.6725e-01 7.3834e-01 7.6719e-01 -4.7745e-01 -5.2784e-01 -5.2548e-01 -4.8132e-01 9.8841e-01 1.0000e+00 -3.0171e-01 -5.2346e-01 6.4378e-01 -4.8425e-01 -5.2674e-01 3.5026e-02 3.8012e-02 -3.6435e-02 3.8012e-02 3.8012e-02 3.5026e-02 -3.5026e-02 -3.5026e-02 -3.5026e-02 -3.5026e-02 -3.5026e-02 -3.5026e-02 -1.7898e-02 -1.9162e-02 -2.4841e-02 -2.3246e-02 -1.9983e-02 -2.9265e-02 -1.8950e-02 5.6035e-04 5.6035e-04 5.6035e-04 -1.8950e-02 5.6035e-04 5.6035e-04 -2.3949e-02 5.6035e-04 5.6035e-04 5.6035e-04 5.6035e-04 5.6035e-04 5.6035e-04 5.6035e-04 5.6035e-04 5.6035e-04 5.6035e-04 5.6035e-04 -2.3335e-02 5.6035e-04 4.4608e-03 4.4608e-03 -3.0535e-03 -1.8950e-02 5.6035e-04 5.6035e-04 5.6035e-04 5.6035e-04 5.6035e-04 5.6035e-04 5.6035e-04 5.6035e-04 5.6035e-04 -1.8950e-02 8.7050e-03 8.7050e-03 8.7050e-03 8.7050e-03 8.7050e-03 8.7050e-03 -2.6683e-02 -2.7743e-02 -2.7743e-02 -2.6683e-02 -1.7913e-02 -5.6035e-04
4.2082e-01 7.3549e-01 7.2795e-01 6.8020e-01 7.7164e-01 7.7164e-01 7.7164e-01 7.7164e-01 7.6999e-01 7.6999e-01 7.0283e-01 -4.5778e-01 7.3881e-01 -4.3552e-01 -4.5044e-01 7.5802e-01 8.4542e-01 8.4690e-01 7.6058e-01 -2.9301e-01 -3.0171e-01 1.0000e+00 8.6330e-01 -6.4196e-01 7.9497e-01 8.6900e-01 -7.1602e-02 -7.6712e-02 4.8117e-02 -7.6712e-02 -7.6712e-02 -7.1602e-02 7.1602e-02 7.1602e-02 7.1602e-02 7.1602e-02 7.1602e-02 7.1602e-02 5.3265e-02 5.5408e-02 5.6662e-02 5.3952e-02 4.8413e-02 2.3403e-02 8.4944e-03 1.1973e-02 1.1973e-02 1.1973e-02 8.4944e-03 1.1973e-02 1.1973e-02 3.0333e-02 1.1973e-02 1.1973e-02 1.1973e-02 1.1973e-02 1.1973e-02 1.1973e-02 1.1973e-02 1.1973e-02 1.1973e-02 1.1973e-02 1.1973e-02 1.7075e-02 1.1973e-02 2.4721e-02 2.4721e-02 1.7877e-02 8.4944e-03 1.1973e-02 1.1973e-02 1.1973e-02 1.1973e-02 1.1973e-02 1.1973e-02 1.1973e-02 1.1973e-02 1.1973e-02 2.1325e-02 1.8671e-02 1.8671e-02 1.8671e-02 1.8671e-02 1.8671e-02 1.8671e-02 1.7596e-04 1.7073e-02 1.7073e-02 1.7596e-04 3.8611e-02 -3.0333e-02
5.1385e-01 8.4571e-01 8.5433e-01 8.1093e-01 9.0087e-01 9.0087e-01 9.0087e-01 9.0087e-01 9.1118e-01 9.1118e-01 8.3657e-01 -6.4108e-01 8.6889e-01 -6.1790e-01 -6.3336e-01 8.8753e-01 9.8338e-01 9.8134e-01 8.9080e-01 -5.2144e-01 -5.2346e-01 8.6330e-01 1.0000e+00 -7.9804e-01 9.2509e-01 9.9378e-01 -8.9476e-02 -9.4830e-02 6.3692e-02 -9.4830e-02 -9.4830e-02 -8.9476e-02 8.9476e-02 8.9476e-02 8.9476e-02 8.9476e-02 8.9476e-02 8.9476e-02 5.3708e-02 5.6046e-02 7.5002e-02 7.2172e-02 6.6393e-02 3.2446e-02 -1.6580e-02 2.0576e-02 2.0576e-02 2.0576e-02 -1.6580e-02 2.0576e-02 2.0576e-02 3.8575e-02 2.0576e-02 2.0576e-02 2.0576e-02 2.0576e-02 2.0576e-02 2.0576e-02 2.0576e-02 2.0576e-02 2.0576e-02 2.0576e-02 2.0576e-02 -6.4008e-03 2.0576e-02 3.2722e-02 3.2722e-02 2.6703e-02 -1.6580e-02 2.0576e-02 2.0576e-02 2.0576e-02 2.0576e-02 2.0576e-02 2.0576e-02 2.0576e-02 2.0576e-02 2.0576e-02 -4.0011e-03 2.6426e-02 2.6426e-02 2.6426e-02 2.6426e-02 2.6426e-02 2.6426e-02 -4.2711e-02 -1.2249e-02 -1.2249e-02 -4.2711e-02 4.5974e-02 -3.8575e-02
-3.9348e-01 -6.7662e-01 -6.7369e-01 -6.0552e-01 -6.9966e-01 -6.9966e-01 -6.9966e-01 -6.9966e-01 -6.9898e-01 -6.9898e-01 -6.4109e-01 7.7506e-01 -6.8541e-01 7.6084e-01 7.8040e-01 -7.0593e-01 -7.8237e-01 -7.7845e-01 -7.0741e-01 6.4121e-01 6.4378e-01 -6.4196e-01 -7.9804e-01 1.0000e+00 -7.3826e-01 -8.0304e-01 5.9043e-02 6.3507e-02 -4.2092e-02 6.3507e-02 6.3507e-02 5.9043e-02 -5.9043e-02 -5.9043e-02 -5.9043e-02 -5.9043e-02 -5.9043e-02 -5.9043e-02 -2.0488e-02 -2.2441e-02 -4.2868e-02 -4.0476e-02 -3.5584e-02 -7.4428e-03 1.4249e-02 3.3790e-03 3.3790e-03 3.3790e-03 1.4249e-02 3.3790e-03 3.3790e-03 -1.5935e-02 3.3790e-03 3.3790e-03 3.3790e-03 3.3790e-03 3.3790e-03 3.3790e-03 3.3790e-03 3.3790e-03 3.3790e-03 3.3790e-03 3.3790e-03 6.0908e-03 3.3790e-03 -1.0666e-02 -1.0666e-02 -2.2212e-03 1.4249e-02 3.3790e-03 3.3790e-03 3.3790e-03 3.3790e-03 3.3790e-03 3.3790e-03 3.3790e-03 3.3790e-03 3.3790e-03 7.5135e-04 -4.9624e-03 -4.9624e-03 -4.9624e-03 -4.9624e-03 -4.9624e-03 -4.9624e-03 1.6400e-02 3.3947e-03 3.3947e-03 1.6400e-02 -2.5938e-02 3.5249e-02
5.5394e-01 9.1306e-01 9.2122e-01 7.5497e-01 8.3964e-01 8.3964e-01 8.3964e-01 8.3964e-01 8.4943e-01 8.4943e-01 9.0571e-01 -5.9986e-01 9.3541e-01 -5.8057e-01 -5.9476e-01 9.5363e-01 9.0920e-01 9.0757e-01 9.5755e-01 -4.8238e-01 -4.8425e-01 7.9497e-01 9.2509e-01 -7.3826e-01 1.0000e+00 9.1933e-01 -9.8781e-02 -1.0454e-01 7.9151e-02 -1.0454e-01 -1.0454e-01 -9.8781e-02 9.8781e-02 9.8781e-02 9.8781e-02 9.8781e-02 9.8781e-02 9.8781e-02 6.0845e-02 5.7009e-02 7.6266e-02 8.1706e-02 7.5519e-02 4.1395e-02 -1.6113e-02 2.9025e-02 2.9025e-02 2.9025e-02 -1.6113e-02 2.9025e-02 2.9025e-02 4.6786e-02 2.9025e-02 2.9025e-02 2.9025e-02 2.9025e-02 2.9025e-02 2.9025e-02 2.9025e-02 2.9025e-02 2.9025e-02 2.9025e-02 2.9025e-02 -5.1721e-03 2.9025e-02 4.0664e-02 4.0664e-02 3.5405e-02 -1.6113e-02 2.9025e-02 2.9025e-02 2.9025e-02 2.9025e-02 2.9025e-02 2.9025e-02 2.9025e-02 2.9025e-02 2.9025e-02 -3.7014e-03 3.4091e-02 3.4091e-02 3.4091e-02 3.4091e-02 3.4091e-02 3.4091e-02 -5.0214e-02 -1.3848e-02 -1.3848e-02 -5.0214e-02 5.3380e-02 -4.6786e-02
5.0946e-01 8.5220e-01 8.4855e-01 8.1631e-01 9.0668e-01 9.0668e-01 9.0668e-01 9.0668e-01 9.0436e-01 9.0436e-01 8.3027e-01 -6.3090e-01 8.6314e-01 -6.2184e-01 -6.3740e-01 8.8182e-01 9.7707e-01 9.7498e-01 8.8504e-01 -5.2470e-01 -5.2674e-01 8.6900e-01 9.9378e-01 -8.0304e-01 9.1933e-01 1.0000e+00 -8.8070e-02 -9.3404e-02 6.2470e-02 -9.3404e-02 -9.3404e-02 -8.8070e-02 8.8070e-02 8.8070e-02 8.8070e-02 8.8070e-02 8.8070e-02 8.8070e-02 7.1031e-02 7.3287e-02 7.3564e-02 7.0744e-02 6.4984e-02 3.1738e-02 2.0170e-02 1.9904e-02 1.9904e-02 1.9904e-02 2.0170e-02 1.9904e-02 1.9904e-02 3.7928e-02 1.9904e-02 1.9904e-02 1.9904e-02 1.9904e-02 1.9904e-02 1.9904e-02 1.9904e-02 1.9904e-02 1.9904e-02 1.9904e-02 1.9904e-02 2.9035e-02 1.9904e-02 3.2094e-02 3.2094e-02 2.6013e-02 2.0170e-02 1.9904e-02 1.9904e-02 1.9904e-02 1.9904e-02 1.9904e-02 1.9904e-02 1.9904e-02 1.9904e-02 1.9904e-02 3.2765e-02 2.5819e-02 2.5819e-02 2.5819e-02 2.5819e-02 2.5819e-02 2.5819e-02 8.6364e-03 2.7657e-02 2.7657e-02 8.6364e-03 4.5393e-02 -3.7928e-02
5.2051e-02 -7.4612e-02 -7.5574e-02 -4.1220e-02 -6.5646e-02 -6.5646e-02 -6.5646e-02 -6.5646e-02 -6.7077e-02 -6.7077e-02 -5.9215e-02 7.8282e-02 -7.6056e-02 6.5252e-02 6.9187e-02 -7.6537e-02 -7.8934e-02 -7.7516e-02 -7.4612e-02 3.4428e-02 3.5026e-02 -7.1602e-02 -8.9476e-02 5.9043e-02 -9.8781e-02 -8.8070e-02 1.0000e+00 9.8243e-01 -8.5682e-01 9.8243e-01 9.8243e-01 1.0000e+00 -1.0000e+00 -1.0000e+00 -1.0000e+00 -1.0000e+00 -1.0000e+00 -1.0000e+00 -7.0520e-01 -7.0168e-01 -9.0179e-01 -9.0997e-01 -9.2697e-01 3.0709e-02 4.1452e-02 2.8559e-02 2.8559e-02 2.8559e-02 4.1452e-02 2.8559e-02 2.8559e-02 2.8559e-02 2.8559e-02 2.8559e-02 2.8559e-02 2.8559e-02 2.8559e-02 2.8559e-02 2.8559e-02 2.8559e-02 2.8559e-02 2.8559e-02 2.8559e-02 4.3003e-02 2.8559e-02 2.7425e-02 2.7425e-02 2.9652e-02 4.1452e-02 2.8559e-02 2.8559e-02 2.8559e-02 2.8559e-02 2.8559e-02 2.8559e-02 2.8559e-02 2.8559e-02 2.8559e-02 4.1452e-02 2.6244e-02 2.6244e-02 2.6244e-02 2.6244e-02 2.6244e-02 2.6244e-02 2.9652e-02 3.8180e-02 3.8180e-02 2.9652e-02 2.6244e-02 -2.8559e-02
5.8154e-02 -8.0786e-02 -8.1763e-02 -4.6454e-02 -7.0929e-02 -7.0929e-02 -7.0929e-02 -7.0929e-02 -7.2378e-02 -7.2378e-02 -6.5164e-02 8.1682e-02 -7.3860e-02 6.8507e-02 7.2484e-02 -7.4351e-02 -8.4395e-02 -8.2957e-02 -7.2388e-02 3.7409e-02 3.8012e-02 -7.6712e-02 -9.4830e-02 6.3507e-02 -1.0454e-01 -9.3404e-02 9.8243e-01 1.0000e+00 -8.4176e-01 1.0000e+00 1.0000e+00 9.8243e-01 -9.8243e-01 -9.8243e-01 -9.8243e-01 -9.8243e-01 -9.8243e-01 -9.8243e-01 -7.1781e-01 -7.1423e-01 -9.2090e-01 -9.2925e-01 -9.1057e-01 3.1258e-02 4.2193e-02 2.9070e-02 2.9070e-02 2.9070e-02 4.2193e-02 2.9070e-02 2.9070e-02 2.9070e-02 2.9070e-02 2.9070e-02 2.9070e-02 2.9070e-02 2.9070e-02 2.9070e-02 2.9070e-02 2.9070e-02 2.9070e-02 2.9070e-02 2.9070e-02 -6.0128e-03 2.9070e-02 2.7916e-02 2.7916e-02 3.0183e-02 4.2193e-02 2.9070e-02 2.9070e-02 2.9070e-02 2.9070e-02 2.9070e-02 2.9070e-02 2.9070e-02 2.9070e-02 2.9070e-02 -9.3506e-03 2.6714e-02 2.6714e-02 2.6714e-02 2.6714e-02 2.6714e-02 2.6714e-02 3.0183e-02 3.8863e-02 3.8863e-02 3.0183e-02 -1.3337e-02 7.8082e-03
-6.8573e-02 6.0773e-02 6.1599e-02 1.6600e-02 4.0493e-02 4.0493e-02 4.0493e-02 4.0493e-02 4.1746e-02 4.1746e-02 4.7547e-02 -7.2517e-02 6.2012e-02 -6.1595e-02 -6.4889e-02 6.2425e-02 5.2105e-02 5.0868e-02 6.0773e-02 -3.5939e-02 -3.6435e-02 4.8117e-02 6.3692e-02 -4.2092e-02 7.9151e-02 6.2470e-02 -8.5682e-01 -8.4176e-01 1.0000e+00 -8.4176e-01 -8.4176e-01 -8.5682e-01 8.5682e-01 8.5682e-01 8.5682e-01 8.5682e-01 8.5682e-01 8.5682e-01 6.0422e-01 6.0121e-01 8.0815e-01 8.1544e-01 8.3059e-01 -2.6312e-02 -3.5516e-02 -2.4470e-02 -2.4470e-02 -2.4470e-02 -3.5516e-02 -2.4470e-02 -2.4470e-02 -2.4470e-02 -2.4470e-02 -2.4470e-02 -2.4470e-02 -2.4470e-02 -2.4470e-02 -2.4470e-02 -2.4470e-02 -2.4470e-02 -2.4470e-02 -2.4470e-02 -2.4470e-02 -3.6846e-02 -2.4470e-02 -2.3498e-02 -2.3498e-02 -2.5407e-02 -3.5516e-02 -2.4470e-02 -2.4470e-02 -2.4470e-02 -2.4470e-02 -2.4470e-02 -2.4470e-02 -2.4470e-02 -2.4470e-02 -2.4470e-02 -3.5516e-02 -2.2487e-02 -2.2487e-02 -2.2487e-02 -2.2487e-02 -2.2487e-02 -2.2487e-02 -2.5407e-02 -3.2713e-02 -3.2713e-02 -2.5407e-02 -2.2487e-02 2.4470e-02
5.8154e-02 -8.0786e-02 -8.1763e-02 -4.6454e-02 -7.0929e-02 -7.0929e-02 -7.0929e-02 -7.0929e-02 -7.2378e-02 -7.2378e-02 -6.5164e-02 8.1682e-02 -7.3860e-02 6.8507e-02 7.2484e-02 -7.4351e-02 -8.4395e-02 -8.2957e-02 -7.2388e-02 3.7409e-02 3.8012e-02 -7.6712e-02 -9.4830e-02 6.3507e-02 -1.0454e-01 -9.3404e-02 9.8243e-01 1.0000e+00 -8.4176e-01 1.0000e+00 1.0000e+00 9.8243e-01 -9.8243e-01 -9.8243e-01 -9.8243e-01 -9.8243e-01 -9.8243e-01 -9.8243e-01 -7.1781e-01 -7.1423e-01 -9.2090e-01 -9.2925e-01 -9.1057e-01 3.1258e-02 4.2193e-02 2.9070e-02 2.9070e-02 2.9070e-02 4.2193e-02 2.9070e-02 2.9070e-02 2.9070e-02 2.9070e-02 2.9070e-02 2.9070e-02 2.9070e-02 2.9070e-02 2.9070e-02 2.9070e-02 2.9070e-02 2.9070e-02 2.9070e-02 2.9070e-02 -6.0128e-03 2.9070e-02 2.7916e-02 2.7916e-02 3.0183e-02 4.2193e-02 2.9070e-02 2.9070e-02 2.9070e-02 2.9070e-02 2.9070e-02 2.9070e-02 2.9070e-02 2.9070e-02 2.9070e-02 -9.3506e-03 2.6714e-02 2.6714e-02 2.6714e-02 2.6714e-02 2.6714e-02 2.6714e-02 3.0183e-02 3.8863e-02 3.8863e-02 3.0183e-02 -1.3337e-02 7.8082e-03
5.8154e-02 -8.0786e-02 -8.1763e-02 -4.6454e-02 -7.0929e-02 -7.0929e-02 -7.0929e-02 -7.0929e-02 -7.2378e-02 -7.2378e-02 -6.5164e-02 8.1682e-02 -7.3860e-02 6.8507e-02 7.2484e-02 -7.4351e-02 -8.4395e-02 -8.2957e-02 -7.2388e-02 3.7409e-02 3.8012e-02 -7.6712e-02 -9.4830e-02 6.3507e-02 -1.0454e-01 -9.3404e-02 9.8243e-01 1.0000e+00 -8.4176e-01 1.0000e+00 1.0000e+00 9.8243e-01 -9.8243e-01 -9.8243e-01 -9.8243e-01 -9.8243e-01 -9.8243e-01 -9.8243e-01 -7.1781e-01 -7.1423e-01 -9.2090e-01 -9.2925e-01 -9.1057e-01 3.1258e-02 4.2193e-02 2.9070e-02 2.9070e-02 2.9070e-02 4.2193e-02 2.9070e-02 2.9070e-02 2.9070e-02 2.9070e-02 2.9070e-02 2.9070e-02 2.9070e-02 2.9070e-02 2.9070e-02 2.9070e-02 2.9070e-02 2.9070e-02 2.9070e-02 2.9070e-02 -6.0128e-03 2.9070e-02 2.7916e-02 2.7916e-02 3.0183e-02 4.2193e-02 2.9070e-02 2.9070e-02 2.9070e-02 2.9070e-02 2.9070e-02 2.9070e-02 2.9070e-02 2.9070e-02 2.9070e-02 -9.3506e-03 2.6714e-02 2.6714e-02 2.6714e-02 2.6714e-02 2.6714e-02 2.6714e-02 3.0183e-02 3.8863e-02 3.8863e-02 3.0183e-02 -1.3337e-02 7.8082e-03
5.2051e-02 -7.4612e-02 -7.5574e-02 -4.1220e-02 -6.5646e-02 -6.5646e-02 -6.5646e-02 -6.5646e-02 -6.7077e-02 -6.7077e-02 -5.9215e-02 7.8282e-02 -7.6056e-02 6.5252e-02 6.9187e-02 -7.6537e-02 -7.8934e-02 -7.7516e-02 -7.4612e-02 3.4428e-02 3.5026e-02 -7.1602e-02 -8.9476e-02 5.9043e-02 -9.8781e-02 -8.8070e-02 1.0000e+00 9.8243e-01 -8.5682e-01 9.8243e-01 9.8243e-01 1.0000e+00 -1.0000e+00 -1.0000e+00 -1.0000e+00 -1.0000e+00 -1.0000e+00 -1.0000e+00 -7.0520e-01 -7.0168e-01 -9.0179e-01 -9.0997e-01 -9.2697e-01 3.0709e-02 4.1452e-02 2.8559e-02 2.8559e-02 2.8559e-02 4.1452e-02 2.8559e-02 2.8559e-02 2.8559e-02 2.8559e-02 2.8559e-02 2.8559e-02 2.8559e-02 2.8559e-02 2.8559e-02 2.8559e-02 2.8559e-02 2.8559e-02 2.8559e-02 2.8559e-02 4.3003e-02 2.8559e-02 2.7425e-02 2.7425e-02 2.9652e-02 4.1452e-02 2.8559e-02 2.8559e-02 2.8559e-02 2.8559e-02 2.8559e-02 2.8559e-02 2.8559e-02 2.8559e-02 2.8559e-02 4.1452e-02 2.6244e-02 2.6244e-02 2.6244e-02 2.6244e-02 2.6244e-02 2.6244e-02 2.9652e-02 3.8180e-02 3.8180e-02 2.9652e-02 2.6244e-02 -2.8559e-02
-5.2051e-02 7.4612e-02 7.5574e-02 4.1220e-02 6.5646e-02 6.5646e-02 6.5646e-02 6.5646e-02 6.7077e-02 6.7077e-02 5.9215e-02 -7.8282e-02 7.6056e-02 -6.5252e-02 -6.9187e-02 7.6537e-02 7.8934e-02 7.7516e-02 7.4612e-02 -3.4428e-02 -3.5026e-02 7.1602e-02 8.9476e-02 -5.9043e-02 9.8781e-02 8.8070e-02 -1.0000e+00 -9.8243e-01 8.5682e-01 -9.8243e-01 -9.8243e-01 -1.0000e+00 1.0000e+00 1.0000e+00 1.0000e+00 1.0000e+00 1.0000e+00 1.0000e+00 7.0520e-01 7.0168e-01 9.0179e-01 9.0997e-01 9.2697e-01 -3.0709e-02 -4.1452e-02 -2.8559e-02 -2.8559e-02 -2.8559e-02 -4.1452e-02 -2.8559e-02 -2.8559e-02 -2.8559e-02 -2.8559e-02 -2.8559e-02 -2.8559e-02 -2.8559e-02 -2.8559e-02 -2.8559e-02 -2.8559e-02 -2.8559e-02 -2.8559e-02 -2.8559e-02 -2.8559e-02 -4.3003e-02 -2.8559e-02 -2.7425e-02 -2.7425e-02 -2.9652e-02 -4.1452e-02 -2.8559e-02 -2.8559e-02 -2.8559e-02 -2.8559e-02 -2.8559e-02 -2.8559e-02 -2.8559e-02 -2.8559e-02 -2.8559e-02 -4.1452e-02 -2.6244e-02 -2.6244e-02 -2.6244e-02 -2.6244e-02 -2.6244e-02 -2.6244e-02 -2.9652e-02 -3.8180e-02 -3.8180e-02 -2.9652e-02 -2.6244e-02 2.8559e-02
-5.2051e-02 7.4612e-02 7.5574e-02 4.1220e-02 6.5646e-02 6.5646e-02 6.5646e-02 6.5646e-02 6.7077e-02 6.7077e-02 5.9215e-02 -7.8282e-02 7.6056e-02 -6.5252e-02 -6.9187e-02 7.6537e-02 7.8934e-02 7.7516e-02 7.4612e-02 -3.4428e-02 -3.5026e-02 7.1602e-02 8.9476e-02 -5.9043e-02 9.8781e-02 8.8070e-02 -1.0000e+00 -9.8243e-01 8.5682e-01 -9.8243e-01 -9.8243e-01 -1.0000e+00 1.0000e+00 1.0000e+00 1.0000e+00 1.0000e+00 1.0000e+00 1.0000e+00 7.0520e-01 7.0168e-01 9.0179e-01 9.0997e-01 9.2697e-01 -3.0709e-02 -4.1452e-02 -2.8559e-02 -2.8559e-02 -2.8559e-02 -4.1452e-02 -2.8559e-02 -2.8559e-02 -2.8559e-02 -2.8559e-02 -2.8559e-02 -2.8559e-02 -2.8559e-02 -2.8559e-02 -2.8559e-02 -2.8559e-02 -2.8559e-02 -2.8559e-02 -2.8559e-02 -2.8559e-02 -4.3003e-02 -2.8559e-02 -2.7425e-02 -2.7425e-02 -2.9652e-02 -4.1452e-02 -2.8559e-02 -2.8559e-02 -2.8559e-02 -2.8559e-02 -2.8559e-02 -2.8559e-02 -2.8559e-02 -2.8559e-02 -2.8559e-02 -4.1452e-02 -2.6244e-02 -2.6244e-02 -2.6244e-02 -2.6244e-02 -2.6244e-02 -2.6244e-02 -2.9652e-02 -3.8180e-02 -3.8180e-02 -2.9652e-02 -2.6244e-02 2.8559e-02
-5.2051e-02 7.4612e-02 7.5574e-02 4.1220e-02 6.5646e-02 6.5646e-02 6.5646e-02 6.5646e-02 6.7077e-02 6.7077e-02 5.9215e-02 -7.8282e-02 7.6056e-02 -6.5252e-02 -6.9187e-02 7.6537e-02 7.8934e-02 7.7516e-02 7.4612e-02 -3.4428e-02 -3.5026e-02 7.1602e-02 8.9476e-02 -5.9043e-02 9.8781e-02 8.8070e-02 -1.0000e+00 -9.8243e-01 8.5682e-01 -9.8243e-01 -9.8243e-01 -1.0000e+00 1.0000e+00 1.0000e+00 1.0000e+00 1.0000e+00 1.0000e+00 1.0000e+00 7.0520e-01 7.0168e-01 9.0179e-01 9.0997e-01 9.2697e-01 -3.0709e-02 -4.1452e-02 -2.8559e-02 -2.8559e-02 -2.8559e-02 -4.1452e-02 -2.8559e-02 -2.8559e-02 -2.8559e-02 -2.8559e-02 -2.8559e-02 -2.8559e-02 -2.8559e-02 -2.8559e-02 -2.8559e-02 -2.8559e-02 -2.8559e-02 -2.8559e-02 -2.8559e-02 -2.8559e-02 -4.3003e-02 -2.8559e-02 -2.7425e-02 -2.7425e-02 -2.9652e-02 -4.1452e-02 -2.8559e-02 -2.8559e-02 -2.8559e-02 -2.8559e-02 -2.8559e-02 -2.8559e-02 -2.8559e-02 -2.8559e-02 -2.8559e-02 -4.1452e-02 -2.6244e-02 -2.6244e-02 -2.6244e-02 -2.6244e-02 -2.6244e-02 -2.6244e-02 -2.9652e-02 -3.8180e-02 -3.8180e-02 -2.9652e-02 -2.6244e-02 2.8559e-02
-5.2051e-02 7.4612e-02 7.5574e-02 4.1220e-02 6.5646e-02 6.5646e-02 6.5646e-02 6.5646e-02 6.7077e-02 6.7077e-02 5.9215e-02 -7.8282e-02 7.6056e-02 -6.5252e-02 -6.9187e-02 7.6537e-02 7.8934e-02 7.7516e-02 7.4612e-02 -3.4428e-02 -3.5026e-02 7.1602e-02 8.9476e-02 -5.9043e-02 9.8781e-02 8.8070e-02 -1.0000e+00 -9.8243e-01 8.5682e-01 -9.8243e-01 -9.8243e-01 -1.0000e+00 1.0000e+00 1.0000e+00 1.0000e+00 1.0000e+00 1.0000e+00 1.0000e+00 7.0520e-01 7.0168e-01 9.0179e-01 9.0997e-01 9.2697e-01 -3.0709e-02 -4.1452e-02 -2.8559e-02 -2.8559e-02 -2.8559e-02 -4.1452e-02 -2.8559e-02 -2.8559e-02 -2.8559e-02 -2.8559e-02 -2.8559e-02 -2.8559e-02 -2.8559e-02 -2.8559e-02 -2.8559e-02 -2.8559e-02 -2.8559e-02 -2.8559e-02 -2.8559e-02 -2.8559e-02 -4.3003e-02 -2.8559e-02 -2.7425e-02 -2.7425e-02 -2.9652e-02 -4.1452e-02 -2.8559e-02 -2.8559e-02 -2.8559e-02 -2.8559e-02 -2.8559e-02 -2.8559e-02 -2.8559e-02 -2.8559e-02 -2.8559e-02 -4.1452e-02 -2.6244e-02 -2.6244e-02 -2.6244e-02 -2.6244e-02 -2.6244e-02 -2.6244e-02 -2.9652e-02 -3.8180e-02 -3.8180e-02 -2.9652e-02 -2.6244e-02 2.8559e-02
-5.2051e-02 7.4612e-02 7.5574e-02 4.1220e-02 6.5646e-02 6.5646e-02 6.5646e-02 6.5646e-02 6.7077e-02 6.7077e-02 5.9215e-02 -7.8282e-02 7.6056e-02 -6.5252e-02 -6.9187e-02 7.6537e-02 7.8934e-02 7.7516e-02 7.4612e-02 -3.4428e-02 -3.5026e-02 7.1602e-02 8.9476e-02 -5.9043e-02 9.8781e-02 8.8070e-02 -1.0000e+00 -9.8243e-01 8.5682e-01 -9.8243e-01 -9.8243e-01 -1.0000e+00 1.0000e+00 1.0000e+00 1.0000e+00 1.0000e+00 1.0000e+00 1.0000e+00 7.0520e-01 7.0168e-01 9.0179e-01 9.0997e-01 9.2697e-01 -3.0709e-02 -4.1452e-02 -2.8559e-02 -2.8559e-02 -2.8559e-02 -4.1452e-02 -2.8559e-02 -2.8559e-02 -2.8559e-02 -2.8559e-02 -2.8559e-02 -2.8559e-02 -2.8559e-02 -2.8559e-02 -2.8559e-02 -2.8559e-02 -2.8559e-02 -2.8559e-02 -2.8559e-02 -2.8559e-02 -4.3003e-02 -2.8559e-02 -2.7425e-02 -2.7425e-02 -2.9652e-02 -4.1452e-02 -2.8559e-02 -2.8559e-02 -2.8559e-02 -2.8559e-02 -2.8559e-02 -2.8559e-02 -2.8559e-02 -2.8559e-02 -2.8559e-02 -4.1452e-02 -2.6244e-02 -2.6244e-02 -2.6244e-02 -2.6244e-02 -2.6244e-02 -2.6244e-02 -2.9652e-02 -3.8180e-02 -3.8180e-02 -2.9652e-02 -2.6244e-02 2.8559e-02
-5.2051e-02 7.4612e-02 7.5574e-02 4.1220e-02 6.5646e-02 6.5646e-02 6.5646e-02 6.5646e-02 6.7077e-02 6.7077e-02 5.9215e-02 -7.8282e-02 7.6056e-02 -6.5252e-02 -6.9187e-02 7.6537e-02 7.8934e-02 7.7516e-02 7.4612e-02 -3.4428e-02 -3.5026e-02 7.1602e-02 8.9476e-02 -5.9043e-02 9.8781e-02 8.8070e-02 -1.0000e+00 -9.8243e-01 8.5682e-01 -9.8243e-01 -9.8243e-01 -1.0000e+00 1.0000e+00 1.0000e+00 1.0000e+00 1.0000e+00 1.0000e+00 1.0000e+00 7.0520e-01 7.0168e-01 9.0179e-01 9.0997e-01 9.2697e-01 -3.0709e-02 -4.1452e-02 -2.8559e-02 -2.8559e-02 -2.8559e-02 -4.1452e-02 -2.8559e-02 -2.8559e-02 -2.8559e-02 -2.8559e-02 -2.8559e-02 -2.8559e-02 -2.8559e-02 -2.8559e-02 -2.8559e-02 -2.8559e-02 -2.8559e-02 -2.8559e-02 -2.8559e-02 -2.8559e-02 -4.3003e-02 -2.8559e-02 -2.7425e-02 -2.7425e-02 -2.9652e-02 -4.1452e-02 -2.8559e-02 -2.8559e-02 -2.8559e-02 -2.8559e-02 -2.8559e-02 -2.8559e-02 -2.8559e-02 -2.8559e-02 -2.8559e-02 -4.1452e-02 -2.6244e-02 -2.6244e-02 -2.6244e-02 -2.6244e-02 -2.6244e-02 -2.6244e-02 -2.9652e-02 -3.8180e-02 -3.8180e-02 -2.9652e-02 -2.6244e-02 2.8559e-02
