1.0000e+00 -1.0996e-01 -1.1154e-01 -1.0026e-01 -1.0540e-01 9.0363e-01 8.6472e-01 8.6472e-01 -2.0798e-02 4.7953e-02 3.0371e-02 9.4834e-03 1.0992e-02 -1.0371e-02 -1.0371e-02 9.8785e-03 1.8170e-02 9.4834e-03 9.8785e-03 1.0278e-02 2.9201e-02 1.8170e-02 9.4834e-03 9.8785e-03 1.7401e-02 1.8555e-02 -2.3971e-02 1.8170e-02 1.2004e-01 1.7785e-02 1.8170e-02 1.7785e-02 1.8748e-02 1.2100e-01 1.8170e-02 -4.4203e-02 1.2004e-01 3.1318e-02 1.8748e-02 1.8362e-02 -4.4652e-02 6.4443e-03 8.4219e-02 8.4219e-02 8.1925e-02 3.1729e-02 8.1925e-02 8.1925e-02 8.3443e-02 1.7785e-02 8.4219e-02 1.7593e-02 1.8170e-02 8.4219e-02 -6.4094e-03 -6.8270e-03 -1.3532e-02 1.1228e-01 1.1228e-01 1.3381e-01 1.6963e-02 3.8528e-02 -2.2849e-02 -2.2406e-02 1.4935e-02 1.4935e-02 -8.9334e-03 -1.0841e-02 -2.6033e-02 -3.4415e-02 -3.5621e-02 -3.5793e-02 -1.6164e-02 -2.5662e-02 -1.1697e-02 -2.4558e-02 -1.6164e-02 1.4355e-02 -9.4175e-03 -2.3209e-02 -2.3209e-02 -1.1101e-02 -9.0271e-03 -2.2825e-02 -2.7139e-02 -2.2825e-02 -2.2440e-02 -2.2825e-02 1.4644e-02 -9.4175e-03 1.4644e-02 2.2053e-03 1.5227e-02 5.0718e-03 5.7689e-03 -9.5202e-03
-1.0996e-01 1.0000e+00 9.8585e-01 8.8354e-01 8.3323e-01 -1.2169e-01 -1.2717e-01 -1.2717e-01 1.1218e-01 6.3774e-02 3.6151e-02 -7.3328e-02 -6.2723e-02 -1.9450e-02 -1.9450e-02 -7.6850e-02 1.4474e-01 -7.3328e-02 -7.6850e-02 -8.0415e-02 3.6581e-02 1.4071e-01 -7.3328e-02 -7.6850e-02 1.3945e-01 1.3731e-01 1.2393e-01 1.4474e-01 -8.8087e-02 1.4008e-01 1.4071e-01 1.4008e-01 1.4367e-01 -9.1599e-02 1.3265e-01 7.6237e-02 -9.5199e-02 5.0800e-02 1.3561e-01 1.3901e-01 7.1998e-02 3.9120e-02 -8.7965e-02 -8.7965e-02 -9.1689e-02 -3.0581e-02 -9.1689e-02 -9.1689e-02 -8.4450e-02 1.3605e-01 -8.7965e-02 1.3372e-01 1.3668e-01 -8.7965e-02 1.0254e-01 1.0622e-01 9.4266e-02 -4.9250e-02 -4.9250e-02 -7.0609e-02 1.0528e-01 -6.6237e-03 1.1940e-01 -1.2106e-02 1.2224e-01 1.2224e-01 1.2001e-01 1.0294e-01 3.8590e-02 6.3720e-02 4.9753e-02 5.1611e-02 5.7366e-02 3.4589e-02 5.0514e-02 1.1551e-01 5.7366e-02 1.2087e-01 1.1851e-01 1.2890e-02 1.2890e-02 5.3915e-02 -1.0996e-01 8.7087e-03 1.7111e-02 8.7087e-03 1.4421e-02 8.7087e-03 1.1884e-01 1.1282e-01 1.1884e-01 1.4470e-01 1.2565e-01 1.3909e-02 2.1947e-02 -3.4952e-02
-1.1154e-01 9.8585e-01 1.0000e+00 8.9075e-01 8.3559e-01 -1.2344e-01 -1.1044e-01 -1.1044e-01 1.0934e-01 6.3550e-02 3.5844e-02 -6.3184e-02 -6.7200e-02 -1.4140e-02 -1.4140e-02 -6.6606e-02 1.4416e-01 -6.3184e-02 -6.6606e-02 -7.0069e-02 4.0506e-02 1.4012e-01 -6.3184e-02 -6.6606e-02 1.3875e-01 1.3676e-01 1.2173e-01 1.4416e-01 -7.8387e-02 1.3943e-01 1.4012e-01 1.3943e-01 1.4317e-01 -8.1806e-02 1.3204e-01 6.9845e-02 -8.5515e-02 5.5065e-02 1.3509e-01 1.3844e-01 6.5529e-02 4.3085e-02 -7.8062e-02 -7.8062e-02 -8.2098e-02 -2.7619e-02 -8.2098e-02 -8.2098e-02 -7.4642e-02 1.3943e-01 -7.8062e-02 1.3707e-01 1.3608e-01 -7.8062e-02 1.0387e-01 1.0750e-01 9.2463e-02 -3.9500e-02 -3.9500e-02 -5.8735e-02 1.0649e-01 -9.3536e-03 1.1627e-01 2.0599e-02 1.1626e-01 1.1626e-01 1.1449e-01 9.7196e-02 5.5151e-02 7.7851e-02 6.3526e-02 6.5342e-02 7.0225e-02 5.1261e-02 6.4381e-02 1.1212e-01 7.0225e-02 1.1484e-01 1.1293e-01 3.0323e-02 3.0323e-02 6.7930e-02 -9.0156e-02 2.6261e-02 3.3276e-02 2.6261e-02 3.2118e-02 2.6261e-02 1.1284e-01 1.0723e-01 1.1284e-01 1.3769e-01 1.1971e-01 9.3611e-03 1.7469e-02 -1.6142e-02
-1.0026e-01 8.8354e-01 8.9075e-01 1.0000e+00 9.4320e-01 -1.1095e-01 -9.7601e-02 -9.7601e-02 1.0261e-01 9.0889e-02 4.3296e-02 -4.5013e-02 -2.2562e-02 -3.0952e-02 -3.0952e-02 -4.8683e-02 1.7206e-01 -4.5013e-02 -4.8683e-02 -5.2396e-02 4.4677e-02 1.7206e-01 -4.5013e-02 -4.8683e-02 1.6753e-01 1.6434e-01 1.1735e-01 1.7206e-01 -5.8924e-02 1.6780e-01 1.6806e-01 1.6780e-01 1.7047e-01 -6.2581e-02 1.6008e-01 5.5679e-02 -6.5971e-02 6.1409e-02 1.6247e-01 1.6620e-01 5.2316e-02 4.7002e-02 -5.9159e-02 -5.9159e-02 -6.9329e-02 -4.4546e-03 -6.9329e-02 -6.9329e-02 -5.5498e-02 1.6780e-01 -5.9159e-02 1.6567e-01 1.6407e-01 -5.9159e-02 9.5033e-02 9.9117e-02 6.3658e-02 -3.3302e-02 -3.3302e-02 -5.6590e-02 9.8617e-02 3.6224e-04 1.1406e-01 9.6029e-03 1.0792e-01 1.0792e-01 1.0548e-01 8.5345e-02 1.9412e-03 3.4195e-02 1.7565e-02 1.9643e-02 2.5605e-02 -2.5742e-03 2.2289e-02 1.1347e-01 2.5605e-02 1.0176e-01 9.8945e-02 -2.2895e-02 -2.2895e-02 2.4954e-02 -7.9111e-02 -2.7611e-02 -2.2434e-02 -2.7611e-02 -2.2528e-02 -2.7611e-02 1.0483e-01 9.8945e-02 1.0483e-01 1.3747e-01 1.1102e-01 1.6422e-02 2.3786e-02 -5.3863e-03
-1.0540e-01 8.3323e-01 8.3559e-01 9.4320e-01 1.0000e+00 -1.1664e-01 -1.2189e-01 -1.2189e-01 9.2072e-02 7.0084e-02 3.2738e-02 -6.0273e-02 -3.6132e-02 -2.9689e-02 -2.9689e-02 -6.3859e-02 1.6269e-01 -6.0273e-02 -6.3859e-02 -6.7488e-02 2.9286e-02 1.6269e-01 -6.0273e-02 -6.3859e-02 1.5775e-01 1.5513e-01 1.1115e-01 1.6269e-01 -7.4628e-02 1.5821e-01 1.5868e-01 1.5821e-01 1.6138e-01 -7.8203e-02 1.5066e-01 5.3555e-02 -8.1702e-02 4.6931e-02 1.5336e-01 1.5690e-01 4.9807e-02 3.1715e-02 -7.4669e-02 -7.4669e-02 -8.5169e-02 -2.9441e-02 -8.5169e-02 -8.5169e-02 -7.1091e-02 1.5821e-01 -7.4669e-02 1.5598e-01 1.5467e-01 -7.4669e-02 8.9477e-02 9.3364e-02 5.6792e-02 -2.9738e-02 -2.9738e-02 -5.0128e-02 9.2650e-02 -9.2629e-03 1.0249e-01 6.8037e-03 1.2400e-01 1.2400e-01 1.2523e-01 1.0348e-01 -1.5462e-02 1.2738e-02 -4.5656e-03 -2.5657e-03 1.6993e-03 -1.9812e-02 3.5061e-04 1.0101e-01 1.6993e-03 1.1747e-01 1.1827e-01 -3.9003e-02 -3.9003e-02 3.2863e-03 -6.2943e-02 -4.3549e-02 -4.0480e-02 -4.3549e-02 -3.8257e-02 -4.3549e-02 1.2072e-01 1.1827e-01 1.2072e-01 1.4134e-01 1.2187e-01 2.5698e-04 7.8369e-03 9.7336e-03
9.0363e-01 -1.2169e-01 -1.2344e-01 -1.1095e-01 -1.1664e-01 1.0000e+00 9.5695e-01 9.5695e-01 -2.3016e-02 3.5323e-02 5.6826e-02 7.1922e-02 -2.0075e-03 3.6099e-02 3.6099e-02 7.2695e-02 3.7155e-02 7.1922e-02 7.2695e-02 7.3479e-02 5.5422e-02 3.7155e-02 7.1922e-02 7.2695e-02 3.6294e-02 3.7586e-02 -3.1701e-02 3.7155e-02 1.7044e-01 3.6724e-02 3.7155e-02 3.6724e-02 3.7803e-02 1.7169e-01 3.7155e-02 -4.8917e-02 1.7044e-01 5.7964e-02 3.7803e-02 3.7370e-02 -4.9415e-02 3.4885e-02 1.3878e-01 1.3878e-01 1.3554e-01 6.6987e-02 1.3554e-01 1.3554e-01 1.3769e-01 3.6724e-02 1.3878e-01 3.6509e-02 3.7155e-02 1.3878e-01 -1.6885e-02 -1.7321e-02 -1.4975e-02 9.8427e-02 9.8427e-02 1.1837e-01 4.1612e-03 3.1202e-02 -2.5286e-02 -2.4796e-02 5.0550e-03 5.0550e-03 -1.5934e-02 -1.7913e-02 -3.3891e-02 -4.2857e-02 -4.4155e-02 -4.4339e-02 -2.7156e-02 -3.3496e-02 -2.2434e-02 -2.7177e-02 -2.7156e-02 4.4688e-03 -1.6435e-02 -3.0893e-02 -3.0893e-02 -2.1806e-02 -9.9898e-03 -3.0486e-02 -3.5068e-02 -3.0486e-02 -3.0078e-02 -3.0486e-02 4.7611e-03 -1.6435e-02 4.7611e-03 -7.9405e-03 5.3503e-03 -1.6170e-03 -9.1409e-04 -1.0535e-02
8.6472e-01 -1.2717e-01 -1.1044e-01 -9.7601e-02 -1.2189e-01 9.5695e-01 1.0000e+00 1.0000e+00 -2.4051e-02 2.9958e-02 4.8465e-02 9.9230e-02 -7.6515e-03 5.6368e-02 5.6368e-02 1.0017e-01 4.5507e-02 9.9230e-02 1.0017e-01 1.0112e-01 6.6970e-02 4.5507e-02 9.9230e-02 1.0017e-01 4.4603e-02 4.5960e-02 -3.5154e-02 4.5507e-02 1.9284e-01 4.5054e-02 4.5507e-02 4.5054e-02 4.6187e-02 1.9423e-01 4.5507e-02 -5.1118e-02 1.9284e-01 6.9705e-02 4.6187e-02 4.5733e-02 -5.1638e-02 4.7331e-02 1.6289e-01 1.6289e-01 1.5923e-01 8.2491e-02 1.5923e-01 1.5923e-01 1.6165e-01 4.5054e-02 1.6289e-01 4.4829e-02 4.5507e-02 1.6289e-01 -2.1481e-02 -2.1927e-02 -1.5649e-02 9.2735e-02 9.2735e-02 1.1205e-01 -1.3774e-03 2.8125e-02 -2.6423e-02 -2.5911e-02 7.8655e-04 7.8655e-04 -1.9021e-02 -2.1037e-02 -3.7407e-02 -4.6655e-02 -4.7996e-02 -4.8187e-02 -3.2010e-02 -3.7001e-02 -2.7161e-02 -2.8400e-02 -3.2010e-02 1.9569e-04 -1.9531e-02 -3.4324e-02 -3.4324e-02 -2.6518e-02 -1.0439e-02 -3.3906e-02 -3.8619e-02 -3.3906e-02 -3.3486e-02 -3.3906e-02 4.9040e-04 -1.9531e-02 4.9040e-04 -1.2366e-02 1.0842e-03 -4.5229e-03 -3.8152e-03 -1.1010e-02
8.6472e-01 -1.2717e-01 -1.1044e-01 -9.7601e-02 -1.2189e-01 9.5695e-01 1.0000e+00 1.0000e+00 -2.4051e-02 2.9958e-02 4.8465e-02 9.9230e-02 -7.6515e-03 5.6368e-02 5.6368e-02 1.0017e-01 4.5507e-02 9.9230e-02 1.0017e-01 1.0112e-01 6.6970e-02 4.5507e-02 9.9230e-02 1.0017e-01 4.4603e-02 4.5960e-02 -3.5154e-02 4.5507e-02 1.9284e-01 4.5054e-02 4.5507e-02 4.5054e-02 4.6187e-02 1.9423e-01 4.5507e-02 -5.1118e-02 1.9284e-01 6.9705e-02 4.6187e-02 4.5733e-02 -5.1638e-02 4.7331e-02 1.6289e-01 1.6289e-01 1.5923e-01 8.2491e-02 1.5923e-01 1.5923e-01 1.6165e-01 4.5054e-02 1.6289e-01 4.4829e-02 4.5507e-02 1.6289e-01 -2.1481e-02 -2.1927e-02 -1.5649e-02 9.2735e-02 9.2735e-02 1.1205e-01 -1.3774e-03 2.8125e-02 -2.6423e-02 -2.5911e-02 7.8655e-04 7.8655e-04 -1.9021e-02 -2.1037e-02 -3.7407e-02 -4.6655e-02 -4.7996e-02 -4.8187e-02 -3.2010e-02 -3.7001e-02 -2.7161e-02 -2.8400e-02 -3.2010e-02 1.9569e-04 -1.9531e-02 -3.4324e-02 -3.4324e-02 -2.6518e-02 -1.0439e-02 -3.3906e-02 -3.8619e-02 -3.3906e-02 -3.3486e-02 -3.3906e-02 4.9040e-04 -1.9531e-02 4.9040e-04 -1.2366e-02 1.0842e-03 -4.5229e-03 -3.8152e-03 -1.1010e-02
-2.0798e-02 1.1218e-01 1.0934e-01 1.0261e-01 9.2072e-02 -2.3016e-02 -2.4051e-02 -2.4051e-02 1.0000e+00 -9.2707e-02 -1.4269e-01 -6.6072e-02 3.4988e-01 -9.1992e-02 -9.1992e-02 -6.5642e-02 -2.0213e-01 -6.6072e-02 -6.5642e-02 -6.5210e-02 -1.4439e-01 -2.0213e-01 -6.6072e-02 -6.5642e-02 -2.0375e-01 -2.0132e-01 -1.1446e-01 -1.9258e-01 -6.7774e-02 -2.0294e-01 -1.9258e-01 -1.9340e-01 -2.0092e-01 -6.7351e-02 -2.0213e-01 -1.0184e-01 -6.7774e-02 -1.4134e-01 -2.0092e-01 -2.0173e-01 -1.0288e-01 -1.4405e-01 -6.6927e-02 -6.6927e-02 -6.8195e-02 -1.0938e-01 -6.8195e-02 -6.8195e-02 -6.7351e-02 -2.0294e-01 -6.6927e-02 -2.0335e-01 -2.0213e-01 -6.6927e-02 -1.2688e-01 -1.2755e-01 6.5063e-01 -3.7038e-02 -3.7038e-02 -3.1962e-02 -1.2822e-01 -4.2170e-02 8.2650e-01 -5.1622e-02 -9.6959e-02 -9.6959e-02 -8.9831e-02 -9.2707e-02 -8.4012e-02 -1.0186e-01 -1.0446e-01 -1.0483e-01 -1.1222e-01 -8.3232e-02 -1.0372e-01 7.0941e-01 -1.1222e-01 -9.7661e-02 -9.0554e-02 -7.8105e-02 -7.8105e-02 -1.0260e-01 -2.0798e-02 -7.7307e-02 -8.6339e-02 -7.7307e-02 -7.6506e-02 -7.7307e-02 -9.7310e-02 -9.0554e-02 -9.7310e-02 -1.1379e-01 -9.6607e-02 -2.2508e-02 -2.1226e-02 2.6034e-02
4.7953e-02 6.3774e-02 6.3550e-02 9.0889e-02 7.0084e-02 3.5323e-02 2.9958e-02 2.9958e-02 -9.2707e-02 1.0000e+00 6.4970e-01 -1.1783e-01 -2.6497e-01 -1.7798e-01 -1.7798e-01 -1.2700e-01 4.5865e-01 -1.1783e-01 -1.1694e-01 -1.2617e-01 6.4207e-01 4.5865e-01 -1.1783e-01 -1.2700e-01 4.5500e-01 4.6049e-01 7.2905e-01 4.4754e-01 -9.1937e-02 4.5127e-01 4.5310e-01 4.5127e-01 4.4474e-01 -9.0915e-02 4.5310e-01 6.1358e-01 -9.1937e-02 6.0733e-01 4.5586e-01 4.5401e-01 6.2071e-01 6.0741e-01 -9.9787e-02 -9.9787e-02 -8.3203e-02 6.0526e-01 -8.3203e-02 -8.3203e-02 -1.0076e-01 4.5127e-01 -9.9787e-02 4.5035e-01 4.5310e-01 -9.9787e-02 6.7961e-01 6.7590e-01 -6.0318e-02 -2.1177e-02 -2.1177e-02 -2.3115e-02 5.9607e-01 3.8037e-01 -1.0185e-01 1.8511e-01 -1.2779e-01 -1.2779e-01 -1.1863e-01 -8.6868e-02 4.8657e-01 4.1242e-01 4.3350e-01 4.3209e-01 4.1109e-01 4.8348e-01 4.1160e-01 -1.0947e-01 4.1109e-01 -1.2944e-01 -1.2034e-01 5.1419e-01 5.1419e-01 4.0960e-01 -4.0239e-02 5.1806e-01 5.0894e-01 5.1806e-01 5.0830e-01 5.0443e-01 -1.3607e-01 -1.2818e-01 -1.3607e-01 -1.6604e-01 -1.3446e-01 2.7699e-01 2.6348e-01 -4.2437e-02
3.0371e-02 3.6151e-02 3.5844e-02 4.3296e-02 3.2738e-02 5.6826e-02 4.8465e-02 4.8465e-02 -1.4269e-01 6.4970e-01 1.0000e+00 4.3947e-01 -4.0783e-01 6.2035e-01 6.2035e-01 4.3633e-01 7.0594e-01 4.3947e-01 4.3633e-01 4.3317e-01 9.8825e-01 7.0594e-01 4.3947e-01 4.3633e-01 7.0032e-01 7.0441e-01 7.9686e-01 6.9722e-01 4.4420e-01 6.9876e-01 7.0158e-01 6.9876e-01 6.9711e-01 4.4881e-01 7.0158e-01 7.0802e-01 4.5189e-01 9.7144e-01 6.9711e-01 7.0299e-01 7.1532e-01 9.6219e-01 4.4571e-01 4.4571e-01 4.4731e-01 7.4482e-01 4.4731e-01 4.4731e-01 4.4108e-01 6.9876e-01 4.4571e-01 6.9736e-01 7.0158e-01 4.4571e-01 7.8905e-01 7.9400e-01 -9.2840e-02 2.3315e-01 2.3315e-01 2.0879e-01 7.3419e-01 2.9553e-01 -1.5677e-01 2.8396e-01 -1.2443e-01 -1.2443e-01 -1.6234e-01 -1.3691e-01 3.7066e-01 3.8213e-01 3.9811e-01 3.9623e-01 4.1216e-01 3.6973e-01 3.6790e-01 -1.5952e-01 4.1216e-01 -1.2731e-01 -1.6509e-01 3.5579e-01 3.5579e-01 3.6862e-01 1.4575e-01 3.4953e-01 3.9412e-01 3.4953e-01 3.4324e-01 3.3884e-01 -1.3173e-01 -1.6509e-01 -1.3173e-01 -7.8674e-02 -1.3475e-01 1.6545e-01 1.5654e-01 8.8004e-02
9.4834e-03 -7.3328e-02 -6.3184e-02 -4.5013e-02 -6.0273e-02 7.1922e-02 9.9230e-02 9.9230e-02 -6.6072e-02 -1.1783e-01 4.3947e-01 1.0000e+00 -1.8884e-01 7.0818e-01 7.0818e-01 9.9349e-01 3.2688e-01 1.0000e+00 9.9349e-01 9.8695e-01 4.5760e-01 3.2688e-01 1.0000e+00 9.9349e-01 3.2427e-01 3.2819e-01 -8.7822e-02 3.2688e-01 9.6217e-01 3.2557e-01 3.2688e-01 3.2557e-01 3.2885e-01 9.6822e-01 3.2688e-01 -1.3103e-01 9.6217e-01 4.6747e-01 3.2885e-01 3.2753e-01 -1.3252e-01 4.5868e-01 9.7438e-01 9.7438e-01 9.5621e-01 5.9507e-01 9.5621e-01 9.5621e-01 9.6822e-01 3.2557e-01 9.7438e-01 3.2492e-01 3.2688e-01 9.7438e-01 2.3809e-02 3.8888e-02 -4.2988e-02 4.9504e-01 4.9504e-01 4.3348e-01 4.5651e-02 3.8573e-02 -7.2588e-02 2.0226e-01 -7.5472e-02 -7.5472e-02 -1.2387e-01 -1.1783e-01 -8.2032e-03 -3.1308e-02 -2.7736e-02 -2.8374e-02 6.1409e-03 -6.7890e-03 1.3675e-02 -7.8017e-02 6.1409e-03 -7.6720e-02 -1.2486e-01 2.9060e-02 2.9060e-02 1.5738e-02 3.1477e-01 1.2955e-02 4.6399e-03 1.2955e-02 1.4482e-02 1.2955e-02 -7.6097e-02 -1.1469e-01 -7.6097e-02 -9.5434e-02 -7.4844e-02 -4.9116e-02 -4.7519e-02 1.8708e-01
1.0992e-02 -6.2723e-02 -6.7200e-02 -2.2562e-02 -3.6132e-02 -2.0075e-03 -7.6515e-03 -7.6515e-03 3.4988e-01 -2.6497e-01 -4.0783e-01 -1.8884e-01 1.0000e+00 -2.6292e-01 -2.6292e-01 -1.8761e-01 -5.7772e-01 -1.8884e-01 -1.8761e-01 -1.8638e-01 -4.0787e-01 -5.7328e-01 -1.8884e-01 -1.8761e-01 -5.6019e-01 -5.7097e-01 -3.2176e-01 -5.6885e-01 -1.9371e-01 -5.6673e-01 -5.6885e-01 -5.6230e-01 -5.6982e-01 -1.9250e-01 -5.6441e-01 -2.8529e-01 -1.9371e-01 -3.9911e-01 -5.6982e-01 -5.7213e-01 -2.8829e-01 -4.0690e-01 -1.9128e-01 -1.9128e-01 -1.9491e-01 -3.1263e-01 -1.9491e-01 -1.9491e-01 -1.9250e-01 -5.7116e-01 -1.9128e-01 -5.6789e-01 -5.6885e-01 -1.9128e-01 -3.5755e-01 -3.5948e-01 2.2764e-01 -1.0586e-01 -1.0586e-01 -9.1351e-02 -3.6141e-01 -1.2053e-01 2.9687e-01 -1.3765e-01 -1.5174e-01 -1.5174e-01 -1.6233e-01 -1.7263e-01 -2.6898e-01 -3.0829e-01 -3.1559e-01 -3.1663e-01 -3.0848e-01 -2.6684e-01 -2.8388e-01 2.3064e-01 -3.0848e-01 -1.4247e-01 -1.5242e-01 -2.5281e-01 -2.5281e-01 -2.8065e-01 -5.9443e-02 -2.5063e-01 -2.7536e-01 -2.5063e-01 -2.4845e-01 -2.3975e-01 -1.4114e-01 -1.5242e-01 -1.4114e-01 -1.8476e-01 -1.3248e-01 -1.4301e-01 -1.4009e-01 4.1645e-03
-1.0371e-02 -1.9450e-02 -1.4140e-02 -3.0952e-02 -2.9689e-02 3.6099e-02 5.6368e-02 5.6368e-02 -9.1992e-02 -1.7798e-01 6.2035e-01 7.0818e-01 -2.6292e-01 1.0000e+00 1.0000e+00 7.1356e-01 4.5511e-01 7.0818e-01 7.0345e-01 7.0887e-01 6.3106e-01 4.5511e-01 7.0818e-01 7.1356e-01 4.5148e-01 4.5135e-01 2.8181e-01 4.5511e-01 6.8749e-01 4.5329e-01 4.5511e-01 4.5329e-01 4.5785e-01 6.9254e-01 4.5511e-01 2.8476e-01 6.9734e-01 6.4475e-01 4.4668e-01 4.5602e-01 2.8689e-01 6.3255e-01 6.9767e-01 6.9767e-01 6.8252e-01 3.6075e-01 6.8252e-01 6.8252e-01 6.9254e-01 4.5329e-01 6.9767e-01 4.5239e-01 4.5511e-01 6.9767e-01 3.3372e-01 3.4372e-01 -5.9852e-02 3.5187e-01 3.5187e-01 3.0851e-01 3.4093e-01 -6.0467e-03 -1.0106e-01 1.7497e-01 -2.8308e-02 -2.8308e-02 -8.5297e-02 -8.4981e-02 -2.0457e-02 6.7973e-02 6.7130e-02 6.6127e-02 1.0729e-01 -1.8517e-02 5.0493e-02 -9.7136e-02 1.0729e-01 -3.0417e-02 -8.7178e-02 -6.7020e-02 -6.7020e-02 5.3471e-02 2.2608e-01 -7.8894e-02 -1.3017e-02 -7.8894e-02 -7.7110e-02 -7.8894e-02 -2.9365e-02 -7.9299e-02 -2.9365e-02 6.7183e-02 -3.4781e-02 -7.0188e-02 -6.7982e-02 1.5427e-01
-1.0371e-02 -1.9450e-02 -1.4140e-02 -3.0952e-02 -2.9689e-02 3.6099e-02 5.6368e-02 5.6368e-02 -9.1992e-02 -1.7798e-01 6.2035e-01 7.0818e-01 -2.6292e-01 1.0000e+00 1.0000e+00 7.1356e-01 4.5511e-01 7.0818e-01 7.0345e-01 7.0887e-01 6.3106e-01 4.5511e-01 7.0818e-01 7.1356e-01 4.5148e-01 4.5135e-01 2.8181e-01 4.5511e-01 6.8749e-01 4.5329e-01 4.5511e-01 4.5329e-01 4.5785e-01 6.9254e-01 4.5511e-01 2.8476e-01 6.9734e-01 6.4475e-01 4.4668e-01 4.5602e-01 2.8689e-01 6.3255e-01 6.9767e-01 6.9767e-01 6.8252e-01 3.6075e-01 6.8252e-01 6.8252e-01 6.9254e-01 4.5329e-01 6.9767e-01 4.5239e-01 4.5511e-01 6.9767e-01 3.3372e-01 3.4372e-01 -5.9852e-02 3.5187e-01 3.5187e-01 3.0851e-01 3.4093e-01 -6.0467e-03 -1.0106e-01 1.7497e-01 -2.8308e-02 -2.8308e-02 -8.5297e-02 -8.4981e-02 -2.0457e-02 6.7973e-02 6.7130e-02 6.6127e-02 1.0729e-01 -1.8517e-02 5.0493e-02 -9.7136e-02 1.0729e-01 -3.0417e-02 -8.7178e-02 -6.7020e-02 -6.7020e-02 5.3471e-02 2.2608e-01 -7.8894e-02 -1.3017e-02 -7.8894e-02 -7.7110e-02 -7.8894e-02 -2.9365e-02 -7.9299e-02 -2.9365e-02 6.7183e-02 -3.4781e-02 -7.0188e-02 -6.7982e-02 1.5427e-01
9.8785e-03 -7.6850e-02 -6.6606e-02 -4.8683e-02 -6.3859e-02 7.2695e-02 1.0017e-01 1.0017e-01 -6.5642e-02 -1.2700e-01 4.3633e-01 9.9349e-01 -1.8761e-01 7.1356e-01 7.1356e-01 1.0000e+00 3.2475e-01 9.9349e-01 9.8687e-01 9.9342e-01 4.5462e-01 3.2475e-01 9.9349e-01 1.0000e+00 3.2216e-01 3.2605e-01 -9.5211e-02 3.2475e-01 9.6854e-01 3.2345e-01 3.2475e-01 3.2345e-01 3.2670e-01 9.7462e-01 3.2475e-01 -1.3951e-01 9.6854e-01 4.6443e-01 3.2670e-01 3.2540e-01 -1.4093e-01 4.5569e-01 9.8081e-01 9.8081e-01 9.6256e-01 5.9108e-01 9.6256e-01 9.6256e-01 9.7462e-01 3.2345e-01 9.8081e-01 3.2281e-01 3.2475e-01 9.8081e-01 1.7706e-02 3.2900e-02 -4.2709e-02 4.9836e-01 4.9836e-01 4.3637e-01 3.9733e-02 3.9480e-02 -7.2116e-02 2.0421e-01 -7.4283e-02 -7.4283e-02 -1.2306e-01 -1.1694e-01 -1.4941e-02 -3.7384e-02 -3.3691e-02 -3.4318e-02 6.5819e-04 -1.3557e-02 7.9179e-03 -7.7509e-02 6.5819e-04 -7.5528e-02 -1.2405e-01 2.2227e-02 2.2227e-02 9.9486e-03 3.1684e-01 5.9913e-03 -1.9155e-03 5.9913e-03 7.4846e-03 5.9913e-03 -7.4907e-02 -1.1382e-01 -7.4907e-02 -9.4077e-02 -7.3658e-02 -4.8210e-02 -4.6619e-02 1.8847e-01
1.8170e-02 1.4474e-01 1.4416e-01 1.7206e-01 1.6269e-01 3.7155e-02 4.5507e-02 4.5507e-02 -2.0213e-01 4.5865e-01 7.0594e-01 3.2688e-01 -5.7772e-01 4.5511e-01 4.5511e-01 3.2475e-01 1.0000e+00 3.2688e-01 3.2475e-01 3.2261e-01 7.0999e-01 9.9600e-01 3.2688e-01 3.2475e-01 9.8803e-01 9.9200e-01 5.6141e-01 9.8399e-01 3.2824e-01 9.8401e-01 9.8800e-01 9.8401e-01 9.8601e-01 3.3320e-01 9.7999e-01 4.9861e-01 3.3530e-01 6.9486e-01 9.8601e-01 9.9000e-01 5.0378e-01 6.8659e-01 3.3110e-01 3.3110e-01 3.3738e-01 5.4114e-01 3.3738e-01 3.3738e-01 3.3320e-01 9.8401e-01 3.3110e-01 9.8202e-01 9.8800e-01 3.3110e-01 6.1394e-01 6.1729e-01 -1.3151e-01 1.8324e-01 1.8324e-01 1.5813e-01 6.2064e-01 2.0863e-01 -1.5188e-01 1.9290e-01 3.0733e-01 3.0733e-01 3.0814e-01 3.1981e-01 2.3630e-01 2.7729e-01 2.9193e-01 2.8957e-01 2.9592e-01 2.3666e-01 2.5212e-01 -8.2275e-02 2.9592e-01 3.0091e-01 3.0119e-01 2.1727e-01 2.1727e-01 2.5467e-01 1.0289e-01 2.1273e-01 2.5890e-01 2.1273e-01 2.0817e-01 2.0292e-01 2.9874e-01 3.0119e-01 2.9874e-01 3.2413e-01 2.8897e-01 2.7028e-01 2.6545e-01 4.8201e-02
9.4834e-03 -7.3328e-02 -6.3184e-02 -4.5013e-02 -6.0273e-02 7.1922e-02 9.9230e-02 9.9230e-02 -6.6072e-02 -1.1783e-01 4.3947e-01 1.0000e+00 -1.8884e-01 7.0818e-01 7.0818e-01 9.9349e-01 3.2688e-01 1.0000e+00 9.9349e-01 9.8695e-01 4.5760e-01 3.2688e-01 1.0000e+00 9.9349e-01 3.2427e-01 3.2819e-01 -8.7822e-02 3.2688e-01 9.6217e-01 3.2557e-01 3.2688e-01 3.2557e-01 3.2885e-01 9.6822e-01 3.2688e-01 -1.3103e-01 9.6217e-01 4.6747e-01 3.2885e-01 3.2753e-01 -1.3252e-01 4.5868e-01 9.7438e-01 9.7438e-01 9.5621e-01 5.9507e-01 9.5621e-01 9.5621e-01 9.6822e-01 3.2557e-01 9.7438e-01 3.2492e-01 3.2688e-01 9.7438e-01 2.3809e-02 3.8888e-02 -4.2988e-02 4.9504e-01 4.9504e-01 4.3348e-01 4.5651e-02 3.8573e-02 -7.2588e-02 2.0226e-01 -7.5472e-02 -7.5472e-02 -1.2387e-01 -1.1783e-01 -8.2032e-03 -3.1308e-02 -2.7736e-02 -2.8374e-02 6.1409e-03 -6.7890e-03 1.3675e-02 -7.8017e-02 6.1409e-03 -7.6720e-02 -1.2486e-01 2.9060e-02 2.9060e-02 1.5738e-02 3.1477e-01 1.2955e-02 4.6399e-03 1.2955e-02 1.4482e-02 1.2955e-02 -7.6097e-02 -1.1469e-01 -7.6097e-02 -9.5434e-02 -7.4844e-02 -4.9116e-02 -4.7519e-02 1.8708e-01
9.8785e-03 -7.6850e-02 -6.6606e-02 -4.8683e-02 -6.3859e-02 7.2695e-02 1.0017e-01 1.0017e-01 -6.5642e-02 -1.1694e-01 4.3633e-01 9.9349e-01 -1.8761e-01 7.0345e-01 7.0345e-01 9.8687e-01 3.2475e-01 9.9349e-01 1.0000e+00 9.9342e-01 4.5462e-01 3.2475e-01 9.9349e-01 9.8687e-01 3.2216e-01 3.2605e-01 -8.6413e-02 3.2475e-01 9.5575e-01 3.2345e-01 3.2475e-01 3.2345e-01 3.2670e-01 9.6177e-01 3.2475e-01 -1.3007e-01 9.5575e-01 4.6443e-01 3.2670e-01 3.2540e-01 -1.3155e-01 4.5569e-01 9.6788e-01 9.6788e-01 9.4984e-01 5.9108e-01 9.4984e-01 9.4984e-01 9.6177e-01 3.2345e-01 9.6788e-01 3.2281e-01 3.2475e-01 9.6788e-01 2.6033e-02 4.1206e-02 -4.2709e-02 4.9836e-01 4.9836e-01 4.3637e-01 4.8017e-02 3.9480e-02 -7.2116e-02 2.0421e-01 -7.4283e-02 -7.4283e-02 -1.2306e-01 -1.1694e-01 -6.2977e-03 -2.9268e-02 -2.5639e-02 -2.6274e-02 8.5408e-03 -4.8868e-03 1.5988e-02 -7.7509e-02 8.5408e-03 -7.5528e-02 -1.2405e-01 3.1085e-02 3.1085e-02 1.8046e-02 3.1684e-01 1.4881e-02 6.6488e-03 1.4881e-02 1.6406e-02 1.4881e-02 -7.4907e-02 -1.1382e-01 -7.4907e-02 -9.4077e-02 -7.3658e-02 -4.8210e-02 -4.6619e-02 1.8847e-01
1.0278e-02 -8.0415e-02 -7.0069e-02 -5.2396e-02 -6.7488e-02 7.3479e-02 1.0112e-01 1.0112e-01 -6.5210e-02 -1.2617e-01 4.3317e-01 9.8695e-01 -1.8638e-01 7.0887e-01 7.0887e-01 9.9342e-01 3.2261e-01 9.8695e-01 9.9342e-01 1.0000e+00 4.5163e-01 3.2261e-01 9.8695e-01 9.9342e-01 3.2004e-01 3.2391e-01 -9.3839e-02 3.2261e-01 9.6217e-01 3.2132e-01 3.2261e-01 3.2132e-01 3.2456e-01 9.6821e-01 3.2261e-01 -1.3859e-01 9.6217e-01 4.6138e-01 3.2456e-01 3.2326e-01 -1.4000e-01 4.5269e-01 9.7435e-01 9.7435e-01 9.5623e-01 5.8709e-01 9.5623e-01 9.5623e-01 9.6821e-01 3.2132e-01 9.7435e-01 3.2068e-01 3.2261e-01 9.7435e-01 1.9910e-02 3.5199e-02 -4.2428e-02 5.0173e-01 5.0173e-01 4.3932e-01 4.2081e-02 4.0399e-02 -7.1641e-02 2.0620e-01 -7.3085e-02 -7.3085e-02 -1.2225e-01 -1.1605e-01 -1.3063e-02 -3.5368e-02 -3.1616e-02 -3.2241e-02 3.0413e-03 -1.1682e-02 1.0212e-02 -7.6999e-02 3.0413e-03 -7.4325e-02 -1.2323e-01 2.4227e-02 2.4227e-02 1.2238e-02 3.1894e-01 7.8905e-03 6.8482e-05 7.8905e-03 9.3808e-03 7.8905e-03 -7.3706e-02 -1.1295e-01 -7.3706e-02 -9.2710e-02 -7.2463e-02 -4.7297e-02 -4.5710e-02 1.8987e-01
2.9201e-02 3.6581e-02 4.0506e-02 4.4677e-02 2.9286e-02 5.5422e-02 6.6970e-02 6.6970e-02 -1.4439e-01 6.4207e-01 9.8825e-01 4.5760e-01 -4.0787e-01 6.3106e-01 6.3106e-01 4.5462e-01 7.0999e-01 4.5760e-01 4.5462e-01 4.5163e-01 1.0000e+00 7.0999e-01 4.5760e-01 4.5462e-01 7.0864e-01 7.1286e-01 7.9272e-01 7.0565e-01 4.6173e-01 7.0714e-01 7.0999e-01 7.0714e-01 7.0561e-01 4.6646e-01 7.0999e-01 7.0531e-01 4.6938e-01 9.7887e-01 7.0561e-01 7.1142e-01 7.1249e-01 9.7410e-01 4.6352e-01 4.6352e-01 4.7230e-01 7.5755e-01 4.7230e-01 4.7230e-01 4.5876e-01 7.0714e-01 4.6352e-01 7.0572e-01 7.0999e-01 4.6352e-01 7.9402e-01 7.9889e-01 -9.3944e-02 2.5652e-01 2.5652e-01 2.2136e-01 7.3928e-01 2.9206e-01 -1.5863e-01 2.8007e-01 -1.2864e-01 -1.2864e-01 -1.6601e-01 -1.3482e-01 3.6308e-01 3.7858e-01 3.9914e-01 3.9725e-01 4.1258e-01 3.6218e-01 3.6430e-01 -1.6157e-01 4.1258e-01 -1.3154e-01 -1.6878e-01 3.4853e-01 3.4853e-01 3.6509e-01 1.4404e-01 3.4233e-01 3.9145e-01 3.4233e-01 3.3610e-01 3.3169e-01 -1.3592e-01 -1.6878e-01 -1.3592e-01 -7.8640e-02 -1.3889e-01 1.6116e-01 1.5234e-01 8.6507e-02
1.8170e-02 1.4071e-01 1.4012e-01 1.7206e-01 1.6269e-01 3.7155e-02 4.5507e-02 4.5507e-02 -2.0213e-01 4.5865e-01 7.0594e-01 3.2688e-01 -5.7328e-01 4.5511e-01 4.5511e-01 3.2475e-01 9.9600e-01 3.2688e-01 3.2475e-01 3.2261e-01 7.0999e-01 1.0000e+00 3.2688e-01 3.2475e-01 9.8803e-01 9.9200e-01 5.6627e-01 9.8399e-01 3.2824e-01 9.8401e-01 9.8800e-01 9.8401e-01 9.8601e-01 3.3320e-01 9.7999e-01 5.0383e-01 3.3530e-01 6.9924e-01 9.8601e-01 9.9000e-01 5.0896e-01 6.8659e-01 3.3110e-01 3.3110e-01 3.3036e-01 5.3615e-01 3.3036e-01 3.3036e-01 3.3320e-01 9.8401e-01 3.3110e-01 9.8202e-01 9.8800e-01 3.3110e-01 6.1854e-01 6.2187e-01 -1.3151e-01 1.8324e-01 1.8324e-01 1.5813e-01 6.2064e-01 2.0863e-01 -1.5188e-01 1.9290e-01 3.0733e-01 3.0733e-01 3.0814e-01 3.1425e-01 2.3630e-01 2.8177e-01 2.9193e-01 2.8957e-01 2.9592e-01 2.3666e-01 2.5657e-01 -8.2275e-02 2.9592e-01 3.0091e-01 3.0119e-01 2.1727e-01 2.1727e-01 2.5913e-01 1.0289e-01 2.1273e-01 2.5418e-01 2.1273e-01 2.0817e-01 2.0292e-01 2.9874e-01 3.0119e-01 2.9874e-01 3.2900e-01 2.8897e-01 2.7028e-01 2.6545e-01 4.8201e-02
9.4834e-03 -7.3328e-02 -6.3184e-02 -4.5013e-02 -6.0273e-02 7.1922e-02 9.9230e-02 9.9230e-02 -6.6072e-02 -1.1783e-01 4.3947e-01 1.0000e+00 -1.8884e-01 7.0818e-01 7.0818e-01 9.9349e-01 3.2688e-01 1.0000e+00 9.9349e-01 9.8695e-01 4.5760e-01 3.2688e-01 1.0000e+00 9.9349e-01 3.2427e-01 3.2819e-01 -8.7822e-02 3.2688e-01 9.6217e-01 3.2557e-01 3.2688e-01 3.2557e-01 3.2885e-01 9.6822e-01 3.2688e-01 -1.3103e-01 9.6217e-01 4.6747e-01 3.2885e-01 3.2753e-01 -1.3252e-01 4.5868e-01 9.7438e-01 9.7438e-01 9.5621e-01 5.9507e-01 9.5621e-01 9.5621e-01 9.6822e-01 3.2557e-01 9.7438e-01 3.2492e-01 3.2688e-01 9.7438e-01 2.3809e-02 3.8888e-02 -4.2988e-02 4.9504e-01 4.9504e-01 4.3348e-01 4.5651e-02 3.8573e-02 -7.2588e-02 2.0226e-01 -7.5472e-02 -7.5472e-02 -1.2387e-01 -1.1783e-01 -8.2032e-03 -3.1308e-02 -2.7736e-02 -2.8374e-02 6.1409e-03 -6.7890e-03 1.3675e-02 -7.8017e-02 6.1409e-03 -7.6720e-02 -1.2486e-01 2.9060e-02 2.9060e-02 1.5738e-02 3.1477e-01 1.2955e-02 4.6399e-03 1.2955e-02 1.4482e-02 1.2955e-02 -7.6097e-02 -1.1469e-01 -7.6097e-02 -9.5434e-02 -7.4844e-02 -4.9116e-02 -4.7519e-02 1.8708e-01
9.8785e-03 -7.6850e-02 -6.6606e-02 -4.8683e-02 -6.3859e-02 7.2695e-02 1.0017e-01 1.0017e-01 -6.5642e-02 -1.2700e-01 4.3633e-01 9.9349e-01 -1.8761e-01 7.1356e-01 7.1356e-01 1.0000e+00 3.2475e-01 9.9349e-01 9.8687e-01 9.9342e-01 4.5462e-01 3.2475e-01 9.9349e-01 1.0000e+00 3.2216e-01 3.2605e-01 -9.5211e-02 3.2475e-01 9.6854e-01 3.2345e-01 3.2475e-01 3.2345e-01 3.2670e-01 9.7462e-01 3.2475e-01 -1.3951e-01 9.6854e-01 4.6443e-01 3.2670e-01 3.2540e-01 -1.4093e-01 4.5569e-01 9.8081e-01 9.8081e-01 9.6256e-01 5.9108e-01 9.6256e-01 9.6256e-01 9.7462e-01 3.2345e-01 9.8081e-01 3.2281e-01 3.2475e-01 9.8081e-01 1.7706e-02 3.2900e-02 -4.2709e-02 4.9836e-01 4.9836e-01 4.3637e-01 3.9733e-02 3.9480e-02 -7.2116e-02 2.0421e-01 -7.4283e-02 -7.4283e-02 -1.2306e-01 -1.1694e-01 -1.4941e-02 -3.7384e-02 -3.3691e-02 -3.4318e-02 6.5819e-04 -1.3557e-02 7.9179e-03 -7.7509e-02 6.5819e-04 -7.5528e-02 -1.2405e-01 2.2227e-02 2.2227e-02 9.9486e-03 3.1684e-01 5.9913e-03 -1.9155e-03 5.9913e-03 7.4846e-03 5.9913e-03 -7.4907e-02 -1.1382e-01 -7.4907e-02 -9.4077e-02 -7.3658e-02 -4.8210e-02 -4.6619e-02 1.8847e-01
1.7401e-02 1.3945e-01 1.3875e-01 1.6753e-01 1.5775e-01 3.6294e-02 4.4603e-02 4.4603e-02 -2.0375e-01 4.5500e-01 7.0032e-01 3.2427e-01 -5.6019e-01 4.5148e-01 4.5148e-01 3.2216e-01 9.8803e-01 3.2427e-01 3.2216e-01 3.2004e-01 7.0864e-01 9.8803e-01 3.2427e-01 3.2216e-01 1.0000e+00 9.8407e-01 5.6176e-01 9.7604e-01 3.2557e-01 9.7602e-01 9.8004e-01 9.7602e-01 9.7809e-01 3.3055e-01 9.7204e-01 4.9982e-01 3.3263e-01 6.9367e-01 9.7809e-01 9.8205e-01 5.0490e-01 6.8527e-01 3.2847e-01 3.2847e-01 3.3469e-01 5.3683e-01 3.3469e-01 3.3469e-01 3.3055e-01 9.7602e-01 3.2847e-01 9.7402e-01 9.8004e-01 3.2847e-01 6.1354e-01 6.1685e-01 -1.3257e-01 1.8178e-01 1.8178e-01 1.5687e-01 6.2017e-01 2.0697e-01 -1.5371e-01 1.9090e-01 2.9823e-01 2.9823e-01 2.9900e-01 3.1068e-01 2.3185e-01 2.7672e-01 2.9123e-01 2.8885e-01 2.9487e-01 2.3224e-01 2.5148e-01 -7.6059e-02 2.9487e-01 2.9182e-01 2.9207e-01 2.1302e-01 2.1302e-01 2.5408e-01 1.0207e-01 2.0851e-01 2.5437e-01 2.0851e-01 2.0397e-01 1.9870e-01 2.8964e-01 2.9207e-01 2.8964e-01 3.1979e-01 2.7988e-01 2.7432e-01 2.6958e-01 4.7373e-02
1.8555e-02 1.3731e-01 1.3676e-01 1.6434e-01 1.5513e-01 3.7586e-02 4.5960e-02 4.5960e-02 -2.0132e-01 4.6049e-01 7.0441e-01 3.2819e-01 -5.7097e-01 4.5135e-01 4.5135e-01 3.2605e-01 9.9200e-01 3.2819e-01 3.2605e-01 3.2391e-01 7.1286e-01 9.9200e-01 3.2819e-01 3.2605e-01 9.8407e-01 1.0000e+00 5.6368e-01 9.8800e-01 3.2958e-01 9.8803e-01 9.9200e-01 9.8803e-01 9.8999e-01 3.3454e-01 9.8400e-01 5.0063e-01 3.3664e-01 6.9767e-01 9.9399e-01 9.9400e-01 5.0582e-01 6.8944e-01 3.3243e-01 3.3243e-01 3.3873e-01 5.4331e-01 3.3873e-01 3.3873e-01 3.3454e-01 9.8803e-01 3.3243e-01 9.8605e-01 9.9200e-01 3.3243e-01 6.1645e-01 6.1982e-01 -1.3099e-01 1.8397e-01 1.8397e-01 1.5876e-01 6.2318e-01 2.0947e-01 -1.5097e-01 1.9390e-01 3.0920e-01 3.0920e-01 3.0988e-01 3.2160e-01 2.3853e-01 2.7982e-01 2.9450e-01 2.9215e-01 2.9863e-01 2.3888e-01 2.5467e-01 -8.1270e-02 2.9863e-01 3.0279e-01 3.0294e-01 2.1940e-01 2.1940e-01 2.5720e-01 1.0331e-01 2.1485e-01 2.6118e-01 2.1485e-01 2.1027e-01 2.0503e-01 3.0061e-01 3.0294e-01 3.0061e-01 3.2631e-01 2.9083e-01 2.7167e-01 2.6682e-01 4.8617e-02
-2.3971e-02 1.2393e-01 1.2173e-01 1.1735e-01 1.1115e-01 -3.1701e-02 -3.5154e-02 -3.5154e-02 -1.1446e-01 7.2905e-01 7.9686e-01 -8.7822e-02 -3.2176e-01 2.8181e-01 2.8181e-01 -9.5211e-02 5.6141e-01 -8.7822e-02 -8.6413e-02 -9.3839e-02 7.9272e-01 5.6627e-01 -8.7822e-02 -9.5211e-02 5.6176e-01 5.6368e-01 1.0000e+00 5.6141e-01 -1.0192e-01 5.5915e-01 5.6141e-01 5.5915e-01 5.6482e-01 -1.0060e-01 5.6141e-01 8.8340e-01 -9.3349e-02 8.0452e-01 5.5510e-01 5.6255e-01 8.8621e-01 7.8932e-01 -9.9265e-02 -9.9265e-02 -1.0323e-01 4.5312e-01 -1.0323e-01 -1.0323e-01 -1.0060e-01 5.5915e-01 -9.9265e-02 5.5803e-01 5.6141e-01 -9.9265e-02 8.4630e-01 8.4170e-01 -7.4471e-02 -8.8475e-02 -8.8475e-02 -7.6349e-02 7.9275e-01 3.2933e-01 -1.2575e-01 1.3675e-01 -1.0086e-01 -1.0086e-01 -1.0430e-01 -1.1360e-01 4.4165e-01 4.7401e-01 4.6221e-01 4.6056e-01 4.4977e-01 4.3972e-01 4.2229e-01 -1.2516e-01 4.4977e-01 -1.0317e-01 -1.0666e-01 4.0055e-01 4.0055e-01 4.2178e-01 -4.9681e-02 4.0451e-01 4.3022e-01 4.0451e-01 3.9655e-01 3.9260e-01 -1.0201e-01 -1.0666e-01 -1.0201e-01 -2.3356e-02 -1.0625e-01 2.3390e-01 2.2305e-01 -2.7992e-02
1.8170e-02 1.4474e-01 1.4416e-01 1.7206e-01 1.6269e-01 3.7155e-02 4.5507e-02 4.5507e-02 -1.9258e-01 4.4754e-01 6.9722e-01 3.2688e-01 -5.6885e-01 4.5511e-01 4.5511e-01 3.2475e-01 9.8399e-01 3.2688e-01 3.2475e-01 3.2261e-01 7.0565e-01 9.8399e-01 3.2688e-01 3.2475e-01 9.7604e-01 9.8800e-01 5.6141e-01 1.0000e+00 3.3530e-01 9.9201e-01 9.9600e-01 9.9201e-01 9.9401e-01 3.3320e-01 9.8399e-01 5.0383e-01 3.3530e-01 6.9924e-01 9.9001e-01 9.9400e-01 5.0896e-01 6.8659e-01 3.3110e-01 3.3110e-01 3.3036e-01 5.3615e-01 3.3036e-01 3.3036e-01 3.3320e-01 9.8801e-01 3.3110e-01 9.8602e-01 9.9200e-01 3.3110e-01 6.1394e-01 6.1729e-01 -1.3151e-01 1.8324e-01 1.8324e-01 1.5813e-01 6.2064e-01 2.0863e-01 -1.4311e-01 1.9290e-01 3.1810e-01 3.1810e-01 3.1949e-01 3.2536e-01 2.3630e-01 2.8177e-01 2.9193e-01 2.8957e-01 2.9592e-01 2.3666e-01 2.5657e-01 -7.4043e-02 2.9592e-01 3.1163e-01 3.1249e-01 2.1727e-01 2.1727e-01 2.5913e-01 1.0289e-01 2.1273e-01 2.5418e-01 2.1273e-01 2.0817e-01 2.0292e-01 3.0948e-01 3.1249e-01 3.0948e-01 3.3875e-01 2.9977e-01 2.7028e-01 2.6545e-01 4.8201e-02
1.2004e-01 -8.8087e-02 -7.8387e-02 -5.8924e-02 -7.4628e-02 1.7044e-01 1.9284e-01 1.9284e-01 -6.7774e-02 -9.1937e-02 4.4420e-01 9.6217e-01 -1.9371e-01 6.8749e-01 6.8749e-01 9.6854e-01 3.2824e-01 9.6217e-01 9.5575e-01 9.6217e-01 4.6173e-01 3.2824e-01 9.6217e-01 9.6854e-01 3.2557e-01 3.2958e-01 -1.0192e-01 3.3530e-01 1.0000e+00 3.3396e-01 3.2824e-01 3.2690e-01 3.3025e-01 9.9376e-01 3.2824e-01 -1.4404e-01 9.8755e-01 4.7180e-01 3.3025e-01 3.2891e-01 -1.4551e-01 4.5517e-01 9.8750e-01 9.8750e-01 9.6905e-01 5.9321e-01 9.6905e-01 9.6905e-01 9.8124e-01 3.2690e-01 9.8750e-01 3.2624e-01 3.2824e-01 9.8750e-01 3.1373e-02 4.6052e-02 -4.4096e-02 5.4650e-01 5.4650e-01 4.7160e-01 5.2590e-02 5.3998e-02 -7.4458e-02 1.9472e-01 -6.1127e-02 -6.1127e-02 -1.1704e-01 -1.1153e-01 -1.5629e-02 -3.9265e-02 -3.5919e-02 -3.6566e-02 4.4714e-03 -1.4201e-02 1.2531e-02 -8.0027e-02 4.4714e-03 -6.2487e-02 -1.1812e-01 2.1181e-02 2.1181e-02 1.4642e-02 3.0687e-01 5.4558e-03 -3.1835e-03 5.4558e-03 6.9950e-03 5.4558e-03 -6.1808e-02 -1.0816e-01 -6.1808e-02 -8.3564e-02 -6.0444e-02 -5.2662e-02 -5.1046e-02 1.8177e-01
1.7785e-02 1.4008e-01 1.3943e-01 1.6780e-01 1.5821e-01 3.6724e-02 4.5054e-02 4.5054e-02 -2.0294e-01 4.5127e-01 6.9876e-01 3.2557e-01 -5.6673e-01 4.5329e-01 4.5329e-01 3.2345e-01 9.8401e-01 3.2557e-01 3.2345e-01 3.2132e-01 7.0714e-01 9.8401e-01 3.2557e-01 3.2345e-01 9.7602e-01 9.8803e-01 5.5915e-01 9.9201e-01 3.3396e-01 1.0000e+00 9.9201e-01 9.9600e-01 9.9004e-01 3.3187e-01 9.9201e-01 5.0182e-01 3.3396e-01 6.9645e-01 9.9004e-01 9.9402e-01 5.0693e-01 6.8810e-01 3.2978e-01 3.2978e-01 3.3603e-01 5.3898e-01 3.3603e-01 3.3603e-01 3.3187e-01 9.8800e-01 3.2978e-01 9.8601e-01 9.9201e-01 3.2978e-01 6.1603e-01 6.1936e-01 -1.3204e-01 1.8251e-01 1.8251e-01 1.5749e-01 6.2268e-01 2.0780e-01 -1.5280e-01 1.9190e-01 3.1624e-01 3.1624e-01 3.1776e-01 3.2912e-01 2.3407e-01 2.7924e-01 2.9380e-01 2.9143e-01 2.9757e-01 2.3445e-01 2.5402e-01 -8.3280e-02 2.9757e-01 3.0976e-01 3.1074e-01 2.1514e-01 2.1514e-01 2.5660e-01 1.0248e-01 2.1062e-01 2.5663e-01 2.1062e-01 2.0607e-01 2.0080e-01 3.0762e-01 3.1074e-01 3.0762e-01 3.3657e-01 2.9792e-01 2.6891e-01 2.6409e-01 4.7787e-02
1.8170e-02 1.4071e-01 1.4012e-01 1.6806e-01 1.5868e-01 3.7155e-02 4.5507e-02 4.5507e-02 -1.9258e-01 4.5310e-01 7.0158e-01 3.2688e-01 -5.6885e-01 4.5511e-01 4.5511e-01 3.2475e-01 9.8800e-01 3.2688e-01 3.2475e-01 3.2261e-01 7.0999e-01 9.8800e-01 3.2688e-01 3.2475e-01 9.8004e-01 9.9200e-01 5.6141e-01 9.9600e-01 3.2824e-01 9.9201e-01 1.0000e+00 9.9601e-01 9.9401e-01 3.3320e-01 9.8800e-01 5.0383e-01 3.3530e-01 6.9924e-01 9.9401e-01 9.9800e-01 5.0896e-01 6.9094e-01 3.3110e-01 3.3110e-01 3.3738e-01 5.4114e-01 3.3738e-01 3.3738e-01 3.3320e-01 9.9201e-01 3.3110e-01 9.9002e-01 9.9600e-01 3.3110e-01 6.1854e-01 6.2187e-01 -1.3151e-01 1.8324e-01 1.8324e-01 1.5813e-01 6.2521e-01 2.0863e-01 -1.4311e-01 1.9290e-01 3.1272e-01 3.1272e-01 3.1382e-01 3.2536e-01 2.3630e-01 2.8177e-01 2.9637e-01 2.9401e-01 3.0027e-01 2.3666e-01 2.5657e-01 -7.4043e-02 3.0027e-01 3.0627e-01 3.0684e-01 2.1727e-01 2.1727e-01 2.5913e-01 1.0289e-01 2.1273e-01 2.5890e-01 2.1273e-01 2.0817e-01 2.0292e-01 3.0411e-01 3.0684e-01 3.0411e-01 3.3388e-01 2.9437e-01 2.7028e-01 2.6545e-01 4.8201e-02
1.7785e-02 1.4008e-01 1.3943e-01 1.6780e-01 1.5821e-01 3.6724e-02 4.5054e-02 4.5054e-02 -1.9340e-01 4.5127e-01 6.9876e-01 3.2557e-01 -5.6230e-01 4.5329e-01 4.5329e-01 3.2345e-01 9.8401e-01 3.2557e-01 3.2345e-01 3.2132e-01 7.0714e-01 9.8401e-01 3.2557e-01 3.2345e-01 9.7602e-01 9.8803e-01 5.5915e-01 9.9201e-01 3.2690e-01 9.9600e-01 9.9601e-01 1.0000e+00 9.9004e-01 3.3187e-01 9.9201e-01 5.0182e-01 3.3396e-01 6.9645e-01 9.9004e-01 9.9402e-01 5.0693e-01 6.8810e-01 3.2978e-01 3.2978e-01 3.3603e-01 5.3898e-01 3.3603e-01 3.3603e-01 3.3187e-01 9.8800e-01 3.2978e-01 9.8601e-01 9.9201e-01 3.2978e-01 6.1603e-01 6.1936e-01 -1.3204e-01 1.8251e-01 1.8251e-01 1.5749e-01 6.2268e-01 2.0780e-01 -1.4403e-01 1.9190e-01 3.1085e-01 3.1085e-01 3.1208e-01 3.2357e-01 2.3407e-01 2.7924e-01 2.9380e-01 2.9143e-01 2.9757e-01 2.3445e-01 2.5402e-01 -7.5051e-02 2.9757e-01 3.0440e-01 3.0509e-01 2.1514e-01 2.1514e-01 2.5660e-01 1.0248e-01 2.1062e-01 2.5663e-01 2.1062e-01 2.0607e-01 2.0080e-01 3.0224e-01 3.0509e-01 3.0224e-01 3.3170e-01 2.9252e-01 2.6891e-01 2.6409e-01 4.7787e-02
1.8748e-02 1.4367e-01 1.4317e-01 1.7047e-01 1.6138e-01 3.7803e-02 4.6187e-02 4.6187e-02 -2.0092e-01 4.4474e-01 6.9711e-01 3.2885e-01 -5.6982e-01 4.5785e-01 4.5785e-01 3.2670e-01 9.8601e-01 3.2885e-01 3.2670e-01 3.2456e-01 7.0561e-01 9.8601e-01 3.2885e-01 3.2670e-01 9.7809e-01 9.8999e-01 5.6482e-01 9.9401e-01 3.3025e-01 9.9004e-01 9.9401e-01 9.9004e-01 1.0000e+00 3.3521e-01 9.8601e-01 5.0686e-01 3.3732e-01 7.0345e-01 9.9199e-01 9.9600e-01 5.1202e-01 6.8653e-01 3.3310e-01 3.3310e-01 3.2536e-01 5.3442e-01 3.2536e-01 3.2536e-01 3.3521e-01 9.9004e-01 3.3310e-01 9.8807e-01 9.9401e-01 3.3310e-01 6.1311e-01 6.1650e-01 -1.3073e-01 1.8434e-01 1.8434e-01 1.5908e-01 6.1988e-01 2.0989e-01 -1.5052e-01 1.9440e-01 3.1013e-01 3.1013e-01 3.1075e-01 3.1694e-01 2.3965e-01 2.8557e-01 2.9580e-01 2.9344e-01 2.9999e-01 2.3999e-01 2.6041e-01 -8.0768e-02 2.9999e-01 3.0373e-01 3.0382e-01 2.1558e-01 2.1558e-01 2.5847e-01 1.0351e-01 2.1100e-01 2.5286e-01 2.1100e-01 2.0640e-01 2.0118e-01 3.0692e-01 3.0947e-01 3.0692e-01 3.3715e-01 2.9716e-01 2.7236e-01 2.6750e-01 4.8825e-02
1.2100e-01 -9.1599e-02 -8.1806e-02 -6.2581e-02 -7.8203e-02 1.7169e-01 1.9423e-01 1.9423e-01 -6.7351e-02 -9.0915e-02 4.4881e-01 9.6822e-01 -1.9250e-01 6.9254e-01 6.9254e-01 9.7462e-01 3.3320e-01 9.6822e-01 9.6177e-01 9.6821e-01 4.6646e-01 3.3320e-01 9.6822e-01 9.7462e-01 3.3055e-01 3.3454e-01 -1.0060e-01 3.3320e-01 9.9376e-01 3.3187e-01 3.3320e-01 3.3187e-01 3.3521e-01 1.0000e+00 3.3320e-01 -1.4314e-01 9.9376e-01 4.7652e-01 3.3521e-01 3.3387e-01 -1.4460e-01 4.5985e-01 9.9370e-01 9.9370e-01 9.7517e-01 5.9806e-01 9.7517e-01 9.7517e-01 9.8742e-01 3.3187e-01 9.9370e-01 3.3121e-01 3.3320e-01 9.9370e-01 3.3585e-02 4.8352e-02 -4.3821e-02 5.4993e-01 5.4993e-01 4.7456e-01 5.4934e-02 5.4959e-02 -7.3993e-02 1.9656e-01 -6.9429e-02 -6.9429e-02 -1.2627e-01 -1.2046e-01 -1.3801e-02 -3.7305e-02 -3.3904e-02 -3.4548e-02 6.8109e-03 -1.2376e-02 1.4786e-02 -7.9527e-02 6.8109e-03 -7.0738e-02 -1.2728e-01 2.3119e-02 2.3119e-02 1.6892e-02 3.0880e-01 7.3006e-03 -1.2583e-03 7.3006e-03 8.8368e-03 7.3006e-03 -7.0084e-02 -1.1727e-01 -7.0084e-02 -9.0800e-02 -6.8771e-02 -5.1786e-02 -5.0175e-02 1.8307e-01
1.8170e-02 1.3265e-01 1.3204e-01 1.6008e-01 1.5066e-01 3.7155e-02 4.5507e-02 4.5507e-02 -2.0213e-01 4.5310e-01 7.0158e-01 3.2688e-01 -5.6441e-01 4.5511e-01 4.5511e-01 3.2475e-01 9.7999e-01 3.2688e-01 3.2475e-01 3.2261e-01 7.0999e-01 9.7999e-01 3.2688e-01 3.2475e-01 9.7204e-01 9.8400e-01 5.6141e-01 9.8399e-01 3.2824e-01 9.9201e-01 9.8800e-01 9.9201e-01 9.8601e-01 3.3320e-01 1.0000e+00 5.0383e-01 3.3530e-01 6.9924e-01 9.8601e-01 9.9000e-01 5.0896e-01 6.9094e-01 3.3110e-01 3.3110e-01 3.3738e-01 5.4114e-01 3.3738e-01 3.3738e-01 3.3320e-01 9.8401e-01 3.3110e-01 9.8202e-01 9.8800e-01 3.3110e-01 6.1854e-01 6.2187e-01 -1.3151e-01 1.8324e-01 1.8324e-01 1.5813e-01 6.2521e-01 2.0863e-01 -1.5188e-01 1.9290e-01 3.0733e-01 3.0733e-01 3.0814e-01 3.1981e-01 2.3630e-01 2.8177e-01 2.9637e-01 2.9401e-01 3.0027e-01 2.3666e-01 2.5657e-01 -8.2275e-02 3.0027e-01 3.0091e-01 3.0119e-01 2.1727e-01 2.1727e-01 2.5913e-01 1.0289e-01 2.1273e-01 2.5890e-01 2.1273e-01 2.0817e-01 2.0292e-01 2.9874e-01 3.0119e-01 2.9874e-01 3.2900e-01 2.8897e-01 2.7028e-01 2.6545e-01 4.8201e-02
-4.4203e-02 7.6237e-02 6.9845e-02 5.5679e-02 5.3555e-02 -4.8917e-02 -5.1118e-02 -5.1118e-02 -1.0184e-01 6.1358e-01 7.0802e-01 -1.3103e-01 -2.8529e-01 2.8476e-01 2.8476e-01 -1.3951e-01 4.9861e-01 -1.3103e-01 -1.3007e-01 -1.3859e-01 7.0531e-01 5.0383e-01 -1.3103e-01 -1.3951e-01 4.9982e-01 5.0063e-01 8.8340e-01 5.0383e-01 -1.4404e-01 5.0182e-01 5.0383e-01 5.0182e-01 5.0686e-01 -1.4314e-01 5.0383e-01 1.0000e+00 -1.4404e-01 7.2054e-01 4.9643e-01 5.0484e-01 9.8992e-01 7.0698e-01 -1.4224e-01 -1.4224e-01 -1.4494e-01 4.9554e-01 -1.4494e-01 -1.4494e-01 -1.4314e-01 5.0182e-01 -1.4224e-01 5.0082e-01 5.0383e-01 -1.4224e-01 7.9064e-01 7.8646e-01 -6.6260e-02 -7.8720e-02 -7.8720e-02 -6.7931e-02 7.0484e-01 3.1614e-01 -1.1188e-01 -6.3178e-02 -7.2709e-02 -7.2709e-02 -7.2522e-02 -8.1233e-02 3.5199e-01 4.1012e-01 3.9972e-01 3.9825e-01 3.8710e-01 3.5531e-01 3.5041e-01 -1.0952e-01 3.8710e-01 -7.4845e-02 -7.4729e-02 3.0130e-01 3.0130e-01 3.4304e-01 -4.4203e-02 3.0463e-01 3.4219e-01 3.0463e-01 2.9515e-01 2.9184e-01 -7.3779e-02 -7.4729e-02 -7.3779e-02 1.8561e-02 -7.1635e-02 2.5582e-01 2.4356e-01 -2.0418e-02
