1.0000e+00 -2.0690e-02 1.0663e-01 -2.0476e-02 1.0929e-01 1.0929e-01 1.1112e-01 1.1112e-01 -8.5528e-02 -8.5528e-02 -1.9821e-02 -2.0903e-02 -8.5528e-02 -1.2085e-02 1.1371e-01 1.1371e-01 -8.7421e-02 8.7421e-02 1.1371e-01 1.1371e-01 1.1371e-01 -2.0690e-02 1.1713e-01 1.1491e-01 -2.2747e-02 1.1419e-01 1.1395e-01 -2.0476e-02 -1.1015e-02 1.1395e-01 -4.3343e-02 1.1371e-01 -2.2747e-02 1.0053e-01 -4.5294e-02 2.8739e-01 2.8739e-01 2.8739e-01 -4.5016e-02 2.8739e-01 2.8739e-01 -4.3623e-02 -1.5785e-02 -1.5591e-02 2.4956e-01 -1.5785e-02 5.4571e-02 -1.5785e-02 -1.5591e-02 2.4956e-01 2.4956e-01 -1.5591e-02 2.4956e-01 2.4956e-01 -1.5591e-02 2.4956e-01 -1.5591e-02 -1.5785e-02 2.4956e-01 2.4956e-01 2.4956e-01 2.4956e-01 2.5117e-01 2.4956e-01 2.4956e-01 2.4798e-01 2.0474e-01 2.0474e-01 2.4956e-01 2.4956e-01 2.4956e-01 2.4956e-01 2.4956e-01 2.1514e-01 2.1625e-01 2.1514e-01 2.4798e-01 2.4798e-01 2.4798e-01 2.4798e-01 2.4798e-01 2.4798e-01 -4.4460e-02 2.4956e-01 -1.9599e-02 2.4956e-01 2.0475e-02 2.5117e-01 2.3857e-02 2.3857e-02 2.3507e-02 -8.9712e-03 -3.6742e-02 -6.3687e-02 -3.5849e-02 4.1004e-01 4.2241e-01 4.8522e-01 4.2241e-01 -2.0041e-02 1.8913e-01 1.8913e-01 -2.0041e-02 4.2241e-01 3.3138e-01 1.6685e-01 1.6800e-01 2.3439e-01 2.3439e-01 2.3439e-01 2.3439e-01 2.3439e-01 -3.6148e-02 2.3439e-01 2.3439e-01 2.3439e-01 2.3439e-01 2.3439e-01 2.3439e-01 2.3439e-01
-2.0690e-02 1.0000e+00 -1.7564e-01 9.6878e-01 -1.7082e-01 -1.7082e-01 -1.6764e-01 -1.6764e-01 2.2377e-01 2.2377e-01 -5.1159e-02 9.4889e-01 2.2377e-01 5.8408e-01 -1.7263e-01 -1.7263e-01 2.2761e-01 -2.2761e-01 -1.7263e-01 -1.7263e-01 -1.7263e-01 9.5869e-01 -1.5785e-01 -1.6136e-01 8.5261e-01 -1.6253e-01 -1.6292e-01 8.6453e-01 -2.8431e-02 -1.6292e-01 4.4270e-01 -1.6331e-01 8.5261e-01 2.4122e-01 -1.0566e-01 6.9391e-01 6.9391e-01 6.9391e-01 -1.0490e-01 6.9391e-01 6.9391e-01 -1.0109e-01 -1.0224e-01 -1.0185e-01 6.9827e-01 -1.0224e-01 1.8094e-01 -1.0224e-01 -1.0185e-01 6.9827e-01 6.9827e-01 -1.0185e-01 6.9827e-01 6.9827e-01 -1.0185e-01 6.9827e-01 -1.0185e-01 -1.0224e-01 6.9827e-01 6.9827e-01 6.9827e-01 6.9827e-01 7.0271e-01 6.9827e-01 6.9827e-01 6.9391e-01 5.7497e-01 5.7497e-01 6.9827e-01 6.9827e-01 6.9827e-01 6.9827e-01 6.9827e-01 5.8924e-01 5.9224e-01 5.8924e-01 6.7795e-01 6.7795e-01 6.7795e-01 6.7795e-01 6.7795e-01 6.7795e-01 -1.0338e-01 6.5016e-01 -5.0586e-02 6.5016e-01 1.1167e-01 6.3822e-01 1.1872e-01 1.1872e-01 1.1798e-01 -2.3155e-02 -8.1933e-02 -1.2601e-01 -7.9399e-02 -3.1192e-02 -3.0298e-02 -2.6441e-02 -3.0298e-02 5.0096e-01 3.8618e-01 3.8618e-01 5.0096e-01 -3.0298e-02 -1.0340e-02 3.0626e-01 3.0859e-01 4.0101e-01 4.0101e-01 4.0101e-01 4.0101e-01 4.0101e-01 -5.4143e-02 4.0101e-01 4.0101e-01 4.0101e-01 4.0101e-01 4.0101e-01 4.0101e-01 4.0101e-01
1.0663e-01 -1.7564e-01 1.0000e+00 -1.9203e-01 9.7560e-01 9.7560e-01 9.3888e-01 9.3888e-01 -7.0515e-01 -7.0515e-01 2.5408e-01 -1.7781e-01 -7.0515e-01 -1.1334e-01 9.1694e-01 9.1694e-01 -6.7856e-01 6.7856e-01 9.1694e-01 9.1694e-01 9.1694e-01 -1.8484e-01 8.8937e-01 9.0288e-01 -1.9642e-01 9.0466e-01 9.0664e-01 -1.6417e-01 1.2986e-01 8.9833e-01 -3.9106e-01 8.9617e-01 -1.9642e-01 7.7618e-01 5.4735e-01 -4.1249e-02 -4.1249e-02 -4.1249e-02 5.3340e-01 -4.1249e-02 -4.1249e-02 5.1361e-01 5.1957e-01 5.1758e-01 -4.5650e-02 5.1447e-01 -6.2690e-01 5.1447e-01 5.1758e-01 -4.5650e-02 -4.5650e-02 5.1758e-01 -4.5650e-02 -4.5650e-02 5.1758e-01 -4.5650e-02 5.1758e-01 5.1447e-01 -4.5650e-02 -4.5650e-02 -4.5650e-02 -4.5650e-02 -5.0098e-02 -4.5650e-02 -4.5650e-02 -4.1249e-02 7.8125e-02 7.8125e-02 -4.5650e-02 -4.5650e-02 -4.5650e-02 -4.5650e-02 -4.5650e-02 1.1837e-02 1.4526e-02 1.1837e-02 -3.4141e-02 -3.4141e-02 -3.4141e-02 -3.4141e-02 -3.4141e-02 -3.4141e-02 2.0628e-01 -3.1361e-02 2.3170e-01 -3.1361e-02 -3.3450e-01 -3.5736e-02 -2.8773e-01 -2.8773e-01 -2.8774e-01 1.1933e-01 2.1287e-01 4.4542e-01 2.1362e-01 9.9837e-02 1.0916e-01 1.1839e-01 1.4048e-01 -1.5955e-01 -8.1964e-02 -8.1964e-02 -1.5955e-01 1.0916e-01 1.4782e-01 8.0010e-02 8.3334e-02 -3.7627e-02 -3.7627e-02 -3.7627e-02 -3.7627e-02 -3.7627e-02 6.7993e-02 -3.7627e-02 -3.7627e-02 -3.7627e-02 -3.7627e-02 -3.7627e-02 -3.7627e-02 -3.7627e-02
-2.0476e-02 9.6878e-01 -1.9203e-01 1.0000e+00 -1.8735e-01 -1.8735e-01 -1.8426e-01 -1.8426e-01 2.3940e-01 2.3940e-01 -5.0629e-02 9.7955e-01 2.3940e-01 5.9020e-01 -1.8007e-01 -1.8007e-01 2.3422e-01 -2.3422e-01 -1.8007e-01 -1.8007e-01 -1.8007e-01 9.8963e-01 -1.6533e-01 -1.6875e-01 8.8097e-01 -1.6989e-01 -1.7028e-01 8.9477e-01 -2.8136e-02 -1.7028e-01 4.6075e-01 -1.7066e-01 8.8097e-01 2.4757e-01 -1.0434e-01 7.0187e-01 7.0187e-01 7.0187e-01 -1.0359e-01 7.0187e-01 7.0187e-01 -9.9811e-02 -1.0095e-01 -1.0057e-01 7.0627e-01 -1.0095e-01 1.7870e-01 -1.0095e-01 -1.0057e-01 7.0627e-01 7.0627e-01 -1.0057e-01 7.0627e-01 7.0627e-01 -1.0057e-01 7.0627e-01 -1.0057e-01 -1.0095e-01 7.0627e-01 7.0627e-01 7.0627e-01 7.0627e-01 7.1074e-01 7.0627e-01 7.0627e-01 7.0187e-01 5.8210e-01 5.8210e-01 7.0627e-01 7.0627e-01 7.0627e-01 7.0627e-01 7.0627e-01 5.9643e-01 5.9944e-01 5.9643e-01 6.8576e-01 6.8576e-01 6.8576e-01 6.8576e-01 6.8576e-01 6.8576e-01 -1.0208e-01 6.5770e-01 -5.0061e-02 6.5770e-01 1.1030e-01 6.6192e-01 1.1728e-01 1.1728e-01 1.1655e-01 -2.2915e-02 -8.0828e-02 -1.4331e-01 -7.8316e-02 -3.0868e-02 -2.9984e-02 -2.6167e-02 -2.9984e-02 5.2816e-01 4.0863e-01 4.0863e-01 5.2816e-01 -2.9984e-02 -3.7979e-02 3.1058e-01 3.1293e-01 4.2669e-01 4.2669e-01 4.2669e-01 4.2669e-01 4.2669e-01 -6.5982e-02 4.2669e-01 4.2669e-01 4.2669e-01 4.2669e-01 4.2669e-01 4.2669e-01 4.2669e-01
1.0929e-01 -1.7082e-01 9.7560e-01 -1.8735e-01 1.0000e+00 1.0000e+00 9.6278e-01 9.6278e-01 -7.3385e-01 -7.3385e-01 2.6063e-01 -1.8210e-01 -7.3385e-01 -1.1057e-01 9.4029e-01 9.4029e-01 -7.0659e-01 7.0659e-01 9.4029e-01 9.4029e-01 9.4029e-01 -1.8007e-01 9.1204e-01 9.2597e-01 -1.9114e-01 9.2788e-01 9.2991e-01 -1.5936e-01 1.3345e-01 9.2157e-01 -3.8107e-01 9.1943e-01 -1.9114e-01 8.0140e-01 5.6217e-01 -3.3857e-02 -3.3857e-02 -3.3857e-02 5.4808e-01 -3.3857e-02 -3.3857e-02 5.2781e-01 5.2880e-01 5.2676e-01 -3.8325e-02 5.2368e-01 -6.4666e-01 5.2368e-01 5.2676e-01 -3.8325e-02 -3.8325e-02 5.2676e-01 -3.8325e-02 -3.8325e-02 5.2676e-01 -3.8325e-02 5.2676e-01 5.2368e-01 -3.8325e-02 -3.8325e-02 -3.8325e-02 -3.8325e-02 -4.2841e-02 -3.8325e-02 -3.8325e-02 -3.3857e-02 8.7607e-02 8.7607e-02 -3.8325e-02 -3.8325e-02 -3.8325e-02 -3.8325e-02 -3.8325e-02 1.4193e-02 1.6826e-02 1.4193e-02 -3.3857e-02 -3.3857e-02 -3.3857e-02 -3.3857e-02 -3.3857e-02 -3.3857e-02 2.1931e-01 -3.1148e-02 2.3809e-01 -3.1148e-02 -3.4894e-01 -3.5627e-02 -3.0267e-01 -3.0267e-01 -3.0261e-01 1.2231e-01 2.1805e-01 4.5619e-01 2.1847e-01 1.0358e-01 1.1285e-01 1.2172e-01 1.4431e-01 -1.6435e-01 -8.3250e-02 -8.3250e-02 -1.6435e-01 1.1285e-01 1.5253e-01 8.0981e-02 8.4238e-02 -4.1420e-02 -4.1420e-02 -4.1420e-02 -4.1420e-02 -4.1420e-02 7.2287e-02 -4.1420e-02 -4.1420e-02 -4.1420e-02 -4.1420e-02 -4.1420e-02 -4.1420e-02 -4.1420e-02
1.0929e-01 -1.7082e-01 9.7560e-01 -1.8735e-01 1.0000e+00 1.0000e+00 9.6278e-01 9.6278e-01 -7.3385e-01 -7.3385e-01 2.6063e-01 -1.8210e-01 -7.3385e-01 -1.1057e-01 9.4029e-01 9.4029e-01 -7.0659e-01 7.0659e-01 9.4029e-01 9.4029e-01 9.4029e-01 -1.8007e-01 9.1204e-01 9.2597e-01 -1.9114e-01 9.2788e-01 9.2991e-01 -1.5936e-01 1.3345e-01 9.2157e-01 -3.8107e-01 9.1943e-01 -1.9114e-01 8.0140e-01 5.6217e-01 -3.3857e-02 -3.3857e-02 -3.3857e-02 5.4808e-01 -3.3857e-02 -3.3857e-02 5.2781e-01 5.2880e-01 5.2676e-01 -3.8325e-02 5.2368e-01 -6.4666e-01 5.2368e-01 5.2676e-01 -3.8325e-02 -3.8325e-02 5.2676e-01 -3.8325e-02 -3.8325e-02 5.2676e-01 -3.8325e-02 5.2676e-01 5.2368e-01 -3.8325e-02 -3.8325e-02 -3.8325e-02 -3.8325e-02 -4.2841e-02 -3.8325e-02 -3.8325e-02 -3.3857e-02 8.7607e-02 8.7607e-02 -3.8325e-02 -3.8325e-02 -3.8325e-02 -3.8325e-02 -3.8325e-02 1.4193e-02 1.6826e-02 1.4193e-02 -3.3857e-02 -3.3857e-02 -3.3857e-02 -3.3857e-02 -3.3857e-02 -3.3857e-02 2.1931e-01 -3.1148e-02 2.3809e-01 -3.1148e-02 -3.4894e-01 -3.5627e-02 -3.0267e-01 -3.0267e-01 -3.0261e-01 1.2231e-01 2.1805e-01 4.5619e-01 2.1847e-01 1.0358e-01 1.1285e-01 1.2172e-01 1.4431e-01 -1.6435e-01 -8.3250e-02 -8.3250e-02 -1.6435e-01 1.1285e-01 1.5253e-01 8.0981e-02 8.4238e-02 -4.1420e-02 -4.1420e-02 -4.1420e-02 -4.1420e-02 -4.1420e-02 7.2287e-02 -4.1420e-02 -4.1420e-02 -4.1420e-02 -4.1420e-02 -4.1420e-02 -4.1420e-02 -4.1420e-02
1.1112e-01 -1.6764e-01 9.3888e-01 -1.8426e-01 9.6278e-01 9.6278e-01 1.0000e+00 1.0000e+00 -7.6968e-01 -7.6968e-01 2.7476e-01 -1.8811e-01 -7.6968e-01 -1.0875e-01 9.7724e-01 9.7724e-01 -7.4194e-01 7.4194e-01 9.7724e-01 9.7724e-01 9.7724e-01 -1.8619e-01 9.4446e-01 9.5860e-01 -1.9618e-01 9.6475e-01 9.6681e-01 -1.6554e-01 1.5270e-01 9.5843e-01 -3.8486e-01 9.5631e-01 -1.9618e-01 8.3092e-01 5.8747e-01 -3.6066e-02 -3.6066e-02 -3.6066e-02 5.7334e-01 -3.6066e-02 -3.6066e-02 5.5304e-01 5.5402e-01 5.5197e-01 -4.0618e-02 5.4888e-01 -6.7523e-01 5.4888e-01 5.5197e-01 -4.0618e-02 -4.0618e-02 5.5197e-01 -4.0618e-02 -4.0618e-02 5.5197e-01 -4.0618e-02 5.5197e-01 5.4888e-01 -4.0618e-02 -4.0618e-02 -4.0618e-02 -4.0618e-02 -4.5217e-02 -4.0618e-02 -4.0618e-02 -4.3231e-02 8.7819e-02 8.7819e-02 -4.0618e-02 -4.0618e-02 -4.0618e-02 -4.0618e-02 -4.0618e-02 2.0060e-02 2.2674e-02 2.0060e-02 -3.6066e-02 -3.6066e-02 -3.6066e-02 -3.6066e-02 -3.6066e-02 -3.6066e-02 2.2814e-01 -3.3416e-02 2.4246e-01 -3.3416e-02 -3.5877e-01 -3.7979e-02 -3.1281e-01 -3.1281e-01 -3.1270e-01 1.2436e-01 2.2548e-01 4.4778e-01 2.2573e-01 1.0613e-01 1.1536e-01 1.2399e-01 1.4694e-01 -1.6126e-01 -7.8947e-02 -7.8947e-02 -1.6126e-01 1.1536e-01 1.5576e-01 9.3483e-02 9.6756e-02 -2.8525e-02 -2.8525e-02 -2.8525e-02 -2.8525e-02 -2.8525e-02 7.3244e-02 -2.8525e-02 -2.8525e-02 -2.8525e-02 -2.8525e-02 -2.8525e-02 -2.8525e-02 -2.8525e-02
1.1112e-01 -1.6764e-01 9.3888e-01 -1.8426e-01 9.6278e-01 9.6278e-01 1.0000e+00 1.0000e+00 -7.6968e-01 -7.6968e-01 2.7476e-01 -1.8811e-01 -7.6968e-01 -1.0875e-01 9.7724e-01 9.7724e-01 -7.4194e-01 7.4194e-01 9.7724e-01 9.7724e-01 9.7724e-01 -1.8619e-01 9.4446e-01 9.5860e-01 -1.9618e-01 9.6475e-01 9.6681e-01 -1.6554e-01 1.5270e-01 9.5843e-01 -3.8486e-01 9.5631e-01 -1.9618e-01 8.3092e-01 5.8747e-01 -3.6066e-02 -3.6066e-02 -3.6066e-02 5.7334e-01 -3.6066e-02 -3.6066e-02 5.5304e-01 5.5402e-01 5.5197e-01 -4.0618e-02 5.4888e-01 -6.7523e-01 5.4888e-01 5.5197e-01 -4.0618e-02 -4.0618e-02 5.5197e-01 -4.0618e-02 -4.0618e-02 5.5197e-01 -4.0618e-02 5.5197e-01 5.4888e-01 -4.0618e-02 -4.0618e-02 -4.0618e-02 -4.0618e-02 -4.5217e-02 -4.0618e-02 -4.0618e-02 -4.3231e-02 8.7819e-02 8.7819e-02 -4.0618e-02 -4.0618e-02 -4.0618e-02 -4.0618e-02 -4.0618e-02 2.0060e-02 2.2674e-02 2.0060e-02 -3.6066e-02 -3.6066e-02 -3.6066e-02 -3.6066e-02 -3.6066e-02 -3.6066e-02 2.2814e-01 -3.3416e-02 2.4246e-01 -3.3416e-02 -3.5877e-01 -3.7979e-02 -3.1281e-01 -3.1281e-01 -3.1270e-01 1.2436e-01 2.2548e-01 4.4778e-01 2.2573e-01 1.0613e-01 1.1536e-01 1.2399e-01 1.4694e-01 -1.6126e-01 -7.8947e-02 -7.8947e-02 -1.6126e-01 1.1536e-01 1.5576e-01 9.3483e-02 9.6756e-02 -2.8525e-02 -2.8525e-02 -2.8525e-02 -2.8525e-02 -2.8525e-02 7.3244e-02 -2.8525e-02 -2.8525e-02 -2.8525e-02 -2.8525e-02 -2.8525e-02 -2.8525e-02 -2.8525e-02
-8.5528e-02 2.2377e-01 -7.0515e-01 2.3940e-01 -7.3385e-01 -7.3385e-01 -7.6968e-01 -7.6968e-01 1.0000e+00 1.0000e+00 -2.1148e-01 2.4440e-01 1.0000e+00 1.4130e-01 -7.5216e-01 -7.5216e-01 9.7834e-01 -9.7834e-01 -7.5216e-01 -7.5216e-01 -7.5216e-01 2.4191e-01 -7.2605e-01 -7.3606e-01 2.5762e-01 -7.4080e-01 -7.4239e-01 2.1193e-01 -1.1753e-01 -7.3420e-01 -1.4783e-01 -7.3169e-01 2.5762e-01 -5.8633e-01 -4.6845e-01 1.1588e-01 1.1588e-01 1.1588e-01 -4.5551e-01 1.1588e-01 1.1588e-01 -4.4017e-01 -4.3976e-01 -4.3821e-01 1.1983e-01 -4.3474e-01 7.6334e-01 -4.3976e-01 -4.3821e-01 1.1983e-01 1.1983e-01 -4.3821e-01 1.1983e-01 1.1983e-01 -4.3821e-01 1.1983e-01 -4.3821e-01 -4.3976e-01 1.1983e-01 1.1983e-01 1.1983e-01 1.1983e-01 1.2383e-01 1.1983e-01 1.1983e-01 1.2289e-01 1.1109e-02 1.1109e-02 1.1983e-01 1.1983e-01 1.1983e-01 1.1983e-01 1.1983e-01 3.5199e-02 3.2039e-02 3.5199e-02 1.1588e-01 1.1588e-01 1.1588e-01 1.1588e-01 1.1588e-01 1.1588e-01 -4.3440e-01 1.0574e-01 -1.9005e-01 1.0574e-01 4.5399e-01 1.0967e-01 4.7868e-01 4.7868e-01 4.7559e-01 -9.5719e-02 -2.3903e-01 -4.1407e-01 -2.3255e-01 -9.8913e-02 -1.0980e-01 -9.1680e-02 -1.0980e-01 1.3162e-01 4.3392e-02 4.3392e-02 1.3162e-01 -7.8922e-02 -1.0938e-01 -6.5355e-02 -6.9327e-02 3.3258e-02 3.3258e-02 3.3258e-02 3.3258e-02 3.3258e-02 -8.7576e-02 3.3258e-02 3.3258e-02 3.3258e-02 3.3258e-02 3.3258e-02 3.3258e-02 3.3258e-02
-8.5528e-02 2.2377e-01 -7.0515e-01 2.3940e-01 -7.3385e-01 -7.3385e-01 -7.6968e-01 -7.6968e-01 1.0000e+00 1.0000e+00 -2.1148e-01 2.4440e-01 1.0000e+00 1.4130e-01 -7.5216e-01 -7.5216e-01 9.7834e-01 -9.7834e-01 -7.5216e-01 -7.5216e-01 -7.5216e-01 2.4191e-01 -7.2605e-01 -7.3606e-01 2.5762e-01 -7.4080e-01 -7.4239e-01 2.1193e-01 -1.1753e-01 -7.3420e-01 -1.4783e-01 -7.3169e-01 2.5762e-01 -5.8633e-01 -4.6845e-01 1.1588e-01 1.1588e-01 1.1588e-01 -4.5551e-01 1.1588e-01 1.1588e-01 -4.4017e-01 -4.3976e-01 -4.3821e-01 1.1983e-01 -4.3474e-01 7.6334e-01 -4.3976e-01 -4.3821e-01 1.1983e-01 1.1983e-01 -4.3821e-01 1.1983e-01 1.1983e-01 -4.3821e-01 1.1983e-01 -4.3821e-01 -4.3976e-01 1.1983e-01 1.1983e-01 1.1983e-01 1.1983e-01 1.2383e-01 1.1983e-01 1.1983e-01 1.2289e-01 1.1109e-02 1.1109e-02 1.1983e-01 1.1983e-01 1.1983e-01 1.1983e-01 1.1983e-01 3.5199e-02 3.2039e-02 3.5199e-02 1.1588e-01 1.1588e-01 1.1588e-01 1.1588e-01 1.1588e-01 1.1588e-01 -4.3440e-01 1.0574e-01 -1.9005e-01 1.0574e-01 4.5399e-01 1.0967e-01 4.7868e-01 4.7868e-01 4.7559e-01 -9.5719e-02 -2.3903e-01 -4.1407e-01 -2.3255e-01 -9.8913e-02 -1.0980e-01 -9.1680e-02 -1.0980e-01 1.3162e-01 4.3392e-02 4.3392e-02 1.3162e-01 -7.8922e-02 -1.0938e-01 -6.5355e-02 -6.9327e-02 3.3258e-02 3.3258e-02 3.3258e-02 3.3258e-02 3.3258e-02 -8.7576e-02 3.3258e-02 3.3258e-02 3.3258e-02 3.3258e-02 3.3258e-02 3.3258e-02 3.3258e-02
-1.9821e-02 -5.1159e-02 2.5408e-01 -5.0629e-02 2.6063e-01 2.6063e-01 2.7476e-01 2.7476e-01 -2.1148e-01 -2.1148e-01 1.0000e+00 -5.1685e-02 -2.1148e-01 -2.9881e-02 2.8116e-01 2.8116e-01 -2.1616e-01 2.1616e-01 2.8116e-01 2.8116e-01 2.8116e-01 -5.1159e-02 2.8963e-01 2.8414e-01 -5.6246e-02 2.8235e-01 2.8175e-01 -5.0629e-02 -2.7236e-02 2.8175e-01 -1.0717e-01 2.8116e-01 -5.6246e-02 2.4857e-01 -1.0030e-01 -6.8968e-02 -6.8968e-02 -6.8968e-02 -9.9573e-02 -6.8968e-02 -6.8968e-02 -9.5901e-02 -9.7007e-02 -9.6639e-02 -6.8542e-02 -9.7007e-02 -2.5674e-01 -9.7007e-02 -9.6639e-02 -6.8542e-02 -6.8542e-02 -9.6639e-02 -6.8542e-02 -6.8542e-02 -9.6639e-02 -6.8542e-02 -9.6639e-02 -9.7007e-02 -6.8542e-02 -6.8542e-02 -6.8542e-02 -6.8542e-02 -6.8115e-02 -6.8542e-02 -6.8542e-02 -6.8968e-02 -8.3007e-02 -8.3007e-02 -6.8542e-02 -6.8542e-02 -6.8542e-02 -6.8542e-02 -6.8542e-02 -6.4283e-02 -6.3834e-02 -6.4283e-02 -6.8968e-02 -6.8968e-02 -6.8968e-02 -6.8968e-02 -6.8968e-02 -6.8968e-02 4.2216e-01 -6.8542e-02 8.9859e-01 -6.8542e-02 -3.9448e-01 -6.8115e-02 -3.7340e-01 -3.7340e-01 -3.7551e-01 -2.2182e-02 5.1264e-01 3.0125e-01 5.1194e-01 -2.9881e-02 -2.9025e-02 -2.5330e-02 -2.9025e-02 -4.9554e-02 -6.2380e-02 -6.2380e-02 -4.9554e-02 -2.9025e-02 -3.6765e-02 -6.9815e-02 -6.9393e-02 -5.1159e-02 -5.1159e-02 -5.1159e-02 -5.1159e-02 -5.1159e-02 -4.8676e-02 -5.1159e-02 -5.1159e-02 -5.1159e-02 -5.1159e-02 -5.1159e-02 -5.1159e-02 -5.1159e-02
-2.0903e-02 9.4889e-01 -1.7781e-01 9.7955e-01 -1.8210e-01 -1.8210e-01 -1.8811e-01 -1.8811e-01 2.4440e-01 2.4440e-01 -5.1685e-02 1.0000e+00 2.4440e-01 5.7814e-01 -1.8383e-01 -1.8383e-01 2.3911e-01 -2.3911e-01 -1.8383e-01 -1.8383e-01 -1.8383e-01 9.8982e-01 -1.6915e-01 -1.7264e-01 8.8130e-01 -1.7381e-01 -1.7420e-01 8.9692e-01 -2.8723e-02 -1.7420e-01 4.5937e-01 -1.7459e-01 8.8130e-01 2.4406e-01 -1.0696e-01 7.0197e-01 7.0197e-01 7.0197e-01 -1.0620e-01 7.0197e-01 7.0197e-01 -1.0235e-01 -1.0351e-01 -1.0312e-01 7.0639e-01 -1.0351e-01 1.8315e-01 -1.0351e-01 -1.0312e-01 7.0639e-01 7.0639e-01 -1.0312e-01 7.0639e-01 7.0639e-01 -1.0312e-01 7.0639e-01 -1.0312e-01 -1.0351e-01 7.0639e-01 7.0639e-01 7.0639e-01 7.0639e-01 7.1088e-01 7.0639e-01 7.0639e-01 7.0197e-01 5.8169e-01 5.8169e-01 7.0639e-01 7.0639e-01 7.0639e-01 7.0639e-01 7.0639e-01 6.1057e-01 6.1366e-01 6.1057e-01 7.0197e-01 7.0197e-01 7.0197e-01 7.0197e-01 7.0197e-01 7.0197e-01 -1.0466e-01 6.7461e-01 -5.1106e-02 6.7461e-01 1.1303e-01 6.7893e-01 1.2015e-01 1.2015e-01 1.1940e-01 -2.3394e-02 -8.3027e-02 -1.4706e-01 -8.0471e-02 -3.1513e-02 -3.0609e-02 -2.6713e-02 -3.0609e-02 5.5857e-01 4.3298e-01 4.3298e-01 5.5857e-01 -3.0609e-02 -3.8772e-02 3.1769e-01 3.2009e-01 4.3723e-01 4.3723e-01 4.3723e-01 4.3723e-01 4.3723e-01 -6.8394e-02 4.3723e-01 4.3723e-01 4.3723e-01 4.3723e-01 4.3723e-01 4.3723e-01 4.3723e-01
-8.5528e-02 2.2377e-01 -7.0515e-01 2.3940e-01 -7.3385e-01 -7.3385e-01 -7.6968e-01 -7.6968e-01 1.0000e+00 1.0000e+00 -2.1148e-01 2.4440e-01 1.0000e+00 1.4130e-01 -7.5216e-01 -7.5216e-01 9.7834e-01 -9.7834e-01 -7.5216e-01 -7.5216e-01 -7.5216e-01 2.4191e-01 -7.2605e-01 -7.3606e-01 2.5762e-01 -7.4080e-01 -7.4239e-01 2.1193e-01 -1.1753e-01 -7.3420e-01 -1.4783e-01 -7.3169e-01 2.5762e-01 -5.8633e-01 -4.6845e-01 1.1588e-01 1.1588e-01 1.1588e-01 -4.5551e-01 1.1588e-01 1.1588e-01 -4.4017e-01 -4.3976e-01 -4.3821e-01 1.1983e-01 -4.3474e-01 7.6334e-01 -4.3976e-01 -4.3821e-01 1.1983e-01 1.1983e-01 -4.3821e-01 1.1983e-01 1.1983e-01 -4.3821e-01 1.1983e-01 -4.3821e-01 -4.3976e-01 1.1983e-01 1.1983e-01 1.1983e-01 1.1983e-01 1.2383e-01 1.1983e-01 1.1983e-01 1.2289e-01 1.1109e-02 1.1109e-02 1.1983e-01 1.1983e-01 1.1983e-01 1.1983e-01 1.1983e-01 3.5199e-02 3.2039e-02 3.5199e-02 1.1588e-01 1.1588e-01 1.1588e-01 1.1588e-01 1.1588e-01 1.1588e-01 -4.3440e-01 1.0574e-01 -1.9005e-01 1.0574e-01 4.5399e-01 1.0967e-01 4.7868e-01 4.7868e-01 4.7559e-01 -9.5719e-02 -2.3903e-01 -4.1407e-01 -2.3255e-01 -9.8913e-02 -1.0980e-01 -9.1680e-02 -1.0980e-01 1.3162e-01 4.3392e-02 4.3392e-02 1.3162e-01 -7.8922e-02 -1.0938e-01 -6.5355e-02 -6.9327e-02 3.3258e-02 3.3258e-02 3.3258e-02 3.3258e-02 3.3258e-02 -8.7576e-02 3.3258e-02 3.3258e-02 3.3258e-02 3.3258e-02 3.3258e-02 3.3258e-02 3.3258e-02
-1.2085e-02 5.8408e-01 -1.1334e-01 5.9020e-01 -1.1057e-01 -1.1057e-01 -1.0875e-01 -1.0875e-01 1.4130e-01 1.4130e-01 -2.9881e-02 5.7814e-01 1.4130e-01 1.0000e+00 -1.0628e-01 -1.0628e-01 1.3824e-01 -1.3824e-01 -1.0628e-01 -1.0628e-01 -1.0628e-01 5.8408e-01 -1.0317e-01 -1.0516e-01 5.3126e-01 -1.0583e-01 -1.0605e-01 5.9020e-01 -1.6606e-02 -1.0605e-01 2.7882e-01 -1.0628e-01 5.3126e-01 1.5155e-01 -6.8284e-02 4.3326e-01 4.3326e-01 4.3326e-01 -6.7865e-02 4.3326e-01 4.3326e-01 -6.5764e-02 -6.6396e-02 -6.6186e-02 4.3595e-01 -6.6396e-02 1.1639e-01 -6.6396e-02 -6.6186e-02 4.3595e-01 4.3595e-01 -6.6186e-02 4.3595e-01 4.3595e-01 -6.6186e-02 4.3595e-01 -6.6186e-02 -6.6396e-02 4.3595e-01 4.3595e-01 4.3595e-01 4.3595e-01 4.3869e-01 4.3595e-01 4.3595e-01 4.3326e-01 3.5998e-01 3.5998e-01 4.3595e-01 4.3595e-01 4.3595e-01 4.3595e-01 4.3595e-01 3.5391e-01 3.5569e-01 3.5391e-01 4.0685e-01 4.0685e-01 4.0685e-01 4.0685e-01 4.0685e-01 4.0685e-01 -6.7027e-02 4.0941e-01 -2.9546e-02 4.0941e-01 7.1617e-02 4.1201e-01 7.5553e-02 7.5553e-02 7.5139e-02 -1.3525e-02 -5.5391e-02 -9.6013e-02 -5.4045e-02 -1.8219e-02 -1.7696e-02 -1.5444e-02 -1.7696e-02 4.2711e-01 3.3539e-01 3.3539e-01 4.2711e-01 -1.7696e-02 -2.2415e-02 2.9729e-01 2.9924e-01 4.1317e-01 4.1317e-01 4.1317e-01 4.1317e-01 4.1317e-01 -5.4495e-02 4.1317e-01 4.1317e-01 4.1317e-01 4.1317e-01 4.1317e-01 4.1317e-01 4.1317e-01
1.1371e-01 -1.7263e-01 9.1694e-01 -1.8007e-01 9.4029e-01 9.4029e-01 9.7724e-01 9.7724e-01 -7.5216e-01 -7.5216e-01 2.8116e-01 -1.8383e-01 -7.5216e-01 -1.0628e-01 1.0000e+00 1.0000e+00 -7.6881e-01 7.6881e-01 1.0000e+00 1.0000e+00 1.0000e+00 -1.8196e-01 9.6653e-01 9.8107e-01 -1.9148e-01 9.8737e-01 9.8948e-01 -1.6125e-01 1.5625e-01 9.8106e-01 -3.7596e-01 9.7896e-01 -1.9148e-01 8.5524e-01 6.0189e-01 -2.9244e-02 -2.9244e-02 -2.9244e-02 5.8761e-01 -2.9244e-02 -2.9244e-02 5.6686e-01 5.6794e-01 5.6585e-01 -3.3862e-02 5.6278e-01 -6.9812e-01 5.6278e-01 5.6585e-01 -3.3862e-02 -3.3862e-02 5.6585e-01 -3.3862e-02 -3.3862e-02 5.6585e-01 -3.3862e-02 5.6585e-01 5.6278e-01 -3.3862e-02 -3.3862e-02 -3.3862e-02 -3.3862e-02 -3.8529e-02 -3.3862e-02 -3.3862e-02 -3.6446e-02 9.6707e-02 9.6707e-02 -3.3862e-02 -3.3862e-02 -3.3862e-02 -3.3862e-02 -3.3862e-02 2.8206e-02 3.0794e-02 2.8206e-02 -2.9244e-02 -2.9244e-02 -2.9244e-02 -2.9244e-02 -2.9244e-02 -2.9244e-02 2.4049e-01 -2.6623e-02 2.4864e-01 -2.6623e-02 -3.7256e-01 -3.1253e-02 -3.2702e-01 -3.2702e-01 -3.2683e-01 1.2726e-01 2.3587e-01 4.6176e-01 2.3590e-01 1.0971e-01 1.1891e-01 1.2721e-01 1.5064e-01 -1.5706e-01 -7.3016e-02 -7.3016e-02 -1.5706e-01 1.1891e-01 1.6030e-01 9.3931e-02 9.7142e-02 -2.3473e-02 -2.3473e-02 -2.3473e-02 -2.3473e-02 -2.3473e-02 7.6814e-02 -2.3473e-02 -2.3473e-02 -2.3473e-02 -2.3473e-02 -2.3473e-02 -2.3473e-02 -2.3473e-02
1.1371e-01 -1.7263e-01 9.1694e-01 -1.8007e-01 9.4029e-01 9.4029e-01 9.7724e-01 9.7724e-01 -7.5216e-01 -7.5216e-01 2.8116e-01 -1.8383e-01 -7.5216e-01 -1.0628e-01 1.0000e+00 1.0000e+00 -7.6881e-01 7.6881e-01 1.0000e+00 1.0000e+00 1.0000e+00 -1.8196e-01 9.6653e-01 9.8107e-01 -1.9148e-01 9.8737e-01 9.8948e-01 -1.6125e-01 1.5625e-01 9.8106e-01 -3.7596e-01 9.7896e-01 -1.9148e-01 8.5524e-01 6.0189e-01 -2.9244e-02 -2.9244e-02 -2.9244e-02 5.8761e-01 -2.9244e-02 -2.9244e-02 5.6686e-01 5.6794e-01 5.6585e-01 -3.3862e-02 5.6278e-01 -6.9812e-01 5.6278e-01 5.6585e-01 -3.3862e-02 -3.3862e-02 5.6585e-01 -3.3862e-02 -3.3862e-02 5.6585e-01 -3.3862e-02 5.6585e-01 5.6278e-01 -3.3862e-02 -3.3862e-02 -3.3862e-02 -3.3862e-02 -3.8529e-02 -3.3862e-02 -3.3862e-02 -3.6446e-02 9.6707e-02 9.6707e-02 -3.3862e-02 -3.3862e-02 -3.3862e-02 -3.3862e-02 -3.3862e-02 2.8206e-02 3.0794e-02 2.8206e-02 -2.9244e-02 -2.9244e-02 -2.9244e-02 -2.9244e-02 -2.9244e-02 -2.9244e-02 2.4049e-01 -2.6623e-02 2.4864e-01 -2.6623e-02 -3.7256e-01 -3.1253e-02 -3.2702e-01 -3.2702e-01 -3.2683e-01 1.2726e-01 2.3587e-01 4.6176e-01 2.3590e-01 1.0971e-01 1.1891e-01 1.2721e-01 1.5064e-01 -1.5706e-01 -7.3016e-02 -7.3016e-02 -1.5706e-01 1.1891e-01 1.6030e-01 9.3931e-02 9.7142e-02 -2.3473e-02 -2.3473e-02 -2.3473e-02 -2.3473e-02 -2.3473e-02 7.6814e-02 -2.3473e-02 -2.3473e-02 -2.3473e-02 -2.3473e-02 -2.3473e-02 -2.3473e-02 -2.3473e-02
-8.7421e-02 2.2761e-01 -6.7856e-01 2.3422e-01 -7.0659e-01 -7.0659e-01 -7.4194e-01 -7.4194e-01 9.7834e-01 9.7834e-01 -2.1616e-01 2.3911e-01 9.7834e-01 1.3824e-01 -7.6881e-01 -7.6881e-01 1.0000e+00 -1.0000e+00 -7.6881e-01 -7.6881e-01 -7.6881e-01 2.3667e-01 -7.4222e-01 -7.5255e-01 2.5187e-01 -7.5739e-01 -7.5901e-01 2.0677e-01 -1.2013e-01 -7.5082e-01 -1.5831e-01 -7.4836e-01 2.5187e-01 -6.0537e-01 -4.7916e-01 1.0898e-01 1.0898e-01 1.0898e-01 -4.6616e-01 1.0898e-01 1.0898e-01 -4.5049e-01 -4.5019e-01 -4.4860e-01 1.1297e-01 -4.4516e-01 7.8162e-01 -4.5019e-01 -4.4860e-01 1.1297e-01 1.1297e-01 -4.4860e-01 1.1297e-01 1.1297e-01 -4.4860e-01 1.1297e-01 -4.4860e-01 -4.5019e-01 1.1297e-01 1.1297e-01 1.1297e-01 1.1297e-01 1.1701e-01 1.1297e-01 1.1297e-01 1.1598e-01 2.8984e-03 2.8984e-03 1.1297e-01 1.1297e-01 1.1297e-01 1.1297e-01 1.1297e-01 2.7352e-02 2.4233e-02 2.7352e-02 1.0898e-01 1.0898e-01 1.0898e-01 1.0898e-01 1.0898e-01 1.0898e-01 -4.4493e-01 9.8891e-02 -1.9470e-01 9.8891e-02 4.6525e-01 1.0286e-01 4.9056e-01 4.9056e-01 4.8740e-01 -9.7838e-02 -2.4783e-01 -4.2510e-01 -2.4113e-01 -1.0179e-01 -1.1259e-01 -9.4113e-02 -1.1259e-01 1.2662e-01 3.7195e-02 3.7195e-02 1.2662e-01 -8.1729e-02 -1.1293e-01 -6.5271e-02 -6.9164e-02 2.8177e-02 2.8177e-02 2.8177e-02 2.8177e-02 2.8177e-02 -9.0613e-02 2.8177e-02 2.8177e-02 2.8177e-02 2.8177e-02 2.8177e-02 2.8177e-02 2.8177e-02
8.7421e-02 -2.2761e-01 6.7856e-01 -2.3422e-01 7.0659e-01 7.0659e-01 7.4194e-01 7.4194e-01 -9.7834e-01 -9.7834e-01 2.1616e-01 -2.3911e-01 -9.7834e-01 -1.3824e-01 7.6881e-01 7.6881e-01 -1.0000e+00 1.0000e+00 7.6881e-01 7.6881e-01 7.6881e-01 -2.3667e-01 7.4222e-01 7.5255e-01 -2.5187e-01 7.5739e-01 7.5901e-01 -2.0677e-01 1.2013e-01 7.5082e-01 1.5831e-01 7.4836e-01 -2.5187e-01 6.0537e-01 4.7916e-01 -1.0898e-01 -1.0898e-01 -1.0898e-01 4.6616e-01 -1.0898e-01 -1.0898e-01 4.5049e-01 4.5019e-01 4.4860e-01 -1.1297e-01 4.4516e-01 -7.8162e-01 4.5019e-01 4.4860e-01 -1.1297e-01 -1.1297e-01 4.4860e-01 -1.1297e-01 -1.1297e-01 4.4860e-01 -1.1297e-01 4.4860e-01 4.5019e-01 -1.1297e-01 -1.1297e-01 -1.1297e-01 -1.1297e-01 -1.1701e-01 -1.1297e-01 -1.1297e-01 -1.1598e-01 -2.8984e-03 -2.8984e-03 -1.1297e-01 -1.1297e-01 -1.1297e-01 -1.1297e-01 -1.1297e-01 -2.7352e-02 -2.4233e-02 -2.7352e-02 -1.0898e-01 -1.0898e-01 -1.0898e-01 -1.0898e-01 -1.0898e-01 -1.0898e-01 4.4493e-01 -9.8891e-02 1.9470e-01 -9.8891e-02 -4.6525e-01 -1.0286e-01 -4.9056e-01 -4.9056e-01 -4.8740e-01 9.7838e-02 2.4783e-01 4.2510e-01 2.4113e-01 1.0179e-01 1.1259e-01 9.4113e-02 1.1259e-01 -1.2662e-01 -3.7195e-02 -3.7195e-02 -1.2662e-01 8.1729e-02 1.1293e-01 6.5271e-02 6.9164e-02 -2.8177e-02 -2.8177e-02 -2.8177e-02 -2.8177e-02 -2.8177e-02 9.0613e-02 -2.8177e-02 -2.8177e-02 -2.8177e-02 -2.8177e-02 -2.8177e-02 -2.8177e-02 -2.8177e-02
1.1371e-01 -1.7263e-01 9.1694e-01 -1.8007e-01 9.4029e-01 9.4029e-01 9.7724e-01 9.7724e-01 -7.5216e-01 -7.5216e-01 2.8116e-01 -1.8383e-01 -7.5216e-01 -1.0628e-01 1.0000e+00 1.0000e+00 -7.6881e-01 7.6881e-01 1.0000e+00 1.0000e+00 1.0000e+00 -1.8196e-01 9.6653e-01 9.8107e-01 -1.9148e-01 9.8737e-01 9.8948e-01 -1.6125e-01 1.5625e-01 9.8106e-01 -3.7596e-01 9.7896e-01 -1.9148e-01 8.5524e-01 6.0189e-01 -2.9244e-02 -2.9244e-02 -2.9244e-02 5.8761e-01 -2.9244e-02 -2.9244e-02 5.6686e-01 5.6794e-01 5.6585e-01 -3.3862e-02 5.6278e-01 -6.9812e-01 5.6278e-01 5.6585e-01 -3.3862e-02 -3.3862e-02 5.6585e-01 -3.3862e-02 -3.3862e-02 5.6585e-01 -3.3862e-02 5.6585e-01 5.6278e-01 -3.3862e-02 -3.3862e-02 -3.3862e-02 -3.3862e-02 -3.8529e-02 -3.3862e-02 -3.3862e-02 -3.6446e-02 9.6707e-02 9.6707e-02 -3.3862e-02 -3.3862e-02 -3.3862e-02 -3.3862e-02 -3.3862e-02 2.8206e-02 3.0794e-02 2.8206e-02 -2.9244e-02 -2.9244e-02 -2.9244e-02 -2.9244e-02 -2.9244e-02 -2.9244e-02 2.4049e-01 -2.6623e-02 2.4864e-01 -2.6623e-02 -3.7256e-01 -3.1253e-02 -3.2702e-01 -3.2702e-01 -3.2683e-01 1.2726e-01 2.3587e-01 4.6176e-01 2.3590e-01 1.0971e-01 1.1891e-01 1.2721e-01 1.5064e-01 -1.5706e-01 -7.3016e-02 -7.3016e-02 -1.5706e-01 1.1891e-01 1.6030e-01 9.3931e-02 9.7142e-02 -2.3473e-02 -2.3473e-02 -2.3473e-02 -2.3473e-02 -2.3473e-02 7.6814e-02 -2.3473e-02 -2.3473e-02 -2.3473e-02 -2.3473e-02 -2.3473e-02 -2.3473e-02 -2.3473e-02
1.1371e-01 -1.7263e-01 9.1694e-01 -1.8007e-01 9.4029e-01 9.4029e-01 9.7724e-01 9.7724e-01 -7.5216e-01 -7.5216e-01 2.8116e-01 -1.8383e-01 -7.5216e-01 -1.0628e-01 1.0000e+00 1.0000e+00 -7.6881e-01 7.6881e-01 1.0000e+00 1.0000e+00 1.0000e+00 -1.8196e-01 9.6653e-01 9.8107e-01 -1.9148e-01 9.8737e-01 9.8948e-01 -1.6125e-01 1.5625e-01 9.8106e-01 -3.7596e-01 9.7896e-01 -1.9148e-01 8.5524e-01 6.0189e-01 -2.9244e-02 -2.9244e-02 -2.9244e-02 5.8761e-01 -2.9244e-02 -2.9244e-02 5.6686e-01 5.6794e-01 5.6585e-01 -3.3862e-02 5.6278e-01 -6.9812e-01 5.6278e-01 5.6585e-01 -3.3862e-02 -3.3862e-02 5.6585e-01 -3.3862e-02 -3.3862e-02 5.6585e-01 -3.3862e-02 5.6585e-01 5.6278e-01 -3.3862e-02 -3.3862e-02 -3.3862e-02 -3.3862e-02 -3.8529e-02 -3.3862e-02 -3.3862e-02 -3.6446e-02 9.6707e-02 9.6707e-02 -3.3862e-02 -3.3862e-02 -3.3862e-02 -3.3862e-02 -3.3862e-02 2.8206e-02 3.0794e-02 2.8206e-02 -2.9244e-02 -2.9244e-02 -2.9244e-02 -2.9244e-02 -2.9244e-02 -2.9244e-02 2.4049e-01 -2.6623e-02 2.4864e-01 -2.6623e-02 -3.7256e-01 -3.1253e-02 -3.2702e-01 -3.2702e-01 -3.2683e-01 1.2726e-01 2.3587e-01 4.6176e-01 2.3590e-01 1.0971e-01 1.1891e-01 1.2721e-01 1.5064e-01 -1.5706e-01 -7.3016e-02 -7.3016e-02 -1.5706e-01 1.1891e-01 1.6030e-01 9.3931e-02 9.7142e-02 -2.3473e-02 -2.3473e-02 -2.3473e-02 -2.3473e-02 -2.3473e-02 7.6814e-02 -2.3473e-02 -2.3473e-02 -2.3473e-02 -2.3473e-02 -2.3473e-02 -2.3473e-02 -2.3473e-02
1.1371e-01 -1.7263e-01 9.1694e-01 -1.8007e-01 9.4029e-01 9.4029e-01 9.7724e-01 9.7724e-01 -7.5216e-01 -7.5216e-01 2.8116e-01 -1.8383e-01 -7.5216e-01 -1.0628e-01 1.0000e+00 1.0000e+00 -7.6881e-01 7.6881e-01 1.0000e+00 1.0000e+00 1.0000e+00 -1.8196e-01 9.6653e-01 9.8107e-01 -1.9148e-01 9.8737e-01 9.8948e-01 -1.6125e-01 1.5625e-01 9.8106e-01 -3.7596e-01 9.7896e-01 -1.9148e-01 8.5524e-01 6.0189e-01 -2.9244e-02 -2.9244e-02 -2.9244e-02 5.8761e-01 -2.9244e-02 -2.9244e-02 5.6686e-01 5.6794e-01 5.6585e-01 -3.3862e-02 5.6278e-01 -6.9812e-01 5.6278e-01 5.6585e-01 -3.3862e-02 -3.3862e-02 5.6585e-01 -3.3862e-02 -3.3862e-02 5.6585e-01 -3.3862e-02 5.6585e-01 5.6278e-01 -3.3862e-02 -3.3862e-02 -3.3862e-02 -3.3862e-02 -3.8529e-02 -3.3862e-02 -3.3862e-02 -3.6446e-02 9.6707e-02 9.6707e-02 -3.3862e-02 -3.3862e-02 -3.3862e-02 -3.3862e-02 -3.3862e-02 2.8206e-02 3.0794e-02 2.8206e-02 -2.9244e-02 -2.9244e-02 -2.9244e-02 -2.9244e-02 -2.9244e-02 -2.9244e-02 2.4049e-01 -2.6623e-02 2.4864e-01 -2.6623e-02 -3.7256e-01 -3.1253e-02 -3.2702e-01 -3.2702e-01 -3.2683e-01 1.2726e-01 2.3587e-01 4.6176e-01 2.3590e-01 1.0971e-01 1.1891e-01 1.2721e-01 1.5064e-01 -1.5706e-01 -7.3016e-02 -7.3016e-02 -1.5706e-01 1.1891e-01 1.6030e-01 9.3931e-02 9.7142e-02 -2.3473e-02 -2.3473e-02 -2.3473e-02 -2.3473e-02 -2.3473e-02 7.6814e-02 -2.3473e-02 -2.3473e-02 -2.3473e-02 -2.3473e-02 -2.3473e-02 -2.3473e-02 -2.3473e-02
-2.0690e-02 9.5869e-01 -1.8484e-01 9.8963e-01 -1.8007e-01 -1.8007e-01 -1.8619e-01 -1.8619e-01 2.4191e-01 2.4191e-01 -5.1159e-02 9.8982e-01 2.4191e-01 5.8408e-01 -1.8196e-01 -1.8196e-01 2.3667e-01 -2.3667e-01 -1.8196e-01 -1.8196e-01 -1.8196e-01 1.0000e+00 -1.6725e-01 -1.7070e-01 8.9058e-01 -1.7186e-01 -1.7225e-01 9.0623e-01 -2.8431e-02 -1.7225e-01 4.6581e-01 -1.7263e-01 8.9058e-01 2.5035e-01 -1.0566e-01 7.0986e-01 7.0986e-01 7.0986e-01 -1.0490e-01 7.0986e-01 7.0986e-01 -1.0109e-01 -1.0224e-01 -1.0185e-01 7.1431e-01 -1.0224e-01 1.8094e-01 -1.0224e-01 -1.0185e-01 7.1431e-01 7.1431e-01 -1.0185e-01 7.1431e-01 7.1431e-01 -1.0185e-01 7.1431e-01 -1.0185e-01 -1.0224e-01 7.1431e-01 7.1431e-01 7.1431e-01 7.1431e-01 7.1883e-01 7.1431e-01 7.1431e-01 7.0986e-01 5.8875e-01 5.8875e-01 7.1431e-01 7.1431e-01 7.1431e-01 7.1431e-01 7.1431e-01 6.0353e-01 6.0659e-01 6.0353e-01 6.9391e-01 6.9391e-01 6.9391e-01 6.9391e-01 6.9391e-01 6.9391e-01 -1.0338e-01 6.6620e-01 -5.0586e-02 6.6620e-01 1.1167e-01 6.7047e-01 1.1872e-01 1.1872e-01 1.1798e-01 -2.3155e-02 -8.1933e-02 -1.4520e-01 -7.9399e-02 -3.1192e-02 -3.0298e-02 -2.6441e-02 -3.0298e-02 5.4348e-01 4.2089e-01 4.2089e-01 5.4348e-01 -3.0298e-02 -3.8377e-02 3.0626e-01 3.0859e-01 4.2166e-01 4.2166e-01 4.2166e-01 4.2166e-01 4.2166e-01 -6.7196e-02 4.2166e-01 4.2166e-01 4.2166e-01 4.2166e-01 4.2166e-01 4.2166e-01 4.2166e-01
1.1713e-01 -1.5785e-01 8.8937e-01 -1.6533e-01 9.1204e-01 9.1204e-01 9.4446e-01 9.4446e-01 -7.2605e-01 -7.2605e-01 2.8963e-01 -1.6915e-01 -7.2605e-01 -1.0317e-01 9.6653e-01 9.6653e-01 -7.4222e-01 7.4222e-01 9.6653e-01 9.6653e-01 9.6653e-01 -1.6725e-01 1.0000e+00 9.7256e-01 -1.8557e-01 9.6638e-01 9.6433e-01 -1.5585e-01 1.6096e-01 9.5585e-01 -3.6478e-01 9.5381e-01 -1.8557e-01 8.3748e-01 5.5955e-01 -2.0474e-02 -2.0474e-02 -2.0474e-02 5.4486e-01 -2.0474e-02 -2.0474e-02 5.2232e-01 5.2391e-01 5.2164e-01 -2.5182e-02 5.1871e-01 -6.7817e-01 5.1871e-01 5.2164e-01 -2.5182e-02 -2.5182e-02 5.2164e-01 -2.5182e-02 -2.5182e-02 5.2164e-01 -2.5182e-02 5.2164e-01 5.1871e-01 -2.5182e-02 -2.5182e-02 -2.5182e-02 -2.5182e-02 -2.9940e-02 -2.5182e-02 -2.5182e-02 -2.7730e-02 1.0824e-01 1.0824e-01 -2.5182e-02 -2.5182e-02 -2.5182e-02 -2.5182e-02 -2.5182e-02 -4.5769e-02 -4.3539e-02 -4.5769e-02 -2.0474e-02 -2.0474e-02 -2.0474e-02 -2.0474e-02 -2.0474e-02 -2.0474e-02 2.4625e-01 -1.7890e-02 2.5679e-01 -1.7890e-02 -3.8067e-01 -2.2609e-02 -3.3592e-01 -3.3592e-01 -3.3561e-01 1.3109e-01 2.3772e-01 4.3772e-01 2.3726e-01 1.1442e-01 1.2357e-01 1.3145e-01 1.3956e-01 -1.5176e-01 -8.1213e-02 -8.1213e-02 -1.5176e-01 1.0759e-01 1.6627e-01 8.9356e-02 9.2465e-02 -2.6373e-02 -2.6373e-02 -2.6373e-02 -2.6373e-02 -2.6373e-02 7.1224e-02 -2.6373e-02 -2.6373e-02 -2.6373e-02 -2.6373e-02 -2.6373e-02 -2.6373e-02 -2.6373e-02
1.1491e-01 -1.6136e-01 9.0288e-01 -1.6875e-01 9.2597e-01 9.2597e-01 9.5860e-01 9.5860e-01 -7.3606e-01 -7.3606e-01 2.8414e-01 -1.7264e-01 -7.3606e-01 -1.0516e-01 9.8107e-01 9.8107e-01 -7.5255e-01 7.5255e-01 9.8107e-01 9.8107e-01 9.8107e-01 -1.7070e-01 9.7256e-01 1.0000e+00 -1.9795e-01 9.8946e-01 9.9159e-01 -1.6875e-01 1.5791e-01 9.8315e-01 -3.7717e-01 9.8107e-01 -1.9795e-01 8.5415e-01 5.9332e-01 -3.3344e-02 -3.3344e-02 -3.3344e-02 5.7892e-01 -3.3344e-02 -3.3344e-02 5.5767e-01 5.5889e-01 5.5675e-01 -3.8031e-02 5.5372e-01 -7.0043e-01 5.5372e-01 5.5675e-01 -3.8031e-02 -3.8031e-02 5.5675e-01 -3.8031e-02 -3.8031e-02 5.5675e-01 -3.8031e-02 5.5675e-01 5.5372e-01 -3.8031e-02 -3.8031e-02 -3.8031e-02 -3.8031e-02 -4.2767e-02 -3.8031e-02 -3.8031e-02 -4.0564e-02 9.4559e-02 9.4559e-02 -3.8031e-02 -3.8031e-02 -3.8031e-02 -3.8031e-02 -3.8031e-02 -3.9864e-04 2.0525e-03 -3.9864e-04 -3.3344e-02 -3.3344e-02 -3.3344e-02 -3.3344e-02 -3.3344e-02 -3.3344e-02 2.4619e-01 -3.0774e-02 2.5151e-01 -3.0774e-02 -3.7894e-01 -3.5472e-02 -3.3359e-01 -3.3359e-01 -3.3337e-01 1.2861e-01 2.4068e-01 4.6154e-01 2.4060e-01 1.1137e-01 1.2055e-01 1.2870e-01 1.5237e-01 -1.5516e-01 -7.0312e-02 -7.0312e-02 -1.5516e-01 1.2055e-01 1.4972e-01 9.7401e-02 1.0060e-01 -2.1164e-02 -2.1164e-02 -2.1164e-02 -2.1164e-02 -2.1164e-02 6.9335e-02 -2.1164e-02 -2.1164e-02 -2.1164e-02 -2.1164e-02 -2.1164e-02 -2.1164e-02 -2.1164e-02
-2.2747e-02 8.5261e-01 -1.9642e-01 8.8097e-01 -1.9114e-01 -1.9114e-01 -1.9618e-01 -1.9618e-01 2.5762e-01 2.5762e-01 -5.6246e-02 8.8130e-01 2.5762e-01 5.3126e-01 -1.9148e-01 -1.9148e-01 2.5187e-01 -2.5187e-01 -1.9148e-01 -1.9148e-01 -1.9148e-01 8.9058e-01 -1.8557e-01 -1.9795e-01 1.0000e+00 -1.9921e-01 -1.9963e-01 8.6180e-01 -3.1258e-02 -1.9963e-01 5.2482e-01 -2.0005e-01 1.0000e+00 2.7688e-01 -1.2853e-01 8.0086e-01 8.0086e-01 8.0086e-01 -1.2774e-01 8.0086e-01 8.0086e-01 -1.2379e-01 -1.2498e-01 -1.2458e-01 8.0585e-01 -1.2498e-01 2.1065e-01 -1.2498e-01 -1.2458e-01 8.0585e-01 8.0585e-01 -1.2458e-01 8.0585e-01 8.0585e-01 -1.2458e-01 8.0585e-01 -1.2458e-01 -1.2498e-01 8.0585e-01 8.0585e-01 8.0585e-01 8.0585e-01 8.1093e-01 8.0585e-01 8.0585e-01 8.0086e-01 6.6493e-01 6.6493e-01 8.0585e-01 8.0585e-01 8.0585e-01 8.0585e-01 8.0585e-01 6.8441e-01 6.8785e-01 6.8441e-01 7.8619e-01 7.8619e-01 7.8619e-01 7.8619e-01 7.8619e-01 7.8619e-01 -1.1571e-01 7.6163e-01 -5.5615e-02 7.6163e-01 1.2475e-01 7.6647e-01 1.3244e-01 1.3244e-01 1.3163e-01 -2.5458e-02 -9.2405e-02 -1.7191e-01 -8.9660e-02 -3.4293e-02 -3.3310e-02 -2.9070e-02 -3.3310e-02 4.9024e-01 3.7515e-01 3.7515e-01 4.9024e-01 -3.3310e-02 -4.2193e-02 2.5385e-01 2.5600e-01 3.7796e-01 3.7796e-01 3.7796e-01 3.7796e-01 3.7796e-01 -9.0579e-02 3.7796e-01 3.7796e-01 3.7796e-01 3.7796e-01 3.7796e-01 3.7796e-01 3.7796e-01
1.1419e-01 -1.6253e-01 9.0466e-01 -1.6989e-01 9.2788e-01 9.2788e-01 9.6475e-01 9.6475e-01 -7.4080e-01 -7.4080e-01 2.8235e-01 -1.7381e-01 -7.4080e-01 -1.0583e-01 9.8737e-01 9.8737e-01 -7.5739e-01 7.5739e-01 9.8737e-01 9.8737e-01 9.8737e-01 -1.7186e-01 9.6638e-01 9.8946e-01 -1.9921e-01 1.0000e+00 9.9790e-01 -1.6989e-01 1.5691e-01 9.8947e-01 -3.7957e-01 9.8737e-01 -1.9921e-01 8.6387e-01 6.0964e-01 -3.5207e-02 -3.5207e-02 -3.5207e-02 5.9535e-01 -3.5207e-02 -3.5207e-02 5.7462e-01 5.7569e-01 5.7360e-01 -3.9874e-02 5.7052e-01 -7.1062e-01 5.7052e-01 5.7360e-01 -3.9874e-02 -3.9874e-02 5.7360e-01 -3.9874e-02 -3.9874e-02 5.7360e-01 -3.9874e-02 5.7360e-01 5.7052e-01 -3.9874e-02 -3.9874e-02 -3.9874e-02 -3.9874e-02 -4.4591e-02 -3.9874e-02 -3.9874e-02 -4.2416e-02 9.2112e-02 9.2112e-02 -3.9874e-02 -3.9874e-02 -3.9874e-02 -3.9874e-02 -3.9874e-02 2.3240e-02 2.5797e-02 2.3240e-02 -3.5207e-02 -3.5207e-02 -3.5207e-02 -3.5207e-02 -3.5207e-02 -3.5207e-02 2.4276e-01 -3.2628e-02 2.4978e-01 -3.2628e-02 -3.7510e-01 -3.7308e-02 -3.2964e-01 -3.2964e-01 -3.2944e-01 1.2780e-01 2.3779e-01 4.6514e-01 2.3778e-01 1.1038e-01 1.1956e-01 1.2780e-01 1.5133e-01 -1.5630e-01 -7.1935e-02 -7.1935e-02 -1.5630e-01 1.1956e-01 1.4847e-01 9.5315e-02 9.8522e-02 -2.2550e-02 -2.2550e-02 -2.2550e-02 -2.2550e-02 -2.2550e-02 7.8544e-02 -2.2550e-02 -2.2550e-02 -2.2550e-02 -2.2550e-02 -2.2550e-02 -2.2550e-02 -2.2550e-02
1.1395e-01 -1.6292e-01 9.0664e-01 -1.7028e-01 9.2991e-01 9.2991e-01 9.6681e-01 9.6681e-01 -7.4239e-01 -7.4239e-01 2.8175e-01 -1.7420e-01 -7.4239e-01 -1.0605e-01 9.8948e-01 9.8948e-01 -7.5901e-01 7.5901e-01 9.8948e-01 9.8948e-01 9.8948e-01 -1.7225e-01 9.6433e-01 9.9159e-01 -1.9963e-01 9.9790e-01 1.0000e+00 -1.7028e-01 1.5658e-01 9.9158e-01 -3.8037e-01 9.8948e-01 -1.9963e-01 8.6161e-01 6.0830e-01 -3.5826e-02 -3.5826e-02 -3.5826e-02 5.9403e-01 -3.5826e-02 -3.5826e-02 5.7333e-01 5.7440e-01 5.7231e-01 -4.0488e-02 5.6923e-01 -7.0850e-01 5.6923e-01 5.7231e-01 -4.0488e-02 -4.0488e-02 5.7231e-01 -4.0488e-02 -4.0488e-02 5.7231e-01 -4.0488e-02 5.7231e-01 5.6923e-01 -4.0488e-02 -4.0488e-02 -4.0488e-02 -4.0488e-02 -4.5198e-02 -4.0488e-02 -4.0488e-02 -4.3032e-02 9.1298e-02 9.1298e-02 -4.0488e-02 -4.0488e-02 -4.0488e-02 -4.0488e-02 -4.0488e-02 2.2497e-02 2.5057e-02 2.2497e-02 -3.5826e-02 -3.5826e-02 -3.5826e-02 -3.5826e-02 -3.5826e-02 -3.5826e-02 2.4162e-01 -3.3245e-02 2.4921e-01 -3.3245e-02 -3.7383e-01 -3.7919e-02 -3.2833e-01 -3.2833e-01 -3.2814e-01 1.2753e-01 2.3683e-01 4.6345e-01 2.3684e-01 1.1004e-01 1.1924e-01 1.2750e-01 1.5099e-01 -1.5668e-01 -7.2476e-02 -7.2476e-02 -1.5668e-01 1.1924e-01 1.4805e-01 9.4622e-02 9.7831e-02 -2.3012e-02 -2.3012e-02 -2.3012e-02 -2.3012e-02 -2.3012e-02 7.7678e-02 -2.3012e-02 -2.3012e-02 -2.3012e-02 -2.3012e-02 -2.3012e-02 -2.3012e-02 -2.3012e-02
-2.0476e-02 8.6453e-01 -1.6417e-01 8.9477e-01 -1.5936e-01 -1.5936e-01 -1.6554e-01 -1.6554e-01 2.1193e-01 2.1193e-01 -5.0629e-02 8.9692e-01 2.1193e-01 5.9020e-01 -1.6125e-01 -1.6125e-01 2.0677e-01 -2.0677e-01 -1.6125e-01 -1.6125e-01 -1.6125e-01 9.0623e-01 -1.5585e-01 -1.6875e-01 8.6180e-01 -1.6989e-01 -1.7028e-01 1.0000e+00 -2.8136e-02 -1.7028e-01 4.6075e-01 -1.7066e-01 8.6180e-01 2.3836e-01 -1.1570e-01 7.0187e-01 7.0187e-01 7.0187e-01 -1.1499e-01 7.0187e-01 7.0187e-01 -1.1143e-01 -1.1250e-01 -1.1214e-01 7.0627e-01 -1.1250e-01 1.8795e-01 -1.1250e-01 -1.1214e-01 7.0627e-01 7.0627e-01 -1.1214e-01 7.0627e-01 7.0627e-01 -1.1214e-01 7.0627e-01 -1.1214e-01 -1.1250e-01 7.0627e-01 7.0627e-01 7.0627e-01 7.0627e-01 7.1074e-01 7.0627e-01 7.0627e-01 7.0187e-01 5.8210e-01 5.8210e-01 7.0627e-01 7.0627e-01 7.0627e-01 7.0627e-01 7.0627e-01 5.9643e-01 5.9944e-01 5.9643e-01 6.8576e-01 6.8576e-01 6.8576e-01 6.8576e-01 6.8576e-01 6.8576e-01 -1.0208e-01 6.5770e-01 -5.0061e-02 6.5770e-01 1.1030e-01 6.6192e-01 1.1728e-01 1.1728e-01 1.1655e-01 -2.2915e-02 -8.0828e-02 -1.5299e-01 -7.8316e-02 3.6356e-03 5.5029e-03 1.4331e-02 5.5029e-03 5.2816e-01 4.2615e-01 4.2615e-01 5.2816e-01 5.5029e-03 -9.6777e-03 3.1058e-01 3.1293e-01 4.2669e-01 4.2669e-01 4.2669e-01 4.2669e-01 4.2669e-01 -6.5982e-02 4.2669e-01 4.2669e-01 4.2669e-01 4.2669e-01 4.2669e-01 4.2669e-01 4.2669e-01
