1.0000e+00 3.5298e-01 -7.5298e-02 -1.6356e-02 -7.1828e-02 -7.0080e-02 -2.6982e-02 -2.6982e-02 -2.6982e-02 -2.6982e-02 -2.2415e-02 -1.7636e-02 -1.3565e-02 -1.3565e-02 -2.0384e-02 -3.0382e-03 -1.3379e-02 -1.3379e-02 -2.2415e-02 -2.2415e-02 -2.2415e-02 -2.2415e-02 -2.2415e-02 -2.4431e-02 -2.3917e-02 -2.1918e-02 -1.8554e-02 -1.7435e-02 -1.7002e-02 -2.2415e-02 -2.2415e-02 -2.2415e-02 -1.9443e-02 -2.6434e-02 -3.3671e-02 -3.3671e-02 -2.2415e-02 -6.9134e-02 -6.4566e-02 -6.5549e-02 -6.7069e-02 -3.2205e-02 -3.2205e-02 -3.4219e-02 5.7569e-02 2.7691e-02
3.5298e-01 1.0000e+00 -6.9430e-02 -3.6595e-02 -6.8148e-02 -5.7011e-02 -5.1827e-02 -5.1827e-02 -5.1827e-02 -5.1827e-02 -5.2547e-02 -4.3940e-02 -4.4639e-02 -4.4639e-02 -5.1827e-02 -3.3859e-02 -4.2785e-02 -4.2785e-02 -5.2547e-02 -5.2547e-02 -5.2547e-02 -5.2547e-02 -5.2547e-02 -5.3264e-02 -5.5389e-02 -5.4685e-02 -4.9367e-02 -4.4276e-02 -4.6482e-02 -5.2547e-02 -5.2547e-02 -5.2547e-02 -5.6090e-02 -4.2785e-02 -2.0822e-02 -2.0822e-02 -5.2547e-02 -8.8511e-02 -9.5408e-02 -9.2068e-02 -9.2627e-02 -4.8905e-02 -4.8905e-02 -4.9642e-02 3.0767e-02 5.5971e-02
-7.5298e-02 -6.9430e-02 1.0000e+00 9.1859e-02 9.9193e-01 9.7975e-01 8.8378e-01 8.8378e-01 8.8378e-01 8.8378e-01 8.7933e-01 7.5618e-01 7.4517e-01 7.4517e-01 8.6625e-01 -4.6955e-02 8.6191e-01 8.6191e-01 8.7060e-01 8.7060e-01 8.7060e-01 8.7060e-01 8.7060e-01 8.6623e-01 8.5341e-01 8.5764e-01 8.2513e-01 8.5341e-01 8.4103e-01 8.7060e-01 8.7060e-01 8.7060e-01 8.4066e-01 8.6191e-01 -6.2773e-02 -6.2773e-02 8.4440e-01 7.0570e-01 6.1250e-01 5.9017e-01 5.8831e-01 8.1318e-01 8.1318e-01 8.0885e-01 -4.0768e-02 -2.7270e-02
-1.6356e-02 -3.6595e-02 9.1859e-02 1.0000e+00 9.1117e-02 9.0746e-02 8.1988e-02 8.1988e-02 8.1988e-02 8.1988e-02 6.7991e-02 -2.9478e-01 -2.9337e-01 -2.9337e-01 8.1988e-02 -5.1116e-01 6.8870e-02 6.8870e-02 8.2378e-02 8.2378e-02 8.2378e-02 8.2378e-02 8.2378e-02 8.2767e-02 6.9744e-02 6.9308e-02 7.2754e-02 8.3929e-02 8.5083e-02 8.2378e-02 8.2378e-02 8.2378e-02 8.4315e-02 8.3156e-02 -6.2096e-01 -6.2096e-01 8.2378e-02 8.5375e-02 -2.0540e-01 -2.1042e-01 -2.0958e-01 6.5761e-02 6.5761e-02 6.6211e-02 -6.7393e-04 2.0892e-02
-7.1828e-02 -6.8148e-02 9.9193e-01 9.1117e-02 1.0000e+00 9.8774e-01 8.9099e-01 8.9099e-01 8.9099e-01 8.9099e-01 8.8652e-01 7.6298e-01 7.5191e-01 7.5191e-01 8.7336e-01 -4.6576e-02 8.6902e-01 8.6902e-01 8.7774e-01 8.7774e-01 8.7774e-01 8.7774e-01 8.7774e-01 8.7336e-01 8.6050e-01 8.6474e-01 8.3212e-01 8.6050e-01 8.4807e-01 8.7774e-01 8.7774e-01 8.7774e-01 8.4768e-01 8.6902e-01 -6.2266e-02 -6.2266e-02 8.5139e-01 7.0534e-01 6.1251e-01 5.8994e-01 5.8808e-01 8.1994e-01 8.1994e-01 8.1559e-01 -4.9644e-02 -3.7511e-02
-7.0080e-02 -5.7011e-02 9.7975e-01 9.0746e-02 9.8774e-01 1.0000e+00 8.9465e-01 8.9465e-01 8.9465e-01 8.9465e-01 8.9018e-01 7.7438e-01 7.6326e-01 7.6326e-01 8.7697e-01 -4.6386e-02 8.8138e-01 8.8138e-01 8.8137e-01 8.8137e-01 8.8137e-01 8.8137e-01 8.8137e-01 8.7697e-01 8.6410e-01 8.6834e-01 8.4415e-01 8.7278e-01 8.6024e-01 8.8137e-01 8.8137e-01 8.8137e-01 8.5124e-01 8.7263e-01 -6.2012e-02 -6.2012e-02 8.5494e-01 7.0880e-01 6.1589e-01 5.9323e-01 5.9137e-01 8.2337e-01 8.2337e-01 8.1902e-01 -5.9310e-02 -3.6871e-02
-2.6982e-02 -5.1827e-02 8.8378e-01 8.1988e-02 8.9099e-01 8.9465e-01 1.0000e+00 1.0000e+00 1.0000e+00 1.0000e+00 9.9526e-01 8.6485e-01 8.5298e-01 8.5298e-01 9.8094e-01 -4.1909e-02 9.7653e-01 9.7653e-01 9.8577e-01 9.8577e-01 9.8577e-01 9.8577e-01 9.8577e-01 9.8112e-01 9.6750e-01 9.7199e-01 9.3748e-01 9.6750e-01 9.5435e-01 9.8577e-01 9.8577e-01 9.8577e-01 9.5374e-01 9.7653e-01 -5.6027e-02 -5.6027e-02 9.5728e-01 7.2049e-01 6.3077e-01 5.9772e-01 5.9595e-01 9.1313e-01 9.1313e-01 9.0855e-01 -4.2714e-02 -2.1145e-02
-2.6982e-02 -5.1827e-02 8.8378e-01 8.1988e-02 8.9099e-01 8.9465e-01 1.0000e+00 1.0000e+00 1.0000e+00 1.0000e+00 9.9526e-01 8.6485e-01 8.5298e-01 8.5298e-01 9.8094e-01 -4.1909e-02 9.7653e-01 9.7653e-01 9.8577e-01 9.8577e-01 9.8577e-01 9.8577e-01 9.8577e-01 9.8112e-01 9.6750e-01 9.7199e-01 9.3748e-01 9.6750e-01 9.5435e-01 9.8577e-01 9.8577e-01 9.8577e-01 9.5374e-01 9.7653e-01 -5.6027e-02 -5.6027e-02 9.5728e-01 7.2049e-01 6.3077e-01 5.9772e-01 5.9595e-01 9.1313e-01 9.1313e-01 9.0855e-01 -4.2714e-02 -2.1145e-02
-2.6982e-02 -5.1827e-02 8.8378e-01 8.1988e-02 8.9099e-01 8.9465e-01 1.0000e+00 1.0000e+00 1.0000e+00 1.0000e+00 9.9526e-01 8.6485e-01 8.5298e-01 8.5298e-01 9.8094e-01 -4.1909e-02 9.7653e-01 9.7653e-01 9.8577e-01 9.8577e-01 9.8577e-01 9.8577e-01 9.8577e-01 9.8112e-01 9.6750e-01 9.7199e-01 9.3748e-01 9.6750e-01 9.5435e-01 9.8577e-01 9.8577e-01 9.8577e-01 9.5374e-01 9.7653e-01 -5.6027e-02 -5.6027e-02 9.5728e-01 7.2049e-01 6.3077e-01 5.9772e-01 5.9595e-01 9.1313e-01 9.1313e-01 9.0855e-01 -4.2714e-02 -2.1145e-02
-2.6982e-02 -5.1827e-02 8.8378e-01 8.1988e-02 8.9099e-01 8.9465e-01 1.0000e+00 1.0000e+00 1.0000e+00 1.0000e+00 9.9526e-01 8.6485e-01 8.5298e-01 8.5298e-01 9.8094e-01 -4.1909e-02 9.7653e-01 9.7653e-01 9.8577e-01 9.8577e-01 9.8577e-01 9.8577e-01 9.8577e-01 9.8112e-01 9.6750e-01 9.7199e-01 9.3748e-01 9.6750e-01 9.5435e-01 9.8577e-01 9.8577e-01 9.8577e-01 9.5374e-01 9.7653e-01 -5.6027e-02 -5.6027e-02 9.5728e-01 7.2049e-01 6.3077e-01 5.9772e-01 5.9595e-01 9.1313e-01 9.1313e-01 9.0855e-01 -4.2714e-02 -2.1145e-02
-2.2415e-02 -5.2547e-02 8.7933e-01 6.7991e-02 8.8652e-01 8.9018e-01 9.9526e-01 9.9526e-01 9.9526e-01 9.9526e-01 1.0000e+00 8.6897e-01 8.5711e-01 8.5711e-01 9.7627e-01 -4.2109e-02 9.8125e-01 9.8125e-01 9.8108e-01 9.8108e-01 9.8108e-01 9.8108e-01 9.8108e-01 9.7644e-01 9.6286e-01 9.6733e-01 9.3291e-01 9.6286e-01 9.4973e-01 9.8108e-01 9.8108e-01 9.8108e-01 9.4914e-01 9.7186e-01 -5.6294e-02 -5.6294e-02 9.5269e-01 7.1639e-01 6.3401e-01 6.0117e-01 5.9940e-01 9.0873e-01 9.0873e-01 9.0416e-01 -4.3479e-02 -2.1875e-02
-1.7636e-02 -4.3940e-02 7.5618e-01 -2.9478e-01 7.6298e-01 7.7438e-01 8.6485e-01 8.6485e-01 8.6485e-01 8.6485e-01 8.6897e-01 1.0000e+00 9.8848e-01 9.8848e-01 8.4771e-01 2.7016e-01 8.6021e-01 8.6021e-01 8.5189e-01 8.5189e-01 8.5189e-01 8.5189e-01 8.5189e-01 8.4754e-01 8.4323e-01 8.4745e-01 8.2313e-01 8.4323e-01 8.3083e-01 8.5189e-01 8.5189e-01 8.5189e-01 8.2227e-01 8.4325e-01 3.2413e-01 3.2413e-01 8.2626e-01 6.0913e-01 7.1723e-01 6.9018e-01 6.8814e-01 7.9608e-01 7.9608e-01 7.9177e-01 -4.6514e-02 -4.3752e-02
-1.3565e-02 -4.4639e-02 7.4517e-01 -2.9337e-01 7.5191e-01 7.6326e-01 8.5298e-01 8.5298e-01 8.5298e-01 8.5298e-01 8.5711e-01 9.8848e-01 1.0000e+00 1.0000e+00 8.6153e-01 2.6913e-01 8.7380e-01 8.7380e-01 8.6563e-01 8.6563e-01 8.6563e-01 8.6563e-01 8.6563e-01 8.6124e-01 8.5674e-01 8.6102e-01 8.3628e-01 8.5674e-01 8.4419e-01 8.6563e-01 8.6563e-01 8.6563e-01 8.3577e-01 8.5689e-01 3.2285e-01 3.2285e-01 8.4008e-01 6.1317e-01 7.2029e-01 6.9340e-01 6.9134e-01 8.1032e-01 8.1032e-01 8.0595e-01 -4.7218e-02 -4.4360e-02
-1.3565e-02 -4.4639e-02 7.4517e-01 -2.9337e-01 7.5191e-01 7.6326e-01 8.5298e-01 8.5298e-01 8.5298e-01 8.5298e-01 8.5711e-01 9.8848e-01 1.0000e+00 1.0000e+00 8.6153e-01 2.6913e-01 8.7380e-01 8.7380e-01 8.6563e-01 8.6563e-01 8.6563e-01 8.6563e-01 8.6563e-01 8.6124e-01 8.5674e-01 8.6102e-01 8.3628e-01 8.5674e-01 8.4419e-01 8.6563e-01 8.6563e-01 8.6563e-01 8.3577e-01 8.5689e-01 3.2285e-01 3.2285e-01 8.4008e-01 6.1317e-01 7.2029e-01 6.9340e-01 6.9134e-01 8.1032e-01 8.1032e-01 8.0595e-01 -4.7218e-02 -4.4360e-02
-2.0384e-02 -5.1827e-02 8.6625e-01 8.1988e-02 8.7336e-01 8.7697e-01 9.8094e-01 9.8094e-01 9.8094e-01 9.8094e-01 9.7627e-01 8.4771e-01 8.6153e-01 8.6153e-01 1.0000e+00 -4.1909e-02 9.8596e-01 9.8596e-01 9.9526e-01 9.9526e-01 9.9526e-01 9.9526e-01 9.9526e-01 9.9058e-01 9.7687e-01 9.8139e-01 9.4663e-01 9.7687e-01 9.6362e-01 9.9526e-01 9.9526e-01 9.9526e-01 9.6307e-01 9.8596e-01 -5.6027e-02 -5.6027e-02 9.6677e-01 7.2049e-01 6.3077e-01 5.9772e-01 5.9595e-01 9.2280e-01 9.2280e-01 9.1819e-01 -4.2714e-02 -2.1145e-02
-3.0382e-03 -3.3859e-02 -4.6955e-02 -5.1116e-01 -4.6576e-02 -4.6386e-02 -4.1909e-02 -4.1909e-02 -4.1909e-02 -4.1909e-02 -4.2109e-02 2.7016e-01 2.6913e-01 2.6913e-01 -4.1909e-02 1.0000e+00 -4.2506e-02 -4.2506e-02 -4.2109e-02 -4.2109e-02 -4.2109e-02 -4.2109e-02 -4.2109e-02 -4.2308e-02 -4.2902e-02 -4.2704e-02 -4.4272e-02 -4.2902e-02 -4.3492e-02 -4.2109e-02 -4.2109e-02 -4.2109e-02 -4.3099e-02 -4.2506e-02 7.4801e-01 7.4801e-01 -4.2109e-02 -5.5748e-02 2.0610e-01 2.0958e-01 2.0899e-01 -4.1106e-02 -4.1106e-02 -4.1308e-02 2.9668e-02 -3.0072e-02
-1.3379e-02 -4.2785e-02 8.6191e-01 6.8870e-02 8.6902e-01 8.8138e-01 9.7653e-01 9.7653e-01 9.7653e-01 9.7653e-01 9.8125e-01 8.6021e-01 8.7380e-01 8.7380e-01 9.8596e-01 -4.2506e-02 1.0000e+00 1.0000e+00 9.9065e-01 9.9065e-01 9.9065e-01 9.9065e-01 9.9065e-01 9.8597e-01 9.7225e-01 9.7677e-01 9.5106e-01 9.8152e-01 9.6817e-01 9.9065e-01 9.9065e-01 9.9065e-01 9.5856e-01 9.8134e-01 -5.6825e-02 -5.6825e-02 9.6247e-01 7.1607e-01 6.3330e-01 6.0081e-01 5.9903e-01 9.1922e-01 9.1922e-01 9.1460e-01 -4.4996e-02 -2.3320e-02
-1.3379e-02 -4.2785e-02 8.6191e-01 6.8870e-02 8.6902e-01 8.8138e-01 9.7653e-01 9.7653e-01 9.7653e-01 9.7653e-01 9.8125e-01 8.6021e-01 8.7380e-01 8.7380e-01 9.8596e-01 -4.2506e-02 1.0000e+00 1.0000e+00 9.9065e-01 9.9065e-01 9.9065e-01 9.9065e-01 9.9065e-01 9.8597e-01 9.7225e-01 9.7677e-01 9.5106e-01 9.8152e-01 9.6817e-01 9.9065e-01 9.9065e-01 9.9065e-01 9.5856e-01 9.8134e-01 -5.6825e-02 -5.6825e-02 9.6247e-01 7.1607e-01 6.3330e-01 6.0081e-01 5.9903e-01 9.1922e-01 9.1922e-01 9.1460e-01 -4.4996e-02 -2.3320e-02
-2.2415e-02 -5.2547e-02 8.7060e-01 8.2378e-02 8.7774e-01 8.8137e-01 9.8577e-01 9.8577e-01 9.8577e-01 9.8577e-01 9.8108e-01 8.5189e-01 8.6563e-01 8.6563e-01 9.9526e-01 -4.2109e-02 9.9065e-01 9.9065e-01 1.0000e+00 1.0000e+00 1.0000e+00 1.0000e+00 1.0000e+00 9.9530e-01 9.8152e-01 9.8606e-01 9.5113e-01 9.8152e-01 9.6820e-01 1.0000e+00 1.0000e+00 1.0000e+00 9.6773e-01 9.9065e-01 -5.6294e-02 -5.6294e-02 9.7161e-01 7.2418e-01 6.3401e-01 6.0117e-01 5.9940e-01 9.2800e-01 9.2800e-01 9.2337e-01 -4.3479e-02 -2.1875e-02
-2.2415e-02 -5.2547e-02 8.7060e-01 8.2378e-02 8.7774e-01 8.8137e-01 9.8577e-01 9.8577e-01 9.8577e-01 9.8577e-01 9.8108e-01 8.5189e-01 8.6563e-01 8.6563e-01 9.9526e-01 -4.2109e-02 9.9065e-01 9.9065e-01 1.0000e+00 1.0000e+00 1.0000e+00 1.0000e+00 1.0000e+00 9.9530e-01 9.8152e-01 9.8606e-01 9.5113e-01 9.8152e-01 9.6820e-01 1.0000e+00 1.0000e+00 1.0000e+00 9.6773e-01 9.9065e-01 -5.6294e-02 -5.6294e-02 9.7161e-01 7.2418e-01 6.3401e-01 6.0117e-01 5.9940e-01 9.2800e-01 9.2800e-01 9.2337e-01 -4.3479e-02 -2.1875e-02
-2.2415e-02 -5.2547e-02 8.7060e-01 8.2378e-02 8.7774e-01 8.8137e-01 9.8577e-01 9.8577e-01 9.8577e-01 9.8577e-01 9.8108e-01 8.5189e-01 8.6563e-01 8.6563e-01 9.9526e-01 -4.2109e-02 9.9065e-01 9.9065e-01 1.0000e+00 1.0000e+00 1.0000e+00 1.0000e+00 1.0000e+00 9.9530e-01 9.8152e-01 9.8606e-01 9.5113e-01 9.8152e-01 9.6820e-01 1.0000e+00 1.0000e+00 1.0000e+00 9.6773e-01 9.9065e-01 -5.6294e-02 -5.6294e-02 9.7161e-01 7.2418e-01 6.3401e-01 6.0117e-01 5.9940e-01 9.2800e-01 9.2800e-01 9.2337e-01 -4.3479e-02 -2.1875e-02
-2.2415e-02 -5.2547e-02 8.7060e-01 8.2378e-02 8.7774e-01 8.8137e-01 9.8577e-01 9.8577e-01 9.8577e-01 9.8577e-01 9.8108e-01 8.5189e-01 8.6563e-01 8.6563e-01 9.9526e-01 -4.2109e-02 9.9065e-01 9.9065e-01 1.0000e+00 1.0000e+00 1.0000e+00 1.0000e+00 1.0000e+00 9.9530e-01 9.8152e-01 9.8606e-01 9.5113e-01 9.8152e-01 9.6820e-01 1.0000e+00 1.0000e+00 1.0000e+00 9.6773e-01 9.9065e-01 -5.6294e-02 -5.6294e-02 9.7161e-01 7.2418e-01 6.3401e-01 6.0117e-01 5.9940e-01 9.2800e-01 9.2800e-01 9.2337e-01 -4.3479e-02 -2.1875e-02
-2.2415e-02 -5.2547e-02 8.7060e-01 8.2378e-02 8.7774e-01 8.8137e-01 9.8577e-01 9.8577e-01 9.8577e-01 9.8577e-01 9.8108e-01 8.5189e-01 8.6563e-01 8.6563e-01 9.9526e-01 -4.2109e-02 9.9065e-01 9.9065e-01 1.0000e+00 1.0000e+00 1.0000e+00 1.0000e+00 1.0000e+00 9.9530e-01 9.8152e-01 9.8606e-01 9.5113e-01 9.8152e-01 9.6820e-01 1.0000e+00 1.0000e+00 1.0000e+00 9.6773e-01 9.9065e-01 -5.6294e-02 -5.6294e-02 9.7161e-01 7.2418e-01 6.3401e-01 6.0117e-01 5.9940e-01 9.2800e-01 9.2800e-01 9.2337e-01 -4.3479e-02 -2.1875e-02
-2.4431e-02 -5.3264e-02 8.6623e-01 8.2767e-02 8.7336e-01 8.7697e-01 9.8112e-01 9.8112e-01 9.8112e-01 9.8112e-01 9.7644e-01 8.4754e-01 8.6124e-01 8.6124e-01 9.9058e-01 -4.2308e-02 9.8597e-01 9.8597e-01 9.9530e-01 9.9530e-01 9.9530e-01 9.9530e-01 9.9530e-01 1.0000e+00 9.8615e-01 9.8139e-01 9.5563e-01 9.8615e-01 9.6358e-01 9.9530e-01 9.9530e-01 9.9530e-01 9.6312e-01 9.9533e-01 -5.6560e-02 -5.6560e-02 9.7644e-01 7.2786e-01 6.3725e-01 6.0462e-01 6.0283e-01 9.3319e-01 9.3319e-01 9.2853e-01 -4.4240e-02 -2.2599e-02
-2.3917e-02 -5.5389e-02 8.5341e-01 6.9744e-02 8.6050e-01 8.6410e-01 9.6750e-01 9.6750e-01 9.6750e-01 9.6750e-01 9.6286e-01 8.4323e-01 8.5674e-01 8.5674e-01 9.7687e-01 -4.2902e-02 9.7225e-01 9.7225e-01 9.8152e-01 9.8152e-01 9.8152e-01 9.8152e-01 9.8152e-01 9.8615e-01 1.0000e+00 9.9540e-01 9.6905e-01 9.7241e-01 9.5002e-01 9.8152e-01 9.8152e-01 9.8152e-01 9.4959e-01 9.8152e-01 -5.7354e-02 -5.7354e-02 9.6286e-01 7.1581e-01 6.4690e-01 6.1489e-01 6.1308e-01 9.2014e-01 9.2014e-01 9.1551e-01 -3.5506e-02 -1.2447e-02
-2.1918e-02 -5.4685e-02 8.5764e-01 6.9308e-02 8.6474e-01 8.6834e-01 9.7199e-01 9.7199e-01 9.7199e-01 9.7199e-01 9.6733e-01 8.4745e-01 8.6102e-01 8.6102e-01 9.8139e-01 -4.2704e-02 9.7677e-01 9.7677e-01 9.8606e-01 9.8606e-01 9.8606e-01 9.8606e-01 9.8606e-01 9.8139e-01 9.9540e-01 1.0000e+00 9.6459e-01 9.6770e-01 9.5449e-01 9.8606e-01 9.8606e-01 9.8606e-01 9.5405e-01 9.7677e-01 -5.7090e-02 -5.7090e-02 9.5797e-01 7.1207e-01 6.4370e-01 6.1148e-01 6.0967e-01 9.1490e-01 9.1490e-01 9.1030e-01 -3.4720e-02 -1.1693e-02
-1.8554e-02 -4.9367e-02 8.2513e-01 7.2754e-02 8.3212e-01 8.4415e-01 9.3748e-01 9.3748e-01 9.3748e-01 9.3748e-01 9.3291e-01 8.2313e-01 8.3628e-01 8.3628e-01 9.4663e-01 -4.4272e-02 9.5106e-01 9.5106e-01 9.5113e-01 9.5113e-01 9.5113e-01 9.5113e-01 9.5113e-01 9.5563e-01 9.6905e-01 9.6459e-01 1.0000e+00 9.6905e-01 9.8237e-01 9.5113e-01 9.5113e-01 9.5113e-01 9.7350e-01 9.5106e-01 -5.9186e-02 -5.9186e-02 9.3291e-01 6.9663e-01 6.6218e-01 6.3147e-01 6.2961e-01 8.9136e-01 8.9136e-01 8.8681e-01 -4.0882e-02 -5.5773e-03
-1.7435e-02 -4.4276e-02 8.5341e-01 8.3929e-02 8.6050e-01 8.7278e-01 9.6750e-01 9.6750e-01 9.6750e-01 9.6750e-01 9.6286e-01 8.4323e-01 8.5674e-01 8.5674e-01 9.7687e-01 -4.2902e-02 9.8152e-01 9.8152e-01 9.8152e-01 9.8152e-01 9.8152e-01 9.8152e-01 9.8152e-01 9.8615e-01 9.7241e-01 9.6770e-01 9.6905e-01 1.0000e+00 9.7733e-01 9.8152e-01 9.8152e-01 9.8152e-01 9.6793e-01 9.8152e-01 -5.7354e-02 -5.7354e-02 9.6286e-01 7.2348e-01 6.3978e-01 6.0770e-01 6.0590e-01 9.2014e-01 9.2014e-01 9.1551e-01 -4.6496e-02 -1.2447e-02
-1.7002e-02 -4.6482e-02 8.4103e-01 8.5083e-02 8.4807e-01 8.6024e-01 9.5435e-01 9.5435e-01 9.5435e-01 9.5435e-01 9.4973e-01 8.3083e-01 8.4419e-01 8.4419e-01 9.6362e-01 -4.3492e-02 9.6817e-01 9.6817e-01 9.6820e-01 9.6820e-01 9.6820e-01 9.6820e-01 9.6820e-01 9.6358e-01 9.5002e-01 9.5449e-01 9.8237e-01 9.7733e-01 1.0000e+00 9.6820e-01 9.6820e-01 9.6820e-01 9.9097e-01 9.5900e-01 -5.8143e-02 -5.8143e-02 9.4050e-01 7.0413e-01 6.4943e-01 6.1795e-01 6.1612e-01 8.9812e-01 8.9812e-01 8.9356e-01 -4.8715e-02 -1.4680e-02
-2.2415e-02 -5.2547e-02 8.7060e-01 8.2378e-02 8.7774e-01 8.8137e-01 9.8577e-01 9.8577e-01 9.8577e-01 9.8577e-01 9.8108e-01 8.5189e-01 8.6563e-01 8.6563e-01 9.9526e-01 -4.2109e-02 9.9065e-01 9.9065e-01 1.0000e+00 1.0000e+00 1.0000e+00 1.0000e+00 1.0000e+00 9.9530e-01 9.8152e-01 9.8606e-01 9.5113e-01 9.8152e-01 9.6820e-01 1.0000e+00 1.0000e+00 1.0000e+00 9.6773e-01 9.9065e-01 -5.6294e-02 -5.6294e-02 9.7161e-01 7.2418e-01 6.3401e-01 6.0117e-01 5.9940e-01 9.2800e-01 9.2800e-01 9.2337e-01 -4.3479e-02 -2.1875e-02
-2.2415e-02 -5.2547e-02 8.7060e-01 8.2378e-02 8.7774e-01 8.8137e-01 9.8577e-01 9.8577e-01 9.8577e-01 9.8577e-01 9.8108e-01 8.5189e-01 8.6563e-01 8.6563e-01 9.9526e-01 -4.2109e-02 9.9065e-01 9.9065e-01 1.0000e+00 1.0000e+00 1.0000e+00 1.0000e+00 1.0000e+00 9.9530e-01 9.8152e-01 9.8606e-01 9.5113e-01 9.8152e-01 9.6820e-01 1.0000e+00 1.0000e+00 1.0000e+00 9.6773e-01 9.9065e-01 -5.6294e-02 -5.6294e-02 9.7161e-01 7.2418e-01 6.3401e-01 6.0117e-01 5.9940e-01 9.2800e-01 9.2800e-01 9.2337e-01 -4.3479e-02 -2.1875e-02
-2.2415e-02 -5.2547e-02 8.7060e-01 8.2378e-02 8.7774e-01 8.8137e-01 9.8577e-01 9.8577e-01 9.8577e-01 9.8577e-01 9.8108e-01 8.5189e-01 8.6563e-01 8.6563e-01 9.9526e-01 -4.2109e-02 9.9065e-01 9.9065e-01 1.0000e+00 1.0000e+00 1.0000e+00 1.0000e+00 1.0000e+00 9.9530e-01 9.8152e-01 9.8606e-01 9.5113e-01 9.8152e-01 9.6820e-01 1.0000e+00 1.0000e+00 1.0000e+00 9.6773e-01 9.9065e-01 -5.6294e-02 -5.6294e-02 9.7161e-01 7.2418e-01 6.3401e-01 6.0117e-01 5.9940e-01 9.2800e-01 9.2800e-01 9.2337e-01 -4.3479e-02 -2.1875e-02
-1.9443e-02 -5.6090e-02 8.4066e-01 8.4315e-02 8.4768e-01 8.5124e-01 9.5374e-01 9.5374e-01 9.5374e-01 9.5374e-01 9.4914e-01 8.2227e-01 8.3577e-01 8.3577e-01 9.6307e-01 -4.3099e-02 9.5856e-01 9.5856e-01 9.6773e-01 9.6773e-01 9.6773e-01 9.6773e-01 9.6773e-01 9.6312e-01 9.4959e-01 9.5405e-01 9.7350e-01 9.6793e-01 9.9097e-01 9.6773e-01 9.6773e-01 9.6773e-01 1.0000e+00 9.5856e-01 -5.7617e-02 -5.7617e-02 9.3984e-01 7.0422e-01 6.5011e-01 6.1829e-01 6.1647e-01 8.9695e-01 8.9695e-01 8.9240e-01 -4.7240e-02 -1.3196e-02
-2.6434e-02 -4.2785e-02 8.6191e-01 8.3156e-02 8.6902e-01 8.7263e-01 9.7653e-01 9.7653e-01 9.7653e-01 9.7653e-01 9.7186e-01 8.4325e-01 8.5689e-01 8.5689e-01 9.8596e-01 -4.2506e-02 9.8134e-01 9.8134e-01 9.9065e-01 9.9065e-01 9.9065e-01 9.9065e-01 9.9065e-01 9.9533e-01 9.8152e-01 9.7677e-01 9.5106e-01 9.8152e-01 9.5900e-01 9.9065e-01 9.9065e-01 9.9065e-01 9.5856e-01 1.0000e+00 -5.6825e-02 -5.6825e-02 9.8125e-01 7.3153e-01 6.4048e-01 6.0805e-01 6.0626e-01 9.3836e-01 9.3836e-01 9.3367e-01 -4.4996e-02 -2.3320e-02
-3.3671e-02 -2.0822e-02 -6.2773e-02 -6.2096e-01 -6.2266e-02 -6.2012e-02 -5.6027e-02 -5.6027e-02 -5.6027e-02 -5.6027e-02 -5.6294e-02 3.2413e-01 3.2285e-01 3.2285e-01 -5.6027e-02 7.4801e-01 -5.6825e-02 -5.6825e-02 -5.6294e-02 -5.6294e-02 -5.6294e-02 -5.6294e-02 -5.6294e-02 -5.6560e-02 -5.7354e-02 -5.7090e-02 -5.9186e-02 -5.7354e-02 -5.8143e-02 -5.6294e-02 -5.6294e-02 -5.6294e-02 -5.7617e-02 -5.6825e-02 1.0000e+00 1.0000e+00 -5.6294e-02 -5.7638e-02 2.7553e-01 2.8018e-01 2.7939e-01 -3.4053e-02 -3.4053e-02 -3.4401e-02 2.4749e-03 -4.0202e-02
-3.3671e-02 -2.0822e-02 -6.2773e-02 -6.2096e-01 -6.2266e-02 -6.2012e-02 -5.6027e-02 -5.6027e-02 -5.6027e-02 -5.6027e-02 -5.6294e-02 3.2413e-01 3.2285e-01 3.2285e-01 -5.6027e-02 7.4801e-01 -5.6825e-02 -5.6825e-02 -5.6294e-02 -5.6294e-02 -5.6294e-02 -5.6294e-02 -5.6294e-02 -5.6560e-02 -5.7354e-02 -5.7090e-02 -5.9186e-02 -5.7354e-02 -5.8143e-02 -5.6294e-02 -5.6294e-02 -5.6294e-02 -5.7617e-02 -5.6825e-02 1.0000e+00 1.0000e+00 -5.6294e-02 -5.7638e-02 2.7553e-01 2.8018e-01 2.7939e-01 -3.4053e-02 -3.4053e-02 -3.4401e-02 2.4749e-03 -4.0202e-02
-2.2415e-02 -5.2547e-02 8.4440e-01 8.2378e-02 8.5139e-01 8.5494e-01 9.5728e-01 9.5728e-01 9.5728e-01 9.5728e-01 9.5269e-01 8.2626e-01 8.4008e-01 8.4008e-01 9.6677e-01 -4.2109e-02 9.6247e-01 9.6247e-01 9.7161e-01 9.7161e-01 9.7161e-01 9.7161e-01 9.7161e-01 9.7644e-01 9.6286e-01 9.5797e-01 9.3291e-01 9.6286e-01 9.4050e-01 9.7161e-01 9.7161e-01 9.7161e-01 9.3984e-01 9.8125e-01 -5.6294e-02 -5.6294e-02 1.0000e+00 7.4755e-01 6.5570e-01 6.1576e-01 6.1396e-01 9.4728e-01 9.4728e-01 9.4257e-01 -4.3479e-02 -2.1875e-02
-6.9134e-02 -8.8511e-02 7.0570e-01 8.5375e-02 7.0534e-01 7.0880e-01 7.2049e-01 7.2049e-01 7.2049e-01 7.2049e-01 7.1639e-01 6.0913e-01 6.1317e-01 6.1317e-01 7.2049e-01 -5.5748e-02 7.1607e-01 7.1607e-01 7.2418e-01 7.2418e-01 7.2418e-01 7.2418e-01 7.2418e-01 7.2786e-01 7.1581e-01 7.1207e-01 6.9663e-01 7.2348e-01 7.0413e-01 7.2418e-01 7.2418e-01 7.2418e-01 7.0422e-01 7.3153e-01 -5.7638e-02 -5.7638e-02 7.4755e-01 1.0000e+00 8.7765e-01 8.4442e-01 8.4799e-01 7.2942e-01 7.2942e-01 7.2516e-01 -5.4351e-02 -4.8282e-03
-6.4566e-02 -9.5408e-02 6.1250e-01 -2.0540e-01 6.1251e-01 6.1589e-01 6.3077e-01 6.3077e-01 6.3077e-01 6.3077e-01 6.3401e-01 7.1723e-01 7.2029e-01 7.2029e-01 6.3077e-01 2.0610e-01 6.3330e-01 6.3330e-01 6.3401e-01 6.3401e-01 6.3401e-01 6.3401e-01 6.3401e-01 6.3725e-01 6.4690e-01 6.4370e-01 6.6218e-01 6.3978e-01 6.4943e-01 6.3401e-01 6.3401e-01 6.3401e-01 6.5011e-01 6.4048e-01 2.7553e-01 2.7553e-01 6.5570e-01 8.7765e-01 1.0000e+00 9.6672e-01 9.6951e-01 6.3978e-01 6.3978e-01 6.3565e-01 -5.5796e-02 -1.2512e-02
-6.5549e-02 -9.2068e-02 5.9017e-01 -2.1042e-01 5.8994e-01 5.9323e-01 5.9772e-01 5.9772e-01 5.9772e-01 5.9772e-01 6.0117e-01 6.9018e-01 6.9340e-01 6.9340e-01 5.9772e-01 2.0958e-01 6.0081e-01 6.0081e-01 6.0117e-01 6.0117e-01 6.0117e-01 6.0117e-01 6.0117e-01 6.0462e-01 6.1489e-01 6.1148e-01 6.3147e-01 6.0770e-01 6.1795e-01 6.0117e-01 6.0117e-01 6.0117e-01 6.1829e-01 6.0805e-01 2.8018e-01 2.8018e-01 6.1576e-01 8.4442e-01 9.6672e-01 1.0000e+00 9.9720e-01 6.5804e-01 6.5804e-01 6.5387e-01 -4.3455e-02 -8.8970e-03
-6.7069e-02 -9.2627e-02 5.8831e-01 -2.0958e-01 5.8808e-01 5.9137e-01 5.9595e-01 5.9595e-01 5.9595e-01 5.9595e-01 5.9940e-01 6.8814e-01 6.9134e-01 6.9134e-01 5.9595e-01 2.0899e-01 5.9903e-01 5.9903e-01 5.9940e-01 5.9940e-01 5.9940e-01 5.9940e-01 5.9940e-01 6.0283e-01 6.1308e-01 6.0967e-01 6.2961e-01 6.0590e-01 6.1612e-01 5.9940e-01 5.9940e-01 5.9940e-01 6.1647e-01 6.0626e-01 2.7939e-01 2.7939e-01 6.1396e-01 8.4799e-01 9.6951e-01 9.9720e-01 1.0000e+00 6.5620e-01 6.5620e-01 6.5203e-01 -4.4097e-02 9.5419e-05
-3.2205e-02 -4.8905e-02 8.1318e-01 6.5761e-02 8.1994e-01 8.2337e-01 9.1313e-01 9.1313e-01 9.1313e-01 9.1313e-01 9.0873e-01 7.9608e-01 8.1032e-01 8.1032e-01 9.2280e-01 -4.1106e-02 9.1922e-01 9.1922e-01 9.2800e-01 9.2800e-01 9.2800e-01 9.2800e-01 9.2800e-01 9.3319e-01 9.2014e-01 9.1490e-01 8.9136e-01 9.2014e-01 8.9812e-01 9.2800e-01 9.2800e-01 9.2800e-01 8.9695e-01 9.3836e-01 -3.4053e-02 -3.4053e-02 9.4728e-01 7.2942e-01 6.3978e-01 6.5804e-01 6.5620e-01 1.0000e+00 1.0000e+00 9.9512e-01 -3.9606e-02 -1.8177e-02
-3.2205e-02 -4.8905e-02 8.1318e-01 6.5761e-02 8.1994e-01 8.2337e-01 9.1313e-01 9.1313e-01 9.1313e-01 9.1313e-01 9.0873e-01 7.9608e-01 8.1032e-01 8.1032e-01 9.2280e-01 -4.1106e-02 9.1922e-01 9.1922e-01 9.2800e-01 9.2800e-01 9.2800e-01 9.2800e-01 9.2800e-01 9.3319e-01 9.2014e-01 9.1490e-01 8.9136e-01 9.2014e-01 8.9812e-01 9.2800e-01 9.2800e-01 9.2800e-01 8.9695e-01 9.3836e-01 -3.4053e-02 -3.4053e-02 9.4728e-01 7.2942e-01 6.3978e-01 6.5804e-01 6.5620e-01 1.0000e+00 1.0000e+00 9.9512e-01 -3.9606e-02 -1.8177e-02
-3.4219e-02 -4.9642e-02 8.0885e-01 6.6211e-02 8.1559e-01 8.1902e-01 9.0855e-01 9.0855e-01 9.0855e-01 9.0855e-01 9.0416e-01 7.9177e-01 8.0595e-01 8.0595e-01 9.1819e-01 -4.1308e-02 9.1460e-01 9.1460e-01 9.2337e-01 9.2337e-01 9.2337e-01 9.2337e-01 9.2337e-01 9.2853e-01 9.1551e-01 9.1030e-01 8.8681e-01 9.1551e-01 8.9356e-01 9.2337e-01 9.2337e-01 9.2337e-01 8.9240e-01 9.3367e-01 -3.4401e-02 -3.4401e-02 9.4257e-01 7.2516e-01 6.3565e-01 6.5387e-01 6.5203e-01 9.9512e-01 9.9512e-01 1.0000e+00 -4.0390e-02 -6.2669e-03
5.7569e-02 3.0767e-02 -4.0768e-02 -6.7393e-04 -4.9644e-02 -5.9310e-02 -4.2714e-02 -4.2714e-02 -4.2714e-02 -4.2714e-02 -4.3479e-02 -4.6514e-02 -4.7218e-02 -4.7218e-02 -4.2714e-02 2.9668e-02 -4.4996e-02 -4.4996e-02 -4.3479e-02 -4.3479e-02 -4.3479e-02 -4.3479e-02 -4.3479e-02 -4.4240e-02 -3.5506e-02 -3.4720e-02 -4.0882e-02 -4.6496e-02 -4.8715e-02 -4.3479e-02 -4.3479e-02 -4.3479e-02 -4.7240e-02 -4.4996e-02 2.4749e-03 2.4749e-03 -4.3479e-02 -5.4351e-02 -5.5796e-02 -4.3455e-02 -4.4097e-02 -3.9606e-02 -3.9606e-02 -4.0390e-02 1.0000e+00 6.2661e-01
2.7691e-02 5.5971e-02 -2.7270e-02 2.0892e-02 -3.7511e-02 -3.6871e-02 -2.1145e-02 -2.1145e-02 -2.1145e-02 -2.1145e-02 -2.1875e-02 -4.3752e-02 -4.4360e-02 -4.4360e-02 -2.1145e-02 -3.0072e-02 -2.3320e-02 -2.3320e-02 -2.1875e-02 -2.1875e-02 -2.1875e-02 -2.1875e-02 -2.1875e-02 -2.2599e-02 -1.2447e-02 -1.1693e-02 -5.5773e-03 -1.2447e-02 -1.4680e-02 -2.1875e-02 -2.1875e-02 -2.1875e-02 -1.3196e-02 -2.3320e-02 -4.0202e-02 -4.0202e-02 -2.1875e-02 -4.8282e-03 -1.2512e-02 -8.8970e-03 9.5419e-05 -1.8177e-02 -1.8177e-02 -6.2669e-03 6.2661e-01 1.0000e+00
