1.0000e+00 1.7706e-01 1.8940e-01 -1.1060e-01 -8.4026e-03 -1.1849e-01 -6.1346e-02 -6.5775e-02 -6.4667e-02 -6.4667e-02 -6.4667e-02 3.0410e-03 -1.1943e-02 -1.8264e-02 1.2809e-01 -1.4248e-02 3.3757e-02 3.8678e-02 -2.2504e-02 -2.6171e-02 4.1810e-02 -2.0768e-02 4.1810e-02 -8.4026e-03 5.2852e-02 2.6912e-02 7.7140e-03 5.3184e-02 4.5368e-02 -4.2092e-02 8.6321e-02 4.2449e-02 5.1811e-02 4.6734e-02 3.2415e-02 5.3624e-02 3.5661e-02 5.7366e-02 3.9097e-02 2.8820e-02 5.7366e-02 1.4922e-02 1.7265e-02 -1.0206e-02 -1.7265e-02 8.7015e-03 -1.5982e-02 -1.0054e-02 -1.1384e-02 -5.4618e-03 -2.8331e-02 3.1744e-02 -4.6782e-02 -1.7044e-02 -4.1851e-02 -3.9474e-02 -2.0755e-02 -6.1635e-02 7.9211e-02 -6.5539e-02 2.5116e-02 -4.2779e-02 -4.0799e-02 1.6603e-03 3.8797e-02
1.7706e-01 1.0000e+00 9.5962e-01 3.7050e-01 3.3636e-01 3.5188e-01 2.9146e-01 2.8915e-01 2.8972e-01 2.8972e-01 2.8972e-01 3.0054e-01 -4.2428e-02 7.3687e-02 -8.6366e-02 2.9569e-02 -6.4588e-03 5.1422e-03 2.3976e-02 2.4591e-02 2.4105e-01 2.7085e-02 2.1796e-01 -2.9850e-02 -1.6840e-02 2.3702e-01 4.5216e-02 2.0994e-01 1.5710e-01 5.6472e-03 -3.6650e-02 1.4391e-01 1.0878e-01 1.0878e-01 1.0209e-01 1.6312e-01 1.4391e-01 1.5497e-01 1.3593e-01 9.2236e-02 1.5497e-01 9.3098e-02 1.3286e-01 -9.3098e-02 -1.3286e-01 -9.9765e-02 -1.3202e-01 -1.0495e-01 -1.1391e-01 -9.4743e-02 5.6173e-03 2.1249e-01 -1.1317e-01 -1.1741e-01 -1.3611e-01 -1.3468e-01 -9.3716e-02 -3.1840e-02 -3.7872e-02 -1.0132e-02 -6.1450e-02 -3.4085e-02 -7.3182e-03 2.2456e-02 -7.4574e-04
1.8940e-01 9.5962e-01 1.0000e+00 3.6057e-01 3.4562e-01 3.4245e-01 2.8364e-01 2.8140e-01 2.8196e-01 2.8196e-01 2.8196e-01 3.0882e-01 -4.1290e-02 -3.8010e-02 -8.4052e-02 3.0053e-03 -1.8241e-02 -1.5291e-02 3.6659e-02 3.7263e-02 2.0462e-01 4.0017e-02 1.8099e-01 -2.9050e-02 -2.2788e-02 1.9963e-01 4.8820e-02 1.7236e-01 1.2562e-01 1.5423e-02 -3.5668e-02 1.1011e-01 8.8965e-02 8.8965e-02 8.3120e-02 1.2742e-01 1.1011e-01 1.1872e-01 1.0163e-01 7.3184e-02 1.1872e-01 7.8556e-02 1.1062e-01 -7.8556e-02 -1.1062e-01 -8.4182e-02 -1.0982e-01 -8.7842e-02 -9.2060e-02 -7.7564e-02 -3.1668e-03 1.6611e-01 -9.5250e-02 -1.0120e-01 -1.1872e-01 -1.1735e-01 -7.9155e-02 -1.1825e-02 -3.6857e-02 1.1033e-02 -5.8471e-02 -3.3172e-02 -1.2779e-02 2.5348e-02 6.2946e-03
-1.1060e-01 3.7050e-01 3.6057e-01 1.0000e+00 1.2462e-01 8.7956e-01 7.1335e-01 7.0710e-01 7.0866e-01 7.0866e-01 7.0866e-01 1.1135e-01 -9.9931e-02 5.1334e-03 -1.0371e-01 3.4273e-02 -5.4567e-02 -4.9356e-02 -7.8306e-02 -7.6707e-02 6.4869e-02 -8.1189e-02 5.8397e-02 -6.0047e-02 3.6860e-02 7.6239e-02 -3.2464e-03 7.0505e-02 7.3266e-02 -2.2326e-02 -6.5329e-02 1.2047e-01 2.9694e-03 2.9694e-03 -7.8067e-04 9.8235e-02 1.0867e-01 9.1370e-02 1.0213e-01 -5.8780e-03 9.1370e-02 4.2105e-02 1.2445e-01 -5.0301e-02 -1.2445e-01 -7.2977e-02 -1.2246e-01 -7.6510e-02 -1.2661e-01 -8.2363e-02 -1.1800e-02 1.1701e-01 -7.7755e-02 -8.0552e-02 -8.2040e-02 -8.7127e-02 -3.5525e-02 3.2291e-02 -6.9675e-02 2.8819e-02 -8.0827e-02 -5.5951e-02 4.5748e-02 -1.0671e-02 -3.4885e-02
-8.4026e-03 3.3636e-01 3.4562e-01 1.2462e-01 1.0000e+00 1.1836e-01 9.8033e-02 9.7256e-02 9.7449e-02 9.7449e-02 9.7449e-02 8.9353e-01 -1.4271e-02 -1.3137e-02 -2.9050e-02 -7.6263e-02 1.6460e-02 7.1517e-03 8.1339e-05 2.8481e-04 1.2381e-01 -1.3383e-03 9.1958e-02 -1.0040e-02 2.7361e-02 9.4724e-02 -6.6038e-03 1.2543e-01 9.7077e-02 -4.3062e-02 -1.2328e-02 1.0506e-01 1.0705e-01 1.0705e-01 1.0102e-01 1.1414e-01 1.0506e-01 1.1554e-01 1.0629e-01 1.0015e-01 1.1554e-01 9.2330e-02 7.8829e-02 -9.2330e-02 -7.8829e-02 -1.0018e-01 -7.8501e-02 -4.8486e-02 -7.4673e-02 -4.7553e-02 3.7355e-02 1.5828e-01 -5.4014e-02 -1.0690e-01 -1.1730e-01 -1.1672e-01 -9.2553e-02 -6.9252e-02 -1.2738e-02 -7.3936e-02 -2.9651e-02 -1.1465e-02 -8.9971e-03 -1.5996e-02 -2.1700e-02
-1.1849e-01 3.5188e-01 3.4245e-01 8.7956e-01 1.1836e-01 1.0000e+00 8.2425e-01 8.1768e-01 8.1932e-01 8.1932e-01 8.1932e-01 1.0576e-01 -9.1693e-02 -1.5235e-03 -4.9478e-02 2.0680e-02 -3.5374e-02 -3.3082e-02 -8.5732e-02 -8.4049e-02 5.2808e-02 -8.5174e-02 4.6400e-02 -6.4511e-02 3.1966e-02 7.7554e-02 -2.5811e-02 6.5079e-02 1.0734e-01 -3.7143e-02 -7.0892e-02 1.3416e-01 6.1147e-02 6.1147e-02 5.4328e-02 1.0274e-01 1.2832e-01 9.6284e-02 1.2226e-01 5.7406e-02 9.6284e-02 7.7982e-02 1.2134e-01 -8.2041e-02 -1.2134e-01 -1.0829e-01 -1.1926e-01 -1.0851e-01 -1.2203e-01 -1.1382e-01 -4.3252e-03 1.1634e-01 -7.0214e-02 -1.1486e-01 -7.8701e-02 -8.3531e-02 -5.5339e-02 -1.2995e-02 -7.5402e-02 9.5328e-03 -8.0135e-02 -6.1171e-02 8.5698e-02 -3.1560e-02 -1.1637e-02
-6.1346e-02 2.9146e-01 2.8364e-01 7.1335e-01 9.8033e-02 8.2425e-01 1.0000e+00 9.9207e-01 9.9405e-01 9.9405e-01 9.9405e-01 8.7595e-02 -1.1708e-01 -1.0582e-02 1.2750e-01 -1.8711e-02 8.9198e-03 1.1187e-02 -1.1122e-01 -1.0919e-01 3.0190e-02 -1.1729e-01 1.7546e-02 -6.2327e-02 1.0744e-01 3.7380e-02 -5.9757e-02 3.6941e-02 7.1030e-02 -5.3388e-02 -7.6526e-02 1.1514e-01 2.2076e-02 2.2076e-02 1.2303e-02 7.3142e-02 1.0937e-01 6.7713e-02 1.0437e-01 1.0022e-02 6.7713e-02 6.2596e-02 1.3287e-01 -6.6600e-02 -1.3287e-01 -1.0925e-01 -1.3038e-01 -1.0507e-01 -1.3239e-01 -1.0878e-01 -2.7466e-02 7.5449e-02 -6.7887e-02 -1.0561e-01 -7.6259e-02 -8.0245e-02 -3.6624e-02 -6.7556e-02 -8.2255e-02 -5.8383e-02 -2.4744e-02 -4.6521e-02 6.5395e-02 -9.8790e-03 2.4492e-03
-6.5775e-02 2.8915e-01 2.8140e-01 7.0710e-01 9.7256e-02 8.1768e-01 9.9207e-01 1.0000e+00 9.9801e-01 9.9801e-01 9.9801e-01 8.6901e-02 -1.1824e-01 -1.1627e-02 1.2522e-01 -2.4771e-02 1.5146e-02 1.8176e-02 -1.0961e-01 -1.0757e-01 2.7380e-02 -1.1580e-01 1.4733e-02 -6.3137e-02 1.1044e-01 3.4629e-02 -6.5366e-02 3.4161e-02 6.7675e-02 -5.4205e-02 -7.7521e-02 1.1198e-01 2.1095e-02 2.1095e-02 6.7599e-03 7.0160e-02 1.0621e-01 6.4758e-02 1.0123e-01 4.4401e-03 6.4758e-02 6.3533e-02 1.3734e-01 -6.7537e-02 -1.3734e-01 -1.1075e-01 -1.3482e-01 -1.0730e-01 -1.3656e-01 -1.1093e-01 -3.1722e-02 7.3158e-02 -7.0515e-02 -1.0757e-01 -7.8889e-02 -8.2838e-02 -3.7571e-02 -6.6662e-02 -8.3283e-02 -5.7888e-02 -2.7103e-02 -4.7440e-02 6.2331e-02 -1.1151e-02 3.8072e-03
-6.4667e-02 2.8972e-01 2.8196e-01 7.0866e-01 9.7449e-02 8.1932e-01 9.9405e-01 9.9801e-01 1.0000e+00 1.0000e+00 1.0000e+00 8.7074e-02 -1.1795e-01 -1.1366e-02 1.2579e-01 -2.3255e-02 1.3589e-02 1.6428e-02 -1.1204e-01 -1.1000e-01 2.8082e-02 -1.1820e-01 1.5437e-02 -6.2934e-02 1.1270e-01 3.5316e-02 -6.3963e-02 3.4855e-02 6.8513e-02 -5.2911e-02 -7.7272e-02 1.1277e-01 2.2418e-02 2.2418e-02 8.1459e-03 7.0905e-02 1.0700e-01 6.5496e-02 1.0202e-01 5.8357e-03 6.5496e-02 6.5300e-02 1.3850e-01 -6.9305e-02 -1.3850e-01 -1.1240e-01 -1.3599e-01 -1.0880e-01 -1.3776e-01 -1.1245e-01 -3.2912e-02 7.3731e-02 -7.1951e-02 -1.0913e-01 -8.0324e-02 -8.4280e-02 -3.9337e-02 -6.8887e-02 -8.3026e-02 -6.0004e-02 -2.6513e-02 -4.7210e-02 6.3097e-02 -1.0833e-02 4.7511e-03
-6.4667e-02 2.8972e-01 2.8196e-01 7.0866e-01 9.7449e-02 8.1932e-01 9.9405e-01 9.9801e-01 1.0000e+00 1.0000e+00 1.0000e+00 8.7074e-02 -1.1795e-01 -1.1366e-02 1.2579e-01 -2.3255e-02 1.3589e-02 1.6428e-02 -1.1204e-01 -1.1000e-01 2.8082e-02 -1.1820e-01 1.5437e-02 -6.2934e-02 1.1270e-01 3.5316e-02 -6.3963e-02 3.4855e-02 6.8513e-02 -5.2911e-02 -7.7272e-02 1.1277e-01 2.2418e-02 2.2418e-02 8.1459e-03 7.0905e-02 1.0700e-01 6.5496e-02 1.0202e-01 5.8357e-03 6.5496e-02 6.5300e-02 1.3850e-01 -6.9305e-02 -1.3850e-01 -1.1240e-01 -1.3599e-01 -1.0880e-01 -1.3776e-01 -1.1245e-01 -3.2912e-02 7.3731e-02 -7.1951e-02 -1.0913e-01 -8.0324e-02 -8.4280e-02 -3.9337e-02 -6.8887e-02 -8.3026e-02 -6.0004e-02 -2.6513e-02 -4.7210e-02 6.3097e-02 -1.0833e-02 4.7511e-03
-6.4667e-02 2.8972e-01 2.8196e-01 7.0866e-01 9.7449e-02 8.1932e-01 9.9405e-01 9.9801e-01 1.0000e+00 1.0000e+00 1.0000e+00 8.7074e-02 -1.1795e-01 -1.1366e-02 1.2579e-01 -2.3255e-02 1.3589e-02 1.6428e-02 -1.1204e-01 -1.1000e-01 2.8082e-02 -1.1820e-01 1.5437e-02 -6.2934e-02 1.1270e-01 3.5316e-02 -6.3963e-02 3.4855e-02 6.8513e-02 -5.2911e-02 -7.7272e-02 1.1277e-01 2.2418e-02 2.2418e-02 8.1459e-03 7.0905e-02 1.0700e-01 6.5496e-02 1.0202e-01 5.8357e-03 6.5496e-02 6.5300e-02 1.3850e-01 -6.9305e-02 -1.3850e-01 -1.1240e-01 -1.3599e-01 -1.0880e-01 -1.3776e-01 -1.1245e-01 -3.2912e-02 7.3731e-02 -7.1951e-02 -1.0913e-01 -8.0324e-02 -8.4280e-02 -3.9337e-02 -6.8887e-02 -8.3026e-02 -6.0004e-02 -2.6513e-02 -4.7210e-02 6.3097e-02 -1.0833e-02 4.7511e-03
3.0410e-03 3.0054e-01 3.0882e-01 1.1135e-01 8.9353e-01 1.0576e-01 8.7595e-02 8.6901e-02 8.7074e-02 8.7074e-02 8.7074e-02 1.0000e+00 -1.2751e-02 -1.1738e-02 -2.5957e-02 -6.8143e-02 8.7106e-04 1.0905e-02 -4.4970e-03 -4.3171e-03 1.1063e-01 -5.7527e-03 7.5051e-02 -8.9712e-03 1.0905e-02 7.7408e-02 8.3688e-03 1.1208e-01 8.6742e-02 -5.8086e-02 -1.1015e-02 9.3878e-02 1.1021e-01 1.1021e-01 1.0458e-01 1.0198e-01 9.3878e-02 1.0324e-01 9.4971e-02 1.0377e-01 1.0324e-01 1.0053e-01 7.5561e-02 -1.0053e-01 -7.5561e-02 -1.0773e-01 -7.5262e-02 -4.7968e-02 -7.1768e-02 -4.7124e-02 2.8303e-02 1.4143e-01 -5.2975e-02 -1.1395e-01 -1.2366e-01 -1.2311e-01 -1.0073e-01 -7.9901e-02 -1.1382e-02 -8.4007e-02 -2.6494e-02 -1.0244e-02 -1.3884e-03 -1.4293e-02 -4.2500e-02
-1.1943e-02 -4.2428e-02 -4.1290e-02 -9.9931e-02 -1.4271e-02 -9.1693e-02 -1.1708e-01 -1.1824e-01 -1.1795e-01 -1.1795e-01 -1.1795e-01 -1.2751e-02 1.0000e+00 -1.8673e-02 -4.1290e-02 -1.0840e-01 6.7414e-02 8.1978e-02 -8.7114e-02 -8.6861e-02 -5.0410e-02 -7.4390e-02 -5.0410e-02 -1.4271e-02 8.1978e-02 -4.9391e-02 -5.4784e-02 -2.7083e-02 -4.0488e-02 -6.1207e-02 -1.7522e-02 -3.6390e-02 1.3672e-01 1.3672e-01 1.4358e-01 -3.2059e-02 -3.6390e-02 -3.1418e-02 -3.5787e-02 1.4235e-01 -3.1418e-02 1.0256e-01 -6.7337e-02 -1.0256e-01 6.7337e-02 -1.2010e-02 6.7575e-02 -2.4588e-02 7.0429e-02 -2.3360e-02 -5.9933e-02 -4.1290e-02 -3.1800e-02 -2.0020e-02 -3.1800e-02 -3.1162e-02 -1.0287e-01 -6.9763e-02 -1.8106e-02 -7.6548e-02 -4.2145e-02 -1.6296e-02 -1.2788e-02 2.3009e-02 -1.2462e-02
-1.8264e-02 7.3687e-02 -3.8010e-02 5.1334e-03 -1.3137e-02 -1.5235e-03 -1.0582e-02 -1.1627e-02 -1.1366e-02 -1.1366e-02 -1.1366e-02 -1.1738e-02 -1.8673e-02 1.0000e+00 -3.8010e-02 1.7226e-01 -8.8111e-02 -7.1527e-02 9.7726e-02 9.8033e-02 5.1670e-02 9.5595e-02 5.1670e-02 6.8652e-01 -8.7082e-02 5.4184e-02 -4.3057e-02 5.2914e-02 2.0219e-01 -5.1277e-02 -1.6130e-02 3.6900e-02 1.1332e-01 9.6601e-02 8.9436e-02 6.7512e-02 5.9249e-02 6.8777e-02 6.0371e-02 8.8397e-02 6.8777e-02 5.4039e-02 1.1306e-02 -5.4039e-02 -1.1306e-02 -6.3614e-02 -1.0993e-02 -7.6243e-02 -7.3095e-03 -7.4993e-02 -2.6318e-02 1.0618e-01 -8.3663e-02 -5.5736e-02 -6.7427e-02 -6.6787e-02 -3.8783e-02 -2.3858e-02 -1.6667e-02 -3.0281e-02 -3.8797e-02 -1.5001e-02 -5.0729e-02 2.8612e-02 -2.5132e-03
1.2809e-01 -8.6366e-02 -8.4052e-02 -1.0371e-01 -2.9050e-02 -4.9478e-02 1.2750e-01 1.2522e-01 1.2579e-01 1.2579e-01 1.2579e-01 -2.5957e-02 -4.1290e-02 -3.8010e-02 1.0000e+00 -2.2066e-01 2.1918e-01 2.3210e-01 -2.2134e-01 -2.2085e-01 -1.0262e-01 -2.2483e-01 -1.0262e-01 -2.9050e-02 2.3959e-01 -1.0054e-01 -1.8024e-01 -1.0158e-01 -9.1734e-02 -5.7841e-02 -3.5668e-02 -6.2228e-02 -1.4469e-01 -1.4469e-01 -1.4664e-01 -8.6669e-02 -6.2228e-02 -8.5512e-02 -6.0928e-02 -1.4024e-01 -8.5512e-02 -1.8337e-01 -1.1069e-01 1.9086e-01 1.1069e-01 1.7290e-01 1.1121e-01 1.5896e-01 1.1739e-01 1.6099e-01 1.4011e-01 -7.0154e-02 1.7079e-01 1.6659e-01 1.7079e-01 1.7177e-01 2.0529e-01 -1.0161e-01 -3.6857e-02 -1.2305e-01 -4.4810e-02 3.2648e-02 -2.3823e-02 -2.2405e-02 -3.2999e-03
-1.4248e-02 2.9569e-02 3.0053e-03 3.4273e-02 -7.6263e-02 2.0680e-02 -1.8711e-02 -2.4771e-02 -2.3255e-02 -2.3255e-02 -2.3255e-02 -6.8143e-02 -1.0840e-01 1.7226e-01 -2.2066e-01 1.0000e+00 -7.5601e-01 -6.5040e-01 3.4760e-01 3.4508e-01 -9.8897e-02 3.4005e-01 -9.2339e-02 1.1086e-01 -4.1743e-01 -8.4048e-02 5.1658e-01 -1.0144e-01 -1.0982e-01 1.1155e-01 9.3570e-02 -1.3141e-01 -9.9890e-02 -9.9890e-02 -1.0850e-01 -1.1161e-01 -1.1945e-01 -1.1406e-01 -1.2179e-01 -1.1746e-01 -1.1406e-01 -1.9612e-01 -2.0138e-01 1.9612e-01 2.0138e-01 1.5842e-01 2.0285e-01 1.5557e-01 2.0179e-01 1.5295e-01 8.2167e-02 -9.7257e-02 1.3423e-01 1.4372e-01 1.3423e-01 1.3722e-01 1.6557e-01 1.5531e-01 8.4597e-02 1.4566e-01 -5.8452e-02 5.9018e-02 -1.2568e-02 -5.5252e-02 2.7378e-02
3.3757e-02 -6.4588e-03 -1.8241e-02 -5.4567e-02 1.6460e-02 -3.5374e-02 8.9198e-03 1.5146e-02 1.3589e-02 1.3589e-02 1.3589e-02 8.7106e-04 6.7414e-02 -8.8111e-02 2.1918e-01 -7.5601e-01 1.0000e+00 8.8687e-01 -4.7399e-01 -4.7160e-01 2.3135e-01 -4.6158e-01 2.2484e-01 -1.0742e-01 5.2333e-01 2.0518e-01 -6.4223e-01 1.5601e-01 1.3174e-01 -2.0116e-01 -8.9642e-02 1.5896e-01 1.1692e-01 1.1692e-01 9.1373e-02 1.2707e-01 1.3522e-01 1.2321e-01 1.3151e-01 9.6124e-02 1.2321e-01 1.6486e-01 2.0154e-01 -1.6898e-01 -2.0154e-01 -1.2944e-01 -2.0306e-01 -1.5775e-01 -2.0732e-01 -1.5960e-01 -1.2542e-01 6.6005e-02 -1.6119e-01 -1.5521e-01 -1.4826e-01 -1.5133e-01 -1.5921e-01 -1.8819e-01 -8.0622e-02 -1.8123e-01 1.0356e-01 -5.5560e-02 1.0611e-02 3.2802e-02 -9.2603e-03
3.8678e-02 5.1422e-03 -1.5291e-02 -4.9356e-02 7.1517e-03 -3.3082e-02 1.1187e-02 1.8176e-02 1.6428e-02 1.6428e-02 1.6428e-02 1.0905e-02 8.1978e-02 -7.1527e-02 2.3210e-01 -6.5040e-01 8.8687e-01 1.0000e+00 -5.9340e-01 -5.9133e-01 2.5982e-01 -5.7930e-01 2.5345e-01 -9.3896e-02 4.7028e-01 2.3329e-01 -5.5819e-01 1.7920e-01 1.2626e-01 -2.0749e-01 -7.3932e-02 1.9474e-01 1.0228e-01 1.0228e-01 7.3688e-02 1.4844e-01 1.5988e-01 1.4414e-01 1.5577e-01 7.9086e-02 1.4414e-01 1.6852e-01 2.4944e-01 -1.7256e-01 -2.4944e-01 -1.2621e-01 -2.5112e-01 -1.8162e-01 -2.5755e-01 -1.8429e-01 -1.5371e-01 9.7158e-02 -2.0531e-01 -1.7824e-01 -1.9265e-01 -1.9605e-01 -1.7084e-01 -2.0912e-01 -6.4643e-02 -2.2875e-01 1.0512e-01 -7.7042e-02 2.4042e-02 3.7152e-02 -1.2696e-02
-2.2504e-02 2.3976e-02 3.6659e-02 -7.8306e-02 8.1339e-05 -8.5732e-02 -1.1122e-01 -1.0961e-01 -1.1204e-01 -1.1204e-01 -1.1204e-01 -4.4970e-03 -8.7114e-02 9.7726e-02 -2.2134e-01 3.4760e-01 -4.7399e-01 -5.9340e-01 1.0000e+00 9.9793e-01 -2.8876e-01 9.7738e-01 -2.8876e-01 1.2282e-01 -6.3842e-01 -2.5670e-01 5.5603e-01 -1.7530e-01 -9.6858e-02 2.3965e-01 1.5080e-01 -1.7375e-01 -1.9696e-02 -1.9696e-02 -6.3555e-03 -1.3504e-01 -1.4435e-01 -1.3103e-01 -1.4050e-01 -1.1515e-02 -1.3103e-01 -1.3003e-01 -2.6070e-01 1.3003e-01 2.6070e-01 8.3546e-02 2.5759e-01 1.4508e-01 2.6208e-01 1.5147e-01 1.3020e-01 -9.2342e-02 1.7628e-01 1.3137e-01 1.5919e-01 1.6239e-01 1.2434e-01 1.3390e-01 1.3961e-01 1.6588e-01 -1.0716e-01 -5.7407e-02 -1.4158e-02 -3.8980e-02 5.6239e-03
-2.6171e-02 2.4591e-02 3.7263e-02 -7.6707e-02 2.8481e-04 -8.4049e-02 -1.0919e-01 -1.0757e-01 -1.1000e-01 -1.1000e-01 -1.1000e-01 -4.3171e-03 -8.6861e-02 9.8033e-02 -2.2085e-01 3.4508e-01 -4.7160e-01 -5.9133e-01 9.9793e-01 1.0000e+00 -2.8816e-01 9.7947e-01 -2.8816e-01 1.2308e-01 -6.4047e-01 -2.5610e-01 5.5769e-01 -1.7466e-01 -9.6039e-02 2.4107e-01 1.5112e-01 -1.7301e-01 -1.8352e-02 -1.8352e-02 -4.9429e-03 -1.3433e-01 -1.4359e-01 -1.3033e-01 -1.3975e-01 -1.0095e-02 -1.3033e-01 -1.3236e-01 -2.6427e-01 1.3236e-01 2.6427e-01 8.6023e-02 2.6114e-01 1.4781e-01 2.6553e-01 1.5418e-01 1.3364e-01 -9.1792e-02 1.7916e-01 1.3401e-01 1.6206e-01 1.6525e-01 1.2668e-01 1.3577e-01 1.3992e-01 1.6786e-01 -1.0661e-01 -5.7199e-02 -1.3379e-02 -3.8672e-02 6.5900e-03
4.1810e-02 2.4105e-01 2.0462e-01 6.4869e-02 1.2381e-01 5.2808e-02 3.0190e-02 2.7380e-02 2.8082e-02 2.8082e-02 2.8082e-02 1.1063e-01 -5.0410e-02 5.1670e-02 -1.0262e-01 -9.8897e-02 2.3135e-01 2.5982e-01 -2.8876e-01 -2.8816e-01 1.0000e+00 -2.8653e-01 9.5981e-01 -3.5466e-02 2.9169e-01 8.4708e-01 -2.0868e-01 7.1650e-01 4.6612e-01 -9.1203e-02 -4.3546e-02 4.5355e-01 2.7127e-01 2.7127e-01 2.7196e-01 4.5107e-01 4.1692e-01 4.3706e-01 4.0309e-01 2.6237e-01 4.3706e-01 1.6835e-01 2.3358e-01 -1.7471e-01 -2.3358e-01 -1.5585e-01 -2.3248e-01 -1.6996e-01 -2.1249e-01 -1.5358e-01 5.4563e-02 4.2914e-01 -2.0277e-01 -1.6425e-01 -1.8282e-01 -1.8109e-01 -1.9455e-01 -1.1867e-01 -1.9736e-02 -9.1437e-02 1.3917e-01 -4.0498e-02 8.8415e-02 2.4700e-02 -3.7496e-02
-2.0768e-02 2.7085e-02 4.0017e-02 -8.1189e-02 -1.3383e-03 -8.5174e-02 -1.1729e-01 -1.1580e-01 -1.1820e-01 -1.1820e-01 -1.1820e-01 -5.7527e-03 -7.4390e-02 9.5595e-02 -2.2483e-01 3.4005e-01 -4.6158e-01 -5.7930e-01 9.7738e-01 9.7947e-01 -2.8653e-01 1.0000e+00 -2.9296e-01 1.2106e-01 -6.5685e-01 -2.2821e-01 5.6171e-01 -1.7329e-01 -9.6951e-02 2.3865e-01 1.4864e-01 -1.7307e-01 -2.4686e-02 -2.4686e-02 -3.2718e-03 -1.2159e-01 -1.3202e-01 -1.1742e-01 -1.2803e-01 9.4118e-05 -1.1742e-01 -1.3413e-01 -2.5439e-01 1.3006e-01 2.5439e-01 8.2735e-02 2.5132e-01 1.4286e-01 2.5170e-01 1.4935e-01 1.3374e-01 -8.1056e-02 1.7327e-01 1.2963e-01 1.5622e-01 1.5947e-01 1.2436e-01 1.2496e-01 1.3742e-01 1.6024e-01 -1.1105e-01 -5.8868e-02 -1.9600e-02 -4.1132e-02 -1.1164e-03
4.1810e-02 2.1796e-01 1.8099e-01 5.8397e-02 9.1958e-02 4.6400e-02 1.7546e-02 1.4733e-02 1.5437e-02 1.5437e-02 1.5437e-02 7.5051e-02 -5.0410e-02 5.1670e-02 -1.0262e-01 -9.2339e-02 2.2484e-01 2.5345e-01 -2.8876e-01 -2.8816e-01 9.5981e-01 -2.9296e-01 1.0000e+00 -3.5466e-02 2.9807e-01 8.6750e-01 -2.1540e-01 7.3676e-01 4.4852e-01 -7.0439e-02 -4.3546e-02 4.3524e-01 2.5757e-01 2.5757e-01 2.5849e-01 4.3191e-01 3.9860e-01 4.1777e-01 3.8466e-01 2.4892e-01 4.1777e-01 1.5562e-01 2.1911e-01 -1.6198e-01 -2.1911e-01 -1.4300e-01 -2.1803e-01 -1.5685e-01 -1.9824e-01 -1.4049e-01 5.4563e-02 4.0551e-01 -1.8947e-01 -1.5124e-01 -1.6951e-01 -1.6780e-01 -1.8182e-01 -1.0594e-01 -1.9736e-02 -8.5103e-02 1.3917e-01 -4.0498e-02 7.9024e-02 2.4700e-02 -3.7496e-02
-8.4026e-03 -2.9850e-02 -2.9050e-02 -6.0047e-02 -1.0040e-02 -6.4511e-02 -6.2327e-02 -6.3137e-02 -6.2934e-02 -6.2934e-02 -6.2934e-02 -8.9712e-03 -1.4271e-02 6.8652e-01 -2.9050e-02 1.1086e-01 -1.0742e-01 -9.3896e-02 1.2282e-01 1.2308e-01 -3.5466e-02 1.2106e-01 -3.5466e-02 1.0000e+00 -1.1411e-01 -3.4749e-02 -7.0483e-02 -3.5109e-02 2.0869e-01 -6.5007e-02 -1.2328e-02 -4.0121e-02 1.2877e-01 1.0705e-01 1.0102e-01 -7.3674e-03 -1.1084e-02 -6.8106e-03 -1.0571e-02 1.0015e-01 -6.8106e-03 7.2156e-02 -3.5902e-02 -7.2156e-02 3.5902e-02 -7.9793e-02 3.6084e-02 -9.0069e-02 3.8257e-02 -8.9042e-02 -9.8966e-02 8.4170e-03 -9.6202e-02 -6.5649e-02 -7.5108e-02 -7.4587e-02 -5.2194e-02 -2.8912e-02 -1.2738e-02 -3.3774e-02 -2.9651e-02 -1.1465e-02 -3.8771e-02 -1.5996e-02 3.0030e-02
5.2852e-02 -1.6840e-02 -2.2788e-02 3.6860e-02 2.7361e-02 3.1966e-02 1.0744e-01 1.1044e-01 1.1270e-01 1.1270e-01 1.1270e-01 1.0905e-02 8.1978e-02 -8.7082e-02 2.3959e-01 -4.1743e-01 5.2333e-01 4.7028e-01 -6.3842e-01 -6.4047e-01 2.9169e-01 -6.5685e-01 2.9807e-01 -1.1411e-01 1.0000e+00 2.7215e-01 -7.6269e-01 2.2417e-01 1.4300e-01 -2.8653e-01 -1.4010e-01 2.4122e-01 1.1967e-01 1.1967e-01 9.0782e-02 1.8491e-01 2.0055e-01 1.8086e-01 1.9669e-01 8.7614e-02 1.8086e-01 1.8063e-01 2.6321e-01 -1.7660e-01 -2.6321e-01 -1.1805e-01 -2.6029e-01 -1.5666e-01 -2.4399e-01 -1.4694e-01 -9.0071e-02 1.3464e-01 -1.6310e-01 -1.3284e-01 -1.4622e-01 -1.4969e-01 -1.4662e-01 -1.6876e-01 -1.2874e-01 -1.8857e-01 1.6407e-01 8.2724e-02 3.5957e-02 2.4273e-02 -3.8572e-02
2.6912e-02 2.3702e-01 1.9963e-01 7.6239e-02 9.4724e-02 7.7554e-02 3.7380e-02 3.4629e-02 3.5316e-02 3.5316e-02 3.5316e-02 7.7408e-02 -4.9391e-02 5.4184e-02 -1.0054e-01 -8.4048e-02 2.0518e-01 2.3329e-01 -2.5670e-01 -2.5610e-01 8.4708e-01 -2.2821e-01 8.6750e-01 -3.4749e-02 2.7215e-01 1.0000e+00 -2.2347e-01 8.0455e-01 4.7906e-01 -6.3239e-02 -4.2666e-02 4.8460e-01 2.9115e-01 2.9115e-01 2.8529e-01 4.7290e-01 4.3807e-01 4.5869e-01 4.2403e-01 2.8926e-01 4.5869e-01 1.3724e-01 2.0812e-01 -1.5017e-01 -2.0812e-01 -1.2331e-01 -2.0707e-01 -1.4915e-01 -1.8751e-01 -1.3267e-01 9.8706e-02 4.6378e-01 -1.8154e-01 -1.4393e-01 -1.6802e-01 -1.6634e-01 -1.7030e-01 -1.1558e-01 -1.8421e-02 -1.0016e-01 1.4521e-01 -3.9680e-02 7.5724e-02 2.7148e-02 -4.8579e-02
7.7140e-03 4.5216e-02 4.8820e-02 -3.2464e-03 -6.6038e-03 -2.5811e-02 -5.9757e-02 -6.5366e-02 -6.3963e-02 -6.3963e-02 -6.3963e-02 8.3688e-03 -5.4784e-02 -4.3057e-02 -1.8024e-01 5.1658e-01 -6.4223e-01 -5.5819e-01 5.5603e-01 5.5769e-01 -2.0868e-01 5.6171e-01 -2.1540e-01 -7.0483e-02 -7.6269e-01 -2.2347e-01 1.0000e+00 -1.6524e-01 -1.6262e-01 3.9953e-01 1.7490e-01 -1.6534e-01 -1.0661e-01 -1.0204e-01 -6.7107e-02 -1.2408e-01 -1.3474e-01 -1.2068e-01 -1.3148e-01 -7.1412e-02 -1.2068e-01 -1.2037e-01 -1.6641e-01 1.1612e-01 1.6641e-01 7.3254e-02 1.6780e-01 1.1898e-01 1.7477e-01 1.2887e-01 6.7294e-02 -1.0915e-01 1.2243e-01 1.1788e-01 1.1353e-01 1.1632e-01 1.0623e-01 9.5111e-02 1.6384e-01 9.3524e-02 -9.9466e-02 -8.0484e-02 1.0276e-02 -1.7306e-02 4.2326e-02
5.3184e-02 2.0994e-01 1.7236e-01 7.0505e-02 1.2543e-01 6.5079e-02 3.6941e-02 3.4161e-02 3.4855e-02 3.4855e-02 3.4855e-02 1.1208e-01 -2.7083e-02 5.2914e-02 -1.0158e-01 -1.0144e-01 1.5601e-01 1.7920e-01 -1.7530e-01 -1.7466e-01 7.1650e-01 -1.7329e-01 7.3676e-01 -3.5109e-02 2.2417e-01 8.0455e-01 -1.6524e-01 1.0000e+00 5.6121e-01 -7.3840e-02 -4.3107e-02 5.9815e-01 3.4671e-01 3.4671e-01 3.3287e-01 5.6326e-01 5.2431e-01 5.4986e-01 5.1097e-01 3.2311e-01 5.4986e-01 1.7535e-01 2.5377e-01 -1.8177e-01 -2.5377e-01 -1.4942e-01 -2.5265e-01 -1.6955e-01 -2.3240e-01 -1.4650e-01 1.4507e-01 5.4158e-01 -1.7547e-01 -1.5744e-01 -1.6205e-01 -1.6037e-01 -2.0176e-01 -1.3316e-01 -1.9083e-02 -1.0533e-01 1.3045e-01 -4.0090e-02 1.1051e-01 5.4510e-03 -5.9436e-02
4.5368e-02 1.5710e-01 1.2562e-01 7.3266e-02 9.7077e-02 1.0734e-01 7.1030e-02 6.7675e-02 6.8513e-02 6.8513e-02 6.8513e-02 8.6742e-02 -4.0488e-02 2.0219e-01 -9.1734e-02 -1.0982e-01 1.3174e-01 1.2626e-01 -9.6858e-02 -9.6039e-02 4.6612e-01 -9.6951e-02 4.4852e-01 2.0869e-01 1.4300e-01 4.7906e-01 -1.6262e-01 5.6121e-01 1.0000e+00 -2.6870e-01 -5.2105e-02 8.0906e-01 6.1807e-01 6.1207e-01 5.8393e-01 7.8031e-01 7.2884e-01 7.7141e-01 7.1961e-01 5.6812e-01 7.7141e-01 3.9750e-01 3.9150e-01 -3.9192e-01 -3.9150e-01 -3.6880e-01 -3.9004e-01 -3.8988e-01 -3.6678e-01 -3.6833e-01 -3.4190e-03 5.8104e-01 -3.3436e-01 -3.4529e-01 -3.1105e-01 -3.0885e-01 -3.5942e-01 -2.7766e-01 -5.3841e-02 -2.0877e-01 6.7967e-02 -4.8458e-02 9.9330e-02 3.5175e-03 -9.7307e-04
-4.2092e-02 5.6472e-03 1.5423e-02 -2.2326e-02 -4.3062e-02 -3.7143e-02 -5.3388e-02 -5.4205e-02 -5.2911e-02 -5.2911e-02 -5.2911e-02 -5.8086e-02 -6.1207e-02 -5.1277e-02 -5.7841e-02 1.1155e-01 -2.0116e-01 -2.0749e-01 2.3965e-01 2.4107e-01 -9.1203e-02 2.3865e-01 -7.0439e-02 -6.5007e-02 -2.8653e-01 -6.3239e-02 3.9953e-01 -7.3840e-02 -2.6870e-01 1.0000e+00 -7.9818e-02 -2.5977e-01 -3.7062e-01 -3.6590e-01 -3.2233e-01 -1.9158e-01 -2.0930e-01 -1.8897e-01 -2.0682e-01 -3.1644e-01 -1.8897e-01 -3.6303e-01 -2.5638e-01 3.5426e-01 2.5638e-01 3.1333e-01 2.5753e-01 3.5374e-01 2.6144e-01 3.5829e-01 2.8037e-01 -1.2297e-01 3.2766e-01 3.4843e-01 3.1850e-01 3.2077e-01 3.2674e-01 4.4212e-01 -6.5075e-02 4.1221e-01 -7.1964e-02 -3.5679e-02 -1.8146e-02 -5.6719e-03 1.7976e-02
8.6321e-02 -3.6650e-02 -3.5668e-02 -6.5329e-02 -1.2328e-02 -7.0892e-02 -7.6526e-02 -7.7521e-02 -7.7272e-02 -7.7272e-02 -7.7272e-02 -1.1015e-02 -1.7522e-02 -1.6130e-02 -3.5668e-02 9.3570e-02 -8.9642e-02 -7.3932e-02 1.5080e-01 1.5112e-01 -4.3546e-02 1.4864e-01 -4.3546e-02 -1.2328e-02 -1.4010e-01 -4.2666e-02 1.7490e-01 -4.3107e-02 -5.2105e-02 -7.9818e-02 1.0000e+00 -4.9261e-02 1.8478e-01 1.8478e-01 1.7648e-01 -4.6342e-02 -4.9261e-02 -4.5918e-02 -4.8849e-02 1.7530e-01 -4.5918e-02 1.3814e-01 -7.2255e-02 -1.3814e-01 7.2255e-02 -1.4803e-01 7.2443e-02 -1.6165e-01 7.4705e-02 -1.6027e-01 -2.0520e-01 -3.5668e-02 -1.6992e-01 -1.5658e-01 -1.6992e-01 -1.6917e-01 -1.3842e-01 -1.0979e-01 9.6776e-01 -1.1544e-01 -3.6407e-02 -1.4077e-02 -4.7604e-02 -1.9640e-02 -1.6058e-02
4.2449e-02 1.4391e-01 1.1011e-01 1.2047e-01 1.0506e-01 1.3416e-01 1.1514e-01 1.1198e-01 1.1277e-01 1.1277e-01 1.1277e-01 9.3878e-02 -3.6390e-02 3.6900e-02 -6.2228e-02 -1.3141e-01 1.5896e-01 1.9474e-01 -1.7375e-01 -1.7301e-01 4.5355e-01 -1.7307e-01 4.3524e-01 -4.0121e-02 2.4122e-01 4.8460e-01 -1.6534e-01 5.9815e-01 8.0906e-01 -2.5977e-01 -4.9261e-02 1.0000e+00 5.9512e-01 5.9512e-01 5.6209e-01 8.3595e-01 8.9983e-01 8.2661e-01 8.9085e-01 5.4600e-01 8.2661e-01 3.8577e-01 5.2345e-01 -3.7997e-01 -5.2345e-01 -3.5284e-01 -5.2188e-01 -3.8861e-01 -4.9708e-01 -3.6655e-01 5.0643e-02 6.0558e-01 -3.0438e-01 -3.4950e-01 -2.8012e-01 -2.8412e-01 -2.7644e-01 -1.8917e-01 -5.0903e-02 -1.6787e-01 8.2664e-02 -4.5814e-02 1.0185e-01 1.0098e-02 -4.1761e-03
5.1811e-02 1.0878e-01 8.8965e-02 2.9694e-03 1.0705e-01 6.1147e-02 2.2076e-02 2.1095e-02 2.2418e-02 2.2418e-02 2.2418e-02 1.1021e-01 1.3672e-01 1.1332e-01 -1.4469e-01 -9.9890e-02 1.1692e-01 1.0228e-01 -1.9696e-02 -1.8352e-02 2.7127e-01 -2.4686e-02 2.5757e-01 1.2877e-01 1.1967e-01 2.9115e-01 -1.0661e-01 3.4671e-01 6.1807e-01 -3.7062e-01 1.8478e-01 5.9512e-01 1.0000e+00 9.9533e-01 9.4134e-01 5.0040e-01 5.3892e-01 4.9477e-01 5.3351e-01 9.2578e-01 4.9477e-01 6.9119e-01 2.5044e-01 -6.8251e-01 -2.5044e-01 -5.7757e-01 -2.4861e-01 -5.1266e-01 -2.2226e-01 -4.8818e-01 -2.1154e-01 3.5485e-01 -4.0247e-01 -4.7926e-01 -3.9340e-01 -3.9461e-01 -5.7118e-01 -4.2504e-01 1.7371e-01 -3.6132e-01 1.3558e-01 -3.8025e-02 6.2506e-02 4.5970e-02 -4.5835e-03
4.6734e-02 1.0878e-01 8.8965e-02 2.9694e-03 1.0705e-01 6.1147e-02 2.2076e-02 2.1095e-02 2.2418e-02 2.2418e-02 2.2418e-02 1.1021e-01 1.3672e-01 9.6601e-02 -1.4469e-01 -9.9890e-02 1.1692e-01 1.0228e-01 -1.9696e-02 -1.8352e-02 2.7127e-01 -2.4686e-02 2.5757e-01 1.0705e-01 1.1967e-01 2.9115e-01 -1.0204e-01 3.4671e-01 6.1207e-01 -3.6590e-01 1.8478e-01 5.9512e-01 9.9533e-01 1.0000e+00 9.4594e-01 5.0040e-01 5.3892e-01 4.9477e-01 5.3351e-01 9.3036e-01 4.9477e-01 6.9553e-01 2.5044e-01 -6.8685e-01 -2.5044e-01 -5.8195e-01 -2.4861e-01 -5.1713e-01 -2.2226e-01 -4.9265e-01 -2.1154e-01 3.5485e-01 -4.0247e-01 -4.8370e-01 -3.9340e-01 -3.9461e-01 -5.7552e-01 -4.2938e-01 1.7371e-01 -3.6564e-01 1.3558e-01 -3.8025e-02 6.2506e-02 4.5970e-02 -1.0146e-02
3.2415e-02 1.0209e-01 8.3120e-02 -7.8067e-04 1.0102e-01 5.4328e-02 1.2303e-02 6.7599e-03 8.1459e-03 8.1459e-03 8.1459e-03 1.0458e-01 1.4358e-01 8.9436e-02 -1.4664e-01 -1.0850e-01 9.1373e-02 7.3688e-02 -6.3555e-03 -4.9429e-03 2.7196e-01 -3.2718e-03 2.5849e-01 1.0102e-01 9.0782e-02 2.8529e-01 -6.7107e-02 3.3287e-01 5.8393e-01 -3.2233e-01 1.7648e-01 5.6209e-01 9.4134e-01 9.4594e-01 1.0000e+00 5.4034e-01 5.7437e-01 5.3539e-01 5.6957e-01 9.8425e-01 5.3539e-01 7.4006e-01 2.6505e-01 -7.3152e-01 -2.6505e-01 -6.3186e-01 -2.6313e-01 -5.4221e-01 -2.3581e-01 -5.1771e-01 -2.4987e-01 3.3665e-01 -4.2753e-01 -5.0340e-01 -4.1861e-01 -4.1958e-01 -6.2214e-01 -4.6858e-01 1.6543e-01 -4.0355e-01 1.8308e-01 -4.2241e-02 7.6547e-02 5.2051e-02 -8.2151e-03
5.3624e-02 1.6312e-01 1.2742e-01 9.8235e-02 1.1414e-01 1.0274e-01 7.3142e-02 7.0160e-02 7.0905e-02 7.0905e-02 7.0905e-02 1.0198e-01 -3.2059e-02 6.7512e-02 -8.6669e-02 -1.1161e-01 1.2707e-01 1.4844e-01 -1.3504e-01 -1.3433e-01 4.5107e-01 -1.2159e-01 4.3191e-01 -7.3674e-03 1.8491e-01 4.7290e-01 -1.2408e-01 5.6326e-01 7.8031e-01 -1.9158e-01 -4.6342e-02 8.3595e-01 5.0040e-01 5.0040e-01 5.4034e-01 1.0000e+00 9.4074e-01 9.9084e-01 9.3110e-01 5.2388e-01 9.9084e-01 3.6832e-01 5.4476e-01 -3.6226e-01 -5.4476e-01 -3.9191e-01 -5.4321e-01 -4.1987e-01 -5.1845e-01 -3.9712e-01 -3.3811e-02 6.5700e-01 -4.1239e-01 -3.8015e-01 -3.8702e-01 -3.9125e-01 -3.3275e-01 -2.5123e-01 -4.7886e-02 -2.2661e-01 -7.1558e-04 -4.3099e-02 8.7056e-02 3.6656e-02 1.0052e-04
3.5661e-02 1.4391e-01 1.1011e-01 1.0867e-01 1.0506e-01 1.2832e-01 1.0937e-01 1.0621e-01 1.0700e-01 1.0700e-01 1.0700e-01 9.3878e-02 -3.6390e-02 5.9249e-02 -6.2228e-02 -1.1945e-01 1.3522e-01 1.5988e-01 -1.4435e-01 -1.4359e-01 4.1692e-01 -1.3202e-01 3.9860e-01 -1.1084e-02 2.0055e-01 4.3807e-01 -1.3474e-01 5.2431e-01 7.2884e-01 -2.0930e-01 -4.9261e-02 8.9983e-01 5.3892e-01 5.3892e-01 5.7437e-01 9.4074e-01 1.0000e+00 9.3213e-01 9.9164e-01 5.5825e-01 9.3213e-01 3.9737e-01 5.8942e-01 -3.9157e-01 -5.8942e-01 -4.2316e-01 -5.8776e-01 -4.5436e-01 -5.6202e-01 -4.3215e-01 -1.4674e-02 6.1635e-01 -3.7108e-01 -4.1473e-01 -3.4683e-01 -3.5074e-01 -2.8804e-01 -2.0077e-01 -5.0903e-02 -1.7941e-01 -1.2618e-02 -4.5814e-02 9.3294e-02 2.8603e-02 3.2596e-03
5.7366e-02 1.5497e-01 1.1872e-01 9.1370e-02 1.1554e-01 9.6284e-02 6.7713e-02 6.4758e-02 6.5496e-02 6.5496e-02 6.5496e-02 1.0324e-01 -3.1418e-02 6.8777e-02 -8.5512e-02 -1.1406e-01 1.2321e-01 1.4414e-01 -1.3103e-01 -1.3033e-01 4.3706e-01 -1.1742e-01 4.1777e-01 -6.8106e-03 1.8086e-01 4.5869e-01 -1.2068e-01 5.4986e-01 7.7141e-01 -1.8897e-01 -4.5918e-02 8.2661e-01 4.9477e-01 4.9477e-01 5.3539e-01 9.9084e-01 9.3213e-01 1.0000e+00 9.3999e-01 5.3178e-01 1.0000e+00 3.6407e-01 5.3821e-01 -3.5796e-01 -5.3821e-01 -3.8734e-01 -5.3669e-01 -4.1482e-01 -5.1206e-01 -3.9197e-01 -3.7684e-02 6.4063e-01 -4.0688e-01 -3.7507e-01 -3.8133e-01 -3.8563e-01 -3.2824e-01 -2.4756e-01 -4.7448e-02 -2.2249e-01 1.0753e-03 -4.2704e-02 8.0994e-02 3.7880e-02 2.9820e-03
3.9097e-02 1.3593e-01 1.0163e-01 1.0213e-01 1.0629e-01 1.2226e-01 1.0437e-01 1.0123e-01 1.0202e-01 1.0202e-01 1.0202e-01 9.4971e-02 -3.5787e-02 6.0371e-02 -6.0928e-02 -1.2179e-01 1.3151e-01 1.5577e-01 -1.4050e-01 -1.3975e-01 4.0309e-01 -1.2803e-01 3.8466e-01 -1.0571e-02 1.9669e-01 4.2403e-01 -1.3148e-01 5.1097e-01 7.1961e-01 -2.0682e-01 -4.8849e-02 8.9085e-01 5.3351e-01 5.3351e-01 5.6957e-01 9.3110e-01 9.9164e-01 9.3999e-01 1.0000e+00 5.6573e-01 9.3999e-01 3.9329e-01 5.8315e-01 -3.8746e-01 -5.8315e-01 -4.1878e-01 -5.8151e-01 -4.4952e-01 -5.5591e-01 -4.2724e-01 -1.8238e-02 6.0012e-01 -3.6535e-01 -4.0988e-01 -3.4094e-01 -3.4491e-01 -2.8328e-01 -1.9682e-01 -5.0477e-02 -1.7507e-01 -1.0980e-02 -4.5430e-02 8.7495e-02 2.9703e-02 6.0311e-03
2.8820e-02 9.2236e-02 7.3184e-02 -5.8780e-03 1.0015e-01 5.7406e-02 1.0022e-02 4.4401e-03 5.8357e-03 5.8357e-03 5.8357e-03 1.0377e-01 1.4235e-01 8.8397e-02 -1.4024e-01 -1.1746e-01 9.6124e-02 7.9086e-02 -1.1515e-02 -1.0095e-02 2.6237e-01 9.4118e-05 2.4892e-01 1.0015e-01 8.7614e-02 2.8926e-01 -7.1412e-02 3.2311e-01 5.6812e-01 -3.1644e-01 1.7530e-01 5.4600e-01 9.2578e-01 9.3036e-01 9.8425e-01 5.2388e-01 5.5825e-01 5.3178e-01 5.6573e-01 1.0000e+00 5.3178e-01 7.3269e-01 2.5587e-01 -7.2418e-01 -2.5587e-01 -6.2513e-01 -2.5395e-01 -5.3174e-01 -2.2665e-01 -5.0727e-01 -2.4549e-01 3.2613e-01 -4.1750e-01 -4.9290e-01 -4.0860e-01 -4.0955e-01 -6.1081e-01 -4.7315e-01 1.6424e-01 -4.0857e-01 1.8078e-01 -4.2868e-02 6.7635e-02 5.0918e-02 -5.7498e-03
5.7366e-02 1.5497e-01 1.1872e-01 9.1370e-02 1.1554e-01 9.6284e-02 6.7713e-02 6.4758e-02 6.5496e-02 6.5496e-02 6.5496e-02 1.0324e-01 -3.1418e-02 6.8777e-02 -8.5512e-02 -1.1406e-01 1.2321e-01 1.4414e-01 -1.3103e-01 -1.3033e-01 4.3706e-01 -1.1742e-01 4.1777e-01 -6.8106e-03 1.8086e-01 4.5869e-01 -1.2068e-01 5.4986e-01 7.7141e-01 -1.8897e-01 -4.5918e-02 8.2661e-01 4.9477e-01 4.9477e-01 5.3539e-01 9.9084e-01 9.3213e-01 1.0000e+00 9.3999e-01 5.3178e-01 1.0000e+00 3.6407e-01 5.3821e-01 -3.5796e-01 -5.3821e-01 -3.8734e-01 -5.3669e-01 -4.1482e-01 -5.1206e-01 -3.9197e-01 -3.7684e-02 6.4063e-01 -4.0688e-01 -3.7507e-01 -3.8133e-01 -3.8563e-01 -3.2824e-01 -2.4756e-01 -4.7448e-02 -2.2249e-01 1.0753e-03 -4.2704e-02 8.0994e-02 3.7880e-02 2.9820e-03
1.4922e-02 9.3098e-02 7.8556e-02 4.2105e-02 9.2330e-02 7.7982e-02 6.2596e-02 6.3533e-02 6.5300e-02 6.5300e-02 6.5300e-02 1.0053e-01 1.0256e-01 5.4039e-02 -1.8337e-01 -1.9612e-01 1.6486e-01 1.6852e-01 -1.3003e-01 -1.3236e-01 1.6835e-01 -1.3413e-01 1.5562e-01 7.2156e-02 1.8063e-01 1.3724e-01 -1.2037e-01 1.7535e-01 3.9750e-01 -3.6303e-01 1.3814e-01 3.8577e-01 6.9119e-01 6.9553e-01 7.4006e-01 3.6832e-01 3.9737e-01 3.6407e-01 3.9329e-01 7.3269e-01 3.6407e-01 1.0000e+00 6.4567e-01 -9.8388e-01 -6.4567e-01 -9.0875e-01 -6.4283e-01 -8.2965e-01 -6.0508e-01 -8.0388e-01 -5.9602e-01 3.1055e-01 -7.3290e-01 -7.7921e-01 -7.1605e-01 -7.1556e-01 -8.6901e-01 -6.7396e-01 1.2674e-01 -6.1506e-01 2.2192e-01 -6.6463e-02 7.7624e-02 3.7816e-02 1.6357e-02
1.7265e-02 1.3286e-01 1.1062e-01 1.2445e-01 7.8829e-02 1.2134e-01 1.3287e-01 1.3734e-01 1.3850e-01 1.3850e-01 1.3850e-01 7.5561e-02 -6.7337e-02 1.1306e-02 -1.1069e-01 -2.0138e-01 2.0154e-01 2.4944e-01 -2.6070e-01 -2.6427e-01 2.3358e-01 -2.5439e-01 2.1911e-01 -3.5902e-02 2.6321e-01 2.0812e-01 -1.6641e-01 2.5377e-01 3.9150e-01 -2.5638e-01 -7.2255e-02 5.2345e-01 2.5044e-01 2.5044e-01 2.6505e-01 5.4476e-01 5.8942e-01 5.3821e-01 5.8315e-01 2.5587e-01 5.3821e-01 6.4567e-01 1.0000e+00 -6.5942e-01 -1.0000e+00 -7.0664e-01 -9.9740e-01 -7.7164e-01 -9.6207e-01 -7.5094e-01 -4.6857e-01 4.8513e-01 -7.1529e-01 -7.2403e-01 -6.8654e-01 -6.8793e-01 -5.6448e-01 -4.2790e-01 -7.4662e-02 -4.1419e-01 4.3727e-02 -6.7198e-02 7.7133e-02 8.6051e-03 4.4391e-02
-1.0206e-02 -9.3098e-02 -7.8556e-02 -5.0301e-02 -9.2330e-02 -8.2041e-02 -6.6600e-02 -6.7537e-02 -6.9305e-02 -6.9305e-02 -6.9305e-02 -1.0053e-01 -1.0256e-01 -5.4039e-02 1.9086e-01 1.9612e-01 -1.6898e-01 -1.7256e-01 1.3003e-01 1.3236e-01 -1.7471e-01 1.3006e-01 -1.6198e-01 -7.2156e-02 -1.7660e-01 -1.5017e-01 1.1612e-01 -1.8177e-01 -3.9192e-01 3.5426e-01 -1.3814e-01 -3.7997e-01 -6.8251e-01 -6.8685e-01 -7.3152e-01 -3.6226e-01 -3.9157e-01 -3.5796e-01 -3.8746e-01 -7.2418e-01 -3.5796e-01 -9.8388e-01 -6.5942e-01 1.0000e+00 6.5942e-01 9.2503e-01 6.5656e-01 8.4626e-01 6.1862e-01 8.2046e-01 6.0510e-01 -3.1803e-01 7.4554e-01 7.9569e-01 7.2869e-01 7.2818e-01 8.8110e-01 6.8202e-01 -1.2674e-01 6.2308e-01 -2.2928e-01 6.6463e-02 -8.3571e-02 -3.7816e-02 -1.1190e-02
-1.7265e-02 -1.3286e-01 -1.1062e-01 -1.2445e-01 -7.8829e-02 -1.2134e-01 -1.3287e-01 -1.3734e-01 -1.3850e-01 -1.3850e-01 -1.3850e-01 -7.5561e-02 6.7337e-02 -1.1306e-02 1.1069e-01 2.0138e-01 -2.0154e-01 -2.4944e-01 2.6070e-01 2.6427e-01 -2.3358e-01 2.5439e-01 -2.1911e-01 3.5902e-02 -2.6321e-01 -2.0812e-01 1.6641e-01 -2.5377e-01 -3.9150e-01 2.5638e-01 7.2255e-02 -5.2345e-01 -2.5044e-01 -2.5044e-01 -2.6505e-01 -5.4476e-01 -5.8942e-01 -5.3821e-01 -5.8315e-01 -2.5587e-01 -5.3821e-01 -6.4567e-01 -1.0000e+00 6.5942e-01 1.0000e+00 7.0664e-01 9.9740e-01 7.7164e-01 9.6207e-01 7.5094e-01 4.6857e-01 -4.8513e-01 7.1529e-01 7.2403e-01 6.8654e-01 6.8793e-01 5.6448e-01 4.2790e-01 7.4662e-02 4.1419e-01 -4.3727e-02 6.7198e-02 -7.7133e-02 -8.6051e-03 -4.4391e-02
8.7015e-03 -9.9765e-02 -8.4182e-02 -7.2977e-02 -1.0018e-01 -1.0829e-01 -1.0925e-01 -1.1075e-01 -1.1240e-01 -1.1240e-01 -1.1240e-01 -1.0773e-01 -1.2010e-02 -6.3614e-02 1.7290e-01 1.5842e-01 -1.2944e-01 -1.2621e-01 8.3546e-02 8.6023e-02 -1.5585e-01 8.2735e-02 -1.4300e-01 -7.9793e-02 -1.1805e-01 -1.2331e-01 7.3254e-02 -1.4942e-01 -3.6880e-01 3.1333e-01 -1.4803e-01 -3.5284e-01 -5.7757e-01 -5.8195e-01 -6.3186e-01 -3.9191e-01 -4.2316e-01 -3.8734e-01 -4.1878e-01 -6.2513e-01 -3.8734e-01 -9.0875e-01 -7.0664e-01 9.2503e-01 7.0664e-01 1.0000e+00 7.0848e-01 9.1576e-01 6.7590e-01 8.9012e-01 6.5718e-01 -3.4883e-01 8.1157e-01 8.6630e-01 7.9454e-01 7.9424e-01 8.1288e-01 6.2367e-01 -1.3680e-01 5.6098e-01 -8.8497e-02 5.9286e-02 -9.3015e-02 2.7762e-03 -1.7844e-02
-1.5982e-02 -1.3202e-01 -1.0982e-01 -1.2246e-01 -7.8501e-02 -1.1926e-01 -1.3038e-01 -1.3482e-01 -1.3599e-01 -1.3599e-01 -1.3599e-01 -7.5262e-02 6.7575e-02 -1.0993e-02 1.1121e-01 2.0285e-01 -2.0306e-01 -2.5112e-01 2.5759e-01 2.6114e-01 -2.3248e-01 2.5132e-01 -2.1803e-01 3.6084e-02 -2.6029e-01 -2.0707e-01 1.6780e-01 -2.5265e-01 -3.9004e-01 2.5753e-01 7.2443e-02 -5.2188e-01 -2.4861e-01 -2.4861e-01 -2.6313e-01 -5.4321e-01 -5.8776e-01 -5.3669e-01 -5.8151e-01 -2.5395e-01 -5.3669e-01 -6.4283e-01 -9.9740e-01 6.5656e-01 9.9740e-01 7.0848e-01 1.0000e+00 7.7365e-01 9.6460e-01 7.5295e-01 4.6662e-01 -4.9236e-01 7.1753e-01 7.2601e-01 6.8881e-01 6.9019e-01 5.6174e-01 4.2481e-01 7.4857e-02 4.1125e-01 -4.2999e-02 6.7373e-02 -7.6156e-02 -8.2313e-03 -4.3256e-02
-1.0054e-02 -1.0495e-01 -8.7842e-02 -7.6510e-02 -4.8486e-02 -1.0851e-01 -1.0507e-01 -1.0730e-01 -1.0880e-01 -1.0880e-01 -1.0880e-01 -4.7968e-02 -2.4588e-02 -7.6243e-02 1.5896e-01 1.5557e-01 -1.5775e-01 -1.8162e-01 1.4508e-01 1.4781e-01 -1.6996e-01 1.4286e-01 -1.5685e-01 -9.0069e-02 -1.5666e-01 -1.4915e-01 1.1898e-01 -1.6955e-01 -3.8988e-01 3.5374e-01 -1.6165e-01 -3.8861e-01 -5.1266e-01 -5.1713e-01 -5.4221e-01 -4.1987e-01 -4.5436e-01 -4.1482e-01 -4.4952e-01 -5.3174e-01 -4.1482e-01 -8.2965e-01 -7.7164e-01 8.4626e-01 7.7164e-01 9.1576e-01 7.7365e-01 1.0000e+00 7.4201e-01 9.7441e-01 7.1758e-01 -3.8092e-01 8.8618e-01 9.3045e-01 8.5144e-01 8.5144e-01 7.5660e-01 5.7958e-01 -1.5054e-01 5.1572e-01 -2.1928e-03 8.7084e-02 -8.5492e-02 2.2522e-03 -2.7378e-02
-1.1384e-02 -1.1391e-01 -9.2060e-02 -1.2661e-01 -7.4673e-02 -1.2203e-01 -1.3239e-01 -1.3656e-01 -1.3776e-01 -1.3776e-01 -1.3776e-01 -7.1768e-02 7.0429e-02 -7.3095e-03 1.1739e-01 2.0179e-01 -2.0732e-01 -2.5755e-01 2.6208e-01 2.6553e-01 -2.1249e-01 2.5170e-01 -1.9824e-01 3.8257e-02 -2.4399e-01 -1.8751e-01 1.7477e-01 -2.3240e-01 -3.6678e-01 2.6144e-01 7.4705e-02 -4.9708e-01 -2.2226e-01 -2.2226e-01 -2.3581e-01 -5.1845e-01 -5.6202e-01 -5.1206e-01 -5.5591e-01 -2.2665e-01 -5.1206e-01 -6.0508e-01 -9.6207e-01 6.1862e-01 9.6207e-01 6.7590e-01 9.6460e-01 7.4201e-01 1.0000e+00 7.6319e-01 4.8948e-01 -4.7745e-01 7.3015e-01 7.3591e-01 7.0185e-01 7.0306e-01 5.7034e-01 4.3365e-01 7.7194e-02 4.2155e-01 -3.4421e-02 2.9798e-02 -5.7994e-02 -1.8214e-02 -3.5651e-02
-5.4618e-03 -9.4743e-02 -7.7564e-02 -8.2363e-02 -4.7553e-02 -1.1382e-01 -1.0878e-01 -1.1093e-01 -1.1245e-01 -1.1245e-01 -1.1245e-01 -4.7124e-02 -2.3360e-02 -7.4993e-02 1.6099e-01 1.5295e-01 -1.5960e-01 -1.8429e-01 1.5147e-01 1.5418e-01 -1.5358e-01 1.4935e-01 -1.4049e-01 -8.9042e-02 -1.4694e-01 -1.3267e-01 1.2887e-01 -1.4650e-01 -3.6833e-01 3.5829e-01 -1.6027e-01 -3.6655e-01 -4.8818e-01 -4.9265e-01 -5.1771e-01 -3.9712e-01 -4.3215e-01 -3.9197e-01 -4.2724e-01 -5.0727e-01 -3.9197e-01 -8.0388e-01 -7.5094e-01 8.2046e-01 7.5094e-01 8.9012e-01 7.5295e-01 9.7441e-01 7.6319e-01 1.0000e+00 7.4837e-01 -3.7768e-01 9.1289e-01 9.5579e-01 8.7823e-01 8.7816e-01 7.7660e-01 5.9806e-01 -1.4916e-01 5.3466e-01 7.8117e-03 5.1387e-02 -6.9886e-02 3.5613e-03 -2.8721e-02
-2.8331e-02 5.6173e-03 -3.1668e-03 -1.1800e-02 3.7355e-02 -4.3252e-03 -2.7466e-02 -3.1722e-02 -3.2912e-02 -3.2912e-02 -3.2912e-02 2.8303e-02 -5.9933e-02 -2.6318e-02 1.4011e-01 8.2167e-02 -1.2542e-01 -1.5371e-01 1.3020e-01 1.3364e-01 5.4563e-02 1.3374e-01 5.4563e-02 -9.8966e-02 -9.0071e-02 9.8706e-02 6.7294e-02 1.4507e-01 -3.4190e-03 2.8037e-01 -2.0520e-01 5.0643e-02 -2.1154e-01 -2.1154e-01 -2.4987e-01 -3.3811e-02 -1.4674e-02 -3.7684e-02 -1.8238e-02 -2.4549e-01 -3.7684e-02 -5.9602e-01 -4.6857e-01 6.0510e-01 4.6857e-01 6.5718e-01 4.6662e-01 7.1758e-01 4.8948e-01 7.4837e-01 1.0000e+00 1.7382e-01 8.2331e-01 7.4913e-01 8.0433e-01 8.0073e-01 6.5183e-01 5.1237e-01 -1.9402e-01 5.3544e-01 -3.7960e-02 2.8686e-02 1.0971e-02 -5.6419e-03 -8.1940e-02
3.1744e-02 2.1249e-01 1.6611e-01 1.1701e-01 1.5828e-01 1.1634e-01 7.5449e-02 7.3158e-02 7.3731e-02 7.3731e-02 7.3731e-02 1.4143e-01 -4.1290e-02 1.0618e-01 -7.0154e-02 -9.7257e-02 6.6005e-02 9.7158e-02 -9.2342e-02 -9.1792e-02 4.2914e-01 -8.1056e-02 4.0551e-01 8.4170e-03 1.3464e-01 4.6378e-01 -1.0915e-01 5.4158e-01 5.8104e-01 -1.2297e-01 -3.5668e-02 6.0558e-01 3.5485e-01 3.5485e-01 3.3665e-01 6.5700e-01 6.1635e-01 6.4063e-01 6.0012e-01 3.2613e-01 6.4063e-01 3.1055e-01 4.8513e-01 -3.1803e-01 -4.8513e-01 -3.4883e-01 -4.9236e-01 -3.8092e-01 -4.7745e-01 -3.7768e-01 1.7382e-01 1.0000e+00 -4.0041e-01 -3.6898e-01 -3.7694e-01 -3.7521e-01 -3.1869e-01 -2.5125e-01 -3.6857e-02 -2.1243e-01 -4.4810e-02 -3.3172e-02 7.5575e-02 1.4715e-03 -6.0866e-02
-4.6782e-02 -1.1317e-01 -9.5250e-02 -7.7755e-02 -5.4014e-02 -7.0214e-02 -6.7887e-02 -7.0515e-02 -7.1951e-02 -7.1951e-02 -7.1951e-02 -5.2975e-02 -3.1800e-02 -8.3663e-02 1.7079e-01 1.3423e-01 -1.6119e-01 -2.0531e-01 1.7628e-01 1.7916e-01 -2.0277e-01 1.7327e-01 -1.8947e-01 -9.6202e-02 -1.6310e-01 -1.8154e-01 1.2243e-01 -1.7547e-01 -3.3436e-01 3.2766e-01 -1.6992e-01 -3.0438e-01 -4.0247e-01 -4.0247e-01 -4.2753e-01 -4.1239e-01 -3.7108e-01 -4.0688e-01 -3.6535e-01 -4.1750e-01 -4.0688e-01 -7.3290e-01 -7.1529e-01 7.4554e-01 7.1529e-01 8.1157e-01 7.1753e-01 8.8618e-01 7.3015e-01 9.1289e-01 8.2331e-01 -4.0041e-01 1.0000e+00 9.0858e-01 9.6035e-01 9.6042e-01 7.8931e-01 6.1667e-01 -1.5885e-01 6.1645e-01 -1.6467e-02 4.5787e-02 -3.6962e-02 -5.3984e-03 -3.9820e-02
