1.0000e+00 -3.5750e-01 9.7507e-02 -4.0842e-02 2.2681e-02 -1.2388e-02 -7.6665e-02 -1.2484e-02 -2.9411e-02 -4.2876e-02
-3.5750e-01 1.0000e+00 4.4553e-01 -7.2004e-02 -5.7706e-02 -3.5297e-02 -1.2824e-01 3.4921e-02 2.3180e-02 5.1063e-02
9.7507e-02 4.4553e-01 1.0000e+00 6.1595e-03 2.9180e-02 -1.9085e-02 -7.5389e-02 1.5558e-02 5.8998e-03 4.7415e-02
-4.0842e-02 -7.2004e-02 6.1595e-03 1.0000e+00 -1.2222e-02 -2.0795e-02 -9.6539e-02 -6.5169e-03 5.1507e-02 6.1961e-03
2.2681e-02 -5.7706e-02 2.9180e-02 -1.2222e-02 1.0000e+00 -1.1922e-02 1.0061e-01 -3.7361e-03 -8.8014e-03 1.9087e-01
-1.2388e-02 -3.5297e-02 -1.9085e-02 -2.0795e-02 -1.1922e-02 1.0000e+00 2.1541e-01 -6.3566e-03 -1.4975e-02 -1.7247e-02
-7.6665e-02 -1.2824e-01 -7.5389e-02 -9.6539e-02 1.0061e-01 2.1541e-01 1.0000e+00 -2.9509e-02 -2.7964e-02 -1.2112e-02
-1.2484e-02 3.4921e-02 1.5558e-02 -6.5169e-03 -3.7361e-03 -6.3566e-03 -2.9509e-02 1.0000e+00 -4.6928e-03 -1.3472e-02
-2.9411e-02 2.3180e-02 5.8998e-03 5.1507e-02 -8.8014e-03 -1.4975e-02 -2.7964e-02 -4.6928e-03 1.0000e+00 -3.1736e-02
-4.2876e-02 5.1063e-02 4.7415e-02 6.1961e-03 1.9087e-01 -1.7247e-02 -1.2112e-02 -1.3472e-02 -3.1736e-02 1.0000e+00
