1.0000e+00 1.8441e-01 -3.3646e-05 6.9958e-02 -5.8516e-03 4.4757e-02 -5.3625e-02 -2.0666e-02 -1.9775e-02 -1.0156e-02 -8.2837e-03 5.2496e-02 -9.2660e-03
1.8441e-01 1.0000e+00 3.4523e-02 2.3777e-02 -1.6812e-02 4.9740e-02 -4.0996e-02 -1.7661e-02 -1.4822e-02 -2.9177e-02 -2.3799e-02 4.6032e-02 -2.6622e-02
-3.3646e-05 3.4523e-02 1.0000e+00 -3.1070e-01 -2.8818e-02 -7.8863e-03 3.0175e-02 1.9004e-02 1.8457e-02 -2.1684e-02 -4.0796e-02 -3.8569e-02 -1.4615e-02
6.9958e-02 2.3777e-02 -3.1070e-01 1.0000e+00 -2.2233e-02 1.5272e-02 9.5509e-03 -1.0332e-02 -1.3046e-02 2.6109e-02 -3.1473e-02 4.5774e-03 2.1124e-04
-5.8516e-03 -1.6812e-02 -2.8818e-02 -2.2233e-02 1.0000e+00 1.5236e-02 1.8771e-02 3.7585e-02 3.8186e-02 -3.4572e-03 -2.8200e-03 1.7871e-02 -3.1544e-03
4.4757e-02 4.9740e-02 -7.8863e-03 1.5272e-02 1.5236e-02 1.0000e+00 -5.0685e-01 -2.1522e-01 -2.3644e-01 2.6443e-02 2.1569e-02 2.6844e-01 -6.8336e-02
-5.3625e-02 -4.0996e-02 3.0175e-02 9.5509e-03 1.8771e-02 -5.0685e-01 1.0000e+00 6.6089e-01 6.4213e-01 -5.1454e-02 -4.1970e-02 -1.8402e-01 4.5058e-02
-2.0666e-02 -1.7661e-02 1.9004e-02 -1.0332e-02 3.7585e-02 -2.1522e-01 6.6089e-01 1.0000e+00 9.6243e-01 1.6650e-01 -2.9395e-02 -3.3342e-01 4.0779e-03
-1.9775e-02 -1.4822e-02 1.8457e-02 -1.3046e-02 3.8186e-02 -2.3644e-01 6.4213e-01 9.6243e-01 1.0000e+00 1.6821e-01 -2.9095e-02 -3.4636e-01 4.1865e-02
-1.0156e-02 -2.9177e-02 -2.1684e-02 2.6109e-02 -3.4572e-03 2.6443e-02 -5.1454e-02 1.6650e-01 1.6821e-01 1.0000e+00 -4.8941e-03 -1.5604e-01 -5.4745e-03
-8.2837e-03 -2.3799e-02 -4.0796e-02 -3.1473e-02 -2.8200e-03 2.1569e-02 -4.1970e-02 -2.9395e-02 -2.9095e-02 -4.8941e-03 1.0000e+00 2.5298e-02 -4.4654e-03
5.2496e-02 4.6032e-02 -3.8569e-02 4.5774e-03 1.7871e-02 2.6844e-01 -1.8402e-01 -3.3342e-01 -3.4636e-01 -1.5604e-01 2.5298e-02 1.0000e+00 -9.4587e-02
-9.2660e-03 -2.6622e-02 -1.4615e-02 2.1124e-04 -3.1544e-03 -6.8336e-02 4.5058e-02 4.0779e-03 4.1865e-02 -5.4745e-03 -4.4654e-03 -9.4587e-02 1.0000e+00
