1.0000e+00 -2.5518e-02 -1.6407e-02 5.6543e-04 2.8934e-03 -1.7156e-02 -1.1361e-02 1.2126e-02 -5.2465e-03 4.2259e-03 7.0878e-03 -1.5615e-02 -5.8743e-03 -1.5615e-02 2.0074e-02 -5.6321e-03 -9.0655e-03
-2.5518e-02 1.0000e+00 1.5759e-03 -1.2176e-02 -1.2039e-03 -1.7719e-02 -1.4422e-02 -4.6527e-02 4.5048e-02 3.5123e-02 1.3504e-01 -5.4346e-03 -1.3345e-02 -5.4346e-03 -1.8115e-02 -6.2267e-02 -4.2905e-03
-1.6407e-02 1.5759e-03 1.0000e+00 -3.1871e-02 1.9770e-01 -2.2242e-02 -3.7747e-02 -8.0322e-02 1.1059e-02 1.3059e-02 -5.3262e-02 -1.4225e-02 -3.4930e-02 -1.4225e-02 -4.7414e-02 -2.9931e-02 -3.8573e-02
5.6543e-04 -1.2176e-02 -3.1871e-02 1.0000e+00 -3.6410e-02 -1.7641e-02 -5.9161e-03 -2.6500e-02 2.4943e-01 -3.5556e-02 -1.3016e-02 -2.2294e-03 -5.4745e-03 -2.2294e-03 -7.4311e-03 -5.6281e-02 -2.0204e-02
2.8934e-03 -1.2039e-03 1.9770e-01 -3.6410e-02 1.0000e+00 -1.2859e-01 -4.3124e-02 -1.4118e-01 -1.1532e-01 3.2383e-01 -5.3754e-02 -1.6251e-02 -3.9906e-02 -1.6251e-02 -3.0690e-02 1.5499e-01 5.5103e-04
-1.7156e-02 -1.7719e-02 -2.2242e-02 -1.7641e-02 -1.2859e-01 1.0000e+00 -2.0894e-02 -9.3590e-02 5.3954e-01 -1.6639e-01 -4.5968e-02 -7.8735e-03 -1.9334e-02 -7.8735e-03 -2.6244e-02 -9.3771e-02 5.6714e-02
-1.1361e-02 -1.4422e-02 -3.7747e-02 -5.9161e-03 -4.3124e-02 -2.0894e-02 1.0000e+00 -3.1386e-02 -1.8737e-02 -7.5762e-02 -1.5416e-02 -2.6405e-03 -6.4840e-03 -2.6405e-03 -8.8014e-03 -1.0072e-01 -2.3929e-02
1.2126e-02 -4.6527e-02 -8.0322e-02 -2.6500e-02 -1.4118e-01 -9.3590e-02 -3.1386e-02 1.0000e+00 -6.9744e-02 -2.7251e-01 -6.9052e-02 -1.1828e-02 8.8771e-02 -1.1828e-02 1.0596e-01 4.0602e-03 -4.2083e-03
-5.2465e-03 4.5048e-02 1.1059e-02 2.4943e-01 -1.1532e-01 5.3954e-01 -1.8737e-02 -6.9744e-02 1.0000e+00 -1.9322e-01 -4.1223e-02 -7.0608e-03 -1.7339e-02 -7.0608e-03 -2.3535e-02 -2.5984e-01 1.1247e-01
4.2259e-03 3.5123e-02 1.3059e-02 -3.5556e-02 3.2383e-01 -1.6639e-01 -7.5762e-02 -2.7251e-01 -1.9322e-01 1.0000e+00 2.0348e-01 3.4852e-02 -7.0107e-02 3.4852e-02 -9.5164e-02 3.4171e-01 -5.4605e-02
7.0878e-03 1.3504e-01 -5.3262e-02 -1.3016e-02 -5.3754e-02 -4.5968e-02 -1.5416e-02 -6.9052e-02 -4.1223e-02 2.0348e-01 1.0000e+00 -5.8092e-03 -1.4265e-02 -5.8092e-03 -1.9364e-02 1.4171e-01 -5.2646e-02
-1.5615e-02 -5.4346e-03 -1.4225e-02 -2.2294e-03 -1.6251e-02 -7.8735e-03 -2.6405e-03 -1.1828e-02 -7.0608e-03 3.4852e-02 -5.8092e-03 1.0000e+00 -2.4434e-03 -9.9502e-04 -3.3167e-03 2.6217e-02 1.1034e-01
-5.8743e-03 -1.3345e-02 -3.4930e-02 -5.4745e-03 -3.9906e-02 -1.9334e-02 -6.4840e-03 8.8771e-02 -1.7339e-02 -7.0107e-02 -1.4265e-02 -2.4434e-03 1.0000e+00 -2.4434e-03 -8.1444e-03 6.4378e-02 2.6708e-02
-1.5615e-02 -5.4346e-03 -1.4225e-02 -2.2294e-03 -1.6251e-02 -7.8735e-03 -2.6405e-03 -1.1828e-02 -7.0608e-03 3.4852e-02 -5.8092e-03 -9.9502e-04 -2.4434e-03 1.0000e+00 -3.3167e-03 2.6217e-02 -9.0174e-03
2.0074e-02 -1.8115e-02 -4.7414e-02 -7.4311e-03 -3.0690e-02 -2.6244e-02 -8.8014e-03 1.0596e-01 -2.3535e-02 -9.5164e-02 -1.9364e-02 -3.3167e-03 -8.1444e-03 -3.3167e-03 1.0000e+00 8.7387e-02 -3.0057e-02
-5.6321e-03 -6.2267e-02 -2.9931e-02 -5.6281e-02 1.5499e-01 -9.3771e-02 -1.0072e-01 4.0602e-03 -2.5984e-01 3.4171e-01 1.4171e-01 2.6217e-02 6.4378e-02 2.6217e-02 8.7387e-02 1.0000e+00 -6.0835e-02
-9.0655e-03 -4.2905e-03 -3.8573e-02 -2.0204e-02 5.5103e-04 5.6714e-02 -2.3929e-02 -4.2083e-03 1.1247e-01 -5.4605e-02 -5.2646e-02 1.1034e-01 2.6708e-02 -9.0174e-03 -3.0057e-02 -6.0835e-02 1.0000e+00
