1.0000e+00 -1.6954e-02 9.6389e-02 1.0524e-02 -5.3374e-03 -1.4908e-02 -1.1959e-02 -1.6076e-02 6.8119e-03 1.1808e-02 3.8767e-02 -3.7038e-02 -2.2184e-02 6.5310e-02 1.3468e-02 -1.7791e-02 1.2282e-02 -5.3374e-03 8.5335e-02 -5.3374e-03 -1.1917e-02 -3.3980e-02 -5.5588e-02 -2.5983e-02 -1.7669e-02 -1.1959e-02
-1.6954e-02 1.0000e+00 -4.6300e-02 -1.6321e-02 -3.1607e-03 -1.0587e-01 -7.0817e-03 -9.5202e-03 -4.2791e-02 -1.5996e-02 -2.9651e-02 -2.1934e-02 -1.3137e-02 -1.3902e-02 -7.1631e-03 -1.0535e-02 3.3880e-02 -3.1607e-03 -6.3309e-03 -3.1607e-03 4.6442e-02 3.1784e-02 8.7335e-04 8.8416e-03 1.6527e-02 -7.0817e-03
9.6389e-02 -4.6300e-02 1.0000e+00 -4.2358e-02 -1.4576e-02 1.3551e-01 4.4650e-03 -4.3902e-02 2.4702e-02 -4.0224e-02 -4.0791e-02 -3.8660e-02 -2.0073e-02 -4.4932e-02 9.3971e-02 2.6725e-02 1.1196e-01 -1.4576e-02 -2.9195e-02 -1.4576e-02 6.3329e-02 1.5392e-02 4.1884e-02 6.3357e-02 7.9494e-02 4.4650e-03
1.0524e-02 -1.6321e-02 -4.2358e-02 1.0000e+00 -5.1380e-03 7.7580e-02 -1.1512e-02 -1.5476e-02 3.3046e-03 -2.6002e-02 -2.1514e-03 -5.6642e-03 2.7249e-02 -2.2599e-02 8.2325e-03 -1.7126e-02 -6.7193e-02 -5.1380e-03 -1.0291e-02 -5.1380e-03 -6.1192e-02 -2.5807e-04 -3.2384e-02 2.3423e-04 1.1116e-02 -1.1512e-02
-5.3374e-03 -3.1607e-03 -1.4576e-02 -5.1380e-03 1.0000e+00 -3.9810e-02 -2.2294e-03 -2.9970e-03 9.4592e-03 -5.0356e-03 -9.3344e-03 -6.9049e-03 -4.1356e-03 -4.3766e-03 1.4425e-02 -3.3167e-03 1.7995e-02 -9.9502e-04 -1.9930e-03 -9.9502e-04 2.7365e-02 -6.3348e-03 9.6017e-02 1.0957e-01 1.2416e-01 -2.2294e-03
-1.4908e-02 -1.0587e-01 1.3551e-01 7.7580e-02 -3.9810e-02 1.0000e+00 5.6000e-02 5.3595e-02 7.4136e-02 -3.0931e-02 -7.3249e-02 -2.5267e-03 7.2196e-02 3.4925e-02 1.0209e-02 -7.3786e-02 1.0313e-01 2.4994e-02 -1.4838e-02 2.4994e-02 9.8343e-03 -8.4190e-02 -1.5171e-02 -1.0002e-02 1.3065e-02 -6.0157e-02
-1.1959e-02 -7.0817e-03 4.4650e-03 -1.1512e-02 -2.2294e-03 5.6000e-02 1.0000e+00 -6.7149e-03 2.1194e-02 -1.1282e-02 -2.0914e-02 -1.5471e-02 -9.2660e-03 -9.8059e-03 3.2321e-02 -7.4311e-03 4.0318e-02 -2.2294e-03 -4.4654e-03 -2.2294e-03 -8.1467e-02 -1.4193e-02 -2.3219e-02 -2.0347e-02 -1.7956e-02 -4.9950e-03
-1.6076e-02 -9.5202e-03 -4.3902e-02 -1.5476e-02 -2.9970e-03 5.3595e-02 -6.7149e-03 1.0000e+00 2.8491e-02 -1.5167e-02 -2.8115e-02 -2.0798e-02 -1.2457e-02 -1.3182e-02 1.5538e-02 9.1523e-02 5.4200e-02 -2.9970e-03 -6.0030e-03 -2.9970e-03 3.9771e-02 3.5606e-02 -3.1214e-02 -2.7353e-02 -2.4139e-02 -6.7149e-03
6.8119e-03 -4.2791e-02 2.4702e-02 3.3046e-03 9.4592e-03 7.4136e-02 2.1194e-02 2.8491e-02 1.0000e+00 4.7871e-02 3.5625e-02 4.8346e-02 3.9316e-02 4.1606e-02 1.7810e-01 3.1530e-02 1.3953e-01 9.4592e-03 1.8947e-02 -1.0519e-01 1.1940e-01 -3.3358e-02 -1.1143e-02 4.7955e-03 4.9658e-04 2.1194e-02
1.1808e-02 -1.5996e-02 -4.0224e-02 -2.6002e-02 -5.0356e-03 -3.0931e-02 -1.1282e-02 -1.5167e-02 4.7871e-02 1.0000e+00 4.9253e-01 -3.4944e-02 -2.0930e-02 -2.2149e-02 7.3004e-02 -1.6785e-02 -2.2049e-01 -5.0356e-03 9.1382e-02 -5.0356e-03 -1.4531e-01 1.0193e-03 -3.0911e-02 -4.5959e-02 -4.0559e-02 -1.1282e-02
3.8767e-02 -2.9651e-02 -4.0791e-02 -2.1514e-03 -9.3344e-03 -7.3249e-02 -2.0914e-02 -2.8115e-02 3.5625e-02 4.9253e-01 1.0000e+00 -6.4776e-02 -3.8797e-02 -4.1057e-02 1.3533e-01 -3.1114e-02 -4.3385e-01 -9.3344e-03 -1.8697e-02 -9.3344e-03 -2.9682e-01 -2.1578e-02 -8.4896e-02 -5.7711e-02 -4.4568e-02 -2.0914e-02
-3.7038e-02 -2.1934e-02 -3.8660e-02 -5.6642e-03 -6.9049e-03 -2.5267e-03 -1.5471e-02 -2.0798e-02 4.8346e-02 -3.4944e-02 -6.4776e-02 1.0000e+00 5.6202e-01 7.4503e-02 -4.6608e-01 -2.3016e-02 9.1704e-02 -6.9049e-03 -1.3831e-02 -6.9049e-03 1.6106e-01 -4.3960e-02 -7.7210e-03 8.5759e-03 -3.5676e-02 -1.5471e-02
-2.2184e-02 -1.3137e-02 -2.0073e-02 2.7249e-02 -4.1356e-03 7.2196e-02 -9.2660e-03 -1.2457e-02 3.9316e-02 -2.0930e-02 -3.8797e-02 5.6202e-01 1.0000e+00 -1.8190e-02 -2.8669e-01 -1.3785e-02 7.4792e-02 -4.1356e-03 -8.2837e-03 -4.1356e-03 1.1374e-01 -2.6330e-02 -1.7063e-02 -8.7371e-03 -9.9577e-04 -9.2660e-03
6.5310e-02 -1.3902e-02 -4.4932e-02 -2.2599e-02 -4.3766e-03 3.4925e-02 -9.8059e-03 -1.3182e-02 4.1606e-02 -2.2149e-02 -4.1057e-02 7.4503e-02 -1.8190e-02 1.0000e+00 -1.8755e-01 -1.4588e-02 6.2183e-02 -4.3766e-03 2.2331e-01 -4.3766e-03 9.0861e-02 -2.7864e-02 1.0218e-01 -1.2478e-02 -4.6535e-03 -9.8059e-03
1.3468e-02 -7.1631e-03 9.3971e-02 8.2325e-03 1.4425e-02 1.0209e-02 3.2321e-02 1.5538e-02 1.7810e-01 7.3004e-02 1.3533e-01 -4.6608e-01 -2.8669e-01 -1.8755e-01 1.0000e+00 4.8084e-02 2.6126e-02 1.4425e-02 -5.4633e-02 1.4425e-02 -1.3656e-01 -3.4646e-03 3.5014e-02 5.2573e-02 8.3151e-02 3.2321e-02
-1.7791e-02 -1.0535e-02 2.6725e-02 -1.7126e-02 -3.3167e-03 -7.3786e-02 -7.4311e-03 9.1523e-02 3.1530e-02 -1.6785e-02 -3.1114e-02 -2.3016e-02 -1.3785e-02 -1.4588e-02 4.8084e-02 1.0000e+00 5.9981e-02 -3.3167e-03 -6.6433e-03 -3.3167e-03 9.1216e-02 5.2356e-01 2.9928e-02 4.1636e-02 5.3388e-02 -7.4311e-03
1.2282e-02 3.3880e-02 1.1196e-01 -6.7193e-02 1.7995e-02 1.0313e-01 4.0318e-02 5.4200e-02 1.3953e-01 -2.2049e-01 -4.3385e-01 9.1704e-02 7.4792e-02 6.2183e-02 2.6126e-02 5.9981e-02 1.0000e+00 1.7995e-02 3.6043e-02 1.7995e-02 6.5290e-01 -1.9651e-01 4.7213e-02 1.6554e-02 -9.8984e-03 4.0318e-02
-5.3374e-03 -3.1607e-03 -1.4576e-02 -5.1380e-03 -9.9502e-04 2.4994e-02 -2.2294e-03 -2.9970e-03 9.4592e-03 -5.0356e-03 -9.3344e-03 -6.9049e-03 -4.1356e-03 -4.3766e-03 1.4425e-02 -3.3167e-03 1.7995e-02 1.0000e+00 -1.9930e-03 -9.9502e-04 -3.6361e-02 -6.3348e-03 -1.0363e-02 -9.0814e-03 -8.0143e-03 -2.2294e-03
8.5335e-02 -6.3309e-03 -2.9195e-02 -1.0291e-02 -1.9930e-03 -1.4838e-02 -4.4654e-03 -6.0030e-03 1.8947e-02 9.1382e-02 -1.8697e-02 -1.3831e-02 -8.2837e-03 2.2331e-01 -5.4633e-02 -6.6433e-03 3.6043e-02 -1.9930e-03 1.0000e+00 -1.9930e-03 5.4813e-02 -1.2689e-02 -2.0757e-02 -1.8190e-02 -1.6053e-02 -4.4654e-03
-5.3374e-03 -3.1607e-03 -1.4576e-02 -5.1380e-03 -9.9502e-04 2.4994e-02 -2.2294e-03 -2.9970e-03 -1.0519e-01 -5.0356e-03 -9.3344e-03 -6.9049e-03 -4.1356e-03 -4.3766e-03 1.4425e-02 -3.3167e-03 1.7995e-02 -9.9502e-04 -1.9930e-03 1.0000e+00 -3.6361e-02 -6.3348e-03 -1.0363e-02 -9.0814e-03 -8.0143e-03 -2.2294e-03
-1.1917e-02 4.6442e-02 6.3329e-02 -6.1192e-02 2.7365e-02 9.8343e-03 -8.1467e-02 3.9771e-02 1.1940e-01 -1.4531e-01 -2.9682e-01 1.6106e-01 1.1374e-01 9.0861e-02 -1.3656e-01 9.1216e-02 6.5290e-01 -3.6361e-02 5.4813e-02 -3.6361e-02 1.0000e+00 -9.6253e-02 8.1835e-02 6.8477e-02 6.0540e-02 6.1313e-02
-3.3980e-02 3.1784e-02 1.5392e-02 -2.5807e-04 -6.3348e-03 -8.4190e-02 -1.4193e-02 3.5606e-02 -3.3358e-02 1.0193e-03 -2.1578e-02 -4.3960e-02 -2.6330e-02 -2.7864e-02 -3.4646e-03 5.2356e-01 -1.9651e-01 -6.3348e-03 -1.2689e-02 -6.3348e-03 -9.6253e-02 1.0000e+00 3.4870e-03 1.9657e-02 3.5281e-02 -1.4193e-02
-5.5588e-02 8.7335e-04 4.1884e-02 -3.2384e-02 9.6017e-02 -1.5171e-02 -2.3219e-02 -3.1214e-02 -1.1143e-02 -3.0911e-02 -8.4896e-02 -7.7210e-03 -1.7063e-02 1.0218e-01 3.5014e-02 2.9928e-02 4.7213e-02 -1.0363e-02 -2.0757e-02 -1.0363e-02 8.1835e-02 3.4870e-03 1.0000e+00 8.3850e-01 7.3122e-01 -2.3219e-02
-2.5983e-02 8.8416e-03 6.3357e-02 2.3423e-04 1.0957e-01 -1.0002e-02 -2.0347e-02 -2.7353e-02 4.7955e-03 -4.5959e-02 -5.7711e-02 8.5759e-03 -8.7371e-03 -1.2478e-02 5.2573e-02 4.1636e-02 1.6554e-02 -9.0814e-03 -1.8190e-02 -9.0814e-03 6.8477e-02 1.9657e-02 8.3850e-01 1.0000e+00 8.6683e-01 -2.0347e-02
-1.7669e-02 1.6527e-02 7.9494e-02 1.1116e-02 1.2416e-01 1.3065e-02 -1.7956e-02 -2.4139e-02 4.9658e-04 -4.0559e-02 -4.4568e-02 -3.5676e-02 -9.9577e-04 -4.6535e-03 8.3151e-02 5.3388e-02 -9.8984e-03 -8.0143e-03 -1.6053e-02 -8.0143e-03 6.0540e-02 3.5281e-02 7.3122e-01 8.6683e-01 1.0000e+00 -1.7956e-02
-1.1959e-02 -7.0817e-03 4.4650e-03 -1.1512e-02 -2.2294e-03 -6.0157e-02 -4.9950e-03 -6.7149e-03 2.1194e-02 -1.1282e-02 -2.0914e-02 -1.5471e-02 -9.2660e-03 -9.8059e-03 3.2321e-02 -7.4311e-03 4.0318e-02 -2.2294e-03 -4.4654e-03 -2.2294e-03 6.1313e-02 -1.4193e-02 -2.3219e-02 -2.0347e-02 -1.7956e-02 1.0000e+00
